5 
3 
1 41888998  
6 
4 
6 
5 
3 
3 
1 1817545015  
4 
1 807341949  
4 
1 1557991445  
3 
1 2000091705  
5 
3 
1 1450424835  
4 
3 
5 
6 
3 
2 
1 1703342933  
5 
1 1106380704  
2 
4 
4 
5 
3 
2 
4 
2 
5 
5 
2 
3 
3 
5 
4 
1 1846368850  
5 
2 
1 620546200  
3 
1 921707624  
1 1009268391  
3 
3 
4 
2 
5 
1 1232744214  
2 
3 
4 
5 
1 160621309  
6 
6 
2 
2 
4 
2 
5 
5 
3 
3 
2 
3 
1 776965571  
4 
4 
5 
1 1137967549  
3 
3 
6 
2 
4 
2 
6 
2 
6 
5 
6 
3 
2 
1 832626013  
3 
5 
2 
5 
2 
2 
1 1390523959  
6 
1 787353117  
5 
5 
4 
5 
3 
4 
4 
1 1500150212  
2 
2 
2 
4 
1 707005783  
3 
2 
6 
1 1554631847  
4 
1 883490590  
5 
2 
4 
1 1454309982  
4 
4 
3 
5 
5 
2 
1 2081148470  
4 
1 847871326  
4 
3 
3 
1 875905360  
3 
1 1839123314  
2 
1 1353949774  
4 
4 
3 
4 
3 
3 
2 
3 
5 
3 
3 
2 
2 
2 
2 
2 
4 
1 1395872722  
5 
2 
3 
2 
3 
1 1927579943  
4 
3 
2 
5 
4 
3 
4 
5 
5 
1 1395838772  
6 
2 
5 
2 
6 
2 
1 1065934090  
5 
1 587438245  
4 
6 
6 
3 
4 
1 806346569  
4 
5 
2 
6 
4 
2 
3 
5 
3 
1 918542147  
5 
3 
3 
4 
5 
1 2037863080  
3 
1 362205854  
6 
5 
3 
6 
6 
5 
3 
3 
1 2024922852  
4 
1 1736748282  
3 
5 
6 
4 
1 982752054  
2 
2 
1 799146828  
4 
2 
6 
3 
1 598533025  
3 
2 
2 
6 
4 
5 
5 
2 
1 68012621  
1 959768137  
3 
5 
5 
5 
6 
6 
6 
6 
3 
4 
4 
6 
6 
4 
2 
3 
5 
4 
3 
1 1375498596  
4 
2 
2 
6 
5 
5 
4 
4 
6 
4 
2 
5 
6 
6 
4 
3 
1 1205980170  
4 
5 
2 
3 
4 
4 
4 
6 
3 
2 
2 
5 
3 
1 1792394151  
2 
5 
6 
1 618538907  
6 
5 
5 
5 
4 
3 
5 
5 
2 
1 1993333287  
5 
4 
6 
5 
1 1145060715  
6 
3 
1 1325544691  
1 1400481486  
1 2028551305  
2 
5 
6 
1 632371025  
1 1334146309  
5 
3 
2 
2 
6 
1 728938984  
1 1508276385  
5 
3 
3 
5 
6 
6 
4 
3 
4 
5 
1 1025785975  
6 
6 
6 
6 
4 
3 
2 
2 
2 
4 
5 
6 
2 
6 
4 
1 2082888758  
4 
2 
1 756665459  
5 
1 805882271  
1 1331243882  
4 
5 
4 
5 
4 
6 
6 
6 
3 
2 
5 
3 
5 
5 
2 
6 
6 
5 
5 
4 
1 1822599549  
5 
5 
3 
4 
5 
2 
4 
6 
5 
4 
6 
2 
3 
6 
1 1393320516  
6 
3 
5 
1 2137590451  
2 
5 
2 
5 
1 593658049  
4 
5 
5 
4 
3 
6 
6 
3 
3 
3 
1 1283699948  
5 
4 
4 
6 
6 
3 
6 
6 
4 
5 
5 
3 
4 
3 
3 
6 
3 
1 352312657  
3 
5 
4 
4 
3 
5 
6 
6 
3 
4 
3 
2 
5 
2 
1 471097253  
6 
3 
6 
5 
3 
2 
2 
1 872964583  
5 
2 
2 
2 
6 
6 
4 
1 1335064712  
4 
6 
6 
1 1270244081  
5 
6 
6 
1 1471497608  
1 1403077333  
1 82528571  
5 
5 
3 
6 
3 
1 699512557  
6 
1 461573855  
3 
6 
2 
2 
5 
4 
4 
3 
4 
6 
4 
1 1874922722  
2 
5 
3 
6 
1 1318051464  
2 
4 
3 
3 
6 
1 307423495  
6 
1 872499789  
1 496112507  
5 
4 
2 
6 
1 1707904981  
3 
5 
6 
1 753567447  
2 
1 1128483532  
4 
2 
5 
3 
5 
6 
2 
2 
3 
3 
2 
4 
4 
6 
3 
6 
1 894567642  
2 
6 
1 1482506431  
1 489276269  
1 1920353618  
1 1417911541  
6 
4 
2 
1 1245941729  
5 
6 
2 
3 
6 
6 
1 578752241  
3 
4 
3 
5 
3 
5 
2 
6 
5 
2 
5 
5 
5 
5 
5 
2 
6 
5 
6 
2 
1 601671775  
4 
4 
1 921057630  
2 
6 
1 1972072757  
1 591778578  
3 
3 
4 
2 
5 
3 
2 
3 
4 
6 
4 
4 
1 1514715679  
5 
2 
1 1108289057  
3 
5 
4 
2 
5 
1 944091235  
2 
2 
1 1985812932  
6 
2 
6 
1 1981253640  
6 
4 
4 
5 
6 
4 
4 
2 
1 131672299  
1 1108573366  
3 
4 
1 1305267601  
5 
6 
4 
5 
4 
4 
6 
2 
1 1534749632  
1 1191101937  
6 
4 
5 
1 2004780158  
1 1996323488  
3 
1 918541011  
3 
4 
1 1175347974  
5 
1 156263335  
3 
5 
4 
6 
1 1791040800  
4 
4 
5 
3 
3 
1 1671460482  
3 
5 
2 
3 
4 
1 1864168316  
5 
3 
6 
3 
5 
3 
3 
2 
3 
3 
4 
5 
6 
5 
3 
5 
6 
5 
5 
1 397124599  
5 
1 652460366  
5 
1 611252311  
2 
5 
2 
5 
1 1879631030  
5 
2 
2 
6 
3 
3 
2 
3 
6 
4 
5 
1 1141736636  
5 
4 
6 
6 
1 384122281  
2 
2 
5 
5 
5 
1 1150058923  
4 
4 
6 
5 
2 
3 
4 
5 
5 
1 240194717  
1 962874522  
3 
5 
1 1751730698  
3 
5 
3 
6 
2 
2 
2 
5 
4 
4 
6 
6 
2 
6 
3 
5 
4 
2 
5 
2 
2 
2 
2 
1 1161252347  
3 
4 
4 
1 787463631  
6 
1 196025628  
6 
6 
1 528484379  
5 
5 
2 
3 
2 
2 
2 
4 
5 
5 
6 
1 1895752688  
6 
1 1140116864  
4 
2 
5 
2 
1 366813663  
2 
5 
6 
5 
6 
6 
1 1729522681  
1 1271789163  
3 
2 
5 
2 
5 
5 
6 
6 
2 
5 
4 
6 
1 1475387029  
3 
4 
4 
5 
3 
5 
4 
1 887306634  
2 
2 
5 
1 659055148  
3 
5 
3 
1 519005318  
4 
4 
4 
6 
1 744603144  
1 507894988  
2 
6 
4 
4 
1 1437546329  
5 
4 
5 
5 
5 
6 
6 
1 1919951118  
3 
6 
4 
1 664158323  
5 
4 
2 
1 1081103482  
4 
4 
4 
3 
5 
5 
6 
5 
1 1443927952  
2 
2 
5 
2 
6 
3 
6 
3 
1 380842991  
4 
1 1478228081  
5 
1 2096388319  
1 992095302  
5 
4 
5 
3 
2 
3 
5 
5 
4 
3 
1 1210375464  
2 
3 
2 
5 
2 
5 
3 
4 
1 1090641307  
4 
2 
4 
3 
2 
4 
1 1376217583  
4 
5 
1 212950739  
6 
6 
4 
6 
6 
3 
4 
4 
3 
6 
5 
1 1330836024  
5 
1 191608457  
6 
6 
5 
3 
1 1964681438  
6 
3 
3 
6 
3 
4 
6 
5 
1 344604723  
1 979072088  
4 
5 
2 
4 
4 
5 
1 13223418  
4 
4 
2 
6 
4 
4 
2 
4 
6 
1 873089102  
1 727341129  
5 
1 1153340282  
6 
5 
6 
5 
4 
3 
5 
1 1239902766  
1 309380162  
1 277645798  
5 
5 
5 
2 
3 
5 
6 
5 
4 
5 
5 
5 
5 
3 
4 
1 567806147  
3 
6 
3 
4 
1 1196686796  
6 
1 936700946  
3 
6 
4 
5 
5 
3 
3 
5 
1 1086811466  
3 
6 
2 
1 1941289940  
5 
3 
2 
6 
2 
3 
6 
6 
3 
1 1444595934  
4 
2 
3 
2 
6 
1 376874147  
6 
1 1713757410  
1 2108754257  
3 
6 
3 
4 
5 
4 
6 
3 
2 
5 
6 
2 
6 
3 
4 
5 
4 
3 
1 1457977629  
5 
5 
4 
2 
1 1010201715  
4 
2 
4 
6 
3 
5 
5 
5 
2 
3 
3 
5 
4 
5 
1 342113600  
6 
6 
3 
6 
5 
3 
4 
1 788722063  
5 
5 
1 959106386  
3 
1 1334208903  
1 1999097527  
5 
3 
3 
3 
3 
1 2049747693  
5 
4 
1 562942838  
3 
6 
5 
2 
5 
1 64564618  
1 1233100069  
1 754551296  
6 
3 
6 
2 
4 
2 
4 
5 
4 
2 
5 
2 
3 
6 
4 
5 
2 
2 
5 
5 
5 
2 
2 
1 2029246056  
5 
5 
3 
3 
2 
5 
5 
6 
3 
3 
6 
3 
4 
5 
3 
3 
4 
3 
6 
6 
3 
1 1577704792  
2 
2 
4 
5 
3 
3 
2 
1 1733623384  
5 
2 
6 
4 
1 2042469475  
5 
5 
5 
3 
6 
3 
5 
4 
5 
5 
1 303310247  
2 
4 
1 313480865  
6 
1 1048326109  
5 
6 
3 
1 1543213013  
2 
4 
3 
5 
4 
3 
1 622861027  
5 
6 
3 
5 
5 
3 
4 
3 
3 
3 
3 
3 
3 
4 
4 
6 
1 1325971907  
1 2111019160  
2 
5 
4 
1 1819547823  
4 
1 115189205  
2 
4 
3 
5 
6 
1 1050346978  
1 1613354115  
1 1559785139  
3 
5 
4 
3 
6 
6 
2 
4 
2 
2 
6 
1 1427221126  
1 1179627878  
3 
2 
4 
6 
1 1521055748  
6 
4 
5 
3 
3 
2 
1 737715107  
5 
6 
3 
5 
6 
5 
6 
3 
1 42345945  
5 
1 1863169349  
4 
1 1526437170  
6 
4 
6 
1 1001452331  
1 1049894604  
4 
2 
1 1378051049  
6 
5 
2 
6 
1 903716376  
6 
3 
4 
5 
1 1612837442  
3 
5 
1 1442615668  
6 
2 
3 
4 
5 
2 
4 
5 
3 
5 
4 
5 
5 
1 2136816445  
1 219905090  
1 1324378076  
6 
5 
4 
1 1567037589  
6 
5 
4 
5 
4 
2 
2 
3 
4 
1 1953528475  
5 
5 
5 
3 
2 
4 
6 
3 
5 
3 
5 
4 
1 1219363903  
6 
1 1870347836  
6 
1 119525692  
1 120206365  
3 
3 
3 
4 
6 
2 
3 
1 1266077201  
2 
1 742386720  
2 
4 
2 
4 
3 
2 
1 1446178272  
4 
3 
2 
1 1229612714  
6 
2 
5 
3 
3 
2 
1 414450895  
5 
2 
5 
5 
1 1561367478  
6 
4 
4 
1 132476044  
3 
1 2027805011  
4 
1 973668969  
4 
1 1559697170  
4 
4 
4 
1 1059949241  
5 
5 
6 
4 
6 
6 
4 
5 
1 347241070  
5 
4 
3 
2 
5 
6 
2 
3 
5 
1 149928630  
4 
6 
4 
3 
4 
5 
1 1102295186  
2 
3 
4 
1 62926771  
5 
1 1676365800  
2 
4 
6 
2 
6 
3 
6 
4 
1 2103747517  
5 
3 
4 
4 
5 
4 
5 
5 
3 
4 
5 
5 
4 
2 
6 
5 
6 
4 
4 
4 
6 
2 
5 
3 
6 
4 
1 1112821375  
4 
2 
1 906933202  
5 
3 
3 
6 
2 
6 
2 
2 
5 
1 859980245  
1 578175169  
3 
3 
5 
2 
4 
1 202065222  
3 
4 
2 
5 
1 849313042  
1 798080260  
3 
2 
6 
4 
6 
1 1526443298  
5 
5 
6 
4 
5 
3 
2 
4 
6 
5 
6 
2 
1 268866983  
5 
6 
2 
6 
3 
3 
1 604125087  
3 
6 
3 
6 
1 598323554  
5 
5 
1 2139214820  
5 
2 
4 
5 
2 
6 
5 
1 723650779  
2 
2 
1 718529919  
1 1257808373  
6 
4 
1 1466037499  
5 
4 
3 
4 
3 
4 
1 17224543  
4 
3 
5 
6 
6 
4 
6 
4 
1 339937439  
1 1880488395  
4 
2 
2 
1 1578592021  
4 
5 
3 
4 
2 
1 472413484  
3 
6 
2 
1 1760809758  
1 404777343  
4 
2 
5 
2 
1 2032110654  
5 
2 
2 
6 
4 
4 
2 
2 
3 
1 673275351  
3 
4 
1 752018413  
5 
3 
5 
2 
4 
4 
5 
6 
1 34555636  
6 
4 
5 
3 
1 1775570537  
4 
5 
3 
2 
1 814945184  
1 1710921437  
3 
6 
2 
6 
4 
4 
5 
4 
1 1731834406  
3 
6 
1 1927766559  
1 470370991  
6 
4 
1 444331003  
3 
1 358458080  
6 
3 
5 
3 
3 
2 
6 
3 
5 
3 
6 
1 672436213  
2 
3 
6 
2 
4 
2 
2 
3 
3 
3 
6 
4 
6 
3 
2 
5 
6 
2 
1 1293644045  
5 
2 
2 
3 
1 1156538340  
5 
3 
5 
5 
3 
6 
3 
1 51395863  
6 
5 
6 
2 
6 
2 
3 
3 
4 
4 
3 
1 1562511028  
2 
6 
5 
4 
3 
2 
4 
5 
4 
3 
6 
5 
3 
5 
1 1760663427  
5 
5 
5 
5 
6 
4 
5 
6 
2 
6 
6 
6 
2 
3 
6 
3 
3 
2 
5 
5 
5 
6 
2 
5 
6 
5 
6 
3 
4 
3 
1 649719417  
4 
5 
6 
3 
3 
1 1554242200  
4 
3 
3 
6 
3 
5 
5 
2 
6 
1 336830559  
3 
5 
3 
6 
1 1368249336  
3 
5 
4 
2 
3 
1 664566926  
6 
2 
2 
1 1802868058  
4 
4 
4 
1 1385473880  
5 
5 
5 
2 
6 
6 
1 1004504365  
3 
4 
4 
1 1535872805  
3 
6 
4 
5 
6 
2 
3 
2 
2 
6 
1 816582253  
3 
1 1476917849  
4 
6 
6 
1 1149198915  
1 1221359596  
1 1361544856  
5 
2 
3 
5 
5 
6 
1 1822474266  
3 
6 
5 
4 
5 
3 
1 1973378009  
6 
5 
3 
4 
2 
1 1396100492  
1 1450561155  
3 
1 640839545  
2 
5 
4 
5 
1 959538281  
2 
4 
5 
5 
3 
2 
6 
5 
6 
2 
1 1034911913  
3 
2 
2 
6 
2 
2 
2 
4 
5 
4 
4 
6 
6 
1 421122456  
5 
5 
6 
1 1429909272  
5 
4 
4 
6 
4 
6 
3 
1 1479242916  
6 
6 
3 
3 
2 
3 
5 
2 
6 
2 
4 
6 
4 
2 
5 
3 
5 
5 
4 
5 
1 779580537  
3 
6 
2 
1 2102345485  
5 
5 
6 
1 625403313  
1 1936118877  
1 6257701  
6 
6 
6 
2 
1 40430694  
3 
6 
6 
6 
5 
1 1549298657  
5 
6 
3 
6 
3 
1 655977118  
5 
4 
4 
5 
5 
3 
4 
2 
2 
6 
1 1594672894  
3 
4 
5 
1 1886129216  
3 
3 
6 
6 
2 
3 
2 
3 
6 
4 
5 
2 
5 
6 
1 2024226455  
2 
2 
2 
2 
4 
1 111756172  
4 
3 
1 1541513626  
2 
4 
2 
5 
3 
4 
3 
4 
6 
1 1262216687  
2 
6 
1 1116260538  
4 
3 
3 
3 
3 
6 
5 
2 
2 
6 
3 
4 
2 
3 
6 
6 
5 
4 
2 
2 
1 929902784  
6 
3 
6 
6 
1 2078798940  
2 
4 
4 
1 445694739  
6 
1 2079101699  
3 
3 
2 
1 1152674889  
5 
3 
6 
2 
5 
1 1807239595  
1 1754092318  
2 
4 
1 978569250  
3 
6 
3 
5 
3 
3 
6 
1 1055856440  
3 
1 1057169825  
3 
6 
3 
4 
3 
1 1619408796  
2 
2 
2 
1 2015394721  
2 
4 
6 
4 
3 
2 
4 
6 
2 
1 2092081739  
3 
3 
3 
3 
1 2040531252  
2 
5 
6 
3 
5 
2 
2 
3 
2 
3 
4 
2 
4 
1 1297820346  
5 
4 
6 
3 
5 
4 
5 
5 
3 
4 
2 
5 
3 
2 
6 
3 
3 
2 
3 
3 
6 
3 
5 
6 
4 
5 
2 
5 
5 
6 
3 
3 
3 
2 
4 
1 1423841007  
2 
5 
1 672628141  
4 
4 
4 
3 
4 
3 
1 1252682183  
4 
4 
3 
6 
1 2049244321  
2 
6 
3 
4 
1 461263371  
3 
2 
6 
1 1258939884  
4 
2 
6 
4 
4 
1 2089675015  
6 
5 
3 
1 2010562028  
5 
5 
1 1914917003  
3 
6 
4 
2 
3 
6 
1 1536864261  
4 
4 
5 
1 1749207596  
4 
2 
4 
5 
6 
1 1791659810  
1 1648620434  
4 
3 
4 
5 
1 1143237574  
3 
1 906392849  
4 
1 617397324  
6 
4 
3 
2 
2 
4 
3 
3 
6 
2 
3 
6 
2 
4 
1 2073140358  
1 837708141  
1 1063092063  
1 2004758410  
4 
1 1990383030  
1 722848011  
3 
4 
1 1611367080  
1 821468633  
2 
3 
5 
3 
5 
6 
3 
4 
4 
6 
5 
2 
6 
3 
2 
4 
4 
5 
4 
6 
5 
1 1778704451  
1 521053257  
1 293393781  
6 
4 
4 
1 1646615524  
5 
2 
5 
5 
4 
4 
1 465651348  
6 
1 186441385  
4 
1 796952222  
3 
4 
3 
4 
5 
1 1889492356  
3 
6 
3 
3 
6 
6 
6 
6 
1 859069527  
3 
4 
6 
1 2049634406  
4 
2 
6 
5 
2 
4 
3 
3 
6 
4 
5 
3 
3 
5 
6 
4 
4 
3 
6 
1 1791253029  
3 
2 
6 
6 
3 
6 
4 
5 
3 
1 1320332898  
1 1161090642  
1 1733444396  
5 
6 
4 
2 
1 1183411278  
2 
1 928523997  
6 
1 1122825009  
4 
4 
4 
5 
5 
6 
6 
3 
5 
1 785135226  
4 
3 
6 
4 
1 572700159  
6 
3 
2 
3 
2 
2 
6 
2 
1 623961795  
1 1928372800  
2 
6 
4 
5 
4 
2 
3 
4 
6 
2 
2 
1 1479093008  
5 
4 
2 
5 
4 
4 
3 
1 1241359119  
6 
5 
6 
5 
3 
3 
4 
6 
6 
1 1854029511  
4 
1 169317502  
5 
5 
6 
3 
2 
4 
3 
3 
4 
2 
6 
1 156967535  
2 
4 
5 
4 
6 
6 
4 
6 
3 
6 
3 
2 
1 1711304273  
3 
4 
2 
4 
1 12216884  
2 
5 
2 
2 
1 879815546  
2 
5 
2 
6 
3 
2 
3 
2 
4 
3 
2 
3 
4 
4 
3 
5 
2 
3 
3 
3 
5 
5 
1 1175187705  
6 
6 
5 
2 
4 
5 
5 
4 
4 
1 833685517  
2 
6 
1 511036349  
4 
1 1696240962  
2 
3 
4 
4 
5 
3 
6 
4 
4 
3 
5 
2 
4 
2 
6 
5 
6 
2 
4 
4 
5 
5 
1 1127079298  
6 
4 
1 10168225  
6 
5 
3 
5 
6 
5 
2 
1 14408663  
1 1313520684  
5 
3 
2 
3 
6 
6 
4 
5 
1 807120448  
4 
2 
6 
4 
3 
5 
4 
2 
3 
6 
4 
2 
4 
4 
1 1903901019  
2 
3 
5 
4 
3 
6 
2 
2 
6 
3 
1 25106563  
5 
4 
4 
1 709271206  
1 1547670400  
2 
3 
1 1345439461  
2 
1 1870361848  
3 
2 
2 
3 
1 1133631148  
5 
6 
2 
2 
5 
3 
6 
4 
3 
2 
5 
4 
4 
4 
3 
4 
6 
6 
5 
6 
4 
6 
2 
4 
5 
2 
5 
2 
4 
2 
6 
4 
5 
3 
2 
2 
2 
5 
1 381367091  
4 
1 651402198  
5 
2 
4 
5 
5 
1 108972509  
3 
2 
5 
6 
1 1166502317  
3 
3 
1 1224102357  
6 
5 
2 
6 
1 732934305  
4 
1 947391469  
1 555711718  
2 
4 
3 
4 
4 
1 1974293424  
5 
5 
3 
2 
2 
2 
2 
3 
5 
4 
1 653937332  
2 
3 
2 
2 
1 725029220  
5 
3 
2 
3 
3 
5 
3 
6 
1 2131260959  
1 217757957  
5 
6 
3 
3 
6 
1 737246104  
6 
6 
6 
4 
6 
5 
6 
4 
2 
5 
5 
3 
2 
2 
5 
6 
1 863592857  
4 
5 
3 
6 
6 
5 
6 
5 
2 
2 
3 
5 
4 
2 
6 
6 
6 
2 
5 
3 
1 1392945662  
2 
1 1570931622  
3 
4 
2 
6 
4 
5 
2 
4 
4 
3 
6 
6 
1 1374629206  
5 
4 
3 
4 
4 
3 
5 
6 
5 
2 
4 
6 
6 
2 
6 
1 941702977  
4 
2 
1 550527272  
1 1384797432  
4 
2 
6 
3 
4 
1 956111640  
4 
6 
2 
1 1864047956  
1 44434232  
6 
1 712529011  
1 1889154519  
2 
1 753705438  
2 
2 
3 
3 
1 112715763  
2 
3 
2 
6 
1 1087110332  
3 
6 
3 
2 
4 
2 
5 
3 
4 
2 
3 
2 
5 
4 
5 
4 
5 
1 476583638  
6 
4 
4 
4 
3 
6 
3 
4 
1 1246346911  
2 
4 
1 1468477423  
2 
4 
2 
4 
1 1127985836  
6 
6 
1 1355319420  
3 
2 
3 
5 
1 487496092  
2 
2 
5 
4 
2 
1 204604546  
2 
5 
1 2088253725  
1 1434887562  
4 
3 
1 760316264  
6 
2 
1 1915063502  
1 2088824894  
1 1485345484  
4 
6 
3 
2 
3 
3 
3 
4 
4 
3 
1 1898840813  
6 
5 
5 
5 
1 159099204  
2 
2 
2 
2 
3 
6 
1 75107940  
4 
1 614950023  
4 
4 
2 
6 
5 
3 
4 
1 1552044866  
3 
5 
3 
1 1646039562  
2 
2 
4 
4 
2 
4 
5 
4 
3 
6 
2 
4 
6 
1 1989579229  
2 
4 
4 
1 346264195  
1 49083187  
2 
6 
6 
1 1226893013  
1 1302375835  
2 
5 
4 
1 1913131143  
3 
2 
1 1271327245  
2 
4 
5 
6 
1 2014904846  
3 
2 
1 1654802015  
2 
5 
5 
3 
1 2025032683  
5 
6 
3 
5 
6 
3 
5 
5 
6 
1 2127620609  
6 
6 
5 
1 594428699  
4 
5 
3 
4 
3 
6 
3 
1 354132674  
2 
3 
6 
3 
1 1226483872  
6 
5 
4 
6 
3 
5 
5 
5 
1 2062906123  
6 
4 
4 
3 
2 
5 
5 
4 
2 
6 
4 
1 1482118510  
5 
1 434319645  
5 
6 
5 
6 
5 
2 
3 
2 
3 
6 
5 
6 
5 
5 
6 
1 402918567  
5 
1 1686723056  
6 
2 
3 
3 
3 
1 375089722  
4 
6 
6 
4 
1 1837806129  
2 
2 
1 299555672  
1 142669576  
6 
5 
3 
3 
4 
3 
4 
2 
4 
5 
5 
4 
3 
6 
6 
4 
2 
2 
6 
3 
1 1779147376  
1 1784901156  
3 
5 
1 2041510390  
2 
2 
1 1938246580  
1 1860009097  
5 
2 
5 
3 
5 
2 
2 
5 
5 
5 
2 
4 
6 
1 508976765  
4 
1 1342807798  
1 1358565011  
4 
3 
5 
6 
5 
6 
4 
3 
6 
5 
6 
5 
6 
6 
3 
4 
1 351072346  
5 
5 
6 
3 
5 
4 
3 
4 
1 1689071994  
1 1407648198  
2 
5 
4 
6 
5 
4 
3 
3 
3 
6 
5 
1 1577965360  
1 843964181  
5 
5 
1 1173295694  
3 
2 
2 
4 
2 
5 
5 
1 701808957  
4 
3 
1 711385380  
3 
6 
4 
2 
5 
2 
3 
4 
2 
4 
1 680614061  
3 
2 
4 
2 
5 
6 
2 
3 
1 579357993  
6 
4 
6 
6 
3 
3 
6 
6 
5 
3 
1 691522341  
6 
4 
2 
6 
3 
4 
1 1275042760  
2 
1 933490667  
2 
3 
1 1918006214  
4 
1 1190465235  
2 
4 
5 
3 
6 
2 
1 268125529  
1 204842211  
4 
3 
6 
2 
1 1593383803  
6 
1 1954848586  
6 
1 579931933  
4 
5 
5 
4 
4 
4 
6 
4 
3 
5 
1 1283706284  
4 
2 
2 
5 
5 
1 106920610  
4 
6 
5 
2 
4 
5 
4 
6 
6 
6 
2 
5 
5 
6 
2 
6 
6 
1 722601510  
4 
6 
1 915370012  
1 1891821767  
1 616628252  
4 
1 706132944  
1 1604347216  
3 
1 1125605017  
2 
6 
6 
5 
2 
6 
1 2048940743  
3 
5 
3 
6 
5 
5 
5 
5 
1 815428579  
2 
6 
4 
2 
1 1476677363  
6 
3 
5 
1 1590529089  
5 
4 
6 
5 
6 
3 
5 
5 
5 
5 
4 
2 
6 
3 
4 
3 
2 
2 
6 
3 
1 75593130  
1 907159075  
3 
4 
3 
1 287009622  
4 
2 
3 
2 
1 1248888824  
4 
1 1608968033  
4 
4 
2 
3 
2 
4 
6 
6 
4 
5 
6 
2 
3 
6 
4 
4 
4 
6 
6 
2 
1 998395002  
2 
5 
2 
3 
3 
2 
6 
1 1929502885  
6 
5 
4 
1 40842378  
3 
5 
6 
2 
2 
3 
2 
4 
4 
2 
6 
5 
6 
4 
4 
6 
6 
3 
2 
2 
2 
3 
2 
1 1689917344  
1 1057061997  
1 974333045  
3 
3 
4 
1 1460439910  
5 
1 100043585  
2 
5 
4 
4 
1 1242458574  
3 
3 
4 
3 
3 
3 
3 
5 
3 
1 1665282121  
4 
5 
3 
5 
2 
2 
6 
6 
5 
5 
3 
3 
5 
5 
6 
6 
5 
4 
3 
6 
1 1693427388  
1 1049823512  
2 
1 97730406  
2 
5 
4 
1 829650024  
2 
1 1156744123  
2 
4 
2 
5 
2 
1 820331916  
1 1745020037  
5 
4 
1 901082242  
1 1436960168  
4 
1 303669333  
1 357945810  
2 
5 
5 
2 
5 
3 
6 
3 
2 
1 415081537  
1 205126428  
6 
2 
3 
5 
3 
4 
4 
1 1173374389  
1 1891758901  
4 
1 1795655517  
5 
1 1248967519  
3 
1 651434328  
1 2082665140  
3 
6 
1 350372695  
6 
5 
2 
1 112918713  
1 933576494  
2 
3 
6 
2 
6 
6 
3 
3 
5 
5 
6 
3 
3 
6 
2 
2 
2 
2 
3 
4 
6 
4 
3 
4 
2 
1 132391932  
3 
3 
5 
5 
6 
2 
2 
5 
4 
4 
3 
3 
4 
6 
3 
3 
3 
1 153761091  
2 
6 
5 
3 
1 476010190  
4 
4 
5 
2 
5 
6 
4 
4 
3 
1 1189453930  
6 
2 
6 
1 1128094136  
5 
6 
4 
5 
4 
6 
3 
2 
5 
1 1936450100  
2 
6 
1 1289497515  
5 
1 223069063  
5 
5 
3 
5 
6 
6 
3 
6 
1 1454248573  
5 
2 
3 
4 
5 
5 
3 
1 835441255  
5 
1 1272892575  
1 1551978980  
1 1665091279  
3 
2 
4 
6 
5 
4 
6 
5 
5 
4 
6 
3 
1 282153050  
3 
2 
2 
1 224827248  
1 1262627668  
1 1183235292  
6 
5 
1 1661787417  
4 
3 
1 1566297002  
3 
2 
4 
6 
3 
1 1541181102  
2 
3 
6 
4 
3 
1 2076868954  
3 
1 1771423430  
4 
3 
4 
3 
2 
1 567071844  
3 
3 
4 
6 
5 
6 
2 
6 
6 
1 1821144207  
3 
4 
1 1419595300  
3 
5 
4 
6 
2 
2 
4 
3 
2 
5 
4 
6 
1 1816039363  
5 
3 
2 
2 
5 
2 
5 
1 325094888  
3 
2 
1 1354776792  
3 
2 
1 18928411  
5 
5 
6 
2 
2 
3 
1 438013601  
1 140869638  
1 151320343  
4 
6 
3 
5 
3 
1 591774693  
2 
6 
4 
2 
6 
2 
6 
1 616879829  
2 
5 
2 
4 
4 
1 1340774273  
2 
2 
6 
1 1719868829  
4 
4 
3 
3 
1 405846281  
2 
1 482788140  
1 1942937892  
5 
4 
1 1860094855  
2 
2 
1 1318229395  
4 
6 
2 
5 
2 
4 
2 
2 
3 
4 
4 
2 
6 
6 
1 1068346820  
1 1264590187  
1 835837027  
1 1350499870  
3 
1 1489417435  
5 
2 
1 2098464695  
2 
1 386251515  
5 
6 
4 
6 
6 
6 
2 
6 
1 1003721204  
3 
3 
4 
6 
2 
4 
4 
5 
5 
1 1517278049  
6 
5 
3 
1 1927432617  
3 
1 933106511  
4 
4 
1 1141217832  
2 
3 
6 
2 
1 347020813  
1 606767070  
3 
2 
5 
5 
4 
2 
4 
2 
5 
4 
2 
2 
4 
6 
6 
2 
5 
3 
4 
5 
3 
3 
4 
5 
1 413329484  
6 
5 
1 15576529  
5 
4 
3 
3 
6 
5 
4 
6 
6 
4 
4 
2 
4 
4 
6 
5 
5 
3 
1 931861958  
6 
4 
5 
1 1768106276  
4 
4 
2 
6 
1 34504940  
1 1369875560  
1 1908975914  
4 
2 
1 185825283  
2 
4 
4 
1 1961650253  
3 
1 378372095  
3 
1 1526599557  
5 
3 
5 
2 
2 
2 
4 
3 
3 
5 
2 
2 
6 
3 
5 
3 
1 1534035434  
3 
1 784218377  
4 
6 
5 
3 
6 
4 
6 
5 
2 
1 2009387697  
1 1329489679  
4 
5 
2 
4 
4 
5 
5 
5 
5 
1 496829584  
3 
2 
6 
3 
5 
5 
4 
4 
5 
2 
1 1180133445  
5 
4 
2 
4 
4 
2 
3 
5 
4 
3 
5 
2 
6 
5 
1 250352851  
6 
6 
5 
5 
2 
1 1761419771  
4 
6 
4 
2 
5 
4 
4 
3 
5 
1 2015970472  
4 
5 
4 
4 
2 
5 
6 
5 
2 
5 
6 
4 
2 
5 
6 
1 1600852721  
5 
1 1103353558  
2 
1 1966951519  
1 1987104236  
1 2107074763  
2 
3 
5 
6 
4 
3 
5 
5 
4 
5 
6 
3 
4 
6 
1 1336745921  
6 
4 
2 
1 1767053206  
6 
4 
6 
3 
3 
2 
3 
1 892697626  
1 330480105  
2 
4 
4 
1 2114074019  
1 1499464696  
1 743809589  
2 
1 2129650548  
2 
4 
2 
4 
2 
3 
6 
1 283843007  
6 
4 
3 
3 
6 
5 
6 
1 364432217  
6 
6 
2 
4 
5 
3 
5 
3 
3 
3 
1 16671840  
4 
5 
4 
6 
5 
5 
1 1653718567  
2 
2 
6 
3 
5 
2 
6 
3 
2 
5 
6 
6 
1 125924483  
3 
3 
1 202497124  
3 
2 
4 
4 
5 
1 1467885172  
2 
5 
1 504296579  
2 
2 
1 1729096681  
6 
5 
6 
5 
6 
1 854436958  
1 1288514956  
6 
6 
5 
5 
4 
3 
5 
2 
5 
4 
6 
4 
5 
2 
1 1591000730  
4 
1 36442989  
2 
4 
5 
4 
3 
6 
1 1785344540  
4 
3 
4 
3 
1 623650527  
3 
2 
6 
1 286795840  
2 
3 
5 
4 
1 1399280663  
6 
4 
6 
2 
3 
6 
3 
1 492137351  
4 
2 
4 
6 
3 
4 
3 
6 
6 
5 
6 
2 
2 
4 
3 
2 
5 
1 1887648562  
1 355150573  
4 
2 
1 311605223  
5 
4 
2 
6 
4 
1 1727269150  
2 
3 
2 
2 
1 314741688  
3 
1 1648351144  
1 1346838708  
5 
2 
2 
4 
4 
6 
4 
3 
4 
3 
1 1207439314  
6 
4 
5 
3 
1 1978831249  
6 
6 
3 
2 
1 1313429080  
1 559420363  
4 
5 
6 
4 
1 575157190  
6 
4 
2 
1 1295595980  
1 843263370  
4 
1 939589407  
1 1312267821  
5 
6 
1 349498289  
6 
6 
4 
1 1065513890  
3 
5 
1 1514764945  
3 
1 1817383461  
1 1569810469  
5 
4 
3 
1 1096377978  
4 
1 524336771  
3 
3 
6 
2 
1 710841777  
6 
5 
2 
6 
4 
5 
3 
1 539895060  
5 
5 
5 
4 
4 
6 
2 
2 
4 
6 
5 
6 
3 
1 560779761  
5 
3 
2 
3 
4 
3 
5 
3 
5 
3 
2 
1 348702669  
6 
5 
2 
2 
6 
1 1163545588  
2 
4 
5 
5 
3 
5 
4 
5 
2 
3 
5 
6 
3 
1 847575601  
2 
2 
2 
3 
1 1747983332  
4 
5 
3 
6 
4 
6 
5 
6 
4 
4 
2 
3 
2 
5 
1 1655682939  
4 
3 
3 
4 
2 
3 
1 587740515  
3 
5 
6 
5 
3 
1 2103133906  
1 1967288162  
6 
3 
4 
4 
6 
5 
1 167526018  
1 270391946  
6 
5 
3 
4 
1 1468155658  
2 
4 
3 
2 
5 
5 
3 
1 1514364726  
4 
6 
5 
5 
3 
5 
4 
5 
6 
3 
5 
5 
3 
4 
6 
3 
2 
6 
3 
3 
2 
6 
4 
6 
2 
5 
4 
6 
2 
4 
2 
3 
1 1477831261  
5 
6 
2 
1 1299503259  
5 
1 680310158  
2 
6 
3 
2 
2 
4 
5 
2 
5 
3 
4 
3 
3 
1 2037251624  
4 
3 
3 
1 1874660449  
2 
2 
1 1975906139  
5 
6 
6 
5 
5 
4 
4 
4 
5 
4 
2 
4 
1 733031346  
5 
1 666766208  
4 
3 
6 
4 
5 
2 
3 
5 
5 
4 
2 
1 1140690312  
1 1082529635  
2 
3 
1 1732280099  
2 
4 
1 507971609  
4 
3 
1 752429448  
4 
4 
2 
5 
5 
3 
6 
1 1154606920  
2 
1 1604349587  
3 
2 
5 
4 
3 
5 
3 
5 
4 
5 
6 
1 1276766219  
3 
6 
4 
1 1865448698  
1 2144244647  
3 
2 
1 1837545980  
1 66667719  
4 
1 1160306587  
1 537637934  
1 1814651052  
2 
6 
5 
6 
3 
2 
5 
2 
4 
4 
5 
5 
4 
4 
4 
6 
6 
1 668505879  
6 
3 
6 
5 
2 
4 
2 
5 
1 1125378449  
5 
3 
6 
1 1770301310  
1 488310393  
4 
1 1292904467  
5 
2 
3 
3 
1 2040693256  
1 1956466052  
5 
4 
5 
5 
2 
1 659785546  
4 
1 1371040869  
5 
5 
1 1108485663  
5 
5 
2 
3 
4 
4 
2 
4 
1 1340095704  
3 
4 
5 
1 1260808845  
1 835662465  
6 
2 
4 
1 1168518195  
2 
3 
6 
6 
5 
3 
5 
4 
2 
4 
4 
4 
4 
1 1993840191  
4 
2 
4 
1 1502428673  
3 
3 
6 
2 
4 
3 
6 
6 
1 161724859  
4 
5 
6 
1 928886178  
2 
6 
2 
1 1087225124  
2 
4 
2 
2 
6 
1 669696468  
3 
4 
1 1681315626  
6 
5 
6 
5 
3 
4 
2 
5 
1 94348397  
2 
5 
2 
5 
5 
5 
1 126562407  
4 
6 
1 810598198  
2 
4 
5 
2 
2 
3 
5 
4 
2 
5 
5 
1 1959797095  
3 
5 
5 
2 
3 
2 
1 123323407  
2 
3 
4 
3 
2 
2 
3 
4 
3 
5 
5 
3 
5 
1 500660530  
5 
1 2026464814  
2 
5 
5 
5 
4 
6 
4 
4 
2 
5 
5 
1 1283629994  
1 1038298464  
5 
3 
3 
4 
4 
4 
2 
2 
6 
5 
4 
6 
1 1693632218  
4 
4 
1 1952135873  
1 16193266  
1 1316449880  
3 
5 
6 
4 
4 
6 
2 
4 
2 
1 292962619  
3 
3 
3 
4 
4 
1 1309097733  
1 1209659489  
6 
4 
2 
4 
6 
2 
5 
5 
6 
6 
4 
6 
1 101945023  
6 
6 
2 
1 1968883279  
5 
1 433216710  
5 
4 
2 
3 
2 
1 1210430686  
3 
1 1161495336  
4 
1 1694025556  
1 2046093151  
3 
6 
6 
4 
1 182529883  
4 
3 
4 
4 
2 
2 
4 
3 
2 
6 
4 
5 
2 
5 
5 
4 
2 
4 
5 
5 
4 
1 1540382099  
4 
2 
1 1401038177  
1 344254743  
1 321784630  
4 
2 
2 
1 340779653  
2 
3 
1 1013951211  
4 
1 2003100256  
3 
6 
3 
5 
3 
1 435128050  
5 
1 1140513619  
2 
1 666214806  
6 
4 
4 
1 247441497  
1 1263837026  
1 1166875337  
5 
3 
4 
5 
5 
1 126422664  
5 
6 
4 
4 
4 
5 
6 
6 
1 399983372  
3 
2 
4 
5 
3 
4 
1 57690153  
1 1820054882  
6 
6 
2 
2 
4 
1 204635598  
2 
2 
6 
2 
3 
2 
3 
4 
5 
3 
1 73883419  
4 
5 
5 
5 
4 
4 
3 
5 
4 
2 
5 
6 
3 
4 
5 
4 
1 989021115  
3 
4 
2 
5 
1 497598217  
4 
1 1382981153  
4 
6 
5 
5 
2 
4 
5 
6 
2 
3 
1 51196956  
1 599543240  
5 
1 1204380784  
6 
1 484413666  
6 
2 
1 1809973926  
4 
4 
5 
3 
6 
2 
2 
2 
3 
3 
2 
3 
3 
6 
5 
4 
6 
5 
6 
4 
1 218392472  
4 
6 
4 
2 
1 30955574  
5 
2 
2 
1 1708583430  
1 400922356  
4 
2 
5 
5 
1 1571337674  
3 
6 
5 
3 
5 
6 
5 
5 
5 
1 962137959  
5 
3 
2 
4 
1 745177099  
6 
4 
1 1893122304  
2 
2 
1 1302917612  
6 
2 
5 
4 
4 
2 
2 
2 
4 
4 
1 1759128310  
1 1748738912  
6 
6 
3 
4 
2 
3 
1 1738045663  
3 
3 
2 
1 752158281  
3 
1 267470071  
1 1985487160  
5 
3 
6 
4 
6 
6 
6 
2 
3 
1 2015995307  
3 
6 
1 1434345408  
6 
1 2111909824  
6 
5 
1 268495032  
4 
3 
3 
3 
4 
2 
1 1492035561  
6 
2 
3 
1 1784481059  
1 473130630  
4 
5 
1 1565918981  
1 626018526  
6 
4 
5 
6 
5 
1 970728847  
3 
2 
5 
2 
3 
4 
2 
1 801416486  
4 
1 677215482  
2 
2 
3 
1 1570272087  
3 
1 2005797270  
4 
4 
5 
4 
6 
2 
5 
6 
6 
1 1161629148  
2 
6 
3 
1 1232762365  
2 
4 
4 
6 
3 
3 
1 76706095  
3 
5 
1 1192584723  
2 
5 
6 
6 
4 
5 
1 793862147  
6 
2 
5 
6 
5 
4 
1 477628451  
5 
5 
6 
4 
3 
3 
5 
6 
1 616438749  
3 
3 
2 
1 1756000106  
4 
5 
3 
4 
2 
6 
1 1222805550  
5 
6 
6 
1 362077405  
2 
3 
3 
2 
3 
6 
4 
6 
3 
1 911434071  
2 
5 
4 
4 
4 
6 
1 834450212  
3 
2 
4 
3 
4 
6 
2 
6 
1 2110816317  
1 501996086  
4 
3 
3 
1 1586608494  
3 
5 
4 
6 
5 
2 
2 
1 230802740  
3 
4 
3 
3 
1 339999598  
2 
1 1455120153  
1 1665148148  
2 
5 
3 
3 
2 
4 
5 
5 
1 304425775  
6 
3 
6 
6 
1 1723615185  
6 
2 
6 
2 
3 
4 
6 
3 
5 
1 1009700062  
5 
3 
5 
6 
2 
5 
2 
3 
2 
1 2088906834  
6 
5 
5 
5 
2 
5 
3 
6 
6 
2 
5 
6 
3 
1 49262167  
2 
6 
3 
5 
6 
1 428135395  
2 
1 567441712  
5 
5 
3 
2 
3 
5 
3 
1 1019991014  
1 1229551881  
5 
1 1244657194  
4 
2 
5 
5 
3 
4 
1 442779453  
6 
5 
5 
2 
2 
6 
6 
5 
2 
3 
2 
5 
5 
5 
2 
3 
5 
5 
3 
3 
2 
4 
2 
5 
2 
4 
1 1087865503  
2 
6 
2 
2 
3 
4 
5 
3 
5 
3 
6 
5 
3 
1 258802694  
4 
2 
6 
6 
1 1675541819  
1 1164571598  
5 
3 
4 
4 
1 1451387417  
2 
6 
4 
6 
2 
3 
1 321920318  
6 
4 
4 
2 
6 
2 
4 
6 
4 
3 
3 
2 
1 1642200049  
4 
1 2067826166  
6 
2 
5 
2 
6 
3 
1 2077920425  
1 717521951  
5 
3 
3 
3 
3 
4 
4 
5 
2 
5 
2 
6 
4 
1 282419923  
2 
1 841870848  
4 
1 1551972164  
1 245752593  
1 1343866934  
1 991097010  
1 476555333  
3 
4 
1 1683866532  
2 
2 
2 
6 
4 
5 
1 298733515  
1 2141703482  
4 
2 
6 
2 
5 
6 
4 
3 
1 1988292307  
5 
2 
3 
6 
3 
2 
6 
5 
1 2022348701  
6 
5 
1 1003919896  
4 
1 1929715493  
3 
3 
1 2071610868  
4 
5 
4 
2 
3 
1 1432055291  
4 
2 
2 
4 
2 
3 
5 
4 
4 
5 
2 
6 
4 
2 
6 
2 
5 
6 
1 349673557  
3 
3 
1 944118235  
1 514123524  
6 
4 
3 
5 
2 
3 
5 
2 
4 
5 
5 
1 1594330751  
1 1386897688  
2 
2 
4 
1 1601989027  
1 1853133446  
6 
2 
6 
1 914955859  
4 
5 
3 
5 
2 
6 
5 
5 
1 619076978  
4 
4 
5 
1 1157037215  
5 
1 1236876178  
2 
2 
6 
5 
6 
6 
6 
3 
4 
6 
6 
2 
2 
2 
3 
6 
3 
2 
2 
1 113793379  
6 
4 
3 
6 
1 1077379734  
6 
4 
4 
6 
5 
1 1167312955  
4 
5 
2 
1 831315331  
6 
3 
3 
5 
2 
3 
2 
6 
3 
4 
2 
3 
5 
2 
6 
2 
6 
1 1359799657  
6 
3 
5 
3 
4 
1 2009183803  
1 235803847  
2 
5 
2 
2 
3 
2 
2 
4 
3 
5 
2 
4 
2 
2 
4 
3 
3 
5 
4 
5 
4 
6 
4 
4 
2 
3 
6 
5 
1 1605552250  
3 
1 1205567089  
5 
6 
1 1226900857  
2 
4 
6 
1 2082107584  
1 741949973  
3 
3 
6 
4 
3 
4 
6 
5 
3 
1 1525634372  
4 
5 
5 
4 
4 
6 
6 
5 
4 
1 2076327418  
5 
5 
3 
4 
2 
3 
3 
2 
5 
2 
2 
6 
5 
4 
5 
1 582758633  
2 
1 1400499425  
4 
6 
2 
5 
5 
4 
1 932763666  
5 
5 
6 
5 
6 
5 
5 
2 
3 
4 
5 
6 
4 
1 364990478  
2 
3 
2 
1 1324626646  
2 
6 
1 217335309  
2 
5 
1 714664036  
5 
3 
5 
1 121261233  
5 
5 
6 
1 731458833  
3 
3 
1 161511139  
2 
6 
4 
4 
5 
5 
6 
4 
6 
2 
6 
1 1508158921  
6 
4 
2 
5 
1 185964212  
2 
1 2014644585  
2 
5 
1 275631133  
4 
4 
5 
6 
4 
5 
3 
2 
3 
3 
3 
4 
5 
6 
3 
1 805041190  
4 
6 
3 
4 
4 
2 
3 
6 
3 
2 
1 1024198153  
1 1512507311  
2 
5 
4 
1 918834570  
2 
4 
1 2101577887  
2 
3 
2 
6 
1 532336618  
4 
3 
2 
4 
3 
5 
1 1750149901  
1 1313893896  
3 
2 
4 
1 394036773  
6 
6 
6 
2 
6 
3 
1 1985953748  
1 771962499  
5 
5 
5 
5 
6 
1 1599603862  
5 
4 
1 1065370957  
5 
4 
5 
4 
4 
4 
5 
6 
2 
1 706586435  
1 194070187  
1 443521681  
4 
1 635430205  
3 
3 
3 
2 
2 
4 
5 
5 
2 
6 
6 
6 
3 
3 
6 
5 
5 
4 
5 
5 
4 
2 
4 
3 
3 
6 
6 
5 
6 
4 
5 
1 776828820  
3 
1 1844021107  
6 
2 
4 
1 1568193871  
2 
5 
4 
2 
2 
3 
5 
1 1141819299  
1 1021164105  
2 
2 
4 
4 
4 
4 
6 
1 1785529180  
4 
6 
3 
2 
1 1856483335  
3 
6 
3 
5 
2 
2 
4 
4 
1 1142425338  
6 
6 
5 
3 
4 
3 
4 
2 
2 
3 
5 
4 
1 369504365  
3 
2 
5 
4 
5 
6 
2 
4 
3 
4 
5 
2 
4 
2 
1 2017994474  
5 
1 503100611  
3 
5 
4 
2 
1 555468577  
2 
6 
3 
4 
3 
3 
4 
2 
2 
5 
2 
3 
4 
4 
4 
1 1885155412  
4 
6 
2 
1 778731744  
6 
3 
3 
4 
2 
3 
6 
5 
6 
2 
1 1360509768  
5 
2 
3 
4 
3 
2 
1 761869917  
4 
2 
2 
6 
3 
2 
4 
1 143755407  
1 131860690  
2 
3 
6 
1 715964156  
3 
2 
5 
6 
3 
1 676092025  
4 
2 
6 
6 
5 
1 1882010591  
1 2029858052  
2 
4 
5 
1 1070128798  
5 
2 
6 
2 
5 
3 
3 
4 
5 
4 
2 
5 
1 1720480691  
5 
1 654336903  
4 
3 
6 
3 
4 
1 522249012  
6 
3 
1 638368000  
5 
5 
3 
3 
3 
3 
3 
6 
3 
1 1360923338  
4 
1 716319200  
4 
5 
3 
5 
5 
3 
3 
1 1081889681  
5 
4 
3 
1 1996353543  
3 
2 
3 
4 
3 
5 
6 
5 
4 
4 
4 
3 
4 
6 
1 1493148020  
1 778427140  
1 1417063766  
3 
4 
5 
6 
5 
2 
2 
5 
2 
5 
5 
1 487483671  
3 
6 
5 
4 
6 
4 
5 
5 
4 
3 
6 
3 
6 
6 
1 1799591245  
2 
6 
3 
4 
3 
4 
6 
4 
4 
3 
4 
3 
3 
2 
3 
5 
1 1055109298  
2 
5 
2 
5 
6 
4 
5 
6 
4 
2 
4 
5 
4 
4 
6 
5 
5 
2 
2 
5 
2 
3 
6 
4 
1 196483358  
2 
1 794532935  
6 
4 
3 
1 1424613663  
5 
5 
5 
1 66994185  
5 
1 1297633547  
6 
1 1980082241  
2 
4 
1 1952149597  
1 2076365291  
6 
2 
5 
4 
2 
5 
1 1193108361  
5 
2 
3 
3 
5 
1 566535866  
6 
2 
6 
2 
6 
4 
2 
1 72637051  
1 1324969051  
2 
5 
1 1282500022  
5 
1 748729076  
4 
3 
6 
4 
1 1059495994  
2 
5 
3 
3 
3 
5 
6 
4 
3 
1 1164874426  
5 
3 
2 
5 
5 
5 
4 
6 
2 
6 
1 1818857875  
6 
3 
4 
1 632493037  
5 
4 
1 1819211330  
6 
6 
2 
4 
1 193623239  
1 1270861037  
1 1032651020  
5 
4 
5 
4 
5 
4 
4 
5 
4 
2 
2 
1 909942439  
1 205267070  
5 
3 
4 
6 
2 
3 
5 
6 
1 881520916  
1 255606812  
1 983694211  
4 
1 151101034  
6 
6 
6 
1 743090483  
6 
5 
2 
5 
6 
4 
6 
1 635801808  
6 
2 
6 
2 
1 1206210333  
2 
5 
1 939573842  
1 1430334744  
1 483340348  
4 
3 
1 1006568027  
3 
2 
4 
1 580484643  
4 
6 
2 
1 315938941  
1 811233976  
5 
2 
3 
3 
5 
3 
6 
2 
6 
1 509366286  
4 
3 
2 
3 
3 
6 
3 
3 
3 
5 
5 
4 
4 
4 
3 
2 
2 
5 
5 
2 
2 
5 
5 
4 
3 
3 
2 
1 1509047302  
3 
3 
4 
6 
1 1377769842  
3 
1 582003337  
5 
3 
1 686532705  
4 
5 
3 
5 
2 
3 
2 
5 
4 
5 
1 512786216  
5 
5 
2 
6 
4 
2 
1 1330732414  
4 
6 
5 
2 
3 
4 
1 1746028699  
3 
4 
2 
6 
2 
4 
3 
6 
2 
6 
3 
5 
5 
5 
4 
6 
4 
4 
6 
2 
3 
6 
3 
2 
2 
1 1677660642  
2 
5 
3 
5 
6 
1 1002106641  
4 
3 
1 231038088  
5 
4 
1 1349388324  
1 1195729880  
4 
2 
5 
4 
4 
2 
3 
5 
6 
6 
5 
1 1501899125  
4 
6 
2 
6 
6 
1 234555697  
1 2105672320  
5 
4 
2 
5 
2 
1 1707166196  
6 
4 
4 
3 
2 
2 
2 
2 
3 
1 1116076613  
3 
4 
1 213795484  
3 
2 
6 
1 543376759  
2 
5 
4 
5 
1 1267177647  
5 
1 956885967  
5 
3 
1 1179178567  
5 
2 
2 
2 
1 325904332  
4 
6 
5 
2 
2 
1 1896459809  
3 
2 
6 
1 462029663  
6 
2 
4 
6 
4 
3 
2 
4 
2 
6 
3 
2 
1 809244681  
5 
3 
6 
1 755544188  
6 
3 
2 
5 
5 
1 1042514306  
2 
2 
2 
5 
3 
4 
2 
3 
1 1125183622  
2 
6 
5 
5 
5 
4 
5 
3 
2 
4 
6 
6 
5 
2 
3 
4 
1 1566778164  
1 1551880593  
4 
3 
5 
5 
5 
3 
2 
2 
2 
2 
1 486747277  
2 
6 
1 797064358  
6 
3 
5 
6 
1 2133883930  
5 
4 
3 
4 
1 1173279982  
4 
5 
4 
2 
3 
6 
1 1309850574  
4 
2 
4 
3 
4 
5 
6 
6 
4 
5 
2 
6 
3 
5 
5 
6 
3 
3 
1 1317132696  
3 
6 
4 
5 
2 
6 
1 771825034  
1 840027569  
6 
4 
2 
3 
2 
4 
6 
6 
1 171755689  
4 
2 
1 1002863122  
5 
3 
3 
2 
6 
3 
3 
2 
3 
2 
2 
4 
6 
5 
2 
4 
3 
4 
5 
2 
5 
6 
4 
6 
3 
6 
5 
5 
1 41932245  
6 
1 1367485570  
6 
5 
4 
1 357278600  
6 
4 
1 276487942  
4 
2 
3 
4 
4 
6 
2 
1 1325674242  
2 
2 
2 
3 
4 
6 
5 
4 
3 
2 
4 
6 
3 
2 
2 
3 
1 2064444796  
3 
6 
1 1392564555  
2 
5 
1 1539469726  
4 
6 
4 
4 
1 460337907  
1 512258555  
6 
6 
1 348872045  
5 
5 
2 
6 
3 
4 
1 1639516474  
4 
1 838162887  
2 
2 
2 
4 
6 
5 
2 
5 
1 97848207  
5 
3 
1 2101546138  
5 
4 
2 
4 
4 
6 
1 1647407568  
4 
5 
2 
4 
6 
4 
1 853392395  
2 
3 
1 996576796  
6 
3 
4 
2 
1 625107543  
3 
1 272686912  
3 
4 
5 
3 
4 
1 400973741  
5 
3 
1 1111854820  
3 
2 
3 
2 
2 
1 1069751270  
1 387374024  
3 
4 
1 137651154  
5 
1 232118197  
4 
3 
4 
1 1704506720  
3 
5 
3 
3 
3 
1 909476188  
2 
4 
2 
2 
5 
1 1072145766  
6 
1 1876262410  
2 
3 
5 
2 
4 
1 1912339311  
2 
5 
1 1114078011  
4 
3 
2 
5 
6 
3 
4 
1 1096264332  
1 122134263  
3 
3 
3 
6 
2 
3 
4 
5 
6 
6 
5 
1 1390565954  
6 
4 
3 
4 
2 
2 
4 
4 
4 
3 
5 
2 
3 
2 
2 
4 
3 
5 
3 
1 274454926  
5 
3 
6 
4 
3 
1 39095411  
3 
1 635646861  
6 
3 
4 
6 
3 
5 
3 
2 
3 
5 
2 
2 
3 
6 
5 
4 
1 1813924652  
6 
1 499433318  
3 
1 1147905416  
4 
5 
1 15313049  
2 
1 2138949792  
4 
1 1986068304  
5 
3 
3 
6 
1 113161256  
6 
2 
4 
1 2093012282  
3 
5 
6 
1 1485992224  
6 
3 
2 
6 
3 
5 
2 
5 
1 966553652  
3 
1 942105431  
2 
2 
6 
6 
2 
2 
4 
2 
3 
1 2111099767  
3 
1 1239240564  
4 
3 
6 
5 
1 1343079172  
4 
5 
6 
4 
5 
1 1075470939  
1 161508186  
4 
6 
1 1730453196  
2 
4 
6 
2 
4 
2 
5 
3 
2 
5 
6 
6 
2 
6 
4 
6 
3 
4 
5 
1 1213122094  
2 
5 
6 
4 
6 
4 
4 
2 
6 
1 393626383  
5 
1 1287476269  
4 
2 
1 2122598282  
3 
3 
4 
5 
4 
2 
4 
2 
3 
6 
4 
6 
1 1465772149  
2 
2 
2 
6 
5 
1 1016255031  
6 
3 
1 1887453945  
4 
6 
6 
5 
4 
1 432366513  
1 2112519363  
1 2009588208  
2 
2 
1 1822932467  
5 
5 
2 
2 
4 
2 
2 
2 
5 
5 
5 
6 
2 
2 
3 
3 
2 
1 239490641  
4 
6 
2 
6 
3 
6 
2 
3 
5 
2 
3 
4 
1 2048683619  
6 
2 
1 311095680  
5 
1 2053415293  
4 
1 400633289  
1 1459001097  
3 
3 
2 
2 
1 2068728342  
6 
4 
5 
1 392099434  
2 
4 
4 
6 
4 
1 1297585753  
5 
3 
1 34405951  
2 
5 
3 
1 337628068  
4 
3 
3 
2 
5 
5 
6 
1 636094329  
5 
2 
5 
5 
5 
4 
6 
4 
6 
5 
3 
5 
6 
3 
5 
1 1000959603  
1 1279733499  
6 
2 
3 
2 
2 
6 
1 599710449  
6 
2 
6 
3 
6 
3 
4 
1 92716519  
4 
5 
5 
6 
6 
2 
2 
6 
4 
1 475329024  
3 
6 
4 
2 
4 
4 
6 
1 1675181388  
2 
2 
4 
6 
3 
3 
2 
5 
6 
1 254224705  
5 
4 
5 
4 
1 58298572  
3 
6 
6 
3 
5 
3 
6 
1 740819834  
4 
5 
4 
1 647851089  
1 1345774841  
1 715934469  
4 
2 
2 
6 
4 
4 
5 
6 
3 
1 2113623238  
5 
6 
1 214546224  
2 
1 455904766  
3 
4 
2 
4 
2 
3 
3 
4 
5 
6 
4 
1 398506103  
2 
5 
2 
6 
4 
4 
5 
5 
3 
6 
2 
3 
5 
3 
1 179581939  
4 
6 
3 
3 
4 
2 
4 
5 
1 318009327  
4 
6 
6 
1 73954922  
3 
4 
2 
3 
6 
6 
6 
5 
5 
4 
2 
5 
6 
5 
5 
1 419072580  
1 219209298  
2 
4 
4 
1 385050603  
4 
6 
3 
3 
5 
2 
4 
1 325004225  
3 
6 
4 
2 
4 
4 
6 
3 
5 
3 
2 
5 
3 
5 
1 619842588  
2 
2 
1 1844051700  
3 
2 
1 246248920  
2 
4 
6 
3 
4 
4 
5 
6 
4 
4 
5 
3 
2 
3 
1 1011942022  
2 
5 
3 
2 
4 
2 
1 994153805  
6 
3 
4 
2 
5 
6 
4 
2 
4 
1 280654871  
1 1349570090  
3 
3 
5 
2 
4 
4 
6 
4 
6 
6 
6 
1 1630248134  
2 
4 
2 
4 
3 
5 
4 
2 
4 
5 
2 
1 1281614474  
6 
1 481819942  
6 
4 
2 
2 
6 
6 
5 
1 82474935  
5 
6 
1 1374330993  
6 
1 957148966  
1 1757656324  
1 1628555698  
6 
2 
6 
5 
1 1015447538  
5 
2 
2 
4 
5 
1 350992510  
5 
2 
5 
3 
2 
3 
6 
1 128923139  
2 
3 
2 
3 
2 
6 
3 
1 213738732  
5 
4 
4 
5 
1 1066926979  
5 
2 
6 
2 
1 95062730  
1 428284956  
2 
3 
4 
6 
6 
2 
3 
2 
2 
4 
1 1522831746  
6 
2 
3 
1 493568833  
3 
5 
2 
2 
4 
3 
1 607866896  
6 
1 1840841073  
4 
6 
1 567523756  
1 1026939476  
5 
3 
1 2060050371  
3 
3 
5 
4 
3 
6 
2 
6 
2 
3 
6 
1 952574359  
2 
1 1351943702  
5 
1 532409311  
4 
6 
3 
5 
5 
6 
2 
4 
4 
2 
6 
1 649142411  
4 
5 
3 
6 
3 
5 
1 1598192622  
1 1544351333  
6 
1 1643296216  
3 
4 
4 
6 
1 1878847493  
3 
1 746437776  
5 
2 
3 
3 
3 
4 
5 
5 
1 1126060702  
4 
1 1012978319  
5 
2 
6 
6 
6 
5 
2 
5 
6 
5 
6 
3 
2 
3 
5 
1 1228257718  
2 
6 
4 
2 
2 
2 
1 1208535638  
1 239825664  
1 37923036  
3 
1 818708314  
4 
5 
6 
4 
6 
3 
6 
1 1868381362  
1 1053370574  
5 
5 
2 
5 
5 
5 
3 
3 
6 
6 
5 
4 
5 
6 
4 
1 1169700824  
3 
3 
2 
5 
4 
6 
5 
4 
1 1997304502  
2 
3 
6 
2 
6 
6 
1 1267109306  
4 
4 
4 
6 
6 
5 
3 
1 89144156  
3 
2 
1 2092367232  
2 
4 
1 1695394263  
6 
1 1611975902  
3 
3 
5 
2 
2 
3 
4 
3 
6 
6 
2 
4 
1 438452417  
5 
3 
3 
4 
1 155777511  
4 
2 
6 
3 
2 
6 
3 
1 1305333327  
3 
3 
4 
1 1005976173  
2 
1 1182716987  
4 
5 
6 
3 
4 
5 
1 1217900050  
5 
6 
5 
4 
1 1958550532  
3 
2 
6 
2 
5 
2 
5 
6 
5 
2 
2 
1 387177041  
4 
5 
1 1750309362  
2 
6 
6 
4 
5 
3 
3 
6 
1 460209295  
6 
6 
4 
6 
1 1985369663  
3 
2 
5 
6 
1 1147177047  
5 
1 2103505511  
2 
3 
3 
4 
2 
2 
5 
2 
3 
3 
3 
2 
5 
2 
2 
2 
1 1716733508  
4 
4 
5 
3 
3 
4 
4 
2 
1 1893614823  
3 
4 
1 1082082566  
2 
5 
4 
2 
4 
1 582228179  
4 
3 
6 
5 
1 974388893  
5 
5 
6 
6 
6 
6 
5 
1 143134556  
6 
2 
5 
2 
2 
1 822053843  
4 
5 
4 
4 
1 1012311929  
1 961842870  
6 
1 542951558  
6 
2 
4 
3 
5 
2 
2 
4 
5 
2 
1 2065682504  
4 
1 2131543694  
2 
4 
2 
2 
5 
1 392772412  
2 
6 
6 
5 
3 
2 
5 
6 
5 
3 
6 
3 
6 
2 
5 
3 
5 
6 
4 
4 
1 1185308162  
5 
6 
1 73204202  
3 
1 337655996  
4 
5 
1 733218777  
6 
4 
5 
6 
4 
5 
2 
5 
3 
2 
1 1685180104  
3 
1 776108413  
5 
2 
3 
3 
2 
3 
5 
5 
4 
4 
4 
1 888996288  
2 
5 
5 
4 
2 
4 
5 
3 
3 
6 
5 
5 
4 
6 
3 
3 
4 
3 
5 
2 
1 843029783  
5 
6 
6 
1 1782084587  
5 
4 
6 
1 2071713276  
6 
4 
3 
6 
2 
5 
3 
1 2060929834  
3 
5 
6 
4 
2 
6 
5 
5 
4 
2 
1 1593151471  
3 
2 
4 
3 
3 
1 311406669  
5 
2 
3 
6 
3 
1 1663755548  
3 
6 
4 
6 
2 
4 
4 
6 
5 
1 2053360767  
4 
6 
3 
5 
6 
2 
5 
1 149292685  
5 
6 
2 
1 663448947  
3 
3 
6 
2 
2 
4 
5 
6 
5 
6 
6 
1 2009382630  
4 
6 
2 
4 
2 
1 1866026193  
2 
5 
1 409580123  
3 
1 943981548  
6 
1 300770725  
6 
6 
1 1383969016  
4 
1 1087116104  
6 
5 
5 
2 
3 
1 1122824568  
3 
3 
1 248797298  
2 
5 
1 2048958974  
4 
4 
6 
6 
5 
5 
2 
2 
4 
4 
5 
3 
5 
6 
3 
1 1665776126  
3 
5 
2 
3 
4 
1 166996154  
6 
5 
4 
3 
1 2033019021  
2 
3 
6 
4 
1 2058548538  
6 
2 
3 
6 
3 
4 
3 
2 
3 
3 
2 
3 
2 
4 
2 
1 1352304316  
2 
4 
5 
3 
3 
4 
1 2106223223  
1 248720886  
6 
4 
4 
4 
6 
6 
1 2085523094  
4 
5 
3 
6 
4 
3 
4 
4 
3 
3 
2 
2 
2 
6 
2 
2 
2 
6 
6 
5 
3 
2 
5 
4 
6 
5 
5 
2 
5 
5 
5 
2 
5 
1 1643919680  
6 
4 
6 
2 
4 
2 
4 
4 
3 
1 1024829300  
1 827035734  
4 
4 
4 
5 
3 
6 
4 
5 
2 
3 
2 
5 
2 
2 
3 
3 
2 
1 339465815  
3 
5 
2 
5 
2 
2 
5 
2 
6 
1 659430239  
5 
3 
6 
2 
3 
4 
4 
6 
6 
1 751265362  
1 252912001  
6 
4 
4 
3 
1 105098062  
1 1062672032  
1 1916667549  
2 
4 
1 10975181  
3 
3 
3 
5 
1 1211964717  
5 
3 
4 
2 
1 432632849  
6 
3 
4 
3 
3 
2 
1 2020357812  
1 930507262  
6 
1 842212972  
3 
4 
2 
4 
3 
5 
6 
6 
4 
3 
2 
4 
1 816855712  
1 1231277987  
4 
2 
4 
3 
1 78698340  
6 
1 1903971817  
6 
6 
1 206618908  
6 
1 327495638  
4 
5 
2 
2 
5 
6 
3 
1 1805447143  
1 1872395034  
1 494491792  
5 
6 
5 
6 
4 
5 
4 
5 
6 
4 
1 1690982516  
5 
4 
2 
5 
1 1783459925  
3 
4 
4 
1 1846796109  
6 
6 
2 
6 
6 
1 1649722092  
2 
4 
3 
5 
5 
6 
6 
2 
6 
2 
2 
3 
4 
4 
3 
2 
3 
1 2032180811  
2 
1 1784835555  
6 
5 
5 
6 
1 1146158124  
5 
5 
3 
4 
2 
1 909526463  
2 
5 
1 464387641  
5 
3 
3 
1 1485623939  
5 
3 
6 
3 
4 
4 
6 
5 
4 
4 
4 
2 
6 
3 
1 1568956702  
1 1215653004  
5 
3 
3 
2 
1 1738535941  
6 
1 1674054765  
3 
2 
1 130841388  
4 
1 1507719842  
3 
4 
3 
3 
6 
3 
6 
3 
4 
4 
6 
5 
2 
5 
5 
3 
4 
2 
5 
1 1685029946  
4 
2 
2 
6 
2 
1 1342806105  
1 1940352691  
4 
3 
6 
5 
4 
2 
6 
1 1557904110  
6 
6 
6 
4 
3 
4 
3 
3 
6 
5 
6 
1 125829719  
6 
3 
4 
4 
3 
1 635082015  
2 
1 227276175  
6 
4 
5 
6 
1 1357107707  
2 
1 713780356  
4 
5 
1 2131247992  
2 
3 
6 
3 
4 
2 
6 
6 
6 
1 1563726615  
2 
1 1041275994  
5 
6 
5 
6 
5 
1 1789211487  
6 
1 1288638001  
1 1535767787  
6 
5 
1 1332710356  
2 
6 
3 
2 
4 
1 924614278  
1 1235080248  
1 834948800  
6 
5 
5 
5 
6 
4 
4 
5 
4 
3 
2 
1 809311442  
3 
6 
1 872432155  
3 
6 
5 
5 
6 
3 
4 
4 
2 
1 1981106924  
5 
1 1718837905  
1 1336819796  
4 
2 
1 1319247215  
5 
6 
3 
3 
3 
5 
6 
4 
3 
1 1140310960  
6 
4 
1 404989152  
4 
5 
6 
5 
6 
3 
4 
4 
1 910299508  
5 
5 
6 
3 
1 666882077  
3 
2 
1 535830540  
2 
3 
2 
1 270535703  
2 
3 
3 
6 
5 
3 
5 
4 
3 
3 
2 
5 
2 
5 
5 
3 
1 204428375  
3 
2 
1 1878636645  
2 
5 
6 
1 63404746  
4 
2 
3 
1 1762332486  
4 
2 
4 
1 2004466365  
3 
6 
5 
6 
4 
4 
1 698486762  
1 1989608661  
5 
3 
5 
6 
2 
2 
1 1214090424  
6 
4 
2 
3 
2 
3 
2 
1 1412267118  
6 
2 
4 
6 
4 
3 
3 
6 
3 
3 
3 
2 
2 
1 1973373005  
6 
2 
4 
1 630333391  
5 
4 
5 
3 
4 
6 
6 
5 
1 306059464  
6 
1 1615100844  
2 
2 
3 
4 
1 1918971392  
1 1841827251  
4 
2 
3 
1 800327552  
6 
4 
2 
5 
5 
1 696102023  
4 
2 
4 
2 
6 
6 
3 
3 
5 
4 
2 
1 929423851  
4 
5 
1 1635276352  
3 
1 1505413465  
4 
6 
4 
4 
2 
3 
1 1801856006  
4 
1 1468899628  
6 
3 
5 
1 1076767722  
5 
5 
2 
1 991192155  
5 
5 
3 
4 
5 
5 
2 
4 
4 
1 640663196  
5 
2 
1 69595034  
1 1396181307  
3 
2 
4 
3 
1 1550962704  
2 
3 
3 
5 
4 
4 
4 
2 
4 
2 
2 
3 
6 
6 
6 
6 
1 736477111  
5 
2 
6 
5 
3 
2 
3 
5 
5 
2 
2 
4 
2 
1 1932011848  
2 
4 
4 
1 1821498407  
3 
3 
4 
3 
3 
6 
5 
1 940905487  
1 1663164845  
6 
1 1884903154  
4 
5 
1 555754325  
1 1520147562  
5 
3 
1 435906268  
5 
3 
4 
4 
3 
2 
2 
6 
5 
6 
4 
5 
4 
6 
2 
4 
1 397879338  
6 
5 
4 
6 
6 
2 
2 
6 
4 
2 
6 
1 586754338  
5 
2 
2 
3 
5 
2 
6 
3 
6 
2 
2 
2 
5 
3 
1 1848173386  
4 
5 
5 
5 
3 
3 
6 
5 
4 
4 
6 
5 
1 223768695  
4 
4 
2 
6 
3 
5 
5 
3 
1 1217087729  
5 
3 
3 
1 6749202  
5 
1 1838869539  
3 
4 
1 988575474  
6 
6 
2 
1 1848576454  
6 
6 
2 
3 
5 
3 
5 
1 491713444  
2 
3 
6 
5 
6 
5 
6 
1 1684677497  
5 
1 630516657  
5 
1 2126989796  
4 
2 
6 
3 
4 
3 
2 
6 
6 
4 
5 
3 
1 1042607314  
6 
5 
6 
1 284889016  
4 
4 
6 
3 
2 
1 1448405777  
4 
4 
5 
5 
3 
5 
6 
3 
6 
6 
3 
6 
1 2119375036  
5 
6 
5 
5 
4 
4 
3 
2 
3 
5 
3 
4 
2 
1 1276081171  
2 
5 
4 
4 
4 
5 
5 
5 
3 
2 
6 
5 
2 
1 2089068973  
4 
3 
5 
3 
3 
2 
3 
2 
5 
2 
6 
4 
5 
3 
3 
1 41486423  
6 
1 524778830  
6 
3 
6 
3 
4 
6 
3 
2 
4 
2 
6 
6 
5 
2 
4 
6 
2 
5 
4 
2 
2 
4 
6 
3 
5 
6 
6 
3 
3 
2 
1 1492548029  
2 
5 
1 777963534  
1 309307030  
1 1166562789  
6 
2 
6 
1 1718869021  
2 
4 
3 
3 
6 
2 
5 
5 
6 
1 1972471876  
3 
4 
2 
2 
6 
3 
2 
5 
5 
4 
2 
6 
2 
1 903982295  
6 
3 
2 
1 127139698  
6 
6 
3 
2 
4 
3 
1 1345135790  
6 
6 
5 
1 1339888563  
2 
1 525019036  
6 
6 
5 
1 1931890129  
1 1040578301  
1 748787731  
3 
5 
2 
5 
3 
6 
2 
4 
5 
5 
5 
6 
2 
2 
2 
1 1001494210  
4 
1 1047327503  
6 
1 440173623  
1 1990069684  
2 
1 748420309  
4 
5 
4 
1 931887067  
4 
1 1527263533  
2 
5 
3 
2 
3 
3 
1 1378936967  
6 
6 
3 
6 
3 
2 
5 
5 
3 
3 
2 
1 911393215  
2 
5 
5 
6 
5 
3 
4 
1 422387199  
6 
2 
1 1663825983  
5 
5 
5 
5 
2 
4 
1 212315344  
6 
6 
1 394278588  
5 
1 792423506  
5 
4 
4 
6 
5 
6 
2 
5 
2 
5 
6 
3 
2 
6 
6 
6 
4 
6 
5 
2 
2 
6 
6 
4 
6 
4 
4 
3 
6 
3 
1 153900669  
2 
4 
5 
2 
3 
5 
6 
3 
3 
5 
2 
3 
6 
4 
3 
1 435765011  
1 1317202336  
5 
6 
4 
5 
3 
4 
4 
6 
3 
3 
2 
5 
3 
4 
3 
2 
6 
5 
4 
6 
5 
3 
5 
1 1646448699  
2 
6 
5 
4 
4 
3 
4 
5 
5 
5 
2 
1 1213728545  
3 
2 
6 
3 
4 
6 
5 
4 
4 
1 1626509367  
1 665527840  
1 785113919  
1 1451497595  
6 
3 
5 
1 1569510135  
3 
2 
5 
3 
3 
3 
5 
1 912253617  
6 
6 
3 
2 
5 
4 
5 
5 
5 
5 
4 
5 
6 
3 
6 
1 649149737  
5 
4 
5 
4 
5 
6 
1 761915050  
1 1437272654  
3 
2 
1 433556218  
1 1802493351  
2 
1 38576737  
3 
4 
1 1435050429  
5 
6 
3 
1 702337206  
2 
3 
5 
2 
1 478750360  
1 1277636465  
2 
4 
4 
3 
2 
5 
1 1450757516  
1 1410637427  
2 
2 
6 
6 
6 
2 
3 
2 
5 
3 
2 
4 
6 
4 
5 
2 
1 657416351  
1 682210835  
2 
6 
2 
2 
1 174546995  
3 
4 
1 1079803550  
2 
2 
1 198553170  
4 
4 
6 
1 386862339  
3 
5 
6 
2 
5 
2 
6 
2 
4 
2 
1 1474082138  
6 
4 
4 
6 
5 
1 990976676  
1 540763009  
2 
2 
5 
5 
4 
1 1909847149  
2 
1 160695364  
5 
3 
1 39728060  
5 
2 
6 
3 
5 
5 
5 
5 
4 
5 
2 
2 
6 
3 
1 976092047  
4 
1 1787204731  
3 
2 
6 
2 
1 705255900  
4 
4 
1 1761205966  
1 1091218678  
1 127282387  
4 
6 
1 525975935  
5 
3 
2 
4 
6 
4 
5 
4 
1 1740368416  
5 
2 
1 889197437  
4 
3 
6 
1 1963248589  
4 
5 
1 26440986  
2 
6 
4 
6 
2 
6 
3 
5 
5 
2 
5 
5 
6 
5 
4 
3 
2 
1 544207140  
5 
4 
2 
2 
3 
2 
3 
4 
4 
1 2001825327  
5 
5 
1 1461491415  
6 
2 
2 
5 
5 
4 
1 1246544346  
6 
6 
4 
2 
1 333092039  
6 
4 
2 
5 
5 
4 
5 
1 591644233  
2 
5 
6 
5 
6 
3 
1 549818214  
5 
1 1743729467  
2 
3 
1 1249060584  
2 
2 
3 
3 
4 
3 
1 1232029049  
1 1918276462  
5 
2 
3 
4 
3 
2 
4 
2 
4 
4 
5 
5 
5 
3 
2 
6 
4 
2 
4 
5 
5 
6 
2 
2 
5 
4 
4 
1 181380486  
5 
4 
1 1430582219  
2 
5 
3 
4 
1 157655153  
1 1655462625  
4 
6 
5 
3 
5 
6 
4 
2 
6 
2 
1 274075247  
3 
3 
2 
3 
5 
4 
4 
1 698418162  
3 
6 
2 
3 
1 1417826126  
5 
2 
3 
6 
4 
4 
5 
3 
6 
4 
3 
6 
2 
2 
1 434770612  
2 
4 
1 738146222  
4 
5 
6 
1 246434525  
2 
2 
5 
2 
2 
5 
3 
3 
4 
3 
6 
2 
2 
6 
2 
3 
3 
5 
4 
1 74491695  
2 
6 
5 
4 
1 1443402122  
5 
3 
4 
3 
6 
1 2007640491  
6 
1 1165710374  
4 
4 
3 
6 
5 
1 1570684509  
6 
3 
6 
5 
5 
5 
4 
3 
2 
5 
2 
4 
3 
3 
4 
6 
4 
2 
2 
6 
6 
6 
3 
6 
5 
5 
3 
1 386132779  
1 758595142  
6 
5 
1 312398298  
4 
3 
3 
4 
2 
1 201897720  
2 
2 
3 
6 
1 785036128  
2 
1 856605438  
2 
5 
6 
2 
3 
1 56239399  
4 
4 
1 99043896  
3 
4 
1 2103149785  
5 
4 
2 
6 
1 389331439  
6 
6 
3 
3 
5 
3 
4 
4 
1 690688129  
1 505484351  
1 2133060906  
1 1939748713  
2 
5 
4 
4 
4 
1 1737513401  
6 
4 
4 
2 
6 
3 
3 
1 1903853720  
3 
1 2121129199  
6 
1 1020611972  
2 
5 
6 
2 
6 
5 
5 
2 
2 
4 
4 
1 2061508873  
4 
2 
1 1629108176  
1 1294687220  
1 612443388  
4 
2 
6 
3 
1 899450655  
2 
6 
5 
5 
6 
6 
6 
4 
2 
4 
5 
2 
1 1729457832  
5 
5 
6 
4 
2 
6 
3 
2 
5 
2 
6 
5 
4 
1 1350589610  
4 
3 
5 
1 1145885180  
5 
4 
5 
3 
4 
6 
3 
2 
5 
5 
4 
5 
1 1803949527  
6 
6 
3 
3 
2 
6 
4 
4 
6 
1 646508085  
2 
2 
1 1006042024  
1 822176253  
5 
5 
5 
5 
6 
5 
2 
5 
5 
5 
6 
4 
2 
1 69708946  
5 
4 
5 
4 
3 
4 
6 
2 
6 
5 
5 
2 
3 
2 
2 
5 
6 
1 1392174803  
4 
3 
4 
2 
6 
1 1580771395  
3 
5 
1 382107245  
6 
4 
2 
2 
4 
3 
6 
6 
5 
1 1594072523  
5 
4 
2 
4 
5 
1 218323876  
5 
5 
5 
2 
3 
3 
3 
5 
5 
5 
4 
1 1238712683  
5 
6 
4 
3 
4 
5 
3 
5 
5 
6 
2 
2 
4 
3 
5 
6 
6 
2 
1 1650311923  
4 
4 
4 
5 
3 
4 
1 317367772  
4 
5 
3 
6 
4 
3 
3 
3 
1 1194378820  
5 
1 2039643362  
2 
6 
2 
4 
3 
5 
4 
4 
4 
6 
5 
6 
1 1008055901  
5 
1 1699863172  
1 2025220620  
6 
1 800320966  
1 1289892925  
5 
3 
5 
1 1781590692  
5 
1 773966517  
4 
1 163021249  
5 
3 
2 
1 1695615917  
3 
3 
1 255591046  
2 
4 
5 
3 
6 
4 
1 1457708469  
2 
5 
2 
3 
2 
6 
3 
2 
5 
6 
5 
2 
3 
4 
2 
3 
4 
2 
6 
3 
6 
3 
5 
1 160575657  
5 
5 
3 
6 
3 
6 
2 
1 1155041701  
2 
5 
2 
1 1039682653  
3 
2 
5 
2 
2 
1 1511165268  
6 
4 
2 
6 
4 
6 
1 153443233  
5 
6 
6 
2 
6 
6 
2 
5 
2 
4 
6 
1 696148533  
1 10189705  
4 
5 
6 
5 
3 
2 
2 
1 1159485257  
6 
4 
5 
2 
3 
5 
6 
5 
4 
3 
5 
1 1518324786  
1 79898651  
4 
2 
4 
1 404176412  
4 
4 
5 
5 
3 
6 
1 951612534  
2 
3 
4 
2 
5 
4 
5 
3 
4 
5 
4 
2 
5 
3 
6 
4 
5 
1 462005896  
3 
6 
3 
2 
5 
6 
3 
2 
5 
1 1998248936  
3 
4 
6 
6 
2 
5 
2 
3 
5 
5 
4 
6 
6 
3 
3 
5 
6 
2 
6 
2 
1 1169936410  
1 1700718580  
1 1501077211  
4 
5 
2 
6 
2 
4 
2 
4 
5 
6 
2 
1 1487304182  
2 
2 
3 
4 
2 
4 
1 747613752  
6 
5 
6 
2 
4 
2 
3 
5 
5 
6 
2 
1 1393236925  
2 
4 
1 347876435  
4 
5 
6 
5 
2 
6 
2 
5 
1 299993276  
1 1270973897  
3 
1 1148197401  
1 1589886201  
5 
5 
3 
6 
3 
3 
5 
3 
2 
4 
3 
1 905080941  
3 
2 
6 
5 
1 1922163918  
5 
2 
2 
6 
3 
3 
3 
5 
5 
5 
6 
4 
2 
3 
4 
5 
3 
3 
4 
1 1752907451  
6 
3 
2 
4 
2 
2 
2 
3 
4 
5 
2 
4 
6 
3 
2 
6 
1 453213210  
4 
2 
2 
4 
1 30271316  
1 1063132272  
4 
6 
4 
1 613788868  
1 1185313017  
1 2102814926  
5 
2 
4 
3 
3 
1 2124954136  
4 
5 
2 
2 
3 
4 
5 
6 
1 1338756251  
5 
4 
2 
5 
3 
4 
4 
5 
4 
5 
5 
4 
3 
4 
4 
2 
3 
1 651479811  
2 
1 2135143841  
2 
3 
2 
2 
6 
3 
2 
1 350757860  
4 
1 22320949  
5 
3 
1 67558844  
5 
4 
5 
5 
1 754934273  
5 
6 
4 
3 
5 
5 
3 
3 
3 
3 
6 
6 
5 
4 
6 
4 
1 973933483  
4 
2 
3 
3 
4 
1 529564741  
2 
1 605699561  
4 
4 
4 
4 
6 
5 
4 
3 
6 
3 
6 
5 
3 
4 
6 
5 
4 
6 
5 
2 
3 
2 
5 
1 2143869893  
3 
3 
6 
5 
6 
1 82799673  
2 
1 2106776772  
2 
2 
1 1483690427  
1 830413425  
4 
4 
2 
2 
4 
3 
1 1352530049  
2 
3 
6 
5 
5 
3 
5 
1 1831566862  
3 
5 
3 
2 
6 
5 
6 
4 
6 
2 
5 
1 1130406702  
6 
5 
6 
5 
3 
5 
3 
6 
2 
1 476020298  
4 
6 
4 
3 
2 
4 
4 
6 
1 832280615  
3 
5 
2 
2 
2 
6 
2 
6 
3 
2 
1 572809255  
6 
3 
3 
2 
4 
2 
4 
1 1381101239  
2 
3 
3 
3 
1 606960886  
4 
3 
3 
5 
1 178233058  
6 
1 1834314449  
5 
1 637232202  
4 
4 
2 
1 1241365331  
1 300619669  
5 
2 
6 
2 
5 
4 
6 
2 
2 
1 1822545220  
5 
3 
4 
3 
5 
4 
3 
6 
1 1196696609  
6 
1 278090157  
3 
2 
2 
3 
3 
4 
3 
1 1013817823  
5 
6 
1 1848176420  
2 
3 
1 265750350  
4 
3 
5 
5 
1 1364575683  
2 
2 
6 
3 
4 
2 
6 
1 1870497369  
6 
1 333309195  
2 
1 2119509956  
4 
6 
5 
1 696947205  
2 
1 862873936  
2 
6 
6 
3 
1 577725869  
2 
2 
1 693333450  
5 
1 945673609  
5 
5 
2 
5 
3 
2 
4 
6 
1 537018993  
5 
3 
1 29540230  
3 
5 
5 
3 
5 
3 
4 
3 
5 
1 1776087034  
2 
6 
6 
5 
4 
4 
4 
3 
2 
5 
5 
6 
4 
6 
2 
4 
2 
2 
4 
2 
6 
5 
5 
5 
5 
5 
3 
3 
4 
4 
1 1889549042  
6 
2 
6 
1 1861107092  
6 
1 759010088  
4 
6 
5 
3 
1 218085692  
2 
2 
2 
1 545904060  
1 1331819344  
2 
1 1599186931  
6 
1 1152864946  
6 
6 
6 
4 
1 1510052402  
4 
6 
4 
4 
6 
2 
6 
4 
2 
4 
2 
2 
1 1286017733  
2 
4 
6 
4 
5 
4 
5 
1 1790097148  
6 
6 
3 
6 
1 603934085  
4 
2 
6 
1 1586637402  
6 
2 
5 
5 
6 
1 1465158720  
3 
1 1800630694  
4 
3 
5 
3 
3 
3 
3 
3 
4 
6 
6 
1 1864727560  
5 
3 
3 
5 
6 
6 
1 331492895  
5 
2 
5 
6 
6 
4 
3 
5 
6 
5 
2 
2 
4 
3 
4 
3 
2 
1 1501323466  
3 
3 
6 
4 
4 
4 
4 
3 
6 
1 2130477910  
3 
4 
3 
3 
3 
4 
4 
5 
2 
5 
4 
3 
2 
1 1696068579  
6 
3 
3 
4 
3 
3 
4 
4 
4 
6 
3 
1 1224337188  
4 
3 
3 
6 
2 
3 
3 
2 
4 
2 
4 
3 
2 
3 
3 
6 
5 
3 
3 
5 
3 
6 
5 
6 
4 
1 316303457  
2 
3 
5 
5 
1 1668094887  
5 
6 
6 
6 
4 
5 
3 
2 
1 1921284393  
2 
3 
2 
6 
6 
3 
4 
1 1179177393  
3 
2 
