3 
1 41888998  
1 1817545015  
1 807341949  
4 
5 
1 1557991445  
6 
6 
3 
4 
4 
2 
3 
6 
2 
4 
2 
3 
4 
4 
4 
3 
1 2000091705  
2 
5 
2 
5 
1 1450424835  
6 
3 
6 
4 
2 
6 
4 
2 
3 
6 
5 
6 
4 
5 
3 
1 1703342933  
2 
3 
4 
1 1106380704  
4 
3 
2 
1 1846368850  
1 620546200  
6 
2 
3 
5 
2 
6 
4 
4 
1 921707624  
3 
5 
5 
5 
5 
5 
2 
6 
2 
5 
3 
1 1009268391  
6 
1 1232744214  
4 
5 
4 
1 160621309  
1 776965571  
2 
3 
6 
1 1137967549  
2 
1 832626013  
5 
5 
2 
3 
1 1390523959  
4 
2 
3 
6 
2 
1 787353117  
2 
1 1500150212  
2 
3 
1 707005783  
4 
6 
2 
2 
4 
1 1554631847  
6 
2 
5 
1 883490590  
3 
5 
5 
4 
5 
2 
1 1454309982  
4 
5 
4 
4 
3 
1 2081148470  
5 
4 
6 
2 
4 
4 
1 847871326  
3 
2 
5 
6 
5 
3 
3 
2 
6 
1 875905360  
6 
4 
2 
4 
5 
4 
5 
1 1839123314  
6 
5 
1 1353949774  
5 
1 1395872722  
5 
6 
1 1927579943  
1 1395838772  
4 
5 
2 
2 
6 
4 
5 
4 
1 1065934090  
6 
1 587438245  
5 
2 
4 
6 
6 
1 806346569  
1 918542147  
6 
3 
1 2037863080  
6 
2 
4 
2 
3 
4 
2 
6 
1 362205854  
3 
1 2024922852  
6 
1 1736748282  
3 
2 
5 
5 
4 
6 
4 
4 
5 
6 
4 
2 
4 
3 
6 
4 
5 
6 
1 982752054  
3 
1 799146828  
3 
1 598533025  
3 
1 68012621  
2 
5 
6 
1 959768137  
5 
5 
4 
5 
3 
6 
5 
6 
1 1375498596  
5 
6 
3 
2 
3 
3 
6 
2 
5 
1 1205980170  
2 
4 
5 
6 
5 
3 
6 
1 1792394151  
6 
1 618538907  
5 
2 
3 
2 
1 1993333287  
1 1145060715  
3 
2 
5 
2 
6 
5 
2 
3 
6 
4 
1 1325544691  
6 
4 
1 1400481486  
3 
1 2028551305  
6 
2 
3 
2 
1 632371025  
3 
6 
3 
5 
6 
2 
5 
5 
1 1334146309  
4 
1 728938984  
1 1508276385  
5 
5 
5 
3 
3 
1 1025785975  
5 
4 
3 
3 
4 
3 
3 
2 
2 
2 
3 
3 
6 
3 
3 
3 
4 
3 
4 
3 
6 
5 
1 2082888758  
3 
2 
5 
6 
2 
3 
6 
4 
2 
5 
5 
2 
2 
5 
3 
6 
3 
1 756665459  
5 
2 
3 
1 805882271  
5 
6 
3 
2 
1 1331243882  
5 
2 
2 
2 
5 
1 1822599549  
3 
2 
2 
2 
1 1393320516  
3 
6 
4 
1 2137590451  
1 593658049  
6 
5 
6 
6 
2 
6 
4 
4 
1 1283699948  
6 
1 352312657  
6 
3 
1 471097253  
6 
3 
6 
3 
5 
5 
2 
5 
1 872964583  
1 1335064712  
3 
3 
1 1270244081  
2 
3 
2 
1 1471497608  
2 
5 
2 
4 
3 
3 
1 1403077333  
4 
4 
2 
2 
6 
5 
2 
4 
5 
2 
5 
1 82528571  
2 
3 
4 
3 
6 
4 
5 
1 699512557  
6 
3 
6 
1 461573855  
6 
6 
3 
5 
5 
1 1874922722  
4 
3 
4 
4 
2 
3 
2 
4 
6 
4 
4 
1 1318051464  
2 
3 
5 
4 
5 
1 307423495  
2 
2 
4 
5 
4 
3 
6 
4 
6 
3 
1 872499789  
2 
6 
4 
5 
4 
2 
1 496112507  
4 
2 
4 
3 
4 
3 
5 
1 1707904981  
4 
3 
2 
4 
5 
2 
6 
1 753567447  
5 
6 
2 
2 
2 
2 
4 
2 
3 
3 
4 
3 
4 
2 
5 
1 1128483532  
4 
1 894567642  
6 
2 
2 
5 
1 1482506431  
5 
2 
4 
6 
2 
1 489276269  
3 
1 1920353618  
1 1417911541  
4 
2 
5 
1 1245941729  
5 
1 578752241  
4 
2 
6 
3 
2 
5 
1 601671775  
1 921057630  
4 
4 
4 
3 
5 
1 1972072757  
3 
3 
4 
6 
5 
2 
1 591778578  
4 
6 
6 
5 
2 
3 
4 
4 
1 1514715679  
5 
3 
1 1108289057  
6 
6 
4 
6 
2 
5 
6 
4 
2 
6 
6 
4 
4 
6 
5 
6 
2 
4 
3 
5 
3 
5 
3 
5 
3 
1 944091235  
1 1985812932  
1 1981253640  
1 131672299  
2 
3 
4 
5 
2 
2 
2 
4 
4 
6 
3 
5 
3 
3 
6 
6 
5 
1 1108573366  
1 1305267601  
1 1534749632  
5 
6 
4 
6 
2 
6 
6 
1 1191101937  
4 
2 
6 
4 
2 
4 
4 
4 
6 
5 
5 
2 
1 2004780158  
6 
6 
6 
1 1996323488  
2 
6 
5 
4 
1 918541011  
6 
2 
1 1175347974  
5 
3 
2 
1 156263335  
6 
2 
1 1791040800  
6 
5 
6 
3 
1 1671460482  
5 
2 
1 1864168316  
4 
4 
5 
5 
1 397124599  
6 
4 
2 
6 
6 
3 
3 
1 652460366  
1 611252311  
6 
1 1879631030  
6 
1 1141736636  
1 384122281  
2 
2 
3 
3 
1 1150058923  
6 
6 
1 240194717  
4 
2 
6 
6 
2 
2 
4 
6 
2 
5 
6 
4 
1 962874522  
1 1751730698  
1 1161252347  
1 787463631  
6 
3 
5 
2 
2 
4 
2 
3 
1 196025628  
2 
3 
3 
6 
3 
1 528484379  
2 
3 
2 
4 
6 
4 
4 
1 1895752688  
5 
2 
2 
5 
1 1140116864  
5 
6 
4 
5 
6 
5 
4 
5 
5 
4 
6 
2 
4 
3 
4 
5 
3 
6 
3 
3 
5 
5 
6 
4 
6 
2 
6 
1 366813663  
3 
5 
6 
6 
6 
6 
4 
3 
1 1729522681  
5 
1 1271789163  
3 
5 
5 
5 
1 1475387029  
2 
4 
1 887306634  
5 
2 
4 
5 
4 
5 
2 
5 
6 
5 
6 
2 
2 
1 659055148  
6 
1 519005318  
4 
3 
6 
5 
5 
2 
2 
2 
3 
3 
4 
1 744603144  
5 
4 
4 
3 
5 
5 
2 
3 
1 507894988  
5 
4 
3 
2 
3 
6 
6 
5 
3 
4 
2 
5 
4 
2 
6 
1 1437546329  
2 
4 
5 
6 
1 1919951118  
2 
2 
3 
5 
1 664158323  
5 
3 
5 
1 1081103482  
1 1443927952  
1 380842991  
5 
2 
6 
5 
5 
6 
3 
3 
2 
5 
2 
6 
1 1478228081  
6 
5 
5 
1 2096388319  
5 
5 
4 
6 
3 
2 
6 
2 
5 
1 992095302  
2 
1 1210375464  
2 
6 
3 
5 
4 
1 1090641307  
6 
5 
3 
3 
2 
3 
3 
2 
3 
1 1376217583  
2 
3 
5 
2 
3 
3 
4 
6 
1 212950739  
4 
3 
1 1330836024  
1 191608457  
3 
2 
6 
1 1964681438  
3 
6 
3 
5 
3 
4 
4 
2 
1 344604723  
2 
2 
3 
2 
1 979072088  
4 
1 13223418  
6 
4 
6 
5 
6 
1 873089102  
2 
5 
1 727341129  
1 1153340282  
1 1239902766  
5 
4 
2 
6 
6 
6 
5 
4 
3 
6 
4 
3 
4 
3 
2 
6 
1 309380162  
3 
2 
5 
5 
6 
1 277645798  
1 567806147  
6 
5 
2 
3 
4 
3 
2 
1 1196686796  
2 
1 936700946  
1 1086811466  
5 
5 
3 
1 1941289940  
3 
6 
2 
3 
3 
1 1444595934  
2 
1 376874147  
6 
5 
5 
2 
4 
2 
1 1713757410  
5 
3 
3 
1 2108754257  
6 
2 
6 
5 
1 1457977629  
4 
1 1010201715  
1 342113600  
2 
6 
1 788722063  
2 
3 
2 
2 
4 
6 
1 959106386  
5 
2 
5 
3 
5 
5 
3 
2 
3 
6 
3 
3 
5 
5 
3 
3 
6 
3 
6 
1 1334208903  
5 
3 
3 
4 
3 
5 
4 
6 
6 
2 
6 
4 
1 1999097527  
1 2049747693  
6 
2 
4 
5 
2 
3 
5 
2 
1 562942838  
1 64564618  
2 
1 1233100069  
4 
5 
1 754551296  
1 2029246056  
2 
2 
6 
3 
3 
2 
3 
5 
5 
5 
2 
3 
4 
6 
2 
3 
5 
3 
5 
5 
5 
3 
1 1577704792  
2 
1 1733623384  
3 
6 
1 2042469475  
4 
6 
1 303310247  
3 
5 
4 
3 
6 
5 
4 
1 313480865  
1 1048326109  
3 
1 1543213013  
2 
2 
5 
1 622861027  
2 
2 
1 1325971907  
6 
2 
6 
3 
5 
6 
6 
6 
2 
4 
5 
3 
2 
1 2111019160  
1 1819547823  
3 
5 
4 
6 
6 
4 
4 
4 
6 
2 
6 
5 
3 
6 
5 
5 
4 
1 115189205  
5 
2 
1 1050346978  
4 
1 1613354115  
6 
1 1559785139  
4 
5 
6 
2 
2 
4 
1 1427221126  
5 
5 
1 1179627878  
3 
4 
2 
3 
6 
3 
6 
4 
2 
5 
2 
3 
6 
6 
4 
5 
6 
5 
6 
5 
3 
2 
2 
2 
5 
5 
2 
1 1521055748  
1 737715107  
3 
1 42345945  
1 1863169349  
4 
6 
5 
3 
6 
3 
2 
6 
3 
6 
3 
6 
6 
1 1526437170  
6 
6 
2 
2 
2 
5 
4 
3 
3 
2 
3 
2 
2 
2 
3 
6 
6 
1 1001452331  
2 
1 1049894604  
5 
5 
1 1378051049  
1 903716376  
6 
3 
3 
5 
6 
6 
5 
6 
3 
1 1612837442  
3 
3 
1 1442615668  
2 
3 
4 
1 2136816445  
6 
5 
6 
2 
2 
5 
6 
5 
3 
5 
2 
5 
3 
6 
1 219905090  
6 
5 
6 
1 1324378076  
2 
1 1567037589  
1 1953528475  
5 
2 
4 
5 
1 1219363903  
4 
2 
4 
3 
6 
5 
5 
5 
5 
4 
1 1870347836  
6 
1 119525692  
4 
1 120206365  
2 
1 1266077201  
1 742386720  
2 
3 
6 
1 1446178272  
4 
2 
5 
3 
6 
3 
4 
5 
6 
3 
5 
3 
5 
2 
4 
3 
2 
2 
1 1229612714  
3 
1 414450895  
3 
1 1561367478  
2 
4 
5 
1 132476044  
1 2027805011  
4 
2 
5 
1 973668969  
2 
1 1559697170  
4 
5 
6 
6 
4 
6 
1 1059949241  
4 
2 
3 
2 
6 
5 
2 
2 
6 
3 
3 
2 
2 
2 
3 
1 347241070  
6 
4 
2 
3 
6 
1 149928630  
2 
6 
6 
1 1102295186  
5 
2 
3 
1 62926771  
6 
4 
4 
5 
4 
2 
2 
2 
3 
1 1676365800  
6 
2 
3 
2 
3 
4 
5 
5 
4 
5 
4 
3 
1 2103747517  
4 
3 
3 
2 
4 
2 
5 
5 
3 
6 
3 
3 
1 1112821375  
2 
4 
4 
4 
3 
5 
1 906933202  
5 
5 
1 859980245  
3 
3 
2 
4 
3 
2 
6 
6 
2 
1 578175169  
5 
2 
2 
4 
6 
6 
4 
5 
1 202065222  
3 
3 
5 
5 
1 849313042  
4 
6 
2 
6 
4 
5 
2 
5 
5 
3 
3 
4 
2 
6 
2 
2 
6 
2 
4 
6 
1 798080260  
1 1526443298  
6 
4 
1 268866983  
1 604125087  
2 
2 
5 
4 
2 
4 
1 598323554  
4 
4 
1 2139214820  
2 
3 
2 
6 
6 
3 
5 
5 
1 723650779  
5 
2 
3 
6 
5 
5 
4 
6 
6 
2 
3 
5 
2 
5 
6 
6 
6 
6 
4 
3 
3 
4 
3 
2 
6 
1 718529919  
3 
3 
4 
5 
2 
3 
2 
2 
3 
5 
5 
3 
4 
4 
4 
4 
5 
6 
4 
3 
4 
4 
5 
2 
1 1257808373  
2 
1 1466037499  
6 
3 
6 
2 
5 
4 
2 
2 
6 
3 
2 
3 
5 
4 
1 17224543  
2 
5 
2 
1 339937439  
4 
1 1880488395  
5 
3 
5 
3 
5 
5 
4 
5 
1 1578592021  
6 
3 
5 
5 
6 
6 
4 
5 
5 
6 
6 
1 472413484  
5 
6 
2 
4 
4 
4 
2 
1 1760809758  
3 
4 
5 
2 
6 
1 404777343  
3 
5 
1 2032110654  
1 673275351  
3 
4 
4 
5 
1 752018413  
5 
1 34555636  
2 
6 
1 1775570537  
5 
3 
4 
6 
2 
1 814945184  
6 
6 
3 
1 1710921437  
4 
3 
3 
6 
2 
4 
1 1731834406  
1 1927766559  
3 
2 
1 470370991  
3 
3 
1 444331003  
4 
1 358458080  
5 
2 
5 
5 
1 672436213  
1 1293644045  
6 
6 
6 
3 
4 
2 
6 
1 1156538340  
6 
2 
3 
3 
2 
5 
6 
5 
2 
4 
6 
6 
3 
3 
4 
1 51395863  
1 1562511028  
1 1760663427  
5 
2 
1 649719417  
5 
2 
5 
3 
6 
5 
2 
2 
5 
5 
1 1554242200  
4 
3 
4 
4 
3 
3 
6 
4 
4 
3 
4 
6 
4 
4 
6 
3 
4 
4 
2 
5 
4 
6 
3 
5 
1 336830559  
3 
1 1368249336  
6 
1 664566926  
6 
3 
6 
6 
6 
4 
1 1802868058  
2 
1 1385473880  
6 
6 
6 
4 
4 
4 
3 
1 1004504365  
2 
6 
6 
2 
4 
6 
4 
4 
2 
1 1535872805  
2 
3 
2 
3 
5 
4 
6 
2 
1 816582253  
3 
5 
5 
2 
4 
3 
5 
3 
2 
1 1476917849  
5 
3 
5 
4 
4 
6 
6 
3 
3 
5 
4 
5 
6 
5 
5 
2 
2 
2 
6 
2 
1 1149198915  
3 
2 
3 
1 1221359596  
2 
5 
1 1361544856  
5 
4 
3 
2 
4 
3 
6 
6 
2 
5 
1 1822474266  
2 
3 
4 
5 
6 
6 
4 
5 
3 
1 1973378009  
5 
5 
5 
4 
2 
4 
2 
2 
2 
1 1396100492  
1 1450561155  
6 
1 640839545  
6 
6 
4 
2 
4 
6 
5 
2 
3 
5 
1 959538281  
5 
4 
6 
1 1034911913  
2 
1 421122456  
3 
3 
1 1429909272  
4 
6 
5 
2 
4 
6 
6 
1 1479242916  
1 779580537  
6 
3 
1 2102345485  
2 
4 
5 
3 
4 
6 
1 625403313  
4 
2 
2 
2 
1 1936118877  
1 6257701  
5 
1 40430694  
2 
3 
1 1549298657  
6 
6 
3 
5 
1 655977118  
2 
6 
1 1594672894  
3 
6 
1 1886129216  
6 
5 
1 2024226455  
5 
1 111756172  
3 
4 
4 
2 
6 
1 1541513626  
6 
4 
4 
3 
3 
5 
4 
2 
6 
4 
3 
6 
2 
2 
1 1262216687  
6 
6 
5 
4 
3 
5 
2 
6 
5 
6 
3 
1 1116260538  
2 
1 929902784  
5 
5 
1 2078798940  
5 
2 
6 
6 
6 
5 
4 
5 
6 
1 445694739  
1 2079101699  
2 
1 1152674889  
2 
3 
2 
6 
5 
5 
6 
4 
3 
1 1807239595  
1 1754092318  
6 
2 
5 
3 
4 
4 
5 
1 978569250  
1 1055856440  
6 
1 1057169825  
2 
5 
6 
1 1619408796  
4 
1 2015394721  
4 
6 
1 2092081739  
5 
5 
4 
6 
4 
6 
2 
3 
5 
3 
3 
4 
1 2040531252  
1 1297820346  
3 
3 
6 
4 
4 
2 
5 
6 
3 
1 1423841007  
3 
5 
3 
2 
1 672628141  
1 1252682183  
2 
4 
4 
1 2049244321  
4 
2 
5 
5 
5 
5 
4 
2 
5 
2 
5 
2 
6 
5 
6 
6 
4 
3 
1 461263371  
5 
3 
5 
6 
2 
6 
5 
6 
1 1258939884  
5 
2 
1 2089675015  
6 
4 
5 
3 
1 2010562028  
5 
6 
5 
6 
2 
2 
6 
3 
5 
3 
4 
6 
1 1914917003  
1 1536864261  
6 
5 
1 1749207596  
2 
3 
5 
3 
6 
2 
3 
5 
1 1791659810  
6 
4 
3 
3 
3 
4 
1 1648620434  
5 
1 1143237574  
3 
3 
2 
1 906392849  
3 
4 
1 617397324  
1 2073140358  
3 
6 
3 
4 
3 
1 837708141  
1 1063092063  
2 
1 2004758410  
1 1990383030  
5 
5 
2 
5 
4 
3 
4 
6 
1 722848011  
3 
2 
2 
3 
4 
5 
4 
3 
1 1611367080  
4 
4 
5 
6 
4 
4 
3 
3 
3 
2 
3 
2 
5 
5 
6 
1 821468633  
3 
2 
1 1778704451  
5 
3 
2 
1 521053257  
5 
2 
1 293393781  
6 
3 
5 
3 
1 1646615524  
5 
3 
5 
1 465651348  
1 186441385  
5 
3 
5 
3 
4 
5 
3 
2 
1 796952222  
1 1889492356  
3 
6 
4 
3 
1 859069527  
2 
3 
5 
2 
5 
2 
2 
1 2049634406  
3 
4 
3 
4 
3 
4 
4 
5 
1 1791253029  
4 
6 
6 
1 1320332898  
1 1161090642  
4 
2 
5 
5 
5 
2 
3 
6 
6 
1 1733444396  
6 
2 
3 
5 
6 
4 
3 
5 
3 
5 
5 
4 
6 
2 
3 
1 1183411278  
3 
5 
4 
5 
1 928523997  
3 
4 
1 1122825009  
2 
6 
6 
3 
3 
1 785135226  
4 
5 
5 
3 
4 
1 572700159  
2 
3 
3 
3 
6 
1 623961795  
4 
6 
4 
2 
6 
1 1928372800  
1 1479093008  
5 
3 
2 
3 
6 
3 
6 
4 
3 
1 1241359119  
3 
1 1854029511  
5 
6 
5 
6 
3 
6 
1 169317502  
4 
6 
6 
6 
6 
6 
3 
5 
5 
1 156967535  
4 
1 1711304273  
2 
3 
1 12216884  
5 
1 879815546  
3 
4 
3 
5 
1 1175187705  
3 
2 
6 
2 
6 
5 
5 
1 833685517  
5 
6 
3 
3 
1 511036349  
2 
1 1696240962  
2 
6 
3 
1 1127079298  
1 10168225  
6 
3 
6 
5 
5 
1 14408663  
5 
3 
6 
6 
5 
1 1313520684  
3 
6 
3 
4 
5 
2 
5 
5 
6 
5 
2 
2 
2 
1 807120448  
1 1903901019  
2 
3 
3 
1 25106563  
6 
2 
3 
2 
6 
2 
3 
4 
5 
6 
4 
2 
1 709271206  
4 
4 
5 
3 
2 
2 
5 
6 
2 
3 
5 
2 
1 1547670400  
3 
2 
6 
3 
4 
3 
5 
2 
3 
2 
1 1345439461  
1 1870361848  
2 
5 
5 
1 1133631148  
5 
2 
5 
1 381367091  
6 
6 
3 
3 
1 651402198  
6 
3 
4 
3 
1 108972509  
3 
6 
1 1166502317  
2 
6 
2 
6 
1 1224102357  
3 
5 
4 
4 
6 
4 
5 
5 
4 
3 
4 
5 
5 
2 
2 
2 
6 
3 
1 732934305  
4 
2 
5 
1 947391469  
2 
2 
3 
5 
4 
6 
2 
1 555711718  
2 
1 1974293424  
5 
1 653937332  
5 
4 
4 
3 
4 
5 
6 
5 
2 
1 725029220  
4 
3 
2 
5 
5 
5 
4 
2 
2 
3 
6 
4 
6 
2 
4 
2 
5 
4 
5 
1 2131260959  
1 217757957  
4 
2 
5 
3 
6 
1 737246104  
5 
2 
4 
6 
6 
1 863592857  
5 
3 
4 
4 
2 
2 
2 
5 
1 1392945662  
5 
6 
2 
2 
5 
3 
3 
3 
6 
5 
3 
3 
3 
6 
1 1570931622  
4 
3 
3 
5 
1 1374629206  
6 
2 
6 
5 
4 
1 941702977  
3 
1 550527272  
4 
2 
4 
6 
6 
3 
5 
6 
1 1384797432  
2 
1 956111640  
3 
2 
2 
5 
1 1864047956  
2 
4 
5 
6 
5 
1 44434232  
1 712529011  
6 
6 
6 
1 1889154519  
3 
2 
6 
4 
5 
2 
4 
4 
6 
2 
5 
5 
2 
1 753705438  
1 112715763  
2 
5 
6 
3 
2 
3 
5 
3 
6 
1 1087110332  
6 
5 
6 
4 
4 
6 
4 
1 476583638  
2 
1 1246346911  
3 
2 
1 1468477423  
6 
6 
2 
2 
1 1127985836  
1 1355319420  
6 
3 
1 487496092  
5 
5 
4 
5 
2 
2 
2 
3 
3 
4 
5 
5 
2 
3 
6 
6 
1 204604546  
4 
3 
3 
5 
2 
5 
6 
5 
5 
6 
2 
2 
5 
3 
6 
2 
2 
4 
4 
3 
3 
2 
6 
3 
3 
1 2088253725  
4 
1 1434887562  
2 
4 
4 
5 
2 
6 
6 
4 
6 
4 
3 
3 
4 
6 
1 760316264  
4 
4 
5 
1 1915063502  
5 
4 
2 
5 
2 
1 2088824894  
4 
5 
3 
6 
5 
6 
1 1485345484  
1 1898840813  
2 
3 
5 
3 
3 
1 159099204  
3 
5 
3 
3 
5 
6 
2 
5 
3 
2 
3 
4 
2 
4 
5 
4 
1 75107940  
3 
6 
2 
3 
5 
6 
5 
6 
2 
4 
5 
2 
5 
1 614950023  
2 
5 
1 1552044866  
5 
5 
1 1646039562  
2 
2 
6 
2 
2 
2 
4 
6 
2 
2 
6 
2 
5 
5 
5 
5 
1 1989579229  
5 
3 
3 
1 346264195  
1 49083187  
1 1226893013  
2 
6 
1 1302375835  
1 1913131143  
6 
4 
5 
6 
4 
4 
2 
1 1271327245  
6 
3 
3 
6 
6 
4 
3 
5 
5 
1 2014904846  
2 
3 
5 
3 
2 
3 
1 1654802015  
2 
3 
1 2025032683  
3 
5 
5 
6 
1 2127620609  
3 
4 
5 
1 594428699  
2 
6 
4 
1 354132674  
4 
1 1226483872  
5 
1 2062906123  
5 
4 
5 
4 
3 
3 
6 
3 
2 
6 
2 
2 
1 1482118510  
1 434319645  
4 
1 402918567  
5 
1 1686723056  
1 375089722  
1 1837806129  
4 
3 
2 
1 299555672  
4 
3 
6 
3 
6 
5 
5 
4 
3 
2 
2 
3 
2 
3 
3 
5 
6 
4 
2 
5 
6 
4 
3 
6 
2 
6 
1 142669576  
5 
1 1779147376  
1 1784901156  
3 
5 
1 2041510390  
1 1938246580  
6 
3 
5 
2 
2 
1 1860009097  
2 
1 508976765  
4 
5 
5 
5 
2 
2 
5 
4 
4 
3 
2 
2 
1 1342807798  
3 
3 
6 
3 
2 
6 
5 
6 
6 
3 
5 
2 
3 
3 
1 1358565011  
3 
6 
6 
5 
2 
2 
2 
1 351072346  
3 
3 
4 
2 
6 
3 
2 
5 
1 1689071994  
2 
2 
6 
6 
1 1407648198  
2 
2 
2 
2 
1 1577965360  
1 843964181  
5 
4 
6 
3 
5 
4 
3 
3 
2 
2 
3 
3 
1 1173295694  
2 
6 
4 
3 
6 
1 701808957  
2 
2 
1 711385380  
1 680614061  
5 
2 
5 
5 
4 
5 
1 579357993  
6 
3 
6 
5 
6 
1 691522341  
6 
1 1275042760  
5 
2 
4 
3 
3 
3 
4 
3 
1 933490667  
5 
3 
2 
6 
2 
2 
5 
6 
2 
2 
3 
5 
6 
6 
2 
5 
2 
1 1918006214  
6 
6 
6 
5 
6 
6 
4 
2 
4 
6 
1 1190465235  
6 
1 268125529  
5 
5 
1 204842211  
2 
3 
2 
5 
3 
4 
2 
1 1593383803  
4 
1 1954848586  
1 579931933  
2 
6 
6 
3 
5 
3 
2 
3 
3 
4 
6 
2 
5 
1 1283706284  
1 106920610  
2 
6 
4 
2 
4 
5 
5 
3 
4 
3 
2 
3 
1 722601510  
2 
1 915370012  
3 
5 
5 
1 1891821767  
2 
5 
6 
1 616628252  
6 
5 
3 
3 
5 
4 
1 706132944  
2 
6 
2 
3 
3 
1 1604347216  
5 
2 
4 
2 
6 
4 
3 
2 
1 1125605017  
2 
2 
5 
4 
3 
1 2048940743  
5 
5 
6 
4 
6 
4 
5 
2 
4 
2 
6 
1 815428579  
4 
6 
6 
5 
4 
2 
5 
5 
5 
1 1476677363  
3 
4 
5 
5 
1 1590529089  
3 
6 
5 
3 
6 
6 
5 
1 75593130  
6 
1 907159075  
2 
6 
6 
6 
1 287009622  
6 
1 1248888824  
5 
4 
3 
1 1608968033  
6 
6 
1 998395002  
5 
5 
3 
6 
3 
5 
3 
4 
5 
1 1929502885  
5 
1 40842378  
6 
2 
5 
2 
2 
6 
5 
5 
6 
5 
6 
4 
3 
4 
2 
6 
2 
5 
4 
2 
5 
6 
4 
4 
6 
4 
2 
5 
6 
1 1689917344  
5 
3 
4 
5 
6 
5 
6 
2 
2 
3 
4 
3 
6 
3 
3 
4 
1 1057061997  
5 
3 
4 
4 
1 974333045  
3 
6 
3 
5 
5 
6 
2 
4 
2 
5 
2 
3 
3 
3 
6 
6 
4 
1 1460439910  
2 
3 
3 
5 
2 
5 
1 100043585  
3 
6 
2 
6 
4 
6 
5 
3 
2 
3 
4 
1 1242458574  
2 
3 
3 
6 
2 
4 
4 
1 1665282121  
6 
6 
3 
6 
3 
3 
6 
4 
1 1693427388  
3 
5 
5 
3 
6 
2 
5 
1 1049823512  
3 
4 
3 
5 
2 
1 97730406  
4 
3 
6 
2 
2 
2 
2 
3 
5 
4 
2 
6 
6 
4 
3 
3 
3 
5 
4 
4 
4 
5 
3 
6 
3 
1 829650024  
2 
4 
2 
1 1156744123  
4 
1 820331916  
4 
1 1745020037  
2 
6 
3 
3 
1 901082242  
4 
6 
6 
1 1436960168  
1 303669333  
4 
3 
4 
4 
2 
4 
3 
6 
5 
4 
6 
3 
3 
3 
2 
5 
4 
4 
5 
5 
6 
6 
5 
4 
5 
1 357945810  
6 
4 
6 
4 
6 
1 415081537  
2 
2 
1 205126428  
2 
3 
6 
1 1173374389  
4 
4 
5 
5 
2 
5 
5 
3 
2 
4 
1 1891758901  
2 
1 1795655517  
3 
1 1248967519  
6 
3 
1 651434328  
5 
1 2082665140  
4 
5 
1 350372695  
3 
1 112918713  
6 
1 933576494  
4 
1 132391932  
2 
3 
4 
2 
1 153761091  
4 
1 476010190  
5 
6 
3 
2 
5 
2 
2 
4 
6 
5 
6 
6 
2 
4 
4 
1 1189453930  
1 1128094136  
3 
3 
2 
3 
1 1936450100  
2 
5 
3 
5 
2 
2 
4 
5 
4 
2 
2 
6 
1 1289497515  
5 
5 
2 
5 
4 
1 223069063  
3 
1 1454248573  
6 
3 
4 
3 
5 
6 
3 
1 835441255  
4 
1 1272892575  
5 
1 1551978980  
6 
3 
6 
2 
4 
6 
5 
5 
2 
5 
2 
4 
6 
6 
1 1665091279  
4 
1 282153050  
3 
6 
2 
6 
4 
2 
6 
5 
6 
4 
4 
3 
1 224827248  
3 
1 1262627668  
3 
5 
6 
2 
4 
1 1183235292  
4 
3 
4 
6 
2 
5 
3 
3 
4 
5 
1 1661787417  
1 1566297002  
3 
2 
4 
2 
5 
6 
6 
3 
1 1541181102  
4 
5 
3 
3 
4 
5 
3 
3 
2 
4 
4 
1 2076868954  
3 
3 
4 
3 
4 
2 
5 
1 1771423430  
3 
6 
2 
1 567071844  
3 
4 
5 
4 
1 1821144207  
5 
6 
6 
1 1419595300  
1 1816039363  
5 
3 
2 
4 
1 325094888  
2 
6 
1 1354776792  
1 18928411  
4 
1 438013601  
5 
2 
6 
3 
6 
2 
4 
5 
5 
1 140869638  
3 
5 
1 151320343  
6 
2 
3 
3 
3 
4 
4 
5 
3 
6 
5 
1 591774693  
4 
6 
3 
1 616879829  
6 
5 
3 
3 
1 1340774273  
3 
1 1719868829  
6 
3 
4 
5 
5 
5 
4 
6 
2 
6 
4 
1 405846281  
5 
5 
5 
3 
2 
2 
2 
3 
2 
1 482788140  
2 
4 
3 
1 1942937892  
2 
2 
5 
4 
5 
5 
3 
5 
1 1860094855  
5 
4 
5 
3 
6 
6 
6 
3 
3 
4 
5 
5 
2 
4 
1 1318229395  
2 
2 
2 
6 
6 
5 
4 
6 
2 
5 
1 1068346820  
4 
4 
1 1264590187  
5 
1 835837027  
3 
2 
4 
3 
1 1350499870  
6 
2 
3 
4 
5 
2 
5 
1 1489417435  
5 
1 2098464695  
2 
4 
1 386251515  
6 
4 
6 
2 
1 1003721204  
2 
1 1517278049  
6 
1 1927432617  
5 
5 
1 933106511  
5 
3 
1 1141217832  
5 
1 347020813  
6 
6 
6 
2 
5 
5 
6 
1 606767070  
1 413329484  
3 
5 
2 
1 15576529  
6 
5 
3 
4 
3 
5 
6 
6 
4 
3 
1 931861958  
1 1768106276  
5 
3 
4 
2 
5 
6 
4 
2 
6 
1 34504940  
2 
5 
6 
6 
5 
3 
2 
6 
3 
6 
6 
1 1369875560  
2 
1 1908975914  
3 
4 
3 
1 185825283  
4 
4 
3 
3 
1 1961650253  
6 
2 
1 378372095  
4 
2 
1 1526599557  
1 1534035434  
3 
2 
6 
3 
4 
1 784218377  
1 2009387697  
4 
6 
5 
4 
3 
5 
6 
2 
1 1329489679  
2 
6 
4 
5 
4 
4 
3 
3 
4 
1 496829584  
3 
6 
3 
1 1180133445  
3 
3 
1 250352851  
2 
3 
3 
2 
2 
2 
3 
6 
1 1761419771  
4 
2 
1 2015970472  
2 
2 
4 
5 
3 
5 
5 
2 
3 
3 
2 
1 1600852721  
5 
4 
4 
5 
3 
6 
1 1103353558  
4 
4 
3 
5 
4 
5 
4 
6 
3 
4 
5 
5 
6 
6 
1 1966951519  
3 
4 
4 
6 
4 
3 
6 
1 1987104236  
5 
6 
1 2107074763  
2 
4 
2 
5 
1 1336745921  
1 1767053206  
1 892697626  
6 
6 
6 
1 330480105  
2 
4 
4 
3 
6 
5 
1 2114074019  
3 
1 1499464696  
1 743809589  
2 
4 
5 
6 
2 
6 
2 
2 
3 
3 
3 
1 2129650548  
5 
5 
6 
5 
2 
5 
3 
3 
5 
1 283843007  
1 364432217  
3 
3 
6 
3 
3 
4 
4 
1 16671840  
5 
6 
4 
4 
3 
5 
3 
1 1653718567  
4 
1 125924483  
5 
5 
3 
3 
1 202497124  
5 
5 
3 
1 1467885172  
6 
6 
6 
6 
1 504296579  
3 
3 
2 
5 
5 
5 
5 
5 
3 
6 
1 1729096681  
4 
3 
2 
2 
4 
6 
2 
4 
2 
3 
2 
1 854436958  
3 
6 
5 
6 
2 
1 1288514956  
3 
5 
6 
3 
3 
1 1591000730  
3 
2 
3 
3 
3 
3 
4 
2 
2 
4 
3 
5 
6 
6 
5 
5 
4 
6 
4 
6 
4 
4 
4 
3 
2 
6 
6 
2 
5 
6 
4 
1 36442989  
3 
4 
3 
1 1785344540  
4 
1 623650527  
1 286795840  
1 1399280663  
6 
2 
2 
6 
5 
2 
1 492137351  
5 
3 
4 
3 
5 
2 
1 1887648562  
1 355150573  
2 
3 
4 
4 
5 
4 
5 
3 
4 
4 
1 311605223  
4 
3 
2 
1 1727269150  
2 
5 
2 
3 
2 
4 
6 
4 
5 
4 
2 
1 314741688  
5 
1 1648351144  
1 1346838708  
4 
4 
6 
4 
6 
3 
1 1207439314  
4 
6 
5 
5 
6 
6 
1 1978831249  
2 
2 
5 
5 
6 
6 
3 
6 
4 
6 
1 1313429080  
4 
2 
3 
6 
4 
5 
6 
6 
5 
6 
1 559420363  
4 
2 
5 
4 
1 575157190  
2 
2 
3 
3 
4 
1 1295595980  
3 
1 843263370  
4 
4 
4 
2 
3 
6 
1 939589407  
6 
1 1312267821  
5 
3 
3 
2 
3 
2 
4 
3 
5 
1 349498289  
6 
3 
1 1065513890  
6 
6 
3 
6 
6 
5 
2 
3 
6 
6 
2 
4 
2 
6 
4 
6 
1 1514764945  
1 1817383461  
3 
6 
6 
4 
5 
5 
3 
6 
1 1569810469  
6 
4 
6 
5 
2 
1 1096377978  
3 
1 524336771  
6 
6 
6 
3 
3 
1 710841777  
4 
2 
3 
1 539895060  
4 
4 
6 
3 
2 
3 
6 
3 
1 560779761  
4 
1 348702669  
3 
5 
4 
1 1163545588  
2 
6 
1 847575601  
5 
1 1747983332  
2 
1 1655682939  
3 
5 
4 
3 
2 
1 587740515  
2 
1 2103133906  
4 
1 1967288162  
5 
6 
4 
6 
1 167526018  
2 
2 
5 
5 
2 
1 270391946  
1 1468155658  
1 1514364726  
5 
5 
5 
1 1477831261  
3 
4 
1 1299503259  
6 
5 
6 
4 
6 
6 
1 680310158  
3 
1 2037251624  
3 
3 
5 
5 
1 1874660449  
3 
2 
2 
2 
5 
4 
2 
3 
5 
5 
3 
2 
4 
1 1975906139  
5 
6 
4 
6 
6 
6 
1 733031346  
3 
6 
1 666766208  
6 
5 
2 
1 1140690312  
2 
1 1082529635  
6 
3 
3 
5 
5 
1 1732280099  
1 507971609  
5 
1 752429448  
2 
4 
6 
5 
4 
2 
6 
3 
4 
3 
1 1154606920  
3 
3 
5 
1 1604349587  
3 
1 1276766219  
5 
4 
3 
5 
3 
2 
6 
6 
1 1865448698  
5 
2 
5 
1 2144244647  
4 
6 
5 
1 1837545980  
2 
2 
4 
5 
1 66667719  
3 
1 1160306587  
4 
5 
3 
6 
2 
5 
6 
1 537637934  
2 
4 
5 
2 
6 
3 
1 1814651052  
6 
1 668505879  
4 
6 
5 
5 
5 
6 
3 
2 
6 
5 
3 
3 
3 
3 
1 1125378449  
3 
2 
6 
6 
3 
6 
5 
3 
1 1770301310  
4 
6 
5 
1 488310393  
3 
3 
6 
3 
3 
2 
6 
6 
2 
3 
6 
3 
3 
5 
3 
3 
5 
2 
3 
6 
2 
6 
1 1292904467  
2 
2 
4 
3 
3 
5 
6 
6 
6 
5 
1 2040693256  
2 
2 
4 
1 1956466052  
1 659785546  
6 
3 
3 
6 
5 
4 
4 
3 
2 
5 
5 
2 
6 
4 
5 
3 
5 
3 
1 1371040869  
4 
6 
1 1108485663  
4 
4 
4 
6 
6 
5 
2 
3 
3 
3 
4 
2 
3 
1 1340095704  
2 
4 
5 
1 1260808845  
6 
6 
2 
2 
2 
1 835662465  
1 1168518195  
4 
5 
3 
2 
6 
3 
6 
5 
1 1993840191  
5 
3 
5 
5 
1 1502428673  
2 
4 
1 161724859  
4 
6 
2 
4 
6 
3 
6 
5 
5 
6 
5 
1 928886178  
2 
5 
3 
3 
2 
2 
3 
4 
2 
5 
2 
6 
6 
1 1087225124  
3 
1 669696468  
4 
4 
1 1681315626  
6 
3 
5 
1 94348397  
2 
2 
3 
6 
3 
3 
3 
4 
6 
5 
1 126562407  
5 
3 
1 810598198  
4 
3 
5 
4 
2 
2 
3 
3 
6 
2 
1 1959797095  
4 
6 
5 
1 123323407  
4 
6 
5 
2 
5 
5 
3 
6 
6 
6 
3 
6 
1 500660530  
4 
5 
5 
1 2026464814  
1 1283629994  
3 
2 
5 
2 
5 
3 
1 1038298464  
4 
3 
4 
4 
6 
3 
5 
6 
5 
4 
3 
3 
2 
2 
6 
6 
2 
1 1693632218  
3 
4 
3 
6 
3 
5 
5 
6 
6 
1 1952135873  
2 
1 16193266  
3 
2 
2 
2 
1 1316449880  
1 292962619  
6 
3 
1 1309097733  
4 
1 1209659489  
5 
4 
4 
2 
5 
5 
5 
1 101945023  
6 
1 1968883279  
3 
5 
3 
5 
6 
5 
2 
5 
5 
6 
6 
2 
1 433216710  
5 
5 
3 
3 
2 
3 
2 
5 
2 
2 
2 
3 
3 
4 
4 
3 
4 
5 
2 
3 
6 
6 
2 
1 1210430686  
5 
1 1161495336  
1 1694025556  
4 
4 
5 
1 2046093151  
3 
1 182529883  
3 
1 1540382099  
2 
1 1401038177  
2 
4 
1 344254743  
6 
1 321784630  
5 
3 
5 
1 340779653  
1 1013951211  
1 2003100256  
3 
1 435128050  
4 
4 
4 
5 
5 
6 
4 
4 
5 
6 
2 
1 1140513619  
1 666214806  
1 247441497  
4 
6 
1 1263837026  
1 1166875337  
3 
5 
2 
6 
3 
6 
5 
4 
2 
1 126422664  
3 
2 
2 
4 
1 399983372  
1 57690153  
6 
3 
3 
1 1820054882  
3 
5 
2 
4 
5 
3 
3 
2 
1 204635598  
2 
3 
2 
6 
2 
2 
6 
5 
5 
4 
5 
4 
4 
5 
5 
1 73883419  
3 
6 
2 
6 
2 
1 989021115  
5 
6 
4 
3 
3 
2 
3 
4 
2 
3 
5 
6 
6 
6 
3 
4 
2 
3 
6 
3 
6 
3 
4 
6 
6 
3 
4 
3 
4 
3 
4 
2 
2 
5 
2 
5 
1 497598217  
4 
4 
3 
6 
4 
6 
3 
4 
4 
2 
1 1382981153  
5 
3 
6 
1 51196956  
2 
3 
4 
3 
2 
6 
2 
4 
5 
6 
3 
5 
1 599543240  
2 
5 
5 
2 
1 1204380784  
6 
1 484413666  
2 
1 1809973926  
3 
1 218392472  
6 
3 
5 
5 
3 
6 
3 
5 
6 
4 
4 
5 
1 30955574  
1 1708583430  
3 
2 
3 
5 
6 
5 
1 400922356  
1 1571337674  
6 
1 962137959  
1 745177099  
5 
4 
3 
1 1893122304  
6 
5 
4 
5 
4 
4 
4 
6 
1 1302917612  
3 
4 
4 
1 1759128310  
6 
1 1748738912  
6 
2 
2 
3 
6 
3 
6 
1 1738045663  
1 752158281  
6 
3 
4 
2 
6 
1 267470071  
6 
5 
5 
4 
5 
1 1985487160  
2 
6 
3 
6 
3 
2 
3 
2 
5 
5 
6 
3 
1 2015995307  
1 1434345408  
4 
2 
4 
5 
4 
4 
5 
1 2111909824  
6 
3 
1 268495032  
5 
1 1492035561  
2 
4 
5 
1 1784481059  
6 
5 
1 473130630  
2 
5 
2 
6 
4 
4 
5 
2 
5 
2 
3 
3 
5 
4 
1 1565918981  
2 
3 
6 
5 
5 
3 
6 
6 
3 
1 626018526  
6 
4 
1 970728847  
1 801416486  
6 
3 
3 
6 
3 
4 
6 
4 
1 677215482  
6 
3 
3 
2 
3 
4 
5 
6 
6 
2 
1 1570272087  
1 2005797270  
4 
1 1161629148  
4 
4 
5 
6 
3 
1 1232762365  
6 
3 
1 76706095  
4 
2 
3 
6 
4 
4 
3 
4 
6 
2 
6 
3 
5 
1 1192584723  
3 
2 
2 
3 
3 
2 
6 
5 
5 
1 793862147  
6 
4 
5 
6 
5 
3 
5 
1 477628451  
4 
1 616438749  
5 
3 
5 
5 
1 1756000106  
3 
3 
2 
1 1222805550  
3 
4 
5 
6 
6 
1 362077405  
4 
4 
2 
6 
1 911434071  
6 
5 
3 
1 834450212  
1 2110816317  
1 501996086  
4 
6 
6 
4 
6 
1 1586608494  
2 
3 
5 
6 
1 230802740  
6 
2 
2 
5 
6 
3 
1 339999598  
1 1455120153  
5 
1 1665148148  
3 
3 
6 
3 
1 304425775  
2 
1 1723615185  
6 
6 
2 
2 
6 
5 
3 
2 
3 
6 
5 
1 1009700062  
6 
4 
6 
2 
1 2088906834  
3 
6 
6 
1 49262167  
4 
4 
1 428135395  
4 
4 
6 
3 
1 567441712  
1 1019991014  
4 
5 
1 1229551881  
4 
1 1244657194  
1 442779453  
3 
3 
3 
3 
3 
1 1087865503  
4 
4 
2 
3 
4 
5 
5 
6 
2 
4 
4 
4 
4 
5 
4 
6 
3 
6 
1 258802694  
5 
1 1675541819  
1 1164571598  
2 
5 
2 
3 
4 
3 
6 
4 
5 
5 
5 
4 
4 
4 
1 1451387417  
2 
2 
5 
1 321920318  
6 
3 
3 
3 
3 
1 1642200049  
2 
2 
3 
4 
4 
5 
6 
3 
3 
5 
3 
1 2067826166  
3 
1 2077920425  
3 
4 
6 
3 
2 
3 
3 
4 
5 
3 
6 
2 
3 
2 
3 
6 
1 717521951  
3 
5 
6 
2 
2 
2 
2 
5 
4 
2 
1 282419923  
5 
3 
5 
1 841870848  
3 
4 
1 1551972164  
1 245752593  
2 
4 
3 
3 
3 
2 
6 
4 
6 
1 1343866934  
2 
2 
2 
1 991097010  
6 
3 
6 
2 
2 
2 
3 
4 
5 
5 
5 
5 
2 
5 
2 
4 
2 
3 
4 
2 
1 476555333  
3 
1 1683866532  
5 
3 
6 
2 
2 
3 
2 
4 
4 
3 
4 
3 
4 
3 
4 
1 298733515  
5 
4 
2 
5 
2 
5 
3 
6 
2 
4 
1 2141703482  
6 
6 
1 1988292307  
4 
6 
6 
5 
1 2022348701  
3 
2 
3 
4 
2 
6 
5 
2 
5 
3 
3 
1 1003919896  
6 
4 
3 
1 1929715493  
3 
1 2071610868  
3 
4 
2 
5 
3 
4 
2 
1 1432055291  
2 
2 
5 
5 
6 
1 349673557  
5 
5 
5 
2 
6 
6 
6 
1 944118235  
5 
4 
4 
6 
2 
3 
4 
2 
5 
1 514123524  
4 
6 
6 
6 
6 
6 
1 1594330751  
5 
6 
5 
3 
5 
6 
6 
1 1386897688  
3 
4 
1 1601989027  
1 1853133446  
5 
3 
6 
2 
4 
3 
4 
1 914955859  
5 
5 
3 
3 
6 
6 
5 
6 
5 
4 
4 
3 
6 
1 619076978  
5 
6 
6 
1 1157037215  
3 
1 1236876178  
3 
6 
2 
5 
2 
1 113793379  
1 1077379734  
5 
6 
6 
4 
4 
6 
5 
1 1167312955  
5 
3 
1 831315331  
1 1359799657  
4 
2 
4 
6 
5 
3 
6 
2 
4 
5 
1 2009183803  
5 
4 
4 
1 235803847  
1 1605552250  
2 
6 
5 
5 
1 1205567089  
3 
4 
6 
3 
6 
1 1226900857  
5 
3 
2 
1 2082107584  
2 
3 
1 741949973  
1 1525634372  
5 
4 
5 
1 2076327418  
1 582758633  
4 
2 
1 1400499425  
5 
4 
4 
5 
2 
5 
4 
2 
3 
5 
5 
5 
5 
4 
2 
5 
4 
4 
1 932763666  
5 
5 
3 
1 364990478  
2 
3 
6 
5 
4 
2 
5 
3 
5 
4 
4 
3 
2 
1 1324626646  
6 
1 217335309  
2 
4 
6 
1 714664036  
1 121261233  
4 
3 
6 
5 
4 
1 731458833  
2 
4 
3 
6 
1 161511139  
5 
6 
5 
3 
4 
5 
6 
3 
4 
4 
5 
5 
2 
6 
6 
1 1508158921  
1 185964212  
4 
1 2014644585  
2 
5 
5 
1 275631133  
3 
1 805041190  
6 
3 
4 
1 1024198153  
3 
2 
2 
4 
5 
1 1512507311  
3 
3 
2 
6 
6 
4 
3 
6 
5 
4 
4 
1 918834570  
3 
4 
1 2101577887  
1 532336618  
2 
6 
5 
3 
1 1750149901  
5 
6 
1 1313893896  
6 
4 
1 394036773  
2 
2 
5 
2 
4 
5 
6 
5 
2 
1 1985953748  
3 
5 
3 
4 
3 
6 
1 771962499  
6 
5 
6 
4 
6 
2 
5 
6 
5 
4 
3 
4 
5 
1 1599603862  
4 
5 
2 
4 
4 
3 
3 
1 1065370957  
6 
3 
4 
2 
6 
6 
1 706586435  
6 
3 
1 194070187  
6 
6 
5 
6 
4 
6 
4 
6 
5 
5 
2 
4 
2 
2 
4 
6 
4 
2 
4 
2 
5 
5 
3 
4 
2 
1 443521681  
2 
6 
3 
3 
5 
3 
6 
1 635430205  
6 
1 776828820  
4 
1 1844021107  
6 
1 1568193871  
2 
3 
5 
1 1141819299  
2 
5 
2 
2 
3 
6 
6 
1 1021164105  
2 
2 
2 
2 
4 
3 
1 1785529180  
6 
3 
1 1856483335  
3 
2 
4 
3 
2 
1 1142425338  
6 
4 
6 
5 
5 
4 
3 
5 
4 
6 
2 
5 
3 
3 
4 
1 369504365  
3 
1 2017994474  
1 503100611  
5 
5 
4 
1 555468577  
2 
1 1885155412  
4 
1 778731744  
4 
6 
4 
5 
6 
2 
5 
6 
3 
3 
3 
6 
1 1360509768  
2 
5 
5 
1 761869917  
3 
4 
6 
5 
1 143755407  
2 
3 
3 
4 
6 
3 
1 131860690  
1 715964156  
3 
5 
2 
3 
4 
2 
2 
3 
6 
2 
4 
1 676092025  
2 
6 
4 
4 
6 
3 
1 1882010591  
5 
2 
5 
1 2029858052  
6 
1 1070128798  
6 
6 
5 
5 
1 1720480691  
6 
1 654336903  
2 
4 
6 
1 522249012  
2 
3 
5 
5 
5 
2 
3 
3 
6 
1 638368000  
1 1360923338  
1 716319200  
4 
4 
4 
6 
5 
5 
5 
4 
4 
5 
2 
1 1081889681  
2 
2 
5 
5 
2 
3 
3 
2 
5 
1 1996353543  
6 
6 
1 1493148020  
4 
4 
1 778427140  
6 
3 
3 
2 
3 
3 
6 
6 
5 
1 1417063766  
5 
3 
5 
5 
6 
3 
2 
3 
2 
4 
6 
1 487483671  
6 
4 
2 
4 
4 
4 
4 
6 
1 1799591245  
6 
4 
1 1055109298  
1 196483358  
4 
2 
5 
5 
2 
6 
5 
5 
1 794532935  
1 1424613663  
3 
2 
4 
4 
5 
5 
2 
2 
3 
5 
5 
2 
5 
6 
5 
1 66994185  
4 
2 
5 
2 
5 
2 
3 
2 
4 
4 
1 1297633547  
1 1980082241  
4 
5 
6 
5 
3 
5 
4 
3 
6 
3 
2 
5 
1 1952149597  
4 
3 
1 2076365291  
3 
5 
6 
6 
2 
4 
5 
5 
1 1193108361  
6 
5 
6 
2 
1 566535866  
3 
6 
3 
6 
5 
4 
2 
5 
3 
1 72637051  
5 
5 
3 
4 
1 1324969051  
4 
6 
5 
4 
3 
4 
3 
3 
6 
1 1282500022  
1 748729076  
6 
5 
5 
3 
4 
1 1059495994  
3 
5 
2 
6 
4 
6 
4 
6 
4 
1 1164874426  
6 
5 
1 1818857875  
4 
4 
6 
5 
3 
4 
6 
2 
4 
3 
4 
2 
3 
6 
3 
6 
4 
5 
5 
6 
1 632493037  
4 
5 
3 
6 
4 
5 
2 
5 
6 
2 
1 1819211330  
2 
5 
3 
1 193623239  
5 
1 1270861037  
4 
5 
6 
5 
3 
1 1032651020  
6 
4 
6 
2 
2 
4 
6 
6 
1 909942439  
2 
4 
1 205267070  
3 
3 
1 881520916  
3 
1 255606812  
1 983694211  
4 
5 
6 
5 
5 
5 
6 
4 
3 
1 151101034  
3 
3 
4 
4 
5 
6 
5 
3 
2 
3 
2 
6 
1 743090483  
1 635801808  
4 
5 
4 
6 
3 
2 
6 
3 
6 
2 
1 1206210333  
1 939573842  
3 
2 
1 1430334744  
1 483340348  
5 
3 
1 1006568027  
2 
4 
2 
5 
1 580484643  
3 
6 
3 
4 
2 
6 
6 
1 315938941  
5 
3 
4 
6 
5 
6 
5 
2 
3 
3 
1 811233976  
2 
1 509366286  
4 
6 
5 
2 
3 
4 
6 
3 
1 1509047302  
3 
6 
1 1377769842  
6 
5 
2 
5 
5 
6 
2 
3 
6 
5 
6 
4 
2 
5 
6 
1 582003337  
3 
6 
4 
5 
1 686532705  
1 512786216  
5 
1 1330732414  
5 
5 
3 
2 
3 
2 
4 
3 
2 
4 
2 
5 
1 1746028699  
6 
6 
6 
6 
4 
5 
6 
2 
3 
2 
1 1677660642  
4 
3 
1 1002106641  
5 
2 
5 
2 
4 
1 231038088  
4 
3 
3 
6 
6 
1 1349388324  
3 
2 
2 
6 
6 
5 
6 
5 
4 
4 
5 
5 
4 
3 
6 
3 
5 
1 1195729880  
4 
2 
3 
2 
5 
6 
6 
3 
1 1501899125  
1 234555697  
2 
1 2105672320  
3 
2 
2 
4 
6 
4 
6 
5 
1 1707166196  
4 
4 
5 
4 
1 1116076613  
5 
3 
1 213795484  
3 
1 543376759  
6 
5 
1 1267177647  
2 
3 
2 
5 
2 
5 
6 
2 
4 
2 
6 
1 956885967  
5 
1 1179178567  
4 
3 
2 
1 325904332  
3 
3 
1 1896459809  
2 
6 
2 
4 
2 
2 
6 
6 
4 
5 
1 462029663  
1 809244681  
6 
2 
3 
5 
5 
4 
1 755544188  
3 
4 
3 
3 
3 
4 
5 
4 
2 
3 
1 1042514306  
3 
1 1125183622  
2 
3 
5 
6 
3 
4 
2 
1 1566778164  
1 1551880593  
5 
3 
1 486747277  
3 
1 797064358  
5 
1 2133883930  
6 
6 
1 1173279982  
1 1309850574  
6 
3 
5 
1 1317132696  
1 771825034  
1 840027569  
6 
4 
3 
3 
1 171755689  
3 
2 
5 
1 1002863122  
4 
3 
5 
2 
1 41932245  
1 1367485570  
2 
5 
2 
2 
4 
1 357278600  
4 
2 
6 
5 
3 
3 
5 
1 276487942  
2 
3 
6 
2 
6 
4 
6 
2 
2 
6 
3 
6 
3 
6 
4 
3 
3 
6 
5 
4 
6 
3 
2 
2 
2 
2 
6 
6 
3 
1 1325674242  
4 
3 
4 
6 
1 2064444796  
3 
1 1392564555  
5 
2 
6 
6 
1 1539469726  
4 
1 460337907  
6 
6 
2 
6 
2 
6 
6 
1 512258555  
4 
4 
6 
5 
3 
6 
2 
2 
1 348872045  
6 
3 
6 
1 1639516474  
2 
4 
1 838162887  
5 
1 97848207  
1 2101546138  
4 
3 
1 1647407568  
2 
2 
1 853392395  
1 996576796  
3 
2 
5 
3 
4 
2 
2 
2 
2 
5 
3 
3 
5 
3 
5 
2 
6 
6 
6 
5 
2 
3 
4 
5 
6 
5 
6 
4 
3 
2 
3 
5 
6 
5 
1 625107543  
6 
5 
2 
2 
6 
1 272686912  
1 400973741  
1 1111854820  
5 
5 
3 
6 
2 
4 
4 
5 
1 1069751270  
1 387374024  
3 
5 
3 
6 
3 
2 
3 
1 137651154  
4 
1 232118197  
5 
3 
3 
1 1704506720  
5 
4 
2 
5 
1 909476188  
3 
4 
2 
2 
2 
6 
5 
2 
6 
4 
4 
1 1072145766  
1 1876262410  
6 
3 
4 
3 
3 
3 
5 
3 
5 
3 
5 
5 
2 
2 
5 
5 
6 
5 
5 
3 
3 
1 1912339311  
3 
5 
2 
1 1114078011  
6 
5 
5 
4 
2 
6 
4 
4 
6 
2 
1 1096264332  
6 
5 
5 
4 
6 
1 122134263  
1 1390565954  
4 
2 
6 
1 274454926  
3 
6 
4 
4 
6 
5 
1 39095411  
3 
2 
2 
1 635646861  
3 
4 
3 
3 
2 
3 
2 
5 
1 1813924652  
4 
4 
3 
2 
6 
4 
3 
3 
1 499433318  
5 
2 
6 
5 
3 
1 1147905416  
6 
2 
6 
6 
6 
4 
2 
2 
6 
2 
1 15313049  
4 
4 
2 
5 
3 
1 2138949792  
6 
5 
4 
6 
5 
3 
6 
6 
1 1986068304  
2 
4 
3 
6 
4 
4 
6 
4 
5 
5 
5 
3 
4 
5 
4 
1 113161256  
4 
6 
4 
1 2093012282  
2 
5 
5 
5 
3 
3 
2 
1 1485992224  
3 
5 
4 
2 
1 966553652  
4 
5 
4 
2 
6 
6 
3 
1 942105431  
3 
3 
5 
1 2111099767  
3 
4 
2 
1 1239240564  
1 1343079172  
4 
3 
5 
4 
1 1075470939  
6 
4 
4 
3 
2 
1 161508186  
6 
4 
4 
3 
6 
3 
6 
3 
3 
6 
2 
1 1730453196  
4 
5 
4 
5 
6 
1 1213122094  
3 
1 393626383  
3 
1 1287476269  
1 2122598282  
2 
6 
2 
4 
2 
6 
1 1465772149  
2 
5 
6 
3 
3 
3 
2 
2 
2 
2 
3 
1 1016255031  
4 
4 
1 1887453945  
2 
6 
1 432366513  
6 
1 2112519363  
2 
6 
6 
6 
3 
6 
5 
3 
1 2009588208  
6 
6 
4 
1 1822932467  
4 
2 
6 
5 
1 239490641  
3 
4 
3 
3 
1 2048683619  
6 
6 
4 
5 
1 311095680  
4 
3 
3 
6 
3 
4 
1 2053415293  
5 
6 
1 400633289  
5 
2 
2 
1 1459001097  
2 
4 
6 
2 
4 
2 
3 
4 
1 2068728342  
4 
5 
4 
4 
6 
1 392099434  
1 1297585753  
6 
1 34405951  
2 
1 337628068  
1 636094329  
1 1000959603  
1 1279733499  
5 
5 
5 
6 
5 
2 
2 
3 
2 
2 
6 
6 
1 599710449  
5 
3 
6 
6 
1 92716519  
1 475329024  
3 
6 
3 
3 
1 1675181388  
5 
2 
4 
1 254224705  
2 
6 
6 
4 
3 
5 
5 
2 
6 
4 
6 
3 
1 58298572  
4 
5 
6 
3 
1 740819834  
2 
4 
1 647851089  
4 
2 
6 
2 
4 
6 
1 1345774841  
4 
6 
2 
6 
3 
6 
4 
2 
1 715934469  
1 2113623238  
4 
1 214546224  
2 
2 
4 
6 
1 455904766  
4 
2 
3 
4 
2 
6 
2 
3 
6 
4 
3 
6 
6 
4 
1 398506103  
3 
1 179581939  
1 318009327  
6 
3 
5 
1 73954922  
1 419072580  
6 
4 
4 
5 
3 
3 
3 
3 
4 
2 
5 
3 
5 
1 219209298  
2 
2 
4 
1 385050603  
2 
3 
1 325004225  
1 619842588  
6 
6 
3 
3 
1 1844051700  
6 
6 
6 
4 
6 
1 246248920  
2 
1 1011942022  
3 
4 
6 
1 994153805  
3 
4 
6 
6 
3 
2 
2 
1 280654871  
5 
5 
2 
5 
6 
5 
4 
5 
3 
6 
5 
3 
5 
3 
1 1349570090  
3 
6 
1 1630248134  
6 
3 
4 
3 
6 
3 
2 
4 
1 1281614474  
3 
6 
4 
1 481819942  
2 
3 
6 
3 
3 
6 
1 82474935  
4 
2 
1 1374330993  
6 
2 
5 
3 
4 
5 
5 
1 957148966  
3 
5 
5 
4 
3 
4 
3 
6 
3 
5 
6 
3 
4 
4 
4 
1 1757656324  
5 
6 
5 
1 1628555698  
4 
5 
3 
2 
6 
3 
3 
5 
2 
3 
6 
3 
1 1015447538  
1 350992510  
6 
1 128923139  
3 
4 
2 
4 
4 
3 
1 213738732  
2 
3 
3 
6 
6 
5 
6 
1 1066926979  
6 
5 
2 
3 
2 
3 
1 95062730  
2 
6 
5 
2 
4 
1 428284956  
3 
5 
1 1522831746  
3 
3 
4 
5 
5 
6 
5 
6 
5 
4 
6 
2 
5 
1 493568833  
1 607866896  
5 
1 1840841073  
5 
1 567523756  
2 
5 
1 1026939476  
5 
6 
1 2060050371  
3 
5 
2 
6 
5 
2 
2 
1 952574359  
2 
4 
6 
4 
3 
3 
1 1351943702  
1 532409311  
4 
2 
2 
3 
4 
4 
5 
6 
1 649142411  
4 
5 
1 1598192622  
2 
6 
5 
3 
6 
1 1544351333  
6 
5 
3 
3 
1 1643296216  
1 1878847493  
4 
6 
3 
6 
4 
5 
4 
5 
6 
6 
6 
2 
5 
3 
1 746437776  
6 
5 
5 
5 
3 
3 
4 
4 
3 
4 
2 
6 
6 
2 
1 1126060702  
4 
2 
6 
5 
2 
4 
3 
4 
5 
3 
2 
5 
3 
1 1012978319  
6 
4 
5 
5 
2 
3 
1 1228257718  
1 1208535638  
6 
5 
5 
5 
1 239825664  
3 
3 
4 
3 
5 
5 
5 
2 
6 
2 
6 
4 
4 
5 
6 
4 
1 37923036  
2 
1 818708314  
5 
2 
1 1868381362  
1 1053370574  
4 
3 
3 
3 
1 1169700824  
5 
1 1997304502  
6 
1 1267109306  
3 
3 
1 89144156  
6 
2 
3 
5 
1 2092367232  
1 1695394263  
4 
1 1611975902  
3 
4 
3 
5 
3 
3 
6 
2 
2 
5 
6 
5 
1 438452417  
2 
1 155777511  
6 
1 1305333327  
1 1005976173  
3 
6 
1 1182716987  
6 
1 1217900050  
6 
4 
5 
3 
6 
5 
6 
5 
5 
5 
6 
5 
1 1958550532  
4 
2 
4 
6 
6 
2 
2 
2 
3 
6 
6 
6 
2 
1 387177041  
3 
5 
1 1750309362  
4 
2 
6 
1 460209295  
2 
4 
2 
5 
4 
2 
5 
6 
6 
2 
6 
3 
6 
3 
4 
5 
1 1985369663  
5 
2 
5 
6 
4 
5 
6 
1 1147177047  
5 
6 
2 
5 
2 
6 
3 
1 2103505511  
6 
5 
3 
4 
1 1716733508  
3 
6 
2 
3 
1 1893614823  
3 
4 
6 
1 1082082566  
5 
4 
4 
6 
5 
2 
5 
6 
4 
6 
3 
6 
6 
3 
5 
2 
1 582228179  
3 
2 
2 
5 
6 
2 
3 
2 
2 
4 
2 
5 
6 
1 974388893  
6 
1 143134556  
1 822053843  
2 
1 1012311929  
3 
2 
4 
1 961842870  
6 
1 542951558  
4 
4 
4 
3 
3 
5 
4 
4 
4 
2 
3 
1 2065682504  
4 
4 
6 
1 2131543694  
5 
3 
2 
4 
2 
6 
3 
4 
5 
4 
4 
3 
5 
1 392772412  
3 
6 
1 1185308162  
1 73204202  
1 337655996  
6 
3 
2 
2 
1 733218777  
5 
4 
5 
4 
6 
4 
1 1685180104  
2 
6 
5 
5 
1 776108413  
5 
4 
1 888996288  
5 
5 
6 
1 843029783  
1 1782084587  
3 
6 
2 
3 
3 
4 
5 
5 
6 
2 
4 
2 
6 
6 
6 
1 2071713276  
3 
2 
1 2060929834  
1 1593151471  
5 
3 
6 
4 
6 
3 
3 
4 
5 
1 311406669  
2 
5 
1 1663755548  
6 
2 
4 
2 
6 
5 
5 
4 
5 
2 
1 2053360767  
5 
3 
3 
6 
4 
3 
6 
1 149292685  
2 
1 663448947  
3 
3 
4 
3 
6 
5 
1 2009382630  
1 1866026193  
3 
1 409580123  
1 943981548  
1 300770725  
2 
6 
4 
1 1383969016  
2 
1 1087116104  
5 
5 
2 
2 
4 
1 1122824568  
2 
4 
6 
3 
1 248797298  
2 
2 
4 
3 
6 
2 
5 
4 
2 
6 
5 
6 
5 
6 
2 
2 
2 
1 2048958974  
4 
6 
3 
2 
4 
1 1665776126  
2 
4 
5 
5 
2 
2 
3 
2 
2 
1 166996154  
5 
4 
1 2033019021  
6 
5 
1 2058548538  
3 
6 
3 
3 
3 
6 
4 
3 
1 1352304316  
6 
2 
5 
3 
1 2106223223  
1 248720886  
5 
1 2085523094  
5 
4 
1 1643919680  
5 
4 
5 
2 
1 1024829300  
2 
3 
1 827035734  
3 
1 339465815  
2 
2 
6 
5 
6 
1 659430239  
4 
3 
6 
5 
5 
5 
6 
1 751265362  
2 
3 
3 
4 
4 
1 252912001  
3 
1 105098062  
2 
4 
5 
6 
2 
5 
6 
5 
6 
6 
2 
6 
4 
4 
3 
3 
6 
1 1062672032  
3 
1 1916667549  
5 
2 
3 
2 
5 
6 
5 
3 
2 
6 
5 
2 
3 
1 10975181  
2 
1 1211964717  
3 
1 432632849  
5 
4 
4 
5 
4 
4 
2 
4 
6 
3 
1 2020357812  
2 
5 
2 
3 
5 
2 
5 
4 
4 
3 
4 
5 
3 
3 
1 930507262  
6 
4 
6 
5 
4 
4 
1 842212972  
5 
5 
2 
6 
2 
2 
1 816855712  
4 
3 
1 1231277987  
4 
4 
6 
3 
2 
5 
1 78698340  
1 1903971817  
5 
2 
2 
3 
1 206618908  
1 327495638  
3 
6 
5 
4 
5 
6 
3 
6 
2 
2 
3 
6 
2 
3 
3 
1 1805447143  
5 
4 
6 
5 
2 
3 
3 
6 
3 
5 
5 
1 1872395034  
2 
4 
1 494491792  
4 
3 
1 1690982516  
2 
2 
5 
4 
1 1783459925  
3 
4 
5 
4 
1 1846796109  
5 
4 
5 
5 
1 1649722092  
1 2032180811  
6 
2 
6 
1 1784835555  
1 1146158124  
5 
6 
1 909526463  
5 
4 
1 464387641  
2 
2 
1 1485623939  
1 1568956702  
6 
6 
1 1215653004  
4 
2 
1 1738535941  
6 
1 1674054765  
6 
3 
3 
4 
6 
2 
3 
4 
6 
2 
2 
3 
5 
6 
4 
1 130841388  
6 
5 
3 
4 
4 
4 
3 
1 1507719842  
1 1685029946  
6 
4 
1 1342806105  
2 
1 1940352691  
2 
6 
2 
1 1557904110  
1 125829719  
5 
5 
6 
6 
3 
1 635082015  
1 227276175  
1 1357107707  
2 
6 
2 
4 
5 
6 
4 
4 
3 
6 
4 
1 713780356  
3 
3 
5 
5 
5 
4 
3 
6 
3 
3 
2 
3 
6 
2 
2 
6 
4 
2 
6 
3 
1 2131247992  
1 1563726615  
4 
3 
2 
4 
1 1041275994  
6 
3 
1 1789211487  
5 
5 
4 
1 1288638001  
6 
2 
2 
6 
3 
6 
3 
6 
4 
1 1535767787  
4 
4 
1 1332710356  
2 
2 
1 924614278  
2 
2 
5 
4 
3 
1 1235080248  
5 
4 
6 
4 
5 
5 
4 
1 834948800  
5 
5 
2 
6 
6 
1 809311442  
5 
5 
2 
4 
6 
4 
5 
5 
4 
6 
5 
4 
3 
4 
5 
2 
1 872432155  
2 
1 1981106924  
6 
1 1718837905  
5 
6 
2 
2 
1 1336819796  
2 
4 
4 
6 
2 
1 1319247215  
6 
1 1140310960  
2 
6 
5 
3 
4 
4 
2 
5 
6 
5 
5 
3 
4 
3 
3 
5 
4 
4 
5 
3 
1 404989152  
5 
5 
6 
1 910299508  
4 
1 666882077  
6 
3 
2 
3 
1 535830540  
4 
4 
4 
1 270535703  
2 
6 
1 204428375  
1 1878636645  
4 
5 
4 
4 
6 
5 
3 
5 
6 
3 
6 
2 
5 
1 63404746  
6 
3 
4 
1 1762332486  
3 
1 2004466365  
4 
2 
2 
5 
1 698486762  
4 
2 
5 
4 
6 
3 
5 
6 
4 
2 
1 1989608661  
4 
4 
5 
3 
3 
2 
3 
2 
6 
2 
2 
1 1214090424  
4 
4 
3 
6 
5 
6 
6 
4 
1 1412267118  
6 
5 
1 1973373005  
4 
2 
3 
1 630333391  
5 
3 
3 
1 306059464  
1 1615100844  
3 
2 
2 
6 
6 
5 
2 
6 
4 
5 
2 
1 1918971392  
3 
5 
1 1841827251  
2 
4 
5 
1 800327552  
5 
6 
1 696102023  
1 929423851  
6 
4 
5 
3 
1 1635276352  
1 1505413465  
5 
1 1801856006  
1 1468899628  
6 
3 
1 1076767722  
6 
3 
5 
5 
2 
4 
1 991192155  
3 
2 
4 
6 
3 
3 
2 
5 
1 640663196  
4 
6 
6 
6 
1 69595034  
5 
6 
6 
1 1396181307  
4 
2 
1 1550962704  
2 
5 
3 
4 
2 
4 
3 
6 
1 736477111  
1 1932011848  
2 
1 1821498407  
6 
2 
6 
4 
1 940905487  
3 
5 
1 1663164845  
5 
5 
6 
6 
6 
1 1884903154  
5 
1 555754325  
1 1520147562  
3 
5 
6 
2 
1 435906268  
1 397879338  
5 
2 
1 586754338  
6 
6 
4 
2 
5 
5 
4 
3 
3 
3 
3 
3 
2 
1 1848173386  
2 
2 
1 223768695  
1 1217087729  
4 
1 6749202  
1 1838869539  
5 
5 
4 
2 
6 
4 
5 
6 
1 988575474  
4 
3 
4 
4 
5 
4 
4 
3 
2 
3 
4 
5 
6 
1 1848576454  
2 
5 
2 
5 
1 491713444  
4 
1 1684677497  
6 
4 
5 
2 
4 
1 630516657  
3 
4 
4 
5 
1 2126989796  
4 
1 1042607314  
1 284889016  
6 
1 1448405777  
2 
3 
1 2119375036  
1 1276081171  
2 
2 
4 
6 
3 
3 
2 
6 
1 2089068973  
6 
3 
5 
2 
2 
1 41486423  
5 
5 
6 
3 
5 
1 524778830  
3 
3 
5 
5 
5 
4 
4 
5 
5 
2 
1 1492548029  
6 
3 
5 
4 
5 
2 
3 
4 
5 
5 
1 777963534  
6 
2 
2 
3 
3 
3 
5 
3 
5 
3 
1 309307030  
4 
1 1166562789  
6 
2 
6 
3 
3 
6 
6 
5 
1 1718869021  
1 1972471876  
1 903982295  
1 127139698  
4 
1 1345135790  
6 
1 1339888563  
2 
2 
5 
5 
2 
1 525019036  
6 
3 
3 
5 
4 
3 
4 
1 1931890129  
6 
5 
6 
5 
3 
3 
1 1040578301  
5 
5 
5 
2 
3 
4 
5 
6 
6 
4 
4 
6 
4 
1 748787731  
5 
1 1001494210  
2 
5 
4 
5 
6 
6 
4 
4 
2 
6 
3 
5 
4 
1 1047327503  
5 
4 
3 
1 440173623  
6 
2 
2 
4 
6 
4 
5 
3 
5 
6 
3 
4 
6 
2 
4 
4 
1 1990069684  
5 
4 
5 
5 
3 
3 
4 
1 748420309  
4 
2 
2 
3 
4 
2 
4 
4 
2 
2 
1 931887067  
1 1527263533  
5 
6 
4 
6 
1 1378936967  
4 
5 
1 911393215  
3 
3 
3 
6 
6 
2 
4 
3 
2 
6 
3 
6 
3 
1 422387199  
5 
4 
3 
2 
5 
2 
3 
4 
3 
3 
4 
6 
2 
4 
5 
4 
4 
5 
1 1663825983  
5 
1 212315344  
5 
3 
2 
4 
5 
6 
2 
6 
6 
3 
1 394278588  
6 
5 
1 792423506  
1 153900669  
5 
5 
6 
4 
5 
2 
2 
5 
5 
6 
3 
1 435765011  
6 
1 1317202336  
5 
1 1646448699  
6 
5 
4 
6 
5 
2 
6 
4 
1 1213728545  
5 
6 
2 
4 
6 
1 1626509367  
4 
1 665527840  
3 
4 
6 
2 
6 
3 
5 
5 
4 
2 
6 
4 
3 
2 
6 
6 
1 785113919  
3 
1 1451497595  
6 
2 
3 
2 
4 
5 
4 
2 
1 1569510135  
6 
6 
2 
4 
4 
6 
5 
2 
4 
1 912253617  
6 
6 
6 
4 
5 
3 
3 
1 649149737  
5 
1 761915050  
6 
2 
2 
2 
1 1437272654  
1 433556218  
2 
3 
2 
1 1802493351  
4 
2 
3 
3 
2 
5 
2 
1 38576737  
2 
6 
6 
4 
6 
3 
2 
4 
6 
2 
1 1435050429  
1 702337206  
1 478750360  
6 
3 
3 
5 
5 
6 
4 
5 
5 
5 
1 1277636465  
5 
2 
4 
5 
3 
6 
4 
4 
1 1450757516  
5 
2 
3 
6 
1 1410637427  
4 
2 
3 
5 
5 
5 
4 
4 
1 657416351  
1 682210835  
4 
4 
1 174546995  
3 
4 
5 
2 
4 
6 
2 
3 
5 
2 
1 1079803550  
6 
2 
3 
4 
1 198553170  
4 
1 386862339  
2 
4 
6 
1 1474082138  
2 
4 
1 990976676  
6 
6 
3 
3 
1 540763009  
1 1909847149  
1 160695364  
2 
5 
3 
4 
5 
4 
4 
3 
3 
6 
4 
5 
5 
2 
2 
6 
4 
5 
1 39728060  
1 976092047  
4 
6 
2 
5 
1 1787204731  
3 
6 
2 
1 705255900  
5 
6 
4 
2 
1 1761205966  
1 1091218678  
3 
3 
5 
6 
5 
6 
4 
6 
1 127282387  
3 
4 
4 
6 
4 
3 
5 
4 
5 
5 
5 
2 
2 
4 
2 
2 
5 
6 
4 
6 
4 
5 
6 
4 
5 
3 
3 
6 
1 525975935  
6 
4 
2 
4 
4 
5 
3 
3 
2 
5 
3 
1 1740368416  
4 
6 
2 
4 
1 889197437  
5 
2 
3 
6 
1 1963248589  
3 
1 26440986  
2 
5 
5 
4 
1 544207140  
3 
1 2001825327  
4 
1 1461491415  
4 
3 
5 
3 
2 
1 1246544346  
3 
1 333092039  
4 
4 
3 
1 591644233  
5 
4 
5 
3 
5 
6 
4 
2 
2 
1 549818214  
6 
5 
5 
5 
4 
3 
6 
5 
6 
6 
1 1743729467  
3 
6 
3 
6 
6 
2 
3 
3 
6 
3 
4 
5 
3 
5 
4 
3 
2 
6 
1 1249060584  
4 
4 
6 
1 1232029049  
5 
2 
2 
2 
5 
6 
1 1918276462  
6 
6 
6 
2 
4 
1 181380486  
5 
4 
5 
2 
4 
2 
1 1430582219  
2 
5 
3 
4 
5 
1 157655153  
3 
4 
4 
4 
2 
1 1655462625  
4 
4 
3 
4 
5 
4 
5 
2 
6 
6 
4 
1 274075247  
4 
6 
3 
4 
5 
5 
6 
5 
2 
3 
4 
3 
3 
1 698418162  
6 
5 
6 
1 1417826126  
4 
1 434770612  
2 
6 
1 738146222  
3 
1 246434525  
3 
1 74491695  
2 
2 
1 1443402122  
3 
2 
4 
4 
2 
3 
3 
5 
1 2007640491  
3 
3 
2 
1 1165710374  
6 
1 1570684509  
2 
6 
5 
2 
2 
3 
4 
2 
2 
2 
5 
3 
5 
5 
6 
2 
6 
3 
3 
3 
2 
3 
2 
6 
5 
6 
2 
1 386132779  
2 
6 
3 
4 
4 
5 
6 
5 
1 758595142  
6 
5 
4 
5 
5 
6 
4 
3 
6 
1 312398298  
1 201897720  
4 
6 
4 
2 
1 785036128  
1 856605438  
4 
3 
2 
5 
2 
6 
3 
2 
2 
5 
1 56239399  
1 99043896  
2 
6 
2 
3 
1 2103149785  
3 
3 
2 
3 
1 389331439  
6 
6 
3 
2 
3 
4 
6 
2 
4 
1 690688129  
2 
1 505484351  
1 2133060906  
2 
6 
2 
6 
1 1939748713  
5 
1 1737513401  
1 1903853720  
6 
4 
5 
3 
6 
2 
5 
4 
2 
6 
2 
3 
1 2121129199  
1 1020611972  
1 2061508873  
1 1629108176  
5 
4 
1 1294687220  
4 
6 
6 
4 
6 
3 
3 
4 
3 
1 612443388  
1 899450655  
2 
2 
4 
3 
5 
5 
6 
2 
2 
3 
5 
2 
1 1729457832  
3 
6 
3 
2 
2 
2 
5 
5 
4 
6 
1 1350589610  
2 
6 
1 1145885180  
5 
2 
5 
6 
6 
4 
6 
3 
2 
3 
4 
3 
5 
4 
2 
2 
1 1803949527  
5 
5 
3 
1 646508085  
4 
3 
5 
1 1006042024  
6 
1 822176253  
6 
2 
3 
4 
6 
3 
1 69708946  
3 
1 1392174803  
2 
1 1580771395  
5 
2 
6 
3 
3 
6 
2 
2 
2 
4 
5 
2 
3 
4 
2 
3 
4 
1 382107245  
1 1594072523  
5 
3 
2 
4 
5 
6 
5 
1 218323876  
6 
2 
5 
5 
4 
6 
3 
4 
2 
2 
1 1238712683  
4 
1 1650311923  
6 
4 
4 
6 
1 317367772  
5 
2 
1 1194378820  
5 
1 2039643362  
3 
2 
3 
6 
4 
1 1008055901  
4 
5 
1 1699863172  
4 
3 
4 
3 
1 2025220620  
1 800320966  
3 
5 
1 1289892925  
6 
5 
6 
5 
6 
5 
1 1781590692  
3 
3 
4 
2 
4 
2 
3 
5 
6 
1 773966517  
6 
4 
4 
3 
1 163021249  
4 
3 
4 
2 
6 
1 1695615917  
4 
5 
3 
3 
2 
1 255591046  
3 
1 1457708469  
3 
2 
2 
1 160575657  
1 1155041701  
6 
1 1039682653  
3 
2 
5 
1 1511165268  
3 
5 
5 
2 
4 
2 
6 
1 153443233  
6 
6 
3 
6 
2 
2 
6 
1 696148533  
3 
6 
5 
2 
2 
5 
4 
2 
5 
3 
4 
4 
3 
4 
1 10189705  
6 
2 
2 
3 
6 
1 1159485257  
4 
1 1518324786  
5 
5 
6 
3 
3 
1 79898651  
1 404176412  
6 
2 
5 
5 
5 
2 
2 
3 
5 
2 
2 
4 
4 
6 
5 
6 
4 
2 
5 
4 
3 
1 951612534  
6 
2 
4 
1 462005896  
4 
6 
6 
1 1998248936  
5 
4 
4 
6 
1 1169936410  
6 
6 
3 
1 1700718580  
5 
6 
4 
3 
4 
6 
5 
1 1501077211  
2 
2 
2 
5 
3 
2 
5 
6 
6 
6 
6 
2 
2 
2 
3 
5 
2 
6 
3 
1 1487304182  
5 
3 
3 
5 
6 
1 747613752  
2 
6 
1 1393236925  
4 
1 347876435  
4 
1 299993276  
3 
6 
6 
4 
2 
4 
4 
3 
1 1270973897  
5 
2 
2 
3 
3 
4 
3 
5 
5 
2 
1 1148197401  
5 
4 
6 
3 
6 
4 
5 
1 1589886201  
2 
4 
4 
2 
1 905080941  
2 
2 
2 
4 
3 
4 
1 1922163918  
2 
6 
1 1752907451  
4 
5 
5 
5 
1 453213210  
5 
1 30271316  
1 1063132272  
5 
2 
6 
5 
6 
6 
5 
3 
6 
5 
5 
3 
3 
5 
6 
3 
1 613788868  
5 
5 
6 
2 
1 1185313017  
1 2102814926  
4 
4 
3 
6 
5 
2 
4 
6 
4 
2 
2 
1 2124954136  
3 
6 
3 
3 
6 
5 
6 
4 
3 
6 
2 
5 
2 
5 
4 
1 1338756251  
6 
2 
1 651479811  
4 
5 
1 2135143841  
2 
2 
1 350757860  
2 
4 
6 
4 
6 
5 
3 
3 
2 
6 
6 
1 22320949  
4 
6 
4 
4 
3 
2 
4 
2 
6 
5 
6 
6 
1 67558844  
4 
4 
2 
4 
3 
2 
3 
1 754934273  
5 
2 
4 
6 
4 
6 
5 
4 
4 
2 
3 
1 973933483  
4 
5 
4 
1 529564741  
4 
5 
2 
6 
6 
3 
4 
4 
1 605699561  
4 
1 2143869893  
3 
3 
6 
5 
4 
1 82799673  
1 2106776772  
6 
6 
6 
6 
5 
3 
1 1483690427  
2 
1 830413425  
4 
5 
4 
5 
3 
6 
4 
3 
2 
5 
4 
6 
4 
4 
1 1352530049  
1 1831566862  
2 
3 
6 
2 
3 
3 
6 
1 1130406702  
5 
4 
1 476020298  
3 
6 
2 
6 
6 
4 
3 
6 
2 
6 
2 
5 
6 
5 
1 832280615  
5 
3 
6 
4 
3 
6 
3 
2 
3 
6 
3 
3 
6 
6 
1 572809255  
2 
5 
3 
2 
4 
5 
4 
4 
5 
1 1381101239  
3 
4 
5 
1 606960886  
1 178233058  
1 1834314449  
1 637232202  
4 
5 
1 1241365331  
2 
2 
6 
2 
5 
6 
6 
4 
6 
6 
5 
3 
4 
2 
5 
1 300619669  
3 
1 1822545220  
2 
6 
5 
5 
1 1196696609  
6 
5 
5 
4 
4 
1 278090157  
5 
1 1013817823  
4 
5 
6 
3 
6 
5 
6 
5 
3 
2 
3 
5 
6 
6 
6 
4 
6 
5 
1 1848176420  
5 
1 265750350  
1 1364575683  
2 
2 
6 
2 
2 
1 1870497369  
4 
5 
1 333309195  
5 
3 
3 
3 
4 
5 
3 
1 2119509956  
1 696947205  
5 
6 
4 
5 
5 
2 
5 
1 862873936  
5 
3 
4 
3 
2 
2 
6 
1 577725869  
2 
3 
3 
4 
5 
5 
1 693333450  
4 
3 
6 
4 
5 
2 
5 
2 
4 
1 945673609  
4 
2 
5 
1 537018993  
3 
2 
2 
1 29540230  
5 
5 
1 1776087034  
4 
2 
3 
4 
1 1889549042  
6 
3 
5 
3 
5 
2 
6 
6 
4 
2 
1 1861107092  
1 759010088  
1 218085692  
4 
1 545904060  
3 
1 1331819344  
1 1599186931  
5 
4 
1 1152864946  
6 
4 
1 1510052402  
4 
5 
2 
3 
4 
6 
4 
6 
4 
4 
2 
2 
4 
6 
6 
1 1286017733  
6 
3 
4 
3 
1 1790097148  
2 
5 
5 
4 
6 
1 603934085  
2 
2 
4 
3 
4 
2 
5 
5 
3 
1 1586637402  
6 
3 
1 1465158720  
5 
2 
6 
3 
2 
1 1800630694  
2 
5 
1 1864727560  
2 
2 
6 
3 
3 
5 
6 
5 
3 
4 
6 
5 
1 331492895  
4 
3 
4 
3 
5 
5 
5 
2 
2 
4 
1 1501323466  
5 
2 
4 
6 
1 2130477910  
6 
4 
1 1696068579  
3 
6 
3 
4 
4 
5 
2 
5 
3 
3 
3 
1 1224337188  
3 
4 
4 
6 
5 
5 
2 
2 
6 
6 
3 
1 316303457  
6 
3 
4 
1 1668094887  
4 
5 
1 1921284393  
6 
5 
6 
5 
6 
6 
3 
6 
1 1179177393  
3 
3 
6 
5 
6 
2 
3 
5 
6 
3 
1 98337109  
3 
1 467134195  
1 2124851002  
5 
4 
4 
2 
5 
2 
3 
6 
5 
3 
2 
3 
4 
1 635356102  
2 
2 
2 
3 
1 496674425  
5 
5 
4 
4 
4 
4 
3 
4 
6 
1 1753454389  
1 377421497  
5 
5 
6 
4 
3 
4 
1 210297870  
4 
4 
6 
1 364980829  
6 
6 
1 595507189  
5 
4 
5 
3 
1 756201930  
4 
6 
1 1696800173  
2 
6 
1 47210473  
6 
5 
1 1909066876  
3 
1 1059368928  
2 
2 
6 
4 
2 
1 1333228206  
5 
3 
2 
4 
1 1551680376  
3 
2 
2 
2 
3 
2 
4 
2 
3 
2 
4 
5 
6 
3 
2 
5 
5 
3 
4 
6 
6 
2 
5 
6 
2 
5 
6 
6 
3 
3 
1 1663303013  
3 
4 
4 
5 
4 
3 
6 
2 
5 
2 
5 
6 
4 
4 
5 
1 772381960  
2 
6 
6 
3 
4 
3 
3 
2 
3 
5 
5 
6 
5 
1 869355449  
4 
3 
1 1316450060  
3 
3 
4 
1 489625872  
3 
4 
1 1200848344  
5 
5 
4 
6 
4 
1 670289878  
6 
2 
2 
6 
5 
2 
3 
3 
4 
6 
2 
5 
6 
3 
2 
6 
2 
6 
4 
5 
3 
1 472620135  
4 
2 
4 
3 
3 
3 
6 
6 
6 
3 
2 
3 
1 749433275  
5 
2 
2 
5 
6 
1 1894627066  
1 788923592  
1 270044515  
2 
3 
4 
4 
2 
5 
2 
6 
3 
3 
1 1668427811  
6 
2 
3 
5 
4 
4 
2 
2 
2 
2 
2 
1 1968100986  
4 
1 368381624  
5 
2 
5 
3 
6 
1 2135562007  
3 
6 
5 
3 
2 
1 1945468340  
5 
2 
6 
6 
3 
2 
4 
6 
4 
6 
1 1003737726  
4 
3 
4 
4 
2 
3 
3 
1 484752784  
6 
4 
4 
3 
3 
4 
2 
4 
6 
