1 171351085  
1 1729968243  
3 
3 
5 
1 1178758569  
4 
5 
5 
3 
3 
1 444838060  
6 
3 
5 
6 
5 
5 
4 
1 1418912198  
6 
5 
6 
5 
1 1608222183  
1 1772147581  
6 
3 
5 
6 
6 
5 
3 
3 
4 
5 
3 
1 589182863  
3 
1 1079024463  
4 
5 
2 
5 
4 
1 1849664511  
4 
2 
6 
6 
5 
2 
1 1783146065  
5 
4 
3 
4 
4 
5 
6 
6 
2 
6 
1 414143103  
3 
4 
3 
4 
5 
1 1425736903  
1 24748762  
1 985088790  
2 
3 
1 2101938797  
5 
4 
3 
2 
6 
6 
6 
3 
4 
4 
3 
2 
6 
6 
4 
1 1927004030  
2 
2 
1 528654578  
1 1602835650  
4 
3 
5 
2 
4 
3 
2 
5 
2 
2 
1 916451035  
2 
2 
5 
4 
6 
4 
4 
5 
3 
1 86210249  
6 
5 
3 
6 
1 822494116  
1 1482211213  
5 
2 
4 
3 
2 
3 
4 
3 
3 
3 
3 
5 
1 1295781905  
1 966037878  
4 
4 
1 287256401  
4 
6 
5 
2 
5 
3 
1 238268939  
2 
4 
3 
1 457827664  
4 
2 
2 
1 270248341  
3 
2 
1 452568272  
6 
4 
5 
4 
6 
6 
5 
2 
5 
1 1352957803  
4 
1 441599426  
3 
3 
3 
1 35052867  
2 
1 384232725  
1 886437487  
6 
4 
6 
6 
1 1453965066  
3 
3 
1 1992454908  
4 
2 
1 511101420  
5 
2 
4 
1 2043147929  
3 
5 
5 
2 
6 
6 
6 
1 923995723  
4 
2 
4 
1 213282283  
2 
6 
1 1678810346  
1 1338138826  
3 
4 
2 
2 
2 
2 
1 1639019186  
6 
4 
3 
6 
5 
2 
1 1703559109  
5 
6 
3 
6 
5 
3 
4 
1 175743968  
6 
6 
6 
4 
5 
4 
3 
1 1593474335  
4 
1 1483079491  
3 
3 
6 
1 704398547  
4 
6 
3 
1 1048826337  
1 252046878  
1 790608796  
1 1871320454  
3 
5 
4 
1 1734258092  
1 2086390701  
1 689874684  
3 
6 
3 
3 
4 
1 2021514493  
6 
1 177175992  
6 
6 
3 
1 1147702348  
5 
1 144279186  
3 
2 
5 
4 
3 
5 
5 
4 
5 
5 
1 629744264  
4 
6 
2 
2 
3 
3 
6 
4 
2 
5 
3 
5 
6 
5 
1 353176504  
3 
1 585878613  
2 
6 
1 664797131  
2 
6 
5 
6 
2 
1 737409229  
3 
1 1472316100  
2 
1 2118762197  
4 
5 
1 582380489  
1 1983417520  
2 
1 2014426478  
1 1506376212  
3 
4 
6 
2 
3 
3 
2 
5 
5 
3 
1 49216155  
6 
5 
5 
5 
3 
2 
1 1545753177  
5 
1 697031390  
1 1688235342  
1 1101828638  
5 
3 
2 
6 
2 
5 
1 872775358  
1 1134226029  
6 
2 
1 437424481  
1 1577173905  
4 
4 
2 
4 
5 
1 35568719  
4 
3 
4 
6 
2 
4 
5 
3 
1 689471360  
6 
2 
5 
6 
2 
2 
6 
5 
6 
1 220299053  
4 
1 1906889173  
2 
1 276245804  
5 
3 
6 
4 
1 159206106  
3 
1 449280209  
2 
5 
1 150276649  
5 
1 336382098  
4 
4 
4 
1 1596982558  
2 
3 
1 294555835  
3 
2 
6 
6 
6 
2 
5 
6 
3 
3 
4 
4 
5 
2 
3 
5 
4 
1 966126362  
6 
5 
3 
3 
1 1950159062  
2 
2 
3 
4 
2 
1 880434448  
4 
5 
1 1630923494  
1 540084643  
5 
3 
3 
2 
6 
6 
2 
1 205266900  
1 1602202043  
4 
4 
5 
3 
3 
4 
4 
6 
3 
1 1122465132  
6 
4 
5 
5 
5 
1 41200772  
2 
4 
5 
4 
4 
1 1469144874  
6 
6 
2 
2 
1 481357696  
6 
2 
6 
1 90416928  
1 867414403  
2 
6 
6 
3 
6 
2 
3 
4 
2 
3 
6 
3 
4 
2 
5 
1 1178389086  
3 
1 1778652270  
4 
4 
1 1969243041  
1 2051164444  
4 
2 
4 
1 765394651  
6 
2 
4 
4 
6 
2 
4 
2 
3 
3 
6 
6 
5 
6 
1 259183874  
3 
2 
2 
4 
3 
1 1480854702  
2 
3 
3 
5 
6 
3 
4 
6 
2 
5 
5 
4 
5 
4 
5 
3 
6 
1 800963370  
2 
3 
5 
3 
5 
3 
6 
3 
4 
4 
1 948655234  
5 
1 1701153755  
5 
2 
5 
6 
1 560368895  
2 
4 
6 
6 
1 1224901038  
6 
1 1860359862  
1 1009649105  
4 
1 1375177687  
1 49258312  
1 459148015  
5 
3 
3 
1 1669733523  
3 
5 
1 1015384675  
1 261823429  
6 
1 402684323  
3 
6 
5 
3 
4 
2 
2 
5 
3 
1 498824521  
6 
4 
2 
2 
3 
6 
5 
1 801908072  
1 607951224  
3 
3 
4 
2 
1 2101026564  
2 
4 
5 
4 
2 
6 
5 
6 
6 
3 
3 
1 1924373204  
2 
3 
2 
3 
3 
1 649151996  
4 
6 
3 
1 1422687790  
5 
3 
6 
2 
1 258247252  
2 
3 
3 
5 
6 
4 
2 
5 
6 
3 
6 
3 
5 
1 739568924  
2 
3 
4 
1 142618545  
3 
1 1436636338  
3 
5 
6 
1 370737546  
5 
5 
5 
1 2111861586  
4 
1 1340317134  
5 
6 
1 1136132198  
4 
1 223561813  
2 
3 
5 
1 673688188  
3 
2 
3 
4 
5 
6 
6 
3 
6 
5 
6 
1 1937095568  
5 
5 
2 
4 
3 
5 
6 
1 1172217047  
1 227358296  
1 349980816  
4 
3 
5 
3 
1 249634438  
1 2087718158  
5 
1 1359629921  
3 
2 
6 
5 
2 
1 1624812125  
6 
6 
2 
1 2136976470  
4 
1 1818777936  
6 
1 1147062000  
2 
2 
3 
4 
4 
1 1004877497  
4 
5 
5 
3 
2 
4 
6 
2 
2 
4 
2 
3 
1 2080601365  
1 1549746324  
6 
2 
5 
5 
2 
3 
2 
6 
1 1503702018  
5 
6 
5 
5 
4 
5 
5 
3 
1 735025789  
3 
4 
1 10213900  
3 
3 
1 1457244935  
5 
4 
2 
4 
4 
1 511915345  
4 
2 
4 
3 
1 659365896  
3 
6 
5 
6 
1 732449077  
6 
4 
6 
4 
5 
2 
2 
2 
3 
2 
2 
1 770162597  
3 
4 
2 
5 
1 1398934821  
6 
1 875067623  
5 
5 
2 
4 
3 
6 
6 
6 
3 
5 
6 
3 
6 
1 59315287  
1 1769672367  
1 839445561  
3 
4 
6 
4 
6 
3 
3 
5 
1 1399632421  
4 
6 
5 
2 
2 
2 
1 758320917  
4 
3 
6 
3 
1 1063007374  
5 
4 
4 
4 
6 
1 2073320610  
6 
4 
3 
2 
6 
2 
2 
6 
5 
6 
6 
5 
2 
1 547932838  
3 
6 
1 87740774  
2 
1 153195258  
6 
6 
5 
4 
2 
1 897913654  
1 337375212  
4 
4 
6 
4 
1 93429768  
1 110059927  
6 
4 
2 
1 1962187337  
3 
4 
4 
1 82922590  
2 
5 
2 
1 1928837863  
5 
1 961765690  
4 
5 
5 
1 1087800088  
5 
5 
3 
2 
1 1861955580  
2 
4 
5 
4 
5 
4 
2 
4 
1 364028366  
5 
2 
1 444018458  
6 
5 
6 
2 
1 449497721  
2 
3 
5 
2 
2 
5 
6 
1 374242266  
4 
1 1901263393  
6 
5 
2 
5 
4 
2 
3 
5 
3 
5 
2 
3 
5 
5 
5 
1 961413066  
6 
6 
1 1033608162  
4 
4 
6 
3 
6 
4 
1 486228823  
5 
1 1731575663  
5 
5 
1 285059335  
2 
6 
1 1361296446  
2 
3 
5 
2 
5 
4 
5 
4 
6 
5 
6 
6 
4 
2 
3 
5 
4 
1 1790890950  
2 
3 
6 
5 
3 
2 
3 
5 
4 
3 
1 2054731703  
4 
5 
5 
3 
3 
2 
6 
5 
3 
1 53258359  
4 
6 
2 
1 1043039723  
3 
1 665568972  
5 
6 
4 
3 
1 1116265734  
2 
3 
5 
3 
5 
5 
5 
4 
3 
1 968876685  
5 
4 
4 
5 
3 
4 
5 
1 1213501810  
4 
6 
5 
2 
4 
1 1204006508  
3 
4 
5 
3 
2 
5 
4 
4 
4 
4 
5 
5 
3 
6 
3 
1 1122071943  
3 
3 
5 
2 
4 
5 
2 
3 
3 
3 
1 2111415464  
2 
1 1541381720  
3 
1 1215501711  
4 
1 73991743  
6 
4 
4 
6 
1 1356085409  
5 
3 
4 
5 
1 1298424302  
3 
1 2002829606  
4 
3 
6 
6 
3 
4 
4 
3 
5 
4 
3 
3 
2 
1 170367451  
4 
2 
1 238740742  
4 
6 
3 
1 1717301538  
3 
4 
3 
5 
1 534395817  
4 
6 
6 
6 
6 
6 
4 
2 
1 682759200  
6 
2 
1 19315611  
6 
4 
1 908638083  
4 
5 
6 
6 
6 
1 436538946  
6 
4 
1 980728677  
1 1942246246  
1 922767769  
3 
4 
5 
5 
4 
4 
5 
5 
1 564820692  
4 
5 
3 
1 79821933  
4 
2 
1 136580567  
3 
2 
1 208227994  
3 
2 
4 
1 2134553636  
3 
1 189838926  
4 
5 
5 
4 
6 
3 
1 1251267718  
6 
4 
1 652638961  
3 
1 1306104660  
3 
5 
2 
6 
1 72660755  
5 
4 
5 
3 
3 
3 
6 
1 1866140771  
1 362627520  
5 
1 1194732699  
6 
5 
5 
2 
4 
4 
2 
6 
5 
6 
6 
6 
3 
1 1830072588  
5 
6 
6 
1 1904009240  
4 
4 
4 
4 
3 
2 
6 
6 
5 
1 262750762  
3 
5 
3 
6 
3 
3 
2 
2 
4 
3 
4 
3 
4 
3 
3 
1 1904064331  
3 
4 
1 1112611002  
4 
2 
5 
1 1561175064  
3 
1 1759410290  
6 
2 
4 
4 
1 1282978453  
3 
3 
5 
4 
2 
3 
6 
4 
4 
4 
3 
6 
6 
3 
4 
4 
2 
6 
4 
1 1799915806  
2 
1 1329228180  
6 
3 
1 1817374271  
6 
2 
6 
3 
2 
1 335191359  
5 
6 
3 
4 
6 
2 
2 
6 
1 1348543792  
2 
6 
3 
5 
1 578528706  
5 
4 
5 
4 
3 
3 
6 
1 771730305  
5 
5 
3 
5 
1 181788821  
6 
4 
2 
1 373291304  
2 
6 
2 
1 1694498074  
5 
4 
4 
3 
5 
2 
1 746609514  
4 
3 
1 453113238  
3 
2 
5 
1 1831078641  
5 
6 
2 
3 
6 
6 
4 
4 
5 
5 
5 
6 
6 
3 
3 
4 
5 
6 
6 
2 
1 954837508  
6 
1 440183226  
4 
1 2020917567  
5 
4 
3 
4 
6 
5 
5 
3 
4 
6 
3 
4 
6 
3 
1 58621578  
2 
4 
1 1092822187  
4 
3 
5 
2 
2 
6 
3 
3 
1 1179538580  
3 
5 
2 
5 
2 
5 
1 131282334  
4 
2 
1 811479311  
2 
1 1542166100  
5 
4 
2 
5 
2 
6 
4 
1 1326015033  
3 
3 
1 494068251  
3 
6 
2 
5 
1 1298691693  
3 
5 
3 
4 
4 
2 
3 
5 
5 
3 
6 
4 
5 
2 
4 
5 
5 
5 
2 
5 
6 
4 
2 
6 
6 
6 
6 
4 
2 
5 
6 
2 
6 
5 
2 
5 
1 1588765795  
2 
1 250648934  
2 
2 
4 
2 
6 
1 263819047  
1 1002457212  
4 
1 2010059224  
6 
1 1546797500  
4 
1 654889370  
5 
3 
3 
4 
6 
2 
1 1191803757  
1 1216688123  
4 
5 
1 990080729  
6 
5 
4 
4 
1 392863901  
5 
5 
1 1795216830  
3 
3 
6 
2 
2 
3 
1 1761811034  
5 
4 
5 
1 574652722  
3 
6 
3 
1 21024486  
2 
2 
2 
1 1308825460  
4 
5 
6 
1 1321262236  
2 
2 
2 
3 
6 
3 
1 474137724  
6 
6 
2 
1 992420453  
6 
2 
3 
1 128616097  
2 
2 
4 
2 
5 
5 
2 
1 914320951  
6 
2 
1 865854373  
3 
3 
1 187237675  
1 2007143138  
6 
4 
4 
6 
4 
2 
2 
4 
6 
1 2045392953  
5 
4 
5 
3 
3 
6 
2 
3 
2 
5 
2 
2 
2 
2 
6 
6 
2 
5 
1 318520009  
5 
6 
6 
2 
4 
4 
1 671138801  
3 
6 
4 
2 
3 
4 
6 
3 
2 
6 
6 
4 
6 
4 
1 1440075405  
3 
3 
3 
6 
3 
5 
3 
6 
1 1644535042  
2 
4 
1 1165207052  
2 
1 591283450  
1 1085817190  
1 1415855987  
2 
3 
2 
3 
4 
3 
6 
5 
2 
6 
5 
3 
3 
2 
2 
6 
6 
3 
5 
1 855102497  
5 
3 
1 2088274402  
3 
3 
6 
6 
4 
4 
1 1278431563  
2 
4 
4 
2 
3 
1 254416350  
1 595680124  
4 
2 
3 
4 
5 
1 322751672  
4 
1 1471104473  
2 
6 
4 
2 
2 
3 
6 
3 
2 
3 
3 
1 1585760854  
5 
2 
4 
4 
4 
1 715615573  
3 
4 
3 
2 
2 
5 
6 
3 
4 
2 
1 1118837655  
4 
5 
4 
6 
6 
3 
4 
5 
1 1200088240  
4 
6 
2 
2 
4 
5 
3 
4 
4 
6 
2 
3 
2 
4 
4 
3 
2 
4 
5 
1 1290268296  
6 
3 
4 
6 
1 1139862142  
6 
5 
4 
1 361430053  
3 
2 
4 
4 
2 
5 
5 
6 
1 464046884  
3 
4 
6 
1 1613999866  
2 
6 
2 
1 1353850506  
3 
4 
6 
2 
4 
2 
6 
6 
4 
6 
1 592662981  
2 
4 
4 
1 380837169  
6 
1 72221231  
2 
4 
6 
4 
1 779900657  
5 
2 
4 
6 
2 
6 
3 
3 
2 
1 240496660  
3 
5 
1 2117614184  
5 
1 1098420666  
4 
3 
4 
3 
3 
5 
1 911635461  
4 
3 
2 
4 
1 1410205942  
6 
4 
3 
6 
3 
6 
3 
6 
1 595472061  
4 
4 
5 
4 
1 2076842514  
4 
5 
6 
6 
4 
1 2001489392  
1 1681289251  
6 
4 
3 
6 
5 
4 
2 
4 
5 
6 
2 
1 1345214853  
2 
1 709108242  
2 
3 
4 
3 
5 
6 
6 
2 
6 
6 
1 1622080005  
1 476162768  
4 
3 
6 
6 
1 963524592  
5 
1 70276481  
1 798914441  
2 
4 
5 
3 
2 
3 
3 
3 
5 
3 
1 287145417  
5 
3 
6 
1 1656037335  
5 
5 
2 
6 
4 
4 
6 
6 
2 
4 
2 
5 
2 
4 
5 
1 1514530014  
6 
3 
3 
6 
1 1405983073  
5 
1 708641928  
4 
6 
2 
2 
1 657314662  
5 
2 
5 
5 
3 
3 
1 398361567  
3 
3 
5 
4 
2 
3 
3 
4 
6 
3 
6 
1 1070071981  
5 
2 
4 
3 
6 
2 
6 
1 1121361547  
1 2012361433  
4 
1 276438839  
3 
6 
1 1714024528  
2 
1 245714955  
6 
2 
5 
3 
4 
3 
6 
2 
4 
5 
3 
3 
3 
1 348660071  
2 
2 
5 
4 
5 
3 
5 
1 346441537  
5 
6 
4 
1 486211615  
6 
6 
3 
4 
5 
3 
4 
2 
5 
1 318790607  
2 
5 
4 
1 1444862204  
2 
1 1397847076  
4 
6 
4 
2 
4 
1 1728996549  
4 
5 
4 
6 
5 
3 
2 
5 
1 2040334265  
5 
2 
3 
5 
3 
2 
6 
1 1327205942  
1 1583002294  
6 
4 
3 
2 
4 
6 
3 
2 
3 
2 
4 
6 
6 
3 
1 1574139868  
4 
1 524937147  
5 
1 144626888  
3 
3 
3 
3 
1 1048736225  
1 1001099916  
3 
2 
1 1108151480  
4 
2 
5 
5 
6 
4 
4 
3 
1 1119012706  
1 1800014357  
3 
4 
3 
2 
6 
6 
1 1395296897  
4 
6 
4 
4 
2 
4 
6 
2 
5 
6 
1 627566394  
6 
5 
4 
1 1167060723  
3 
5 
4 
2 
4 
5 
6 
6 
4 
5 
1 653796322  
6 
5 
5 
5 
4 
1 1336208322  
5 
1 1824375386  
3 
4 
5 
1 1052157889  
2 
2 
2 
1 258796655  
2 
3 
6 
4 
6 
2 
4 
4 
5 
2 
6 
4 
5 
1 798253285  
6 
6 
6 
5 
1 917035675  
5 
6 
1 535235494  
1 364794165  
2 
6 
3 
6 
1 1162750630  
3 
6 
3 
4 
3 
2 
4 
4 
2 
6 
2 
1 883895565  
4 
2 
2 
2 
1 711235703  
5 
2 
1 1648962245  
2 
5 
2 
4 
1 1202686173  
3 
2 
6 
4 
2 
1 8614259  
3 
4 
3 
1 899325673  
4 
3 
5 
4 
2 
5 
2 
6 
4 
5 
4 
5 
3 
5 
3 
4 
4 
4 
4 
1 784199074  
2 
6 
3 
3 
6 
5 
3 
4 
5 
3 
3 
4 
2 
1 2048948524  
4 
4 
5 
1 79047968  
6 
2 
1 219717720  
3 
1 1475604744  
6 
1 603985115  
1 364344608  
2 
3 
5 
1 376857321  
6 
4 
6 
2 
1 1605085031  
6 
6 
6 
3 
6 
2 
6 
5 
2 
2 
4 
4 
3 
1 1472496088  
4 
4 
5 
1 1495870027  
3 
6 
5 
4 
4 
4 
4 
5 
6 
2 
5 
3 
5 
3 
4 
6 
4 
5 
2 
3 
3 
4 
4 
1 1257615740  
4 
6 
3 
4 
5 
2 
1 720309338  
5 
4 
5 
2 
1 2123436421  
5 
4 
4 
4 
6 
5 
5 
6 
4 
3 
4 
1 277192816  
6 
1 1374105660  
2 
5 
5 
3 
6 
5 
5 
3 
4 
4 
4 
3 
6 
3 
4 
5 
4 
5 
5 
3 
6 
5 
4 
1 1312161095  
3 
3 
1 2101568202  
5 
6 
6 
5 
4 
2 
2 
6 
6 
1 278779902  
6 
4 
4 
2 
2 
1 1570957750  
6 
4 
2 
1 752337839  
4 
1 1195815577  
3 
5 
5 
5 
6 
5 
1 2106193245  
2 
6 
3 
2 
4 
3 
4 
2 
4 
1 1117132004  
5 
5 
2 
5 
2 
1 211082559  
4 
3 
6 
2 
5 
6 
2 
5 
3 
6 
1 842605162  
6 
5 
2 
2 
3 
6 
4 
1 1828367707  
4 
3 
5 
6 
2 
4 
1 1860044804  
2 
2 
6 
6 
2 
2 
1 2045291335  
1 1836981966  
4 
4 
1 611886829  
5 
6 
5 
2 
6 
6 
6 
6 
4 
2 
2 
3 
3 
5 
4 
3 
6 
3 
3 
5 
2 
3 
1 682006762  
1 1738446842  
5 
5 
1 690934797  
5 
5 
2 
2 
5 
2 
6 
6 
1 901724482  
2 
2 
4 
3 
1 1066567938  
2 
2 
2 
3 
3 
2 
1 1294919913  
3 
6 
5 
6 
5 
5 
3 
3 
3 
3 
4 
2 
4 
6 
2 
1 1266069091  
3 
4 
4 
1 1443425259  
2 
4 
4 
4 
3 
5 
3 
2 
3 
2 
6 
6 
2 
4 
3 
6 
5 
5 
4 
6 
6 
5 
4 
5 
1 752521296  
2 
1 591081531  
2 
5 
6 
1 791811639  
2 
2 
2 
6 
1 2010137037  
4 
4 
2 
3 
6 
4 
6 
4 
1 1311390869  
1 767764412  
5 
2 
6 
2 
1 139846205  
5 
3 
1 538012882  
6 
6 
6 
5 
2 
4 
2 
2 
3 
5 
4 
6 
5 
6 
2 
2 
2 
2 
2 
1 2079925508  
4 
1 93930759  
3 
3 
6 
5 
3 
6 
6 
3 
6 
3 
2 
5 
4 
2 
6 
5 
3 
5 
2 
3 
1 816792784  
5 
5 
4 
1 1503399610  
5 
2 
5 
5 
1 846268598  
4 
4 
1 2012608361  
6 
5 
3 
4 
3 
1 1462109207  
5 
4 
5 
5 
6 
6 
6 
4 
4 
5 
4 
2 
2 
4 
2 
2 
1 1963400602  
4 
6 
2 
4 
5 
6 
6 
2 
6 
6 
4 
6 
5 
1 76207272  
4 
2 
5 
4 
3 
2 
5 
1 157230722  
5 
2 
1 1644284662  
4 
2 
4 
1 1936252076  
1 55038409  
4 
3 
2 
2 
1 1333782980  
1 400655257  
2 
6 
4 
1 737045171  
5 
5 
3 
2 
1 924746175  
4 
4 
5 
5 
4 
6 
6 
2 
3 
3 
1 1091590055  
1 1638769654  
4 
5 
4 
5 
3 
4 
3 
2 
2 
3 
1 1991314113  
3 
4 
1 239026320  
5 
1 757355097  
1 1287255725  
1 991547616  
6 
3 
4 
2 
6 
2 
3 
1 1348436628  
5 
3 
3 
1 2079067364  
6 
1 854201005  
3 
5 
1 512343850  
2 
4 
2 
2 
4 
6 
3 
3 
2 
4 
6 
4 
6 
5 
5 
5 
4 
3 
3 
6 
1 699348128  
2 
4 
4 
5 
5 
5 
1 994047210  
3 
1 1050356732  
6 
6 
2 
5 
2 
1 631789988  
4 
4 
6 
3 
1 1087977969  
6 
6 
3 
3 
4 
3 
2 
3 
6 
4 
1 1867149516  
2 
4 
2 
4 
3 
3 
4 
6 
1 2135189599  
6 
3 
4 
3 
6 
4 
3 
4 
5 
6 
3 
5 
3 
1 1934246567  
4 
5 
4 
5 
3 
1 1732274229  
3 
6 
4 
1 1449815158  
6 
3 
5 
4 
3 
2 
3 
1 1750163522  
4 
5 
5 
5 
1 1808481501  
1 1607045880  
6 
3 
3 
1 1246964536  
5 
4 
6 
3 
6 
1 1597249929  
1 1662084290  
5 
5 
1 433263868  
1 1997905186  
1 251645813  
6 
2 
4 
3 
4 
3 
6 
3 
1 1358010043  
3 
4 
6 
4 
5 
1 942011593  
5 
6 
5 
3 
2 
2 
5 
5 
3 
1 1890415467  
1 1201840509  
3 
2 
6 
2 
6 
5 
4 
5 
3 
1 1181037913  
4 
6 
3 
5 
4 
1 500286916  
2 
3 
5 
1 341612586  
1 25101882  
4 
3 
2 
1 1848723545  
5 
4 
1 273196302  
1 879302887  
5 
4 
3 
6 
2 
5 
4 
2 
2 
5 
6 
5 
2 
2 
1 213583747  
5 
1 972544430  
5 
2 
3 
2 
4 
5 
4 
2 
1 1873350098  
6 
4 
1 1263940479  
3 
3 
4 
3 
3 
1 1604334419  
6 
1 813844419  
4 
5 
4 
3 
4 
5 
3 
2 
1 983606347  
4 
4 
3 
1 1592040370  
3 
3 
5 
3 
2 
4 
3 
3 
4 
6 
2 
5 
6 
6 
1 600607339  
3 
3 
4 
2 
5 
4 
5 
5 
6 
5 
5 
3 
4 
3 
1 568396928  
6 
6 
3 
1 894371880  
6 
3 
1 203287213  
4 
5 
6 
4 
5 
5 
2 
1 229394781  
4 
2 
2 
1 353934113  
6 
6 
3 
6 
4 
1 1450251749  
2 
5 
1 1826644710  
3 
2 
2 
4 
2 
5 
6 
3 
4 
1 2016018403  
5 
1 1883515617  
4 
3 
6 
6 
6 
5 
3 
1 1677066248  
4 
5 
2 
2 
5 
2 
1 120180568  
1 1094042013  
2 
1 471594194  
4 
6 
5 
4 
3 
3 
6 
6 
4 
1 2010596036  
2 
4 
3 
2 
3 
4 
1 148398874  
3 
2 
4 
4 
3 
1 1652632107  
2 
1 363399304  
5 
4 
5 
2 
3 
1 490011460  
4 
6 
3 
2 
2 
6 
3 
3 
4 
4 
2 
5 
3 
1 1677733989  
6 
2 
4 
6 
2 
1 64639201  
6 
5 
5 
5 
5 
6 
4 
5 
2 
5 
2 
4 
6 
4 
4 
6 
3 
5 
5 
1 763207762  
6 
5 
1 409553229  
4 
3 
4 
4 
1 278222948  
2 
4 
2 
2 
3 
6 
6 
1 1735752192  
3 
5 
2 
3 
6 
6 
5 
5 
6 
4 
3 
6 
3 
3 
3 
4 
3 
2 
2 
1 135419679  
2 
1 1542163427  
1 1192602963  
3 
2 
6 
3 
3 
3 
6 
3 
2 
1 949264098  
5 
6 
1 378286126  
1 637159685  
5 
1 1549871437  
5 
3 
1 946683054  
6 
3 
5 
3 
1 1531531566  
4 
5 
5 
2 
4 
1 1753158650  
5 
5 
2 
4 
5 
6 
6 
2 
2 
3 
6 
4 
6 
4 
4 
6 
4 
3 
2 
4 
1 1176077835  
3 
3 
1 1885465679  
6 
2 
2 
3 
5 
1 1055926751  
3 
3 
1 855238897  
2 
3 
5 
1 1754000434  
6 
6 
5 
3 
1 791958721  
6 
2 
3 
3 
5 
2 
3 
6 
6 
6 
3 
4 
1 384821498  
4 
2 
5 
3 
2 
5 
2 
2 
5 
6 
5 
6 
6 
6 
1 1874181002  
1 1886000734  
5 
1 856415692  
3 
1 1737293390  
1 2034399608  
4 
1 361564151  
4 
3 
6 
1 2100692695  
1 376927420  
2 
4 
5 
4 
2 
1 2039298141  
4 
5 
4 
5 
6 
2 
5 
2 
2 
1 17848248  
6 
1 1140135182  
6 
6 
2 
2 
4 
2 
5 
2 
2 
4 
5 
5 
4 
5 
1 301367722  
2 
3 
6 
2 
6 
2 
1 296071197  
4 
4 
1 728403726  
4 
4 
6 
6 
6 
5 
4 
4 
1 436787401  
2 
5 
2 
6 
4 
2 
5 
5 
2 
3 
1 1838234624  
2 
1 1921006690  
6 
6 
5 
6 
2 
3 
2 
1 1386051499  
3 
4 
4 
3 
5 
3 
4 
4 
1 69037103  
6 
6 
2 
4 
6 
2 
6 
2 
4 
2 
1 410682727  
5 
6 
3 
1 788439289  
4 
2 
4 
1 1015720157  
5 
6 
5 
1 1942214293  
1 394114291  
4 
1 44314345  
2 
1 1680196324  
1 1450041043  
1 899553242  
2 
5 
5 
1 1286713110  
5 
1 94516116  
5 
3 
4 
2 
5 
2 
1 1284374740  
1 1013410465  
5 
6 
5 
5 
3 
4 
3 
4 
3 
6 
3 
2 
3 
5 
4 
4 
5 
1 1980516850  
5 
1 2140790432  
3 
4 
6 
5 
3 
6 
5 
2 
3 
2 
6 
5 
5 
4 
6 
5 
2 
2 
2 
6 
5 
6 
6 
6 
1 603220207  
2 
5 
1 1867432810  
1 354870936  
2 
5 
1 556429254  
3 
3 
3 
4 
2 
5 
2 
3 
4 
3 
3 
4 
2 
6 
4 
6 
2 
6 
2 
3 
4 
3 
3 
3 
1 96876582  
4 
6 
5 
1 246685429  
6 
3 
3 
1 574277503  
4 
4 
3 
1 1237011764  
6 
6 
2 
2 
2 
4 
4 
5 
1 548053151  
5 
5 
1 870348700  
1 1965415490  
3 
4 
3 
4 
6 
2 
4 
3 
4 
3 
6 
4 
6 
1 984840552  
4 
2 
3 
4 
5 
2 
6 
5 
5 
2 
4 
1 561099676  
2 
3 
6 
3 
1 1738938532  
4 
1 223408403  
6 
5 
1 630136779  
6 
1 2137612  
4 
1 1011847692  
1 1645856937  
5 
4 
4 
1 1944351905  
2 
5 
4 
2 
3 
1 1405961984  
1 1690171282  
3 
4 
3 
4 
3 
4 
4 
6 
5 
1 1477064582  
3 
4 
1 708519379  
3 
3 
6 
2 
5 
6 
3 
2 
6 
5 
2 
2 
6 
5 
4 
5 
4 
5 
6 
1 442240876  
5 
5 
6 
6 
1 616294044  
3 
1 803035495  
4 
6 
4 
4 
6 
3 
6 
6 
4 
6 
5 
3 
1 1726615617  
5 
6 
6 
1 1629704509  
3 
3 
6 
4 
6 
1 636068697  
3 
1 1719922401  
6 
6 
3 
3 
4 
2 
2 
1 85441069  
4 
5 
5 
2 
4 
5 
3 
2 
3 
6 
6 
1 356017859  
5 
6 
3 
5 
1 2074793337  
3 
3 
3 
3 
6 
3 
3 
6 
6 
2 
1 641870323  
2 
5 
4 
2 
2 
1 452894441  
5 
3 
2 
3 
6 
1 173995118  
4 
5 
3 
4 
4 
2 
5 
4 
5 
4 
1 1216147826  
2 
4 
3 
1 1689906205  
1 722048269  
1 2086496526  
6 
3 
2 
2 
6 
2 
2 
2 
2 
2 
3 
3 
2 
3 
6 
3 
1 1507838047  
1 1706888821  
6 
4 
4 
2 
6 
2 
3 
3 
5 
4 
2 
5 
6 
3 
3 
2 
2 
6 
3 
1 500112555  
2 
3 
2 
6 
1 1099292932  
5 
5 
3 
5 
3 
5 
2 
5 
2 
4 
4 
3 
3 
1 1930297225  
4 
4 
1 1130249334  
5 
3 
3 
2 
4 
2 
4 
3 
1 1101430544  
1 794661269  
3 
1 628622623  
3 
5 
2 
2 
2 
3 
2 
3 
2 
2 
2 
6 
6 
2 
6 
2 
6 
2 
1 898298801  
4 
4 
3 
6 
1 53139605  
4 
5 
4 
2 
6 
5 
1 171310257  
4 
2 
3 
6 
2 
5 
6 
1 227879735  
5 
6 
2 
1 761658984  
3 
6 
4 
3 
6 
4 
6 
3 
5 
5 
5 
5 
1 613551134  
2 
4 
3 
5 
3 
2 
5 
4 
1 844173780  
5 
1 1564694479  
1 192683103  
3 
5 
2 
1 326394641  
6 
3 
1 53279528  
1 1912605504  
5 
1 411835710  
6 
3 
4 
1 409297387  
4 
1 1839915194  
4 
2 
3 
5 
6 
1 1053706034  
2 
6 
2 
1 862191828  
3 
3 
6 
4 
2 
1 2013910312  
4 
2 
5 
6 
6 
5 
5 
4 
2 
6 
6 
5 
2 
1 122370212  
4 
5 
3 
1 404614385  
6 
5 
1 588474934  
3 
2 
6 
4 
4 
5 
3 
3 
4 
2 
3 
4 
5 
2 
6 
4 
1 61383091  
1 1912452433  
6 
5 
2 
1 147880107  
4 
3 
1 561495646  
6 
6 
3 
4 
1 864261717  
6 
1 2078177332  
1 1691744980  
6 
1 1965692261  
1 725354954  
2 
4 
1 172883956  
6 
5 
4 
5 
6 
6 
3 
4 
5 
4 
1 716507414  
5 
4 
6 
5 
5 
6 
2 
2 
2 
5 
4 
2 
4 
4 
1 778494559  
4 
6 
1 344194213  
4 
6 
5 
6 
4 
5 
6 
4 
4 
1 944387150  
2 
6 
4 
6 
6 
3 
6 
4 
1 1540153544  
2 
1 957745347  
2 
1 1788560930  
3 
4 
6 
4 
6 
5 
1 957364375  
1 1150428450  
6 
1 2114955571  
3 
2 
3 
3 
2 
5 
6 
4 
4 
5 
1 1010643904  
3 
5 
5 
3 
1 915550307  
3 
4 
1 379307634  
6 
1 1419941291  
5 
2 
2 
6 
6 
3 
1 607981853  
2 
5 
2 
5 
2 
2 
1 1433013668  
5 
1 134649472  
5 
2 
4 
5 
4 
6 
5 
4 
6 
4 
5 
3 
5 
6 
2 
3 
2 
6 
5 
5 
5 
3 
3 
3 
5 
5 
6 
5 
2 
6 
4 
3 
2 
5 
2 
6 
6 
6 
3 
2 
1 474408517  
3 
2 
1 1555383880  
1 539263857  
5 
3 
1 1062883451  
2 
2 
2 
4 
6 
2 
1 1616766971  
5 
4 
6 
5 
2 
4 
2 
5 
4 
5 
6 
6 
4 
4 
6 
5 
4 
4 
4 
3 
2 
4 
5 
1 304232642  
2 
2 
1 1210763559  
6 
3 
6 
4 
3 
2 
2 
3 
5 
5 
2 
4 
1 30778969  
4 
5 
5 
4 
3 
2 
6 
3 
1 1168494359  
5 
4 
2 
3 
1 1141457243  
6 
4 
5 
2 
3 
1 1722523950  
4 
4 
3 
4 
1 986702972  
3 
2 
4 
2 
2 
1 1866812197  
6 
2 
1 1895407906  
5 
3 
6 
4 
1 1703210387  
3 
1 497823109  
3 
3 
6 
3 
3 
5 
4 
6 
1 92118471  
4 
3 
3 
4 
4 
4 
3 
6 
1 500113889  
1 2037976653  
6 
4 
4 
1 1049863819  
1 141191171  
1 847857380  
2 
1 52808621  
1 108663094  
2 
2 
2 
4 
6 
4 
4 
5 
5 
5 
6 
5 
2 
5 
4 
6 
1 1858501284  
6 
4 
5 
4 
6 
2 
1 968358928  
3 
5 
1 487970728  
3 
6 
1 1130958928  
3 
4 
2 
6 
6 
4 
5 
3 
2 
1 1576340781  
4 
6 
2 
3 
1 1920984396  
1 1265608400  
3 
3 
5 
3 
2 
1 2050749299  
3 
3 
5 
2 
2 
3 
4 
5 
5 
1 1328884629  
1 1804872257  
6 
1 966149102  
6 
6 
3 
1 798167952  
4 
3 
1 2109104900  
3 
5 
6 
1 29429013  
2 
2 
1 828946922  
1 1130115611  
2 
6 
1 1170886257  
1 403987224  
4 
1 2116818584  
3 
3 
2 
3 
6 
4 
5 
3 
5 
4 
1 890214806  
5 
5 
1 151911482  
6 
1 1672545323  
3 
2 
3 
3 
3 
5 
5 
4 
5 
1 1388037915  
5 
4 
1 244029953  
3 
1 25175564  
2 
1 1278530920  
1 1293893772  
6 
5 
6 
1 166366735  
2 
5 
2 
5 
4 
2 
6 
1 2126388301  
6 
5 
2 
1 1346702394  
1 275029829  
4 
3 
4 
3 
4 
1 1837405937  
2 
4 
6 
6 
3 
2 
3 
6 
5 
6 
2 
1 167577674  
3 
6 
6 
1 763000558  
6 
6 
4 
3 
4 
5 
4 
1 820881217  
1 1743918456  
1 536501306  
2 
2 
2 
1 2086489617  
4 
1 1647184107  
6 
2 
2 
1 1865385935  
6 
1 1743878227  
6 
2 
5 
1 465849561  
5 
3 
4 
2 
6 
1 516070240  
2 
2 
1 1705499479  
5 
4 
1 495278575  
1 1345017162  
5 
1 688131442  
5 
6 
1 1666164832  
2 
3 
5 
1 1749004386  
1 657466378  
2 
6 
4 
6 
3 
3 
1 408895990  
2 
1 1900915868  
3 
3 
5 
1 182528053  
2 
4 
4 
6 
3 
5 
5 
4 
5 
5 
4 
4 
3 
1 1796933906  
6 
3 
3 
1 2144945821  
5 
4 
3 
5 
3 
4 
3 
5 
6 
4 
6 
5 
2 
3 
2 
3 
2 
4 
4 
4 
3 
5 
2 
6 
1 207703617  
4 
6 
4 
6 
1 927981178  
6 
3 
3 
5 
5 
3 
4 
2 
4 
4 
6 
4 
3 
1 1291355946  
2 
3 
6 
5 
6 
6 
6 
2 
3 
5 
6 
2 
3 
5 
5 
5 
1 374070352  
5 
6 
6 
4 
4 
5 
4 
3 
6 
3 
3 
4 
4 
6 
4 
6 
4 
5 
1 906885831  
2 
6 
6 
6 
3 
4 
5 
1 490574692  
2 
2 
4 
2 
4 
3 
1 649100182  
2 
4 
1 596808121  
1 658152366  
5 
1 1412100740  
1 1417689338  
2 
6 
1 254587174  
3 
2 
5 
5 
5 
1 1948602046  
3 
5 
4 
4 
3 
5 
1 1356695308  
4 
4 
3 
4 
3 
3 
4 
2 
1 1901771281  
3 
3 
6 
4 
2 
2 
5 
3 
1 1666504334  
2 
6 
3 
6 
6 
6 
4 
2 
1 953089887  
1 220137195  
2 
4 
5 
6 
1 35090926  
3 
4 
3 
4 
3 
3 
3 
1 511105718  
6 
6 
2 
1 715415770  
3 
5 
4 
1 1380108088  
4 
1 1199237160  
3 
2 
5 
3 
5 
5 
1 234096954  
4 
1 981628826  
2 
5 
2 
2 
3 
1 1856703539  
3 
5 
4 
2 
4 
6 
2 
5 
2 
3 
5 
4 
1 642992944  
6 
6 
4 
4 
2 
3 
4 
4 
1 735061046  
4 
2 
1 2039231592  
2 
1 292443202  
3 
1 732523219  
1 99451562  
5 
4 
1 1220424381  
5 
3 
2 
6 
2 
1 2023879165  
2 
5 
5 
3 
2 
4 
6 
5 
2 
2 
6 
4 
6 
5 
3 
6 
1 473521914  
1 2127310212  
4 
3 
4 
4 
6 
4 
1 366970209  
6 
6 
5 
3 
1 1122622096  
6 
4 
5 
3 
6 
6 
4 
1 576634685  
6 
1 1025122576  
3 
3 
2 
1 387239188  
4 
4 
5 
4 
3 
2 
2 
4 
1 1994324024  
5 
5 
2 
2 
3 
1 1279709750  
4 
3 
2 
3 
4 
5 
6 
4 
4 
2 
6 
2 
5 
1 188357587  
5 
2 
4 
3 
5 
5 
5 
1 1203535684  
5 
6 
4 
5 
3 
5 
6 
2 
5 
5 
3 
2 
6 
2 
6 
1 1033997384  
3 
1 1854861921  
1 9141923  
2 
3 
4 
5 
1 1254134579  
5 
2 
3 
3 
2 
6 
5 
6 
1 1889952847  
6 
1 520247641  
3 
2 
4 
6 
1 1969550349  
1 1122577287  
3 
5 
5 
6 
5 
6 
1 1719484801  
2 
3 
4 
5 
4 
4 
1 56163655  
2 
5 
2 
1 2104206113  
3 
1 1428704692  
4 
5 
4 
5 
3 
5 
1 699156599  
2 
2 
5 
5 
6 
5 
4 
3 
3 
3 
1 691783511  
4 
6 
1 1320452637  
3 
2 
2 
3 
2 
3 
5 
1 991599802  
6 
4 
5 
5 
2 
6 
3 
2 
6 
6 
3 
5 
3 
4 
6 
1 1424306730  
3 
5 
2 
6 
1 1419904199  
6 
3 
3 
4 
6 
3 
4 
2 
2 
1 64540535  
1 1300702248  
3 
5 
4 
1 1893426113  
6 
5 
4 
6 
4 
1 44367099  
2 
2 
5 
4 
1 1667672457  
3 
1 868564562  
3 
2 
2 
6 
2 
5 
2 
6 
6 
1 621001785  
4 
1 545311385  
4 
1 1255803750  
3 
6 
3 
5 
6 
3 
2 
4 
2 
4 
1 467842161  
3 
6 
6 
6 
4 
3 
1 1825021136  
1 1444161337  
5 
3 
5 
5 
3 
4 
4 
3 
6 
5 
4 
5 
3 
6 
3 
1 1671377845  
2 
3 
6 
3 
6 
5 
6 
5 
1 711534872  
6 
3 
2 
3 
6 
6 
5 
1 1151539610  
1 1680519768  
6 
6 
4 
4 
3 
6 
2 
1 1965669451  
6 
1 894008809  
4 
3 
3 
5 
4 
3 
2 
6 
5 
2 
3 
5 
2 
6 
2 
3 
6 
1 53283761  
6 
5 
4 
3 
6 
5 
5 
3 
2 
1 1787736152  
1 2016586096  
3 
3 
5 
2 
4 
1 1772768562  
6 
3 
1 1843899807  
2 
4 
1 1973308561  
3 
2 
6 
5 
3 
1 1053989607  
3 
6 
3 
3 
2 
5 
1 395572758  
4 
5 
2 
5 
5 
6 
5 
3 
5 
3 
5 
5 
5 
1 517608424  
5 
1 226958596  
3 
4 
4 
6 
6 
6 
6 
4 
5 
3 
5 
2 
6 
1 1387172560  
1 1941915155  
3 
4 
1 1646862795  
2 
2 
4 
1 1451713095  
6 
2 
1 1095133755  
3 
3 
6 
2 
3 
6 
2 
2 
1 1392805260  
3 
4 
6 
4 
1 1496080195  
2 
6 
2 
1 615322564  
4 
3 
1 113886174  
5 
3 
1 2117081980  
1 1160633950  
3 
3 
5 
1 1369689925  
2 
6 
6 
5 
2 
3 
4 
5 
5 
4 
3 
1 437440493  
6 
4 
6 
3 
3 
5 
3 
4 
4 
1 838171438  
5 
2 
6 
2 
5 
6 
3 
5 
5 
6 
4 
6 
6 
4 
6 
2 
4 
6 
2 
2 
1 666367614  
4 
2 
4 
4 
1 2108818338  
4 
3 
5 
4 
4 
1 1549706310  
1 1817907225  
4 
6 
3 
5 
6 
4 
2 
1 1641854458  
6 
3 
6 
1 1367892113  
3 
3 
6 
2 
3 
6 
3 
3 
2 
3 
5 
5 
2 
3 
1 564432386  
5 
4 
6 
4 
3 
2 
3 
4 
2 
2 
1 1695138219  
3 
6 
4 
6 
3 
1 1008144617  
5 
5 
2 
6 
6 
2 
5 
4 
5 
1 433534835  
4 
2 
2 
3 
5 
5 
6 
1 1320423133  
3 
2 
1 704560776  
4 
3 
1 259359748  
4 
4 
2 
2 
4 
3 
1 226929092  
6 
6 
1 1100133534  
1 776968173  
6 
1 453887688  
1 339822447  
3 
2 
3 
5 
2 
1 571399680  
3 
5 
6 
4 
3 
5 
4 
1 2100750483  
5 
1 1791535542  
2 
2 
5 
4 
4 
6 
2 
3 
6 
2 
4 
4 
4 
1 1666533435  
3 
2 
2 
4 
5 
6 
2 
2 
5 
6 
2 
5 
2 
2 
2 
6 
2 
4 
1 1346072096  
5 
5 
4 
1 1140132089  
1 134372351  
5 
3 
3 
6 
4 
4 
6 
2 
1 1459958270  
4 
3 
4 
6 
1 1109730421  
6 
1 1295006301  
3 
5 
2 
6 
5 
1 682164547  
4 
6 
1 1547170914  
5 
6 
1 2133177739  
6 
4 
6 
1 1348532162  
4 
6 
2 
3 
1 1508505604  
5 
3 
4 
6 
2 
6 
4 
1 1535400401  
6 
6 
1 1018955739  
2 
4 
4 
6 
2 
5 
4 
1 1002876414  
4 
5 
2 
3 
3 
1 755808866  
1 1583388125  
1 550530985  
3 
4 
6 
6 
4 
3 
2 
3 
5 
5 
4 
2 
2 
2 
3 
2 
4 
1 1763953483  
3 
6 
5 
1 2016922960  
5 
2 
4 
2 
5 
3 
4 
3 
4 
5 
3 
3 
2 
2 
3 
2 
5 
1 1870954119  
1 321030611  
4 
2 
6 
1 128799061  
3 
6 
4 
3 
1 2097883211  
2 
2 
1 1421164146  
5 
5 
5 
6 
6 
6 
5 
2 
2 
6 
6 
5 
5 
4 
5 
4 
5 
3 
6 
3 
6 
1 905767234  
4 
4 
3 
6 
4 
4 
4 
4 
2 
4 
5 
3 
6 
3 
4 
2 
5 
4 
5 
5 
6 
4 
6 
1 404287252  
2 
3 
4 
1 1760986593  
1 1477166914  
4 
6 
3 
5 
3 
5 
1 357554087  
5 
4 
6 
1 1405038487  
2 
3 
6 
4 
1 996216701  
4 
5 
4 
2 
6 
1 1703626183  
6 
6 
5 
1 397686929  
3 
3 
2 
4 
1 1130589052  
4 
3 
1 1016100806  
3 
4 
2 
1 1507417350  
3 
5 
6 
5 
5 
5 
6 
2 
5 
6 
4 
5 
5 
3 
4 
4 
5 
3 
5 
2 
4 
6 
2 
3 
4 
1 278111706  
6 
6 
3 
6 
1 1698265353  
2 
6 
4 
1 907104617  
5 
2 
2 
3 
6 
1 263805797  
3 
4 
6 
6 
4 
1 899313867  
4 
4 
5 
1 268126573  
6 
4 
4 
4 
1 1799206199  
2 
2 
5 
5 
6 
6 
5 
2 
5 
4 
2 
4 
2 
4 
1 1918269606  
4 
2 
3 
5 
2 
2 
5 
6 
6 
4 
5 
1 1271002988  
2 
3 
4 
1 407531417  
5 
2 
5 
2 
6 
3 
5 
2 
3 
4 
6 
4 
3 
5 
4 
4 
4 
6 
1 1354174084  
4 
6 
2 
3 
1 1821533973  
6 
1 24001253  
1 1223613396  
6 
4 
1 1545004444  
3 
6 
1 345031864  
2 
6 
6 
5 
5 
6 
4 
2 
3 
4 
1 1352412457  
3 
2 
5 
2 
5 
1 1495404008  
6 
2 
3 
4 
2 
1 1766196010  
4 
1 110696043  
2 
6 
3 
6 
1 1899691260  
4 
4 
1 1379698955  
6 
6 
5 
5 
4 
3 
4 
4 
5 
3 
6 
2 
2 
5 
1 1587862957  
4 
4 
2 
3 
5 
6 
2 
3 
6 
5 
5 
6 
3 
3 
5 
3 
3 
4 
1 109761699  
1 637253795  
1 436596010  
3 
6 
3 
5 
1 1813387883  
1 1034940724  
2 
2 
4 
6 
1 1567185063  
5 
6 
6 
1 682005041  
5 
6 
2 
5 
5 
4 
6 
3 
5 
6 
3 
4 
1 394874426  
6 
2 
4 
6 
1 1845296769  
1 232786746  
4 
2 
6 
2 
2 
4 
4 
6 
3 
2 
5 
6 
5 
2 
1 1301979043  
6 
3 
1 2109102566  
3 
2 
5 
2 
2 
4 
4 
3 
1 1132100614  
2 
4 
6 
3 
2 
4 
5 
5 
6 
5 
1 1570105617  
6 
6 
2 
1 1760825117  
1 902886572  
1 693624957  
4 
5 
1 20872887  
4 
5 
3 
6 
6 
4 
2 
3 
2 
1 109577008  
4 
3 
2 
6 
6 
6 
6 
5 
4 
5 
6 
3 
1 367675282  
4 
5 
5 
5 
1 44874140  
6 
5 
4 
2 
5 
3 
1 1333190405  
2 
5 
3 
2 
5 
5 
6 
4 
3 
1 1912679727  
6 
2 
5 
4 
4 
3 
3 
6 
4 
2 
6 
1 389906004  
3 
4 
3 
4 
5 
5 
5 
6 
6 
1 538119214  
6 
1 1260600087  
6 
4 
6 
6 
2 
3 
5 
2 
5 
2 
5 
1 8618367  
5 
4 
4 
6 
2 
6 
5 
5 
6 
5 
1 648815258  
6 
6 
5 
6 
6 
3 
4 
4 
4 
5 
4 
6 
6 
1 1012807699  
2 
1 1388317322  
3 
4 
1 89194567  
3 
2 
2 
4 
5 
3 
3 
6 
6 
1 1122569398  
5 
3 
3 
2 
5 
6 
6 
2 
5 
2 
4 
4 
2 
1 2025571117  
6 
2 
4 
6 
5 
3 
2 
2 
5 
5 
5 
4 
3 
6 
3 
4 
5 
4 
4 
2 
1 525790578  
1 788473633  
4 
1 913028193  
5 
3 
3 
2 
5 
3 
5 
5 
2 
6 
2 
6 
3 
5 
2 
2 
2 
4 
3 
5 
2 
3 
5 
5 
4 
4 
5 
1 2092975641  
1 1470478674  
1 1307902620  
1 1790788762  
3 
4 
6 
5 
2 
3 
5 
5 
2 
1 1703265421  
1 462398015  
5 
3 
1 1752407680  
5 
6 
4 
6 
4 
2 
1 687882387  
4 
5 
4 
1 2032503632  
1 1365749150  
4 
1 1590768959  
1 578644941  
6 
3 
5 
6 
3 
2 
2 
1 1386622037  
6 
5 
4 
6 
4 
4 
4 
2 
5 
2 
2 
5 
4 
6 
5 
2 
2 
1 1700345968  
2 
4 
4 
3 
5 
3 
3 
3 
5 
3 
5 
2 
4 
1 946320224  
3 
3 
5 
5 
2 
5 
2 
2 
1 1431496177  
3 
2 
5 
2 
3 
5 
4 
5 
5 
1 886052725  
6 
3 
2 
3 
6 
1 711516303  
2 
4 
1 1821402181  
3 
2 
4 
4 
5 
3 
3 
3 
3 
3 
1 1424171939  
1 1972116390  
4 
6 
2 
1 1830020548  
6 
2 
6 
1 2072987197  
1 837440441  
1 1070854223  
5 
4 
4 
5 
6 
5 
4 
1 14698117  
6 
6 
2 
3 
2 
2 
4 
6 
2 
3 
2 
1 1960009839  
2 
2 
3 
3 
2 
3 
2 
6 
3 
3 
1 948941692  
4 
4 
2 
6 
5 
1 540488695  
1 600999825  
2 
2 
2 
6 
6 
1 1861969886  
2 
4 
6 
3 
1 485980688  
6 
1 2071478499  
3 
5 
3 
2 
2 
3 
4 
3 
1 1022388858  
4 
4 
4 
5 
2 
2 
5 
2 
5 
3 
2 
1 129285802  
6 
6 
3 
2 
5 
2 
5 
4 
5 
3 
6 
1 1627260272  
6 
5 
6 
2 
3 
4 
2 
2 
4 
3 
4 
5 
2 
1 1484786873  
6 
4 
5 
1 1881693482  
5 
2 
4 
3 
5 
3 
2 
4 
5 
3 
1 167659011  
3 
6 
3 
4 
5 
5 
4 
1 1369806858  
3 
2 
3 
1 1099958984  
6 
1 1758427971  
5 
3 
1 1948451799  
5 
6 
5 
2 
5 
6 
3 
5 
4 
2 
2 
1 339097373  
3 
3 
1 1311290291  
3 
6 
5 
3 
2 
5 
6 
4 
5 
4 
1 747288375  
4 
1 1770593550  
2 
3 
5 
1 49859368  
5 
2 
2 
1 1458804678  
2 
6 
2 
1 1444512084  
5 
3 
6 
1 1474031307  
4 
6 
6 
3 
1 1283437420  
6 
2 
1 1127048984  
3 
5 
5 
5 
2 
5 
6 
2 
3 
6 
3 
1 1399534857  
5 
6 
2 
2 
3 
4 
3 
1 2120877861  
1 50419559  
3 
3 
5 
1 1414232974  
2 
3 
3 
3 
3 
2 
2 
1 1933404053  
6 
5 
2 
5 
1 999361252  
4 
1 1954721669  
4 
1 386920230  
3 
2 
1 713847490  
6 
4 
5 
5 
1 293218709  
1 310915081  
5 
6 
5 
6 
4 
4 
5 
1 1736236348  
1 422504511  
2 
2 
3 
1 1938175354  
5 
2 
1 1073539573  
3 
5 
6 
2 
3 
2 
2 
4 
3 
3 
3 
1 156714345  
4 
4 
3 
3 
3 
5 
4 
4 
3 
1 2105834365  
6 
5 
2 
1 295862783  
4 
3 
6 
2 
2 
4 
1 1256673330  
4 
1 1716778688  
1 96830935  
2 
4 
1 1595770703  
5 
6 
2 
5 
3 
2 
4 
6 
4 
1 880585331  
3 
6 
4 
5 
2 
1 844119310  
3 
4 
2 
4 
5 
3 
2 
1 1218880606  
2 
4 
2 
2 
4 
1 930444699  
5 
3 
6 
4 
1 155440341  
5 
1 515909042  
5 
6 
6 
5 
1 256992359  
5 
5 
5 
1 1438877761  
4 
2 
4 
5 
5 
6 
5 
1 1642958026  
3 
5 
2 
2 
4 
2 
6 
3 
1 1656527216  
4 
3 
3 
4 
6 
6 
4 
5 
2 
2 
5 
2 
2 
5 
3 
1 1412271975  
5 
3 
3 
4 
2 
4 
2 
4 
3 
4 
1 1693377586  
2 
4 
1 923276542  
5 
3 
3 
2 
4 
5 
1 1198192380  
6 
1 545255190  
2 
1 730514563  
2 
6 
4 
5 
1 1585112610  
1 1259102680  
1 1023733272  
4 
5 
3 
6 
5 
1 1896027691  
5 
2 
2 
2 
1 847855380  
4 
2 
3 
1 1446237783  
3 
6 
2 
1 1686719397  
4 
4 
3 
3 
3 
1 1921394953  
5 
4 
4 
6 
6 
4 
5 
2 
3 
1 1602952128  
3 
4 
5 
3 
1 1645070115  
3 
2 
6 
6 
6 
1 69774089  
1 712141810  
6 
1 1214365155  
2 
3 
5 
3 
6 
1 166605024  
1 160428866  
5 
4 
3 
1 2094950487  
3 
2 
6 
2 
5 
3 
6 
4 
4 
1 1010724334  
3 
4 
1 1379309472  
6 
3 
5 
2 
1 877911538  
5 
4 
1 1166164675  
5 
6 
4 
3 
6 
5 
6 
1 1895218514  
4 
1 1134903897  
3 
4 
5 
6 
5 
2 
5 
4 
4 
4 
2 
2 
4 
5 
6 
4 
6 
4 
4 
5 
2 
5 
5 
4 
5 
5 
4 
1 457558789  
5 
4 
1 1390692892  
1 643947465  
6 
5 
6 
5 
6 
5 
5 
4 
1 1869830764  
4 
5 
6 
2 
5 
4 
3 
3 
5 
3 
4 
6 
6 
4 
5 
2 
5 
6 
4 
6 
6 
5 
5 
4 
3 
2 
6 
6 
2 
3 
6 
5 
1 936586830  
2 
1 1567224007  
4 
3 
2 
6 
6 
1 920539496  
3 
1 1481842020  
2 
2 
3 
2 
2 
5 
5 
2 
6 
4 
6 
5 
3 
1 150254922  
6 
2 
2 
6 
1 358168458  
3 
6 
3 
2 
5 
2 
5 
6 
3 
6 
6 
4 
5 
3 
6 
4 
2 
3 
4 
4 
3 
4 
5 
5 
1 593461052  
1 1173988194  
4 
4 
3 
2 
2 
1 106712501  
4 
6 
6 
5 
3 
4 
5 
4 
5 
5 
6 
4 
5 
1 1441316432  
3 
4 
6 
6 
5 
4 
1 472742329  
3 
2 
2 
2 
6 
2 
2 
1 1793431899  
3 
6 
4 
1 1215227738  
2 
6 
2 
6 
3 
2 
3 
5 
2 
6 
2 
6 
1 2075694458  
1 1291018366  
4 
2 
5 
2 
5 
1 1285001827  
6 
5 
1 640352620  
5 
1 357899873  
6 
6 
3 
5 
2 
6 
4 
6 
1 1451606851  
1 800781486  
2 
2 
1 305366712  
2 
2 
4 
1 314847537  
1 32607310  
6 
3 
6 
2 
4 
2 
1 1183278251  
1 1481012213  
6 
5 
2 
6 
4 
4 
2 
3 
5 
2 
3 
5 
3 
4 
3 
3 
1 1927825824  
4 
5 
5 
2 
3 
5 
5 
4 
1 170698500  
4 
2 
3 
4 
5 
3 
1 1938571002  
4 
4 
4 
2 
1 1171035069  
1 814645966  
2 
1 1660918118  
5 
4 
1 2107621899  
5 
1 234386325  
6 
1 433973966  
2 
3 
5 
5 
6 
4 
1 1441980272  
5 
6 
1 384641248  
3 
6 
6 
1 792142424  
1 2035441324  
2 
1 1558629442  
4 
4 
3 
4 
6 
6 
6 
1 898854925  
3 
4 
6 
1 1329274109  
6 
1 2031371772  
4 
2 
6 
6 
2 
6 
3 
4 
5 
6 
5 
6 
1 544803176  
2 
3 
3 
6 
1 397018199  
5 
3 
2 
3 
5 
6 
3 
6 
4 
6 
6 
3 
5 
4 
1 1959582582  
6 
5 
3 
3 
1 1835821542  
2 
1 1682020026  
1 452451554  
2 
1 46237768  
4 
5 
5 
1 986143229  
4 
5 
2 
1 1253233041  
6 
3 
2 
1 351604480  
6 
1 1300990766  
4 
4 
4 
2 
2 
2 
2 
1 1285840351  
1 1534882731  
2 
1 634519331  
3 
6 
2 
3 
2 
5 
5 
5 
4 
4 
2 
3 
1 1066182528  
1 1705581232  
4 
2 
3 
4 
6 
1 425606685  
1 89733949  
6 
2 
5 
4 
1 372743550  
6 
1 2086524803  
4 
5 
2 
1 49872200  
2 
6 
5 
2 
5 
2 
2 
4 
4 
4 
2 
1 607129875  
6 
5 
1 373015121  
6 
4 
4 
2 
6 
2 
1 1491852472  
6 
4 
1 991771123  
4 
2 
4 
4 
3 
6 
2 
3 
6 
2 
6 
1 1165157545  
2 
3 
4 
2 
3 
2 
6 
1 1379810149  
2 
2 
1 402916918  
3 
3 
5 
6 
6 
3 
4 
1 2064012471  
5 
2 
1 561600610  
4 
4 
4 
2 
3 
3 
5 
2 
3 
5 
5 
5 
4 
6 
5 
5 
5 
3 
3 
1 286805042  
6 
4 
6 
3 
6 
3 
6 
6 
2 
2 
4 
5 
3 
3 
3 
3 
3 
5 
6 
6 
2 
2 
1 461331999  
2 
2 
6 
6 
2 
3 
5 
6 
4 
2 
6 
5 
1 958618809  
3 
2 
3 
1 98903976  
4 
2 
4 
1 149669894  
1 493155187  
4 
4 
2 
2 
2 
1 551355530  
1 195907662  
2 
1 1479298416  
2 
4 
3 
2 
4 
1 1804588571  
1 547512142  
4 
2 
4 
1 632805534  
3 
6 
5 
6 
1 942945275  
4 
6 
6 
4 
2 
4 
6 
5 
4 
6 
6 
1 2082394874  
2 
2 
5 
4 
2 
5 
6 
5 
3 
4 
2 
5 
3 
4 
4 
3 
2 
1 1267324866  
6 
2 
5 
5 
4 
6 
4 
4 
6 
6 
4 
2 
2 
4 
5 
2 
2 
1 2009127803  
6 
6 
3 
1 1640492458  
5 
3 
6 
2 
2 
3 
5 
1 1692931551  
3 
6 
3 
6 
3 
1 2098861752  
6 
1 2013236008  
1 1631972707  
3 
3 
2 
1 1250304  
4 
1 472882235  
5 
6 
3 
2 
2 
1 2004987828  
5 
1 1493102777  
2 
4 
6 
1 1464653359  
4 
1 1022661726  
1 725429278  
1 1867570277  
3 
6 
2 
3 
3 
1 939190549  
1 1287029888  
2 
3 
2 
4 
6 
3 
6 
1 6891671  
3 
4 
3 
3 
4 
5 
2 
6 
4 
4 
3 
1 1400522548  
6 
1 98165049  
3 
3 
6 
6 
6 
5 
5 
2 
2 
2 
5 
2 
2 
1 105795647  
6 
2 
4 
2 
3 
4 
1 1550192442  
1 591320236  
6 
3 
6 
1 657151177  
4 
1 1746100104  
6 
4 
2 
4 
4 
3 
4 
1 2070618652  
5 
3 
6 
2 
3 
5 
3 
3 
5 
2 
3 
2 
6 
5 
6 
3 
3 
3 
1 314256101  
3 
3 
5 
5 
6 
1 146128599  
2 
5 
3 
6 
4 
3 
5 
6 
4 
2 
1 555940538  
6 
6 
3 
5 
6 
2 
1 1257201376  
1 81039825  
5 
4 
5 
5 
1 1823265404  
3 
6 
3 
3 
3 
2 
4 
6 
3 
5 
4 
5 
6 
2 
1 1118845531  
4 
5 
6 
5 
5 
1 1721532283  
2 
6 
1 1368713308  
5 
2 
6 
1 1070223635  
6 
5 
5 
4 
1 1587284643  
3 
4 
5 
6 
3 
4 
6 
6 
3 
2 
6 
3 
6 
6 
2 
1 853202367  
6 
2 
6 
2 
5 
3 
6 
1 1071473939  
2 
4 
6 
5 
4 
6 
5 
5 
1 2060166878  
2 
2 
4 
5 
5 
6 
6 
3 
5 
4 
6 
1 710706547  
6 
5 
4 
3 
2 
5 
4 
5 
3 
4 
6 
4 
1 417093068  
6 
4 
6 
1 1377336589  
1 1733368273  
3 
3 
5 
1 1142522346  
2 
3 
3 
5 
6 
1 1097423218  
4 
2 
3 
3 
1 525075174  
4 
6 
1 282068586  
4 
3 
2 
6 
5 
1 1104314889  
6 
1 1925597723  
5 
4 
5 
4 
3 
4 
5 
6 
1 380233635  
2 
6 
1 1210110536  
4 
4 
4 
3 
1 1328306517  
5 
5 
1 971553871  
4 
1 1867261714  
3 
5 
6 
2 
4 
3 
1 926922974  
3 
4 
1 894688875  
3 
5 
1 34034167  
3 
4 
6 
4 
3 
5 
1 1073051573  
3 
5 
1 1450629414  
1 1291235543  
5 
3 
3 
4 
1 1154091398  
4 
1 1126411170  
3 
6 
6 
6 
1 262597426  
2 
3 
4 
2 
4 
6 
5 
2 
5 
3 
2 
1 728140033  
2 
6 
3 
5 
2 
2 
5 
5 
3 
3 
6 
1 347640830  
1 1332821061  
1 167941028  
3 
4 
5 
5 
2 
2 
2 
4 
1 1200843197  
1 256811352  
5 
4 
3 
6 
1 80624258  
1 1911549745  
6 
6 
5 
4 
2 
6 
4 
5 
3 
2 
3 
3 
4 
5 
1 673904421  
3 
4 
5 
4 
1 1457960848  
3 
4 
1 1497434370  
4 
3 
5 
3 
2 
1 1816426767  
1 407900418  
5 
2 
2 
5 
4 
2 
6 
5 
3 
3 
2 
1 2022509545  
1 2098495354  
4 
4 
6 
5 
1 1512215308  
5 
2 
6 
3 
1 1800623620  
2 
2 
6 
6 
4 
5 
6 
6 
1 331245341  
5 
4 
4 
1 574842196  
4 
3 
5 
3 
2 
5 
5 
4 
6 
6 
4 
1 981446489  
2 
1 1302799213  
1 294620262  
5 
1 1908369463  
2 
4 
6 
4 
4 
5 
3 
6 
4 
6 
6 
3 
3 
1 50004440  
6 
1 328654429  
3 
2 
4 
4 
6 
6 
4 
1 833937388  
5 
6 
3 
5 
1 1500633854  
6 
2 
4 
5 
4 
3 
1 1619889972  
3 
3 
1 1988028786  
4 
5 
6 
5 
5 
5 
4 
3 
4 
1 479561377  
3 
6 
6 
2 
1 1882487398  
3 
2 
5 
3 
5 
4 
3 
6 
5 
4 
1 568685171  
2 
4 
2 
1 827202207  
3 
4 
4 
4 
4 
5 
5 
1 1067824811  
1 736626199  
2 
3 
2 
6 
2 
4 
2 
3 
6 
2 
2 
2 
1 2028045405  
2 
5 
5 
2 
2 
3 
6 
4 
6 
6 
3 
1 1324636164  
4 
6 
4 
2 
6 
4 
6 
6 
1 817250458  
2 
3 
1 1792111502  
4 
4 
4 
2 
5 
3 
2 
6 
2 
3 
3 
4 
3 
5 
6 
5 
2 
3 
5 
5 
6 
5 
4 
5 
3 
4 
3 
3 
6 
1 1998540585  
3 
4 
1 127727658  
3 
3 
5 
1 1142062224  
6 
2 
4 
1 1667483704  
3 
2 
2 
6 
1 535628076  
4 
3 
1 1017088121  
5 
4 
6 
3 
2 
5 
4 
1 1618495410  
6 
2 
1 2047843384  
1 670228093  
1 1949740752  
1 475201933  
4 
2 
3 
4 
5 
1 1651674583  
4 
2 
1 1105056317  
1 769822195  
6 
4 
6 
3 
5 
2 
2 
6 
6 
2 
3 
5 
5 
3 
2 
5 
2 
5 
3 
2 
3 
3 
4 
1 1412560398  
1 1155060757  
1 1098476625  
5 
1 99014139  
6 
5 
4 
5 
4 
4 
4 
2 
6 
4 
1 508210964  
1 570882949  
5 
1 2087042925  
4 
4 
4 
1 987772341  
5 
2 
4 
1 305886700  
4 
3 
5 
3 
5 
6 
4 
4 
1 508244449  
5 
5 
3 
2 
3 
3 
2 
1 1814974548  
3 
3 
1 1373711511  
5 
1 1244870648  
3 
1 1695536305  
6 
5 
4 
4 
3 
5 
2 
2 
4 
5 
4 
1 550864027  
3 
4 
5 
3 
5 
5 
5 
3 
2 
1 2062121106  
5 
2 
3 
5 
3 
2 
6 
4 
5 
1 1340164159  
4 
5 
1 401920964  
5 
3 
4 
2 
1 42365116  
1 334742736  
1 2069404669  
4 
4 
1 577993193  
3 
2 
4 
6 
4 
2 
2 
4 
1 1351830857  
6 
3 
2 
3 
3 
1 1540416431  
1 478352929  
4 
4 
2 
5 
5 
3 
6 
1 2022058951  
2 
5 
4 
3 
1 1342673535  
2 
2 
2 
5 
6 
4 
3 
3 
5 
6 
6 
4 
1 953554862  
4 
2 
5 
4 
3 
3 
4 
5 
1 1526249886  
1 300246204  
4 
5 
3 
1 1723377058  
3 
6 
5 
5 
5 
3 
1 791326636  
2 
2 
5 
3 
2 
5 
2 
5 
1 1455306962  
6 
2 
6 
4 
2 
4 
5 
4 
4 
3 
5 
1 674370035  
1 890340775  
2 
3 
1 1963517926  
4 
4 
6 
1 1245252984  
2 
4 
2 
6 
5 
3 
1 829900053  
6 
6 
3 
1 803806619  
4 
4 
2 
1 1551139684  
4 
4 
5 
3 
6 
3 
2 
1 1338144502  
5 
5 
1 471297519  
3 
5 
5 
5 
2 
4 
1 777367548  
1 435531502  
5 
4 
2 
5 
4 
6 
5 
6 
1 19350177  
3 
5 
1 1328231575  
5 
4 
5 
5 
2 
1 350168961  
5 
2 
2 
3 
1 1359514336  
5 
5 
1 1730152540  
5 
5 
1 392534077  
3 
5 
2 
1 1694257072  
3 
2 
1 1652073561  
4 
1 970527270  
4 
3 
2 
3 
3 
5 
6 
3 
6 
6 
5 
2 
5 
5 
4 
3 
4 
3 
1 898604282  
2 
5 
1 1045006344  
1 1448880200  
1 773179585  
6 
2 
6 
1 240196232  
2 
1 254951414  
4 
1 151945823  
2 
5 
2 
3 
6 
4 
2 
3 
5 
4 
3 
2 
4 
1 540442436  
3 
5 
2 
3 
6 
4 
1 1978328472  
3 
3 
6 
5 
4 
5 
3 
5 
3 
6 
6 
3 
3 
2 
4 
1 943272459  
3 
4 
5 
6 
1 1995749398  
5 
1 505214859  
1 1833613235  
2 
4 
4 
1 1811783676  
4 
2 
4 
6 
1 1750467844  
5 
2 
5 
6 
4 
3 
1 516029640  
1 468106647  
4 
3 
4 
5 
3 
4 
2 
4 
4 
5 
3 
3 
6 
1 1154123880  
2 
1 1854174142  
1 939404167  
6 
3 
6 
4 
6 
2 
2 
3 
2 
1 1931491428  
5 
3 
3 
1 142221996  
1 958754344  
2 
6 
6 
4 
5 
2 
2 
1 1112239356  
6 
1 492390957  
1 170785032  
5 
4 
5 
6 
2 
4 
2 
4 
6 
4 
3 
5 
6 
6 
6 
3 
6 
6 
5 
2 
6 
2 
4 
1 694908248  
1 884925035  
1 1865042105  
3 
6 
1 199498161  
6 
1 1855452305  
4 
6 
1 616162739  
5 
5 
3 
6 
6 
1 1244504505  
1 1156848857  
5 
1 1389342324  
2 
4 
2 
5 
3 
4 
6 
6 
2 
6 
1 1484700737  
4 
5 
2 
6 
2 
1 1411800272  
6 
3 
1 1541288147  
1 2025143174  
5 
2 
3 
1 1242645096  
6 
3 
1 337076958  
2 
3 
4 
4 
5 
4 
5 
5 
1 1873408924  
1 1747859956  
3 
1 23206545  
6 
2 
6 
5 
2 
3 
3 
4 
2 
4 
2 
2 
1 1537708953  
6 
2 
1 1350844152  
3 
4 
6 
3 
1 539236185  
5 
5 
1 2005815600  
4 
5 
1 357484384  
2 
2 
4 
5 
3 
6 
2 
4 
6 
4 
3 
3 
6 
4 
3 
2 
3 
6 
3 
2 
1 245926679  
5 
4 
5 
6 
3 
5 
2 
6 
2 
1 797736119  
3 
5 
2 
1 141492165  
6 
1 388148676  
1 1756490463  
3 
5 
5 
2 
6 
1 1253731521  
4 
5 
6 
4 
2 
6 
6 
4 
4 
6 
3 
2 
6 
3 
4 
6 
3 
2 
3 
2 
6 
4 
1 880539633  
2 
6 
4 
2 
1 1927275496  
1 1948639769  
5 
6 
4 
5 
2 
4 
2 
6 
6 
5 
1 1765464668  
4 
2 
4 
5 
3 
6 
3 
5 
4 
6 
6 
5 
4 
3 
3 
3 
4 
4 
3 
4 
1 1644833953  
1 654282  
5 
6 
5 
2 
6 
5 
3 
2 
2 
6 
2 
3 
3 
4 
6 
3 
6 
5 
6 
6 
2 
2 
5 
1 1473433326  
4 
4 
3 
2 
3 
6 
3 
5 
5 
1 113513044  
2 
5 
4 
2 
6 
4 
4 
4 
1 1245158787  
4 
5 
5 
5 
4 
4 
5 
2 
3 
3 
6 
2 
3 
5 
5 
2 
4 
4 
4 
2 
6 
5 
6 
4 
1 482798535  
1 1502855368  
2 
6 
6 
2 
1 582375877  
3 
2 
1 1894598807  
5 
2 
2 
5 
3 
5 
1 896659867  
6 
3 
5 
6 
6 
5 
6 
1 460035403  
3 
5 
2 
3 
6 
4 
2 
3 
5 
4 
5 
4 
5 
3 
3 
2 
3 
2 
4 
6 
5 
1 989760256  
2 
5 
4 
3 
2 
5 
1 1233736825  
1 185960679  
6 
2 
6 
5 
6 
4 
4 
6 
6 
3 
6 
3 
5 
1 590136564  
4 
4 
4 
2 
2 
2 
3 
5 
5 
1 1256943371  
4 
3 
3 
6 
6 
2 
2 
6 
5 
2 
3 
6 
2 
3 
1 1723669632  
6 
2 
1 1940980716  
4 
3 
6 
3 
4 
1 1796179556  
5 
1 1582001585  
5 
5 
3 
2 
3 
3 
3 
3 
5 
3 
3 
5 
3 
3 
4 
1 150981452  
6 
2 
1 2042106236  
4 
6 
2 
5 
1 232254056  
2 
4 
4 
6 
5 
6 
4 
1 292473617  
4 
4 
2 
3 
1 282771264  
5 
3 
2 
4 
2 
4 
1 1988744520  
2 
2 
2 
3 
4 
5 
2 
2 
3 
5 
5 
5 
2 
3 
3 
2 
4 
4 
1 1546205138  
4 
2 
6 
1 1163310897  
4 
5 
1 1768536368  
5 
5 
6 
1 1347361259  
6 
1 781291918  
5 
3 
4 
6 
2 
4 
6 
6 
5 
5 
3 
1 1265886673  
6 
2 
1 1348015541  
2 
6 
5 
3 
1 107241596  
1 1379399717  
5 
2 
5 
3 
6 
2 
6 
3 
5 
6 
4 
4 
6 
4 
2 
4 
4 
4 
5 
2 
3 
1 445690681  
2 
2 
1 590040131  
2 
3 
5 
4 
6 
2 
1 734771437  
2 
3 
4 
5 
5 
3 
3 
1 1028066558  
5 
5 
2 
2 
3 
2 
3 
2 
3 
5 
5 
2 
2 
3 
3 
5 
6 
6 
6 
1 337155291  
4 
2 
4 
4 
1 1631431304  
1 1488101961  
5 
5 
5 
2 
3 
2 
3 
2 
3 
3 
4 
5 
3 
4 
2 
3 
4 
2 
1 1326915547  
6 
4 
5 
1 717684481  
3 
3 
3 
1 1674062640  
2 
4 
3 
1 1917052111  
5 
2 
4 
4 
1 1974627852  
4 
1 1250248625  
1 1710549179  
1 1623323761  
6 
3 
1 684766562  
5 
3 
4 
3 
6 
5 
4 
2 
1 1861530631  
1 1517946349  
2 
4 
4 
6 
4 
5 
4 
6 
3 
4 
2 
3 
5 
3 
5 
1 917020618  
2 
5 
2 
2 
1 6520601  
4 
1 1800717613  
6 
1 758281490  
5 
6 
5 
2 
5 
2 
4 
3 
2 
1 1552725739  
3 
6 
6 
4 
6 
4 
5 
1 816544862  
3 
1 379334210  
6 
3 
3 
6 
3 
6 
1 752603351  
4 
1 1597836780  
6 
1 1645220883  
4 
6 
6 
5 
3 
6 
2 
6 
6 
4 
1 2100618892  
6 
6 
1 1705078376  
4 
3 
5 
4 
6 
6 
1 877136952  
5 
2 
5 
6 
1 398825925  
5 
1 147634860  
6 
4 
6 
2 
1 1611908389  
5 
3 
6 
4 
1 1426892483  
6 
5 
2 
5 
3 
6 
5 
2 
4 
4 
4 
6 
1 484790151  
4 
6 
3 
3 
4 
5 
2 
4 
4 
1 1095856045  
6 
5 
1 767510796  
4 
6 
4 
5 
6 
3 
3 
4 
1 1811705698  
4 
5 
2 
1 1813540527  
3 
3 
4 
4 
4 
3 
1 294089789  
2 
2 
1 1581274161  
4 
6 
3 
6 
5 
2 
6 
2 
2 
6 
4 
4 
5 
5 
3 
5 
1 1640684731  
1 1544338414  
6 
6 
2 
5 
5 
5 
3 
6 
3 
6 
3 
2 
1 1144339692  
4 
4 
1 1116524844  
5 
3 
2 
2 
3 
5 
1 81621328  
1 858386675  
1 486987545  
1 998641946  
5 
1 864907276  
1 140221510  
2 
6 
6 
5 
2 
2 
2 
4 
6 
4 
4 
5 
2 
5 
6 
4 
6 
3 
6 
4 
5 
3 
2 
3 
6 
3 
5 
5 
6 
5 
5 
1 1756923437  
6 
6 
5 
3 
5 
6 
2 
1 270149368  
3 
6 
1 956766373  
1 2136257647  
5 
1 1022752719  
3 
4 
3 
2 
3 
1 407119505  
4 
3 
2 
1 1633994883  
1 975887963  
2 
5 
3 
3 
5 
4 
1 2112197882  
3 
2 
5 
3 
2 
1 363648187  
1 1374713889  
1 112349094  
6 
2 
2 
4 
2 
6 
5 
2 
4 
1 1975556577  
3 
4 
4 
3 
5 
4 
3 
3 
5 
2 
4 
3 
4 
2 
6 
6 
5 
6 
1 654122724  
5 
2 
4 
1 597139245  
5 
3 
3 
5 
2 
2 
1 923928974  
4 
5 
6 
1 1421633521  
4 
2 
1 261361295  
1 589985853  
4 
3 
5 
2 
3 
5 
1 1715723310  
6 
6 
4 
2 
2 
1 1842635456  
6 
6 
2 
2 
5 
6 
2 
3 
5 
4 
2 
6 
3 
6 
3 
3 
2 
1 83186937  
6 
3 
3 
6 
2 
2 
1 1112578076  
1 839491500  
5 
6 
5 
5 
1 1199711781  
6 
5 
1 1194199404  
4 
4 
2 
2 
2 
6 
1 1697878175  
6 
1 1686699327  
4 
6 
1 45357702  
4 
6 
4 
5 
2 
6 
1 415301804  
2 
1 1826920837  
3 
2 
3 
4 
2 
2 
2 
3 
2 
3 
6 
3 
6 
5 
4 
3 
1 1802281139  
3 
3 
4 
1 685451172  
2 
3 
1 636203562  
2 
2 
6 
5 
2 
5 
2 
4 
2 
4 
3 
6 
5 
3 
5 
5 
1 1791055139  
3 
6 
2 
2 
6 
5 
3 
6 
5 
2 
3 
6 
2 
3 
2 
4 
3 
6 
4 
1 1708203891  
1 1043323068  
4 
4 
2 
1 1277566374  
5 
6 
5 
6 
1 536608206  
6 
5 
4 
5 
6 
5 
1 1008037302  
4 
3 
6 
3 
5 
1 1641214561  
5 
1 1911322095  
5 
1 1120386396  
3 
1 1469287490  
5 
4 
3 
5 
2 
3 
5 
3 
5 
4 
3 
1 417961172  
5 
2 
5 
2 
6 
2 
6 
1 1717525641  
3 
4 
3 
2 
3 
4 
2 
5 
3 
6 
3 
6 
6 
1 245732817  
3 
3 
6 
1 1839594693  
5 
4 
3 
4 
1 1978886936  
6 
6 
2 
6 
1 835718670  
4 
3 
3 
1 1407834355  
1 1674038744  
3 
4 
2 
2 
3 
5 
4 
6 
1 918905607  
2 
3 
1 372928783  
4 
5 
1 366046596  
3 
6 
3 
3 
6 
1 2118617389  
2 
1 1567128187  
5 
1 2063924771  
4 
1 1657833068  
5 
3 
2 
1 1612485889  
5 
6 
5 
6 
1 331742927  
3 
3 
4 
4 
2 
4 
6 
6 
4 
3 
1 1337270257  
3 
1 1267283381  
5 
6 
3 
3 
2 
6 
6 
2 
4 
5 
1 1017194099  
5 
3 
4 
3 
1 1973473820  
1 910854872  
1 577914342  
3 
5 
1 869313240  
2 
1 40937598  
4 
2 
3 
2 
6 
5 
4 
5 
5 
6 
2 
4 
2 
4 
5 
6 
6 
6 
6 
1 1114522549  
4 
2 
6 
2 
4 
1 1877350542  
1 1682152159  
3 
1 878360996  
4 
1 850253290  
3 
1 1003956002  
4 
4 
2 
2 
1 1296322168  
6 
4 
3 
6 
5 
3 
2 
3 
4 
6 
1 420295283  
1 1249688819  
3 
4 
3 
5 
1 988433213  
5 
5 
5 
3 
1 251698571  
4 
5 
2 
3 
4 
4 
3 
5 
6 
5 
6 
1 2085407489  
1 248783920  
2 
5 
1 1925737315  
6 
6 
4 
6 
4 
4 
2 
5 
5 
5 
6 
3 
4 
4 
4 
3 
4 
3 
1 856829449  
1 621712703  
6 
5 
4 
6 
2 
1 144300263  
2 
4 
5 
4 
2 
2 
2 
3 
2 
5 
2 
6 
3 
4 
1 827963190  
2 
4 
1 41357242  
1 60741386  
6 
6 
5 
2 
1 338312610  
1 1653843132  
1 392484314  
1 1675582867  
1 773642865  
3 
6 
4 
3 
1 1409678413  
6 
1 1501573039  
3 
5 
2 
3 
3 
3 
6 
4 
5 
5 
2 
6 
4 
5 
1 1684497737  
4 
2 
4 
1 1987592756  
2 
6 
5 
3 
6 
1 223402631  
4 
2 
5 
5 
5 
1 1725435335  
1 954631657  
3 
4 
2 
5 
6 
5 
4 
3 
2 
1 2100753173  
1 1260103846  
2 
2 
3 
3 
2 
1 1832992653  
2 
1 803522815  
3 
4 
4 
3 
2 
3 
5 
3 
6 
6 
1 116576200  
4 
2 
6 
4 
3 
2 
4 
6 
3 
5 
4 
5 
1 981831174  
1 1223818098  
2 
1 1366265019  
1 1970264387  
1 1475516669  
2 
5 
4 
1 1304188861  
4 
5 
6 
2 
6 
3 
4 
3 
6 
6 
3 
4 
4 
3 
1 71564660  
2 
3 
2 
4 
4 
5 
3 
4 
4 
3 
4 
6 
6 
1 1253770336  
3 
1 13534662  
1 693277363  
1 1398070599  
5 
2 
1 841497852  
1 734634606  
5 
5 
5 
6 
4 
6 
6 
1 1458811986  
3 
6 
6 
4 
2 
3 
5 
6 
3 
5 
4 
6 
2 
5 
3 
2 
5 
6 
4 
5 
4 
3 
4 
4 
4 
1 1179810462  
4 
6 
1 240994090  
3 
1 1851296300  
4 
4 
5 
1 707909681  
3 
4 
5 
6 
3 
1 1014636955  
4 
1 1113491065  
5 
4 
6 
5 
6 
3 
6 
2 
5 
5 
6 
6 
3 
5 
6 
1 61999073  
4 
1 551651044  
4 
3 
5 
3 
3 
3 
1 953600173  
5 
2 
2 
4 
2 
2 
5 
6 
2 
6 
5 
6 
3 
6 
5 
2 
2 
1 285401704  
2 
6 
2 
6 
3 
5 
6 
2 
5 
6 
3 
3 
3 
3 
3 
5 
6 
2 
1 129602731  
3 
2 
4 
5 
5 
1 1908231830  
2 
6 
3 
3 
1 238671230  
3 
3 
6 
2 
5 
1 1389706577  
3 
3 
5 
4 
6 
5 
2 
2 
6 
4 
3 
5 
5 
1 1593740836  
6 
3 
5 
3 
6 
2 
5 
2 
3 
2 
6 
3 
4 
3 
5 
1 1042194045  
2 
5 
1 1506282778  
4 
6 
5 
1 428088362  
1 118528496  
6 
5 
1 725064149  
3 
3 
5 
4 
6 
6 
3 
2 
1 250869101  
2 
6 
4 
5 
5 
6 
5 
5 
6 
6 
3 
5 
6 
6 
3 
5 
4 
5 
4 
6 
4 
3 
6 
4 
2 
2 
2 
4 
5 
4 
2 
5 
2 
4 
2 
6 
5 
5 
4 
3 
2 
3 
5 
5 
1 1594045165  
6 
3 
6 
2 
4 
6 
4 
4 
3 
6 
4 
5 
4 
2 
4 
1 2029253010  
5 
2 
1 322433761  
2 
5 
3 
1 700331854  
4 
5 
5 
4 
1 2042787672  
3 
4 
3 
3 
6 
3 
3 
4 
4 
3 
6 
2 
2 
6 
1 1015711125  
3 
5 
2 
3 
5 
5 
1 2098402453  
4 
5 
4 
6 
5 
4 
3 
1 736801876  
4 
6 
2 
1 1750345731  
4 
1 1409730791  
5 
3 
1 1916612338  
2 
6 
4 
2 
3 
1 1991339821  
5 
4 
1 1113543443  
2 
5 
1 477038372  
3 
5 
4 
3 
6 
4 
5 
3 
2 
1 858493128  
3 
3 
6 
4 
3 
1 79550861  
2 
6 
6 
2 
3 
2 
4 
4 
4 
4 
6 
5 
4 
1 539037445  
5 
2 
5 
3 
4 
4 
1 1410144172  
6 
4 
6 
2 
4 
5 
4 
4 
1 1033151034  
4 
2 
4 
2 
1 824439149  
6 
1 1539746903  
4 
1 793899217  
4 
6 
6 
6 
3 
5 
5 
3 
2 
6 
4 
2 
3 
2 
4 
1 1063110379  
3 
2 
2 
5 
2 
3 
6 
1 781969832  
6 
4 
4 
4 
4 
3 
3 
4 
4 
2 
6 
4 
6 
3 
6 
5 
6 
6 
1 240156405  
3 
1 2105304425  
5 
1 140768962  
6 
1 668244767  
2 
3 
4 
1 76349273  
5 
1 865833112  
4 
1 919113868  
1 1670394438  
2 
3 
2 
5 
6 
4 
4 
5 
3 
5 
5 
4 
3 
6 
5 
3 
3 
6 
1 747602474  
5 
5 
4 
4 
1 1241547630  
2 
3 
5 
5 
2 
2 
1 223242644  
5 
1 642906499  
2 
5 
6 
5 
6 
5 
2 
5 
5 
2 
