5 
2 
1 796977590  
1 1866784440  
1 133133702  
5 
3 
3 
1 1733316892  
5 
5 
1 1779994137  
3 
4 
5 
3 
5 
1 1831157892  
5 
4 
3 
3 
4 
5 
6 
1 1352524872  
3 
2 
4 
6 
3 
4 
5 
4 
6 
6 
4 
1 1604395163  
4 
5 
5 
5 
6 
4 
5 
6 
4 
5 
6 
4 
4 
1 63132606  
1 1684141498  
3 
2 
5 
1 1878827263  
4 
3 
5 
4 
5 
2 
5 
3 
6 
5 
4 
3 
4 
4 
1 3287526  
6 
5 
2 
5 
2 
1 1439070550  
6 
3 
3 
2 
2 
2 
2 
3 
3 
4 
3 
3 
2 
4 
1 1647513753  
2 
2 
4 
3 
6 
5 
5 
1 892380117  
2 
5 
6 
3 
6 
2 
1 1668072726  
3 
6 
5 
1 647958116  
6 
5 
2 
2 
2 
2 
2 
3 
6 
1 1215043541  
5 
1 1530299973  
6 
2 
6 
3 
4 
6 
5 
3 
3 
6 
5 
6 
2 
4 
6 
3 
4 
3 
3 
3 
5 
5 
5 
5 
5 
6 
3 
5 
3 
4 
2 
1 498000937  
5 
3 
5 
6 
5 
4 
2 
5 
5 
1 858060856  
6 
5 
6 
3 
4 
1 1942630012  
2 
2 
1 429062690  
2 
4 
2 
6 
1 978714266  
6 
4 
3 
4 
1 1285417426  
1 1128243350  
5 
4 
3 
5 
5 
5 
6 
2 
5 
5 
3 
5 
4 
5 
3 
3 
6 
2 
5 
3 
5 
1 333818188  
1 1485321889  
4 
5 
3 
1 178496111  
2 
1 588949267  
6 
6 
6 
2 
1 453563543  
5 
2 
2 
1 975473701  
2 
2 
1 308250059  
1 586697245  
1 561306945  
6 
5 
2 
3 
4 
5 
4 
4 
2 
5 
2 
6 
3 
5 
3 
2 
5 
1 2088244196  
5 
6 
6 
4 
5 
4 
1 270371489  
2 
3 
4 
3 
1 1913831818  
6 
3 
4 
1 1545155711  
6 
6 
5 
5 
2 
2 
6 
1 333504095  
2 
1 1450489668  
1 1276499326  
5 
2 
5 
2 
4 
6 
4 
1 336791622  
3 
5 
5 
3 
2 
2 
3 
3 
2 
3 
4 
5 
3 
3 
5 
2 
2 
1 742076570  
1 776529431  
3 
3 
3 
2 
4 
2 
3 
4 
2 
5 
5 
4 
1 1229171739  
5 
1 262665648  
5 
3 
1 1424487548  
1 296731632  
4 
2 
2 
1 1792965622  
5 
1 1922488485  
3 
3 
3 
4 
3 
4 
2 
3 
3 
5 
1 1154792488  
4 
2 
1 1588111986  
6 
6 
1 204067527  
6 
2 
5 
4 
6 
1 2133506754  
6 
1 726045764  
6 
5 
4 
6 
1 1332310877  
6 
3 
3 
2 
6 
1 319841294  
2 
6 
3 
4 
1 63884006  
4 
2 
5 
6 
1 1510806988  
1 908790561  
2 
6 
5 
2 
5 
3 
5 
6 
5 
6 
3 
4 
6 
2 
3 
1 517447549  
3 
1 338797042  
3 
3 
4 
5 
5 
6 
2 
1 1217040620  
5 
5 
6 
2 
3 
3 
4 
3 
6 
5 
4 
6 
5 
5 
3 
2 
1 1104144795  
1 900103987  
2 
6 
6 
3 
2 
5 
5 
4 
1 1157801168  
4 
6 
3 
2 
3 
3 
2 
2 
1 1374516284  
4 
6 
4 
4 
5 
4 
1 666452157  
3 
5 
1 555473232  
5 
5 
6 
2 
2 
2 
3 
1 1708020380  
5 
6 
2 
2 
2 
4 
5 
5 
2 
2 
1 2116941825  
5 
3 
2 
1 1831972558  
3 
4 
1 2044812002  
6 
4 
6 
6 
2 
6 
4 
4 
4 
6 
6 
3 
1 711534747  
5 
1 461018342  
5 
3 
4 
3 
5 
2 
4 
5 
3 
4 
2 
3 
5 
4 
4 
2 
3 
3 
5 
4 
5 
4 
2 
2 
5 
4 
3 
2 
2 
3 
4 
2 
6 
5 
5 
3 
6 
3 
1 1126500093  
3 
2 
1 974200396  
5 
6 
6 
2 
5 
5 
4 
4 
1 1885505890  
4 
1 1423231725  
5 
6 
1 619682370  
6 
5 
6 
5 
5 
6 
6 
4 
4 
1 1660510727  
1 430540566  
3 
3 
5 
4 
6 
5 
2 
1 60310708  
6 
3 
5 
5 
1 1864578254  
2 
5 
5 
2 
5 
4 
5 
6 
1 416563672  
5 
2 
5 
4 
6 
5 
6 
3 
1 786356472  
3 
3 
3 
1 1049405483  
3 
1 736404967  
3 
3 
4 
3 
6 
2 
2 
1 850240478  
5 
3 
4 
3 
5 
1 412728824  
6 
5 
2 
3 
3 
4 
4 
3 
5 
4 
5 
6 
1 1645195528  
1 1367688028  
6 
1 751525866  
3 
1 714752501  
3 
3 
4 
5 
2 
3 
4 
2 
6 
6 
3 
3 
4 
2 
4 
5 
5 
3 
4 
3 
5 
2 
4 
2 
5 
3 
6 
6 
3 
4 
5 
1 324349175  
1 1651629853  
1 1872553669  
2 
4 
6 
1 1698865459  
5 
2 
3 
2 
4 
1 170598363  
2 
5 
6 
6 
4 
3 
3 
5 
6 
4 
6 
2 
5 
4 
5 
1 280543253  
2 
5 
3 
3 
3 
5 
6 
2 
6 
6 
6 
4 
3 
3 
3 
1 1259402191  
1 140056540  
5 
2 
3 
4 
6 
4 
1 2112515812  
5 
4 
2 
2 
4 
4 
3 
3 
2 
6 
2 
1 1156730545  
2 
6 
5 
1 851591288  
4 
1 426050506  
6 
5 
3 
3 
3 
6 
1 135746990  
6 
2 
3 
5 
3 
5 
5 
5 
6 
2 
4 
4 
2 
4 
3 
1 1825791684  
6 
2 
5 
4 
2 
2 
6 
2 
2 
1 164072748  
4 
5 
6 
1 1558978716  
4 
2 
4 
6 
3 
4 
1 297990406  
4 
2 
3 
6 
2 
5 
6 
1 1824583475  
4 
1 1989519282  
1 358301114  
2 
3 
4 
2 
2 
1 1541678081  
2 
4 
3 
1 258599306  
1 1144657586  
1 443599916  
6 
6 
5 
6 
3 
6 
1 995004273  
3 
5 
3 
2 
4 
2 
6 
5 
5 
2 
1 1994898065  
1 856328740  
4 
6 
2 
6 
3 
2 
4 
1 492716154  
2 
1 1215102445  
6 
5 
6 
3 
4 
2 
2 
4 
2 
2 
3 
5 
6 
4 
5 
1 1607854606  
1 1207468655  
1 1539451620  
4 
5 
4 
2 
3 
5 
4 
6 
1 1112000812  
5 
4 
2 
2 
6 
1 932538676  
2 
5 
4 
2 
2 
3 
3 
1 1090833431  
6 
3 
1 1282599175  
4 
1 1213081930  
4 
6 
4 
3 
5 
1 202751975  
1 1422655715  
3 
6 
4 
5 
3 
3 
6 
1 1178114094  
5 
6 
6 
2 
3 
5 
3 
2 
6 
1 1359482520  
4 
4 
3 
2 
2 
6 
3 
6 
4 
3 
5 
4 
1 126763355  
6 
6 
1 1604164600  
6 
3 
6 
2 
5 
1 1495229511  
5 
1 1952555039  
5 
5 
1 1768237348  
4 
6 
6 
1 906724579  
2 
5 
6 
6 
2 
1 103061797  
2 
1 1445337175  
1 748760213  
1 461362911  
2 
2 
3 
3 
2 
6 
6 
2 
1 839531608  
4 
3 
1 1007359519  
6 
1 1606020498  
4 
2 
1 1283131524  
4 
4 
2 
3 
6 
2 
6 
6 
3 
6 
3 
1 2002363793  
1 1453434915  
3 
6 
6 
6 
4 
4 
6 
2 
2 
1 2139460265  
3 
3 
5 
6 
6 
3 
1 347596299  
4 
2 
4 
1 521053712  
1 1599831223  
5 
6 
3 
4 
3 
3 
4 
6 
2 
4 
1 1555064954  
2 
1 2060505332  
6 
5 
1 564348387  
6 
5 
2 
5 
3 
1 340119982  
4 
5 
1 1003855115  
2 
5 
2 
4 
4 
6 
2 
4 
4 
5 
5 
1 1846947562  
5 
4 
3 
3 
3 
1 1553201912  
5 
2 
6 
4 
1 1206607090  
1 1122119630  
6 
5 
4 
6 
1 583832358  
6 
3 
5 
5 
6 
4 
1 418605963  
4 
5 
6 
6 
6 
1 1248882985  
3 
6 
5 
3 
2 
4 
4 
6 
3 
1 40513310  
4 
6 
5 
2 
1 1913835474  
6 
1 1053954377  
3 
4 
5 
2 
1 1808750658  
3 
5 
6 
6 
6 
4 
5 
2 
1 673076405  
4 
1 1157016174  
6 
5 
2 
2 
2 
1 1106604185  
6 
2 
2 
5 
1 1421836618  
3 
3 
5 
5 
5 
5 
4 
6 
5 
5 
5 
4 
4 
1 1618379086  
6 
4 
5 
3 
2 
4 
6 
2 
4 
1 1946135793  
3 
6 
3 
2 
2 
1 281712489  
3 
1 1076915936  
4 
1 1081783670  
6 
5 
5 
2 
6 
2 
2 
4 
3 
6 
2 
5 
5 
4 
4 
6 
2 
6 
4 
4 
3 
2 
4 
6 
1 136592634  
6 
4 
3 
6 
4 
4 
4 
1 382867203  
4 
3 
3 
4 
1 1073760287  
6 
5 
2 
5 
1 484188933  
4 
3 
5 
5 
5 
5 
1 903920915  
5 
4 
4 
5 
5 
2 
1 526107862  
4 
6 
4 
5 
4 
1 2039253887  
6 
4 
5 
1 816942599  
2 
1 1090456250  
6 
5 
2 
4 
2 
5 
5 
6 
6 
4 
3 
4 
2 
5 
6 
3 
3 
3 
3 
4 
5 
1 231890222  
6 
6 
1 1820797714  
2 
3 
1 789920164  
1 1785092134  
6 
5 
2 
1 879921157  
4 
1 1912039794  
6 
4 
3 
5 
5 
1 221440845  
4 
3 
2 
3 
6 
4 
5 
1 1298527120  
3 
3 
1 1013439132  
3 
5 
6 
3 
3 
6 
2 
6 
6 
5 
3 
3 
3 
5 
4 
6 
1 261954155  
1 1064878946  
2 
2 
3 
3 
4 
3 
4 
5 
2 
4 
1 2067393509  
2 
4 
2 
5 
6 
1 2070704814  
2 
3 
5 
5 
5 
3 
3 
2 
1 1737955351  
4 
3 
6 
1 1076926035  
2 
1 1029825351  
4 
2 
4 
5 
3 
6 
2 
6 
1 1012308321  
6 
3 
2 
3 
6 
4 
6 
5 
4 
6 
2 
5 
4 
1 547821473  
6 
6 
5 
6 
4 
3 
4 
6 
3 
1 828477497  
4 
5 
5 
1 1294020810  
6 
1 1624737409  
4 
6 
1 1910261167  
5 
2 
5 
1 1430613445  
1 2007604612  
2 
1 836537806  
3 
1 1914802378  
5 
2 
3 
3 
4 
3 
6 
3 
5 
2 
2 
3 
1 764041879  
1 1362645668  
5 
6 
5 
1 1806572618  
1 1580984478  
4 
2 
2 
6 
1 305618270  
2 
2 
4 
6 
5 
6 
4 
2 
1 2038462840  
4 
2 
3 
1 1254298545  
5 
2 
3 
6 
6 
1 1095538435  
3 
1 1676071326  
6 
6 
2 
6 
3 
4 
6 
1 2134219702  
4 
5 
6 
3 
1 860094581  
3 
1 1897512171  
4 
1 1285263174  
4 
6 
5 
4 
5 
6 
4 
4 
1 1873533713  
2 
2 
1 11982679  
4 
6 
3 
4 
5 
3 
2 
6 
2 
3 
4 
6 
3 
4 
5 
3 
4 
3 
5 
2 
5 
1 202658472  
3 
3 
2 
3 
5 
3 
4 
6 
3 
1 1793443574  
2 
6 
2 
6 
1 2082687493  
2 
4 
2 
3 
1 1940613823  
1 722885962  
5 
1 965029196  
6 
1 805438496  
5 
2 
4 
5 
5 
4 
1 1270707435  
3 
3 
6 
1 1793506693  
6 
4 
4 
1 2099459306  
6 
6 
3 
1 747961197  
3 
1 1556284212  
1 1382589103  
4 
5 
4 
4 
3 
4 
2 
6 
6 
4 
4 
5 
6 
5 
1 608082161  
6 
1 245338370  
5 
4 
2 
4 
1 1149907834  
2 
3 
2 
1 1372124041  
5 
2 
4 
5 
3 
4 
1 1607984039  
5 
6 
3 
3 
1 808996804  
4 
2 
6 
4 
1 805624871  
4 
6 
3 
3 
5 
1 1913602309  
3 
3 
3 
2 
4 
2 
6 
6 
6 
6 
1 699975996  
4 
5 
1 2059923416  
5 
3 
3 
1 861657096  
3 
5 
4 
1 228563674  
6 
5 
1 2046659470  
2 
1 1721751678  
1 2126075846  
1 1184438996  
3 
2 
3 
6 
5 
4 
1 1447801743  
5 
4 
6 
1 2138058525  
3 
2 
6 
1 1387097468  
2 
4 
4 
6 
1 1093761670  
4 
2 
2 
4 
4 
4 
2 
4 
3 
3 
2 
2 
3 
4 
3 
2 
3 
2 
2 
3 
1 2073262370  
2 
6 
6 
5 
2 
5 
5 
2 
2 
3 
4 
3 
4 
2 
4 
1 1180227643  
3 
6 
6 
4 
6 
4 
5 
6 
6 
1 1816647632  
5 
4 
5 
2 
4 
4 
6 
2 
4 
5 
5 
1 890807918  
1 1985666139  
5 
1 939871419  
6 
3 
5 
5 
1 536830964  
6 
3 
6 
6 
3 
1 1937641798  
3 
6 
2 
3 
6 
2 
4 
4 
1 1687832616  
1 2093115176  
1 1172747253  
1 148431130  
3 
6 
3 
2 
4 
1 190969899  
2 
1 175171439  
2 
6 
5 
3 
4 
5 
3 
6 
3 
6 
5 
5 
4 
1 1520555171  
1 1798953938  
5 
5 
6 
6 
4 
5 
3 
1 984168243  
4 
1 178696394  
2 
1 1565072599  
5 
1 1684144239  
2 
2 
3 
4 
2 
6 
2 
5 
6 
6 
3 
1 91136163  
1 279246048  
2 
2 
4 
4 
2 
6 
3 
4 
6 
1 1912707914  
3 
1 2137795633  
6 
5 
6 
6 
2 
6 
1 2000997726  
2 
4 
1 1891300112  
4 
4 
6 
6 
6 
6 
1 1174750982  
5 
5 
4 
1 1301315821  
3 
6 
1 1881874989  
5 
5 
3 
3 
4 
1 414364802  
2 
6 
4 
1 247593843  
2 
6 
6 
3 
1 1807653711  
2 
6 
1 1594592446  
1 2064241475  
6 
3 
3 
2 
1 550977981  
3 
6 
6 
4 
2 
2 
1 1432774937  
2 
3 
2 
2 
2 
4 
1 856629247  
3 
5 
1 1087808945  
2 
3 
1 1222933087  
1 396978215  
6 
1 1033440474  
4 
2 
1 248196693  
6 
5 
4 
5 
5 
5 
5 
2 
2 
4 
1 545409345  
6 
5 
3 
1 1224410373  
4 
5 
1 423368132  
6 
6 
4 
3 
2 
3 
2 
3 
1 2065964516  
6 
1 875880663  
1 1407536376  
3 
2 
3 
4 
5 
3 
4 
5 
5 
1 97177263  
3 
2 
3 
5 
3 
4 
2 
2 
4 
6 
5 
4 
1 293469614  
3 
5 
2 
2 
1 944196967  
2 
2 
5 
2 
3 
4 
2 
4 
1 188313426  
5 
1 572715662  
3 
3 
6 
1 709421233  
2 
5 
4 
6 
1 178625411  
1 426229740  
6 
5 
6 
1 453237697  
1 1353376393  
2 
3 
1 1727545562  
5 
6 
1 187629038  
2 
4 
2 
1 1767741196  
2 
1 1975139405  
6 
2 
4 
2 
1 1995282749  
1 1214849994  
4 
3 
2 
5 
5 
2 
1 1891897233  
5 
1 398777083  
1 500141283  
6 
1 601042832  
3 
4 
1 1486586028  
1 1723074371  
2 
3 
6 
2 
4 
5 
5 
6 
2 
2 
1 998021047  
2 
3 
3 
3 
3 
4 
3 
3 
1 372542854  
3 
1 1971271064  
5 
5 
6 
3 
4 
5 
1 1543430393  
2 
4 
4 
1 1596953227  
5 
6 
5 
3 
3 
4 
1 247155548  
6 
1 1461911261  
6 
6 
3 
1 325350242  
5 
5 
5 
1 1654691924  
6 
6 
3 
6 
4 
2 
4 
4 
6 
3 
1 1559088524  
3 
5 
2 
2 
4 
2 
4 
2 
6 
2 
1 618819857  
5 
5 
4 
1 451405244  
2 
3 
2 
5 
1 1747401950  
1 1191535519  
1 1160826477  
3 
4 
5 
3 
2 
3 
5 
6 
2 
2 
1 1926027362  
2 
2 
2 
2 
5 
3 
1 1617765260  
6 
4 
3 
1 1614064175  
5 
3 
1 1131920107  
3 
4 
5 
3 
2 
4 
3 
4 
5 
1 1197827174  
3 
5 
1 1801693213  
4 
6 
3 
5 
6 
5 
1 752177655  
1 1025482931  
4 
3 
5 
6 
6 
3 
6 
3 
6 
1 1649492315  
1 1967027649  
3 
3 
4 
5 
5 
4 
5 
4 
4 
5 
3 
2 
2 
5 
4 
1 769896516  
5 
5 
6 
4 
3 
5 
4 
2 
3 
1 2048269398  
3 
2 
2 
1 319685285  
1 1370939348  
3 
2 
3 
6 
1 1387371778  
3 
6 
4 
6 
2 
5 
5 
5 
6 
6 
1 2042759656  
1 221476748  
5 
2 
6 
5 
2 
1 1759914633  
3 
4 
4 
3 
4 
5 
4 
4 
1 1866547072  
3 
5 
6 
5 
6 
2 
5 
5 
3 
1 1764907141  
1 1209384212  
5 
3 
4 
2 
2 
2 
6 
2 
4 
6 
5 
6 
2 
4 
3 
5 
6 
6 
1 2113702620  
3 
4 
3 
1 1079334754  
6 
1 1534734455  
1 1620910897  
4 
2 
5 
2 
1 490939631  
4 
2 
3 
6 
4 
4 
6 
1 6070664  
3 
1 2072316141  
1 90857933  
1 1197606183  
1 1085658970  
3 
2 
3 
4 
2 
3 
2 
4 
4 
6 
6 
2 
2 
6 
5 
4 
6 
2 
3 
1 2016885295  
1 667887795  
2 
5 
1 552239497  
3 
4 
1 1001321755  
1 1865714969  
1 206449063  
1 1753499410  
3 
2 
6 
3 
4 
3 
2 
5 
4 
5 
4 
6 
6 
6 
6 
3 
2 
5 
4 
2 
3 
4 
6 
3 
2 
3 
5 
5 
1 743714253  
3 
6 
6 
4 
4 
1 1855941378  
6 
2 
1 1573043412  
1 1513610769  
3 
3 
2 
6 
2 
2 
6 
5 
4 
1 1756727128  
2 
2 
1 1892728697  
6 
1 737066470  
2 
2 
5 
1 996615258  
1 1788004705  
1 958543218  
5 
2 
5 
6 
6 
3 
4 
5 
2 
4 
2 
5 
2 
5 
3 
3 
6 
2 
3 
4 
4 
5 
2 
2 
4 
3 
5 
3 
2 
5 
3 
2 
4 
5 
3 
5 
4 
5 
5 
4 
5 
5 
3 
4 
3 
2 
6 
1 609046243  
5 
4 
3 
4 
6 
2 
2 
6 
3 
1 1507068129  
3 
3 
4 
6 
6 
6 
3 
4 
4 
5 
3 
6 
4 
4 
5 
5 
3 
4 
4 
1 575966711  
4 
1 1818430456  
1 1473287101  
3 
1 1655301465  
5 
1 1205681263  
4 
6 
1 946714350  
6 
6 
2 
2 
6 
3 
3 
6 
6 
2 
1 2146241096  
2 
4 
4 
2 
1 1211751927  
5 
5 
6 
3 
2 
1 871546843  
5 
3 
2 
5 
2 
3 
4 
6 
5 
5 
3 
3 
1 89615382  
3 
3 
2 
5 
1 261874462  
5 
3 
1 1957205814  
5 
6 
2 
3 
3 
3 
4 
1 2106500677  
6 
5 
1 929762258  
3 
1 361961663  
3 
1 960338784  
2 
3 
3 
4 
6 
4 
1 647993579  
5 
1 568410726  
5 
1 566354547  
4 
1 1391707832  
3 
4 
6 
6 
1 276868456  
4 
6 
6 
6 
6 
1 2139397959  
6 
4 
2 
2 
2 
1 757834954  
6 
2 
3 
3 
5 
6 
6 
1 2033595584  
1 1884643008  
4 
5 
1 1494901424  
4 
3 
4 
4 
2 
2 
2 
2 
2 
1 882727195  
6 
1 1525164065  
3 
1 305960994  
1 1491773438  
5 
6 
6 
6 
6 
4 
2 
3 
3 
6 
2 
6 
6 
4 
5 
4 
3 
2 
2 
4 
6 
2 
1 884748546  
4 
3 
4 
2 
4 
2 
6 
6 
2 
2 
2 
5 
1 881927705  
3 
5 
1 1162720246  
5 
1 210551999  
5 
2 
5 
4 
5 
3 
1 389745522  
3 
4 
5 
6 
1 220917861  
5 
1 1157266350  
3 
3 
2 
4 
1 388502971  
5 
6 
2 
5 
5 
6 
5 
1 1432669788  
5 
1 2028813193  
6 
3 
3 
2 
6 
4 
4 
2 
2 
6 
1 478118353  
1 1694544251  
3 
6 
4 
1 1838535359  
6 
5 
5 
6 
5 
3 
1 437135382  
3 
4 
3 
3 
3 
1 476822861  
1 53013375  
3 
4 
5 
3 
3 
5 
2 
1 1397474167  
5 
1 1124816440  
5 
6 
6 
1 621424101  
1 1963828714  
4 
2 
5 
1 369040625  
3 
2 
4 
3 
1 898292558  
3 
4 
5 
3 
5 
5 
4 
5 
6 
1 1955743025  
1 1126875579  
3 
1 784404494  
1 1692902385  
1 474293355  
6 
4 
2 
4 
1 1667131689  
3 
2 
1 1070582802  
3 
2 
5 
6 
1 780254349  
2 
5 
3 
5 
3 
6 
5 
1 1011421480  
1 1955331348  
4 
1 1662182054  
4 
3 
3 
1 26658078  
2 
4 
4 
4 
5 
5 
2 
4 
1 18399699  
4 
6 
3 
3 
6 
5 
5 
5 
6 
4 
1 2051927576  
1 247575940  
2 
4 
3 
1 1175666049  
4 
3 
5 
1 292946899  
6 
2 
6 
5 
1 1680245728  
5 
1 1056995595  
6 
1 771065252  
3 
1 1227306331  
2 
1 748047306  
2 
5 
5 
5 
1 1208200635  
4 
6 
3 
6 
3 
5 
5 
5 
2 
6 
6 
4 
2 
1 1704129192  
1 801060681  
6 
2 
5 
1 458191154  
2 
1 681461985  
2 
3 
6 
1 1422484783  
3 
1 274536220  
3 
5 
6 
4 
3 
2 
2 
1 1050502610  
6 
1 173293693  
5 
3 
3 
3 
2 
2 
4 
5 
5 
1 82795597  
2 
5 
2 
6 
4 
3 
4 
2 
5 
1 29894541  
4 
1 957698187  
5 
3 
1 1775697982  
6 
5 
4 
6 
1 504187896  
6 
1 477346229  
5 
4 
4 
3 
5 
3 
2 
1 698797136  
3 
1 1284442245  
4 
1 1488767709  
3 
2 
2 
4 
2 
1 506644836  
3 
4 
3 
5 
3 
5 
6 
3 
2 
5 
1 799140651  
5 
2 
3 
6 
2 
2 
1 1515425787  
1 525044535  
1 703584579  
1 1763001727  
1 1700710585  
3 
3 
6 
4 
2 
4 
2 
2 
4 
6 
5 
1 996531479  
6 
3 
5 
6 
5 
3 
2 
5 
5 
3 
5 
5 
1 1295763808  
2 
3 
6 
2 
1 610222532  
4 
5 
1 1767596731  
1 375586491  
2 
5 
6 
2 
5 
2 
4 
3 
6 
1 1358269838  
1 828313718  
4 
5 
6 
2 
5 
6 
1 2079715684  
4 
5 
5 
1 11846872  
6 
6 
6 
4 
1 1286504872  
2 
4 
3 
1 613694021  
3 
5 
3 
2 
4 
6 
4 
6 
1 1434331655  
2 
5 
2 
3 
3 
6 
5 
3 
3 
5 
1 1561041092  
3 
2 
1 1664196631  
1 1607625348  
1 1643836689  
3 
2 
5 
5 
6 
3 
4 
3 
1 1694091172  
6 
4 
5 
2 
1 417839887  
6 
5 
4 
5 
2 
6 
1 1272051023  
5 
4 
4 
4 
6 
2 
2 
3 
4 
3 
2 
6 
3 
4 
6 
3 
4 
3 
4 
6 
2 
4 
6 
2 
3 
2 
5 
5 
6 
1 50795420  
5 
5 
4 
4 
6 
5 
5 
6 
1 895186116  
4 
2 
3 
2 
3 
6 
4 
4 
6 
1 1970848159  
6 
1 1335237665  
2 
4 
3 
5 
5 
2 
2 
4 
6 
5 
1 236470177  
5 
3 
5 
2 
3 
1 330009347  
1 2134378316  
1 1751895965  
5 
2 
1 855053883  
4 
1 690479247  
6 
1 1367414044  
4 
3 
2 
2 
6 
6 
1 408280820  
6 
5 
2 
6 
2 
3 
5 
1 1687010726  
2 
1 515694204  
4 
4 
4 
1 1018503352  
4 
5 
6 
3 
5 
3 
3 
5 
2 
3 
5 
5 
6 
3 
6 
5 
1 1307123810  
5 
3 
2 
1 891280696  
3 
2 
1 229289542  
4 
2 
5 
4 
3 
6 
5 
6 
5 
4 
2 
6 
3 
2 
4 
5 
3 
5 
6 
3 
3 
2 
4 
4 
4 
1 2135437528  
6 
4 
1 823512732  
1 241136414  
6 
2 
4 
2 
6 
1 1274458753  
3 
5 
2 
1 1437206753  
6 
2 
2 
2 
2 
3 
5 
2 
3 
6 
2 
5 
3 
2 
5 
1 1675468069  
3 
3 
5 
6 
1 688016197  
4 
1 953919736  
2 
5 
4 
2 
4 
1 1135609769  
2 
2 
1 184369239  
1 500527260  
3 
5 
1 1553449657  
2 
4 
1 1456420262  
1 551322680  
4 
3 
2 
2 
6 
1 301152125  
3 
3 
4 
6 
5 
5 
4 
1 1279784774  
3 
4 
4 
4 
2 
3 
1 1886560345  
4 
2 
3 
4 
3 
6 
4 
2 
2 
1 537622303  
1 1609794121  
5 
5 
5 
6 
4 
5 
5 
1 1873455013  
3 
4 
1 142034620  
3 
4 
5 
4 
2 
5 
2 
1 317364356  
3 
6 
4 
1 416450612  
3 
1 1509448664  
1 725645176  
1 2103461339  
3 
5 
4 
5 
1 2025142869  
3 
2 
1 1744148528  
4 
1 1263101501  
1 768939917  
3 
1 1973438071  
1 1251055381  
6 
3 
5 
1 1592452649  
4 
6 
5 
1 67090837  
3 
5 
6 
2 
4 
5 
2 
2 
5 
4 
6 
6 
2 
6 
2 
6 
6 
3 
5 
5 
4 
4 
5 
4 
6 
6 
1 378030486  
1 882175754  
3 
1 1742558907  
2 
3 
6 
3 
5 
4 
2 
5 
5 
2 
4 
3 
5 
2 
2 
4 
3 
5 
1 1066046684  
6 
2 
4 
6 
2 
6 
2 
5 
1 1836095490  
5 
3 
3 
4 
4 
1 730685028  
1 1250415923  
4 
2 
1 189139102  
1 136651037  
6 
1 559352537  
2 
4 
4 
4 
4 
4 
2 
4 
5 
1 740461782  
5 
2 
4 
3 
5 
1 437803163  
4 
2 
6 
5 
1 1839137311  
4 
5 
2 
6 
2 
6 
1 479538479  
3 
3 
2 
5 
2 
1 975425466  
6 
5 
2 
6 
3 
1 1301447785  
2 
3 
1 205509844  
3 
2 
4 
5 
6 
1 1117460086  
2 
6 
4 
6 
5 
2 
5 
2 
2 
3 
5 
1 1618812141  
4 
6 
2 
1 621960456  
4 
4 
5 
5 
1 479425102  
6 
1 196973670  
4 
1 577938147  
5 
2 
6 
5 
6 
5 
2 
4 
1 357084323  
4 
1 1941122198  
5 
3 
6 
6 
2 
3 
2 
1 1841039648  
6 
3 
3 
6 
6 
5 
4 
3 
2 
4 
3 
5 
5 
2 
5 
1 1126024240  
5 
2 
6 
2 
4 
3 
1 1767076621  
3 
5 
6 
5 
5 
1 944611382  
4 
1 570993241  
1 1834167459  
1 1322641868  
3 
4 
5 
5 
5 
3 
6 
3 
6 
3 
1 1453168995  
1 1429242718  
4 
2 
5 
4 
4 
5 
4 
1 241204904  
1 1141780837  
6 
6 
3 
2 
2 
4 
3 
6 
6 
6 
1 12444098  
5 
4 
6 
4 
3 
2 
3 
1 1491620827  
4 
3 
3 
4 
2 
6 
5 
4 
4 
4 
1 1330919939  
2 
1 149095136  
4 
1 2050973365  
2 
1 2071381721  
3 
4 
2 
3 
3 
3 
4 
2 
6 
4 
4 
5 
4 
3 
6 
1 586898299  
6 
1 1742627028  
2 
4 
1 403436552  
5 
2 
3 
1 1562323765  
1 896591165  
3 
5 
1 608946396  
5 
6 
6 
2 
3 
2 
4 
6 
6 
1 532300203  
1 367919659  
1 1230906853  
6 
6 
1 1011725305  
5 
4 
5 
2 
4 
5 
2 
4 
6 
3 
3 
3 
2 
6 
2 
6 
3 
3 
6 
3 
4 
3 
1 564893329  
2 
1 1808845000  
5 
2 
5 
1 1368809629  
4 
1 358531879  
6 
3 
6 
5 
5 
5 
1 1502401001  
2 
5 
3 
3 
1 347350221  
5 
1 2125608501  
3 
3 
3 
2 
5 
4 
3 
1 299528735  
5 
2 
4 
1 918343463  
5 
1 1812292312  
2 
3 
4 
5 
2 
6 
3 
2 
1 1622170603  
4 
1 224028810  
2 
4 
1 1094051382  
1 1863375508  
6 
2 
4 
2 
4 
1 1365809648  
5 
4 
3 
3 
1 1106495480  
6 
6 
6 
2 
2 
5 
6 
1 1207512687  
2 
5 
5 
1 549245939  
3 
2 
3 
3 
5 
4 
4 
1 1255590616  
6 
2 
5 
5 
6 
3 
5 
3 
4 
1 1111002404  
6 
3 
1 473144013  
6 
3 
1 1842488915  
5 
3 
4 
1 706145785  
5 
6 
4 
6 
2 
6 
1 876580565  
3 
2 
1 1257329032  
5 
1 1602736950  
3 
1 1485526962  
5 
3 
5 
2 
5 
4 
1 1789629235  
2 
5 
6 
4 
3 
4 
2 
5 
4 
5 
2 
1 1970656609  
6 
5 
6 
4 
6 
1 568950167  
3 
4 
5 
1 653870893  
6 
2 
5 
6 
6 
5 
5 
4 
1 388066290  
1 230311519  
5 
6 
6 
1 2022680522  
2 
2 
2 
1 746598170  
5 
5 
6 
1 1732712520  
6 
3 
1 222547095  
3 
3 
5 
3 
5 
5 
6 
3 
6 
2 
6 
5 
5 
4 
3 
3 
1 724723023  
2 
5 
6 
2 
3 
3 
5 
1 2032241255  
3 
5 
3 
2 
1 1140890558  
6 
3 
4 
1 389531687  
4 
1 1506928211  
5 
2 
1 1364919369  
3 
4 
4 
4 
2 
4 
1 1483583069  
6 
6 
3 
4 
1 1222820071  
3 
6 
2 
5 
3 
1 583245369  
5 
5 
3 
3 
2 
2 
2 
3 
2 
6 
5 
4 
4 
5 
5 
4 
3 
3 
6 
2 
4 
5 
3 
3 
2 
6 
3 
6 
3 
1 442594901  
3 
6 
2 
3 
6 
4 
5 
5 
4 
2 
4 
5 
5 
2 
4 
5 
1 282849110  
5 
3 
6 
6 
3 
2 
3 
1 1132491308  
4 
1 1698185518  
1 1393851515  
3 
3 
3 
5 
2 
3 
5 
6 
6 
4 
5 
1 1605635321  
1 1393190785  
1 2099997300  
3 
3 
4 
4 
6 
6 
2 
2 
3 
6 
5 
3 
4 
1 334732239  
1 503036170  
2 
3 
2 
2 
1 1555250602  
1 1820259201  
3 
6 
1 145181757  
4 
5 
2 
4 
6 
5 
5 
5 
2 
2 
6 
5 
1 1378423564  
5 
3 
6 
1 241725720  
6 
6 
2 
3 
2 
4 
4 
2 
6 
6 
2 
4 
1 799052650  
1 1766489854  
4 
4 
4 
6 
6 
4 
2 
5 
2 
5 
2 
3 
2 
1 472037239  
4 
2 
4 
6 
4 
6 
5 
5 
6 
6 
1 674249524  
3 
4 
2 
1 365604376  
1 57266112  
6 
4 
2 
4 
6 
6 
6 
3 
1 896796620  
6 
4 
3 
6 
3 
6 
2 
6 
1 1090327399  
5 
2 
1 2089507367  
6 
3 
5 
6 
3 
3 
5 
4 
5 
5 
1 2037687178  
6 
4 
3 
2 
1 1479859086  
2 
5 
5 
4 
4 
6 
2 
3 
6 
6 
3 
6 
1 1448951930  
2 
3 
6 
3 
2 
6 
3 
3 
1 1255122899  
4 
6 
4 
6 
3 
3 
6 
1 815958507  
5 
5 
6 
6 
6 
4 
6 
4 
6 
3 
1 524288353  
1 1838368268  
2 
1 1258553409  
1 807137464  
6 
6 
1 823375929  
6 
5 
6 
2 
2 
6 
2 
4 
3 
6 
1 809255279  
6 
1 53505331  
2 
3 
1 281527602  
4 
4 
5 
4 
4 
2 
5 
2 
3 
2 
4 
1 54962416  
3 
6 
3 
6 
4 
1 6018983  
3 
1 616259841  
5 
2 
1 557998586  
2 
3 
2 
4 
6 
6 
3 
3 
3 
5 
1 1561269585  
3 
5 
1 289035394  
6 
2 
2 
5 
1 703180344  
3 
2 
5 
3 
4 
6 
3 
1 792209501  
2 
4 
5 
2 
5 
1 530761114  
1 1502232994  
1 411215708  
6 
1 1002798354  
2 
6 
5 
5 
4 
6 
3 
2 
1 28998871  
1 776820084  
2 
3 
5 
1 1060064466  
2 
1 925795491  
2 
2 
5 
1 1867147484  
2 
2 
4 
1 1002088185  
6 
4 
4 
2 
2 
1 815999021  
2 
1 1199522922  
4 
1 303556468  
2 
5 
2 
3 
6 
2 
4 
1 2071121921  
3 
6 
6 
5 
5 
3 
4 
2 
6 
3 
4 
2 
4 
1 2015481430  
6 
6 
5 
5 
6 
3 
6 
6 
1 827844821  
5 
5 
1 1762006541  
5 
6 
3 
3 
2 
1 1126551191  
2 
6 
5 
2 
1 1634982285  
6 
1 437898822  
2 
6 
4 
1 1935806470  
2 
3 
6 
3 
1 1688487616  
5 
6 
6 
4 
2 
6 
5 
4 
6 
3 
1 719426425  
4 
3 
3 
6 
1 1990768886  
5 
6 
2 
5 
5 
2 
4 
5 
1 1694506599  
5 
1 1335686266  
4 
4 
1 401283825  
5 
2 
1 1108292537  
2 
5 
2 
4 
6 
6 
3 
5 
1 1624721661  
2 
2 
3 
2 
6 
5 
5 
5 
6 
2 
6 
5 
4 
2 
1 1104464169  
4 
3 
2 
6 
1 1900502038  
4 
6 
5 
6 
4 
6 
1 7999127  
4 
5 
6 
3 
4 
5 
2 
1 459213515  
3 
5 
6 
4 
2 
6 
6 
6 
1 164234098  
5 
3 
2 
5 
4 
3 
6 
1 1010797481  
2 
2 
3 
3 
4 
6 
5 
6 
4 
3 
5 
2 
2 
4 
2 
2 
5 
6 
3 
4 
1 488212386  
1 941054183  
2 
2 
3 
4 
6 
1 2070861947  
5 
2 
3 
6 
2 
4 
6 
3 
5 
3 
3 
3 
5 
3 
6 
6 
5 
6 
6 
5 
6 
3 
4 
5 
6 
4 
4 
3 
3 
5 
4 
1 1414007877  
3 
1 660718019  
1 925466485  
3 
5 
1 82523251  
2 
2 
3 
4 
2 
5 
2 
1 1860240941  
1 1229022953  
4 
4 
4 
6 
3 
5 
5 
1 6161524  
5 
1 1728238723  
6 
1 2056867774  
6 
6 
5 
6 
4 
4 
3 
4 
2 
6 
5 
4 
3 
1 1768168065  
5 
2 
2 
4 
2 
1 707306266  
6 
1 1544366412  
1 58583240  
2 
4 
6 
2 
5 
2 
4 
1 495629088  
2 
3 
4 
1 1085370380  
5 
2 
4 
3 
4 
2 
2 
4 
5 
2 
5 
6 
5 
2 
3 
2 
6 
4 
1 778009665  
5 
1 338914327  
1 632393332  
3 
4 
5 
6 
4 
4 
2 
1 2113695931  
2 
4 
6 
4 
5 
4 
4 
1 740198152  
5 
4 
1 1740685869  
3 
5 
2 
1 1590933944  
5 
1 1844662321  
5 
5 
6 
5 
1 1493704259  
5 
6 
5 
1 1598933072  
1 156392188  
2 
2 
4 
2 
3 
5 
6 
2 
2 
6 
2 
2 
4 
6 
3 
2 
3 
6 
3 
5 
6 
5 
2 
4 
1 1657938358  
6 
1 462246905  
1 644604575  
2 
3 
3 
1 451508893  
6 
4 
1 385625205  
2 
2 
5 
5 
5 
5 
2 
5 
5 
1 2058612452  
1 1112226912  
4 
6 
3 
1 1311091690  
2 
4 
1 2141135703  
2 
4 
6 
4 
2 
6 
1 824984205  
1 392630995  
3 
1 2147297227  
2 
3 
4 
2 
3 
5 
3 
5 
4 
4 
6 
2 
6 
3 
5 
6 
1 405739281  
4 
2 
1 302015121  
5 
6 
3 
5 
6 
3 
1 1767981645  
3 
6 
3 
6 
2 
5 
6 
2 
1 1113045547  
4 
1 1846381533  
4 
4 
2 
6 
3 
5 
6 
4 
3 
6 
3 
5 
3 
5 
2 
3 
5 
5 
5 
1 1826564885  
4 
1 1608674636  
2 
5 
5 
3 
3 
5 
4 
3 
2 
3 
6 
1 784268266  
5 
5 
2 
1 457090902  
4 
1 1947588963  
2 
5 
3 
5 
1 1416661598  
3 
3 
1 423303185  
5 
6 
2 
3 
1 540303467  
4 
4 
6 
6 
4 
6 
2 
5 
4 
1 1009863819  
2 
6 
5 
2 
5 
3 
1 2014237130  
1 237482140  
5 
3 
2 
1 356084430  
5 
5 
5 
3 
3 
5 
2 
5 
5 
1 1465686554  
3 
2 
4 
1 393874328  
4 
2 
6 
5 
4 
6 
5 
3 
1 2014022788  
4 
2 
1 1927933459  
1 1038478903  
3 
2 
3 
2 
4 
1 318048033  
5 
6 
1 166075016  
3 
3 
4 
4 
5 
2 
6 
3 
3 
1 949607708  
4 
5 
4 
3 
3 
6 
4 
3 
5 
1 1430274945  
1 1477166706  
1 943259763  
1 107775503  
5 
2 
6 
1 1869797701  
5 
6 
2 
1 943073343  
1 513514784  
6 
3 
3 
6 
1 24329175  
2 
6 
6 
2 
2 
3 
6 
1 563571340  
4 
3 
3 
1 1626560331  
1 1870710708  
2 
2 
4 
5 
5 
6 
3 
4 
2 
1 242652577  
5 
4 
2 
6 
6 
2 
1 1087751319  
3 
6 
1 507495326  
1 699743479  
4 
5 
6 
4 
6 
4 
6 
2 
3 
4 
4 
4 
2 
4 
2 
2 
2 
3 
6 
3 
5 
5 
2 
6 
2 
6 
5 
3 
2 
5 
6 
6 
3 
4 
3 
6 
6 
2 
4 
3 
2 
3 
1 887856634  
4 
3 
2 
5 
6 
3 
6 
5 
1 1924156924  
1 1123046664  
3 
4 
1 1428160101  
5 
3 
2 
2 
3 
4 
5 
2 
5 
2 
5 
6 
3 
3 
3 
4 
6 
1 786537095  
2 
6 
6 
3 
6 
5 
4 
5 
2 
5 
5 
4 
6 
2 
5 
4 
3 
3 
6 
4 
2 
6 
3 
6 
1 989800146  
1 1665642241  
1 1142621526  
4 
5 
4 
2 
3 
4 
1 308003052  
6 
2 
4 
5 
4 
4 
6 
1 2059516570  
3 
3 
1 1009160666  
3 
2 
2 
4 
2 
3 
5 
3 
2 
2 
5 
1 88452864  
6 
1 950511825  
2 
6 
5 
2 
5 
1 1327208700  
5 
1 254527880  
3 
3 
3 
3 
3 
1 1900119533  
3 
1 609999997  
6 
2 
6 
2 
1 1731694587  
6 
3 
4 
1 695895649  
5 
3 
1 717775500  
2 
4 
5 
3 
6 
5 
5 
6 
3 
3 
6 
2 
4 
6 
2 
1 1454008640  
6 
6 
2 
6 
6 
6 
5 
5 
1 1638968992  
4 
5 
1 1231290284  
4 
5 
3 
4 
5 
2 
4 
4 
2 
1 1478337815  
5 
6 
1 55056684  
4 
1 710366968  
2 
5 
3 
5 
2 
3 
6 
6 
6 
4 
4 
5 
3 
5 
4 
6 
3 
6 
3 
5 
5 
6 
3 
1 1201564876  
1 297709261  
6 
4 
1 1798118287  
4 
4 
3 
6 
2 
3 
3 
3 
6 
3 
2 
6 
2 
1 1709060202  
1 997452740  
5 
1 538491274  
3 
3 
5 
1 1485733479  
2 
6 
6 
1 2120499404  
4 
6 
5 
6 
4 
2 
5 
5 
2 
6 
1 1966651375  
4 
6 
3 
1 124786926  
4 
3 
6 
5 
1 962815903  
1 1484809969  
6 
5 
6 
3 
5 
4 
2 
5 
2 
4 
3 
4 
5 
2 
4 
1 1267408452  
3 
1 1270818955  
5 
3 
1 1396842891  
1 129085471  
5 
2 
5 
3 
3 
4 
2 
6 
1 1359271819  
5 
5 
5 
4 
3 
1 199871068  
5 
3 
4 
1 1456294171  
4 
5 
1 1613799700  
4 
6 
4 
6 
2 
4 
3 
1 2099990602  
5 
5 
5 
1 2066294168  
1 1198010639  
5 
1 648402603  
1 636586021  
1 504535631  
4 
4 
3 
6 
1 139887947  
2 
4 
3 
5 
3 
3 
1 1867876305  
5 
6 
5 
6 
1 1982873447  
1 194944631  
5 
4 
1 430759625  
2 
2 
6 
5 
1 1036954675  
3 
6 
5 
6 
3 
6 
3 
2 
5 
2 
5 
5 
5 
1 492653892  
1 81394265  
3 
5 
2 
2 
4 
5 
5 
1 598531229  
2 
3 
1 1490106632  
5 
5 
1 619885539  
1 2084264708  
4 
6 
5 
3 
4 
1 1463122388  
1 439053266  
3 
6 
5 
5 
2 
1 61567987  
2 
4 
2 
1 278454643  
6 
2 
4 
1 1923863235  
4 
5 
4 
2 
5 
6 
5 
4 
2 
1 1328976439  
3 
6 
5 
3 
2 
3 
4 
1 1549273599  
1 1173222478  
1 1458061910  
5 
4 
3 
5 
1 761061770  
2 
5 
3 
4 
6 
3 
2 
5 
4 
1 1373093547  
5 
2 
6 
6 
1 766872433  
2 
2 
3 
5 
6 
1 227377822  
4 
4 
4 
1 1325600501  
5 
2 
5 
4 
1 685682954  
3 
5 
2 
2 
4 
1 1425388461  
2 
4 
1 1974003104  
1 1322268975  
3 
5 
1 1929924093  
3 
1 2113891051  
2 
3 
3 
3 
3 
3 
3 
6 
4 
4 
5 
4 
6 
5 
5 
5 
4 
6 
4 
3 
2 
2 
4 
1 1042661632  
6 
4 
5 
2 
5 
3 
2 
3 
1 1765313892  
4 
2 
3 
3 
1 161352034  
4 
2 
4 
3 
2 
1 1473421258  
3 
1 654784919  
1 654005926  
3 
3 
4 
6 
1 1554815523  
5 
4 
5 
4 
3 
5 
6 
6 
3 
1 1253316148  
4 
3 
1 2144112558  
1 27217414  
3 
3 
3 
6 
6 
4 
2 
4 
1 1190097209  
5 
3 
3 
1 1459751298  
2 
4 
6 
5 
1 466270680  
4 
4 
4 
6 
6 
3 
6 
6 
6 
5 
3 
5 
6 
4 
1 1251665196  
4 
1 1738205942  
5 
3 
6 
4 
4 
3 
5 
6 
6 
5 
5 
1 242650268  
4 
4 
1 433157987  
5 
1 1139995893  
2 
4 
2 
5 
2 
2 
4 
4 
3 
5 
6 
3 
4 
3 
1 1415872746  
6 
3 
2 
5 
5 
3 
4 
1 1891219898  
5 
3 
6 
2 
6 
1 1901057663  
2 
5 
5 
6 
6 
4 
6 
6 
4 
6 
2 
5 
5 
1 641482645  
6 
6 
5 
2 
6 
4 
4 
4 
3 
2 
5 
5 
2 
1 510608683  
1 2128435486  
2 
4 
1 1967083146  
4 
2 
4 
2 
3 
4 
1 1196291637  
4 
2 
5 
5 
5 
4 
5 
4 
1 1406340299  
1 1793602602  
1 371076964  
3 
6 
4 
1 1188780744  
3 
3 
1 1760010005  
6 
5 
1 1413738597  
5 
2 
4 
2 
3 
2 
1 806610988  
1 1921362039  
4 
1 739676207  
3 
5 
2 
4 
5 
5 
1 1461395907  
3 
1 427884317  
3 
1 147008082  
1 567228408  
1 424513227  
4 
6 
5 
5 
5 
3 
3 
1 174225496  
1 1757325617  
1 1884264526  
2 
4 
6 
2 
2 
2 
2 
6 
1 640496176  
6 
4 
3 
2 
4 
2 
3 
4 
4 
3 
1 861507165  
3 
6 
4 
2 
5 
2 
6 
6 
1 1474986820  
6 
2 
3 
4 
3 
2 
4 
6 
3 
4 
5 
4 
1 883146444  
5 
5 
1 1294665152  
3 
2 
5 
4 
4 
3 
2 
3 
3 
2 
6 
4 
1 467499065  
1 151535543  
5 
6 
5 
3 
5 
3 
4 
6 
5 
3 
2 
4 
4 
6 
6 
1 1038401402  
3 
3 
4 
5 
3 
4 
3 
6 
5 
2 
6 
1 221073080  
6 
1 793018188  
4 
3 
2 
2 
5 
4 
3 
3 
6 
6 
6 
6 
5 
4 
2 
1 1549010086  
5 
4 
1 202024918  
5 
5 
6 
4 
4 
3 
3 
3 
5 
6 
5 
6 
3 
3 
5 
4 
2 
2 
1 612617687  
4 
2 
4 
1 597818075  
2 
4 
6 
3 
2 
2 
6 
3 
3 
3 
3 
1 1608365218  
5 
5 
1 258736641  
1 968895040  
4 
5 
2 
4 
5 
1 649662314  
1 2018746647  
1 235149989  
4 
5 
4 
5 
6 
2 
1 1456273303  
2 
3 
4 
1 1792625038  
5 
6 
3 
4 
5 
4 
3 
3 
6 
4 
3 
5 
6 
6 
6 
4 
1 974826196  
4 
1 770185562  
4 
6 
2 
1 73025708  
1 1121834278  
4 
2 
6 
2 
5 
4 
6 
2 
2 
3 
2 
3 
3 
4 
1 1337413970  
5 
1 497538935  
3 
5 
4 
5 
4 
4 
6 
3 
4 
1 1296059774  
2 
6 
1 947255939  
1 234319813  
5 
4 
3 
4 
1 1936555950  
2 
3 
4 
4 
4 
1 1808763104  
3 
3 
3 
6 
3 
3 
6 
1 1709306633  
5 
5 
2 
3 
5 
6 
6 
2 
2 
1 672218747  
4 
3 
5 
6 
5 
3 
4 
5 
5 
5 
6 
6 
4 
6 
2 
5 
6 
1 955944609  
6 
6 
2 
2 
3 
5 
1 29322050  
5 
6 
3 
6 
4 
5 
2 
2 
2 
5 
6 
4 
1 823754290  
3 
5 
2 
5 
6 
2 
5 
2 
6 
2 
2 
2 
6 
1 1994346011  
4 
3 
1 250395131  
5 
5 
4 
3 
2 
4 
3 
6 
6 
6 
5 
1 1616772478  
6 
6 
4 
5 
5 
3 
4 
5 
1 1395872449  
5 
1 452420049  
5 
5 
3 
3 
3 
4 
6 
2 
1 81906517  
3 
4 
2 
1 1993690525  
1 2060785267  
3 
2 
1 340643159  
1 815101917  
1 562963934  
4 
2 
5 
6 
2 
1 211906158  
5 
1 1050251906  
6 
6 
2 
3 
2 
4 
2 
5 
5 
1 2019237237  
5 
4 
6 
4 
4 
3 
6 
4 
4 
4 
3 
1 2004531196  
1 2025078102  
1 641939151  
3 
5 
3 
3 
5 
6 
1 2077556904  
2 
3 
5 
6 
6 
6 
4 
2 
1 999428732  
3 
2 
4 
5 
3 
6 
6 
3 
6 
1 1979353122  
4 
2 
3 
1 427612192  
1 148004858  
4 
4 
4 
2 
3 
3 
2 
4 
1 779125413  
6 
2 
6 
2 
3 
6 
1 661932005  
3 
2 
2 
5 
5 
6 
5 
3 
4 
6 
6 
2 
3 
5 
5 
6 
4 
3 
6 
1 2084560808  
5 
5 
5 
2 
4 
6 
6 
3 
2 
6 
2 
5 
1 440404870  
5 
3 
2 
4 
2 
5 
4 
2 
4 
5 
3 
3 
2 
3 
6 
5 
5 
4 
4 
2 
6 
1 223754991  
4 
5 
2 
4 
6 
4 
4 
2 
4 
4 
1 609295907  
6 
3 
3 
5 
1 1396349479  
6 
6 
1 253077041  
4 
1 1433050197  
3 
4 
2 
2 
4 
3 
6 
2 
3 
2 
6 
5 
4 
6 
5 
4 
6 
6 
2 
2 
3 
1 1243211842  
1 503472172  
4 
5 
5 
3 
4 
6 
1 902339028  
3 
3 
2 
6 
4 
4 
5 
3 
3 
2 
2 
4 
6 
3 
2 
6 
5 
1 491600644  
6 
5 
2 
1 955892222  
6 
4 
3 
4 
6 
1 984245545  
4 
6 
2 
5 
6 
3 
6 
1 337807521  
1 869193841  
3 
4 
2 
2 
6 
2 
1 1324888704  
4 
6 
6 
6 
3 
3 
6 
2 
3 
5 
2 
5 
1 1152909438  
2 
4 
1 1432157775  
4 
6 
2 
1 1536794862  
2 
2 
4 
6 
3 
3 
1 55677696  
2 
1 1303911364  
5 
3 
1 1393842411  
5 
5 
3 
4 
6 
6 
5 
4 
5 
6 
4 
3 
6 
4 
1 2080755798  
2 
6 
6 
2 
6 
5 
2 
5 
5 
2 
4 
5 
6 
4 
4 
6 
4 
2 
4 
6 
4 
6 
5 
3 
1 1945850516  
6 
6 
4 
1 1323915667  
5 
4 
4 
4 
4 
2 
3 
2 
4 
5 
6 
3 
5 
6 
2 
1 932700882  
3 
6 
1 1777719990  
5 
6 
1 1751527859  
3 
2 
5 
4 
6 
2 
5 
5 
4 
5 
6 
3 
4 
5 
5 
5 
6 
1 1080705740  
3 
3 
3 
4 
5 
4 
4 
1 409361755  
4 
4 
1 265976217  
1 1017782900  
4 
6 
5 
2 
6 
3 
2 
1 849766625  
4 
3 
5 
2 
3 
5 
2 
2 
4 
4 
4 
3 
4 
4 
1 489731208  
2 
4 
6 
4 
2 
3 
2 
1 1627078808  
5 
5 
2 
5 
4 
6 
6 
4 
5 
4 
3 
1 98632456  
5 
1 742808249  
5 
5 
2 
1 912645357  
3 
1 1341844299  
6 
2 
5 
1 1246280422  
3 
3 
6 
5 
1 1814984385  
5 
4 
2 
1 1833444943  
4 
3 
2 
5 
4 
4 
6 
2 
1 54688996  
5 
4 
1 651746283  
5 
5 
2 
3 
2 
1 23768816  
5 
5 
2 
6 
5 
4 
5 
3 
6 
3 
3 
5 
5 
2 
5 
1 923882837  
3 
6 
5 
1 1976634987  
4 
2 
4 
1 1176678254  
1 208556965  
2 
1 1365946202  
4 
2 
1 1232355950  
6 
2 
6 
2 
3 
1 1512468329  
1 612304965  
6 
5 
6 
5 
5 
6 
3 
2 
6 
5 
6 
5 
3 
2 
6 
4 
3 
6 
5 
5 
5 
4 
4 
1 1165628100  
2 
3 
3 
2 
5 
5 
2 
1 1310835197  
2 
2 
5 
2 
1 1936220632  
3 
4 
1 2098328982  
6 
1 941071539  
6 
1 1540264844  
5 
5 
5 
2 
5 
5 
5 
2 
2 
3 
6 
4 
5 
5 
3 
1 1031551074  
1 1350433295  
3 
6 
1 1806241061  
3 
2 
3 
2 
2 
2 
3 
3 
2 
5 
5 
5 
2 
6 
4 
3 
4 
2 
1 2049333974  
6 
2 
4 
3 
3 
4 
2 
2 
4 
4 
4 
1 52716272  
4 
3 
4 
2 
2 
2 
6 
4 
2 
1 148488621  
1 1528929134  
5 
4 
1 151348729  
1 891296870  
5 
1 294090844  
6 
2 
1 1493193028  
4 
6 
6 
6 
6 
3 
3 
5 
4 
6 
6 
1 2137577292  
1 2109075229  
1 1179154323  
2 
1 44782640  
1 613337864  
5 
3 
5 
2 
2 
3 
3 
3 
2 
5 
6 
3 
2 
1 1202923139  
4 
2 
2 
1 968665478  
4 
6 
4 
4 
3 
4 
1 442489204  
6 
2 
3 
5 
5 
1 232117745  
5 
2 
6 
4 
3 
5 
4 
1 1177222443  
3 
1 1808435406  
6 
5 
6 
6 
4 
2 
2 
2 
5 
1 1464473695  
1 542207124  
1 273256723  
5 
6 
1 482618147  
6 
1 1853042322  
2 
2 
1 61993707  
4 
2 
2 
5 
3 
6 
4 
3 
3 
4 
3 
5 
1 433463481  
2 
3 
4 
4 
5 
4 
2 
1 646630213  
1 1602258551  
2 
5 
1 1465014555  
5 
3 
3 
3 
2 
1 1997063508  
3 
1 1261015964  
1 1366864881  
6 
1 2049779781  
3 
1 1409504585  
1 748310368  
4 
3 
1 53644862  
6 
1 153317808  
6 
6 
3 
6 
4 
5 
3 
1 1042401212  
1 1546837890  
1 143411452  
1 1003992793  
2 
6 
5 
4 
2 
1 578508565  
6 
2 
1 188194093  
2 
2 
2 
6 
6 
3 
1 1617330658  
5 
2 
1 1781431704  
3 
2 
3 
6 
3 
3 
3 
6 
1 1156859571  
6 
1 2059819862  
1 2013549449  
3 
3 
3 
4 
4 
2 
2 
5 
2 
5 
6 
5 
3 
4 
5 
4 
2 
6 
4 
2 
4 
6 
5 
5 
6 
1 186598366  
2 
3 
4 
5 
1 1720771620  
3 
6 
2 
3 
5 
1 1330539496  
1 728805490  
3 
4 
1 1994028343  
2 
6 
2 
2 
1 1813157643  
1 434364164  
6 
3 
5 
3 
4 
5 
2 
1 2056022050  
4 
5 
5 
1 99137476  
3 
1 1080994378  
3 
1 1510796954  
2 
5 
2 
1 1564152031  
1 930574238  
6 
1 624329270  
6 
5 
4 
4 
6 
1 783533264  
3 
2 
5 
1 832870371  
3 
3 
5 
4 
4 
6 
2 
3 
5 
1 2033833856  
5 
3 
2 
1 1531843632  
5 
5 
4 
2 
4 
3 
3 
5 
3 
5 
6 
6 
6 
6 
5 
4 
2 
2 
4 
5 
4 
2 
6 
4 
6 
3 
3 
2 
5 
6 
3 
6 
5 
3 
3 
4 
4 
5 
4 
6 
2 
5 
5 
1 886515233  
1 39668016  
5 
3 
6 
1 426761196  
6 
4 
1 285869475  
5 
5 
1 183079468  
2 
2 
6 
3 
4 
1 1430753990  
6 
5 
2 
5 
3 
4 
3 
4 
3 
3 
4 
2 
6 
2 
6 
2 
3 
4 
1 864378040  
2 
4 
6 
2 
5 
6 
5 
2 
1 371273561  
1 900601000  
5 
3 
2 
1 498326096  
5 
4 
3 
5 
2 
3 
5 
4 
4 
6 
2 
2 
3 
6 
5 
2 
6 
5 
4 
6 
2 
2 
2 
1 1528133132  
5 
6 
2 
1 812937214  
5 
5 
4 
4 
6 
5 
4 
1 364391897  
6 
1 1714731498  
1 386225186  
2 
2 
3 
2 
5 
1 1694931393  
5 
1 296053341  
6 
2 
1 232769881  
4 
4 
3 
2 
5 
1 1360605388  
4 
5 
5 
1 730417505  
4 
3 
5 
5 
6 
4 
3 
4 
5 
6 
2 
4 
4 
4 
3 
5 
2 
4 
4 
5 
4 
1 141308283  
2 
3 
1 1459742864  
6 
4 
6 
6 
6 
2 
2 
6 
3 
3 
6 
5 
5 
1 1811411883  
3 
2 
2 
2 
4 
1 1652105237  
1 876411247  
6 
6 
1 594502474  
4 
2 
5 
6 
4 
3 
1 128950860  
1 1659944512  
5 
3 
1 1427372845  
2 
5 
5 
3 
1 15301068  
6 
4 
6 
4 
1 1044304496  
2 
6 
1 166404431  
5 
2 
4 
6 
4 
3 
4 
4 
2 
4 
6 
2 
4 
6 
3 
3 
5 
4 
2 
2 
5 
5 
5 
4 
3 
5 
5 
4 
1 54969084  
6 
2 
5 
1 1471065693  
5 
6 
4 
6 
5 
1 452273906  
3 
3 
5 
1 238048552  
3 
3 
3 
5 
5 
6 
3 
6 
6 
4 
1 754336035  
6 
3 
5 
2 
4 
4 
6 
2 
5 
4 
1 1316651947  
5 
5 
3 
5 
5 
4 
3 
5 
2 
3 
5 
5 
5 
2 
4 
3 
1 609322114  
2 
1 1654937035  
1 1814978043  
4 
3 
2 
1 2137455246  
6 
5 
4 
4 
1 320390601  
4 
6 
4 
1 31886293  
3 
1 1704703097  
2 
2 
4 
5 
2 
1 706615787  
4 
2 
3 
1 1726817686  
5 
6 
1 2000756438  
1 939385668  
2 
5 
5 
6 
1 939939427  
5 
6 
5 
4 
6 
6 
5 
1 583690295  
2 
6 
1 1080693951  
6 
1 252198643  
4 
2 
4 
3 
6 
3 
6 
4 
3 
3 
2 
2 
4 
2 
1 247618531  
3 
2 
3 
2 
3 
5 
4 
6 
2 
6 
1 585315541  
6 
6 
4 
5 
6 
5 
2 
1 1128609891  
4 
4 
2 
1 842121005  
3 
4 
1 714266401  
5 
6 
2 
1 641070755  
5 
5 
1 122010202  
1 729567469  
6 
1 1685375251  
3 
1 288414633  
4 
6 
3 
5 
3 
1 784536553  
5 
2 
4 
1 1008957296  
3 
4 
4 
6 
3 
5 
1 740688540  
4 
2 
3 
1 1022585105  
2 
2 
6 
5 
4 
1 1763293331  
1 2057340487  
1 1631907219  
3 
4 
5 
3 
6 
2 
5 
5 
6 
3 
2 
6 
1 1270746718  
3 
2 
4 
4 
2 
2 
3 
1 1724834882  
2 
2 
6 
6 
2 
5 
5 
5 
4 
1 1621878818  
4 
5 
6 
3 
6 
4 
4 
1 1591137319  
3 
3 
2 
2 
5 
1 1756721175  
6 
2 
3 
5 
5 
4 
6 
2 
2 
5 
1 1179098267  
3 
1 150269458  
3 
4 
5 
6 
4 
4 
1 1336055214  
6 
2 
1 1032371057  
1 1089655126  
3 
1 128510993  
6 
2 
6 
5 
5 
5 
3 
3 
6 
4 
5 
2 
4 
2 
2 
6 
1 1616061352  
5 
6 
1 22865430  
4 
5 
6 
2 
4 
3 
2 
6 
4 
5 
6 
6 
2 
4 
5 
6 
1 380709636  
4 
1 1863679883  
2 
6 
3 
6 
3 
1 608180971  
5 
5 
1 1509319527  
3 
4 
3 
3 
5 
3 
2 
2 
4 
4 
2 
2 
1 558317240  
3 
4 
6 
3 
5 
6 
2 
5 
5 
3 
5 
1 1322447372  
3 
2 
6 
2 
6 
3 
6 
6 
3 
2 
2 
5 
1 2906634  
3 
3 
2 
3 
2 
5 
4 
4 
3 
5 
3 
4 
1 680327443  
2 
6 
3 
6 
2 
4 
2 
2 
4 
6 
2 
6 
2 
2 
2 
1 2052014841  
5 
3 
6 
4 
1 1688281886  
2 
3 
4 
3 
3 
5 
3 
4 
6 
1 968742076  
3 
6 
3 
4 
4 
2 
5 
6 
4 
3 
3 
6 
1 689067746  
6 
6 
3 
6 
2 
4 
5 
3 
1 549755534  
5 
4 
6 
5 
5 
2 
5 
5 
6 
3 
6 
6 
4 
1 1709430616  
3 
6 
5 
1 1711652851  
4 
6 
6 
4 
3 
4 
1 165565218  
4 
1 1619287455  
1 1196076423  
5 
3 
4 
5 
5 
1 1436311936  
4 
3 
5 
1 1196638690  
5 
1 670471593  
4 
6 
6 
1 879965608  
1 805876217  
3 
1 1849569860  
1 1030235066  
6 
3 
3 
1 2141931431  
3 
3 
2 
1 734457269  
5 
4 
4 
5 
6 
6 
4 
4 
6 
6 
3 
6 
4 
3 
4 
1 2119890193  
1 122958776  
6 
4 
6 
1 203034973  
5 
4 
4 
6 
6 
5 
1 2142755623  
4 
3 
4 
1 503668413  
3 
1 2066714857  
3 
2 
1 603452946  
4 
6 
3 
5 
6 
4 
6 
3 
3 
6 
1 2012987940  
1 477548449  
3 
1 1925900318  
3 
3 
3 
1 2015894575  
1 1157875892  
3 
2 
3 
1 1830431511  
2 
4 
5 
4 
4 
5 
3 
2 
1 1556692813  
1 2126617969  
2 
2 
2 
1 372015609  
1 2106448347  
6 
3 
6 
3 
1 1688564937  
2 
3 
1 2083668460  
5 
6 
6 
1 124529917  
4 
1 1160368745  
1 1132261235  
3 
1 1560841854  
2 
5 
5 
6 
3 
5 
1 209523787  
3 
2 
6 
1 1802732828  
6 
1 293323814  
4 
2 
1 1015400004  
2 
3 
4 
2 
5 
3 
5 
6 
5 
4 
2 
5 
1 1504819040  
3 
4 
3 
1 1323558880  
6 
1 1009847788  
1 91792661  
4 
4 
4 
1 1295965425  
2 
6 
2 
5 
4 
6 
3 
1 1132806564  
5 
2 
6 
6 
3 
3 
3 
3 
4 
3 
4 
2 
6 
3 
1 294827635  
4 
4 
1 1291237400  
3 
1 1636474977  
6 
6 
1 214058844  
1 1894690346  
2 
6 
3 
4 
6 
1 1501979270  
2 
2 
4 
5 
2 
6 
6 
6 
3 
2 
4 
4 
4 
2 
5 
6 
6 
2 
6 
1 691607293  
4 
6 
4 
5 
6 
6 
5 
4 
6 
4 
4 
5 
5 
1 1673107016  
1 1370390197  
1 1849483186  
1 1356054879  
6 
3 
3 
3 
1 779599362  
2 
3 
6 
2 
2 
6 
5 
4 
3 
2 
1 1828617507  
2 
4 
2 
3 
1 1728070488  
4 
3 
5 
6 
2 
6 
5 
6 
1 738564061  
5 
4 
3 
4 
1 1369698796  
5 
1 1664255301  
2 
1 863093979  
3 
1 382583893  
2 
6 
1 649032888  
6 
1 276452185  
1 592107680  
2 
2 
3 
6 
6 
2 
4 
2 
4 
6 
6 
2 
6 
3 
2 
4 
1 304282069  
2 
4 
5 
5 
4 
3 
4 
5 
2 
4 
5 
2 
5 
5 
6 
2 
4 
3 
3 
6 
3 
6 
6 
5 
3 
1 569775999  
5 
6 
3 
4 
2 
6 
4 
1 1607507685  
4 
4 
3 
5 
1 1809101109  
2 
2 
3 
5 
1 1893334879  
6 
4 
3 
4 
1 469871825  
3 
5 
4 
5 
3 
1 1900893771  
3 
6 
5 
1 1041816657  
1 1602678389  
3 
6 
6 
2 
1 48237758  
2 
6 
5 
2 
2 
5 
6 
5 
5 
4 
3 
6 
6 
5 
4 
6 
1 185570409  
2 
1 1091669719  
1 262296602  
3 
5 
2 
5 
5 
2 
3 
4 
2 
2 
5 
2 
1 2080260756  
5 
1 446165341  
3 
1 953903895  
6 
6 
2 
4 
5 
5 
2 
2 
4 
1 1605884124  
1 1816555538  
5 
6 
4 
4 
1 655903433  
5 
4 
6 
6 
3 
4 
2 
3 
5 
4 
1 814455356  
6 
6 
3 
3 
2 
2 
4 
6 
2 
5 
6 
3 
3 
5 
6 
2 
5 
6 
3 
1 448671252  
2 
1 337037292  
2 
1 395042196  
3 
6 
6 
2 
1 1187235313  
2 
4 
2 
6 
4 
2 
1 1706736089  
4 
4 
5 
2 
3 
1 2059297497  
4 
6 
5 
2 
4 
2 
6 
2 
5 
6 
3 
5 
1 2050329292  
1 2089319982  
5 
1 560846738  
6 
1 179297829  
6 
5 
2 
2 
4 
4 
2 
1 533944015  
2 
1 865128807  
6 
1 749073828  
4 
1 2141451700  
3 
2 
4 
1 526746268  
5 
5 
1 494925060  
1 463839877  
3 
2 
3 
2 
2 
4 
3 
2 
6 
1 280156391  
2 
4 
3 
5 
4 
1 1536741717  
3 
6 
3 
5 
6 
3 
3 
4 
5 
3 
4 
4 
2 
1 2066518266  
4 
6 
4 
3 
3 
5 
2 
1 328394149  
4 
1 1722312126  
3 
4 
5 
3 
3 
1 1010704337  
6 
2 
6 
3 
2 
6 
6 
2 
2 
6 
3 
3 
2 
2 
5 
4 
1 590690751  
6 
1 1655089234  
3 
5 
6 
3 
5 
4 
2 
5 
3 
1 1456869678  
6 
5 
6 
5 
6 
1 1544594647  
2 
2 
2 
4 
1 1113489711  
1 1125941568  
3 
4 
3 
6 
1 53014432  
6 
4 
3 
3 
2 
5 
3 
4 
6 
4 
6 
6 
6 
5 
1 1927945067  
3 
1 1574612820  
2 
2 
6 
5 
1 390051725  
6 
3 
6 
5 
4 
2 
2 
1 175503615  
1 614364486  
4 
2 
6 
1 2096787814  
6 
5 
2 
6 
3 
5 
1 87317465  
4 
6 
1 517210130  
2 
5 
2 
5 
6 
2 
2 
2 
5 
5 
1 2038624148  
2 
4 
2 
6 
4 
5 
1 648164203  
1 696507960  
6 
4 
3 
4 
3 
2 
5 
2 
5 
4 
5 
6 
5 
3 
3 
5 
2 
3 
3 
4 
4 
2 
4 
1 425084515  
4 
1 1513293010  
5 
5 
2 
2 
4 
3 
6 
6 
1 1445581788  
3 
2 
5 
3 
3 
6 
6 
5 
6 
6 
2 
6 
6 
6 
5 
5 
6 
4 
5 
4 
5 
4 
6 
3 
6 
2 
3 
2 
2 
3 
2 
1 419052567  
4 
5 
4 
1 2040039278  
2 
1 1940506848  
3 
6 
1 882892444  
2 
6 
5 
4 
1 172712022  
4 
5 
6 
1 1329764917  
1 801927063  
1 501106171  
1 904593396  
3 
6 
2 
3 
1 1812631400  
5 
2 
6 
1 1091796923  
1 412198982  
6 
2 
2 
5 
1 1122017431  
2 
6 
6 
4 
6 
3 
4 
6 
3 
6 
1 488907922  
2 
2 
2 
6 
4 
3 
4 
3 
4 
1 1525688693  
4 
5 
4 
3 
5 
1 100475351  
5 
1 541922354  
3 
5 
1 1306150112  
2 
6 
2 
3 
3 
4 
2 
6 
4 
5 
4 
4 
4 
3 
3 
5 
1 1675088172  
3 
5 
5 
5 
1 931974079  
1 1481653728  
5 
3 
1 141969010  
2 
6 
6 
6 
4 
6 
6 
1 881278245  
6 
3 
6 
6 
6 
3 
5 
4 
3 
2 
5 
4 
1 1568971193  
4 
2 
1 659179140  
5 
3 
1 772418746  
4 
3 
5 
3 
1 69651748  
1 1355687100  
1 1197503261  
2 
3 
2 
6 
5 
4 
6 
2 
6 
5 
3 
3 
1 1582944758  
3 
3 
3 
5 
2 
4 
5 
2 
1 653785241  
5 
6 
5 
2 
5 
5 
2 
5 
3 
3 
1 1616555829  
2 
4 
6 
1 1475500388  
6 
3 
4 
2 
3 
1 446808441  
2 
1 351964625  
4 
5 
5 
2 
5 
3 
3 
2 
4 
3 
1 1648212410  
4 
4 
6 
3 
3 
2 
3 
3 
3 
1 1776573359  
5 
5 
1 1153891688  
6 
3 
4 
1 1834934  
2 
2 
6 
1 533683107  
6 
1 819039441  
2 
6 
1 1093631857  
6 
1 945882089  
6 
2 
1 1941056872  
6 
4 
2 
1 1582539779  
4 
5 
5 
6 
2 
4 
5 
4 
4 
4 
6 
1 324087135  
5 
2 
4 
4 
2 
3 
6 
6 
3 
1 2041532223  
3 
1 2124462133  
6 
1 1630237247  
5 
4 
2 
5 
3 
4 
6 
4 
4 
4 
6 
3 
6 
2 
5 
3 
3 
2 
2 
6 
1 1569136747  
3 
1 908952565  
2 
4 
6 
4 
6 
3 
4 
3 
3 
4 
6 
1 964407327  
4 
4 
1 1711105757  
4 
3 
6 
5 
2 
4 
2 
1 1790230810  
6 
4 
6 
5 
5 
2 
4 
2 
2 
1 385894872  
1 222801250  
2 
4 
1 415165908  
3 
3 
1 455546620  
4 
2 
1 1578488350  
4 
6 
6 
5 
4 
3 
5 
2 
5 
4 
5 
2 
1 1612669170  
5 
4 
6 
5 
5 
1 2038491378  
2 
5 
1 84789943  
1 1081741351  
4 
6 
5 
6 
5 
5 
4 
6 
5 
2 
1 1366508119  
4 
5 
2 
4 
1 531598385  
3 
1 1433705976  
3 
4 
5 
6 
1 867236881  
1 160688096  
6 
2 
3 
2 
2 
3 
2 
6 
5 
1 440114017  
2 
5 
6 
3 
6 
4 
2 
6 
3 
4 
2 
5 
5 
3 
6 
2 
4 
2 
2 
1 869071815  
1 694371203  
6 
3 
4 
6 
6 
1 1259153458  
6 
4 
5 
2 
5 
4 
2 
2 
3 
1 1962703672  
3 
1 1640253292  
2 
1 1052726682  
6 
1 1397759803  
6 
5 
2 
5 
4 
2 
2 
2 
5 
4 
4 
5 
3 
3 
6 
1 1964340427  
1 946775257  
4 
3 
5 
4 
6 
3 
1 1374738289  
3 
5 
2 
3 
1 1447094027  
5 
6 
5 
3 
4 
2 
5 
5 
2 
3 
5 
3 
1 368428357  
2 
3 
6 
2 
6 
6 
3 
5 
3 
5 
4 
6 
1 136207206  
1 264017706  
1 2079534114  
2 
5 
4 
4 
1 1926438016  
1 649912579  
2 
6 
4 
5 
2 
3 
4 
5 
5 
5 
1 154851716  
1 194120277  
3 
5 
4 
3 
4 
5 
2 
3 
5 
6 
3 
3 
6 
3 
5 
5 
5 
5 
6 
4 
2 
3 
5 
6 
1 1105459199  
5 
3 
1 1733340067  
2 
6 
1 1806789447  
1 996466930  
2 
2 
2 
2 
5 
5 
4 
6 
5 
6 
3 
5 
4 
6 
2 
3 
1 1818130010  
4 
2 
2 
6 
6 
5 
2 
6 
3 
5 
4 
1 741047150  
3 
1 215491401  
2 
6 
1 202244747  
6 
3 
1 27269478  
3 
6 
3 
5 
1 1082728282  
6 
6 
5 
6 
2 
3 
6 
5 
5 
4 
5 
1 362932843  
5 
2 
2 
5 
2 
5 
1 467383495  
1 1951800098  
1 1057304046  
6 
2 
4 
6 
6 
3 
5 
6 
5 
3 
6 
1 1726536953  
3 
5 
5 
2 
2 
2 
6 
6 
2 
4 
5 
2 
3 
2 
6 
4 
6 
4 
5 
1 1767020122  
4 
4 
1 550073691  
6 
2 
2 
4 
2 
6 
5 
4 
4 
5 
2 
5 
2 
5 
2 
5 
4 
1 631779987  
5 
1 1017296278  
3 
5 
1 366930470  
3 
5 
6 
6 
3 
6 
1 1578555245  
4 
5 
1 244550919  
4 
4 
5 
1 1814024497  
6 
5 
5 
6 
6 
6 
1 1946983602  
1 380758125  
1 2078042204  
5 
6 
4 
2 
3 
1 1879034068  
1 159712493  
3 
4 
4 
4 
4 
5 
4 
2 
3 
2 
2 
4 
5 
5 
5 
2 
2 
3 
1 580471135  
3 
2 
5 
4 
3 
6 
4 
5 
5 
2 
1 2033885785  
2 
2 
2 
6 
4 
6 
4 
2 
1 353832770  
2 
1 1685930334  
4 
6 
3 
5 
3 
3 
6 
5 
6 
2 
2 
2 
5 
5 
4 
6 
5 
5 
2 
6 
1 1619742204  
4 
2 
2 
5 
6 
3 
6 
2 
4 
3 
3 
2 
4 
5 
6 
5 
2 
3 
6 
2 
5 
1 13138569  
5 
1 534913616  
3 
5 
2 
6 
3 
1 1290388566  
6 
6 
4 
6 
2 
2 
6 
5 
6 
6 
4 
5 
3 
1 754185719  
4 
5 
3 
6 
6 
1 750405017  
3 
2 
6 
2 
5 
5 
2 
5 
5 
6 
5 
4 
3 
4 
6 
5 
5 
5 
5 
6 
4 
3 
1 1492633314  
4 
4 
3 
4 
2 
2 
3 
2 
5 
5 
3 
6 
6 
2 
5 
2 
2 
2 
5 
2 
1 781455198  
2 
5 
1 1833133300  
6 
2 
2 
1 1855566157  
5 
4 
1 1248838693  
6 
3 
3 
1 1637449750  
1 765386556  
4 
2 
6 
3 
6 
3 
5 
1 827891999  
2 
1 1256986224  
3 
1 1315460247  
4 
4 
3 
2 
5 
3 
2 
6 
5 
3 
5 
6 
2 
2 
4 
5 
3 
6 
1 1459671986  
1 126798854  
3 
4 
3 
5 
3 
2 
1 1682390717  
5 
5 
5 
2 
4 
2 
5 
4 
4 
2 
1 890743583  
6 
1 371349773  
2 
3 
6 
6 
2 
4 
6 
6 
4 
1 1348931567  
5 
1 690243537  
6 
6 
2 
1 752107898  
3 
6 
5 
4 
4 
1 1279490123  
3 
1 421793958  
2 
2 
4 
1 911820392  
5 
3 
6 
1 1859961258  
3 
2 
4 
3 
2 
6 
6 
5 
6 
1 308196095  
5 
6 
6 
5 
3 
6 
2 
3 
2 
2 
4 
1 1265653162  
2 
5 
6 
1 1398407944  
2 
2 
3 
6 
2 
3 
6 
5 
6 
5 
4 
1 1927938299  
3 
3 
6 
5 
3 
5 
2 
2 
4 
6 
2 
2 
5 
3 
3 
6 
3 
4 
6 
1 1278791732  
1 1933321561  
3 
3 
1 1070843217  
2 
5 
3 
5 
5 
4 
2 
4 
1 2032977451  
5 
4 
4 
3 
1 536242930  
2 
6 
2 
3 
2 
5 
4 
3 
1 415992883  
5 
3 
1 666949001  
6 
5 
4 
2 
3 
6 
3 
1 221892582  
1 124075393  
5 
5 
6 
2 
3 
6 
5 
4 
4 
2 
6 
3 
4 
3 
4 
6 
1 1915787695  
5 
1 1859342332  
1 889461949  
2 
3 
1 596196046  
4 
6 
2 
2 
6 
1 968844909  
6 
4 
6 
3 
1 57438548  
5 
2 
1 2055868032  
4 
5 
3 
6 
4 
3 
6 
2 
5 
1 1095643763  
6 
3 
6 
1 1739829265  
3 
4 
1 799127968  
1 1466993537  
5 
5 
1 941277184  
2 
4 
4 
6 
5 
3 
6 
6 
5 
3 
3 
6 
6 
1 1489371505  
2 
4 
1 71617787  
1 73283659  
3 
2 
4 
1 1911165463  
6 
1 983438179  
2 
5 
3 
5 
4 
5 
2 
1 1933244917  
5 
1 71877910  
3 
1 101607694  
4 
2 
1 1184169214  
1 1999816209  
2 
5 
3 
2 
5 
6 
5 
6 
4 
3 
2 
5 
5 
3 
1 1380399426  
1 970007127  
2 
4 
6 
1 923175779  
2 
6 
2 
4 
4 
5 
6 
5 
4 
1 1265893229  
2 
2 
5 
1 1506250057  
1 1339168662  
6 
6 
5 
4 
3 
4 
6 
2 
5 
4 
2 
5 
3 
4 
3 
6 
3 
3 
5 
3 
6 
5 
3 
3 
2 
6 
5 
5 
5 
1 1932842231  
2 
5 
6 
1 1728142640  
3 
2 
1 1463244055  
4 
3 
1 1701146278  
2 
1 1440001324  
2 
5 
1 205222356  
3 
2 
1 149858676  
4 
4 
1 261362585  
2 
2 
4 
5 
1 262660904  
6 
6 
2 
2 
4 
6 
2 
1 58243060  
5 
1 1357006349  
1 2002490170  
1 857371028  
3 
4 
2 
5 
4 
2 
4 
4 
2 
2 
1 676516238  
3 
2 
3 
2 
3 
2 
2 
5 
6 
1 796283706  
4 
5 
2 
4 
6 
2 
3 
1 199258886  
5 
2 
2 
4 
6 
1 748134025  
4 
2 
2 
4 
5 
2 
4 
6 
3 
3 
3 
4 
1 869567366  
5 
2 
5 
3 
4 
3 
2 
5 
5 
2 
6 
1 2110424349  
1 1731572205  
6 
6 
6 
2 
5 
1 655328635  
5 
5 
1 34818612  
2 
6 
4 
2 
2 
5 
1 1833179899  
1 1839497849  
5 
2 
3 
6 
4 
1 2034634821  
2 
1 1066095677  
3 
4 
5 
1 662021328  
6 
5 
4 
2 
3 
2 
4 
3 
4 
1 810326952  
3 
4 
6 
2 
2 
5 
2 
6 
1 184505258  
3 
2 
4 
2 
2 
5 
6 
5 
4 
5 
6 
2 
2 
1 20787738  
4 
1 2011967  
3 
3 
3 
2 
5 
5 
6 
5 
1 2117347489  
4 
5 
3 
3 
2 
3 
2 
1 1748930378  
6 
4 
3 
5 
4 
6 
5 
1 1465256022  
2 
2 
3 
6 
5 
4 
4 
1 1671010119  
5 
6 
2 
1 1041448054  
2 
2 
6 
2 
2 
2 
1 1670478379  
4 
4 
4 
5 
5 
2 
1 1820868795  
6 
1 1302810640  
1 1933139283  
2 
4 
2 
6 
4 
1 1879111856  
5 
2 
1 512333341  
2 
4 
1 1788145805  
5 
6 
2 
6 
5 
4 
4 
5 
6 
2 
5 
6 
2 
1 588999236  
1 1188849579  
3 
4 
4 
4 
4 
4 
6 
6 
5 
5 
4 
3 
3 
3 
1 436945864  
3 
6 
2 
3 
5 
6 
1 788258122  
3 
6 
2 
6 
2 
5 
1 1936983604  
2 
2 
4 
3 
3 
4 
6 
6 
4 
4 
5 
3 
4 
4 
5 
6 
6 
5 
3 
4 
5 
4 
3 
1 1306513230  
4 
3 
1 751198824  
5 
4 
5 
3 
4 
6 
3 
3 
3 
4 
2 
1 1521072161  
3 
6 
3 
1 1961841865  
3 
5 
1 786017436  
1 1206768412  
2 
5 
2 
3 
3 
4 
2 
5 
4 
5 
1 1653856067  
3 
2 
2 
3 
2 
6 
4 
4 
2 
1 673168609  
3 
1 125380441  
1 168393747  
1 1483495562  
2 
2 
6 
6 
5 
4 
5 
4 
3 
6 
4 
1 309885700  
4 
6 
5 
3 
2 
1 189181485  
4 
4 
1 1485507529  
3 
5 
5 
6 
3 
5 
5 
4 
6 
3 
6 
4 
3 
6 
3 
6 
5 
5 
5 
5 
1 279749541  
6 
1 1938111863  
1 803279903  
4 
3 
2 
6 
6 
3 
5 
5 
5 
1 1950759661  
3 
2 
4 
4 
2 
3 
3 
2 
5 
5 
5 
1 832076270  
2 
6 
2 
3 
3 
6 
5 
3 
1 326274634  
2 
2 
2 
2 
3 
6 
4 
4 
5 
3 
4 
6 
5 
6 
1 1624144808  
6 
2 
5 
3 
2 
1 2134886910  
4 
1 111930270  
2 
5 
5 
2 
4 
2 
5 
4 
4 
3 
6 
4 
6 
5 
2 
2 
6 
3 
3 
3 
1 1355773016  
1 499736603  
5 
4 
4 
1 1900076075  
6 
5 
4 
5 
3 
3 
2 
2 
2 
1 1944772253  
2 
2 
4 
4 
3 
5 
5 
2 
5 
1 1688586182  
5 
4 
3 
2 
1 189538291  
3 
1 585546727  
4 
5 
4 
3 
2 
3 
1 1478086138  
3 
1 1496051521  
3 
6 
4 
6 
6 
3 
3 
4 
6 
4 
5 
1 1336745551  
6 
3 
1 851674652  
4 
5 
1 1310409739  
3 
1 2122762987  
2 
4 
1 2058443064  
2 
2 
1 816782158  
6 
2 
4 
4 
1 648447949  
4 
6 
4 
2 
2 
5 
5 
6 
6 
6 
2 
5 
6 
1 36339858  
6 
1 985175905  
3 
6 
2 
5 
4 
4 
6 
5 
2 
1 2131943511  
6 
4 
4 
2 
3 
4 
3 
4 
1 346225558  
4 
6 
6 
1 1174357391  
3 
2 
2 
5 
6 
2 
6 
6 
2 
3 
4 
4 
6 
2 
2 
6 
3 
5 
5 
2 
6 
2 
4 
5 
5 
6 
5 
1 1469967392  
6 
2 
6 
4 
6 
1 625975099  
2 
5 
5 
2 
4 
2 
6 
6 
4 
6 
3 
6 
2 
5 
6 
1 964985606  
5 
6 
2 
1 125763647  
3 
3 
2 
3 
3 
1 429251112  
6 
2 
6 
2 
4 
2 
3 
4 
6 
3 
1 1797061876  
2 
4 
6 
6 
3 
4 
5 
2 
1 452038282  
5 
1 2053395921  
4 
2 
1 1784465138  
2 
6 
4 
1 563968552  
5 
4 
1 1261685289  
1 136718093  
6 
5 
5 
6 
6 
2 
3 
1 316560979  
2 
4 
4 
6 
3 
1 1058973894  
6 
1 1825304275  
4 
3 
6 
6 
1 506099271  
3 
6 
6 
3 
4 
1 1644520622  
5 
1 1155906766  
2 
1 2002150792  
6 
1 833782525  
1 2007581418  
5 
5 
6 
2 
3 
3 
5 
6 
3 
4 
5 
6 
4 
6 
6 
3 
6 
4 
3 
6 
3 
3 
3 
6 
2 
6 
3 
2 
4 
1 1165076883  
6 
3 
4 
3 
1 809061865  
1 1918540834  
4 
1 1981859041  
4 
3 
5 
5 
4 
5 
4 
4 
4 
4 
1 1457509814  
6 
1 1954880692  
6 
5 
4 
1 819551299  
