2 
6 
5 
2 
1 179275825  
4 
4 
4 
4 
1 1484951261  
5 
4 
6 
1 349089085  
5 
6 
5 
1 2023084684  
2 
5 
4 
1 412701403  
4 
6 
4 
3 
3 
5 
1 620137057  
1 742013319  
5 
1 711749022  
1 1361130839  
2 
5 
2 
6 
1 2031534603  
1 830956084  
6 
5 
2 
1 682072045  
2 
6 
5 
1 995771812  
2 
6 
6 
6 
3 
5 
5 
3 
4 
3 
2 
4 
4 
1 1852059849  
4 
5 
1 1910572488  
1 1471552463  
5 
2 
5 
3 
1 332750809  
3 
4 
1 1253350417  
6 
2 
4 
3 
2 
6 
1 1259030520  
2 
1 93513410  
3 
5 
5 
3 
3 
3 
5 
1 68001370  
4 
1 1069348421  
2 
5 
1 195261809  
2 
1 1466883466  
2 
4 
2 
1 85560959  
1 1001819941  
1 123078600  
4 
6 
5 
3 
5 
4 
3 
3 
3 
3 
2 
1 131862791  
5 
6 
2 
6 
2 
4 
6 
3 
5 
1 530610044  
3 
6 
1 1891875631  
5 
5 
5 
1 897730429  
4 
2 
5 
3 
1 709885869  
3 
4 
6 
6 
3 
6 
3 
2 
2 
3 
4 
3 
2 
5 
1 1229343244  
5 
4 
4 
6 
6 
6 
4 
4 
1 1246819515  
2 
3 
6 
3 
1 585486906  
2 
2 
4 
2 
3 
6 
1 1642044647  
2 
5 
3 
3 
4 
6 
5 
1 1866956572  
2 
3 
6 
2 
2 
5 
6 
5 
3 
2 
5 
3 
4 
5 
4 
5 
4 
2 
3 
2 
5 
3 
6 
4 
6 
6 
1 1327500225  
2 
6 
6 
2 
5 
6 
2 
4 
2 
5 
1 206310022  
1 1080603763  
2 
2 
1 1211551180  
5 
6 
1 1037266106  
2 
6 
5 
2 
3 
3 
3 
3 
6 
6 
5 
1 1762675808  
1 59839344  
2 
3 
4 
3 
4 
2 
3 
3 
6 
1 741842307  
3 
3 
2 
6 
3 
5 
4 
3 
3 
5 
5 
4 
5 
6 
5 
6 
1 1525764649  
1 1531391808  
1 1074593116  
6 
2 
1 631631418  
4 
5 
5 
5 
3 
5 
4 
1 642938680  
4 
6 
4 
2 
6 
4 
1 1168106527  
3 
3 
1 699632788  
5 
3 
1 1712287101  
5 
1 1363368336  
2 
1 19032607  
1 1797848060  
6 
4 
5 
5 
2 
2 
2 
5 
4 
6 
2 
5 
3 
2 
5 
2 
4 
3 
6 
5 
4 
6 
2 
6 
4 
3 
2 
4 
2 
5 
4 
4 
3 
6 
3 
2 
5 
5 
1 217704630  
2 
4 
2 
6 
5 
5 
4 
6 
4 
6 
1 142111207  
6 
1 1929710852  
1 748314674  
4 
5 
5 
1 2033986838  
2 
3 
6 
1 679957633  
3 
4 
3 
3 
2 
5 
2 
6 
6 
5 
2 
6 
2 
6 
1 1458200543  
1 1115846434  
2 
1 1926777148  
1 2043687449  
6 
3 
3 
2 
1 610407434  
1 1646250072  
3 
1 1223704027  
6 
4 
6 
5 
1 816717456  
5 
4 
2 
4 
5 
5 
4 
2 
3 
4 
4 
6 
6 
2 
3 
1 579370187  
6 
6 
3 
6 
3 
4 
6 
5 
3 
4 
3 
5 
4 
3 
3 
4 
6 
2 
2 
6 
6 
6 
2 
2 
3 
4 
3 
5 
5 
1 287771559  
3 
4 
6 
5 
1 1853983562  
6 
6 
4 
2 
5 
4 
4 
6 
2 
2 
6 
2 
6 
2 
5 
3 
6 
4 
5 
5 
6 
5 
1 194562348  
1 347610904  
1 448342222  
2 
2 
4 
6 
4 
1 1720326997  
6 
5 
6 
6 
1 1879002712  
3 
6 
2 
5 
6 
1 1522935338  
3 
5 
3 
4 
5 
1 204474767  
1 374457744  
2 
1 543558217  
2 
2 
6 
3 
5 
6 
3 
1 904107555  
6 
6 
6 
5 
1 2086744845  
6 
3 
2 
2 
3 
3 
1 1906926554  
5 
6 
2 
3 
1 923140162  
2 
1 1737109257  
6 
4 
1 2124631184  
2 
3 
1 1065251370  
3 
4 
4 
5 
2 
1 1519336461  
3 
4 
2 
3 
3 
4 
5 
2 
1 725462210  
3 
5 
1 951754560  
5 
5 
2 
3 
2 
5 
6 
6 
1 51810447  
1 36179105  
2 
2 
5 
5 
4 
6 
4 
1 2067600995  
3 
1 1978587595  
6 
3 
5 
4 
5 
3 
6 
4 
2 
4 
2 
1 2079866555  
5 
2 
2 
3 
3 
4 
2 
1 530524781  
5 
4 
1 1477354020  
2 
5 
3 
6 
1 1156086934  
6 
4 
5 
2 
1 1347242237  
4 
2 
3 
6 
2 
5 
3 
2 
5 
4 
3 
2 
5 
4 
1 2056724207  
6 
6 
2 
4 
1 1443858493  
2 
1 1053742151  
2 
5 
2 
1 103802907  
2 
1 1791469397  
6 
4 
6 
2 
2 
6 
2 
6 
3 
6 
3 
1 1502084373  
5 
2 
4 
4 
4 
4 
1 1824129904  
1 1522988461  
2 
1 877536064  
2 
6 
4 
5 
4 
5 
5 
3 
1 2028604671  
1 1897446205  
3 
2 
5 
1 1421094281  
5 
4 
1 785228579  
6 
2 
2 
3 
3 
4 
5 
5 
2 
2 
2 
1 1836707402  
1 1180537187  
2 
4 
4 
1 1708368741  
3 
2 
4 
5 
3 
4 
2 
3 
4 
1 1426333012  
4 
2 
4 
5 
2 
6 
2 
6 
4 
2 
6 
2 
2 
4 
6 
6 
6 
3 
1 1157684723  
6 
6 
3 
6 
5 
1 626136463  
2 
3 
2 
3 
3 
2 
5 
3 
3 
2 
3 
1 798185825  
3 
6 
5 
3 
4 
2 
1 1883146933  
4 
1 1577891024  
1 849996272  
6 
2 
4 
5 
5 
1 1919326039  
4 
5 
3 
2 
4 
5 
6 
6 
3 
4 
1 1498008371  
2 
3 
4 
1 681100220  
5 
6 
3 
3 
1 1851708946  
4 
6 
3 
1 2028533152  
3 
1 10970592  
5 
6 
3 
3 
3 
4 
3 
4 
6 
2 
1 860312232  
1 1228291741  
3 
6 
2 
5 
5 
3 
5 
2 
1 2067694799  
6 
4 
1 156687077  
3 
1 134550244  
4 
4 
1 24014059  
3 
5 
6 
5 
2 
3 
5 
6 
4 
4 
5 
5 
4 
4 
4 
1 1948156475  
6 
5 
4 
1 1636634618  
3 
5 
5 
4 
5 
4 
4 
5 
3 
2 
4 
3 
2 
3 
4 
1 1848143963  
2 
2 
2 
5 
4 
2 
3 
4 
2 
3 
1 1323661288  
1 366687034  
5 
4 
1 1729264987  
1 1073623846  
1 1787781315  
2 
2 
2 
4 
1 367009918  
5 
4 
3 
1 762847600  
2 
3 
3 
2 
6 
6 
5 
5 
2 
6 
2 
4 
2 
6 
4 
1 820834855  
6 
1 2075378659  
2 
6 
4 
3 
2 
2 
2 
6 
3 
5 
3 
5 
2 
6 
3 
2 
5 
1 41696964  
3 
5 
4 
3 
6 
2 
2 
6 
3 
4 
2 
4 
2 
3 
4 
3 
6 
2 
1 1978519578  
1 554031475  
4 
4 
1 839882790  
1 1714182864  
5 
2 
1 2131922499  
5 
4 
1 1689879062  
4 
2 
5 
5 
5 
1 1486025255  
5 
4 
2 
3 
3 
4 
1 1482447222  
6 
1 223495634  
1 1190250553  
2 
1 1363496726  
2 
6 
5 
3 
5 
3 
4 
1 234466226  
2 
4 
2 
4 
6 
1 2050562785  
5 
6 
5 
3 
5 
2 
4 
4 
6 
2 
6 
1 444304819  
3 
2 
5 
2 
1 154677378  
3 
6 
2 
1 59766214  
3 
1 578855063  
5 
2 
2 
1 178691437  
3 
6 
5 
3 
4 
1 2007922689  
4 
6 
2 
3 
3 
4 
3 
6 
6 
5 
1 68006033  
5 
3 
4 
4 
2 
4 
2 
1 2026835400  
1 1184100330  
6 
3 
2 
1 434693067  
6 
5 
6 
6 
6 
2 
2 
6 
1 1608616739  
5 
5 
1 110240528  
4 
2 
1 74990735  
5 
3 
6 
1 1975626657  
4 
5 
6 
4 
5 
4 
3 
5 
6 
3 
1 873088128  
4 
2 
1 895825590  
1 1903521669  
3 
6 
6 
5 
3 
2 
2 
2 
6 
6 
2 
3 
6 
2 
4 
6 
4 
1 914785093  
3 
2 
1 726861520  
5 
6 
1 310069496  
3 
1 1754667883  
6 
2 
2 
4 
5 
3 
4 
5 
1 293560736  
2 
4 
5 
1 294508347  
6 
2 
1 1297063297  
1 1779585991  
6 
2 
1 1776955569  
6 
4 
4 
4 
4 
3 
6 
2 
1 1520558932  
2 
4 
2 
5 
4 
2 
2 
6 
1 822352896  
1 992968647  
3 
4 
2 
4 
5 
5 
5 
2 
5 
6 
6 
1 1755025158  
6 
1 725432033  
5 
5 
5 
2 
6 
2 
2 
2 
3 
2 
5 
6 
1 1437273466  
1 1909702536  
5 
4 
1 785198248  
2 
6 
6 
3 
3 
2 
4 
6 
2 
3 
5 
1 2016128529  
6 
2 
6 
3 
6 
3 
4 
6 
5 
2 
1 2088393973  
4 
1 645637289  
6 
6 
5 
1 2084134563  
3 
1 1967745726  
1 1829737619  
1 371343982  
5 
6 
6 
3 
3 
1 1428878817  
5 
4 
6 
1 1939978147  
6 
2 
1 446334717  
6 
4 
2 
4 
5 
6 
6 
2 
6 
1 1257021827  
5 
5 
1 665582628  
1 1342160307  
2 
6 
1 1013059848  
4 
5 
4 
1 1580367721  
2 
1 2069021828  
6 
4 
4 
1 1323129344  
1 1187551956  
6 
2 
5 
4 
4 
1 215098916  
6 
6 
1 1617637691  
6 
3 
4 
4 
4 
6 
2 
6 
3 
4 
5 
6 
3 
4 
3 
3 
3 
5 
6 
3 
3 
1 337131605  
6 
6 
4 
2 
2 
3 
5 
5 
4 
3 
2 
3 
1 1994684908  
3 
6 
2 
3 
5 
6 
6 
5 
4 
4 
6 
4 
4 
1 1247109612  
5 
1 1857690537  
3 
3 
4 
2 
3 
3 
6 
4 
5 
6 
4 
5 
4 
5 
4 
2 
1 669554156  
2 
5 
1 92594611  
4 
4 
3 
3 
3 
4 
6 
4 
1 1465232048  
1 1394986190  
2 
6 
4 
4 
4 
1 1529868077  
6 
6 
3 
4 
5 
1 1227450936  
6 
5 
2 
4 
2 
2 
4 
1 32700790  
1 1398512958  
2 
6 
1 1168361262  
1 678338079  
1 1335163873  
5 
2 
4 
4 
2 
6 
5 
2 
2 
5 
1 988623340  
1 360592051  
3 
2 
3 
4 
3 
4 
5 
2 
3 
3 
1 1706507856  
4 
4 
3 
3 
6 
4 
2 
6 
2 
1 270018509  
1 153086550  
6 
2 
3 
6 
1 5358925  
4 
3 
1 1527040336  
3 
2 
3 
5 
2 
1 818669178  
5 
1 1347519233  
2 
6 
6 
2 
4 
6 
2 
5 
3 
2 
1 392616536  
5 
1 251553251  
2 
6 
1 1269057413  
5 
3 
2 
4 
1 1715745880  
2 
4 
1 1439105207  
1 1484156329  
1 1185899923  
2 
4 
6 
3 
6 
5 
4 
4 
6 
6 
1 1776236813  
5 
4 
2 
3 
1 1331357589  
3 
4 
4 
4 
6 
3 
5 
5 
6 
2 
6 
4 
3 
2 
1 285525887  
1 1486443702  
3 
2 
6 
6 
2 
3 
6 
3 
4 
4 
2 
5 
5 
2 
2 
5 
6 
1 2000911746  
2 
2 
6 
1 378120498  
3 
2 
5 
3 
4 
5 
1 804192102  
2 
2 
5 
2 
5 
2 
3 
1 1248414288  
3 
2 
4 
3 
3 
1 1907988575  
3 
1 2031643039  
1 1281115078  
1 1159017886  
3 
6 
4 
4 
4 
1 1052520653  
4 
3 
1 1959453157  
6 
1 346698111  
5 
6 
4 
5 
4 
6 
2 
3 
6 
2 
4 
3 
2 
2 
6 
4 
6 
3 
4 
2 
1 2041143993  
2 
5 
4 
6 
3 
1 172561560  
5 
3 
5 
1 2053205967  
1 163678854  
5 
4 
2 
1 325648111  
2 
3 
2 
1 2058564893  
4 
1 1690719191  
3 
1 1144317289  
6 
6 
3 
3 
5 
5 
3 
6 
1 1258600478  
3 
5 
1 2083335727  
3 
3 
2 
1 1395870541  
1 380174243  
5 
6 
1 1651597960  
1 687492100  
6 
2 
3 
6 
5 
3 
1 1864330572  
1 690014235  
3 
4 
1 316245265  
6 
4 
6 
3 
2 
1 1048204514  
6 
1 975540123  
3 
2 
5 
4 
6 
5 
1 1802688968  
6 
4 
1 901632612  
5 
5 
5 
3 
1 1353660621  
1 459397422  
3 
2 
3 
4 
3 
4 
2 
4 
1 2563252  
5 
5 
5 
3 
1 1114165549  
6 
6 
6 
1 343556813  
5 
2 
5 
3 
2 
5 
2 
1 1283678330  
3 
5 
5 
1 125699787  
2 
4 
2 
3 
3 
3 
6 
4 
2 
1 1396077466  
6 
1 1095647839  
2 
2 
1 472397898  
4 
4 
5 
6 
6 
1 1289737811  
1 1268209400  
1 378120218  
3 
6 
2 
2 
2 
5 
4 
1 1453416666  
5 
4 
6 
3 
5 
4 
3 
5 
1 1593857511  
3 
3 
2 
4 
1 289201463  
3 
5 
6 
2 
2 
6 
1 996652209  
4 
1 590691152  
2 
4 
3 
6 
1 1547801941  
5 
6 
1 932504288  
2 
2 
4 
5 
1 1986561693  
6 
3 
2 
1 1927976184  
2 
4 
6 
2 
6 
3 
3 
6 
1 436618600  
6 
6 
2 
4 
1 526570146  
5 
4 
1 1644823108  
2 
2 
1 1126632836  
5 
1 842815411  
5 
4 
1 545543974  
5 
6 
5 
1 2102172959  
6 
2 
4 
3 
1 498020731  
2 
6 
2 
3 
6 
2 
6 
2 
6 
3 
3 
2 
4 
5 
1 1447176586  
5 
5 
5 
5 
2 
3 
6 
1 1308349932  
1 957418154  
1 1449739838  
1 275031833  
2 
5 
6 
3 
2 
5 
1 1300974967  
6 
3 
6 
2 
4 
2 
2 
2 
1 585934520  
4 
5 
5 
2 
3 
6 
4 
5 
6 
1 400731620  
2 
3 
1 549568786  
6 
3 
4 
4 
6 
5 
4 
2 
6 
3 
2 
5 
1 1681582360  
2 
3 
6 
2 
5 
6 
2 
5 
1 873129519  
4 
6 
1 1839306597  
5 
1 802308112  
2 
5 
5 
2 
1 1251249737  
5 
3 
2 
3 
1 1145239615  
4 
3 
6 
3 
5 
1 248681975  
6 
3 
1 1540451200  
3 
4 
6 
1 2141891824  
1 839373127  
2 
4 
6 
3 
1 940769493  
3 
3 
2 
6 
1 926912465  
1 678451173  
6 
4 
2 
3 
3 
1 721262029  
2 
4 
6 
6 
1 1363531065  
3 
1 1205021319  
5 
3 
3 
5 
3 
6 
2 
5 
2 
1 218601489  
3 
1 342680253  
4 
2 
4 
6 
4 
4 
2 
3 
4 
4 
6 
3 
4 
2 
4 
1 2047836730  
3 
1 764145464  
3 
5 
6 
6 
3 
6 
6 
5 
2 
1 297369564  
1 398373814  
1 63838402  
6 
2 
3 
5 
1 1605719497  
1 1355791968  
3 
5 
5 
2 
4 
1 1513578241  
3 
5 
6 
2 
2 
6 
3 
6 
5 
5 
3 
6 
4 
5 
1 1880751330  
6 
1 509283287  
1 2099512761  
5 
6 
6 
3 
5 
6 
6 
1 133999303  
3 
1 1058852073  
2 
4 
1 1633611473  
5 
3 
6 
1 1007128822  
1 750675023  
2 
2 
4 
4 
1 288435937  
6 
1 110894911  
2 
6 
4 
3 
2 
4 
1 1895914638  
3 
3 
6 
3 
5 
1 537117912  
3 
2 
4 
2 
2 
3 
5 
5 
3 
1 1651346111  
4 
3 
2 
5 
1 1890322815  
6 
3 
1 1376491040  
2 
5 
3 
2 
5 
4 
3 
6 
1 444631956  
3 
5 
1 669751632  
6 
6 
1 2054942213  
3 
4 
2 
5 
4 
3 
2 
5 
3 
1 1165893985  
1 2033282697  
5 
3 
4 
3 
3 
2 
6 
1 1112479884  
6 
6 
5 
5 
4 
1 1384495474  
2 
5 
2 
2 
2 
1 228479303  
2 
4 
1 1012832966  
2 
1 1157290  
1 525848867  
1 1411206780  
6 
4 
3 
5 
5 
3 
3 
6 
5 
4 
6 
5 
5 
5 
4 
5 
3 
4 
3 
6 
1 64995693  
6 
1 2131568364  
3 
2 
4 
6 
5 
4 
4 
1 619515100  
3 
4 
5 
5 
3 
1 1578573934  
2 
4 
6 
4 
3 
2 
1 1864836047  
3 
5 
4 
3 
2 
3 
1 1128798388  
5 
1 1530603047  
6 
6 
1 1998835350  
2 
5 
2 
3 
6 
5 
3 
2 
2 
6 
6 
4 
5 
2 
1 40166813  
2 
1 1016730873  
6 
5 
1 858480524  
2 
1 790841836  
6 
4 
3 
1 1305166810  
1 969375435  
6 
1 539272827  
6 
5 
4 
4 
2 
2 
1 1842284723  
3 
2 
6 
6 
5 
4 
6 
4 
1 473237898  
1 282111994  
5 
4 
5 
6 
5 
6 
4 
6 
1 1071292115  
3 
4 
4 
5 
4 
3 
3 
5 
6 
4 
1 917869854  
6 
3 
1 951863626  
4 
4 
1 978750680  
6 
2 
5 
4 
5 
2 
6 
2 
4 
5 
3 
5 
4 
4 
3 
4 
1 2083763839  
6 
1 837662675  
4 
6 
5 
6 
3 
5 
1 2091230564  
1 1320775665  
1 1066141978  
1 956579882  
2 
6 
4 
2 
6 
1 1321932956  
5 
3 
6 
4 
5 
5 
2 
6 
1 1591990846  
1 220303015  
4 
2 
5 
6 
4 
6 
6 
6 
4 
1 1386928649  
1 1576075562  
6 
5 
2 
2 
3 
5 
3 
1 839818115  
6 
1 818018935  
1 1293427961  
3 
6 
2 
4 
3 
5 
3 
1 1968616503  
6 
4 
4 
2 
2 
6 
2 
5 
6 
3 
6 
5 
4 
3 
4 
4 
1 201138334  
4 
1 1144779663  
4 
2 
6 
3 
4 
3 
6 
5 
2 
6 
1 2008783317  
1 1217869207  
2 
6 
4 
1 2003260187  
6 
2 
3 
4 
5 
3 
6 
5 
4 
5 
4 
2 
1 652141505  
5 
5 
2 
5 
3 
3 
5 
2 
4 
2 
3 
6 
2 
3 
3 
3 
5 
4 
4 
4 
1 375552370  
6 
1 825151974  
2 
3 
1 1191414332  
2 
6 
5 
1 70353445  
6 
4 
4 
2 
1 1298389872  
1 1473526326  
1 1141645560  
6 
3 
3 
2 
3 
2 
3 
3 
4 
5 
4 
4 
5 
2 
3 
5 
6 
4 
5 
6 
6 
4 
5 
1 68776078  
5 
5 
1 277906304  
6 
4 
2 
6 
6 
1 2120396240  
1 5056269  
3 
4 
5 
6 
2 
2 
6 
5 
6 
2 
6 
2 
1 1115568980  
4 
4 
4 
4 
1 2064143156  
1 1325831935  
4 
1 34227310  
4 
2 
3 
6 
2 
3 
2 
1 873239390  
5 
1 500281243  
3 
2 
5 
2 
2 
2 
2 
4 
1 1626218156  
3 
5 
4 
2 
1 1093542405  
3 
1 1887209892  
5 
4 
6 
5 
1 1054810071  
4 
1 1933360521  
1 557745179  
3 
6 
5 
1 200754384  
2 
2 
4 
2 
3 
4 
3 
6 
4 
3 
3 
5 
6 
5 
4 
2 
6 
2 
4 
6 
2 
4 
3 
4 
3 
1 1754493376  
3 
4 
3 
1 758883513  
1 1345534048  
5 
6 
1 1615793045  
2 
2 
6 
6 
3 
2 
4 
3 
1 1976752721  
5 
4 
6 
6 
4 
3 
4 
1 1201310587  
3 
5 
6 
5 
6 
4 
2 
6 
5 
3 
3 
3 
2 
1 120450903  
6 
2 
2 
3 
3 
5 
6 
4 
2 
2 
3 
3 
4 
3 
3 
3 
2 
1 204821443  
3 
2 
1 2026462562  
4 
2 
2 
6 
3 
3 
5 
5 
5 
2 
4 
6 
3 
4 
4 
1 1311865235  
3 
5 
5 
4 
5 
4 
3 
1 275174888  
1 1177368786  
2 
6 
2 
5 
3 
1 637907914  
2 
5 
3 
6 
3 
5 
3 
3 
3 
6 
2 
3 
2 
5 
6 
2 
4 
1 1416820448  
5 
3 
6 
4 
6 
3 
5 
2 
5 
4 
1 1246144865  
4 
1 915814218  
3 
2 
2 
1 1389733040  
5 
6 
3 
1 1251201134  
2 
3 
3 
2 
2 
1 2031383198  
4 
4 
2 
6 
3 
4 
2 
4 
1 1306392548  
3 
6 
4 
5 
1 429549421  
6 
5 
3 
2 
4 
3 
1 2065610509  
5 
6 
3 
2 
1 32148290  
2 
3 
5 
2 
2 
3 
5 
3 
3 
3 
5 
2 
2 
1 929830664  
3 
6 
5 
3 
2 
2 
1 1544345017  
5 
1 1125690696  
2 
2 
6 
3 
1 669556908  
2 
4 
3 
2 
5 
5 
2 
2 
3 
5 
5 
5 
4 
6 
4 
5 
2 
1 451671440  
4 
1 911567569  
2 
2 
2 
2 
3 
4 
3 
2 
2 
6 
1 1227302087  
2 
3 
1 652425825  
1 518577297  
1 1986185601  
3 
3 
4 
4 
5 
6 
4 
2 
4 
2 
4 
5 
3 
5 
3 
4 
2 
6 
3 
6 
4 
6 
3 
6 
4 
1 1997959873  
5 
4 
2 
6 
5 
1 2134370343  
1 1815454674  
5 
4 
2 
4 
5 
3 
4 
2 
1 1051786812  
4 
2 
5 
1 107337598  
1 2020276117  
4 
2 
2 
5 
4 
1 930765726  
3 
5 
5 
5 
2 
6 
2 
3 
4 
1 1419202833  
3 
3 
5 
4 
5 
5 
2 
3 
5 
4 
5 
5 
5 
2 
3 
5 
5 
1 147967357  
3 
6 
4 
3 
1 2108134513  
3 
3 
2 
3 
3 
3 
2 
1 2057110747  
1 1564787805  
3 
1 1206795730  
6 
3 
1 825441318  
2 
1 807037197  
5 
2 
3 
4 
3 
2 
4 
1 310513216  
5 
4 
5 
1 709340868  
3 
2 
6 
4 
3 
3 
4 
4 
6 
3 
6 
5 
1 2113429745  
6 
2 
6 
4 
6 
5 
4 
5 
4 
2 
6 
3 
2 
2 
4 
4 
4 
3 
1 740062638  
1 627467729  
3 
6 
6 
5 
4 
2 
6 
1 2145578035  
3 
1 1669893302  
3 
2 
5 
5 
3 
3 
6 
5 
3 
5 
6 
5 
6 
1 24329099  
1 1123785083  
4 
3 
5 
5 
3 
6 
1 191966563  
5 
1 476000539  
4 
1 2035352652  
3 
4 
6 
5 
6 
3 
3 
1 1419268650  
1 1128426364  
1 406446302  
6 
5 
1 1257970603  
6 
6 
3 
4 
2 
6 
3 
3 
4 
5 
6 
5 
5 
4 
4 
6 
2 
3 
2 
5 
2 
3 
5 
3 
2 
4 
2 
1 978902589  
4 
2 
6 
4 
3 
4 
6 
3 
4 
1 393332997  
3 
1 925941629  
5 
1 2030689402  
5 
6 
6 
2 
6 
6 
1 500670595  
1 798734098  
1 813971480  
4 
6 
4 
3 
6 
4 
5 
2 
1 1919873428  
4 
1 946701455  
5 
2 
6 
3 
5 
2 
5 
4 
1 774622345  
6 
3 
6 
3 
6 
4 
6 
6 
6 
1 1829500528  
2 
4 
2 
1 364005612  
5 
2 
3 
5 
6 
3 
2 
3 
4 
5 
1 1981418075  
2 
4 
1 507458198  
2 
2 
5 
6 
2 
4 
2 
5 
5 
5 
2 
1 1171042809  
5 
1 144447644  
6 
6 
1 1216799066  
2 
2 
5 
5 
5 
5 
1 1136988906  
6 
4 
2 
2 
4 
5 
1 884510282  
2 
5 
4 
4 
6 
2 
2 
2 
2 
4 
6 
1 1844266796  
5 
3 
1 1135083294  
4 
1 406919936  
6 
3 
4 
2 
2 
6 
6 
3 
1 1868595895  
2 
6 
2 
3 
1 111384729  
6 
5 
4 
4 
2 
1 598886499  
5 
6 
1 197112786  
4 
4 
4 
6 
5 
4 
5 
6 
5 
1 2146737382  
4 
5 
4 
6 
6 
5 
2 
5 
6 
3 
5 
3 
5 
2 
3 
6 
1 2018155150  
4 
5 
2 
3 
2 
2 
5 
1 1325539151  
5 
5 
3 
3 
6 
3 
1 405700036  
2 
6 
1 1128642105  
1 156958092  
1 799033033  
4 
6 
5 
1 2054583735  
4 
3 
2 
1 40163846  
3 
4 
3 
6 
1 1299703628  
6 
1 705834185  
5 
1 854135327  
4 
5 
4 
5 
3 
3 
1 1072093408  
5 
5 
4 
4 
2 
5 
3 
6 
1 1652535641  
3 
2 
4 
5 
3 
1 1628757672  
2 
4 
4 
1 754110288  
4 
2 
2 
5 
1 2016541253  
1 1462692100  
1 1261568486  
5 
2 
1 1040100415  
1 1607139744  
4 
2 
3 
1 330883905  
3 
4 
2 
5 
4 
3 
2 
3 
1 29605673  
4 
3 
3 
3 
4 
4 
4 
2 
6 
5 
2 
1 344166378  
2 
6 
1 27667053  
1 1164688967  
2 
5 
2 
6 
3 
5 
1 751086314  
6 
6 
3 
2 
2 
6 
5 
6 
1 1896262948  
5 
3 
6 
3 
1 1276073697  
6 
4 
3 
5 
6 
2 
6 
5 
1 1349972814  
3 
6 
5 
5 
1 2093375734  
1 1275327431  
3 
6 
6 
6 
4 
1 1220644316  
4 
4 
4 
3 
2 
1 1271431237  
3 
3 
3 
6 
1 1681027467  
6 
2 
6 
4 
4 
5 
1 201802773  
5 
2 
3 
3 
3 
2 
6 
3 
3 
3 
1 1428389330  
1 332576852  
6 
5 
3 
6 
1 108902860  
6 
1 1468553176  
4 
3 
2 
4 
1 1632280480  
5 
6 
1 814737046  
2 
3 
1 175204855  
6 
5 
1 556890240  
1 319789039  
2 
3 
4 
1 1803962528  
6 
3 
6 
1 1311000529  
2 
6 
4 
2 
5 
6 
6 
2 
2 
4 
6 
2 
2 
4 
5 
2 
2 
1 188846644  
2 
1 1119170980  
6 
1 425085367  
4 
5 
1 1228947059  
3 
2 
1 578827076  
1 755969272  
5 
3 
2 
1 1258552733  
5 
1 922993454  
2 
1 783636325  
1 275758052  
5 
3 
6 
2 
2 
1 1674079768  
2 
4 
4 
3 
5 
2 
4 
1 532415625  
4 
2 
6 
5 
6 
2 
1 1551831749  
3 
2 
5 
6 
3 
5 
6 
5 
5 
1 876568934  
4 
5 
2 
5 
5 
5 
6 
5 
4 
5 
2 
5 
5 
2 
3 
3 
4 
1 478307712  
6 
2 
5 
2 
4 
5 
6 
2 
4 
4 
2 
1 679675532  
3 
3 
2 
1 2097213250  
5 
1 1749738949  
5 
1 213219351  
5 
6 
6 
1 151532376  
3 
5 
4 
5 
5 
4 
1 1030644631  
1 545796203  
5 
6 
1 260435236  
3 
6 
1 351714160  
1 30593035  
1 1075172282  
4 
3 
3 
5 
2 
6 
3 
2 
2 
4 
1 526919015  
1 587483276  
4 
6 
3 
1 1394961321  
1 183397895  
3 
5 
1 1898483805  
3 
4 
4 
2 
3 
1 1583807966  
1 1302568875  
1 176085524  
3 
3 
2 
4 
3 
5 
5 
2 
4 
5 
4 
1 665271377  
2 
1 1881395951  
5 
5 
4 
4 
5 
6 
4 
4 
6 
5 
3 
4 
5 
1 932054797  
1 1923824110  
4 
2 
2 
2 
2 
6 
2 
4 
2 
4 
5 
1 656905757  
4 
5 
3 
4 
5 
3 
2 
6 
4 
1 1715691122  
5 
1 52098515  
5 
3 
3 
1 183501878  
4 
1 100623100  
4 
6 
6 
6 
1 1603930264  
3 
2 
6 
2 
1 1060070812  
5 
4 
6 
3 
3 
1 578930812  
2 
6 
5 
5 
3 
2 
3 
5 
3 
2 
3 
6 
6 
3 
4 
2 
1 136122149  
6 
1 1009800415  
2 
6 
3 
2 
4 
4 
2 
3 
4 
1 181186113  
6 
6 
4 
3 
3 
5 
4 
4 
6 
2 
4 
5 
6 
2 
4 
6 
5 
1 349341500  
2 
4 
5 
4 
6 
6 
1 1161332791  
6 
1 1211830745  
5 
2 
5 
6 
6 
5 
1 895137704  
3 
3 
2 
4 
3 
3 
5 
2 
4 
4 
5 
1 1421768027  
5 
6 
5 
1 1563544905  
2 
4 
1 925730739  
6 
2 
5 
2 
2 
4 
6 
4 
3 
6 
4 
3 
2 
6 
3 
1 349456662  
4 
2 
2 
5 
4 
2 
2 
1 2090463920  
1 1513214015  
6 
5 
1 1744417983  
1 126378168  
1 1264214172  
3 
1 1180742301  
1 1428947043  
4 
1 1440299697  
1 1846013679  
5 
2 
3 
5 
4 
4 
4 
4 
2 
3 
5 
2 
4 
1 1162859347  
1 224870846  
5 
4 
6 
4 
1 1622354141  
3 
5 
3 
6 
6 
5 
3 
6 
2 
3 
6 
4 
1 1819765104  
5 
2 
1 1940561968  
2 
1 1674452656  
6 
1 2003266982  
3 
2 
1 2041185068  
1 1130899273  
4 
5 
5 
3 
2 
4 
6 
1 915854147  
4 
2 
2 
1 472632232  
1 1267021422  
6 
5 
2 
6 
6 
5 
1 1925654562  
2 
5 
1 653818346  
5 
3 
3 
2 
3 
3 
2 
2 
4 
6 
6 
6 
4 
3 
1 1616362922  
6 
5 
2 
2 
1 939503705  
3 
6 
2 
5 
2 
3 
3 
6 
5 
4 
2 
2 
4 
6 
2 
5 
5 
2 
5 
4 
4 
2 
6 
2 
3 
2 
2 
1 1865649091  
2 
4 
1 364016978  
5 
3 
6 
2 
3 
4 
4 
2 
5 
6 
6 
6 
1 213788084  
2 
5 
1 1281710348  
1 1289747718  
5 
6 
4 
6 
2 
3 
4 
2 
6 
1 563244746  
1 1224690620  
6 
3 
6 
6 
2 
2 
3 
5 
4 
5 
4 
1 655478085  
6 
6 
1 160179082  
6 
6 
5 
1 1351068788  
2 
6 
2 
1 1919692258  
3 
6 
4 
1 1340921383  
3 
1 632532184  
5 
6 
6 
1 1212508307  
5 
3 
6 
6 
2 
4 
6 
6 
6 
6 
6 
2 
6 
3 
2 
4 
6 
4 
1 1039451414  
6 
4 
3 
1 1795391531  
3 
1 1437379153  
5 
2 
1 514321908  
3 
2 
5 
2 
4 
2 
1 1467672987  
6 
1 1230457473  
3 
3 
6 
5 
5 
3 
4 
5 
1 41290916  
1 1323456322  
4 
3 
2 
5 
5 
4 
5 
3 
3 
1 1124158894  
5 
6 
4 
2 
3 
1 1172190189  
5 
6 
6 
3 
3 
2 
1 91826821  
1 1596791126  
2 
2 
2 
1 291727963  
4 
5 
6 
5 
3 
4 
2 
3 
2 
5 
2 
6 
2 
3 
4 
2 
6 
4 
6 
1 2017481383  
5 
4 
3 
5 
1 103125824  
2 
2 
4 
1 1908090886  
2 
4 
4 
2 
6 
3 
4 
4 
5 
3 
1 809501440  
1 1968774915  
6 
5 
5 
5 
4 
5 
4 
6 
5 
3 
4 
2 
5 
6 
1 124624216  
5 
1 1023289524  
1 1103001615  
2 
6 
3 
6 
1 1414371934  
1 1586534271  
1 180208588  
5 
1 2069850020  
4 
1 1746713353  
6 
3 
1 1531277376  
3 
6 
4 
3 
3 
3 
1 1842058630  
3 
2 
5 
4 
2 
6 
5 
1 940151088  
4 
5 
6 
5 
5 
5 
3 
1 16325912  
2 
4 
3 
6 
2 
1 907083289  
2 
6 
1 1979602503  
4 
5 
6 
5 
1 1811717443  
1 196978794  
4 
3 
1 346440763  
4 
4 
3 
3 
3 
2 
6 
2 
5 
3 
4 
1 1131906783  
6 
6 
5 
2 
4 
3 
6 
1 1427436267  
3 
2 
4 
3 
4 
6 
2 
3 
1 387731679  
6 
2 
1 307879457  
1 404111513  
6 
4 
5 
5 
2 
4 
5 
3 
6 
5 
2 
2 
1 1559921869  
2 
4 
5 
3 
2 
1 399706278  
5 
4 
2 
5 
1 2000902640  
4 
5 
6 
1 1851649832  
3 
2 
6 
1 269704013  
4 
3 
6 
3 
5 
6 
2 
5 
1 2104028464  
6 
5 
3 
5 
5 
5 
6 
4 
5 
4 
4 
1 1612257070  
2 
2 
5 
3 
1 1079205453  
1 1925319732  
1 1736881287  
5 
5 
3 
4 
6 
1 2102494977  
4 
2 
5 
1 880837699  
4 
4 
3 
5 
3 
3 
1 1003769573  
1 1541545600  
2 
4 
3 
6 
3 
5 
1 1061046287  
2 
1 926135945  
3 
3 
6 
1 1140775305  
2 
3 
6 
5 
4 
6 
6 
4 
6 
3 
2 
6 
5 
1 444840016  
6 
2 
5 
5 
6 
5 
3 
1 620710927  
3 
5 
5 
3 
2 
6 
2 
2 
5 
5 
2 
5 
3 
6 
1 2080926394  
4 
5 
2 
1 461165928  
5 
3 
5 
6 
2 
5 
2 
3 
4 
2 
5 
2 
5 
3 
2 
3 
3 
6 
1 1527794216  
1 1913045249  
4 
4 
2 
6 
3 
4 
4 
4 
3 
1 125399724  
2 
2 
6 
4 
3 
4 
1 1724773010  
4 
2 
6 
2 
1 112002364  
3 
3 
4 
3 
5 
6 
1 1257306507  
6 
2 
5 
2 
3 
2 
4 
3 
3 
3 
1 1004725630  
4 
5 
6 
5 
5 
5 
5 
4 
6 
6 
5 
3 
6 
6 
3 
4 
1 499734043  
2 
2 
5 
3 
1 1565185964  
6 
6 
6 
4 
4 
5 
1 1408837143  
2 
4 
4 
2 
2 
6 
6 
6 
6 
4 
4 
3 
5 
3 
2 
4 
4 
4 
3 
4 
3 
2 
2 
3 
3 
3 
5 
4 
3 
6 
5 
2 
4 
1 2059655912  
5 
5 
5 
1 1964892242  
6 
1 1262256135  
5 
4 
2 
4 
6 
4 
2 
3 
4 
3 
2 
2 
4 
5 
5 
6 
5 
3 
4 
6 
2 
2 
2 
5 
6 
3 
1 1763822097  
5 
3 
2 
3 
1 87112607  
1 1218800952  
1 1228595519  
3 
2 
1 1166318060  
4 
2 
2 
6 
1 996637036  
5 
4 
1 817993158  
3 
2 
5 
4 
6 
1 1121329389  
1 1877474735  
3 
1 1821762732  
4 
5 
6 
3 
2 
2 
3 
3 
2 
3 
3 
5 
4 
2 
5 
3 
5 
3 
2 
5 
4 
2 
3 
3 
5 
5 
5 
6 
2 
2 
1 515391342  
5 
3 
1 791037375  
1 600415029  
2 
5 
3 
2 
1 1656166647  
1 1235877391  
5 
2 
1 1221125957  
4 
2 
3 
2 
5 
4 
5 
3 
4 
6 
5 
3 
6 
3 
4 
6 
2 
4 
2 
6 
4 
4 
1 1589609393  
5 
4 
5 
5 
2 
3 
6 
6 
5 
6 
4 
1 1697043319  
5 
6 
1 601436525  
2 
4 
5 
6 
4 
3 
5 
3 
6 
2 
6 
2 
6 
3 
1 1355170994  
2 
1 1822443043  
1 178725888  
1 1467173358  
6 
4 
4 
5 
6 
5 
2 
4 
6 
1 932265902  
2 
2 
3 
5 
5 
5 
6 
3 
2 
4 
3 
1 1183451518  
2 
3 
4 
4 
4 
6 
1 1966907402  
3 
4 
2 
6 
1 349968218  
3 
5 
2 
5 
2 
5 
2 
1 444805013  
6 
3 
4 
2 
4 
6 
3 
3 
6 
3 
3 
1 1879079666  
1 167376812  
5 
1 1707061149  
4 
4 
4 
5 
6 
3 
2 
2 
3 
4 
1 1495418115  
4 
4 
2 
5 
1 254489419  
6 
6 
3 
5 
3 
3 
6 
1 778378453  
1 576529987  
3 
3 
6 
4 
1 1420807479  
2 
5 
1 1775015489  
4 
4 
3 
5 
1 1394523145  
5 
5 
2 
4 
4 
3 
1 394653221  
2 
4 
2 
3 
5 
6 
2 
3 
3 
3 
5 
4 
1 1505006576  
2 
2 
4 
2 
3 
1 1068802229  
6 
2 
5 
6 
2 
3 
4 
1 910044563  
5 
2 
3 
5 
1 148560303  
5 
5 
2 
4 
6 
6 
6 
3 
1 1669217259  
3 
3 
2 
2 
1 418727562  
5 
6 
2 
5 
5 
4 
2 
2 
4 
1 1384437694  
3 
3 
6 
2 
5 
4 
2 
2 
6 
2 
1 742859568  
6 
4 
6 
5 
5 
6 
6 
2 
1 2008336956  
6 
3 
5 
3 
3 
3 
6 
6 
6 
1 933997366  
1 1344296093  
5 
3 
1 1216024302  
3 
5 
5 
1 608956761  
1 1523021981  
4 
1 535714013  
6 
2 
6 
3 
1 1541222664  
5 
3 
5 
6 
5 
1 558989851  
2 
3 
1 355137767  
4 
6 
2 
3 
1 1891190882  
3 
6 
6 
4 
6 
5 
4 
1 1003794865  
3 
1 86733785  
5 
4 
1 2058567695  
6 
1 563372366  
6 
3 
4 
5 
1 1582151901  
4 
4 
6 
3 
2 
5 
1 165573466  
2 
5 
5 
3 
4 
2 
3 
2 
3 
3 
1 1341750819  
6 
4 
4 
3 
3 
5 
1 11198240  
2 
4 
1 1586380946  
5 
5 
6 
4 
5 
3 
1 969282660  
4 
5 
5 
2 
1 1405721385  
1 1981034167  
4 
2 
5 
2 
2 
6 
5 
6 
4 
1 326805588  
3 
2 
1 327039967  
5 
1 743595082  
5 
1 475365892  
5 
5 
4 
6 
2 
4 
2 
2 
5 
4 
6 
4 
6 
3 
6 
1 1996257226  
4 
1 1162322644  
3 
3 
3 
3 
3 
5 
3 
6 
4 
3 
5 
6 
2 
3 
6 
3 
4 
2 
1 1859803586  
3 
6 
6 
2 
4 
6 
4 
4 
4 
1 591633146  
6 
4 
1 1023175952  
4 
6 
1 646317304  
3 
1 1935929239  
2 
5 
5 
1 91716607  
2 
1 1255274066  
6 
3 
6 
3 
1 1311467573  
1 627430620  
1 649013082  
5 
5 
2 
6 
4 
2 
5 
1 1870457424  
6 
3 
1 982568387  
3 
1 392720316  
2 
4 
5 
6 
5 
3 
3 
5 
5 
5 
3 
1 726768641  
5 
5 
6 
2 
6 
5 
4 
2 
2 
6 
5 
4 
3 
1 1069302172  
2 
4 
2 
3 
5 
2 
6 
6 
1 303804363  
5 
2 
4 
6 
4 
4 
2 
5 
6 
5 
4 
2 
1 1290141007  
6 
4 
1 503970425  
3 
6 
5 
1 469377830  
5 
3 
3 
6 
3 
4 
1 484408178  
1 515168665  
1 2055758776  
5 
1 1453690838  
4 
3 
5 
3 
2 
5 
1 1920890051  
6 
2 
6 
3 
2 
5 
2 
6 
6 
1 1889309295  
5 
4 
6 
3 
4 
1 1780496427  
6 
6 
1 100446370  
4 
6 
6 
6 
4 
6 
2 
3 
6 
2 
3 
5 
3 
3 
6 
1 485420729  
4 
2 
3 
3 
3 
6 
3 
1 108378671  
2 
6 
3 
3 
2 
1 2096703596  
6 
4 
2 
1 1647743373  
2 
6 
2 
6 
4 
4 
2 
1 1968182257  
2 
4 
5 
6 
6 
2 
5 
3 
3 
4 
1 540853094  
1 523435678  
3 
5 
3 
1 467015914  
3 
3 
3 
5 
4 
6 
3 
4 
1 329298685  
5 
1 615152285  
4 
4 
6 
4 
5 
1 1722289980  
5 
2 
2 
1 1640766258  
6 
1 1242582905  
4 
6 
2 
5 
6 
3 
4 
5 
2 
3 
3 
3 
5 
4 
1 223819414  
4 
6 
3 
2 
3 
3 
2 
2 
5 
5 
5 
2 
6 
4 
2 
6 
6 
1 1363740035  
6 
5 
6 
2 
6 
4 
2 
3 
2 
1 77667644  
1 616539730  
1 2090508676  
1 1146969816  
6 
1 920344094  
2 
3 
4 
4 
3 
2 
1 1233166036  
6 
4 
6 
5 
3 
1 1650940242  
6 
1 1389721924  
2 
2 
5 
2 
3 
3 
5 
1 1717574214  
2 
6 
6 
2 
5 
4 
4 
6 
5 
6 
4 
3 
3 
6 
5 
6 
2 
2 
3 
3 
2 
5 
6 
3 
4 
3 
2 
1 18625259  
1 1297997052  
4 
3 
3 
3 
6 
2 
2 
4 
2 
4 
1 1023781405  
1 1939515310  
4 
5 
3 
1 1039822699  
1 656794184  
1 2039961680  
5 
1 1525243428  
6 
3 
3 
3 
1 765172855  
5 
1 1989181628  
3 
3 
1 1025503153  
1 585871464  
2 
1 382551074  
4 
4 
1 1548938831  
1 1052887378  
5 
3 
4 
3 
3 
5 
6 
1 711849760  
5 
3 
6 
6 
4 
3 
4 
6 
2 
1 16607468  
1 627693710  
5 
4 
3 
3 
4 
4 
4 
6 
1 205132370  
6 
2 
6 
3 
3 
6 
4 
6 
4 
6 
5 
4 
3 
3 
2 
2 
4 
4 
3 
1 1259190373  
6 
3 
2 
5 
5 
5 
2 
6 
4 
5 
2 
4 
3 
4 
2 
3 
3 
4 
3 
5 
5 
6 
6 
3 
2 
5 
1 851513124  
5 
2 
3 
2 
3 
6 
6 
5 
2 
3 
4 
5 
6 
2 
3 
1 1568872405  
5 
2 
5 
6 
2 
4 
6 
3 
4 
3 
1 1336858017  
3 
2 
3 
6 
1 1468052855  
5 
6 
5 
4 
2 
5 
1 1511897434  
2 
2 
1 336344186  
5 
6 
4 
1 240913301  
4 
2 
2 
5 
5 
5 
5 
1 597579822  
6 
4 
6 
2 
2 
1 1987284428  
1 1630635225  
6 
6 
4 
1 167670388  
6 
1 2005909687  
2 
1 781148629  
3 
1 1191451793  
3 
3 
1 1797941350  
4 
4 
6 
2 
6 
6 
2 
4 
6 
2 
3 
4 
5 
3 
1 1820971328  
2 
1 1848245977  
2 
5 
2 
4 
3 
1 1690419382  
6 
4 
5 
5 
6 
6 
5 
2 
2 
3 
5 
6 
6 
3 
3 
6 
2 
1 1198731108  
3 
4 
3 
4 
5 
3 
5 
1 465935184  
1 1532117363  
5 
2 
1 76750613  
1 1051806649  
4 
3 
6 
3 
6 
5 
2 
3 
2 
5 
3 
1 1914668437  
1 1625689445  
3 
3 
2 
1 2104694027  
4 
2 
1 479034549  
1 1642296913  
3 
5 
4 
3 
4 
3 
3 
4 
1 584904090  
2 
3 
3 
4 
6 
5 
6 
3 
4 
3 
4 
4 
6 
1 684166920  
1 754003639  
3 
3 
1 1436417214  
3 
3 
6 
4 
6 
5 
3 
4 
5 
2 
1 105555677  
1 2090861656  
1 756986421  
3 
3 
4 
4 
6 
2 
3 
2 
4 
1 1617453111  
2 
1 279722194  
1 997899722  
3 
1 67549285  
6 
6 
6 
2 
2 
6 
2 
1 119522974  
4 
1 481051299  
2 
6 
4 
2 
2 
1 235219674  
2 
6 
6 
3 
4 
2 
4 
2 
4 
4 
3 
2 
6 
1 2125432662  
2 
4 
2 
2 
3 
5 
3 
3 
5 
1 1262199928  
1 1426671467  
5 
1 1775890364  
3 
5 
4 
5 
6 
5 
2 
2 
6 
2 
5 
1 935687608  
5 
5 
1 1127433797  
1 1318826098  
5 
3 
1 2134418716  
4 
4 
1 1593368981  
6 
1 703459813  
3 
1 63685682  
4 
4 
3 
5 
3 
6 
3 
5 
6 
3 
3 
1 497691982  
4 
2 
6 
2 
5 
3 
4 
3 
6 
4 
1 470644603  
2 
2 
5 
5 
2 
6 
4 
2 
2 
5 
3 
6 
5 
2 
4 
3 
2 
4 
1 1689375127  
2 
5 
3 
4 
6 
2 
5 
6 
1 454902362  
3 
5 
5 
1 949679152  
4 
2 
5 
3 
5 
6 
4 
3 
3 
2 
5 
3 
4 
4 
4 
4 
3 
5 
5 
1 1184188392  
3 
6 
1 1039806452  
5 
4 
2 
4 
6 
3 
3 
1 1633846072  
3 
1 1938192031  
6 
5 
3 
2 
4 
2 
2 
4 
6 
4 
1 328740018  
2 
4 
3 
4 
2 
6 
3 
2 
2 
4 
2 
3 
2 
6 
3 
3 
3 
2 
1 1739401750  
3 
5 
1 1881570040  
6 
5 
4 
6 
3 
5 
3 
6 
5 
4 
1 1085726440  
4 
2 
6 
5 
5 
3 
6 
3 
3 
4 
6 
3 
2 
3 
5 
5 
5 
3 
6 
3 
3 
4 
6 
6 
3 
1 1209371213  
4 
2 
2 
1 13808586  
5 
5 
2 
6 
2 
1 2083626162  
6 
6 
4 
1 1276920499  
2 
6 
2 
1 133331561  
5 
4 
6 
6 
2 
1 417193814  
1 1512140173  
5 
5 
4 
2 
6 
2 
3 
3 
3 
3 
3 
3 
3 
2 
1 111280575  
3 
4 
5 
1 1679393742  
3 
6 
2 
3 
3 
1 791327992  
2 
6 
2 
4 
3 
3 
4 
2 
3 
3 
3 
1 1887170939  
1 467597703  
1 1918761789  
2 
4 
3 
3 
2 
2 
2 
5 
6 
3 
5 
3 
6 
6 
4 
2 
6 
2 
1 1058513389  
4 
3 
2 
3 
4 
2 
3 
2 
1 454532771  
3 
3 
1 1364647123  
2 
3 
6 
1 1761973203  
2 
3 
2 
2 
1 518218453  
3 
4 
2 
4 
3 
2 
6 
1 1862339105  
3 
3 
2 
1 85134158  
3 
6 
1 60109932  
3 
3 
1 169757819  
4 
4 
6 
5 
3 
1 1034813310  
6 
3 
4 
4 
1 1244298325  
2 
4 
6 
6 
4 
6 
1 1209564271  
1 521175735  
2 
6 
3 
3 
6 
6 
3 
5 
2 
3 
6 
1 1035006708  
1 1538304290  
4 
5 
2 
1 113093837  
1 769093100  
3 
5 
1 476547082  
5 
6 
4 
3 
2 
2 
3 
3 
2 
4 
4 
1 1322465050  
6 
3 
2 
4 
4 
6 
5 
3 
2 
3 
2 
1 782901687  
6 
6 
4 
3 
2 
2 
1 412689596  
1 451901901  
2 
5 
6 
1 916233248  
4 
1 829883410  
4 
2 
5 
2 
6 
3 
3 
4 
2 
6 
6 
6 
4 
3 
4 
5 
2 
2 
1 1964042074  
3 
5 
6 
1 1027513823  
2 
5 
1 361793505  
3 
6 
1 607886419  
6 
2 
3 
2 
5 
5 
6 
5 
4 
1 767201114  
4 
1 829391208  
4 
2 
6 
6 
5 
3 
1 379164560  
3 
6 
4 
4 
6 
6 
5 
2 
2 
5 
2 
6 
1 1825714503  
6 
4 
4 
6 
3 
2 
3 
5 
3 
6 
5 
3 
2 
2 
5 
2 
5 
2 
2 
5 
2 
1 1283923979  
4 
4 
1 1743811683  
5 
6 
2 
3 
2 
6 
1 1440204058  
6 
1 1802142433  
1 1458667141  
4 
4 
2 
1 1525338216  
2 
4 
5 
5 
4 
4 
2 
2 
4 
3 
4 
3 
3 
1 1862252365  
4 
5 
4 
3 
4 
1 1628424960  
1 412667879  
3 
6 
5 
5 
2 
1 959067042  
2 
1 690505584  
5 
5 
3 
2 
2 
2 
5 
5 
5 
4 
5 
2 
5 
3 
5 
1 933843614  
1 1994073751  
2 
1 81326226  
2 
2 
2 
2 
5 
5 
2 
1 1046937451  
1 615683203  
3 
6 
4 
5 
4 
5 
6 
4 
1 557873308  
3 
1 221918853  
2 
2 
6 
3 
6 
4 
2 
2 
3 
4 
4 
6 
2 
2 
2 
5 
5 
5 
5 
6 
3 
6 
2 
6 
3 
4 
4 
6 
4 
4 
3 
2 
3 
1 1398584890  
3 
5 
1 970562904  
4 
4 
6 
2 
3 
2 
4 
1 673820755  
2 
2 
2 
2 
5 
4 
6 
3 
3 
4 
2 
6 
4 
6 
2 
6 
3 
2 
4 
4 
6 
1 167334490  
6 
2 
6 
4 
4 
1 1800446315  
1 490379181  
4 
4 
5 
2 
3 
3 
1 1194848313  
6 
1 14756172  
4 
6 
3 
2 
3 
1 1098265600  
5 
2 
6 
5 
4 
3 
3 
2 
2 
4 
1 1962049427  
1 844147380  
2 
1 1477430161  
1 1640280283  
6 
4 
2 
1 2128071359  
1 1073758196  
4 
1 933000693  
1 1782730144  
6 
1 384941689  
3 
3 
6 
3 
1 310855262  
2 
1 1497498862  
2 
4 
6 
2 
3 
6 
4 
6 
4 
2 
3 
6 
6 
1 2013366650  
1 723523141  
3 
6 
6 
3 
6 
6 
2 
4 
1 309082256  
6 
4 
1 556388586  
3 
5 
6 
4 
6 
4 
4 
5 
4 
2 
3 
6 
2 
5 
6 
5 
2 
1 1657366755  
2 
6 
2 
2 
3 
4 
5 
5 
1 155672359  
3 
1 637714812  
5 
5 
4 
3 
6 
4 
6 
4 
2 
5 
5 
3 
3 
1 556820558  
5 
4 
2 
5 
5 
6 
5 
1 771355563  
6 
1 1195588120  
1 778739411  
4 
2 
1 22456805  
2 
2 
4 
2 
6 
4 
2 
4 
2 
6 
2 
2 
2 
2 
3 
2 
3 
2 
4 
6 
5 
3 
4 
1 18667376  
3 
6 
2 
2 
6 
6 
5 
1 1452560166  
1 189791296  
2 
4 
6 
4 
4 
4 
3 
2 
4 
4 
3 
5 
4 
6 
5 
3 
5 
4 
2 
3 
2 
6 
1 1819113691  
1 1942939348  
6 
2 
4 
6 
1 1384639609  
2 
2 
2 
5 
2 
3 
1 1833869863  
2 
2 
4 
1 893721300  
6 
4 
1 1199205389  
6 
2 
2 
5 
2 
2 
2 
1 530533595  
3 
1 223667813  
5 
3 
4 
2 
5 
3 
2 
6 
5 
4 
2 
2 
6 
3 
1 692002024  
1 511121307  
3 
3 
4 
6 
3 
6 
3 
5 
5 
2 
2 
5 
6 
2 
3 
5 
6 
1 1297426010  
6 
2 
3 
2 
3 
2 
2 
5 
6 
2 
2 
4 
6 
2 
1 1625002717  
6 
3 
1 146367803  
5 
5 
2 
2 
2 
5 
6 
2 
4 
2 
2 
2 
6 
2 
2 
6 
2 
4 
2 
5 
2 
1 1682367699  
3 
1 1935857979  
2 
4 
3 
1 1643866665  
5 
3 
2 
6 
3 
1 1548250701  
5 
6 
6 
2 
1 511897472  
4 
2 
3 
3 
5 
6 
3 
6 
6 
3 
2 
5 
1 1952948922  
5 
3 
4 
1 2104639287  
6 
1 21780579  
4 
1 2108621281  
2 
3 
2 
1 594870451  
4 
6 
1 578601137  
4 
5 
3 
3 
1 732493196  
4 
3 
4 
6 
2 
3 
3 
4 
2 
4 
5 
6 
3 
3 
2 
2 
4 
1 1790458571  
2 
3 
6 
2 
4 
1 1357340549  
3 
2 
2 
1 754950002  
6 
4 
1 1809125948  
6 
1 662417067  
6 
4 
6 
2 
3 
1 944741298  
6 
2 
4 
5 
3 
6 
6 
3 
5 
6 
1 1480755991  
2 
3 
1 457872767  
1 181897259  
4 
6 
3 
2 
1 1167142207  
4 
1 1351594068  
2 
6 
6 
3 
1 1381102648  
1 1697675802  
1 1575261881  
5 
5 
6 
1 2073104672  
3 
5 
5 
2 
1 61313461  
6 
4 
1 725204243  
4 
3 
1 1550623742  
6 
2 
4 
3 
2 
5 
4 
3 
1 207681265  
2 
2 
5 
2 
4 
6 
4 
4 
5 
6 
5 
2 
2 
3 
2 
6 
4 
1 260088295  
4 
1 1338998073  
6 
4 
4 
2 
2 
2 
5 
2 
5 
6 
3 
6 
2 
3 
4 
5 
3 
4 
6 
4 
1 1851547930  
2 
6 
5 
6 
2 
5 
5 
4 
3 
3 
6 
5 
1 1808338996  
6 
6 
2 
3 
6 
3 
5 
4 
5 
6 
4 
4 
4 
4 
4 
2 
1 1850895546  
3 
6 
6 
5 
4 
5 
1 1657013204  
5 
1 1765494636  
2 
4 
2 
2 
6 
2 
4 
6 
4 
2 
6 
1 1872676125  
6 
1 1618150838  
1 212881439  
3 
6 
3 
6 
4 
3 
5 
6 
1 303793615  
1 203160386  
6 
4 
3 
2 
5 
6 
4 
6 
5 
2 
4 
2 
4 
6 
3 
1 2003340011  
3 
1 1661134164  
2 
6 
1 958110388  
6 
2 
4 
5 
2 
2 
6 
6 
3 
2 
1 1664982311  
5 
3 
1 176067583  
3 
4 
1 1902851686  
2 
2 
4 
2 
3 
5 
3 
2 
6 
1 998254654  
3 
6 
2 
2 
3 
2 
5 
4 
2 
1 633940351  
6 
6 
3 
4 
2 
2 
6 
2 
2 
1 2084748946  
3 
2 
2 
1 17913213  
3 
2 
2 
2 
4 
1 1985534419  
3 
3 
6 
5 
6 
4 
2 
2 
2 
6 
4 
1 1318367946  
4 
5 
3 
3 
6 
3 
4 
5 
2 
1 1715589016  
2 
1 1413312652  
1 1243988971  
5 
2 
2 
6 
2 
5 
2 
5 
2 
4 
2 
3 
1 1776902477  
1 2138516896  
3 
4 
3 
2 
6 
3 
4 
5 
5 
6 
4 
4 
4 
5 
6 
1 647129065  
1 1984583742  
6 
1 251121543  
4 
3 
5 
1 1986127138  
5 
1 1688648025  
2 
3 
2 
3 
3 
4 
4 
3 
3 
1 2059460539  
2 
2 
2 
1 1689539036  
6 
5 
5 
3 
2 
4 
4 
1 1198177581  
4 
6 
1 1677471527  
1 1414731514  
1 668844771  
5 
3 
4 
1 1890352967  
5 
6 
3 
5 
3 
2 
6 
3 
5 
2 
4 
1 1718525129  
3 
6 
1 872005158  
3 
3 
2 
6 
6 
5 
3 
3 
2 
4 
2 
2 
5 
6 
5 
2 
2 
6 
5 
3 
1 1746209330  
3 
6 
5 
4 
6 
3 
3 
4 
3 
2 
4 
2 
5 
5 
3 
2 
3 
1 1232175645  
5 
3 
4 
1 1830115546  
5 
4 
4 
6 
1 1263707993  
5 
2 
2 
5 
3 
5 
6 
4 
4 
1 1408243228  
4 
5 
6 
6 
4 
3 
3 
1 1585483585  
4 
3 
6 
1 114478999  
5 
6 
2 
3 
3 
3 
5 
6 
4 
5 
2 
2 
4 
4 
6 
2 
1 2042183579  
6 
3 
2 
3 
6 
5 
5 
1 1522748883  
3 
3 
4 
6 
5 
6 
4 
1 132392213  
4 
2 
3 
4 
3 
3 
1 1880234350  
1 693633181  
3 
2 
2 
3 
5 
6 
2 
5 
2 
4 
6 
3 
4 
5 
5 
2 
3 
1 1847981229  
3 
3 
5 
5 
5 
5 
5 
2 
3 
4 
1 1146063355  
5 
4 
3 
5 
3 
3 
2 
4 
6 
3 
4 
2 
4 
6 
1 1937622152  
4 
1 1477400058  
4 
5 
1 1137096603  
3 
2 
4 
2 
6 
2 
6 
5 
1 437267569  
6 
3 
6 
5 
2 
5 
3 
1 1314500153  
1 1388218146  
6 
2 
5 
1 275911060  
4 
4 
3 
1 855664530  
2 
3 
3 
2 
1 1300195037  
3 
4 
2 
2 
2 
5 
1 1965450096  
3 
5 
5 
5 
1 2053842111  
6 
4 
4 
6 
3 
6 
6 
1 830182917  
4 
1 1232697962  
6 
3 
2 
1 575203235  
3 
3 
4 
6 
5 
1 573052236  
6 
1 803739443  
3 
2 
2 
4 
5 
5 
1 1447208393  
6 
2 
5 
6 
2 
1 171777918  
1 2035915088  
1 1129840291  
1 1435485911  
1 1296674669  
5 
4 
2 
1 567840228  
5 
6 
2 
3 
3 
6 
5 
1 1549964910  
3 
5 
5 
1 1191374600  
5 
2 
4 
4 
4 
1 2090589111  
1 1682357123  
1 924125303  
3 
1 636738645  
5 
1 1382854704  
1 2070188658  
1 426877149  
3 
2 
2 
2 
6 
2 
2 
5 
5 
3 
3 
5 
6 
6 
6 
6 
1 712771115  
3 
5 
1 1059801613  
6 
4 
5 
6 
3 
4 
2 
1 864144719  
1 2027271268  
6 
1 300536111  
4 
1 1140055779  
5 
6 
1 735452150  
1 1600731148  
1 958022227  
3 
1 641810613  
6 
4 
2 
5 
2 
4 
1 283430417  
3 
2 
4 
1 43236542  
2 
2 
5 
3 
6 
6 
5 
5 
3 
3 
1 1217013848  
5 
4 
4 
3 
5 
3 
1 856482653  
3 
3 
3 
2 
1 846975985  
3 
6 
6 
5 
5 
4 
6 
6 
3 
6 
6 
4 
1 516738593  
1 1028260571  
5 
1 735407426  
1 1646578885  
3 
3 
2 
1 316262834  
4 
1 2032082095  
3 
5 
4 
1 66935465  
2 
6 
1 1866227745  
1 1075973047  
6 
3 
3 
6 
4 
6 
6 
1 10040929  
2 
5 
1 1401101220  
6 
1 2000098350  
2 
3 
5 
4 
4 
6 
4 
1 646779574  
2 
6 
1 636472277  
1 1922803360  
5 
3 
5 
5 
2 
3 
3 
3 
5 
3 
1 1073656723  
6 
4 
1 1349243392  
5 
4 
2 
4 
2 
2 
3 
3 
5 
6 
3 
1 835121325  
5 
4 
6 
3 
2 
1 1937801442  
3 
2 
5 
2 
6 
5 
5 
3 
6 
4 
3 
6 
1 1229031012  
3 
3 
3 
5 
3 
1 1135657436  
6 
4 
5 
2 
6 
3 
3 
3 
2 
4 
5 
2 
1 930373573  
5 
2 
6 
6 
2 
6 
3 
6 
5 
3 
1 1964483162  
1 588904937  
5 
1 1888395801  
4 
1 458810127  
5 
5 
3 
2 
5 
3 
1 872335354  
5 
6 
4 
6 
1 1931632343  
5 
2 
4 
3 
5 
2 
1 1675823976  
1 1728818008  
5 
1 631124680  
1 45078921  
3 
3 
4 
6 
4 
6 
3 
1 609594931  
4 
1 1366532106  
1 1691657806  
2 
5 
3 
4 
6 
4 
1 925857766  
4 
4 
5 
1 1251130553  
4 
1 1758593272  
2 
3 
2 
3 
2 
2 
3 
4 
5 
5 
2 
1 644601863  
3 
2 
1 179619953  
5 
3 
1 1768634201  
3 
5 
4 
6 
5 
6 
4 
3 
2 
1 2045703083  
5 
1 32234655  
5 
4 
6 
6 
4 
2 
5 
3 
1 267930127  
4 
6 
4 
4 
3 
1 534691712  
1 1955038016  
3 
6 
3 
4 
4 
6 
2 
2 
1 1341586850  
5 
2 
1 1883935104  
5 
4 
5 
5 
4 
3 
1 642675693  
5 
2 
6 
4 
4 
1 1131904645  
4 
2 
4 
3 
2 
2 
1 965482468  
2 
5 
2 
2 
2 
2 
2 
5 
4 
5 
2 
6 
1 1778333130  
4 
5 
3 
1 2062278218  
6 
1 782481982  
5 
2 
5 
6 
4 
4 
5 
5 
5 
3 
4 
2 
3 
2 
3 
1 219754419  
3 
5 
4 
2 
6 
3 
2 
6 
2 
1 1803190371  
4 
1 1241292110  
4 
4 
2 
6 
2 
4 
6 
3 
4 
1 1092089773  
1 1587339066  
6 
1 769632438  
3 
3 
5 
1 673424133  
4 
3 
4 
3 
3 
1 70980099  
3 
2 
1 814711359  
5 
1 1283019065  
3 
3 
5 
3 
2 
3 
6 
1 1437512205  
4 
2 
3 
1 358885518  
2 
1 61393183  
1 541159111  
3 
6 
4 
1 2117478790  
3 
4 
6 
5 
4 
3 
2 
5 
3 
6 
1 705995046  
3 
5 
2 
1 720779064  
1 1738629343  
3 
1 604214481  
5 
3 
6 
4 
3 
5 
2 
5 
2 
6 
1 753013719  
5 
1 2006559470  
3 
5 
4 
5 
2 
3 
5 
6 
6 
2 
4 
2 
6 
1 1138906194  
3 
5 
3 
3 
4 
2 
5 
3 
4 
5 
6 
6 
4 
4 
1 560568087  
1 1200662672  
6 
1 875357650  
5 
1 1203243781  
3 
2 
2 
4 
6 
1 185083669  
5 
3 
3 
5 
3 
4 
5 
3 
4 
2 
3 
4 
4 
1 1840840119  
3 
1 834093263  
1 99878240  
5 
5 
6 
3 
4 
4 
1 475838453  
4 
1 1053847682  
5 
2 
2 
1 1903068611  
5 
2 
5 
2 
4 
1 1717130563  
5 
4 
1 2145937455  
4 
3 
1 1342924030  
5 
6 
1 339279353  
4 
5 
1 671877941  
4 
2 
2 
2 
4 
3 
5 
2 
1 1413904129  
6 
5 
1 1153990713  
2 
6 
2 
1 1954897006  
5 
4 
3 
6 
4 
1 703932686  
6 
1 1512876231  
5 
2 
6 
2 
4 
2 
4 
1 2016290189  
6 
5 
4 
1 1245091797  
4 
3 
6 
2 
3 
3 
1 1482871373  
2 
6 
5 
1 574801587  
2 
4 
3 
5 
6 
1 1965870861  
4 
5 
1 1074017068  
2 
1 1179016068  
4 
6 
4 
1 571400933  
4 
5 
1 933092890  
6 
6 
2 
5 
4 
4 
6 
5 
5 
2 
1 170438614  
2 
3 
4 
6 
2 
1 1131969020  
4 
1 2133755562  
3 
3 
1 1045796265  
3 
1 187729153  
3 
4 
4 
2 
6 
6 
5 
1 171355584  
5 
4 
3 
4 
4 
6 
4 
3 
1 739152736  
6 
2 
2 
4 
4 
4 
5 
6 
3 
6 
3 
5 
2 
2 
6 
1 1021822416  
1 271233824  
2 
5 
2 
1 1214991189  
2 
5 
6 
4 
5 
1 2075670098  
3 
5 
5 
2 
2 
1 26818787  
5 
4 
3 
4 
1 784638105  
6 
6 
2 
6 
5 
4 
1 2074123906  
3 
5 
4 
4 
6 
3 
2 
3 
5 
5 
2 
4 
6 
3 
2 
2 
4 
4 
2 
2 
4 
1 1369742817  
2 
6 
6 
3 
2 
1 1123917458  
3 
1 598518199  
2 
2 
1 636163298  
1 130424523  
4 
1 405931557  
5 
5 
2 
5 
2 
5 
3 
2 
4 
5 
2 
1 1340095985  
4 
1 1643300754  
6 
6 
5 
5 
6 
4 
1 274738098  
3 
1 437704134  
6 
4 
6 
6 
5 
4 
2 
1 978688479  
2 
1 849539685  
3 
3 
4 
3 
6 
2 
3 
6 
1 256091348  
2 
4 
2 
6 
6 
2 
2 
3 
1 2052705547  
5 
3 
5 
1 2028555753  
4 
3 
5 
4 
5 
3 
5 
6 
3 
2 
5 
3 
4 
6 
3 
3 
3 
4 
5 
1 827492281  
2 
2 
3 
3 
3 
4 
5 
3 
5 
3 
6 
6 
3 
6 
4 
2 
4 
2 
3 
1 838314789  
1 51510720  
2 
5 
1 1959461301  
3 
4 
1 824586704  
4 
3 
1 1097306985  
3 
1 2147190455  
1 995942288  
6 
1 1836459721  
2 
3 
6 
2 
3 
4 
4 
3 
5 
3 
2 
2 
3 
2 
2 
5 
1 1021529223  
3 
1 1267176112  
5 
5 
1 903967262  
1 949715674  
4 
5 
4 
2 
3 
4 
6 
1 1293994899  
1 1688605367  
2 
1 876355932  
1 516254069  
5 
4 
6 
5 
1 665039178  
4 
3 
1 1474874131  
2 
6 
1 1152417367  
5 
6 
4 
4 
2 
4 
2 
5 
5 
3 
5 
4 
6 
1 795463701  
4 
4 
4 
1 1880805688  
6 
3 
5 
2 
4 
2 
6 
2 
3 
3 
4 
5 
2 
6 
1 345029704  
4 
4 
3 
3 
5 
1 291280808  
2 
4 
4 
3 
6 
3 
3 
3 
4 
5 
6 
6 
6 
4 
5 
6 
6 
6 
1 8060138  
2 
6 
6 
6 
1 782733839  
2 
3 
3 
5 
2 
1 1269969287  
5 
5 
2 
3 
6 
6 
3 
6 
6 
1 857599823  
6 
2 
1 1038825187  
6 
4 
2 
6 
5 
3 
6 
3 
5 
2 
2 
4 
1 1175191187  
1 738671928  
1 1866317468  
4 
3 
6 
2 
1 2013505976  
4 
4 
6 
1 790182648  
4 
6 
2 
4 
4 
2 
5 
5 
2 
1 1678295121  
2 
5 
5 
6 
6 
5 
4 
1 690609032  
6 
1 1887489633  
1 1678001928  
6 
5 
1 1686551320  
5 
1 1576465706  
6 
6 
4 
4 
6 
5 
5 
2 
3 
1 552047504  
4 
3 
2 
3 
5 
4 
1 806243784  
5 
6 
1 332949321  
1 1501763178  
4 
5 
4 
6 
6 
5 
5 
1 2100238684  
6 
2 
5 
1 2021554688  
3 
5 
6 
2 
2 
5 
1 230635462  
4 
4 
6 
1 469009105  
2 
1 539110218  
3 
1 1705509593  
6 
3 
1 1621426472  
3 
6 
3 
2 
5 
6 
6 
5 
4 
3 
4 
3 
3 
4 
5 
3 
6 
1 1334573920  
2 
3 
1 1438831633  
1 1966456177  
6 
2 
2 
4 
6 
2 
3 
3 
4 
5 
4 
4 
1 1625854728  
5 
5 
2 
6 
4 
5 
2 
3 
3 
3 
3 
5 
5 
3 
4 
3 
6 
2 
1 1446891771  
3 
2 
4 
4 
3 
6 
1 601706368  
1 748340367  
5 
1 157007946  
2 
1 1640531555  
2 
6 
6 
6 
5 
1 1923531554  
3 
4 
4 
5 
2 
1 895679874  
4 
1 1359365375  
5 
5 
4 
6 
3 
1 1789553883  
4 
4 
1 1685862523  
4 
3 
2 
5 
3 
5 
1 890176848  
1 332679267  
3 
2 
3 
3 
3 
2 
2 
2 
6 
2 
4 
1 1425868508  
3 
4 
3 
2 
1 420695129  
2 
2 
1 2019230588  
6 
4 
5 
2 
6 
2 
6 
1 854850567  
5 
1 972742633  
4 
5 
4 
6 
5 
2 
5 
5 
4 
1 677990724  
3 
1 1187799888  
2 
2 
2 
1 327022163  
1 630745760  
3 
5 
3 
4 
1 1061870928  
3 
6 
4 
3 
6 
2 
1 557657625  
2 
6 
1 1099754865  
5 
5 
6 
2 
1 1600981147  
6 
1 115683570  
1 573697690  
6 
1 788071419  
6 
4 
6 
4 
1 1554515203  
1 392670219  
4 
5 
6 
6 
6 
5 
4 
2 
5 
5 
5 
2 
4 
5 
2 
4 
3 
5 
1 266442499  
5 
6 
3 
6 
5 
1 853923326  
2 
1 994376587  
6 
3 
6 
4 
6 
4 
3 
2 
2 
4 
6 
6 
6 
1 1014782866  
2 
6 
3 
4 
6 
2 
2 
4 
6 
2 
5 
3 
2 
3 
2 
5 
1 1010931272  
2 
2 
5 
6 
2 
2 
2 
1 487424494  
3 
3 
5 
1 790830773  
4 
4 
3 
3 
3 
1 1906611146  
4 
5 
6 
4 
4 
5 
5 
1 1846789869  
2 
2 
2 
5 
6 
1 432901008  
6 
4 
4 
4 
3 
1 1444990021  
3 
5 
3 
1 589483069  
5 
3 
4 
2 
2 
4 
6 
2 
4 
2 
2 
4 
2 
4 
1 765580275  
5 
3 
6 
6 
6 
5 
2 
2 
5 
5 
1 723374882  
3 
4 
5 
5 
5 
6 
5 
1 1010178198  
4 
3 
2 
6 
2 
4 
5 
3 
3 
6 
5 
6 
3 
3 
5 
6 
1 637327215  
5 
5 
6 
6 
3 
1 1578225449  
6 
2 
5 
3 
3 
1 1982920831  
3 
2 
5 
6 
3 
3 
3 
4 
3 
3 
3 
6 
1 1315317940  
6 
5 
5 
1 618541689  
4 
5 
5 
1 162459346  
2 
2 
5 
3 
3 
5 
2 
2 
4 
6 
3 
5 
1 1946063700  
6 
1 1680412617  
5 
1 720116971  
4 
4 
6 
6 
4 
5 
6 
6 
3 
1 898334918  
1 1133910116  
1 835800541  
1 1472032608  
5 
1 1921981535  
3 
3 
2 
3 
2 
6 
3 
4 
6 
4 
5 
3 
5 
3 
6 
1 242832096  
6 
6 
5 
1 1864702827  
6 
3 
3 
2 
6 
1 40940386  
2 
6 
3 
3 
1 1096755422  
6 
4 
5 
1 711595766  
6 
3 
3 
4 
2 
4 
5 
2 
2 
1 1055723253  
5 
3 
3 
5 
5 
2 
1 2107686694  
1 1199020260  
4 
2 
6 
6 
4 
5 
2 
2 
5 
4 
3 
5 
2 
5 
3 
6 
6 
2 
1 1846554026  
2 
2 
3 
2 
2 
6 
1 1866814193  
1 898326481  
1 131971386  
5 
2 
6 
4 
2 
1 1164320566  
1 1487809550  
1 897551661  
6 
5 
5 
1 1887695448  
5 
5 
5 
1 350504101  
1 1534878877  
6 
3 
1 1318437249  
4 
5 
2 
2 
1 185941284  
1 702713169  
3 
4 
5 
3 
1 1936978938  
4 
6 
6 
1 348400631  
1 501293221  
5 
2 
3 
3 
1 1469907908  
4 
4 
1 1068517602  
3 
5 
4 
6 
6 
2 
5 
4 
3 
4 
1 1399628139  
4 
6 
1 456334376  
1 1904318144  
6 
4 
1 724177099  
1 230832264  
6 
6 
2 
1 2147150240  
4 
4 
5 
1 441396278  
3 
3 
2 
2 
2 
6 
4 
4 
3 
5 
2 
6 
4 
4 
6 
5 
4 
1 271772650  
5 
1 1096422015  
5 
6 
6 
5 
5 
1 1152992044  
4 
3 
1 1327495903  
2 
3 
5 
1 1056625061  
2 
4 
3 
6 
5 
5 
4 
3 
5 
6 
6 
3 
5 
1 204528656  
5 
3 
6 
3 
3 
3 
1 1026566281  
4 
1 775955606  
4 
6 
4 
1 1102855137  
5 
5 
5 
5 
3 
1 1158537667  
1 1940276173  
4 
1 443181040  
4 
6 
3 
6 
4 
1 2056089329  
4 
4 
3 
2 
4 
3 
6 
3 
1 1680487973  
4 
6 
1 793685141  
2 
6 
6 
6 
2 
4 
1 1443484558  
3 
1 851441575  
2 
5 
3 
4 
1 979626425  
2 
5 
2 
2 
4 
6 
6 
2 
2 
4 
4 
2 
2 
5 
6 
6 
2 
5 
4 
2 
1 2146197727  
4 
5 
6 
2 
2 
4 
3 
6 
4 
2 
5 
6 
4 
6 
6 
2 
2 
1 640936865  
4 
3 
6 
2 
4 
3 
3 
5 
4 
1 1328027056  
2 
3 
2 
1 500007300  
4 
6 
2 
5 
1 2110844773  
1 249061011  
3 
3 
6 
2 
6 
1 1899635440  
5 
5 
6 
2 
5 
5 
1 419695502  
6 
5 
1 5895507  
4 
2 
2 
1 476328891  
3 
2 
2 
1 650527766  
5 
3 
6 
1 5562099  
1 917725170  
6 
5 
3 
2 
1 922300416  
1 1101984114  
2 
6 
4 
2 
6 
5 
2 
5 
5 
6 
6 
2 
5 
1 2070717214  
3 
2 
6 
1 102312672  
5 
1 11125528  
6 
4 
3 
6 
3 
6 
2 
6 
3 
1 127762223  
2 
1 1128878953  
1 787081134  
4 
2 
5 
4 
5 
6 
1 1230617360  
3 
4 
5 
3 
3 
3 
2 
2 
5 
3 
5 
6 
5 
3 
3 
2 
1 139932973  
4 
6 
3 
1 579873659  
5 
6 
4 
5 
2 
2 
2 
5 
3 
3 
3 
2 
5 
4 
3 
2 
3 
4 
3 
5 
1 1673798400  
1 48538654  
2 
1 112877985  
5 
3 
5 
4 
5 
4 
5 
5 
5 
4 
1 319999893  
1 1492023212  
2 
2 
1 964319560  
4 
5 
3 
3 
1 1299626319  
6 
4 
2 
2 
3 
4 
2 
2 
4 
6 
3 
4 
6 
2 
1 1490737291  
3 
3 
2 
4 
4 
6 
4 
2 
1 1605256425  
4 
1 480169727  
1 1990744591  
1 1568617551  
3 
6 
4 
6 
3 
3 
3 
5 
1 729230738  
4 
3 
1 1742896383  
2 
5 
1 1988313053  
2 
6 
1 735126245  
3 
1 71741627  
6 
3 
6 
5 
1 491357171  
1 740688345  
5 
1 989466797  
3 
2 
2 
4 
4 
4 
1 1413657587  
4 
4 
5 
2 
4 
2 
2 
1 1842672459  
1 912700363  
2 
6 
1 1515970259  
5 
6 
4 
4 
1 1853797987  
5 
4 
2 
5 
1 1040462586  
2 
5 
4 
2 
1 497365565  
5 
6 
6 
5 
4 
3 
2 
5 
5 
5 
6 
2 
6 
3 
1 493395474  
5 
4 
3 
3 
6 
5 
4 
3 
4 
5 
1 123596299  
4 
5 
1 637298538  
6 
4 
5 
6 
2 
2 
6 
6 
6 
6 
4 
6 
5 
1 1073269133  
2 
1 1797394699  
1 685837192  
4 
6 
3 
3 
4 
2 
6 
3 
5 
6 
6 
2 
5 
6 
2 
4 
5 
5 
2 
4 
6 
3 
6 
2 
3 
1 1186147118  
4 
6 
1 2117394593  
1 30376756  
2 
2 
2 
2 
3 
2 
6 
5 
5 
4 
5 
1 2983030  
4 
2 
3 
3 
4 
5 
6 
4 
5 
6 
6 
1 1269537264  
2 
3 
5 
3 
1 1521114047  
4 
2 
3 
5 
3 
4 
5 
5 
2 
1 1608239456  
2 
1 1749706991  
5 
5 
2 
3 
6 
4 
2 
3 
4 
3 
4 
6 
3 
6 
3 
1 1364374990  
1 1029373359  
5 
3 
3 
4 
6 
6 
5 
3 
5 
6 
6 
3 
5 
2 
2 
1 331454082  
5 
2 
1 959787726  
4 
4 
4 
4 
6 
2 
6 
2 
1 870202764  
5 
1 1066580327  
4 
1 1031529353  
1 1361559935  
4 
1 1807268672  
3 
4 
2 
6 
5 
3 
1 2020996150  
3 
2 
1 627733874  
4 
1 1502457484  
5 
5 
3 
3 
3 
2 
3 
3 
2 
2 
4 
1 786212865  
1 2143704134  
2 
6 
2 
1 1208771823  
2 
5 
3 
5 
4 
5 
3 
6 
1 1826675452  
3 
4 
6 
1 493586051  
5 
5 
4 
3 
1 1702167297  
5 
3 
1 1950271751  
5 
5 
5 
6 
1 1130884589  
3 
2 
2 
5 
6 
6 
3 
3 
5 
6 
3 
3 
4 
3 
4 
2 
3 
1 627952783  
6 
6 
5 
5 
4 
4 
6 
3 
1 1600182802  
5 
6 
3 
2 
1 1816721781  
6 
6 
3 
5 
5 
6 
6 
5 
2 
5 
1 1814099901  
2 
2 
6 
3 
1 1570093747  
5 
2 
3 
1 1847098537  
1 1817082932  
4 
1 692147363  
3 
3 
5 
1 1220728936  
3 
1 1277838740  
4 
5 
3 
6 
3 
4 
1 294370707  
3 
1 437620278  
1 159728451  
3 
6 
2 
1 625824789  
1 1397408004  
2 
4 
2 
5 
6 
5 
2 
1 1029931215  
1 1692405116  
2 
5 
2 
1 281453709  
4 
4 
4 
3 
6 
2 
4 
1 244007502  
3 
4 
6 
4 
3 
2 
2 
5 
6 
4 
6 
3 
2 
3 
4 
2 
1 1352190141  
5 
4 
5 
1 154966211  
6 
3 
5 
6 
1 871741376  
1 707163977  
2 
5 
4 
3 
5 
5 
1 941179077  
2 
5 
5 
4 
6 
5 
1 867961862  
1 1915935800  
4 
1 620370881  
1 1361547913  
2 
3 
1 1470619450  
6 
4 
5 
2 
3 
2 
2 
5 
6 
4 
2 
3 
4 
1 423158984  
2 
4 
2 
4 
6 
5 
1 344948854  
1 2098572233  
1 2023341786  
3 
2 
4 
5 
1 14186987  
4 
6 
3 
1 1765188486  
4 
4 
3 
4 
3 
1 1445951886  
6 
1 1861285524  
2 
3 
6 
4 
5 
4 
2 
3 
2 
6 
3 
2 
2 
1 1434787770  
3 
5 
4 
1 2138099249  
3 
1 934530812  
6 
3 
6 
3 
1 565142862  
3 
5 
6 
1 284986308  
5 
2 
3 
1 1372151091  
1 724871313  
2 
2 
6 
2 
1 910811097  
5 
1 622075447  
4 
3 
4 
4 
3 
1 1754802528  
6 
3 
6 
5 
2 
2 
2 
1 455732566  
1 903529157  
3 
5 
5 
5 
3 
6 
6 
4 
3 
6 
6 
2 
2 
1 1998810030  
1 1807922707  
1 1058495368  
6 
2 
5 
4 
5 
5 
2 
5 
5 
1 723067759  
4 
6 
2 
1 367603036  
2 
5 
1 1999674445  
3 
6 
5 
1 1591029621  
1 136055188  
3 
6 
6 
2 
5 
6 
2 
5 
3 
1 472561678  
5 
1 805093887  
4 
4 
5 
4 
6 
2 
4 
1 1606674638  
4 
6 
2 
4 
3 
2 
6 
5 
4 
4 
6 
3 
4 
2 
1 895720662  
3 
1 1150042741  
4 
1 1557763223  
2 
2 
3 
2 
5 
1 771578801  
1 1164229729  
6 
4 
5 
4 
5 
6 
5 
3 
2 
3 
4 
4 
5 
2 
6 
6 
1 1175468062  
1 70047039  
2 
2 
2 
3 
2 
5 
5 
3 
6 
1 878031605  
3 
6 
4 
4 
5 
5 
1 462772184  
6 
2 
2 
3 
1 60662640  
6 
5 
4 
4 
5 
5 
6 
6 
2 
4 
4 
2 
2 
5 
1 1812562418  
4 
1 1027915047  
5 
1 345648949  
3 
3 
1 1037229861  
2 
1 1752786360  
1 1256460046  
6 
3 
4 
3 
6 
4 
1 1659305308  
6 
4 
2 
3 
2 
5 
3 
6 
3 
5 
3 
2 
5 
3 
3 
2 
4 
6 
5 
4 
1 1360105241  
3 
3 
1 1712192612  
1 415350817  
4 
1 1211431623  
1 1372631671  
5 
3 
1 1473846186  
4 
2 
5 
2 
5 
5 
1 1934499382  
1 1740234707  
6 
2 
2 
5 
3 
5 
3 
6 
2 
1 1326036983  
2 
3 
6 
4 
3 
6 
4 
2 
2 
2 
1 1378045356  
2 
4 
3 
2 
6 
4 
2 
4 
5 
4 
2 
2 
5 
6 
2 
1 1876289896  
6 
4 
3 
5 
6 
6 
6 
3 
2 
5 
4 
1 1798598662  
2 
3 
6 
2 
1 35655595  
3 
1 1335480886  
3 
6 
5 
4 
2 
4 
2 
6 
2 
6 
1 546835676  
4 
2 
2 
3 
5 
1 1185698336  
6 
2 
1 745760462  
2 
3 
2 
1 1318414477  
5 
6 
5 
5 
1 202444417  
3 
1 1921228524  
3 
6 
3 
4 
3 
4 
2 
5 
1 1388461516  
5 
1 1080476023  
6 
5 
3 
3 
1 236517060  
5 
5 
1 1449124157  
5 
3 
2 
4 
4 
3 
5 
1 745554793  
2 
2 
6 
6 
1 1264432107  
4 
6 
2 
6 
4 
5 
1 1794773106  
3 
1 1782784654  
5 
1 869734820  
1 903749504  
4 
6 
5 
6 
5 
2 
6 
3 
1 1294606314  
1 82356413  
6 
5 
2 
3 
2 
3 
3 
6 
5 
3 
4 
6 
2 
6 
3 
4 
1 468458469  
6 
2 
3 
3 
3 
2 
6 
6 
2 
2 
4 
5 
5 
5 
2 
6 
3 
1 1709957132  
4 
2 
1 1293788036  
4 
1 1841090140  
5 
2 
3 
1 1036319670  
4 
4 
3 
5 
5 
6 
5 
5 
3 
2 
5 
1 1080803771  
6 
5 
6 
3 
4 
4 
3 
3 
3 
2 
6 
3 
6 
6 
2 
3 
1 1433841200  
5 
3 
3 
4 
3 
1 214873005  
4 
5 
3 
5 
4 
5 
6 
6 
5 
2 
2 
3 
2 
3 
3 
1 311365479  
2 
6 
2 
2 
2 
3 
5 
5 
6 
4 
6 
3 
1 1162647448  
3 
3 
5 
4 
5 
3 
6 
1 2013471667  
