3 
2 
6 
2 
4 
4 
6 
4 
6 
1 1694322765  
6 
2 
2 
2 
6 
3 
2 
1 1338384199  
6 
2 
3 
3 
6 
1 1390573199  
4 
3 
4 
4 
1 1800747551  
2 
1 39782857  
3 
1 391877677  
1 1153170049  
6 
6 
3 
2 
6 
6 
6 
3 
2 
1 1829750736  
4 
3 
3 
2 
3 
3 
5 
5 
6 
1 1296407247  
6 
4 
6 
6 
4 
1 1113891381  
5 
1 718185239  
3 
4 
5 
1 1084042067  
4 
2 
2 
6 
1 971938127  
4 
3 
3 
3 
4 
1 1282698356  
3 
4 
5 
4 
1 918066511  
2 
4 
6 
4 
5 
3 
2 
4 
4 
6 
1 1893690027  
4 
5 
1 1587737523  
6 
3 
6 
1 552191919  
6 
2 
5 
5 
6 
1 244663970  
1 483665890  
2 
5 
3 
4 
6 
1 1424701510  
1 1008088221  
4 
2 
1 141567629  
6 
2 
1 686063561  
4 
5 
4 
5 
2 
2 
1 1896723127  
4 
3 
6 
3 
3 
6 
2 
1 1196056168  
2 
6 
3 
5 
1 1070652330  
1 158593163  
3 
4 
5 
6 
2 
1 577758463  
3 
2 
4 
1 643159150  
5 
4 
6 
3 
1 700619485  
3 
2 
5 
6 
6 
4 
4 
1 124597580  
2 
3 
4 
1 1981543350  
2 
5 
3 
3 
2 
6 
5 
2 
5 
1 2091192684  
5 
4 
2 
6 
1 1925345132  
2 
5 
2 
1 2021326207  
2 
6 
6 
4 
2 
6 
4 
2 
3 
1 335586713  
3 
6 
4 
2 
1 931031533  
1 1703593295  
2 
4 
5 
2 
5 
5 
2 
1 1631993960  
4 
2 
1 2044922914  
4 
4 
6 
2 
4 
4 
4 
1 274294886  
4 
5 
6 
2 
5 
1 568552379  
2 
4 
1 869377393  
5 
6 
3 
5 
1 1556993242  
5 
2 
2 
4 
4 
6 
3 
3 
5 
1 1486618891  
3 
5 
5 
5 
2 
4 
1 615583772  
4 
3 
3 
2 
5 
4 
5 
1 997247117  
1 2038810810  
4 
3 
1 860247742  
4 
3 
4 
4 
5 
1 1480913007  
2 
1 1316028672  
4 
5 
1 1868335963  
2 
3 
6 
5 
2 
6 
5 
3 
1 1622480637  
5 
1 2002092233  
1 1617575442  
3 
6 
6 
4 
2 
3 
6 
6 
2 
6 
4 
2 
1 671053157  
6 
5 
2 
5 
1 925260915  
3 
1 1776168606  
6 
1 1248811621  
5 
2 
5 
5 
6 
2 
6 
6 
1 1568420066  
2 
4 
6 
6 
6 
1 329304443  
5 
4 
2 
4 
1 1373409201  
6 
6 
6 
6 
2 
2 
4 
4 
2 
6 
3 
5 
3 
5 
5 
2 
2 
2 
3 
5 
4 
5 
1 1402479768  
2 
2 
6 
5 
5 
6 
1 273013479  
3 
6 
5 
1 1151270685  
4 
1 1276322327  
6 
3 
3 
3 
5 
3 
5 
1 608600192  
1 2082302218  
1 832431974  
4 
3 
6 
3 
2 
6 
6 
2 
6 
6 
4 
6 
6 
1 93110504  
3 
2 
1 1979741484  
4 
2 
5 
1 1106726860  
5 
2 
6 
2 
2 
4 
2 
4 
3 
2 
3 
4 
2 
4 
5 
2 
2 
5 
6 
2 
1 661662884  
2 
5 
4 
2 
1 701635229  
5 
1 516236454  
2 
6 
2 
2 
3 
4 
6 
1 798127  
2 
1 1317219001  
2 
6 
1 1513483571  
1 2039608937  
1 29983095  
2 
4 
5 
2 
3 
3 
3 
6 
3 
2 
1 846912930  
3 
3 
5 
4 
5 
1 1208153961  
5 
1 1898319058  
4 
1 321909919  
5 
3 
2 
2 
2 
1 1062762547  
6 
4 
3 
6 
2 
3 
2 
3 
1 1368410853  
1 992963077  
6 
3 
4 
1 1988023462  
4 
4 
4 
5 
5 
4 
3 
6 
3 
1 997095811  
4 
2 
3 
4 
4 
4 
2 
6 
4 
2 
6 
2 
3 
6 
5 
1 94291050  
6 
6 
4 
5 
2 
1 1408959880  
2 
4 
4 
2 
3 
2 
2 
4 
2 
6 
5 
1 1326400254  
4 
2 
5 
5 
1 1467700251  
6 
5 
2 
3 
3 
4 
3 
3 
3 
4 
5 
3 
2 
5 
5 
6 
1 663956000  
6 
2 
4 
2 
1 1599413733  
5 
4 
1 471487289  
6 
6 
3 
3 
4 
6 
3 
6 
2 
2 
2 
4 
4 
4 
4 
4 
1 1940278327  
3 
1 60530277  
4 
6 
3 
3 
5 
4 
4 
2 
5 
6 
3 
5 
5 
5 
1 406305859  
4 
1 625226653  
5 
1 153640781  
5 
2 
6 
2 
5 
2 
6 
4 
4 
4 
2 
4 
5 
2 
3 
2 
4 
6 
6 
2 
4 
3 
6 
2 
1 238563696  
3 
2 
4 
5 
5 
5 
4 
4 
3 
3 
4 
4 
5 
4 
6 
3 
1 1731953513  
3 
2 
4 
5 
6 
5 
2 
6 
4 
1 815303665  
2 
3 
6 
3 
4 
4 
5 
3 
1 940198925  
5 
6 
1 100706319  
2 
4 
6 
3 
2 
3 
4 
6 
1 816101792  
6 
3 
3 
1 109934279  
3 
3 
3 
3 
1 1614189890  
1 708227081  
1 139917374  
6 
3 
4 
3 
1 313619173  
1 1916381043  
1 2038236433  
4 
6 
2 
4 
2 
3 
3 
3 
1 635529092  
2 
4 
1 831659942  
5 
3 
1 1259163638  
3 
6 
6 
6 
4 
1 1628492169  
6 
4 
5 
6 
1 672199756  
2 
2 
3 
4 
5 
4 
3 
4 
1 108775801  
3 
2 
4 
6 
2 
3 
5 
6 
6 
2 
6 
1 1722783219  
5 
1 2081159637  
2 
4 
4 
2 
3 
1 1435176055  
2 
6 
1 1042999823  
3 
1 597631989  
5 
1 887106140  
1 1514487112  
4 
3 
5 
3 
6 
6 
6 
4 
2 
3 
5 
5 
6 
2 
2 
3 
5 
6 
3 
2 
4 
3 
2 
3 
2 
6 
6 
2 
5 
6 
5 
1 390426669  
4 
1 947636417  
2 
2 
4 
1 1920792971  
2 
1 1015653322  
1 1101277198  
2 
4 
1 11873019  
6 
3 
3 
6 
5 
1 600123188  
3 
1 1916580864  
1 952071945  
1 700829507  
5 
2 
4 
3 
1 585199008  
1 1062006224  
6 
3 
1 167535750  
3 
4 
1 1293426090  
4 
3 
3 
5 
1 1201923598  
5 
6 
2 
3 
4 
1 481154923  
6 
5 
6 
3 
4 
2 
6 
6 
2 
2 
1 1062323485  
1 1092676383  
1 1116684015  
3 
1 1893983427  
4 
5 
3 
4 
3 
2 
5 
4 
4 
2 
1 204356373  
3 
2 
4 
6 
2 
2 
4 
2 
5 
4 
6 
3 
2 
4 
1 597692537  
5 
2 
1 418699535  
6 
1 313132174  
5 
1 172992108  
6 
2 
2 
6 
6 
5 
5 
4 
5 
3 
4 
4 
4 
4 
5 
6 
2 
5 
1 352375524  
5 
3 
5 
2 
3 
5 
4 
5 
3 
5 
1 1748308229  
1 1215991931  
2 
6 
5 
1 950007514  
4 
4 
6 
5 
2 
5 
1 487930721  
5 
6 
6 
5 
2 
2 
4 
4 
1 582995395  
2 
3 
3 
6 
5 
6 
3 
5 
5 
5 
5 
1 1340434183  
2 
6 
4 
1 1435567138  
6 
4 
5 
1 356304719  
5 
4 
3 
3 
4 
5 
2 
2 
4 
2 
5 
3 
5 
4 
5 
2 
2 
3 
4 
5 
3 
4 
1 208603857  
5 
2 
1 389360689  
3 
5 
2 
1 368177738  
1 808727045  
5 
5 
5 
3 
6 
4 
2 
1 158457905  
3 
2 
1 1320249683  
1 1509556553  
5 
2 
6 
6 
1 743656913  
4 
6 
1 234772259  
1 1677092303  
6 
5 
6 
5 
1 2037083003  
2 
5 
1 1436695858  
1 10763578  
2 
6 
2 
6 
6 
5 
2 
4 
5 
5 
1 951922840  
4 
3 
5 
3 
3 
1 381888593  
6 
4 
2 
1 1127447593  
4 
2 
5 
4 
5 
5 
4 
1 698422619  
1 586244967  
5 
2 
2 
1 1725140130  
2 
5 
4 
3 
4 
5 
4 
6 
6 
1 1117122155  
6 
1 899377141  
2 
1 1898132239  
5 
2 
1 1469497679  
4 
1 500201723  
3 
2 
3 
4 
5 
3 
3 
6 
6 
4 
1 966640522  
6 
1 272021545  
6 
6 
6 
2 
1 988132444  
6 
2 
4 
4 
1 1549635918  
6 
1 1612455728  
6 
3 
1 276215935  
6 
5 
6 
6 
1 1905940637  
2 
3 
3 
5 
5 
6 
4 
2 
3 
3 
2 
1 1821059586  
2 
5 
4 
5 
6 
6 
1 665576624  
3 
2 
3 
1 126634727  
4 
2 
4 
4 
4 
5 
4 
1 482302983  
6 
2 
6 
1 824034529  
5 
4 
1 1446884411  
4 
3 
1 1991859536  
6 
5 
4 
1 1567691442  
1 1681656670  
2 
6 
5 
1 1521468191  
4 
3 
2 
6 
2 
6 
2 
3 
1 1457290798  
2 
3 
6 
4 
5 
5 
1 970868880  
6 
5 
5 
1 1532231769  
2 
1 261729990  
5 
4 
4 
3 
2 
2 
4 
6 
4 
3 
2 
4 
4 
1 1352757474  
1 512195715  
2 
6 
4 
5 
6 
2 
1 960152610  
3 
2 
4 
3 
1 1939002441  
5 
4 
5 
4 
2 
4 
5 
2 
5 
1 89852197  
6 
3 
2 
4 
1 2077274765  
3 
2 
5 
2 
1 690895934  
4 
3 
4 
2 
3 
3 
1 1987984436  
5 
3 
1 1399288796  
3 
4 
3 
1 1191097657  
5 
2 
3 
2 
6 
1 807141311  
1 1671310342  
5 
5 
4 
4 
1 31746454  
3 
6 
2 
2 
5 
2 
5 
1 209293581  
2 
4 
4 
4 
2 
5 
1 1136282422  
6 
6 
6 
6 
2 
5 
6 
1 307962389  
5 
6 
6 
1 2115234218  
2 
4 
6 
3 
4 
1 809858360  
1 973539013  
2 
1 94385297  
3 
3 
3 
3 
2 
5 
4 
4 
2 
3 
4 
6 
6 
2 
5 
2 
4 
5 
2 
1 1292161344  
4 
4 
1 1797573542  
3 
6 
6 
3 
3 
1 1541269708  
5 
6 
1 1136537232  
2 
2 
3 
2 
4 
5 
5 
6 
3 
4 
3 
1 1217781336  
5 
3 
2 
2 
1 1075442731  
4 
4 
2 
2 
6 
1 510521776  
3 
5 
6 
3 
2 
5 
5 
3 
3 
2 
6 
1 527588486  
2 
6 
5 
2 
2 
1 2046311611  
4 
2 
5 
5 
3 
2 
1 2042753545  
4 
5 
5 
1 789318477  
2 
2 
6 
6 
3 
3 
6 
1 1251585437  
1 407465612  
3 
5 
1 1749471087  
2 
4 
4 
4 
5 
2 
4 
5 
5 
1 1043104230  
2 
3 
2 
5 
5 
4 
5 
5 
6 
4 
1 497317810  
4 
5 
6 
3 
4 
3 
4 
4 
1 1679262204  
5 
6 
3 
2 
6 
3 
5 
4 
2 
6 
3 
6 
3 
2 
4 
1 1734000165  
2 
6 
4 
3 
2 
3 
6 
3 
2 
5 
3 
6 
3 
6 
6 
2 
3 
3 
3 
6 
2 
2 
6 
1 337818598  
2 
2 
1 931067352  
2 
3 
1 777614174  
5 
3 
3 
2 
6 
6 
5 
4 
4 
3 
6 
4 
2 
6 
4 
6 
4 
3 
5 
4 
4 
5 
5 
1 1144959909  
3 
1 454894046  
4 
4 
1 809360628  
3 
6 
1 1354253490  
3 
6 
4 
3 
3 
1 1591176469  
1 1117323017  
3 
4 
1 1322004060  
3 
2 
1 253551181  
3 
2 
4 
5 
2 
4 
4 
6 
3 
4 
3 
4 
3 
5 
2 
4 
6 
5 
6 
5 
1 2090862030  
6 
2 
6 
3 
5 
4 
5 
4 
3 
2 
4 
4 
4 
6 
6 
3 
6 
4 
5 
4 
2 
4 
3 
2 
5 
5 
6 
2 
6 
2 
3 
2 
5 
4 
1 1416389358  
6 
1 1545712525  
6 
5 
3 
3 
3 
5 
5 
5 
6 
6 
4 
6 
1 1740951924  
6 
4 
1 810175418  
1 534766110  
4 
2 
4 
4 
3 
5 
2 
4 
6 
6 
4 
2 
3 
5 
3 
5 
5 
5 
1 811249613  
1 1885618149  
5 
5 
4 
6 
2 
2 
5 
3 
2 
2 
3 
1 1045287886  
3 
4 
5 
5 
6 
4 
5 
4 
6 
6 
6 
2 
6 
6 
4 
4 
6 
5 
3 
6 
6 
2 
6 
1 1338838099  
5 
4 
5 
1 1784446113  
3 
1 940557783  
4 
5 
4 
3 
5 
6 
4 
3 
6 
6 
1 2128156576  
1 888547902  
5 
3 
2 
3 
1 1348023396  
2 
4 
6 
3 
2 
4 
3 
6 
1 1730144015  
2 
5 
6 
6 
6 
5 
3 
1 1931652133  
5 
5 
4 
4 
6 
1 1845341206  
4 
4 
2 
3 
1 1261922571  
4 
1 1518168650  
5 
5 
6 
6 
3 
2 
4 
4 
1 35676156  
3 
3 
2 
4 
6 
4 
2 
6 
6 
1 45506276  
5 
6 
5 
6 
4 
1 148299176  
2 
4 
3 
5 
1 1180636066  
1 500400322  
5 
6 
5 
3 
5 
5 
6 
1 957659805  
5 
2 
5 
4 
5 
3 
1 387405908  
4 
5 
4 
2 
6 
1 2091576791  
1 2074982822  
3 
2 
4 
3 
2 
5 
2 
2 
5 
4 
3 
5 
3 
3 
6 
1 1709409969  
2 
4 
2 
4 
5 
3 
2 
5 
6 
4 
5 
5 
5 
4 
1 197644325  
1 2018361205  
5 
2 
6 
3 
5 
1 978315679  
4 
4 
2 
2 
5 
2 
1 1743356850  
6 
3 
6 
2 
4 
5 
2 
1 1611829481  
3 
5 
2 
1 1788491097  
5 
4 
4 
3 
4 
1 130639312  
4 
1 275595446  
1 1526625599  
2 
5 
1 1175927198  
4 
6 
6 
3 
5 
3 
1 1614433546  
6 
1 1163588064  
6 
1 2116484982  
2 
6 
2 
1 1595106474  
2 
6 
3 
2 
2 
6 
5 
6 
2 
4 
4 
2 
6 
3 
2 
1 2052135966  
1 1317024730  
4 
1 1177766842  
5 
6 
1 1836304451  
1 1014882288  
6 
2 
6 
6 
2 
2 
3 
1 292205765  
5 
1 1206989453  
3 
1 1050558444  
1 337712041  
4 
4 
6 
2 
6 
5 
4 
6 
4 
6 
5 
4 
2 
5 
6 
3 
2 
3 
5 
1 1355288630  
5 
2 
2 
4 
1 83710862  
5 
5 
1 838112364  
3 
5 
6 
4 
5 
6 
3 
6 
5 
2 
5 
5 
3 
6 
6 
5 
4 
6 
2 
2 
2 
6 
6 
2 
5 
4 
5 
5 
3 
1 165464787  
5 
5 
2 
3 
6 
5 
4 
6 
2 
3 
6 
5 
4 
2 
6 
4 
6 
6 
5 
3 
3 
4 
3 
1 471116771  
3 
5 
2 
1 782205507  
3 
2 
6 
3 
3 
5 
1 92963961  
3 
2 
1 33043092  
4 
1 979849832  
2 
5 
1 2111325166  
4 
1 1011358771  
1 575723035  
4 
4 
1 1575671000  
3 
3 
6 
6 
5 
5 
6 
2 
5 
4 
1 652366220  
4 
3 
2 
5 
2 
2 
2 
4 
2 
6 
5 
2 
5 
1 706362347  
1 1851266446  
4 
6 
2 
2 
2 
5 
5 
1 31508171  
4 
4 
1 1882289546  
1 1318216344  
3 
5 
4 
3 
1 1195096235  
6 
1 1851290880  
4 
2 
2 
2 
4 
2 
5 
4 
1 765839171  
6 
6 
6 
3 
1 1099748554  
1 1020831962  
2 
4 
1 1943606013  
1 788569357  
5 
1 2035714250  
3 
5 
3 
4 
6 
2 
3 
1 88328130  
6 
6 
6 
5 
1 1995558811  
2 
1 938789046  
2 
2 
3 
4 
6 
3 
6 
1 426040172  
6 
6 
6 
5 
6 
5 
6 
3 
4 
2 
4 
2 
5 
1 1203363793  
5 
3 
1 1022499909  
4 
4 
2 
6 
3 
3 
5 
5 
1 1264152536  
1 1368828580  
3 
3 
5 
4 
1 1493616680  
4 
4 
4 
2 
5 
4 
1 2046358043  
6 
4 
3 
6 
3 
1 1461792541  
3 
6 
1 1526659772  
6 
5 
1 878724228  
5 
1 1425634060  
5 
1 390534895  
4 
4 
2 
3 
4 
6 
3 
5 
3 
5 
6 
2 
1 1454447263  
2 
5 
3 
5 
3 
2 
5 
5 
5 
5 
2 
1 853821412  
2 
6 
5 
4 
5 
5 
1 1042901115  
1 13325962  
2 
4 
3 
2 
2 
2 
3 
6 
2 
5 
2 
5 
1 557604210  
4 
4 
2 
6 
2 
6 
6 
6 
5 
2 
4 
1 1074409287  
5 
4 
2 
6 
6 
4 
2 
5 
4 
4 
1 1895615508  
5 
2 
4 
6 
1 1875820555  
6 
1 122021874  
4 
4 
3 
2 
2 
1 1599422740  
5 
3 
4 
2 
3 
6 
2 
6 
4 
6 
3 
4 
2 
4 
4 
3 
4 
1 494176078  
4 
6 
4 
6 
4 
1 1221770428  
1 472771054  
6 
2 
3 
4 
1 290298443  
2 
2 
6 
3 
5 
6 
5 
5 
6 
2 
4 
6 
3 
4 
3 
4 
3 
2 
6 
4 
6 
2 
5 
4 
2 
4 
1 2010339786  
3 
6 
1 361001656  
4 
6 
3 
2 
1 378626573  
1 1858414949  
3 
5 
3 
1 1299790703  
4 
2 
3 
3 
2 
5 
5 
2 
6 
1 804666745  
1 914295094  
5 
4 
3 
3 
4 
1 174806964  
2 
5 
6 
6 
1 2068819281  
4 
4 
4 
1 135640026  
3 
6 
3 
6 
4 
2 
3 
4 
4 
4 
4 
5 
2 
3 
3 
2 
3 
5 
5 
2 
5 
4 
5 
1 1668423644  
6 
3 
4 
5 
2 
5 
2 
2 
5 
1 1967693677  
2 
5 
3 
1 1597432567  
5 
4 
4 
3 
6 
2 
2 
5 
6 
1 1047599768  
2 
6 
6 
3 
4 
3 
5 
2 
2 
2 
2 
2 
3 
6 
6 
4 
4 
5 
5 
2 
4 
5 
2 
2 
3 
4 
5 
1 698934257  
5 
4 
4 
4 
2 
5 
1 875582979  
6 
2 
6 
2 
3 
6 
2 
4 
4 
1 1438134663  
3 
5 
4 
1 5897872  
4 
5 
6 
5 
2 
2 
3 
2 
5 
2 
5 
6 
5 
2 
5 
1 1729404391  
6 
5 
6 
4 
1 333552130  
4 
5 
3 
1 19223834  
6 
3 
2 
6 
2 
6 
2 
6 
6 
1 139524954  
4 
1 1407961417  
6 
4 
1 1914839343  
4 
3 
4 
1 2015345509  
5 
6 
4 
5 
2 
1 1529983292  
1 1366778435  
2 
6 
1 362037939  
1 604270072  
4 
1 1839549490  
2 
6 
6 
3 
2 
3 
5 
2 
5 
3 
2 
1 652336382  
3 
6 
6 
1 467126210  
4 
1 53067498  
4 
3 
3 
2 
6 
6 
4 
4 
2 
6 
6 
6 
3 
2 
3 
1 1030962955  
6 
4 
3 
3 
2 
2 
6 
1 178057511  
6 
1 1352858201  
2 
6 
3 
4 
5 
6 
4 
1 1835629701  
2 
2 
5 
5 
1 1092352605  
6 
6 
5 
3 
5 
2 
4 
6 
1 1527665165  
1 1756965334  
4 
5 
3 
3 
5 
1 1227992631  
4 
5 
4 
2 
3 
6 
5 
5 
2 
2 
6 
6 
2 
4 
3 
3 
4 
5 
2 
3 
6 
4 
3 
6 
6 
1 1048605161  
6 
5 
1 1577175363  
1 677941551  
1 2096204929  
4 
3 
5 
6 
2 
6 
1 128625972  
4 
1 1553524530  
5 
2 
3 
5 
3 
2 
2 
3 
5 
1 1386855944  
3 
1 134523844  
1 1135445274  
1 1720408075  
6 
1 153747679  
4 
4 
4 
5 
5 
2 
5 
6 
1 1274970228  
3 
6 
6 
3 
4 
2 
3 
3 
5 
4 
1 980885844  
2 
4 
3 
4 
6 
6 
6 
4 
5 
2 
2 
4 
4 
2 
2 
1 2068587022  
2 
3 
3 
3 
2 
3 
6 
3 
1 1142832089  
3 
4 
1 363385488  
1 1287881809  
3 
1 1504870028  
5 
4 
2 
6 
4 
6 
1 967655561  
2 
2 
4 
1 979947651  
4 
4 
4 
5 
4 
5 
4 
1 9722762  
2 
4 
6 
3 
2 
3 
3 
1 1434781771  
1 1033015150  
5 
1 1040685717  
3 
1 1612839283  
1 238389703  
4 
1 728831770  
2 
6 
6 
4 
1 557708240  
2 
4 
2 
2 
5 
1 1766054869  
6 
3 
5 
5 
6 
1 338313457  
4 
6 
1 1785700872  
6 
2 
6 
6 
3 
1 667176382  
4 
1 1915488820  
5 
2 
2 
6 
6 
5 
5 
5 
4 
3 
5 
1 316158775  
6 
5 
3 
6 
5 
2 
6 
3 
5 
3 
1 615897664  
3 
6 
2 
6 
1 2044114793  
1 1869683305  
6 
3 
2 
1 2002753608  
6 
6 
5 
5 
1 31154989  
1 857644931  
5 
6 
5 
4 
6 
5 
5 
2 
4 
6 
1 1575678035  
1 184902668  
2 
6 
1 2132615159  
5 
6 
1 409080232  
3 
4 
1 106006042  
1 1127963600  
4 
3 
6 
1 772465720  
5 
1 1393887852  
2 
4 
5 
5 
5 
2 
4 
3 
5 
1 485349980  
6 
2 
1 1740121281  
6 
2 
3 
4 
2 
6 
3 
4 
5 
4 
1 226351855  
5 
1 495072742  
1 1027419405  
4 
5 
4 
3 
2 
5 
5 
5 
5 
6 
1 1259367005  
2 
1 1535758460  
2 
4 
4 
4 
6 
6 
6 
5 
4 
5 
6 
6 
4 
1 492775040  
5 
1 1497756709  
4 
5 
2 
5 
6 
5 
2 
3 
6 
6 
1 117106582  
3 
5 
2 
6 
3 
5 
2 
1 1050483280  
1 1116327930  
6 
2 
6 
5 
6 
4 
5 
2 
5 
1 455420039  
1 688700504  
6 
5 
6 
4 
1 1783504312  
3 
1 223425212  
1 1004859279  
1 251918328  
4 
1 120056357  
2 
1 727058937  
3 
2 
3 
2 
2 
3 
4 
2 
2 
5 
6 
5 
5 
6 
5 
2 
1 107188289  
3 
1 151211346  
2 
4 
6 
5 
1 1584703868  
6 
3 
1 1682866324  
5 
4 
3 
2 
3 
3 
1 336114015  
6 
1 1569835380  
1 2091946556  
1 442120057  
5 
4 
3 
5 
2 
1 550315332  
4 
3 
5 
6 
3 
5 
3 
2 
3 
1 716928629  
3 
6 
1 1836007909  
3 
6 
3 
1 1035665313  
3 
2 
3 
1 309566262  
4 
4 
5 
1 2062359765  
6 
4 
6 
5 
6 
6 
6 
5 
1 1530738055  
6 
4 
5 
2 
6 
4 
1 1336985667  
2 
5 
4 
3 
6 
3 
6 
4 
2 
4 
2 
4 
1 1174243122  
6 
3 
6 
2 
2 
4 
3 
5 
2 
2 
1 919012867  
1 1829760707  
5 
4 
6 
6 
3 
5 
6 
4 
3 
1 524516183  
3 
3 
6 
3 
1 1036119450  
1 732760340  
2 
3 
4 
3 
4 
6 
2 
2 
4 
5 
6 
2 
2 
4 
5 
5 
5 
3 
3 
6 
4 
1 1640844113  
5 
6 
4 
2 
2 
2 
1 1491539489  
6 
2 
2 
5 
3 
5 
5 
5 
6 
2 
2 
1 1421460844  
1 1276864778  
5 
3 
5 
6 
3 
4 
1 1714964701  
1 278836476  
1 1528783106  
4 
1 1835021058  
1 1005895413  
5 
3 
1 1635971395  
3 
6 
3 
6 
4 
2 
5 
2 
4 
5 
5 
5 
5 
2 
6 
5 
6 
5 
2 
1 1986232405  
3 
5 
6 
2 
3 
5 
3 
5 
2 
4 
4 
3 
4 
3 
4 
2 
3 
5 
6 
4 
4 
3 
5 
2 
3 
5 
4 
4 
5 
3 
5 
6 
3 
3 
4 
4 
3 
6 
1 443115633  
5 
6 
1 1171354072  
1 174862772  
2 
3 
1 2012951013  
1 1115816980  
5 
3 
1 616982829  
5 
2 
3 
1 415782698  
5 
6 
3 
5 
2 
4 
3 
4 
6 
5 
6 
4 
6 
4 
5 
6 
6 
1 1832745609  
2 
2 
5 
4 
4 
2 
5 
6 
5 
5 
5 
6 
2 
6 
3 
4 
1 305507091  
3 
1 1451448011  
5 
3 
6 
5 
6 
5 
1 2142311872  
4 
5 
1 220383208  
2 
5 
1 834702418  
4 
6 
4 
6 
1 1331813891  
4 
4 
5 
1 1394626330  
6 
4 
1 1753715286  
3 
2 
4 
2 
5 
6 
2 
5 
2 
4 
4 
5 
1 1014090951  
1 1919142514  
2 
1 642351088  
2 
2 
6 
1 1746851291  
4 
6 
5 
2 
2 
2 
6 
3 
4 
6 
2 
1 1412502979  
3 
3 
2 
3 
1 2133890577  
3 
3 
2 
1 1020828487  
3 
2 
4 
5 
4 
5 
6 
2 
5 
3 
3 
1 541884109  
5 
4 
4 
2 
6 
1 1701371631  
4 
6 
2 
4 
1 1299664963  
5 
2 
6 
1 2070667216  
3 
1 1388909041  
5 
4 
1 158076728  
1 1559154963  
5 
3 
4 
2 
1 1227657798  
6 
3 
3 
2 
6 
4 
5 
6 
1 601192362  
2 
4 
6 
6 
4 
5 
1 583025387  
1 1402520570  
3 
3 
3 
5 
1 466659727  
4 
3 
2 
3 
6 
6 
3 
1 1698842368  
5 
6 
1 2019503400  
4 
4 
5 
1 882442425  
6 
3 
2 
6 
3 
1 1384104329  
5 
1 177526843  
6 
5 
1 186406788  
2 
6 
4 
5 
3 
5 
2 
3 
1 1378932553  
6 
3 
6 
3 
6 
1 397910051  
6 
1 1021109207  
2 
4 
1 563262797  
5 
1 1792536381  
1 627340845  
2 
3 
3 
1 1577353748  
6 
1 1564195247  
6 
6 
1 1269691933  
3 
3 
6 
1 1176721391  
1 829214579  
6 
4 
6 
1 1256098862  
2 
6 
5 
3 
4 
3 
4 
4 
4 
5 
6 
4 
3 
1 50066230  
1 1371098688  
1 809986845  
6 
2 
4 
1 1349731194  
2 
4 
2 
2 
4 
1 1294282256  
1 51412239  
6 
5 
1 1507807922  
5 
6 
5 
6 
2 
1 705953572  
3 
3 
5 
2 
6 
1 1279070037  
6 
4 
4 
3 
6 
3 
3 
3 
6 
2 
4 
6 
5 
4 
5 
4 
5 
6 
5 
2 
6 
4 
5 
6 
5 
4 
3 
6 
3 
1 2109000284  
3 
6 
6 
4 
6 
3 
2 
1 1288978959  
6 
4 
1 534106960  
6 
1 428176364  
6 
6 
5 
2 
1 840337679  
6 
6 
5 
3 
4 
4 
6 
2 
5 
5 
2 
6 
1 406126712  
5 
5 
1 1310618789  
6 
6 
1 76958361  
5 
5 
3 
3 
5 
6 
5 
6 
1 583653555  
2 
4 
4 
2 
6 
4 
6 
5 
6 
2 
3 
4 
5 
1 1497025578  
5 
5 
1 1455890914  
6 
6 
3 
4 
1 981563606  
1 370651137  
3 
2 
4 
1 2019153711  
5 
1 626616339  
1 997991982  
1 1449023811  
6 
3 
5 
2 
5 
1 43327939  
1 120200267  
4 
6 
3 
6 
1 478261554  
6 
4 
6 
2 
2 
6 
3 
5 
6 
4 
5 
5 
5 
4 
6 
2 
4 
2 
4 
5 
5 
2 
5 
2 
6 
2 
6 
1 872542518  
6 
5 
4 
3 
5 
3 
1 1376299129  
6 
6 
2 
3 
1 528327785  
2 
5 
2 
5 
2 
4 
5 
5 
5 
6 
3 
5 
1 96157558  
4 
5 
2 
6 
1 38802327  
3 
5 
3 
4 
2 
5 
5 
1 1878058979  
6 
2 
1 1390439815  
3 
5 
3 
6 
4 
3 
6 
6 
5 
6 
4 
4 
4 
1 90214566  
1 1238383253  
4 
3 
2 
1 2096393387  
6 
4 
4 
3 
5 
1 1369284603  
6 
6 
4 
4 
5 
5 
6 
4 
1 1199899890  
4 
1 1237888698  
6 
6 
2 
1 1903391563  
2 
3 
2 
1 1628076254  
3 
2 
3 
1 2078226378  
6 
6 
5 
4 
5 
4 
6 
3 
6 
3 
6 
6 
6 
5 
4 
4 
5 
4 
1 162034627  
1 791211395  
5 
4 
3 
6 
4 
1 7701091  
3 
4 
5 
5 
2 
4 
1 745688182  
2 
6 
3 
1 140753325  
5 
6 
1 1463592005  
5 
3 
1 1727251788  
4 
4 
2 
3 
4 
3 
1 511404462  
3 
3 
2 
4 
1 1335262069  
1 206384480  
2 
2 
6 
6 
2 
4 
3 
2 
4 
5 
1 1509396444  
1 636802232  
6 
4 
6 
6 
3 
3 
3 
6 
4 
3 
4 
3 
6 
6 
5 
6 
2 
1 249712419  
1 1629596711  
4 
2 
5 
6 
3 
2 
5 
1 1115063787  
2 
4 
6 
2 
1 1122254937  
4 
5 
6 
5 
1 858412193  
2 
3 
1 1643391572  
4 
1 1218412495  
3 
4 
5 
4 
5 
6 
3 
3 
1 897214520  
6 
2 
2 
3 
3 
4 
6 
5 
1 1373966903  
3 
3 
4 
1 461368662  
5 
3 
5 
5 
3 
1 987429086  
3 
1 464866508  
1 410278401  
6 
1 209230041  
1 1664766398  
5 
3 
2 
2 
3 
6 
2 
4 
4 
1 1648167100  
1 2112621605  
5 
6 
5 
4 
3 
5 
5 
4 
4 
3 
1 1145359004  
5 
3 
3 
4 
6 
4 
3 
1 1578909830  
5 
4 
3 
2 
2 
1 127172584  
5 
6 
1 1936570400  
4 
6 
6 
2 
4 
4 
6 
4 
3 
2 
1 1586610921  
2 
6 
6 
6 
6 
1 872860767  
3 
3 
6 
3 
2 
3 
1 2077323725  
1 902719278  
1 452628907  
4 
1 441244540  
2 
3 
1 90497699  
6 
4 
1 659013387  
2 
5 
4 
1 1950640984  
6 
5 
1 727299932  
3 
6 
2 
1 908725806  
5 
2 
2 
5 
1 1432754048  
1 1842363719  
6 
3 
2 
2 
5 
4 
6 
6 
5 
2 
3 
6 
3 
5 
2 
4 
1 2030980743  
2 
4 
1 143682593  
4 
5 
4 
3 
6 
4 
4 
2 
3 
4 
3 
2 
4 
4 
6 
5 
4 
6 
2 
2 
3 
1 1338271643  
3 
5 
5 
1 1101909591  
1 1040897113  
1 564754898  
5 
3 
3 
3 
4 
3 
1 1563278253  
2 
6 
1 2028326199  
2 
4 
3 
6 
2 
4 
6 
4 
4 
2 
6 
5 
4 
5 
1 1029621406  
1 1973556655  
2 
3 
3 
6 
4 
6 
2 
1 90072592  
6 
3 
3 
3 
6 
1 546904157  
4 
2 
4 
4 
5 
1 1474240107  
3 
5 
3 
3 
2 
6 
6 
5 
1 55210549  
1 1692263161  
2 
4 
4 
3 
5 
1 905666289  
5 
6 
2 
2 
6 
2 
2 
1 182383134  
3 
4 
5 
2 
3 
3 
6 
3 
5 
6 
2 
6 
1 1481349913  
4 
5 
1 344793562  
3 
4 
4 
2 
6 
2 
1 1055243901  
4 
1 1411189991  
2 
1 1247512840  
5 
2 
2 
3 
2 
4 
6 
2 
3 
5 
3 
4 
3 
2 
4 
2 
6 
2 
4 
5 
1 1507872808  
4 
3 
5 
4 
3 
3 
5 
4 
4 
3 
6 
2 
4 
4 
1 1852434531  
3 
2 
3 
2 
1 1338010540  
4 
1 19402548  
6 
5 
5 
3 
2 
1 1655591867  
6 
6 
5 
2 
3 
5 
1 2065310472  
3 
1 928128354  
4 
2 
3 
4 
2 
4 
5 
3 
3 
4 
1 940862267  
1 1760190543  
3 
2 
5 
3 
1 811625450  
6 
1 1084544860  
5 
2 
6 
3 
1 950978538  
5 
1 1913535041  
2 
2 
1 2125441973  
6 
3 
5 
1 1515733436  
2 
4 
1 1329329646  
4 
1 2006284524  
5 
1 397871194  
4 
1 1155402653  
5 
5 
3 
4 
5 
2 
5 
6 
4 
6 
6 
3 
1 2096357117  
4 
3 
1 944775351  
3 
4 
4 
4 
3 
2 
4 
5 
1 482159112  
2 
5 
4 
2 
6 
4 
4 
3 
3 
5 
3 
3 
2 
4 
2 
1 4084018  
5 
3 
6 
3 
1 489554865  
4 
2 
3 
6 
1 1387825401  
2 
3 
2 
3 
2 
2 
2 
6 
4 
4 
1 186467152  
5 
2 
4 
6 
4 
6 
1 1970904778  
5 
4 
6 
3 
6 
5 
4 
6 
5 
4 
2 
5 
2 
5 
1 1732618963  
3 
3 
6 
1 1241711053  
4 
4 
4 
2 
2 
5 
5 
4 
4 
5 
1 1234611121  
6 
5 
2 
2 
5 
1 832648156  
1 602100214  
3 
6 
4 
6 
6 
5 
3 
1 939562004  
5 
4 
3 
6 
2 
2 
4 
5 
2 
5 
5 
3 
5 
4 
1 23175048  
5 
4 
2 
6 
4 
6 
3 
4 
4 
6 
5 
6 
3 
6 
5 
3 
3 
3 
6 
4 
3 
5 
2 
5 
4 
1 621502762  
5 
4 
5 
1 447670224  
1 2088485520  
1 1549631116  
3 
1 1388532491  
5 
5 
4 
3 
6 
6 
6 
5 
6 
5 
4 
2 
6 
1 1701192415  
5 
2 
4 
6 
4 
1 213772918  
4 
2 
5 
6 
5 
2 
4 
2 
2 
4 
6 
5 
1 325593704  
3 
6 
1 504687305  
3 
1 2127307959  
6 
3 
5 
3 
5 
5 
3 
5 
3 
1 303552029  
2 
6 
4 
6 
4 
6 
4 
5 
2 
6 
3 
6 
2 
6 
6 
3 
6 
2 
4 
4 
5 
4 
2 
4 
3 
1 2020420741  
1 1309153958  
1 162352906  
2 
5 
1 270808287  
1 317072963  
1 111226375  
4 
2 
5 
4 
2 
4 
2 
3 
6 
3 
2 
6 
3 
2 
4 
2 
2 
5 
2 
1 1215583639  
5 
5 
2 
4 
1 799232076  
4 
4 
4 
2 
6 
5 
6 
2 
2 
6 
4 
3 
6 
2 
6 
3 
3 
6 
2 
4 
6 
5 
1 115310393  
1 1705138504  
5 
3 
6 
6 
6 
2 
2 
6 
2 
5 
5 
1 39573829  
1 301777546  
3 
2 
4 
3 
3 
2 
3 
1 1528559634  
6 
3 
1 1772192793  
3 
4 
6 
5 
5 
1 1543488599  
6 
6 
1 615687108  
5 
1 457357301  
1 2145588813  
5 
2 
2 
4 
6 
3 
2 
5 
1 1555249112  
6 
5 
4 
3 
3 
3 
2 
3 
1 480532349  
4 
4 
5 
2 
2 
6 
6 
6 
3 
6 
1 619607927  
4 
1 2002919336  
6 
5 
2 
6 
3 
6 
2 
5 
5 
3 
4 
2 
4 
5 
1 421534221  
3 
2 
2 
3 
2 
5 
6 
6 
5 
1 21755396  
1 1243968180  
4 
1 2122726636  
6 
5 
5 
1 235528314  
4 
1 1569561884  
3 
2 
4 
2 
5 
1 479930293  
5 
2 
1 215352626  
4 
6 
3 
5 
4 
1 1873113913  
2 
6 
2 
3 
6 
2 
4 
6 
5 
1 352867386  
5 
2 
5 
4 
4 
1 1524506584  
5 
5 
6 
5 
4 
4 
2 
3 
2 
2 
6 
5 
1 2035466819  
3 
6 
5 
3 
2 
5 
6 
1 623675673  
1 1841579547  
3 
4 
4 
5 
5 
1 2146693194  
4 
2 
6 
1 1839259312  
2 
1 493327975  
4 
1 114519940  
4 
1 1396914168  
4 
6 
6 
3 
1 532901805  
4 
5 
1 416297486  
3 
1 777990155  
4 
1 157610950  
5 
2 
4 
6 
6 
3 
5 
6 
6 
6 
2 
4 
4 
6 
1 1959786085  
3 
5 
3 
4 
5 
3 
1 1393677263  
5 
3 
2 
5 
5 
1 614968251  
1 1957891251  
2 
4 
5 
6 
6 
2 
2 
5 
6 
1 801442727  
3 
5 
5 
4 
3 
1 1095500600  
1 430015530  
3 
4 
2 
2 
4 
3 
5 
3 
1 656878416  
1 1517034821  
4 
3 
6 
3 
2 
1 451770926  
1 1900846596  
1 1492277809  
2 
2 
3 
4 
2 
5 
1 687299241  
2 
1 1322924832  
1 1972208102  
1 902651867  
6 
4 
2 
6 
2 
2 
3 
5 
4 
6 
2 
5 
2 
4 
4 
4 
4 
6 
4 
2 
3 
1 1048555097  
3 
3 
4 
6 
2 
6 
4 
5 
3 
3 
3 
5 
3 
4 
4 
3 
1 177591840  
1 279674803  
4 
6 
1 936538269  
3 
2 
6 
1 801267513  
5 
2 
4 
4 
6 
4 
2 
6 
3 
3 
4 
2 
2 
1 2121254350  
2 
1 935747815  
1 493043178  
3 
4 
1 467098678  
6 
1 1050267755  
2 
2 
4 
5 
1 1889957346  
2 
4 
3 
1 1000000483  
1 1466565241  
1 520463853  
4 
3 
1 1157611433  
3 
6 
3 
6 
5 
5 
4 
1 1278867679  
6 
3 
4 
6 
5 
3 
5 
1 1914141116  
2 
4 
6 
1 1772579684  
4 
6 
3 
5 
6 
2 
4 
4 
5 
2 
5 
6 
3 
1 1089275282  
1 568100196  
5 
5 
6 
5 
2 
2 
4 
4 
1 720596636  
6 
1 1519290812  
1 1224978612  
1 90147809  
5 
3 
1 1971061739  
1 978341560  
1 1582425618  
2 
1 510877332  
2 
4 
6 
6 
4 
5 
4 
1 153782744  
3 
5 
1 1407150072  
3 
4 
6 
2 
3 
1 1413529199  
4 
1 1202337841  
3 
1 1584741912  
4 
2 
6 
4 
4 
6 
5 
5 
2 
4 
6 
1 1693204002  
5 
1 2138876110  
4 
1 238525777  
4 
3 
4 
1 1666974704  
6 
1 927140278  
2 
3 
5 
3 
5 
6 
2 
6 
4 
5 
3 
3 
2 
4 
1 731568955  
1 2134073382  
3 
5 
4 
6 
2 
1 1977408033  
4 
5 
6 
4 
3 
5 
2 
3 
6 
2 
1 474042654  
2 
5 
2 
4 
1 986590217  
1 1296489627  
1 994506507  
5 
2 
1 2144201650  
4 
1 427873658  
3 
6 
4 
2 
5 
1 761163976  
5 
6 
1 1769297686  
2 
1 1517148940  
2 
1 1329264172  
6 
2 
1 342410674  
4 
4 
4 
4 
3 
3 
6 
5 
1 888956104  
5 
6 
1 406759136  
1 432558483  
2 
1 712534195  
3 
2 
6 
1 1385100696  
2 
5 
6 
1 2014984101  
3 
5 
6 
4 
4 
1 1223411527  
6 
6 
2 
3 
6 
6 
5 
1 1538883440  
2 
1 1274650525  
5 
6 
6 
5 
1 489457078  
3 
6 
4 
6 
3 
2 
2 
3 
2 
6 
6 
6 
3 
6 
2 
3 
3 
2 
1 593737633  
3 
1 711908789  
6 
2 
5 
1 35177432  
1 585130096  
2 
1 950434567  
1 1702152137  
6 
6 
6 
3 
6 
5 
3 
4 
6 
4 
2 
6 
1 1512270374  
3 
1 1682003522  
5 
1 1688741871  
1 1342194759  
4 
6 
4 
6 
3 
5 
3 
5 
1 8562528  
3 
1 527848441  
2 
6 
4 
2 
5 
2 
2 
2 
1 491200738  
5 
1 1003069036  
2 
5 
5 
3 
3 
5 
6 
3 
3 
3 
2 
4 
2 
6 
5 
1 524566443  
6 
6 
5 
4 
5 
4 
4 
3 
4 
4 
6 
4 
5 
6 
3 
5 
6 
3 
5 
5 
1 919074396  
3 
2 
6 
1 1764233012  
4 
5 
1 146380482  
2 
6 
2 
2 
3 
1 288739688  
4 
3 
3 
4 
2 
2 
3 
2 
1 946013536  
6 
1 488791156  
6 
1 1177695793  
5 
3 
3 
6 
1 1352772672  
4 
6 
4 
4 
6 
5 
3 
3 
6 
3 
4 
4 
4 
6 
3 
1 921349640  
3 
5 
1 1890229988  
3 
1 590389720  
3 
1 788850093  
1 966157868  
4 
4 
2 
1 2129273160  
1 2063500619  
6 
2 
2 
6 
4 
2 
5 
3 
6 
6 
6 
6 
1 1455614946  
6 
4 
4 
4 
5 
6 
2 
6 
6 
5 
6 
2 
5 
1 575527145  
2 
2 
4 
5 
2 
2 
1 627925760  
2 
4 
5 
6 
5 
1 1490792379  
5 
3 
3 
3 
1 1160657241  
4 
1 1578360327  
6 
6 
5 
4 
6 
6 
4 
3 
5 
4 
6 
4 
5 
3 
3 
3 
1 1045460868  
6 
4 
1 525443967  
4 
5 
3 
1 1112880202  
4 
6 
1 586719091  
6 
1 1867638727  
3 
5 
6 
5 
4 
2 
1 1121442730  
2 
3 
2 
2 
4 
2 
5 
5 
6 
6 
5 
1 1114567532  
4 
2 
2 
4 
2 
2 
5 
5 
2 
4 
2 
6 
2 
6 
4 
4 
6 
2 
2 
3 
4 
2 
6 
3 
6 
2 
1 211355817  
1 2124511766  
3 
6 
1 1639133976  
1 1130430214  
6 
1 1741261130  
3 
6 
5 
5 
5 
3 
1 1785514458  
3 
6 
6 
3 
1 1419169902  
6 
1 539791018  
2 
3 
2 
5 
4 
1 126821966  
3 
5 
5 
6 
1 449382047  
5 
2 
4 
4 
5 
4 
4 
3 
1 1892563690  
6 
1 1048171606  
3 
1 192128388  
4 
1 335469762  
3 
6 
2 
3 
4 
6 
1 1837021700  
6 
2 
1 1158286256  
3 
3 
2 
6 
6 
2 
5 
5 
5 
6 
3 
1 317259274  
6 
5 
5 
6 
4 
5 
6 
4 
1 1753038671  
3 
4 
1 466417554  
3 
4 
4 
2 
5 
3 
1 892786420  
2 
2 
5 
5 
2 
2 
1 233480783  
4 
5 
2 
6 
6 
3 
5 
6 
4 
1 1957209933  
3 
5 
5 
5 
1 2053443661  
3 
2 
2 
6 
6 
6 
2 
3 
3 
4 
4 
5 
3 
2 
3 
6 
5 
3 
2 
4 
1 1811841111  
1 855187153  
1 431403981  
5 
2 
2 
2 
2 
5 
3 
3 
3 
6 
4 
3 
5 
5 
5 
6 
2 
4 
2 
6 
2 
5 
1 777237665  
2 
1 1441906245  
6 
1 151559060  
1 1898680395  
6 
2 
2 
6 
3 
5 
4 
3 
3 
2 
2 
4 
1 408990129  
6 
3 
3 
4 
1 362914877  
2 
5 
1 1875708514  
5 
4 
4 
1 2048124105  
4 
2 
2 
6 
5 
5 
3 
4 
1 1493345091  
1 1469485996  
5 
5 
6 
6 
6 
2 
4 
5 
4 
3 
1 1686154915  
2 
1 765031346  
4 
6 
2 
4 
2 
3 
2 
4 
6 
2 
1 2009277015  
4 
2 
1 1812976882  
1 1214413393  
3 
2 
3 
2 
6 
4 
2 
4 
1 1754357057  
3 
4 
2 
2 
6 
2 
2 
2 
5 
2 
6 
4 
3 
4 
2 
6 
2 
1 713664840  
3 
2 
2 
6 
1 1406541781  
1 2089826820  
1 403202892  
3 
1 417344389  
5 
3 
2 
2 
3 
6 
3 
5 
5 
3 
5 
1 259602446  
6 
4 
3 
5 
5 
6 
3 
2 
4 
3 
4 
2 
5 
6 
1 8757915  
3 
3 
5 
6 
2 
3 
1 883761944  
3 
3 
6 
2 
3 
1 1152388866  
3 
6 
6 
3 
1 242238699  
1 693488229  
2 
3 
5 
3 
2 
4 
5 
4 
1 1058348880  
1 2054079810  
2 
2 
5 
3 
5 
6 
5 
5 
1 1548675383  
1 1489752861  
4 
1 683833827  
6 
5 
6 
3 
2 
4 
1 843097980  
1 1641311921  
3 
6 
4 
6 
2 
1 435030574  
1 1252088109  
6 
4 
4 
1 2004226798  
3 
3 
3 
1 163255440  
5 
3 
3 
1 1152728567  
1 1350088242  
5 
4 
6 
1 1632741437  
3 
1 691399834  
2 
1 2115119588  
1 1494534804  
6 
6 
4 
1 356893068  
2 
1 1182049333  
3 
3 
5 
3 
6 
4 
5 
2 
1 1101408213  
3 
5 
4 
5 
3 
5 
4 
1 1070557909  
2 
6 
6 
4 
2 
5 
4 
5 
6 
6 
2 
5 
5 
2 
3 
1 441107467  
3 
2 
6 
3 
2 
1 1043751385  
6 
4 
1 1473760801  
1 858451856  
1 1303353832  
3 
1 1482518717  
6 
1 1742213800  
2 
2 
2 
5 
3 
1 308259050  
1 1724757416  
4 
3 
2 
3 
5 
4 
5 
5 
2 
1 288218382  
2 
5 
3 
3 
6 
6 
4 
3 
1 1366607930  
3 
1 1631353578  
3 
3 
1 1836893765  
5 
3 
5 
5 
5 
2 
6 
3 
4 
3 
1 708877143  
5 
4 
2 
6 
2 
3 
6 
1 167703757  
3 
2 
1 532508097  
3 
1 202705416  
3 
1 602734331  
4 
3 
5 
3 
6 
3 
1 1784596206  
4 
3 
1 59448567  
6 
4 
5 
5 
2 
5 
6 
5 
2 
3 
3 
4 
6 
2 
4 
4 
1 765989772  
3 
2 
6 
6 
3 
4 
1 789841125  
4 
5 
3 
5 
2 
5 
4 
6 
6 
4 
4 
3 
6 
2 
6 
2 
6 
2 
3 
6 
1 1409536809  
1 251247561  
6 
5 
4 
2 
4 
1 1481240960  
6 
2 
1 1377172749  
3 
6 
1 1745782365  
2 
2 
1 1838134028  
4 
1 411738434  
1 699706930  
4 
5 
4 
6 
4 
5 
4 
6 
5 
5 
1 761208289  
4 
2 
3 
2 
5 
3 
4 
2 
2 
3 
5 
6 
3 
4 
1 852845901  
6 
3 
1 1743458316  
6 
3 
5 
4 
3 
3 
3 
4 
1 87485443  
5 
1 1711297758  
6 
6 
4 
1 899328500  
1 1570004160  
6 
5 
1 1306027910  
3 
5 
2 
1 1207587550  
4 
1 1147277928  
3 
4 
4 
1 1594246292  
4 
2 
3 
5 
5 
4 
4 
1 426711833  
3 
3 
4 
3 
5 
4 
3 
6 
5 
3 
1 631147858  
2 
6 
1 1283656409  
5 
2 
4 
4 
3 
5 
2 
3 
5 
2 
6 
6 
5 
6 
2 
5 
3 
6 
2 
3 
3 
1 1135588976  
2 
2 
4 
1 798851615  
3 
2 
5 
3 
5 
5 
3 
2 
4 
6 
3 
4 
1 1816164506  
2 
4 
6 
1 1338294393  
5 
5 
4 
4 
4 
2 
5 
2 
2 
2 
4 
4 
3 
2 
5 
6 
6 
6 
6 
5 
3 
4 
4 
5 
4 
3 
1 1401585946  
2 
2 
4 
1 1453277065  
4 
1 1397742960  
5 
3 
1 20092070  
1 95634542  
5 
3 
1 659796121  
4 
5 
2 
2 
3 
2 
5 
2 
4 
3 
3 
5 
1 271339631  
6 
6 
3 
1 1576875502  
5 
4 
2 
1 2036968870  
5 
6 
1 2017121996  
2 
6 
5 
4 
2 
5 
6 
5 
4 
4 
5 
2 
6 
3 
3 
1 1267525883  
2 
5 
2 
2 
5 
3 
6 
2 
1 301223656  
1 569345279  
1 2028734172  
6 
5 
2 
2 
6 
2 
5 
5 
3 
5 
5 
2 
1 1154069558  
1 165319947  
6 
2 
5 
3 
1 2116219615  
5 
4 
3 
1 717883668  
6 
3 
1 1064648447  
1 1538740127  
6 
1 2023911578  
6 
6 
6 
2 
6 
5 
2 
2 
3 
6 
4 
3 
5 
3 
2 
3 
2 
5 
5 
2 
1 124752349  
1 538534407  
6 
6 
4 
4 
3 
2 
2 
6 
4 
5 
3 
2 
6 
1 1470674223  
6 
5 
3 
2 
3 
6 
1 551464182  
3 
3 
3 
4 
5 
6 
6 
4 
4 
1 1169682265  
4 
2 
1 606846984  
4 
5 
5 
5 
6 
1 1687053159  
1 1968533880  
6 
3 
3 
3 
4 
6 
6 
1 275527843  
3 
4 
2 
3 
2 
5 
4 
2 
1 877863904  
1 1222636179  
3 
5 
6 
5 
2 
3 
1 1728804908  
1 128123216  
6 
3 
5 
1 1242728249  
2 
4 
6 
5 
5 
2 
6 
2 
3 
2 
1 1824439450  
4 
5 
5 
4 
4 
2 
6 
2 
2 
5 
1 787919337  
2 
4 
1 1514067881  
3 
6 
4 
5 
6 
3 
6 
5 
6 
6 
3 
2 
5 
1 1253831305  
1 677404559  
5 
2 
2 
6 
1 1383706229  
3 
4 
3 
4 
4 
5 
2 
3 
4 
6 
3 
2 
3 
3 
1 373873540  
6 
3 
3 
6 
2 
2 
6 
1 978628215  
1 1953051508  
1 255124064  
5 
4 
3 
3 
6 
6 
2 
2 
5 
4 
2 
3 
5 
5 
1 2132697773  
6 
1 2118371455  
6 
1 223860032  
3 
2 
6 
6 
4 
5 
4 
4 
3 
1 703097793  
1 1035536254  
5 
3 
3 
2 
3 
3 
1 1762600159  
2 
2 
1 579525724  
2 
2 
1 1160288604  
5 
5 
5 
3 
6 
6 
4 
3 
3 
2 
4 
4 
5 
2 
1 153650919  
1 2050199947  
2 
5 
1 1711752786  
4 
3 
6 
6 
1 1323333184  
4 
1 509563283  
3 
6 
2 
1 1251322297  
2 
5 
1 1144383417  
3 
1 785091126  
6 
2 
5 
6 
5 
6 
1 2129186201  
4 
2 
1 219535948  
2 
5 
1 366412386  
2 
6 
4 
3 
3 
5 
1 109825769  
5 
2 
1 1462264197  
6 
3 
2 
1 43368189  
2 
5 
2 
6 
4 
3 
4 
2 
5 
5 
2 
3 
4 
3 
2 
4 
5 
5 
5 
2 
2 
1 897745106  
5 
6 
6 
6 
1 828848430  
2 
3 
6 
4 
1 1297199494  
3 
3 
2 
6 
5 
4 
2 
5 
6 
3 
2 
1 1575149665  
5 
6 
4 
5 
1 65071012  
2 
1 1671073034  
5 
3 
5 
2 
1 406294233  
3 
2 
4 
3 
2 
3 
5 
6 
2 
3 
4 
6 
4 
5 
6 
1 2018122520  
4 
4 
6 
3 
6 
1 1926197098  
2 
5 
5 
2 
2 
5 
4 
4 
6 
2 
2 
2 
5 
5 
4 
1 391508358  
3 
4 
3 
6 
5 
1 1989010328  
3 
2 
4 
3 
4 
3 
3 
4 
6 
2 
5 
1 2573482  
4 
5 
6 
1 1094606152  
5 
2 
5 
3 
2 
4 
4 
4 
1 877062934  
4 
5 
5 
1 1765173642  
6 
3 
6 
6 
2 
3 
5 
5 
4 
1 1674131876  
3 
4 
6 
3 
1 2037351538  
1 1918824561  
3 
3 
1 1576848175  
2 
6 
4 
1 1601620677  
5 
6 
2 
5 
6 
2 
4 
3 
5 
3 
6 
3 
1 1094674097  
2 
3 
6 
5 
1 2086411458  
6 
2 
2 
1 705459326  
1 91573866  
5 
6 
2 
5 
3 
5 
1 724018937  
5 
4 
4 
6 
5 
3 
2 
1 687161880  
6 
3 
1 311109814  
3 
2 
1 1090431323  
6 
4 
6 
4 
4 
4 
6 
3 
4 
4 
1 796987649  
3 
2 
6 
3 
4 
6 
4 
4 
2 
4 
1 1773374012  
2 
2 
6 
5 
3 
3 
6 
1 1133799512  
5 
6 
2 
5 
1 1694732756  
5 
6 
3 
1 454738794  
3 
1 283515358  
2 
5 
3 
5 
4 
5 
3 
6 
3 
3 
3 
3 
4 
5 
6 
6 
2 
4 
3 
5 
4 
5 
5 
3 
6 
1 1122398773  
5 
6 
3 
1 519809806  
3 
3 
1 1954588392  
3 
6 
1 1528693006  
5 
5 
6 
2 
5 
1 390448679  
6 
1 1733301843  
3 
2 
2 
2 
1 1920201365  
3 
6 
3 
5 
6 
4 
2 
3 
5 
1 231975359  
6 
3 
2 
5 
5 
5 
1 1735875325  
4 
2 
4 
6 
6 
1 867323869  
5 
6 
5 
6 
6 
4 
3 
2 
6 
2 
6 
5 
4 
3 
5 
1 1109038293  
5 
4 
4 
4 
4 
6 
6 
3 
2 
5 
4 
5 
2 
4 
4 
1 1353565319  
5 
6 
5 
5 
4 
3 
3 
2 
3 
6 
3 
6 
2 
5 
2 
5 
2 
6 
6 
4 
1 393972097  
4 
4 
1 998906184  
5 
5 
1 1124906232  
6 
2 
4 
5 
5 
2 
2 
3 
4 
5 
2 
3 
2 
2 
2 
5 
2 
3 
3 
6 
6 
5 
6 
6 
3 
6 
5 
5 
5 
4 
5 
3 
3 
5 
2 
1 1970820272  
5 
5 
2 
1 453043213  
1 72096682  
3 
1 1909748082  
2 
5 
6 
3 
5 
3 
1 1158502539  
4 
6 
4 
2 
2 
4 
1 163670548  
4 
5 
5 
6 
5 
1 486283371  
6 
3 
4 
3 
1 1845664419  
2 
5 
6 
6 
1 474780363  
4 
5 
3 
4 
2 
5 
4 
4 
6 
6 
4 
3 
4 
4 
3 
3 
5 
4 
5 
6 
4 
4 
1 1576714695  
5 
2 
4 
3 
3 
3 
5 
2 
5 
3 
3 
6 
4 
2 
6 
3 
1 495168421  
6 
1 100670727  
4 
6 
3 
6 
6 
6 
4 
6 
5 
1 563030559  
5 
1 42417529  
2 
1 555409521  
2 
4 
6 
1 846545918  
4 
2 
2 
3 
2 
1 1164816302  
4 
2 
1 1075219328  
3 
6 
2 
6 
3 
6 
2 
6 
1 653650662  
5 
2 
3 
4 
5 
1 546025661  
2 
4 
1 1465668007  
1 239468857  
3 
1 318743378  
4 
5 
1 1697643366  
3 
6 
1 1975344183  
4 
1 1186067247  
6 
1 659198011  
6 
1 1181425854  
2 
5 
2 
6 
4 
3 
5 
4 
5 
2 
6 
6 
5 
6 
3 
2 
1 1580039344  
2 
1 1658104195  
3 
3 
4 
3 
6 
2 
1 158848439  
5 
2 
6 
1 1403375968  
3 
4 
1 2111147408  
1 230945121  
5 
1 1165640402  
3 
4 
2 
2 
5 
1 1122166300  
2 
3 
2 
1 394615669  
4 
4 
5 
2 
4 
3 
5 
1 1651923774  
5 
2 
3 
2 
3 
2 
5 
5 
4 
1 820347071  
6 
3 
5 
6 
2 
3 
2 
1 869396032  
1 1081154821  
5 
3 
2 
3 
5 
5 
2 
5 
1 1315515492  
4 
2 
4 
2 
1 970066759  
3 
1 1644185380  
6 
5 
1 1357933021  
6 
3 
1 1525476281  
5 
5 
2 
2 
2 
5 
5 
4 
1 343247650  
5 
2 
2 
1 375265676  
4 
5 
5 
2 
2 
6 
5 
3 
2 
6 
4 
1 453211961  
5 
4 
1 996898313  
4 
4 
3 
6 
6 
1 921291337  
4 
6 
6 
1 1918879968  
4 
3 
6 
4 
5 
3 
6 
3 
2 
6 
6 
1 1236367170  
2 
4 
3 
5 
5 
1 1240034715  
1 1469039686  
1 1064227705  
4 
2 
2 
6 
3 
1 278618314  
4 
3 
5 
2 
6 
3 
2 
5 
3 
4 
6 
4 
5 
4 
4 
4 
1 2128237697  
4 
3 
1 98169912  
4 
4 
1 1858657658  
1 1638858245  
5 
4 
2 
6 
1 257018351  
1 1114549978  
2 
5 
6 
3 
6 
1 1602522005  
3 
2 
6 
2 
3 
5 
5 
3 
3 
2 
1 487963472  
3 
2 
1 132706732  
5 
4 
2 
4 
4 
2 
4 
5 
3 
3 
5 
4 
5 
4 
6 
3 
5 
5 
5 
4 
6 
4 
4 
1 577204657  
2 
6 
2 
5 
4 
4 
4 
4 
5 
4 
4 
5 
4 
1 882579141  
6 
2 
5 
5 
2 
4 
5 
5 
6 
1 1784630506  
2 
1 1397551729  
1 1751975174  
3 
4 
5 
4 
5 
1 718301679  
6 
2 
4 
3 
2 
4 
2 
1 565583573  
6 
5 
3 
2 
3 
1 574558285  
5 
5 
5 
4 
2 
1 215003412  
5 
2 
2 
4 
1 1923516595  
6 
4 
5 
1 2100034566  
5 
4 
2 
6 
2 
2 
2 
2 
1 558251062  
6 
2 
2 
3 
4 
5 
4 
6 
4 
4 
1 151298623  
3 
5 
4 
5 
2 
4 
1 405762879  
3 
4 
2 
1 1555149375  
5 
2 
5 
4 
5 
5 
6 
4 
6 
2 
5 
2 
3 
4 
3 
4 
6 
6 
4 
1 1072589960  
3 
4 
2 
4 
6 
3 
1 177159199  
4 
3 
4 
1 644032898  
2 
4 
6 
6 
2 
2 
2 
6 
1 165141027  
3 
1 1646198885  
4 
6 
4 
5 
2 
5 
2 
3 
1 1708260603  
4 
4 
3 
2 
2 
6 
6 
2 
4 
6 
5 
6 
6 
3 
5 
6 
3 
4 
2 
6 
5 
1 443759341  
3 
4 
2 
2 
5 
4 
6 
4 
1 1626952935  
2 
6 
5 
2 
5 
6 
3 
3 
1 1806430515  
2 
4 
5 
2 
2 
6 
4 
3 
1 154933351  
1 1118327532  
5 
4 
6 
1 2063448866  
3 
4 
1 1269483329  
3 
1 573365889  
5 
3 
2 
6 
2 
1 403928690  
6 
2 
1 1402190061  
6 
1 1150570547  
2 
3 
4 
4 
6 
3 
6 
3 
6 
6 
6 
4 
5 
4 
4 
6 
4 
2 
1 1286507832  
2 
1 1039336920  
4 
6 
4 
1 400638628  
5 
2 
4 
5 
3 
2 
1 890999358  
1 1757638599  
2 
1 966222201  
3 
6 
5 
3 
5 
3 
2 
3 
4 
2 
3 
4 
3 
4 
1 1465557643  
1 1972642011  
5 
5 
5 
1 742255148  
6 
2 
2 
5 
5 
3 
4 
2 
5 
5 
4 
3 
5 
4 
6 
5 
1 1418108562  
6 
6 
6 
4 
2 
4 
1 383409426  
5 
4 
5 
1 893553771  
2 
6 
6 
5 
4 
5 
1 1823871441  
2 
6 
4 
6 
1 1938558801  
5 
6 
2 
1 1966143731  
6 
6 
5 
6 
6 
3 
5 
5 
6 
5 
4 
5 
1 2001030641  
2 
1 435108051  
2 
3 
6 
6 
4 
5 
3 
4 
4 
2 
3 
3 
1 2131284758  
3 
2 
4 
2 
2 
5 
4 
5 
5 
4 
1 1499745878  
5 
3 
4 
6 
4 
4 
6 
2 
6 
6 
3 
6 
2 
5 
4 
3 
5 
3 
1 2143368655  
6 
3 
3 
1 427560451  
4 
2 
6 
6 
3 
6 
1 979215165  
1 1802315522  
5 
3 
2 
5 
5 
3 
4 
2 
3 
3 
3 
6 
2 
2 
5 
4 
3 
4 
5 
2 
6 
5 
6 
4 
3 
1 582493802  
2 
5 
3 
2 
4 
2 
3 
2 
4 
2 
6 
1 2097542697  
6 
3 
3 
2 
3 
4 
1 1718280741  
2 
5 
2 
3 
5 
2 
4 
4 
3 
6 
5 
4 
3 
1 1851977131  
5 
4 
4 
2 
6 
6 
3 
6 
2 
1 523424939  
3 
6 
3 
3 
3 
3 
3 
6 
4 
6 
6 
4 
4 
2 
2 
3 
5 
4 
1 2122209431  
4 
4 
1 1106683545  
5 
6 
3 
3 
5 
3 
1 1673995486  
2 
5 
3 
2 
5 
5 
2 
4 
2 
4 
4 
2 
4 
4 
2 
2 
2 
4 
6 
6 
2 
2 
5 
5 
6 
1 1261233615  
6 
5 
4 
4 
3 
2 
2 
5 
3 
5 
3 
1 2146020465  
1 2074634114  
3 
3 
4 
3 
1 4749325  
6 
2 
4 
1 1756175416  
4 
6 
1 893372667  
1 1470306969  
5 
1 1581333780  
6 
3 
2 
5 
6 
2 
6 
2 
6 
1 1635627816  
4 
6 
5 
1 740931883  
4 
2 
2 
3 
5 
6 
5 
4 
6 
2 
3 
2 
6 
5 
3 
3 
2 
6 
6 
6 
5 
5 
3 
4 
1 1964743206  
3 
6 
1 381697939  
3 
5 
3 
5 
5 
5 
1 417319676  
5 
6 
6 
5 
6 
1 1755818359  
6 
2 
5 
4 
3 
4 
1 200358023  
4 
5 
2 
1 270866669  
3 
2 
5 
1 43442763  
2 
2 
4 
1 184159133  
2 
6 
5 
2 
2 
2 
2 
6 
2 
1 1770612548  
1 39327770  
5 
6 
1 611719585  
3 
3 
2 
5 
3 
2 
5 
6 
5 
1 602344065  
3 
6 
4 
1 1841643292  
6 
6 
5 
5 
5 
3 
5 
1 1194213387  
5 
5 
5 
2 
3 
4 
1 552403115  
4 
4 
3 
4 
6 
1 1412440385  
5 
4 
2 
3 
1 898706871  
4 
3 
3 
4 
5 
2 
1 1075828054  
3 
2 
3 
6 
3 
1 1387166169  
6 
4 
4 
3 
5 
6 
6 
3 
6 
6 
3 
3 
2 
4 
6 
3 
3 
5 
3 
1 2005390416  
2 
3 
1 602339892  
3 
2 
6 
1 500916136  
5 
5 
1 2003927233  
3 
6 
6 
6 
3 
4 
2 
6 
3 
3 
2 
1 529490358  
2 
4 
5 
4 
6 
5 
6 
1 505665462  
2 
4 
4 
6 
2 
5 
4 
6 
3 
4 
5 
1 1612619001  
2 
6 
4 
3 
5 
6 
6 
6 
5 
5 
4 
2 
3 
2 
2 
4 
2 
5 
3 
6 
5 
2 
5 
3 
5 
2 
6 
4 
6 
2 
6 
4 
6 
6 
5 
1 1422863025  
3 
3 
5 
3 
1 1975972431  
6 
2 
1 1046469133  
3 
6 
4 
5 
3 
5 
3 
2 
4 
6 
2 
1 911007193  
5 
3 
2 
2 
6 
1 569420666  
5 
3 
3 
3 
4 
2 
2 
4 
2 
1 863728691  
1 1292705133  
1 986740342  
6 
4 
1 472063403  
5 
3 
2 
5 
6 
3 
5 
1 1493063156  
5 
2 
3 
1 1257607012  
2 
6 
3 
6 
3 
3 
1 515506166  
1 1677222289  
1 880735912  
4 
6 
6 
1 554833936  
4 
2 
4 
3 
6 
4 
6 
2 
4 
4 
5 
2 
1 141458226  
1 1483079977  
3 
1 248993580  
2 
2 
6 
4 
3 
6 
5 
6 
2 
3 
5 
6 
3 
6 
6 
2 
4 
2 
1 1335671614  
1 2035483092  
3 
4 
5 
3 
6 
3 
4 
2 
3 
6 
3 
1 1661433966  
4 
5 
6 
4 
1 86894837  
3 
2 
4 
6 
5 
5 
3 
5 
1 963827498  
2 
5 
4 
5 
5 
3 
6 
6 
4 
3 
4 
3 
2 
4 
2 
5 
3 
4 
6 
2 
2 
3 
2 
6 
1 901116487  
6 
1 2092285253  
3 
5 
2 
2 
1 1566167390  
2 
2 
6 
4 
2 
1 1402032623  
3 
6 
6 
6 
4 
1 1948728838  
1 2095657748  
6 
2 
4 
3 
6 
4 
5 
3 
1 1907698085  
4 
5 
3 
6 
3 
3 
5 
4 
4 
4 
4 
1 1413864191  
2 
4 
4 
3 
4 
6 
3 
1 1371037126  
3 
5 
1 1736186868  
2 
1 312849677  
6 
4 
6 
2 
1 134560671  
1 158123886  
6 
4 
5 
5 
3 
5 
6 
2 
2 
3 
6 
5 
5 
1 1176578368  
2 
6 
5 
1 1427265804  
3 
5 
2 
3 
1 1144864229  
2 
5 
1 1648641771  
4 
3 
4 
6 
4 
1 772845312  
3 
3 
5 
6 
2 
3 
6 
4 
4 
5 
2 
3 
1 254987593  
1 16664289  
2 
1 302583954  
6 
1 1135723505  
1 571498225  
4 
6 
1 444042180  
4 
3 
6 
5 
3 
6 
5 
3 
2 
3 
5 
4 
6 
6 
4 
3 
1 471319834  
6 
1 820491806  
4 
2 
1 1779713794  
4 
1 359319279  
2 
4 
4 
3 
2 
2 
3 
6 
5 
5 
1 334442124  
5 
6 
5 
5 
5 
4 
3 
4 
4 
5 
5 
1 1866608631  
2 
5 
6 
2 
3 
3 
3 
3 
4 
5 
2 
2 
2 
2 
1 1323146777  
6 
1 1235558611  
2 
5 
4 
4 
2 
1 1811410236  
4 
6 
1 741830520  
4 
4 
4 
1 490107586  
2 
3 
6 
3 
6 
4 
4 
3 
6 
1 1612655426  
4 
4 
5 
3 
1 690004620  
6 
2 
4 
2 
5 
6 
5 
2 
1 250322024  
6 
5 
6 
1 879035970  
3 
5 
6 
3 
6 
4 
2 
3 
3 
6 
5 
3 
1 2061041746  
4 
3 
4 
5 
3 
6 
4 
1 1986508892  
6 
5 
2 
4 
3 
6 
3 
3 
6 
4 
5 
2 
4 
6 
6 
6 
4 
1 1191885647  
5 
5 
3 
2 
1 48118770  
4 
5 
2 
3 
4 
2 
6 
5 
4 
6 
1 2144632779  
3 
6 
5 
4 
4 
6 
5 
4 
4 
4 
5 
5 
3 
5 
2 
2 
6 
4 
4 
1 220980367  
1 1475384574  
2 
4 
5 
3 
3 
1 1142013360  
2 
5 
5 
5 
2 
1 1869622139  
4 
4 
2 
5 
4 
3 
3 
4 
5 
3 
5 
6 
6 
3 
5 
6 
5 
4 
3 
4 
1 100746239  
4 
1 1397000953  
6 
6 
6 
6 
3 
1 1886286428  
2 
4 
6 
3 
3 
1 403330193  
2 
6 
6 
3 
3 
1 385240810  
3 
2 
1 310301006  
6 
1 847372373  
1 856560644  
3 
2 
5 
3 
5 
5 
5 
1 1130792812  
3 
6 
1 479602520  
4 
3 
4 
4 
1 1215879923  
1 1465234936  
6 
6 
5 
3 
5 
6 
2 
5 
5 
4 
1 198727503  
6 
6 
5 
5 
2 
2 
3 
5 
6 
1 391543053  
3 
2 
1 553309899  
3 
4 
3 
2 
2 
4 
5 
6 
4 
4 
3 
1 2010137740  
1 1133373573  
6 
6 
4 
2 
4 
4 
6 
6 
2 
4 
5 
2 
1 1043417485  
1 1475309518  
1 1823378193  
3 
1 1293739509  
5 
6 
4 
6 
2 
2 
5 
3 
5 
3 
5 
5 
4 
4 
6 
2 
6 
4 
3 
1 206861840  
5 
6 
2 
3 
3 
3 
4 
1 1736936292  
5 
3 
3 
5 
3 
6 
1 1132764754  
2 
4 
6 
3 
5 
2 
3 
4 
4 
5 
1 1398747487  
4 
3 
3 
6 
5 
2 
6 
3 
6 
1 1785055062  
5 
5 
3 
2 
3 
4 
2 
6 
3 
3 
5 
2 
4 
4 
5 
5 
5 
6 
2 
5 
1 1129913885  
6 
6 
6 
3 
1 1619727855  
6 
3 
5 
4 
6 
6 
5 
3 
5 
3 
3 
1 1112955988  
6 
1 124443597  
6 
3 
5 
3 
2 
4 
5 
2 
1 1341866346  
3 
6 
4 
5 
6 
5 
5 
5 
4 
1 1213702227  
2 
2 
3 
6 
2 
6 
4 
4 
3 
2 
6 
5 
5 
4 
1 1521444550  
1 1080669126  
4 
1 1617032420  
3 
2 
2 
6 
4 
3 
1 1906685360  
2 
6 
2 
5 
3 
2 
2 
4 
1 1390970132  
1 316921146  
5 
2 
5 
2 
4 
2 
5 
6 
2 
6 
1 615762356  
4 
4 
1 374279296  
3 
3 
6 
1 796523666  
1 1831642280  
3 
4 
6 
4 
5 
5 
1 1839514232  
1 995251169  
2 
1 75701685  
2 
5 
2 
4 
3 
5 
6 
4 
5 
3 
5 
5 
1 245340483  
1 857905261  
6 
6 
3 
5 
2 
3 
1 1209075258  
5 
4 
3 
4 
4 
5 
5 
4 
3 
5 
3 
6 
3 
5 
2 
2 
6 
2 
6 
4 
2 
6 
2 
2 
3 
2 
5 
1 1288757969  
4 
1 185731132  
1 884969803  
3 
6 
3 
1 435013830  
1 392592972  
5 
6 
3 
1 474422447  
1 1567778584  
5 
6 
2 
4 
1 1791340460  
1 111993861  
5 
6 
4 
3 
6 
2 
3 
1 550208821  
5 
4 
4 
2 
3 
1 1263584667  
5 
6 
3 
5 
6 
5 
2 
3 
1 1224949850  
5 
1 674652418  
3 
2 
3 
1 457967365  
2 
2 
5 
2 
1 291168429  
1 48613320  
4 
6 
1 1538636491  
6 
2 
4 
4 
2 
4 
5 
4 
2 
6 
1 1908200850  
5 
3 
2 
4 
4 
3 
2 
1 1955298680  
5 
4 
1 782122976  
4 
2 
6 
1 77638348  
1 423577389  
2 
5 
1 1156402272  
6 
3 
6 
6 
6 
6 
2 
5 
5 
5 
6 
6 
4 
5 
3 
1 874162014  
1 107736021  
1 848432857  
6 
4 
4 
2 
5 
5 
3 
1 1869413183  
2 
4 
6 
2 
5 
1 183437706  
3 
6 
5 
3 
1 1093773340  
2 
6 
5 
4 
3 
1 579834797  
5 
1 1392512964  
1 235047661  
5 
1 765565929  
1 129999119  
5 
2 
6 
6 
3 
3 
3 
2 
5 
4 
3 
3 
2 
6 
3 
4 
2 
3 
5 
5 
2 
2 
3 
5 
4 
4 
4 
2 
2 
3 
2 
5 
3 
4 
1 670061492  
1 1158158901  
4 
6 
6 
2 
5 
4 
4 
1 604421567  
4 
4 
2 
6 
1 90356428  
6 
3 
2 
2 
6 
4 
2 
1 802015713  
4 
4 
1 716415428  
2 
4 
6 
2 
4 
3 
5 
2 
4 
3 
4 
2 
1 640565250  
3 
1 2065600380  
2 
5 
4 
5 
1 1941365278  
4 
2 
3 
2 
6 
6 
3 
5 
5 
6 
6 
3 
4 
6 
4 
3 
6 
3 
3 
4 
6 
5 
6 
1 1315217668  
4 
4 
5 
3 
5 
4 
4 
2 
5 
2 
1 376084097  
3 
4 
6 
6 
5 
6 
6 
6 
3 
4 
3 
3 
5 
4 
3 
6 
2 
4 
2 
2 
5 
4 
3 
2 
5 
1 85050060  
6 
1 1363830989  
3 
6 
4 
2 
1 1914720589  
4 
5 
6 
6 
6 
1 1993250910  
6 
4 
3 
4 
1 1171646021  
5 
4 
3 
2 
3 
4 
6 
1 549359917  
5 
6 
1 2070889258  
6 
2 
4 
3 
3 
6 
5 
4 
5 
4 
3 
3 
4 
5 
3 
5 
4 
6 
6 
3 
6 
6 
6 
5 
4 
4 
5 
6 
5 
4 
2 
1 1595223410  
4 
6 
3 
3 
1 1705762189  
6 
6 
5 
4 
5 
2 
4 
1 797567624  
1 1702959431  
1 406711398  
5 
3 
1 519497159  
2 
4 
4 
2 
2 
1 1886397137  
2 
5 
6 
5 
5 
3 
5 
2 
3 
5 
3 
1 1500484739  
4 
1 1099331956  
4 
1 1131426453  
1 1735532400  
6 
6 
1 1864897885  
2 
5 
2 
3 
5 
6 
5 
2 
1 1261425573  
5 
1 258110244  
2 
6 
3 
4 
4 
1 875573139  
1 1865847140  
1 348466673  
3 
4 
5 
1 1677588852  
5 
3 
5 
2 
3 
2 
6 
4 
3 
1 434778920  
5 
5 
3 
1 989031923  
3 
5 
3 
4 
1 1595705585  
1 228660551  
4 
3 
6 
6 
3 
2 
2 
5 
1 156765943  
4 
3 
2 
6 
1 1971789682  
1 313710611  
1 1520596932  
1 1739026623  
3 
6 
2 
1 159477873  
1 544759306  
3 
4 
6 
4 
5 
4 
4 
3 
4 
4 
4 
5 
1 140902892  
6 
4 
4 
4 
6 
4 
4 
6 
1 82883483  
6 
6 
4 
4 
5 
1 2139982716  
1 1846665082  
1 880451107  
3 
5 
5 
4 
3 
4 
2 
3 
6 
2 
3 
6 
3 
1 1695458500  
4 
6 
3 
5 
2 
5 
5 
2 
4 
4 
5 
5 
3 
2 
6 
2 
5 
5 
5 
2 
1 105892832  
2 
2 
5 
6 
2 
3 
4 
1 1399948266  
6 
6 
3 
2 
5 
4 
3 
5 
1 1434371989  
6 
6 
3 
2 
4 
2 
4 
2 
4 
6 
2 
1 1606377571  
4 
5 
5 
4 
4 
2 
3 
1 351796575  
6 
3 
2 
1 418314795  
1 1194426324  
4 
1 69210812  
5 
2 
6 
1 1679740368  
5 
1 1452536568  
2 
4 
2 
6 
3 
1 944783951  
3 
4 
4 
5 
4 
6 
6 
4 
5 
1 1398103860  
1 1801003241  
6 
4 
2 
5 
4 
1 474889156  
6 
3 
2 
2 
4 
3 
3 
3 
4 
6 
4 
3 
3 
2 
3 
5 
5 
2 
3 
3 
4 
2 
2 
5 
5 
6 
1 1832882780  
1 642551516  
2 
4 
1 2070594741  
6 
1 2061543331  
2 
4 
2 
4 
4 
5 
2 
6 
4 
1 799317460  
2 
3 
5 
4 
6 
6 
1 1894900775  
5 
2 
4 
5 
4 
1 227770294  
3 
2 
4 
5 
4 
4 
1 172430744  
2 
6 
3 
3 
4 
2 
1 1486443751  
4 
1 387248167  
1 717190050  
2 
3 
1 1627346643  
2 
2 
2 
2 
4 
6 
5 
2 
2 
2 
4 
1 470131650  
1 709689119  
6 
6 
4 
6 
6 
1 1326528077  
2 
5 
4 
1 1350582757  
5 
5 
6 
6 
6 
4 
3 
6 
1 257663971  
6 
3 
4 
1 1432420910  
6 
3 
1 603047376  
2 
3 
2 
4 
5 
6 
5 
2 
4 
4 
5 
3 
6 
6 
4 
6 
2 
2 
1 1692035960  
3 
2 
2 
4 
1 891314833  
2 
2 
5 
6 
3 
4 
1 954843951  
3 
5 
2 
2 
1 2110350755  
3 
2 
6 
6 
1 2085741157  
6 
5 
2 
5 
6 
1 1024054763  
1 1642607475  
5 
5 
6 
2 
6 
5 
6 
2 
2 
1 1390794078  
2 
6 
1 1968838715  
5 
4 
5 
3 
5 
3 
4 
5 
6 
6 
1 893227687  
2 
6 
5 
3 
5 
1 1044313671  
2 
4 
2 
6 
1 296244223  
3 
3 
1 578626820  
4 
3 
3 
4 
5 
1 1686865188  
3 
4 
3 
6 
4 
3 
1 219355316  
6 
3 
3 
1 492686503  
3 
2 
4 
3 
1 338699000  
4 
1 2114256091  
6 
3 
6 
5 
2 
1 720456798  
3 
3 
3 
2 
2 
3 
1 511129744  
4 
5 
1 1453216194  
2 
1 1107704965  
4 
6 
5 
2 
5 
5 
3 
3 
1 1228319795  
5 
4 
1 933079190  
3 
2 
5 
5 
5 
6 
6 
4 
5 
2 
6 
5 
4 
4 
5 
4 
3 
1 1577836616  
4 
2 
6 
3 
4 
2 
4 
5 
5 
4 
4 
4 
5 
6 
6 
2 
2 
1 1938008914  
4 
1 112123619  
3 
1 780935725  
2 
2 
1 48189237  
2 
5 
1 1544544529  
1 1383983101  
3 
5 
1 1740225197  
1 288375715  
5 
6 
1 191343404  
2 
4 
5 
1 1703092305  
3 
2 
4 
2 
5 
4 
4 
3 
1 226633224  
2 
3 
1 1215398168  
4 
5 
2 
3 
6 
3 
3 
4 
1 1198216132  
5 
1 1617427302  
6 
5 
6 
3 
1 1036753235  
6 
4 
3 
2 
4 
5 
5 
2 
1 2091443820  
6 
6 
2 
5 
5 
5 
4 
2 
3 
2 
6 
2 
4 
4 
6 
6 
6 
2 
6 
2 
5 
5 
2 
6 
1 514257326  
4 
3 
4 
3 
2 
1 1332997458  
3 
4 
1 522586992  
4 
6 
1 53638866  
4 
1 1552352774  
4 
5 
5 
1 1015273495  
4 
4 
1 392337866  
3 
1 1519125217  
1 1735730293  
1 903467610  
2 
3 
3 
5 
4 
5 
5 
3 
1 824857764  
5 
4 
3 
2 
6 
3 
4 
5 
1 695951611  
5 
3 
2 
1 2131787405  
4 
3 
1 1757936954  
4 
6 
1 126304579  
2 
4 
4 
2 
3 
2 
4 
2 
2 
2 
5 
2 
4 
6 
5 
3 
1 1922312671  
6 
1 1870060573  
3 
4 
1 907240304  
4 
5 
5 
1 1970501908  
4 
5 
3 
4 
3 
4 
3 
2 
5 
3 
1 1267121455  
5 
1 143739758  
5 
5 
5 
6 
5 
4 
1 1563243458  
2 
1 1555497170  
5 
3 
4 
4 
6 
1 335083162  
5 
6 
2 
6 
3 
1 1118852115  
4 
5 
4 
2 
5 
3 
2 
4 
4 
5 
5 
4 
6 
4 
3 
3 
5 
1 1782130394  
2 
2 
3 
4 
3 
5 
3 
4 
5 
2 
1 1550481330  
3 
3 
4 
1 169584599  
1 1252074049  
1 439750917  
6 
5 
2 
4 
5 
2 
5 
4 
6 
3 
6 
4 
5 
1 113544771  
4 
3 
6 
2 
2 
2 
3 
1 1766331375  
6 
1 1772748375  
6 
3 
4 
2 
2 
3 
4 
1 636131763  
1 1819970241  
6 
6 
4 
1 1177617501  
2 
4 
2 
3 
5 
4 
2 
2 
5 
5 
3 
1 1651405259  
5 
1 64824459  
6 
4 
1 549259071  
1 1239651904  
5 
1 968292069  
6 
4 
4 
3 
6 
5 
4 
5 
4 
4 
5 
4 
3 
2 
5 
6 
2 
5 
6 
6 
3 
3 
6 
6 
1 1374116835  
2 
1 1935603515  
2 
5 
5 
2 
6 
1 952595827  
6 
2 
6 
4 
3 
1 984570141  
2 
6 
6 
6 
4 
4 
6 
6 
4 
3 
4 
1 2061908094  
5 
6 
4 
5 
5 
2 
6 
2 
6 
6 
6 
4 
1 727424850  
4 
2 
3 
6 
5 
1 707147066  
3 
3 
5 
5 
3 
5 
2 
1 821664751  
4 
3 
4 
6 
3 
3 
1 550443111  
1 1974268521  
2 
1 965404509  
6 
3 
4 
3 
6 
6 
4 
3 
4 
2 
2 
4 
3 
6 
1 2113686569  
2 
1 1382282043  
5 
2 
5 
6 
1 1300487671  
5 
4 
3 
1 1085055036  
6 
4 
3 
3 
5 
5 
3 
1 1016928790  
5 
3 
6 
1 703485354  
2 
1 1254639635  
3 
5 
6 
6 
3 
4 
6 
1 121519191  
6 
3 
3 
5 
6 
3 
2 
6 
1 1143236271  
3 
2 
6 
3 
4 
1 1368184407  
5 
1 1887850566  
5 
2 
4 
6 
3 
2 
1 768500999  
3 
6 
5 
4 
4 
5 
5 
1 2004316170  
2 
6 
6 
1 1560337159  
4 
5 
1 1946118500  
1 1508237781  
1 1625161618  
4 
3 
4 
4 
5 
3 
5 
4 
5 
2 
6 
5 
4 
3 
4 
1 347893923  
4 
3 
3 
2 
6 
3 
1 600406038  
6 
5 
4 
4 
6 
5 
2 
2 
2 
5 
4 
3 
