5 
2 
1 796977590  
4 
5 
6 
6 
5 
1 1866784440  
4 
5 
6 
4 
4 
3 
5 
1 133133702  
5 
1 1733316892  
5 
6 
5 
1 1779994137  
2 
4 
3 
1 1831157892  
3 
3 
5 
4 
1 1352524872  
4 
4 
5 
3 
2 
5 
1 1604395163  
4 
4 
2 
3 
3 
1 63132606  
3 
6 
5 
5 
3 
1 1684141498  
3 
1 1878827263  
4 
3 
2 
3 
1 3287526  
1 1439070550  
2 
1 1647513753  
1 892380117  
2 
5 
5 
1 1668072726  
4 
2 
5 
5 
1 647958116  
2 
3 
5 
6 
4 
4 
1 1215043541  
6 
1 1530299973  
3 
6 
4 
5 
1 498000937  
5 
4 
2 
1 858060856  
1 1942630012  
5 
1 429062690  
3 
6 
6 
5 
3 
4 
2 
2 
4 
4 
3 
4 
2 
5 
1 978714266  
1 1285417426  
3 
5 
2 
5 
5 
6 
2 
6 
2 
1 1128243350  
2 
1 333818188  
4 
5 
3 
2 
4 
1 1485321889  
1 178496111  
6 
2 
4 
6 
6 
5 
2 
5 
4 
3 
5 
4 
3 
3 
2 
3 
1 588949267  
6 
6 
3 
1 453563543  
5 
2 
5 
5 
3 
1 975473701  
5 
5 
4 
3 
6 
3 
5 
4 
5 
5 
2 
5 
2 
1 308250059  
4 
2 
4 
3 
3 
1 586697245  
6 
6 
5 
1 561306945  
3 
4 
1 2088244196  
1 270371489  
6 
2 
4 
1 1913831818  
3 
2 
1 1545155711  
1 333504095  
6 
6 
4 
5 
1 1450489668  
2 
1 1276499326  
5 
2 
3 
4 
4 
5 
4 
1 336791622  
2 
3 
2 
5 
2 
1 742076570  
1 776529431  
5 
5 
6 
2 
6 
2 
1 1229171739  
1 262665648  
4 
6 
4 
6 
4 
6 
4 
6 
1 1424487548  
4 
5 
2 
1 296731632  
6 
2 
4 
6 
3 
2 
6 
4 
4 
4 
3 
4 
6 
6 
6 
2 
5 
1 1792965622  
6 
2 
4 
4 
1 1922488485  
3 
5 
1 1154792488  
4 
3 
2 
5 
6 
1 1588111986  
5 
2 
5 
1 204067527  
1 2133506754  
3 
4 
5 
3 
4 
3 
6 
2 
1 726045764  
1 1332310877  
5 
4 
4 
1 319841294  
1 63884006  
4 
1 1510806988  
4 
2 
6 
6 
5 
5 
5 
3 
1 908790561  
5 
2 
2 
3 
3 
1 517447549  
6 
6 
2 
6 
6 
4 
4 
2 
1 338797042  
2 
2 
4 
3 
4 
2 
3 
4 
2 
5 
1 1217040620  
2 
1 1104144795  
5 
1 900103987  
2 
1 1157801168  
3 
4 
1 1374516284  
1 666452157  
3 
1 555473232  
4 
5 
2 
3 
6 
6 
3 
5 
4 
6 
2 
5 
4 
4 
3 
1 1708020380  
3 
4 
6 
2 
5 
1 2116941825  
3 
1 1831972558  
4 
1 2044812002  
2 
3 
1 711534747  
1 461018342  
1 1126500093  
4 
5 
2 
4 
2 
4 
1 974200396  
5 
6 
2 
3 
6 
3 
3 
4 
1 1885505890  
3 
3 
4 
2 
4 
3 
1 1423231725  
4 
4 
1 619682370  
1 1660510727  
3 
4 
3 
2 
4 
5 
6 
2 
1 430540566  
2 
6 
4 
2 
3 
2 
5 
5 
6 
1 60310708  
3 
4 
4 
4 
3 
3 
4 
5 
5 
5 
3 
6 
4 
5 
1 1864578254  
4 
1 416563672  
6 
5 
1 786356472  
5 
5 
6 
6 
2 
3 
6 
2 
1 1049405483  
2 
5 
4 
6 
3 
5 
1 736404967  
3 
1 850240478  
1 412728824  
5 
4 
2 
5 
2 
5 
1 1645195528  
1 1367688028  
3 
4 
2 
2 
4 
2 
2 
6 
6 
4 
2 
3 
4 
1 751525866  
1 714752501  
5 
3 
5 
5 
1 324349175  
1 1651629853  
3 
3 
1 1872553669  
1 1698865459  
6 
4 
5 
3 
5 
6 
2 
4 
6 
6 
6 
4 
6 
2 
1 170598363  
6 
3 
2 
5 
5 
1 280543253  
5 
6 
4 
5 
1 1259402191  
6 
2 
2 
3 
2 
1 140056540  
6 
1 2112515812  
3 
3 
5 
5 
3 
2 
4 
6 
3 
3 
4 
5 
5 
2 
3 
2 
4 
2 
3 
6 
3 
2 
1 1156730545  
5 
3 
5 
2 
1 851591288  
4 
1 426050506  
5 
2 
5 
6 
6 
6 
6 
2 
6 
5 
4 
3 
6 
4 
1 135746990  
4 
5 
3 
3 
2 
6 
3 
6 
6 
4 
1 1825791684  
6 
3 
4 
5 
3 
6 
2 
2 
6 
5 
5 
6 
2 
5 
5 
4 
2 
4 
1 164072748  
2 
6 
1 1558978716  
4 
1 297990406  
4 
5 
1 1824583475  
3 
1 1989519282  
2 
3 
5 
2 
5 
6 
1 358301114  
5 
3 
3 
3 
4 
6 
2 
6 
1 1541678081  
2 
1 258599306  
2 
6 
5 
6 
2 
4 
2 
2 
4 
5 
2 
4 
3 
2 
5 
1 1144657586  
6 
3 
2 
4 
1 443599916  
2 
2 
5 
5 
3 
1 995004273  
6 
5 
1 1994898065  
1 856328740  
6 
3 
4 
3 
6 
2 
6 
5 
2 
4 
5 
5 
1 492716154  
3 
4 
2 
1 1215102445  
1 1607854606  
3 
4 
4 
5 
1 1207468655  
2 
4 
3 
3 
2 
6 
5 
6 
3 
2 
5 
6 
5 
1 1539451620  
3 
6 
6 
5 
2 
1 1112000812  
3 
2 
6 
3 
1 932538676  
5 
4 
1 1090833431  
2 
3 
3 
5 
1 1282599175  
1 1213081930  
2 
2 
6 
6 
3 
2 
5 
3 
4 
5 
2 
3 
2 
6 
3 
4 
3 
2 
1 202751975  
1 1422655715  
1 1178114094  
2 
5 
2 
4 
3 
4 
5 
4 
6 
1 1359482520  
1 126763355  
4 
3 
4 
5 
1 1604164600  
5 
4 
3 
5 
1 1495229511  
6 
3 
5 
5 
2 
4 
6 
6 
4 
3 
3 
3 
2 
4 
3 
2 
5 
3 
4 
1 1952555039  
4 
2 
3 
3 
1 1768237348  
5 
1 906724579  
3 
5 
2 
3 
1 103061797  
6 
3 
1 1445337175  
3 
5 
6 
4 
1 748760213  
6 
6 
5 
4 
3 
6 
1 461362911  
2 
4 
2 
5 
2 
5 
1 839531608  
3 
4 
2 
1 1007359519  
6 
6 
1 1606020498  
5 
4 
5 
4 
5 
1 1283131524  
6 
5 
6 
3 
4 
5 
5 
5 
5 
3 
4 
2 
3 
2 
4 
4 
3 
1 2002363793  
1 1453434915  
5 
5 
4 
1 2139460265  
2 
2 
6 
6 
4 
1 347596299  
1 521053712  
3 
6 
3 
5 
4 
5 
4 
4 
5 
6 
4 
1 1599831223  
1 1555064954  
2 
2 
3 
1 2060505332  
1 564348387  
6 
2 
4 
5 
1 340119982  
5 
1 1003855115  
6 
1 1846947562  
3 
4 
4 
4 
4 
4 
1 1553201912  
6 
4 
5 
3 
1 1206607090  
6 
4 
3 
5 
5 
1 1122119630  
5 
1 583832358  
3 
4 
6 
4 
5 
1 418605963  
4 
2 
5 
3 
5 
4 
3 
6 
4 
5 
6 
4 
6 
2 
1 1248882985  
5 
2 
5 
6 
4 
1 40513310  
1 1913835474  
1 1053954377  
2 
3 
6 
1 1808750658  
4 
6 
5 
2 
5 
2 
1 673076405  
4 
2 
2 
2 
2 
2 
1 1157016174  
1 1106604185  
2 
6 
6 
5 
6 
3 
6 
2 
5 
5 
6 
5 
2 
5 
3 
1 1421836618  
4 
6 
5 
4 
1 1618379086  
1 1946135793  
5 
2 
1 281712489  
4 
2 
5 
2 
3 
2 
6 
6 
1 1076915936  
3 
5 
3 
6 
3 
6 
2 
3 
1 1081783670  
3 
3 
3 
6 
2 
1 136592634  
2 
4 
1 382867203  
6 
2 
1 1073760287  
2 
2 
5 
4 
5 
5 
2 
5 
1 484188933  
6 
1 903920915  
4 
6 
1 526107862  
4 
4 
3 
4 
4 
4 
4 
4 
3 
1 2039253887  
6 
2 
1 816942599  
3 
3 
2 
5 
6 
3 
2 
2 
6 
3 
1 1090456250  
4 
4 
4 
4 
2 
6 
2 
1 231890222  
3 
3 
6 
1 1820797714  
3 
1 789920164  
4 
6 
5 
2 
3 
2 
6 
2 
4 
1 1785092134  
4 
4 
2 
4 
5 
1 879921157  
6 
4 
6 
4 
5 
1 1912039794  
5 
2 
6 
6 
4 
2 
2 
1 221440845  
3 
2 
3 
5 
3 
2 
6 
2 
4 
4 
4 
4 
5 
1 1298527120  
2 
4 
1 1013439132  
4 
2 
3 
2 
4 
3 
2 
2 
3 
4 
1 261954155  
5 
4 
2 
2 
5 
3 
4 
6 
6 
1 1064878946  
5 
6 
6 
4 
1 2067393509  
2 
2 
3 
4 
1 2070704814  
6 
6 
2 
1 1737955351  
4 
5 
6 
1 1076926035  
3 
5 
5 
6 
2 
2 
3 
3 
3 
2 
6 
5 
3 
2 
2 
3 
1 1029825351  
3 
3 
2 
4 
1 1012308321  
4 
6 
5 
1 547821473  
4 
4 
1 828477497  
1 1294020810  
6 
4 
5 
3 
5 
6 
3 
1 1624737409  
1 1910261167  
6 
4 
2 
6 
6 
5 
6 
4 
6 
2 
1 1430613445  
3 
4 
1 2007604612  
6 
1 836537806  
6 
1 1914802378  
4 
5 
2 
2 
5 
5 
6 
3 
6 
1 764041879  
3 
4 
3 
6 
6 
6 
6 
3 
5 
6 
3 
6 
3 
4 
6 
3 
2 
4 
3 
1 1362645668  
2 
6 
4 
2 
3 
2 
3 
4 
5 
4 
5 
2 
6 
4 
6 
6 
1 1806572618  
3 
6 
1 1580984478  
5 
4 
3 
6 
6 
4 
5 
5 
6 
5 
6 
1 305618270  
4 
5 
3 
1 2038462840  
4 
3 
6 
2 
6 
4 
4 
6 
2 
1 1254298545  
5 
6 
5 
3 
5 
6 
2 
5 
2 
4 
2 
5 
3 
4 
3 
6 
5 
3 
4 
2 
4 
3 
1 1095538435  
1 1676071326  
4 
2 
3 
4 
6 
3 
2 
6 
6 
4 
4 
1 2134219702  
4 
5 
6 
4 
5 
1 860094581  
6 
5 
1 1897512171  
2 
6 
5 
1 1285263174  
1 1873533713  
6 
6 
6 
5 
5 
3 
1 11982679  
2 
6 
2 
3 
2 
2 
4 
1 202658472  
1 1793443574  
1 2082687493  
4 
6 
6 
1 1940613823  
6 
1 722885962  
3 
2 
5 
6 
2 
1 965029196  
4 
5 
6 
4 
3 
2 
4 
2 
4 
2 
2 
1 805438496  
3 
5 
3 
5 
4 
5 
2 
3 
4 
1 1270707435  
1 1793506693  
3 
3 
2 
5 
5 
6 
1 2099459306  
4 
3 
5 
5 
4 
3 
2 
2 
2 
1 747961197  
6 
1 1556284212  
2 
1 1382589103  
3 
3 
2 
4 
2 
1 608082161  
5 
3 
2 
2 
4 
1 245338370  
4 
5 
5 
1 1149907834  
2 
6 
5 
1 1372124041  
4 
4 
5 
4 
5 
5 
4 
1 1607984039  
4 
2 
4 
4 
1 808996804  
2 
2 
5 
5 
6 
4 
4 
4 
1 805624871  
2 
3 
4 
2 
1 1913602309  
6 
6 
1 699975996  
5 
4 
2 
4 
3 
2 
1 2059923416  
3 
4 
4 
1 861657096  
6 
4 
1 228563674  
4 
1 2046659470  
4 
5 
4 
4 
1 1721751678  
4 
3 
1 2126075846  
3 
2 
5 
2 
1 1184438996  
2 
2 
1 1447801743  
3 
4 
4 
6 
2 
3 
6 
5 
4 
3 
2 
5 
3 
2 
2 
1 2138058525  
5 
5 
1 1387097468  
5 
1 1093761670  
2 
1 2073262370  
1 1180227643  
4 
5 
5 
4 
1 1816647632  
4 
3 
4 
2 
1 890807918  
3 
2 
2 
5 
2 
5 
3 
5 
1 1985666139  
5 
5 
4 
3 
5 
2 
2 
4 
3 
3 
5 
6 
1 939871419  
3 
4 
3 
5 
1 536830964  
2 
5 
2 
3 
4 
2 
4 
2 
3 
4 
3 
6 
6 
2 
6 
6 
6 
3 
6 
5 
5 
2 
3 
2 
6 
3 
1 1937641798  
5 
2 
5 
2 
2 
3 
6 
6 
4 
2 
5 
5 
6 
4 
5 
6 
4 
3 
1 1687832616  
3 
4 
3 
4 
6 
4 
6 
5 
6 
2 
2 
3 
2 
2 
5 
6 
3 
1 2093115176  
4 
1 1172747253  
2 
1 148431130  
6 
3 
4 
3 
1 190969899  
1 175171439  
3 
3 
6 
2 
5 
1 1520555171  
1 1798953938  
5 
6 
5 
6 
6 
3 
3 
3 
2 
4 
3 
2 
3 
6 
2 
3 
1 984168243  
6 
3 
2 
2 
5 
4 
5 
3 
1 178696394  
1 1565072599  
3 
3 
1 1684144239  
3 
3 
5 
3 
2 
3 
1 91136163  
3 
1 279246048  
5 
6 
6 
2 
5 
6 
6 
6 
6 
5 
2 
3 
2 
6 
2 
1 1912707914  
6 
2 
6 
2 
3 
6 
5 
6 
6 
5 
1 2137795633  
5 
2 
4 
2 
1 2000997726  
3 
2 
4 
5 
2 
2 
2 
2 
2 
3 
3 
6 
2 
3 
5 
3 
2 
6 
4 
4 
3 
2 
2 
3 
3 
6 
2 
5 
6 
5 
4 
5 
1 1891300112  
1 1174750982  
3 
3 
4 
6 
4 
2 
3 
5 
1 1301315821  
2 
2 
3 
3 
4 
6 
3 
4 
4 
5 
5 
2 
6 
6 
4 
1 1881874989  
5 
3 
5 
5 
4 
4 
5 
6 
2 
3 
2 
2 
2 
3 
6 
5 
3 
2 
6 
3 
5 
4 
1 414364802  
1 247593843  
6 
3 
2 
3 
3 
6 
5 
4 
2 
6 
4 
3 
4 
2 
4 
6 
6 
2 
4 
3 
6 
1 1807653711  
6 
4 
5 
2 
4 
3 
1 1594592446  
4 
5 
1 2064241475  
4 
4 
5 
2 
6 
2 
6 
6 
5 
4 
6 
3 
1 550977981  
3 
3 
4 
6 
6 
2 
1 1432774937  
3 
2 
5 
3 
4 
5 
6 
3 
1 856629247  
6 
2 
1 1087808945  
4 
1 1222933087  
5 
5 
4 
5 
4 
5 
6 
6 
4 
5 
1 396978215  
4 
5 
1 1033440474  
5 
3 
5 
3 
6 
3 
4 
4 
6 
5 
6 
2 
6 
4 
5 
6 
5 
6 
1 248196693  
4 
6 
4 
5 
2 
4 
2 
2 
3 
3 
4 
2 
1 545409345  
6 
1 1224410373  
4 
2 
5 
1 423368132  
6 
1 2065964516  
5 
4 
4 
5 
6 
5 
6 
2 
5 
4 
1 875880663  
6 
4 
3 
5 
1 1407536376  
6 
4 
6 
1 97177263  
6 
3 
5 
5 
4 
1 293469614  
2 
2 
3 
4 
1 944196967  
1 188313426  
1 572715662  
2 
5 
3 
4 
5 
4 
5 
1 709421233  
2 
3 
2 
4 
1 178625411  
5 
5 
1 426229740  
6 
5 
5 
2 
6 
4 
1 453237697  
2 
1 1353376393  
1 1727545562  
4 
5 
3 
2 
5 
2 
1 187629038  
3 
5 
2 
2 
1 1767741196  
5 
2 
5 
3 
5 
4 
4 
1 1975139405  
2 
3 
2 
2 
5 
5 
6 
6 
2 
4 
3 
2 
6 
6 
6 
3 
3 
5 
2 
1 1995282749  
4 
1 1214849994  
5 
3 
4 
6 
4 
6 
5 
5 
3 
3 
3 
4 
1 1891897233  
5 
5 
5 
4 
2 
6 
2 
6 
1 398777083  
5 
5 
6 
4 
2 
5 
6 
4 
4 
1 500141283  
3 
5 
3 
2 
1 601042832  
2 
2 
5 
4 
1 1486586028  
2 
5 
4 
5 
6 
2 
5 
5 
4 
6 
5 
5 
1 1723074371  
2 
5 
3 
4 
1 998021047  
2 
4 
4 
5 
5 
6 
2 
1 372542854  
2 
5 
3 
4 
5 
5 
6 
6 
5 
1 1971271064  
4 
3 
4 
6 
2 
2 
5 
6 
3 
3 
1 1543430393  
4 
1 1596953227  
1 247155548  
6 
1 1461911261  
2 
1 325350242  
6 
2 
3 
5 
1 1654691924  
4 
1 1559088524  
3 
1 618819857  
3 
2 
4 
4 
1 451405244  
6 
4 
3 
5 
4 
2 
1 1747401950  
1 1191535519  
3 
5 
3 
4 
5 
2 
6 
1 1160826477  
3 
4 
4 
3 
4 
6 
3 
5 
1 1926027362  
5 
1 1617765260  
1 1614064175  
3 
2 
3 
3 
1 1131920107  
3 
4 
4 
6 
4 
3 
1 1197827174  
5 
2 
1 1801693213  
4 
3 
6 
1 752177655  
1 1025482931  
2 
2 
1 1649492315  
3 
4 
5 
4 
4 
2 
3 
3 
2 
1 1967027649  
6 
5 
5 
3 
4 
2 
3 
5 
5 
1 769896516  
4 
2 
2 
6 
2 
2 
1 2048269398  
4 
6 
1 319685285  
2 
6 
1 1370939348  
6 
2 
6 
1 1387371778  
4 
3 
4 
6 
6 
5 
4 
4 
6 
3 
5 
2 
2 
4 
2 
4 
5 
3 
6 
3 
5 
1 2042759656  
2 
4 
6 
3 
5 
4 
2 
4 
5 
3 
4 
5 
5 
4 
6 
5 
2 
5 
4 
4 
3 
6 
4 
6 
2 
1 221476748  
5 
5 
4 
4 
4 
5 
2 
1 1759914633  
3 
5 
6 
6 
2 
6 
2 
4 
4 
5 
6 
3 
6 
1 1866547072  
3 
4 
3 
6 
4 
6 
1 1764907141  
1 1209384212  
1 2113702620  
6 
6 
2 
1 1079334754  
5 
3 
4 
4 
4 
4 
6 
4 
4 
1 1534734455  
4 
3 
5 
2 
6 
3 
3 
3 
2 
6 
1 1620910897  
4 
4 
6 
1 490939631  
4 
5 
1 6070664  
6 
1 2072316141  
4 
1 90857933  
3 
3 
5 
1 1197606183  
3 
1 1085658970  
5 
3 
5 
5 
6 
6 
6 
6 
4 
5 
4 
6 
1 2016885295  
6 
5 
3 
4 
3 
2 
1 667887795  
3 
5 
3 
4 
4 
5 
5 
1 552239497  
3 
6 
2 
1 1001321755  
1 1865714969  
4 
1 206449063  
2 
3 
3 
5 
1 1753499410  
5 
3 
3 
6 
4 
3 
5 
2 
6 
3 
6 
5 
1 743714253  
4 
3 
6 
6 
3 
3 
5 
5 
2 
5 
1 1855941378  
3 
6 
4 
2 
2 
5 
6 
6 
1 1573043412  
4 
5 
5 
2 
4 
4 
4 
2 
5 
4 
3 
6 
6 
4 
3 
2 
3 
3 
3 
6 
4 
2 
4 
1 1513610769  
4 
5 
3 
4 
6 
2 
2 
3 
4 
3 
4 
2 
2 
2 
5 
6 
6 
4 
5 
1 1756727128  
1 1892728697  
4 
4 
3 
1 737066470  
3 
2 
1 996615258  
2 
5 
5 
1 1788004705  
4 
5 
1 958543218  
2 
3 
6 
5 
2 
5 
1 609046243  
3 
6 
5 
1 1507068129  
1 575966711  
1 1818430456  
3 
3 
6 
3 
4 
3 
2 
1 1473287101  
5 
5 
6 
6 
4 
4 
3 
6 
6 
1 1655301465  
6 
2 
1 1205681263  
1 946714350  
3 
5 
4 
3 
1 2146241096  
4 
3 
3 
3 
5 
1 1211751927  
2 
2 
5 
4 
5 
4 
3 
1 871546843  
4 
5 
1 89615382  
4 
5 
4 
2 
6 
3 
4 
4 
3 
4 
6 
4 
4 
3 
6 
5 
1 261874462  
6 
2 
5 
3 
3 
5 
6 
5 
6 
5 
4 
3 
6 
1 1957205814  
4 
1 2106500677  
1 929762258  
1 361961663  
2 
3 
6 
2 
1 960338784  
4 
5 
2 
6 
6 
6 
3 
1 647993579  
5 
5 
2 
2 
1 568410726  
1 566354547  
3 
6 
4 
4 
1 1391707832  
1 276868456  
6 
5 
4 
6 
1 2139397959  
1 757834954  
3 
5 
6 
6 
1 2033595584  
4 
3 
3 
2 
6 
2 
6 
1 1884643008  
2 
1 1494901424  
6 
2 
2 
3 
5 
3 
3 
5 
1 882727195  
1 1525164065  
1 305960994  
3 
5 
2 
2 
5 
4 
5 
5 
6 
5 
2 
4 
2 
6 
4 
6 
6 
6 
3 
2 
4 
2 
3 
5 
2 
5 
6 
5 
6 
6 
2 
3 
5 
6 
2 
3 
4 
2 
2 
6 
4 
4 
4 
1 1491773438  
5 
2 
2 
5 
1 884748546  
6 
3 
1 881927705  
4 
5 
3 
2 
4 
3 
5 
2 
2 
4 
5 
3 
5 
5 
4 
6 
4 
3 
1 1162720246  
2 
1 210551999  
1 389745522  
3 
2 
3 
1 220917861  
3 
3 
6 
5 
2 
3 
3 
5 
1 1157266350  
5 
2 
1 388502971  
2 
1 1432669788  
3 
1 2028813193  
6 
2 
1 478118353  
1 1694544251  
2 
6 
5 
1 1838535359  
2 
6 
1 437135382  
6 
5 
6 
1 476822861  
4 
3 
5 
5 
6 
3 
5 
1 53013375  
4 
2 
1 1397474167  
3 
4 
3 
6 
2 
2 
3 
5 
5 
4 
2 
6 
4 
3 
5 
5 
4 
3 
5 
6 
4 
4 
5 
3 
6 
4 
3 
3 
5 
6 
2 
6 
2 
4 
2 
3 
1 1124816440  
2 
3 
1 621424101  
2 
6 
4 
6 
2 
1 1963828714  
4 
4 
5 
2 
5 
4 
6 
4 
6 
6 
1 369040625  
1 898292558  
6 
1 1955743025  
3 
5 
6 
5 
6 
4 
1 1126875579  
3 
4 
5 
6 
6 
1 784404494  
4 
2 
5 
4 
6 
2 
4 
2 
1 1692902385  
4 
1 474293355  
2 
5 
1 1667131689  
4 
3 
4 
5 
3 
2 
6 
2 
1 1070582802  
4 
2 
3 
1 780254349  
3 
1 1011421480  
2 
4 
5 
6 
1 1955331348  
4 
6 
4 
2 
3 
1 1662182054  
2 
1 26658078  
1 18399699  
2 
6 
4 
4 
2 
1 2051927576  
6 
5 
6 
4 
2 
5 
5 
6 
1 247575940  
2 
5 
2 
3 
4 
3 
5 
2 
6 
4 
1 1175666049  
4 
4 
6 
1 292946899  
5 
6 
6 
6 
6 
1 1680245728  
5 
6 
5 
2 
6 
5 
5 
3 
5 
2 
3 
5 
4 
4 
3 
3 
5 
5 
1 1056995595  
4 
4 
3 
5 
6 
2 
2 
4 
3 
6 
6 
1 771065252  
6 
3 
4 
5 
1 1227306331  
2 
5 
1 748047306  
6 
1 1208200635  
3 
4 
4 
4 
5 
6 
3 
2 
5 
4 
1 1704129192  
6 
3 
4 
6 
3 
2 
1 801060681  
2 
5 
2 
1 458191154  
6 
1 681461985  
5 
3 
3 
5 
5 
1 1422484783  
1 274536220  
1 1050502610  
3 
5 
2 
3 
3 
3 
3 
2 
4 
5 
2 
6 
1 173293693  
5 
4 
1 82795597  
3 
1 29894541  
6 
2 
2 
6 
6 
1 957698187  
5 
5 
3 
1 1775697982  
5 
1 504187896  
4 
2 
6 
2 
4 
2 
5 
1 477346229  
6 
5 
4 
2 
5 
5 
4 
2 
2 
5 
5 
3 
4 
3 
1 698797136  
6 
2 
3 
1 1284442245  
1 1488767709  
5 
5 
1 506644836  
1 799140651  
5 
1 1515425787  
4 
1 525044535  
3 
3 
4 
6 
6 
6 
6 
2 
4 
6 
2 
4 
6 
5 
2 
5 
6 
3 
5 
3 
5 
3 
1 703584579  
6 
1 1763001727  
3 
5 
6 
3 
5 
3 
3 
1 1700710585  
1 996531479  
6 
5 
1 1295763808  
3 
2 
5 
3 
5 
1 610222532  
6 
1 1767596731  
2 
1 375586491  
3 
3 
2 
6 
4 
4 
5 
6 
4 
2 
4 
3 
6 
6 
6 
4 
5 
1 1358269838  
4 
4 
6 
4 
3 
2 
3 
6 
3 
1 828313718  
4 
5 
5 
6 
6 
2 
1 2079715684  
6 
5 
4 
2 
2 
4 
5 
1 11846872  
6 
2 
4 
4 
4 
1 1286504872  
2 
6 
6 
3 
2 
1 613694021  
5 
3 
2 
5 
4 
2 
4 
5 
3 
6 
2 
4 
1 1434331655  
5 
4 
6 
3 
2 
1 1561041092  
3 
5 
5 
3 
2 
4 
2 
2 
2 
6 
5 
1 1664196631  
1 1607625348  
1 1643836689  
5 
4 
3 
6 
1 1694091172  
2 
3 
3 
6 
4 
1 417839887  
2 
3 
3 
4 
5 
4 
6 
4 
3 
3 
6 
4 
1 1272051023  
1 50795420  
4 
4 
6 
5 
2 
1 895186116  
2 
1 1970848159  
2 
6 
4 
1 1335237665  
3 
2 
4 
6 
2 
2 
5 
5 
3 
5 
3 
2 
4 
5 
1 236470177  
1 330009347  
5 
3 
3 
1 2134378316  
2 
6 
6 
1 1751895965  
2 
5 
6 
3 
5 
2 
3 
5 
4 
3 
3 
4 
3 
5 
6 
2 
6 
4 
1 855053883  
6 
5 
6 
6 
2 
1 690479247  
1 1367414044  
1 408280820  
6 
4 
6 
4 
2 
2 
1 1687010726  
1 515694204  
4 
1 1018503352  
2 
4 
1 1307123810  
6 
2 
6 
6 
6 
4 
1 891280696  
5 
3 
6 
1 229289542  
1 2135437528  
4 
1 823512732  
1 241136414  
6 
1 1274458753  
5 
2 
2 
3 
6 
5 
6 
2 
5 
4 
2 
3 
1 1437206753  
4 
1 1675468069  
2 
1 688016197  
3 
5 
4 
6 
2 
1 953919736  
6 
2 
3 
6 
2 
6 
3 
3 
2 
6 
6 
2 
3 
1 1135609769  
2 
3 
6 
2 
3 
4 
3 
5 
6 
3 
4 
1 184369239  
6 
6 
2 
3 
1 500527260  
5 
4 
1 1553449657  
6 
5 
4 
3 
6 
6 
4 
2 
1 1456420262  
1 551322680  
5 
2 
6 
6 
1 301152125  
6 
3 
3 
2 
1 1279784774  
2 
6 
5 
3 
5 
1 1886560345  
3 
6 
2 
2 
4 
4 
5 
5 
2 
3 
1 537622303  
1 1609794121  
5 
3 
5 
4 
2 
2 
2 
1 1873455013  
6 
1 142034620  
1 317364356  
6 
2 
1 416450612  
2 
5 
5 
2 
5 
6 
2 
2 
4 
4 
4 
3 
1 1509448664  
2 
6 
6 
2 
1 725645176  
1 2103461339  
2 
5 
5 
2 
1 2025142869  
3 
6 
5 
4 
3 
6 
1 1744148528  
5 
2 
5 
5 
1 1263101501  
4 
2 
2 
5 
5 
4 
5 
6 
6 
4 
4 
3 
1 768939917  
3 
6 
6 
5 
1 1973438071  
6 
4 
1 1251055381  
2 
5 
6 
1 1592452649  
5 
2 
3 
6 
1 67090837  
1 378030486  
2 
2 
6 
6 
3 
6 
1 882175754  
5 
5 
1 1742558907  
3 
2 
4 
6 
4 
4 
4 
6 
1 1066046684  
2 
1 1836095490  
6 
2 
6 
2 
1 730685028  
3 
2 
4 
6 
2 
2 
4 
6 
5 
5 
1 1250415923  
3 
2 
3 
1 189139102  
6 
6 
4 
4 
2 
6 
6 
5 
3 
6 
1 136651037  
5 
4 
1 559352537  
4 
2 
2 
4 
6 
6 
4 
6 
2 
6 
3 
2 
4 
2 
4 
3 
2 
2 
6 
4 
2 
4 
3 
6 
6 
2 
4 
2 
3 
4 
4 
1 740461782  
5 
5 
3 
3 
5 
4 
3 
4 
1 437803163  
1 1839137311  
4 
2 
4 
1 479538479  
3 
2 
4 
5 
3 
3 
6 
5 
2 
6 
4 
2 
5 
1 975425466  
6 
2 
6 
3 
6 
1 1301447785  
5 
2 
6 
5 
6 
2 
6 
1 205509844  
6 
2 
3 
1 1117460086  
3 
1 1618812141  
2 
3 
4 
5 
5 
4 
4 
3 
5 
3 
4 
6 
3 
1 621960456  
2 
6 
4 
6 
4 
3 
3 
4 
1 479425102  
4 
2 
1 196973670  
5 
4 
5 
1 577938147  
1 357084323  
3 
5 
1 1941122198  
1 1841039648  
2 
1 1126024240  
5 
6 
4 
5 
4 
3 
5 
5 
3 
2 
4 
4 
1 1767076621  
5 
2 
1 944611382  
5 
4 
3 
1 570993241  
1 1834167459  
3 
6 
1 1322641868  
5 
6 
3 
5 
1 1453168995  
3 
2 
4 
3 
5 
5 
2 
1 1429242718  
1 241204904  
5 
2 
2 
6 
3 
3 
3 
2 
4 
5 
2 
6 
1 1141780837  
6 
1 12444098  
6 
2 
6 
3 
3 
4 
1 1491620827  
3 
6 
2 
4 
5 
6 
2 
4 
3 
6 
2 
6 
6 
1 1330919939  
5 
2 
2 
1 149095136  
3 
6 
5 
1 2050973365  
1 2071381721  
1 586898299  
6 
5 
5 
2 
6 
6 
2 
3 
1 1742627028  
2 
2 
5 
1 403436552  
4 
6 
6 
5 
2 
3 
3 
2 
3 
6 
4 
1 1562323765  
1 896591165  
4 
3 
6 
6 
1 608946396  
3 
4 
2 
4 
5 
4 
1 532300203  
2 
6 
1 367919659  
5 
3 
3 
4 
5 
5 
1 1230906853  
3 
3 
6 
1 1011725305  
2 
4 
2 
1 564893329  
3 
4 
3 
5 
3 
3 
4 
4 
4 
2 
3 
3 
5 
2 
4 
3 
5 
1 1808845000  
3 
4 
1 1368809629  
3 
5 
4 
6 
2 
1 358531879  
4 
5 
3 
6 
5 
5 
1 1502401001  
6 
1 347350221  
3 
2 
4 
1 2125608501  
1 299528735  
1 918343463  
4 
6 
5 
3 
4 
2 
6 
2 
1 1812292312  
2 
3 
2 
3 
6 
1 1622170603  
3 
6 
4 
4 
2 
6 
3 
1 224028810  
4 
3 
6 
4 
3 
6 
6 
4 
5 
4 
5 
5 
3 
6 
1 1094051382  
6 
4 
5 
3 
2 
6 
6 
5 
2 
4 
1 1863375508  
5 
2 
2 
1 1365809648  
3 
2 
1 1106495480  
2 
5 
5 
5 
6 
6 
4 
2 
3 
4 
2 
3 
2 
1 1207512687  
1 549245939  
6 
5 
2 
2 
6 
3 
1 1255590616  
4 
1 1111002404  
6 
4 
3 
5 
6 
2 
4 
2 
3 
2 
4 
5 
5 
3 
3 
3 
2 
2 
1 473144013  
1 1842488915  
2 
1 706145785  
1 876580565  
2 
2 
5 
5 
6 
4 
4 
5 
4 
5 
2 
4 
5 
3 
6 
2 
6 
1 1257329032  
4 
5 
3 
4 
3 
5 
4 
1 1602736950  
3 
5 
3 
2 
2 
4 
3 
4 
4 
6 
2 
5 
4 
5 
4 
6 
6 
3 
5 
5 
5 
3 
5 
3 
2 
2 
2 
4 
4 
6 
2 
5 
2 
6 
1 1485526962  
3 
3 
3 
5 
1 1789629235  
6 
1 1970656609  
3 
4 
4 
6 
1 568950167  
3 
5 
5 
2 
4 
6 
6 
5 
5 
2 
2 
3 
3 
4 
2 
5 
2 
5 
3 
3 
1 653870893  
5 
6 
4 
3 
2 
4 
2 
4 
1 388066290  
2 
5 
2 
3 
4 
2 
4 
2 
4 
2 
5 
6 
3 
5 
5 
6 
3 
3 
5 
2 
3 
3 
4 
6 
5 
3 
1 230311519  
3 
5 
1 2022680522  
4 
4 
6 
1 746598170  
3 
3 
3 
3 
6 
5 
2 
6 
4 
2 
5 
1 1732712520  
6 
4 
6 
2 
6 
3 
1 222547095  
3 
4 
5 
4 
4 
5 
5 
2 
4 
3 
4 
3 
4 
4 
1 724723023  
5 
6 
3 
4 
5 
1 2032241255  
2 
1 1140890558  
2 
1 389531687  
5 
4 
6 
1 1506928211  
5 
2 
2 
3 
5 
4 
5 
1 1364919369  
1 1483583069  
6 
2 
3 
5 
4 
6 
1 1222820071  
3 
3 
5 
3 
6 
5 
6 
3 
6 
5 
3 
2 
3 
4 
1 583245369  
3 
6 
1 442594901  
4 
6 
4 
1 282849110  
6 
2 
2 
1 1132491308  
1 1698185518  
2 
1 1393851515  
1 1605635321  
4 
5 
1 1393190785  
1 2099997300  
5 
2 
5 
1 334732239  
2 
4 
2 
6 
5 
6 
4 
1 503036170  
1 1555250602  
5 
3 
2 
5 
2 
1 1820259201  
4 
4 
2 
5 
6 
2 
1 145181757  
2 
5 
4 
6 
4 
1 1378423564  
4 
5 
2 
6 
5 
1 241725720  
2 
4 
3 
1 799052650  
2 
6 
1 1766489854  
1 472037239  
1 674249524  
3 
5 
5 
3 
1 365604376  
1 57266112  
1 896796620  
4 
1 1090327399  
3 
1 2089507367  
4 
6 
1 2037687178  
1 1479859086  
4 
3 
6 
5 
4 
5 
2 
2 
6 
3 
6 
4 
5 
3 
4 
4 
2 
3 
6 
4 
6 
3 
2 
4 
4 
4 
4 
3 
2 
1 1448951930  
6 
4 
4 
2 
2 
2 
2 
1 1255122899  
1 815958507  
4 
2 
4 
1 524288353  
3 
1 1838368268  
5 
1 1258553409  
4 
4 
1 807137464  
4 
4 
2 
2 
2 
6 
4 
1 823375929  
6 
2 
6 
2 
6 
6 
1 809255279  
1 53505331  
2 
5 
1 281527602  
5 
6 
5 
6 
2 
3 
3 
4 
2 
1 54962416  
6 
3 
6 
3 
2 
5 
5 
5 
3 
5 
3 
1 6018983  
5 
5 
1 616259841  
5 
5 
3 
2 
1 557998586  
4 
4 
2 
1 1561269585  
5 
3 
2 
4 
5 
5 
3 
1 289035394  
4 
2 
3 
2 
2 
6 
5 
5 
6 
2 
6 
5 
6 
4 
6 
1 703180344  
1 792209501  
3 
1 530761114  
5 
1 1502232994  
6 
1 411215708  
6 
6 
3 
1 1002798354  
1 28998871  
3 
4 
6 
2 
2 
3 
5 
2 
3 
3 
5 
3 
3 
5 
4 
4 
3 
6 
3 
5 
5 
3 
5 
2 
2 
2 
5 
2 
3 
6 
5 
6 
1 776820084  
2 
1 1060064466  
2 
2 
5 
5 
6 
3 
4 
6 
6 
5 
3 
6 
5 
6 
4 
6 
3 
1 925795491  
5 
4 
1 1867147484  
3 
4 
3 
4 
5 
1 1002088185  
6 
3 
3 
3 
6 
1 815999021  
5 
3 
2 
4 
6 
4 
3 
4 
6 
3 
1 1199522922  
4 
6 
3 
5 
4 
3 
2 
2 
6 
2 
5 
5 
3 
2 
4 
3 
6 
6 
6 
4 
5 
2 
3 
6 
1 303556468  
6 
6 
3 
1 2071121921  
6 
2 
6 
6 
4 
3 
4 
5 
5 
2 
4 
3 
5 
4 
4 
4 
5 
4 
5 
2 
5 
4 
5 
2 
2 
2 
3 
2 
1 2015481430  
5 
5 
6 
5 
1 827844821  
1 1762006541  
2 
2 
3 
3 
6 
4 
2 
4 
6 
2 
6 
3 
5 
2 
5 
6 
5 
4 
1 1126551191  
3 
6 
6 
3 
4 
1 1634982285  
1 437898822  
2 
3 
2 
6 
5 
3 
3 
6 
4 
4 
2 
4 
6 
4 
1 1935806470  
2 
1 1688487616  
1 719426425  
4 
3 
4 
4 
1 1990768886  
3 
2 
1 1694506599  
2 
2 
6 
3 
2 
5 
1 1335686266  
5 
3 
1 401283825  
4 
4 
4 
2 
5 
1 1108292537  
6 
5 
1 1624721661  
1 1104464169  
3 
5 
2 
2 
3 
6 
6 
4 
4 
4 
6 
4 
4 
6 
4 
3 
5 
5 
1 1900502038  
2 
4 
1 7999127  
1 459213515  
6 
4 
6 
1 164234098  
1 1010797481  
4 
5 
3 
3 
4 
6 
4 
6 
5 
2 
4 
3 
6 
6 
5 
6 
3 
1 488212386  
6 
5 
4 
2 
1 941054183  
6 
5 
4 
6 
3 
3 
2 
4 
4 
2 
3 
6 
5 
1 2070861947  
5 
1 1414007877  
3 
4 
6 
6 
1 660718019  
5 
2 
1 925466485  
2 
1 82523251  
4 
2 
4 
3 
2 
5 
6 
4 
3 
6 
1 1860240941  
5 
6 
4 
3 
1 1229022953  
4 
3 
6 
4 
2 
1 6161524  
2 
1 1728238723  
2 
5 
4 
4 
4 
4 
2 
4 
4 
6 
5 
4 
2 
3 
3 
4 
3 
4 
1 2056867774  
2 
1 1768168065  
6 
1 707306266  
3 
6 
3 
6 
6 
4 
3 
2 
5 
4 
6 
3 
2 
4 
1 1544366412  
4 
3 
6 
2 
6 
2 
3 
5 
2 
4 
3 
5 
2 
4 
6 
2 
3 
5 
4 
6 
5 
6 
2 
2 
4 
3 
5 
5 
6 
3 
4 
6 
6 
6 
1 58583240  
5 
2 
1 495629088  
5 
5 
1 1085370380  
5 
1 778009665  
2 
3 
2 
1 338914327  
5 
3 
6 
2 
6 
3 
3 
1 632393332  
1 2113695931  
5 
5 
6 
6 
1 740198152  
1 1740685869  
6 
2 
5 
3 
3 
6 
6 
3 
3 
6 
6 
3 
3 
2 
2 
3 
2 
5 
3 
5 
6 
2 
6 
1 1590933944  
6 
5 
4 
5 
1 1844662321  
6 
6 
3 
2 
6 
2 
3 
1 1493704259  
4 
3 
4 
2 
1 1598933072  
2 
1 156392188  
2 
2 
4 
5 
2 
5 
6 
5 
1 1657938358  
4 
5 
4 
2 
2 
3 
1 462246905  
6 
3 
5 
1 644604575  
1 451508893  
3 
2 
2 
6 
2 
2 
3 
4 
4 
3 
1 385625205  
5 
2 
3 
3 
4 
4 
4 
3 
3 
2 
6 
5 
1 2058612452  
1 1112226912  
3 
1 1311091690  
1 2141135703  
5 
2 
3 
1 824984205  
3 
6 
3 
2 
3 
5 
1 392630995  
5 
5 
4 
5 
5 
1 2147297227  
2 
3 
3 
2 
4 
2 
4 
4 
1 405739281  
3 
1 302015121  
3 
2 
1 1767981645  
2 
1 1113045547  
4 
6 
5 
1 1846381533  
4 
3 
5 
3 
1 1826564885  
2 
4 
3 
1 1608674636  
6 
6 
2 
6 
2 
1 784268266  
1 457090902  
6 
1 1947588963  
4 
1 1416661598  
3 
5 
1 423303185  
5 
6 
4 
3 
6 
3 
4 
2 
4 
4 
5 
5 
6 
6 
3 
1 540303467  
4 
3 
1 1009863819  
4 
2 
6 
1 2014237130  
6 
1 237482140  
5 
5 
5 
4 
6 
3 
4 
2 
4 
6 
2 
4 
5 
4 
3 
3 
5 
5 
5 
6 
6 
5 
1 356084430  
1 1465686554  
1 393874328  
1 2014022788  
1 1927933459  
5 
3 
3 
4 
3 
6 
3 
2 
1 1038478903  
3 
6 
3 
2 
2 
5 
6 
5 
5 
5 
1 318048033  
3 
5 
6 
3 
4 
4 
1 166075016  
2 
4 
6 
2 
6 
5 
3 
1 949607708  
2 
5 
2 
6 
5 
5 
4 
1 1430274945  
6 
4 
6 
3 
6 
6 
4 
1 1477166706  
5 
3 
2 
5 
3 
4 
2 
4 
6 
6 
2 
1 943259763  
5 
3 
1 107775503  
6 
5 
5 
5 
5 
2 
6 
6 
5 
4 
1 1869797701  
2 
6 
6 
6 
1 943073343  
4 
1 513514784  
6 
6 
6 
1 24329175  
2 
5 
2 
5 
2 
3 
6 
3 
5 
3 
4 
5 
2 
6 
6 
4 
3 
2 
2 
4 
5 
4 
5 
1 563571340  
3 
5 
4 
6 
1 1626560331  
2 
3 
6 
5 
5 
2 
4 
3 
5 
6 
2 
5 
3 
6 
2 
4 
1 1870710708  
3 
5 
6 
1 242652577  
3 
5 
1 1087751319  
1 507495326  
2 
3 
3 
5 
6 
3 
5 
1 699743479  
3 
1 887856634  
3 
1 1924156924  
4 
3 
3 
3 
1 1123046664  
4 
3 
1 1428160101  
5 
4 
1 786537095  
1 989800146  
6 
4 
4 
2 
5 
3 
4 
3 
1 1665642241  
1 1142621526  
3 
3 
6 
4 
3 
6 
2 
1 308003052  
6 
5 
3 
3 
3 
6 
4 
5 
4 
2 
1 2059516570  
4 
6 
5 
2 
3 
1 1009160666  
3 
1 88452864  
1 950511825  
3 
5 
2 
4 
1 1327208700  
4 
3 
2 
6 
3 
2 
6 
2 
4 
1 254527880  
1 1900119533  
2 
6 
1 609999997  
2 
2 
6 
4 
4 
2 
6 
5 
1 1731694587  
5 
5 
1 695895649  
5 
4 
6 
1 717775500  
2 
4 
5 
6 
4 
1 1454008640  
6 
4 
6 
3 
5 
6 
3 
4 
1 1638968992  
2 
4 
1 1231290284  
6 
3 
1 1478337815  
3 
4 
6 
4 
5 
4 
5 
1 55056684  
3 
6 
4 
5 
6 
2 
1 710366968  
6 
4 
3 
5 
3 
6 
2 
2 
3 
6 
1 1201564876  
3 
4 
5 
3 
2 
2 
1 297709261  
4 
4 
1 1798118287  
4 
3 
4 
3 
1 1709060202  
4 
3 
3 
2 
3 
1 997452740  
3 
6 
6 
2 
3 
3 
2 
5 
2 
4 
3 
6 
3 
1 538491274  
2 
4 
1 1485733479  
4 
4 
6 
6 
6 
5 
6 
4 
2 
4 
2 
3 
1 2120499404  
4 
4 
4 
4 
1 1966651375  
6 
4 
1 124786926  
1 962815903  
4 
6 
2 
4 
5 
4 
6 
6 
5 
3 
4 
4 
3 
4 
4 
5 
2 
6 
4 
5 
3 
4 
4 
5 
5 
3 
3 
1 1484809969  
3 
3 
1 1267408452  
5 
5 
6 
6 
3 
3 
3 
4 
4 
1 1270818955  
5 
6 
2 
1 1396842891  
3 
3 
6 
4 
2 
3 
5 
6 
6 
4 
1 129085471  
2 
4 
5 
1 1359271819  
4 
1 199871068  
1 1456294171  
6 
3 
4 
6 
2 
5 
6 
5 
6 
1 1613799700  
4 
5 
6 
6 
4 
1 2099990602  
1 2066294168  
6 
1 1198010639  
5 
1 648402603  
6 
1 636586021  
3 
2 
2 
5 
1 504535631  
4 
5 
4 
3 
3 
4 
3 
2 
6 
5 
2 
4 
6 
2 
2 
1 139887947  
4 
3 
6 
1 1867876305  
6 
4 
2 
5 
6 
1 1982873447  
6 
6 
2 
4 
6 
4 
1 194944631  
3 
5 
4 
6 
1 430759625  
6 
5 
3 
3 
3 
3 
6 
4 
6 
1 1036954675  
6 
5 
3 
3 
4 
5 
5 
1 492653892  
4 
5 
1 81394265  
3 
5 
2 
4 
5 
4 
6 
5 
1 598531229  
2 
4 
1 1490106632  
4 
4 
2 
2 
3 
1 619885539  
1 2084264708  
6 
5 
1 1463122388  
3 
3 
6 
1 439053266  
2 
2 
5 
3 
3 
5 
6 
3 
2 
1 61567987  
2 
1 278454643  
6 
2 
5 
5 
1 1923863235  
5 
5 
2 
6 
4 
6 
4 
2 
1 1328976439  
5 
3 
5 
1 1549273599  
5 
3 
3 
5 
3 
4 
1 1173222478  
4 
2 
5 
1 1458061910  
2 
1 761061770  
4 
2 
3 
1 1373093547  
3 
2 
1 766872433  
1 227377822  
6 
4 
2 
5 
1 1325600501  
2 
6 
3 
4 
4 
6 
6 
2 
6 
1 685682954  
4 
1 1425388461  
5 
5 
1 1974003104  
2 
6 
5 
6 
6 
4 
5 
5 
1 1322268975  
3 
1 1929924093  
4 
4 
4 
4 
5 
2 
2 
5 
4 
1 2113891051  
5 
2 
1 1042661632  
6 
6 
2 
1 1765313892  
6 
6 
6 
6 
6 
5 
1 161352034  
1 1473421258  
2 
5 
2 
2 
4 
2 
1 654784919  
6 
1 654005926  
6 
2 
6 
3 
2 
5 
5 
3 
6 
4 
3 
2 
1 1554815523  
3 
3 
3 
3 
3 
5 
6 
1 1253316148  
4 
6 
1 2144112558  
5 
1 27217414  
1 1190097209  
4 
5 
4 
5 
4 
6 
3 
5 
2 
1 1459751298  
2 
2 
2 
1 466270680  
2 
1 1251665196  
3 
4 
3 
5 
4 
1 1738205942  
5 
2 
4 
3 
1 242650268  
6 
6 
6 
2 
5 
5 
2 
4 
6 
1 433157987  
3 
3 
3 
5 
6 
3 
5 
3 
5 
2 
4 
5 
1 1139995893  
6 
4 
4 
1 1415872746  
5 
6 
3 
1 1891219898  
5 
6 
1 1901057663  
3 
4 
4 
2 
3 
4 
2 
3 
6 
2 
3 
4 
2 
3 
5 
5 
6 
1 641482645  
2 
5 
3 
5 
6 
2 
4 
4 
1 510608683  
1 2128435486  
2 
2 
6 
2 
3 
4 
6 
5 
6 
2 
1 1967083146  
4 
3 
4 
6 
4 
2 
4 
2 
4 
2 
4 
5 
2 
3 
2 
6 
6 
3 
2 
1 1196291637  
4 
2 
5 
3 
1 1406340299  
3 
4 
6 
4 
2 
3 
4 
3 
1 1793602602  
3 
5 
6 
2 
1 371076964  
5 
6 
3 
5 
1 1188780744  
2 
1 1760010005  
1 1413738597  
4 
6 
4 
1 806610988  
5 
1 1921362039  
1 739676207  
4 
6 
3 
1 1461395907  
4 
5 
2 
3 
4 
5 
4 
6 
1 427884317  
1 147008082  
5 
6 
4 
4 
4 
1 567228408  
5 
3 
6 
5 
6 
5 
1 424513227  
3 
3 
4 
4 
3 
1 174225496  
4 
2 
1 1757325617  
5 
2 
6 
3 
6 
5 
5 
3 
2 
3 
2 
6 
5 
3 
5 
4 
3 
6 
3 
3 
1 1884264526  
3 
6 
1 640496176  
3 
1 861507165  
6 
3 
5 
2 
2 
2 
6 
5 
3 
6 
1 1474986820  
1 883146444  
5 
4 
5 
1 1294665152  
4 
5 
4 
5 
5 
2 
2 
5 
4 
2 
4 
5 
6 
4 
4 
1 467499065  
6 
2 
1 151535543  
3 
4 
2 
1 1038401402  
5 
4 
2 
4 
2 
3 
2 
4 
4 
6 
4 
3 
3 
3 
2 
4 
3 
5 
4 
4 
3 
1 221073080  
1 793018188  
2 
6 
3 
2 
4 
3 
2 
5 
3 
4 
5 
3 
6 
3 
5 
5 
6 
3 
2 
6 
5 
6 
3 
5 
6 
4 
1 1549010086  
4 
5 
1 202024918  
3 
6 
1 612617687  
3 
1 597818075  
1 1608365218  
3 
2 
4 
1 258736641  
1 968895040  
2 
1 649662314  
3 
6 
4 
2 
3 
2 
6 
1 2018746647  
3 
6 
1 235149989  
6 
1 1456273303  
5 
2 
2 
3 
6 
4 
4 
6 
5 
2 
3 
1 1792625038  
3 
3 
1 974826196  
2 
3 
5 
3 
5 
3 
6 
5 
6 
4 
4 
1 770185562  
1 73025708  
2 
4 
4 
6 
2 
2 
3 
1 1121834278  
2 
3 
2 
4 
2 
5 
6 
6 
2 
5 
4 
6 
1 1337413970  
4 
6 
6 
5 
6 
2 
1 497538935  
3 
5 
4 
4 
2 
2 
3 
5 
5 
2 
2 
4 
1 1296059774  
6 
5 
2 
6 
4 
5 
3 
4 
6 
1 947255939  
1 234319813  
4 
5 
3 
6 
1 1936555950  
5 
4 
1 1808763104  
1 1709306633  
4 
2 
6 
3 
2 
3 
6 
4 
5 
3 
2 
5 
6 
5 
5 
4 
5 
1 672218747  
5 
1 955944609  
2 
3 
4 
1 29322050  
2 
2 
1 823754290  
4 
5 
1 1994346011  
1 250395131  
5 
5 
1 1616772478  
2 
2 
3 
2 
6 
6 
1 1395872449  
6 
3 
3 
2 
2 
4 
4 
1 452420049  
6 
2 
4 
1 81906517  
6 
4 
2 
2 
4 
6 
1 1993690525  
6 
3 
1 2060785267  
4 
3 
6 
4 
4 
4 
2 
1 340643159  
6 
1 815101917  
3 
1 562963934  
1 211906158  
4 
2 
1 1050251906  
3 
5 
6 
6 
3 
4 
2 
1 2019237237  
3 
1 2004531196  
5 
2 
6 
1 2025078102  
1 641939151  
5 
1 2077556904  
1 999428732  
5 
3 
1 1979353122  
2 
2 
2 
1 427612192  
4 
5 
4 
1 148004858  
5 
2 
3 
4 
6 
4 
1 779125413  
2 
6 
6 
3 
2 
1 661932005  
1 2084560808  
5 
4 
2 
2 
4 
6 
4 
4 
6 
3 
2 
3 
3 
2 
2 
5 
6 
5 
6 
1 440404870  
5 
2 
3 
2 
1 223754991  
1 609295907  
5 
3 
1 1396349479  
4 
5 
5 
4 
6 
1 253077041  
6 
3 
4 
3 
3 
2 
4 
4 
2 
1 1433050197  
1 1243211842  
3 
1 503472172  
1 902339028  
4 
3 
5 
2 
6 
1 491600644  
1 955892222  
4 
5 
5 
5 
2 
1 984245545  
1 337807521  
1 869193841  
1 1324888704  
6 
4 
5 
6 
4 
5 
2 
3 
4 
5 
6 
2 
3 
4 
1 1152909438  
1 1432157775  
6 
5 
5 
3 
1 1536794862  
3 
1 55677696  
3 
6 
2 
4 
2 
1 1303911364  
4 
2 
3 
2 
3 
5 
2 
6 
1 1393842411  
4 
5 
5 
1 2080755798  
6 
1 1945850516  
1 1323915667  
1 932700882  
2 
3 
6 
2 
3 
3 
4 
5 
2 
3 
3 
5 
2 
6 
6 
3 
2 
2 
5 
6 
3 
3 
2 
5 
3 
4 
3 
5 
2 
1 1777719990  
6 
6 
1 1751527859  
5 
3 
4 
2 
2 
1 1080705740  
6 
1 409361755  
5 
3 
6 
6 
2 
6 
1 265976217  
2 
5 
2 
1 1017782900  
6 
5 
5 
2 
1 849766625  
3 
1 489731208  
3 
1 1627078808  
5 
2 
1 98632456  
5 
2 
6 
5 
3 
1 742808249  
4 
3 
4 
5 
1 912645357  
3 
5 
5 
3 
6 
3 
3 
1 1341844299  
1 1246280422  
5 
6 
6 
6 
4 
2 
1 1814984385  
5 
2 
2 
4 
4 
3 
4 
6 
5 
4 
5 
2 
6 
5 
4 
5 
5 
1 1833444943  
2 
4 
2 
6 
6 
3 
3 
1 54688996  
5 
4 
2 
4 
1 651746283  
5 
5 
6 
4 
4 
3 
3 
1 23768816  
5 
6 
5 
5 
3 
1 923882837  
3 
2 
6 
6 
1 1976634987  
3 
6 
3 
1 1176678254  
6 
5 
1 208556965  
1 1365946202  
5 
4 
5 
1 1232355950  
5 
2 
4 
5 
1 1512468329  
5 
4 
2 
1 612304965  
3 
6 
1 1165628100  
2 
4 
3 
4 
3 
1 1310835197  
2 
1 1936220632  
2 
4 
1 2098328982  
1 941071539  
1 1540264844  
4 
2 
5 
3 
2 
6 
5 
3 
5 
1 1031551074  
6 
5 
3 
1 1350433295  
3 
6 
1 1806241061  
4 
5 
4 
4 
2 
6 
5 
2 
3 
2 
3 
6 
3 
3 
3 
1 2049333974  
3 
6 
2 
1 52716272  
6 
3 
3 
4 
2 
4 
3 
3 
2 
6 
2 
2 
3 
3 
3 
6 
3 
3 
1 148488621  
4 
2 
1 1528929134  
6 
6 
1 151348729  
6 
1 891296870  
5 
5 
6 
3 
2 
1 294090844  
2 
6 
1 1493193028  
2 
1 2137577292  
4 
3 
3 
3 
2 
6 
1 2109075229  
4 
1 1179154323  
3 
3 
4 
2 
5 
6 
1 44782640  
2 
3 
2 
3 
1 613337864  
4 
2 
5 
2 
2 
4 
2 
4 
2 
6 
4 
1 1202923139  
2 
6 
4 
6 
1 968665478  
3 
4 
4 
4 
3 
3 
3 
6 
1 442489204  
6 
1 232117745  
6 
3 
2 
6 
1 1177222443  
2 
4 
6 
4 
2 
1 1808435406  
2 
3 
5 
2 
2 
2 
1 1464473695  
6 
1 542207124  
4 
1 273256723  
3 
2 
4 
3 
2 
3 
4 
3 
1 482618147  
6 
4 
6 
4 
2 
4 
6 
3 
3 
2 
5 
2 
4 
5 
2 
6 
3 
1 1853042322  
3 
6 
4 
1 61993707  
3 
3 
6 
6 
2 
6 
2 
3 
6 
6 
6 
5 
3 
2 
4 
3 
3 
3 
4 
1 433463481  
3 
6 
6 
5 
4 
2 
2 
4 
4 
5 
1 646630213  
4 
3 
4 
2 
5 
2 
4 
6 
5 
1 1602258551  
1 1465014555  
3 
5 
1 1997063508  
1 1261015964  
4 
1 1366864881  
6 
3 
2 
3 
3 
4 
2 
5 
5 
5 
2 
1 2049779781  
5 
2 
4 
4 
6 
2 
4 
3 
4 
3 
5 
2 
3 
2 
5 
5 
3 
1 1409504585  
6 
6 
2 
6 
2 
6 
2 
1 748310368  
5 
1 53644862  
4 
4 
6 
6 
3 
1 153317808  
6 
1 1042401212  
5 
1 1546837890  
4 
6 
6 
2 
2 
4 
6 
1 143411452  
3 
5 
4 
5 
6 
1 1003992793  
2 
1 578508565  
6 
6 
4 
4 
3 
2 
4 
4 
3 
2 
6 
3 
1 188194093  
4 
4 
4 
1 1617330658  
3 
3 
5 
3 
6 
1 1781431704  
6 
1 1156859571  
2 
1 2059819862  
6 
1 2013549449  
3 
1 186598366  
5 
4 
3 
4 
6 
2 
3 
6 
5 
6 
1 1720771620  
4 
4 
1 1330539496  
1 728805490  
2 
3 
5 
4 
2 
1 1994028343  
2 
5 
3 
1 1813157643  
5 
3 
3 
5 
6 
6 
1 434364164  
6 
6 
1 2056022050  
4 
2 
5 
3 
2 
5 
6 
5 
6 
1 99137476  
6 
5 
3 
1 1080994378  
6 
1 1510796954  
4 
6 
3 
4 
2 
3 
3 
4 
6 
1 1564152031  
3 
6 
4 
6 
4 
4 
4 
6 
1 930574238  
3 
5 
3 
4 
2 
6 
2 
1 624329270  
2 
3 
3 
6 
5 
5 
1 783533264  
2 
5 
5 
6 
4 
3 
2 
3 
6 
3 
6 
5 
3 
4 
3 
1 832870371  
1 2033833856  
4 
2 
3 
3 
3 
1 1531843632  
2 
2 
1 886515233  
2 
6 
2 
6 
1 39668016  
2 
6 
5 
4 
4 
6 
1 426761196  
5 
1 285869475  
5 
3 
6 
5 
6 
2 
6 
1 183079468  
2 
6 
4 
1 1430753990  
4 
2 
1 864378040  
2 
2 
5 
1 371273561  
2 
6 
1 900601000  
1 498326096  
2 
6 
2 
5 
2 
5 
3 
5 
6 
1 1528133132  
6 
6 
1 812937214  
4 
6 
2 
6 
3 
4 
1 364391897  
3 
6 
6 
3 
6 
4 
4 
6 
6 
4 
3 
4 
2 
2 
3 
5 
5 
6 
3 
2 
6 
2 
5 
6 
3 
5 
5 
5 
3 
2 
6 
1 1714731498  
4 
3 
2 
3 
2 
1 386225186  
4 
3 
2 
4 
6 
6 
3 
4 
3 
2 
5 
2 
3 
5 
2 
6 
1 1694931393  
3 
4 
5 
3 
2 
3 
5 
3 
6 
4 
2 
5 
1 296053341  
2 
6 
6 
2 
6 
6 
4 
4 
2 
3 
6 
2 
2 
3 
3 
4 
3 
3 
5 
6 
6 
5 
5 
2 
1 232769881  
1 1360605388  
2 
4 
5 
1 730417505  
4 
6 
3 
4 
6 
3 
2 
2 
5 
2 
1 141308283  
3 
4 
5 
5 
1 1459742864  
4 
3 
6 
1 1811411883  
2 
1 1652105237  
2 
3 
2 
6 
2 
6 
2 
6 
1 876411247  
2 
6 
3 
5 
4 
6 
6 
1 594502474  
1 128950860  
6 
1 1659944512  
3 
2 
6 
5 
3 
1 1427372845  
2 
1 15301068  
3 
1 1044304496  
3 
1 166404431  
2 
4 
5 
2 
5 
1 54969084  
6 
4 
2 
6 
1 1471065693  
2 
4 
4 
6 
3 
2 
5 
5 
2 
4 
6 
5 
3 
2 
6 
5 
1 452273906  
5 
1 238048552  
6 
5 
3 
4 
2 
6 
4 
4 
2 
1 754336035  
1 1316651947  
6 
5 
5 
5 
3 
6 
2 
2 
6 
3 
3 
6 
1 609322114  
6 
1 1654937035  
1 1814978043  
4 
1 2137455246  
2 
3 
1 320390601  
6 
4 
1 31886293  
5 
6 
5 
5 
5 
5 
3 
6 
2 
4 
6 
3 
5 
3 
3 
1 1704703097  
2 
3 
1 706615787  
3 
2 
1 1726817686  
5 
3 
2 
3 
6 
1 2000756438  
3 
2 
1 939385668  
4 
2 
1 939939427  
1 583690295  
3 
4 
3 
5 
5 
4 
6 
3 
3 
2 
5 
4 
6 
5 
2 
5 
4 
4 
1 1080693951  
6 
3 
5 
4 
3 
2 
3 
4 
5 
3 
5 
2 
3 
5 
1 252198643  
4 
3 
4 
5 
5 
1 247618531  
4 
2 
5 
1 585315541  
1 1128609891  
2 
4 
2 
6 
6 
1 842121005  
3 
6 
3 
1 714266401  
4 
1 641070755  
2 
2 
6 
1 122010202  
3 
5 
4 
3 
2 
1 729567469  
3 
2 
3 
4 
1 1685375251  
6 
4 
4 
6 
5 
6 
3 
2 
4 
3 
2 
3 
6 
6 
3 
1 288414633  
4 
5 
5 
1 784536553  
5 
5 
3 
1 1008957296  
4 
6 
6 
6 
3 
4 
5 
5 
5 
3 
1 740688540  
5 
1 1022585105  
5 
5 
4 
3 
4 
6 
6 
2 
5 
2 
1 1763293331  
2 
3 
2 
5 
4 
3 
4 
1 2057340487  
1 1631907219  
4 
2 
4 
1 1270746718  
5 
4 
5 
4 
6 
2 
2 
5 
4 
6 
2 
5 
6 
6 
5 
4 
6 
2 
6 
6 
6 
5 
1 1724834882  
6 
6 
5 
4 
3 
5 
2 
1 1621878818  
4 
2 
3 
6 
4 
6 
6 
1 1591137319  
4 
6 
4 
6 
5 
5 
4 
5 
2 
5 
5 
1 1756721175  
1 1179098267  
5 
3 
6 
1 150269458  
3 
5 
6 
4 
1 1336055214  
1 1032371057  
5 
4 
6 
6 
1 1089655126  
1 128510993  
6 
5 
2 
6 
6 
6 
5 
3 
4 
5 
6 
4 
4 
4 
2 
2 
3 
6 
5 
2 
5 
5 
5 
2 
3 
4 
3 
2 
2 
6 
2 
6 
4 
1 1616061352  
6 
3 
1 22865430  
1 380709636  
5 
6 
6 
1 1863679883  
5 
4 
2 
3 
5 
2 
6 
5 
3 
3 
6 
5 
6 
4 
1 608180971  
2 
6 
2 
4 
2 
2 
6 
2 
5 
5 
2 
2 
4 
6 
5 
4 
1 1509319527  
1 558317240  
2 
5 
6 
1 1322447372  
5 
1 2906634  
4 
4 
3 
3 
6 
6 
2 
3 
3 
5 
2 
2 
2 
1 680327443  
1 2052014841  
1 1688281886  
4 
6 
1 968742076  
2 
1 689067746  
5 
2 
6 
3 
3 
1 549755534  
6 
2 
6 
3 
3 
3 
2 
6 
5 
2 
6 
3 
4 
5 
2 
5 
6 
2 
2 
5 
5 
6 
2 
4 
2 
5 
1 1709430616  
3 
1 1711652851  
6 
1 165565218  
4 
5 
3 
5 
6 
4 
3 
3 
5 
3 
2 
4 
4 
3 
2 
4 
1 1619287455  
2 
1 1196076423  
1 1436311936  
3 
1 1196638690  
4 
1 670471593  
3 
6 
6 
3 
4 
1 879965608  
4 
3 
4 
3 
6 
2 
3 
3 
4 
5 
5 
2 
6 
6 
2 
5 
3 
3 
5 
6 
2 
6 
2 
1 805876217  
4 
2 
1 1849569860  
6 
1 1030235066  
5 
3 
1 2141931431  
3 
2 
1 734457269  
5 
1 2119890193  
3 
1 122958776  
1 203034973  
3 
5 
6 
6 
3 
4 
3 
6 
2 
5 
5 
6 
4 
3 
3 
4 
2 
1 2142755623  
6 
4 
6 
3 
5 
3 
1 503668413  
3 
1 2066714857  
3 
5 
2 
3 
2 
1 603452946  
3 
4 
3 
6 
1 2012987940  
3 
3 
2 
1 477548449  
2 
6 
3 
6 
5 
4 
5 
4 
6 
3 
2 
3 
5 
1 1925900318  
6 
5 
4 
1 2015894575  
5 
3 
5 
5 
2 
6 
1 1157875892  
5 
5 
3 
3 
1 1830431511  
5 
5 
6 
2 
4 
5 
4 
6 
6 
2 
6 
1 1556692813  
3 
1 2126617969  
3 
1 372015609  
1 2106448347  
2 
1 1688564937  
1 2083668460  
2 
1 124529917  
2 
2 
6 
3 
2 
1 1160368745  
6 
1 1132261235  
5 
3 
5 
4 
4 
5 
2 
4 
5 
1 1560841854  
1 209523787  
4 
6 
2 
2 
3 
4 
2 
6 
5 
3 
6 
6 
2 
2 
5 
4 
5 
4 
4 
6 
3 
3 
4 
5 
6 
3 
2 
1 1802732828  
4 
4 
2 
2 
4 
2 
6 
2 
1 293323814  
3 
4 
5 
5 
3 
6 
2 
2 
1 1015400004  
3 
5 
3 
5 
6 
4 
1 1504819040  
5 
4 
5 
2 
2 
3 
2 
3 
2 
4 
4 
1 1323558880  
3 
4 
4 
2 
2 
1 1009847788  
2 
1 91792661  
5 
2 
6 
5 
1 1295965425  
6 
5 
4 
6 
3 
2 
2 
1 1132806564  
3 
6 
5 
1 294827635  
2 
6 
3 
5 
2 
1 1291237400  
6 
1 1636474977  
4 
3 
6 
2 
1 214058844  
5 
1 1894690346  
6 
5 
5 
6 
5 
3 
4 
5 
3 
6 
5 
2 
3 
1 1501979270  
3 
3 
2 
1 691607293  
6 
2 
2 
5 
4 
2 
2 
3 
1 1673107016  
4 
1 1370390197  
5 
3 
2 
3 
6 
6 
1 1849483186  
6 
1 1356054879  
4 
1 779599362  
3 
3 
2 
4 
5 
4 
1 1828617507  
5 
1 1728070488  
5 
3 
1 738564061  
2 
2 
4 
5 
6 
3 
6 
4 
4 
2 
2 
2 
1 1369698796  
4 
1 1664255301  
5 
1 863093979  
2 
1 382583893  
6 
5 
3 
2 
6 
6 
3 
4 
1 649032888  
6 
3 
5 
1 276452185  
5 
6 
1 592107680  
3 
5 
6 
5 
5 
5 
2 
3 
1 304282069  
5 
4 
1 569775999  
6 
6 
5 
2 
1 1607507685  
1 1809101109  
6 
2 
2 
3 
5 
2 
3 
5 
5 
1 1893334879  
3 
4 
4 
2 
5 
6 
3 
2 
5 
5 
5 
5 
1 469871825  
2 
3 
1 1900893771  
2 
6 
5 
6 
5 
3 
2 
4 
3 
6 
5 
3 
5 
2 
6 
4 
5 
5 
5 
2 
4 
3 
3 
5 
4 
2 
2 
6 
4 
4 
5 
6 
4 
2 
6 
5 
5 
6 
2 
6 
6 
3 
6 
6 
6 
5 
5 
3 
4 
2 
3 
4 
3 
6 
1 1041816657  
6 
2 
5 
6 
5 
4 
3 
3 
1 1602678389  
3 
4 
6 
5 
4 
1 48237758  
5 
5 
2 
4 
6 
6 
3 
1 185570409  
2 
1 1091669719  
5 
5 
2 
3 
2 
4 
4 
4 
5 
1 262296602  
1 2080260756  
5 
4 
2 
1 446165341  
6 
1 953903895  
2 
5 
3 
1 1605884124  
2 
6 
1 1816555538  
5 
2 
2 
5 
2 
5 
6 
5 
4 
6 
4 
5 
6 
4 
1 655903433  
2 
3 
3 
3 
2 
4 
3 
1 814455356  
3 
6 
2 
6 
2 
4 
6 
4 
4 
4 
2 
3 
2 
2 
6 
6 
1 448671252  
2 
6 
5 
3 
1 337037292  
3 
4 
4 
4 
4 
4 
2 
1 395042196  
5 
1 1187235313  
3 
5 
4 
3 
5 
1 1706736089  
2 
3 
4 
3 
5 
3 
5 
5 
2 
3 
3 
1 2059297497  
2 
3 
4 
4 
4 
3 
4 
2 
3 
4 
4 
1 2050329292  
6 
1 2089319982  
2 
5 
1 560846738  
4 
5 
2 
2 
6 
2 
1 179297829  
3 
3 
4 
4 
6 
5 
6 
5 
2 
6 
1 533944015  
2 
2 
5 
1 865128807  
5 
2 
4 
3 
2 
3 
4 
3 
6 
6 
5 
5 
2 
1 749073828  
2 
4 
1 2141451700  
6 
5 
2 
3 
3 
3 
4 
4 
1 526746268  
1 494925060  
4 
3 
5 
6 
6 
3 
6 
3 
1 463839877  
2 
5 
6 
6 
5 
6 
1 280156391  
1 1536741717  
4 
5 
6 
3 
4 
2 
3 
1 2066518266  
2 
2 
2 
5 
3 
5 
1 328394149  
6 
2 
6 
4 
3 
4 
3 
6 
6 
4 
6 
2 
4 
5 
3 
3 
4 
4 
1 1722312126  
4 
5 
5 
5 
5 
4 
4 
1 1010704337  
6 
1 590690751  
1 1655089234  
6 
2 
2 
6 
6 
1 1456869678  
2 
1 1544594647  
2 
2 
5 
2 
4 
6 
5 
5 
3 
2 
6 
2 
2 
4 
6 
5 
5 
3 
2 
6 
4 
2 
5 
5 
5 
5 
2 
4 
6 
1 1113489711  
1 1125941568  
3 
3 
5 
3 
1 53014432  
5 
5 
4 
2 
1 1927945067  
1 1574612820  
6 
5 
4 
2 
1 390051725  
1 175503615  
1 614364486  
2 
6 
6 
3 
6 
6 
3 
5 
3 
2 
6 
3 
6 
6 
2 
3 
5 
2 
5 
4 
6 
5 
5 
6 
1 2096787814  
2 
5 
4 
2 
2 
4 
3 
6 
2 
3 
6 
4 
3 
4 
2 
6 
3 
5 
1 87317465  
3 
2 
3 
5 
2 
2 
3 
6 
5 
4 
4 
4 
3 
6 
6 
2 
1 517210130  
4 
1 2038624148  
4 
1 648164203  
6 
2 
6 
2 
4 
4 
5 
1 696507960  
3 
3 
6 
5 
3 
2 
3 
6 
5 
4 
5 
5 
5 
5 
3 
2 
6 
4 
5 
3 
5 
6 
6 
2 
6 
6 
5 
2 
6 
1 425084515  
5 
6 
6 
6 
3 
3 
3 
4 
1 1513293010  
1 1445581788  
3 
4 
2 
3 
2 
3 
4 
1 419052567  
6 
2 
3 
3 
6 
3 
3 
2 
6 
4 
3 
3 
3 
4 
5 
4 
1 2040039278  
3 
4 
1 1940506848  
4 
3 
1 882892444  
2 
5 
3 
4 
5 
5 
4 
4 
6 
5 
5 
3 
6 
4 
4 
4 
1 172712022  
3 
4 
5 
5 
4 
1 1329764917  
2 
6 
2 
5 
5 
6 
4 
2 
3 
3 
3 
4 
1 801927063  
1 501106171  
3 
6 
5 
3 
2 
6 
3 
4 
4 
4 
2 
3 
6 
2 
2 
2 
5 
2 
3 
1 904593396  
4 
5 
3 
2 
2 
6 
2 
5 
4 
2 
6 
3 
6 
4 
5 
4 
2 
1 1812631400  
1 1091796923  
4 
1 412198982  
2 
4 
2 
1 1122017431  
5 
6 
5 
6 
4 
1 488907922  
3 
2 
5 
2 
6 
5 
4 
5 
3 
4 
4 
4 
2 
4 
3 
2 
3 
5 
5 
4 
6 
6 
3 
5 
6 
2 
2 
5 
4 
4 
6 
3 
1 1525688693  
2 
3 
6 
2 
6 
5 
3 
5 
4 
6 
3 
5 
1 100475351  
5 
2 
4 
1 541922354  
4 
3 
1 1306150112  
6 
6 
3 
2 
4 
4 
3 
1 1675088172  
3 
5 
1 931974079  
5 
2 
2 
3 
2 
5 
3 
6 
4 
2 
3 
5 
1 1481653728  
1 141969010  
4 
1 881278245  
1 1568971193  
3 
2 
4 
4 
1 659179140  
4 
1 772418746  
2 
5 
6 
2 
4 
6 
1 69651748  
3 
5 
3 
1 1355687100  
6 
1 1197503261  
5 
2 
6 
1 1582944758  
4 
4 
1 653785241  
4 
4 
2 
4 
4 
2 
3 
1 1616555829  
2 
1 1475500388  
3 
5 
4 
2 
4 
1 446808441  
6 
5 
6 
3 
2 
1 351964625  
4 
4 
2 
2 
1 1648212410  
4 
5 
2 
6 
5 
6 
4 
3 
5 
6 
4 
5 
2 
3 
4 
5 
6 
5 
2 
5 
6 
1 1776573359  
5 
5 
6 
2 
5 
2 
5 
5 
2 
3 
6 
2 
6 
1 1153891688  
4 
1 1834934  
3 
1 533683107  
5 
1 819039441  
2 
6 
6 
1 1093631857  
4 
5 
4 
4 
5 
2 
1 945882089  
5 
3 
5 
5 
4 
1 1941056872  
2 
3 
5 
4 
1 1582539779  
5 
6 
4 
6 
3 
1 324087135  
6 
2 
2 
2 
1 2041532223  
4 
2 
3 
5 
6 
5 
4 
6 
3 
4 
2 
2 
2 
6 
3 
6 
6 
5 
5 
6 
6 
1 2124462133  
1 1630237247  
3 
6 
4 
6 
4 
3 
4 
6 
5 
6 
4 
2 
3 
1 1569136747  
2 
5 
1 908952565  
1 964407327  
5 
4 
4 
3 
6 
1 1711105757  
1 1790230810  
4 
2 
5 
6 
4 
1 385894872  
3 
2 
6 
4 
1 222801250  
5 
4 
3 
4 
5 
4 
4 
1 415165908  
4 
5 
6 
5 
1 455546620  
6 
4 
1 1578488350  
3 
1 1612669170  
4 
1 2038491378  
2 
2 
2 
1 84789943  
1 1081741351  
5 
5 
4 
5 
6 
1 1366508119  
2 
2 
4 
2 
2 
4 
4 
5 
1 531598385  
6 
6 
6 
5 
3 
6 
5 
6 
6 
5 
1 1433705976  
5 
4 
6 
2 
3 
6 
2 
5 
1 867236881  
5 
1 160688096  
2 
5 
1 440114017  
5 
4 
2 
2 
2 
6 
3 
1 869071815  
5 
6 
3 
5 
4 
4 
2 
1 694371203  
3 
5 
3 
3 
2 
3 
3 
2 
6 
3 
4 
6 
6 
6 
2 
2 
4 
4 
1 1259153458  
6 
1 1962703672  
6 
5 
4 
1 1640253292  
3 
6 
1 1052726682  
1 1397759803  
3 
3 
2 
1 1964340427  
2 
6 
3 
6 
5 
4 
2 
5 
1 946775257  
4 
6 
3 
6 
1 1374738289  
6 
3 
2 
2 
4 
5 
6 
2 
6 
4 
3 
5 
1 1447094027  
3 
3 
6 
4 
6 
3 
6 
5 
6 
1 368428357  
5 
2 
1 136207206  
4 
6 
2 
6 
1 264017706  
4 
1 2079534114  
5 
5 
3 
3 
3 
4 
4 
5 
3 
5 
5 
5 
3 
5 
3 
4 
6 
5 
1 1926438016  
6 
3 
5 
4 
2 
2 
6 
2 
2 
6 
1 649912579  
1 154851716  
4 
5 
6 
4 
3 
6 
2 
1 194120277  
5 
5 
3 
2 
4 
3 
3 
3 
6 
2 
5 
5 
2 
3 
1 1105459199  
3 
4 
5 
2 
1 1733340067  
4 
4 
1 1806789447  
6 
3 
3 
2 
2 
6 
5 
3 
6 
4 
3 
4 
6 
4 
3 
4 
5 
4 
5 
4 
2 
4 
3 
3 
3 
6 
2 
6 
5 
1 996466930  
2 
6 
6 
4 
3 
1 1818130010  
4 
3 
6 
5 
4 
2 
6 
3 
4 
2 
5 
6 
4 
1 741047150  
1 215491401  
6 
4 
4 
5 
6 
4 
6 
5 
5 
2 
3 
3 
6 
2 
2 
1 202244747  
5 
3 
2 
2 
1 27269478  
1 1082728282  
4 
3 
6 
2 
6 
5 
2 
1 362932843  
2 
1 467383495  
3 
5 
4 
5 
3 
1 1951800098  
1 1057304046  
5 
3 
4 
6 
2 
2 
3 
5 
4 
2 
4 
6 
1 1726536953  
1 1767020122  
3 
3 
2 
3 
2 
5 
1 550073691  
3 
5 
3 
2 
5 
4 
5 
3 
5 
6 
4 
6 
5 
6 
2 
2 
5 
5 
3 
5 
3 
5 
4 
1 631779987  
1 1017296278  
5 
2 
5 
6 
2 
4 
3 
5 
5 
3 
4 
3 
1 366930470  
6 
3 
6 
1 1578555245  
3 
1 244550919  
5 
3 
3 
3 
6 
4 
4 
1 1814024497  
5 
4 
1 1946983602  
1 380758125  
3 
2 
2 
4 
3 
2 
4 
1 2078042204  
4 
3 
3 
2 
5 
2 
1 1879034068  
5 
6 
6 
5 
3 
2 
4 
4 
6 
1 159712493  
6 
6 
3 
1 580471135  
3 
5 
6 
5 
6 
2 
6 
1 2033885785  
3 
6 
4 
2 
5 
2 
1 353832770  
5 
3 
5 
2 
6 
3 
4 
6 
4 
3 
5 
2 
6 
5 
4 
2 
4 
3 
6 
4 
2 
4 
3 
2 
3 
6 
1 1685930334  
2 
3 
6 
1 1619742204  
4 
1 13138569  
3 
4 
6 
2 
6 
4 
2 
2 
3 
5 
3 
5 
4 
6 
4 
3 
4 
6 
3 
3 
6 
1 534913616  
5 
6 
4 
6 
1 1290388566  
1 754185719  
3 
6 
4 
5 
4 
5 
2 
4 
3 
3 
6 
6 
2 
3 
1 750405017  
6 
5 
2 
2 
2 
6 
5 
5 
4 
6 
4 
4 
3 
6 
2 
5 
3 
6 
4 
1 1492633314  
6 
2 
3 
5 
3 
2 
5 
5 
6 
1 781455198  
1 1833133300  
4 
3 
6 
6 
5 
1 1855566157  
3 
5 
4 
6 
6 
2 
5 
4 
4 
3 
1 1248838693  
1 1637449750  
4 
4 
4 
1 765386556  
4 
3 
3 
3 
1 827891999  
3 
4 
3 
5 
1 1256986224  
4 
3 
6 
5 
1 1315460247  
6 
1 1459671986  
4 
1 126798854  
2 
1 1682390717  
5 
1 890743583  
2 
3 
4 
6 
3 
6 
6 
3 
1 371349773  
3 
1 1348931567  
4 
1 690243537  
3 
5 
3 
2 
6 
3 
3 
6 
1 752107898  
5 
3 
1 1279490123  
2 
5 
1 421793958  
4 
1 911820392  
1 1859961258  
3 
4 
3 
4 
6 
4 
3 
2 
3 
5 
1 308196095  
4 
1 1265653162  
3 
3 
3 
3 
3 
4 
1 1398407944  
5 
3 
2 
1 1927938299  
2 
6 
5 
6 
5 
3 
5 
2 
3 
3 
3 
2 
5 
2 
1 1278791732  
1 1933321561  
3 
1 1070843217  
4 
5 
5 
6 
1 2032977451  
1 536242930  
2 
2 
3 
2 
6 
4 
1 415992883  
6 
2 
6 
3 
3 
4 
1 666949001  
4 
6 
6 
3 
4 
1 221892582  
5 
3 
5 
2 
2 
1 124075393  
5 
4 
2 
6 
6 
1 1915787695  
2 
5 
6 
2 
3 
3 
6 
2 
5 
3 
4 
4 
3 
2 
3 
5 
6 
5 
3 
3 
3 
4 
5 
2 
2 
1 1859342332  
2 
2 
3 
6 
6 
6 
1 889461949  
4 
5 
2 
6 
4 
2 
3 
3 
2 
4 
6 
1 596196046  
3 
4 
1 968844909  
5 
5 
1 57438548  
5 
6 
2 
6 
3 
4 
3 
2 
3 
2 
2 
5 
6 
2 
3 
2 
2 
6 
4 
3 
1 2055868032  
6 
4 
3 
5 
6 
5 
2 
4 
6 
5 
3 
5 
3 
2 
3 
4 
4 
4 
1 1095643763  
1 1739829265  
4 
2 
2 
1 799127968  
6 
4 
6 
5 
3 
3 
1 1466993537  
6 
4 
4 
1 941277184  
1 1489371505  
5 
2 
2 
2 
6 
5 
3 
3 
4 
2 
4 
6 
4 
6 
3 
3 
5 
4 
4 
3 
1 71617787  
4 
3 
1 73283659  
3 
2 
6 
5 
5 
3 
3 
5 
1 1911165463  
3 
2 
6 
4 
4 
2 
2 
2 
5 
2 
5 
3 
5 
6 
2 
3 
2 
5 
3 
5 
2 
5 
5 
2 
2 
6 
1 983438179  
4 
3 
3 
4 
4 
3 
6 
6 
2 
3 
1 1933244917  
2 
4 
3 
6 
1 71877910  
1 101607694  
6 
2 
1 1184169214  
1 1999816209  
3 
2 
2 
3 
3 
4 
5 
6 
2 
6 
5 
6 
5 
2 
5 
4 
6 
6 
1 1380399426  
4 
4 
6 
3 
6 
5 
3 
3 
5 
6 
2 
5 
3 
5 
3 
1 970007127  
2 
6 
3 
6 
6 
2 
2 
1 923175779  
2 
2 
1 1265893229  
6 
4 
5 
4 
6 
1 1506250057  
2 
2 
6 
3 
2 
4 
4 
3 
1 1339168662  
3 
6 
1 1932842231  
4 
6 
5 
5 
1 1728142640  
5 
2 
3 
6 
1 1463244055  
2 
5 
1 1701146278  
5 
3 
4 
1 1440001324  
2 
5 
5 
2 
3 
6 
3 
4 
4 
1 205222356  
5 
3 
2 
5 
5 
1 149858676  
1 261362585  
1 262660904  
4 
6 
4 
5 
2 
1 58243060  
5 
1 1357006349  
2 
4 
6 
6 
4 
4 
5 
6 
3 
4 
6 
1 2002490170  
5 
4 
6 
5 
4 
6 
6 
3 
4 
2 
1 857371028  
2 
2 
5 
5 
6 
1 676516238  
1 796283706  
4 
6 
4 
6 
4 
6 
3 
1 199258886  
2 
3 
5 
4 
3 
2 
2 
2 
2 
5 
6 
2 
1 748134025  
1 869567366  
3 
5 
1 2110424349  
1 1731572205  
3 
2 
3 
5 
4 
5 
1 655328635  
3 
5 
6 
3 
2 
1 34818612  
5 
2 
2 
3 
4 
4 
6 
6 
1 1833179899  
1 1839497849  
6 
4 
3 
6 
1 2034634821  
6 
4 
5 
6 
5 
6 
4 
5 
5 
4 
3 
3 
2 
5 
2 
6 
1 1066095677  
4 
4 
1 662021328  
3 
4 
3 
2 
5 
4 
3 
3 
6 
2 
6 
6 
4 
6 
6 
3 
3 
4 
1 810326952  
3 
5 
3 
6 
3 
5 
4 
2 
3 
3 
2 
2 
4 
4 
4 
2 
1 184505258  
3 
5 
5 
6 
5 
6 
2 
3 
3 
1 20787738  
6 
1 2011967  
1 2117347489  
4 
3 
3 
5 
6 
2 
1 1748930378  
3 
3 
3 
5 
6 
1 1465256022  
2 
3 
2 
4 
3 
2 
4 
2 
5 
4 
1 1671010119  
3 
6 
3 
1 1041448054  
1 1670478379  
1 1820868795  
1 1302810640  
3 
5 
5 
5 
4 
4 
2 
5 
2 
1 1933139283  
4 
1 1879111856  
4 
2 
5 
2 
