5 
6 
1 1132732785  
2 
2 
4 
1 510482293  
3 
4 
4 
3 
2 
4 
6 
3 
2 
4 
2 
6 
3 
1 2134535498  
3 
2 
1 2073186911  
6 
1 1007869461  
3 
1 1547517500  
2 
1 1759423451  
5 
6 
1 171886220  
4 
1 1068688456  
6 
6 
4 
1 816998056  
4 
4 
5 
1 2136836761  
5 
2 
4 
5 
2 
3 
3 
5 
3 
3 
3 
2 
2 
4 
1 1294232048  
3 
1 1893609734  
3 
3 
6 
3 
5 
5 
3 
3 
2 
3 
4 
3 
3 
2 
6 
2 
2 
4 
2 
3 
3 
2 
5 
6 
5 
3 
6 
1 2011454510  
4 
3 
6 
6 
5 
6 
2 
6 
4 
5 
3 
4 
4 
4 
2 
5 
1 649498848  
1 527664252  
6 
1 339937412  
5 
6 
2 
3 
6 
4 
1 2140582596  
1 1540964671  
2 
4 
6 
4 
2 
5 
6 
2 
6 
3 
5 
6 
1 1783786853  
5 
4 
3 
4 
2 
4 
5 
2 
4 
3 
2 
2 
4 
4 
2 
2 
1 1793449691  
5 
1 1829486923  
3 
1 1782686919  
4 
4 
3 
3 
1 1663037402  
2 
3 
3 
5 
6 
6 
1 160158985  
3 
5 
6 
2 
4 
1 1607877359  
6 
1 1880186143  
2 
2 
6 
1 1552726175  
4 
6 
3 
6 
6 
1 1667640210  
5 
3 
6 
3 
3 
5 
2 
6 
5 
2 
4 
2 
2 
6 
5 
2 
2 
1 743175797  
3 
1 1519623398  
6 
3 
5 
5 
3 
6 
1 652889347  
3 
2 
5 
3 
2 
3 
4 
5 
3 
4 
4 
4 
5 
6 
1 1253658091  
2 
5 
1 1506675249  
2 
6 
1 578592611  
3 
4 
6 
5 
4 
1 114043904  
1 906709101  
1 190532414  
1 285930125  
5 
2 
2 
4 
5 
2 
5 
2 
3 
5 
6 
4 
6 
3 
3 
2 
4 
3 
6 
2 
4 
2 
1 1975397557  
4 
6 
4 
5 
2 
6 
6 
2 
3 
4 
2 
2 
4 
1 1007530471  
4 
3 
5 
5 
5 
5 
1 275283238  
1 1122145958  
5 
5 
5 
3 
3 
3 
6 
4 
4 
2 
4 
4 
2 
5 
5 
6 
3 
2 
4 
1 753656557  
4 
3 
4 
4 
3 
1 139254101  
3 
2 
6 
6 
6 
6 
1 1771644806  
3 
4 
4 
3 
3 
5 
6 
1 1281320809  
3 
2 
6 
4 
5 
3 
2 
5 
6 
4 
3 
1 479191513  
5 
1 1764743755  
5 
4 
6 
1 674801832  
4 
6 
6 
3 
3 
6 
3 
2 
2 
5 
1 115494719  
1 1410709798  
1 356805108  
2 
4 
4 
6 
1 1898181638  
1 926263553  
5 
6 
6 
2 
1 516964093  
4 
6 
2 
5 
6 
6 
2 
1 1358575349  
3 
5 
3 
6 
3 
5 
5 
6 
3 
6 
3 
6 
3 
5 
2 
6 
1 658966048  
6 
1 2069690268  
3 
3 
6 
4 
1 878731911  
4 
2 
1 1402141845  
2 
1 1441830018  
6 
2 
2 
5 
1 1531621259  
6 
1 508316288  
5 
6 
1 801021619  
4 
6 
5 
1 2110213870  
6 
1 622360193  
6 
1 1707730720  
4 
5 
4 
4 
5 
4 
5 
1 153262636  
5 
5 
1 908290318  
3 
3 
2 
6 
1 1535644630  
5 
5 
5 
2 
2 
1 1160793107  
1 1183573556  
4 
4 
4 
1 510306940  
3 
2 
3 
3 
2 
3 
5 
5 
2 
2 
1 1914449664  
4 
4 
2 
4 
1 1322827657  
3 
3 
5 
1 134468098  
4 
2 
6 
3 
2 
4 
3 
3 
2 
6 
6 
4 
3 
2 
3 
3 
4 
5 
6 
2 
6 
5 
6 
2 
5 
4 
2 
4 
4 
3 
5 
2 
5 
4 
5 
3 
5 
6 
5 
5 
5 
4 
5 
2 
2 
5 
2 
5 
6 
4 
5 
4 
2 
3 
1 1048286825  
5 
3 
4 
1 1802019171  
1 1899211853  
2 
3 
1 1723088658  
1 1917513890  
2 
3 
6 
1 1162438004  
6 
4 
1 2079893766  
4 
5 
2 
1 1668211880  
4 
3 
3 
3 
2 
1 2088701557  
2 
6 
1 449374211  
5 
2 
2 
5 
4 
4 
2 
1 879303581  
4 
6 
2 
6 
5 
2 
1 600183957  
4 
2 
4 
6 
3 
1 371580831  
3 
3 
5 
6 
6 
4 
6 
4 
3 
5 
3 
3 
6 
6 
2 
1 1758035492  
4 
3 
5 
5 
2 
2 
5 
5 
3 
3 
1 2002325802  
3 
4 
4 
2 
2 
1 1813410849  
1 1142173103  
6 
2 
6 
1 363158443  
2 
3 
1 466948821  
4 
4 
4 
2 
5 
6 
6 
5 
2 
5 
2 
1 1104903325  
6 
6 
5 
4 
4 
5 
5 
1 985518636  
3 
6 
1 27195893  
6 
3 
6 
5 
3 
4 
3 
5 
6 
5 
1 1258165962  
2 
3 
4 
3 
4 
2 
2 
4 
3 
6 
1 1893808954  
6 
4 
5 
5 
3 
4 
2 
4 
4 
1 1562840523  
1 271475421  
6 
1 929898862  
2 
3 
1 2073147463  
3 
5 
4 
3 
2 
6 
1 38441438  
3 
1 105242872  
3 
2 
5 
6 
3 
1 60131914  
3 
3 
1 1086728263  
2 
1 1907262043  
6 
3 
6 
2 
4 
4 
3 
4 
5 
1 1959343767  
5 
1 662333273  
2 
5 
4 
4 
5 
2 
4 
1 1677292285  
2 
2 
6 
1 974298123  
5 
6 
3 
1 594743391  
6 
1 1198020517  
2 
6 
2 
1 915516032  
4 
2 
6 
5 
3 
2 
5 
1 1044117602  
2 
3 
2 
4 
1 2077324098  
6 
5 
2 
4 
2 
4 
4 
1 1515699989  
6 
2 
6 
3 
6 
2 
6 
1 1415698433  
5 
4 
1 1687875942  
1 1370542144  
2 
2 
3 
5 
2 
5 
2 
4 
1 1081625635  
6 
3 
3 
3 
4 
2 
5 
3 
4 
4 
1 682565398  
1 1733700587  
4 
3 
5 
6 
6 
1 1548574456  
1 1787468723  
1 571735575  
2 
6 
2 
1 1575770349  
2 
6 
5 
6 
1 898151037  
6 
2 
3 
1 318060881  
4 
3 
6 
1 991127225  
5 
1 1169626459  
4 
1 1247959743  
1 916791040  
6 
6 
4 
4 
3 
4 
2 
5 
6 
4 
5 
4 
5 
3 
4 
4 
4 
5 
3 
4 
6 
3 
5 
4 
6 
3 
5 
5 
4 
5 
1 1208067897  
6 
4 
4 
1 1353202615  
3 
6 
4 
2 
2 
1 976922954  
2 
6 
6 
2 
1 147312512  
5 
1 1112981010  
4 
1 788783074  
2 
6 
3 
3 
5 
4 
4 
2 
5 
1 809645786  
5 
6 
1 642789647  
6 
2 
2 
1 1763081197  
4 
6 
5 
4 
3 
1 1404389177  
6 
4 
1 1840810164  
3 
4 
5 
1 531113582  
1 301023132  
5 
3 
1 1770650614  
4 
4 
6 
3 
5 
2 
1 2046813571  
2 
2 
5 
4 
3 
5 
5 
2 
2 
3 
2 
4 
3 
1 1716721565  
6 
5 
6 
6 
2 
2 
1 1311042909  
6 
5 
1 1269872067  
4 
5 
1 650863552  
6 
4 
5 
1 1993608307  
3 
4 
2 
6 
1 856089006  
6 
5 
3 
6 
5 
6 
2 
6 
3 
4 
5 
5 
1 51954360  
4 
5 
1 1633593382  
5 
6 
5 
3 
3 
1 1427824581  
5 
1 1627724710  
1 384260772  
2 
5 
1 1745885462  
1 471368287  
4 
3 
1 1553887231  
6 
1 846361558  
5 
5 
2 
4 
1 1388159327  
4 
2 
5 
6 
2 
6 
1 614471480  
2 
2 
2 
6 
5 
5 
1 52080525  
3 
6 
4 
4 
5 
2 
1 217598634  
6 
4 
4 
2 
4 
2 
5 
3 
5 
6 
2 
2 
4 
1 761783992  
1 1165061536  
6 
3 
4 
2 
3 
3 
4 
1 1006381708  
4 
2 
4 
4 
2 
2 
5 
6 
6 
4 
2 
2 
4 
4 
2 
5 
1 1571429778  
5 
2 
4 
2 
2 
6 
1 1807851183  
6 
3 
6 
5 
5 
1 621979257  
2 
5 
4 
2 
6 
1 828335308  
1 1501177700  
5 
3 
1 1153092839  
6 
4 
6 
1 1129358440  
6 
2 
3 
1 1124344666  
5 
3 
1 1052422763  
3 
2 
2 
3 
3 
3 
2 
4 
6 
4 
2 
5 
5 
4 
2 
1 698596357  
2 
6 
5 
2 
2 
4 
6 
2 
5 
4 
4 
6 
5 
6 
2 
3 
6 
3 
4 
5 
1 287903927  
6 
5 
4 
4 
5 
1 174811182  
2 
2 
1 1349459910  
1 134028586  
3 
4 
3 
4 
3 
5 
2 
3 
5 
2 
5 
6 
1 1030900189  
4 
6 
1 1401414270  
4 
5 
5 
6 
5 
5 
5 
1 1767621969  
6 
4 
2 
1 311241122  
1 881655332  
6 
2 
4 
6 
3 
5 
3 
4 
4 
4 
3 
6 
4 
6 
6 
5 
3 
5 
2 
2 
1 4399093  
3 
4 
4 
3 
2 
6 
5 
3 
5 
6 
5 
2 
3 
1 2057126585  
6 
1 1353023619  
4 
1 1558286324  
4 
4 
4 
3 
1 756004495  
1 593699299  
6 
5 
3 
1 25274156  
4 
4 
6 
6 
3 
1 808085020  
1 811297933  
4 
5 
4 
1 787058148  
5 
5 
1 1973146556  
5 
5 
6 
2 
3 
4 
2 
5 
3 
3 
4 
3 
6 
1 1817679641  
1 211004279  
3 
2 
4 
1 1633514092  
5 
1 292175250  
2 
4 
5 
4 
2 
4 
3 
6 
4 
2 
1 1039339587  
2 
1 987208144  
6 
4 
5 
5 
6 
2 
2 
2 
3 
2 
5 
5 
3 
2 
2 
3 
1 1445268090  
3 
3 
5 
4 
3 
3 
2 
5 
2 
2 
1 21214379  
4 
4 
6 
2 
2 
3 
1 2111552810  
5 
3 
1 350207205  
6 
5 
4 
2 
1 719810736  
6 
3 
6 
5 
1 251973090  
6 
4 
5 
2 
6 
2 
2 
1 525018387  
2 
6 
6 
5 
6 
4 
5 
5 
2 
3 
4 
5 
2 
5 
3 
4 
5 
6 
2 
2 
3 
2 
6 
4 
3 
2 
2 
3 
1 2069270646  
2 
1 386001676  
5 
6 
1 1555918576  
5 
4 
1 1323201269  
4 
1 6139997  
3 
3 
2 
4 
3 
3 
6 
4 
5 
5 
3 
3 
1 1867159699  
6 
3 
5 
2 
2 
5 
2 
6 
2 
4 
3 
1 57372953  
3 
4 
1 10539090  
3 
1 1776802636  
5 
3 
4 
4 
2 
4 
4 
6 
3 
3 
5 
5 
6 
5 
6 
6 
3 
2 
2 
2 
6 
6 
5 
5 
1 1410396573  
1 1568825414  
3 
6 
2 
5 
1 385323483  
2 
2 
2 
3 
5 
1 2004095872  
1 1594099570  
1 1193408503  
5 
2 
4 
6 
3 
5 
1 667910157  
2 
2 
1 233674071  
1 1019071412  
1 338106150  
3 
1 444678350  
3 
5 
2 
6 
5 
1 505101856  
2 
4 
1 630281400  
2 
2 
3 
4 
4 
4 
5 
6 
2 
4 
6 
2 
3 
1 1484017937  
5 
1 1492310000  
5 
4 
5 
5 
3 
6 
1 2075549490  
5 
4 
5 
2 
2 
5 
3 
4 
6 
2 
5 
6 
5 
2 
2 
4 
4 
5 
3 
4 
5 
2 
2 
1 1505232316  
5 
4 
5 
2 
3 
3 
3 
6 
3 
1 1456379162  
1 278273047  
5 
4 
2 
2 
1 77559404  
3 
1 1708352252  
1 803291435  
1 2146830051  
5 
5 
5 
1 2094353929  
2 
3 
4 
6 
2 
6 
6 
1 211726363  
3 
2 
4 
6 
2 
1 1322547672  
1 2100493926  
4 
4 
4 
1 2078886062  
6 
2 
3 
3 
1 1379920625  
2 
1 2111033017  
1 1708205050  
3 
4 
4 
6 
4 
6 
4 
6 
2 
2 
5 
2 
5 
3 
6 
5 
1 642833550  
6 
5 
1 1532374783  
3 
5 
1 2093528533  
2 
5 
4 
3 
3 
4 
4 
6 
6 
2 
4 
4 
3 
1 499445774  
1 978990706  
4 
5 
6 
5 
3 
5 
4 
5 
5 
2 
6 
6 
3 
6 
6 
5 
4 
6 
3 
5 
5 
2 
5 
3 
2 
6 
1 1139453389  
1 1167355931  
4 
3 
1 1212664777  
2 
2 
2 
6 
4 
6 
3 
4 
3 
3 
5 
4 
6 
4 
3 
6 
2 
6 
1 11041153  
1 1505462081  
5 
3 
4 
4 
6 
3 
2 
4 
5 
2 
3 
1 1657343127  
1 516143009  
5 
6 
3 
3 
2 
4 
5 
5 
4 
3 
3 
5 
6 
6 
1 2135743482  
3 
5 
3 
6 
3 
4 
1 993877416  
6 
4 
5 
3 
3 
3 
6 
3 
4 
6 
2 
2 
1 2008453009  
3 
1 2063809324  
1 351626084  
5 
2 
3 
5 
5 
2 
1 1317348523  
2 
2 
3 
5 
3 
5 
6 
2 
3 
4 
2 
3 
1 194598724  
1 429185488  
1 878217128  
5 
1 997890159  
6 
3 
1 428531891  
3 
5 
6 
4 
3 
5 
6 
5 
1 825087409  
1 1209616522  
6 
3 
5 
3 
6 
6 
1 1751079563  
6 
2 
6 
2 
6 
1 778097687  
5 
6 
6 
4 
6 
6 
4 
5 
4 
1 1141018937  
5 
5 
5 
6 
2 
4 
3 
4 
5 
5 
4 
4 
1 983516541  
2 
3 
5 
5 
5 
5 
3 
3 
4 
6 
5 
1 741647056  
2 
4 
6 
5 
5 
5 
3 
3 
4 
3 
5 
2 
5 
4 
6 
4 
5 
4 
5 
3 
2 
5 
4 
2 
2 
4 
5 
1 701740339  
3 
6 
2 
4 
5 
4 
5 
1 1626350091  
6 
5 
2 
6 
2 
4 
4 
1 126538192  
2 
2 
2 
5 
2 
5 
5 
2 
6 
2 
6 
5 
4 
1 647785225  
5 
6 
3 
5 
3 
3 
3 
4 
5 
4 
1 2125795866  
6 
1 1105528898  
3 
5 
3 
2 
2 
3 
1 1787238614  
5 
4 
3 
3 
1 1145668149  
4 
2 
3 
5 
2 
2 
5 
2 
2 
2 
5 
4 
2 
6 
2 
2 
3 
3 
5 
3 
3 
1 170710027  
6 
1 1798279767  
3 
5 
1 503646583  
2 
4 
5 
5 
2 
1 1828053154  
1 166939128  
6 
3 
5 
6 
3 
5 
6 
3 
1 491906417  
1 674446922  
4 
4 
4 
1 27908489  
6 
3 
1 408232093  
6 
6 
4 
4 
1 1026073006  
5 
2 
2 
3 
1 1345257012  
1 602830817  
3 
2 
1 1455258494  
1 75990492  
5 
1 1600720976  
2 
6 
1 1883790386  
3 
6 
4 
4 
3 
3 
3 
6 
3 
5 
1 901077901  
3 
5 
1 662853851  
1 1487386301  
1 1679175589  
5 
6 
5 
3 
5 
5 
6 
2 
5 
6 
4 
1 1803872788  
2 
2 
5 
4 
1 323419194  
5 
4 
4 
4 
1 273338997  
6 
5 
1 358129479  
1 1949769286  
5 
4 
5 
4 
6 
6 
3 
4 
1 399877189  
5 
4 
5 
4 
2 
5 
3 
1 1005914704  
4 
6 
5 
3 
5 
1 1928081504  
4 
6 
2 
4 
3 
1 1505406087  
2 
4 
5 
1 645669670  
1 926266005  
3 
6 
2 
2 
1 1676116114  
4 
4 
3 
2 
6 
6 
3 
6 
4 
2 
5 
3 
5 
2 
4 
2 
3 
6 
5 
1 296465789  
3 
5 
4 
3 
5 
5 
2 
2 
6 
4 
6 
6 
5 
4 
2 
2 
4 
6 
3 
3 
4 
4 
2 
2 
4 
5 
3 
5 
6 
2 
3 
6 
5 
2 
5 
2 
4 
2 
4 
5 
3 
6 
2 
4 
1 1429912588  
2 
1 1356685620  
4 
4 
5 
3 
3 
3 
3 
6 
6 
1 463404917  
3 
2 
2 
5 
4 
2 
5 
5 
5 
2 
3 
3 
4 
6 
6 
1 1921819005  
1 2031132542  
5 
5 
6 
2 
4 
4 
6 
5 
1 491313406  
5 
5 
5 
6 
1 182567451  
4 
5 
4 
5 
5 
3 
1 909721900  
4 
3 
2 
1 1836570419  
3 
1 785398268  
6 
2 
1 217496747  
2 
5 
2 
3 
6 
6 
3 
6 
5 
1 1912560911  
3 
4 
2 
1 238635597  
4 
1 2101287133  
2 
6 
4 
2 
4 
2 
2 
4 
6 
4 
6 
3 
3 
4 
6 
1 666155165  
1 901489448  
3 
6 
1 1441189786  
3 
3 
2 
5 
5 
1 197847106  
2 
3 
5 
1 557878588  
5 
2 
2 
3 
4 
3 
1 1764608981  
5 
4 
3 
1 471186103  
4 
1 916008067  
2 
4 
4 
2 
5 
6 
6 
5 
2 
4 
2 
4 
4 
6 
4 
1 1566894619  
6 
4 
2 
3 
4 
3 
4 
2 
6 
4 
2 
6 
2 
3 
4 
4 
4 
6 
4 
6 
4 
5 
6 
4 
4 
3 
2 
3 
1 871063293  
5 
5 
2 
5 
1 1921922772  
5 
6 
5 
2 
3 
3 
6 
6 
5 
1 1347492475  
1 228985732  
3 
3 
6 
4 
6 
6 
6 
1 420108794  
3 
6 
3 
2 
4 
5 
6 
3 
5 
6 
6 
2 
2 
5 
6 
3 
6 
4 
6 
4 
5 
4 
1 126274832  
2 
1 1905101847  
6 
6 
2 
4 
3 
4 
2 
3 
2 
6 
5 
4 
5 
2 
4 
6 
5 
4 
6 
6 
6 
4 
4 
4 
2 
4 
5 
2 
6 
3 
4 
2 
1 716574584  
6 
5 
2 
5 
5 
4 
4 
5 
4 
5 
1 1556187421  
6 
3 
1 1114303819  
5 
6 
2 
6 
5 
1 1179979501  
2 
4 
1 1330522778  
5 
6 
1 997952714  
4 
6 
5 
1 1671292908  
2 
5 
4 
2 
5 
2 
5 
5 
1 1513090229  
6 
4 
5 
6 
2 
2 
4 
2 
5 
2 
6 
1 1907674614  
1 1360379679  
5 
4 
2 
4 
2 
1 151004850  
6 
3 
4 
1 2125171361  
1 1125456942  
6 
3 
3 
3 
6 
1 389640447  
2 
5 
6 
3 
3 
4 
1 2078974846  
5 
6 
2 
6 
4 
4 
5 
5 
2 
2 
2 
2 
4 
4 
3 
5 
3 
6 
5 
1 1791612107  
1 1291129895  
4 
1 1372680985  
4 
3 
5 
6 
6 
2 
5 
5 
1 1989459213  
2 
3 
4 
2 
5 
3 
2 
3 
5 
6 
1 1849008483  
6 
2 
4 
2 
4 
5 
6 
2 
4 
1 989806318  
1 313161669  
1 617532902  
2 
6 
1 409217289  
3 
5 
5 
6 
4 
1 1184224962  
6 
2 
3 
4 
5 
2 
2 
6 
5 
2 
6 
5 
5 
4 
1 391972026  
1 1756709764  
6 
4 
4 
2 
6 
1 1413210694  
1 812080821  
4 
2 
1 1882984596  
5 
3 
2 
2 
3 
1 1170828893  
1 1528655405  
6 
4 
3 
1 1291688369  
3 
6 
6 
4 
3 
2 
4 
2 
6 
1 137649065  
4 
6 
3 
3 
5 
1 561151258  
6 
1 474727500  
4 
4 
1 1135601779  
4 
5 
1 84960518  
1 1987817729  
4 
6 
4 
6 
2 
2 
5 
1 895792745  
4 
2 
4 
3 
2 
2 
4 
6 
6 
3 
2 
3 
6 
2 
1 1445340197  
3 
2 
3 
2 
5 
5 
4 
2 
2 
6 
4 
3 
6 
2 
6 
2 
5 
1 2138822579  
3 
3 
3 
6 
3 
1 873480459  
4 
2 
4 
5 
1 423313492  
1 380979378  
6 
5 
4 
4 
6 
6 
3 
2 
4 
5 
2 
3 
5 
4 
3 
2 
5 
6 
6 
6 
6 
1 804971657  
6 
4 
5 
4 
4 
5 
4 
3 
4 
2 
5 
4 
6 
1 67441951  
3 
6 
4 
2 
4 
1 1672109273  
1 30168994  
5 
6 
4 
1 2056901165  
5 
4 
2 
5 
4 
2 
5 
5 
3 
1 1373634108  
5 
2 
5 
4 
5 
2 
1 1019975312  
3 
4 
3 
3 
4 
3 
3 
2 
3 
5 
6 
5 
6 
1 222579186  
2 
5 
3 
4 
4 
2 
5 
5 
1 1991167011  
5 
2 
4 
6 
3 
6 
4 
2 
5 
2 
2 
1 1429192601  
6 
3 
1 1406804148  
6 
5 
4 
3 
5 
3 
1 235655389  
6 
1 1038418717  
1 672531194  
5 
1 1047736210  
6 
1 773919666  
4 
4 
5 
6 
3 
3 
4 
4 
3 
6 
1 1843360088  
4 
2 
4 
3 
3 
3 
5 
5 
3 
1 428907967  
1 2065608035  
5 
2 
4 
5 
4 
1 1981009153  
3 
2 
1 990059226  
5 
4 
6 
4 
5 
3 
3 
1 392851887  
6 
2 
5 
5 
3 
6 
2 
2 
2 
3 
5 
5 
6 
2 
5 
5 
5 
6 
2 
1 969127284  
6 
6 
5 
5 
6 
4 
2 
3 
4 
1 1075019744  
2 
1 233185969  
1 1864920029  
1 372876294  
3 
3 
5 
6 
2 
1 224524900  
4 
1 590916840  
3 
3 
4 
5 
5 
6 
2 
5 
5 
2 
4 
5 
3 
2 
1 796189786  
1 605504279  
6 
6 
1 1395888498  
6 
4 
5 
6 
1 863631737  
3 
6 
5 
4 
4 
1 130129904  
6 
1 1426057492  
1 773049254  
5 
4 
3 
1 1503764013  
2 
1 298549157  
6 
3 
3 
5 
1 995628440  
5 
2 
1 1347447376  
6 
2 
5 
3 
4 
6 
5 
2 
5 
3 
3 
2 
1 1727741758  
1 254948940  
4 
6 
2 
4 
6 
4 
6 
4 
6 
2 
1 1583102765  
4 
5 
2 
2 
2 
1 618676828  
2 
5 
3 
1 927480135  
6 
4 
1 483355328  
5 
2 
4 
6 
1 1392596494  
3 
3 
3 
4 
5 
1 623356575  
3 
4 
5 
6 
5 
4 
3 
3 
2 
2 
3 
3 
5 
3 
5 
3 
6 
6 
2 
3 
2 
2 
1 912263295  
3 
2 
6 
6 
6 
5 
3 
6 
3 
3 
1 1310720881  
2 
4 
1 456882080  
4 
5 
6 
6 
5 
3 
3 
3 
1 1902322521  
3 
1 1703572769  
6 
3 
5 
1 1426009364  
3 
4 
3 
3 
6 
3 
3 
2 
1 829858618  
1 1936758738  
1 1143445745  
3 
3 
6 
3 
5 
3 
6 
5 
3 
6 
2 
2 
4 
5 
2 
6 
3 
2 
1 1202734912  
5 
3 
2 
3 
5 
3 
2 
3 
6 
4 
6 
1 13799990  
2 
4 
3 
3 
2 
5 
3 
5 
6 
6 
5 
1 1734362586  
5 
5 
6 
2 
3 
4 
4 
4 
1 1998924698  
4 
2 
4 
6 
6 
5 
4 
1 619304269  
3 
4 
2 
5 
1 982767436  
1 715072787  
3 
3 
5 
5 
3 
1 749434174  
2 
5 
1 261341280  
4 
6 
5 
1 1488122042  
5 
5 
6 
5 
1 105714539  
3 
2 
2 
1 559890437  
3 
1 336266834  
3 
2 
1 1453161915  
1 140148548  
3 
1 591215775  
2 
2 
4 
6 
4 
1 888781032  
4 
5 
3 
1 758825376  
5 
1 1518695910  
3 
6 
1 1372136360  
4 
5 
1 3938222  
6 
4 
1 2142052485  
6 
6 
4 
5 
4 
4 
6 
6 
1 136916008  
5 
4 
1 1314659103  
3 
1 451450917  
2 
6 
2 
4 
5 
1 2039238529  
2 
1 870748224  
5 
6 
6 
3 
1 1877460281  
5 
6 
2 
4 
4 
4 
6 
1 721613499  
2 
2 
4 
2 
5 
6 
2 
1 660023314  
3 
5 
5 
3 
5 
5 
6 
1 873422378  
2 
6 
2 
3 
5 
2 
1 1924348411  
2 
3 
6 
2 
4 
2 
2 
3 
5 
6 
4 
3 
4 
2 
6 
1 673823305  
6 
4 
5 
4 
4 
5 
3 
6 
2 
4 
2 
2 
3 
3 
1 460301316  
3 
4 
6 
2 
3 
4 
2 
3 
5 
5 
1 1775789461  
1 1293127574  
5 
6 
6 
1 1443068752  
2 
1 343378601  
6 
3 
1 2042561748  
1 1704410033  
3 
3 
1 1831500643  
6 
5 
2 
3 
1 792639  
2 
2 
4 
5 
5 
5 
6 
4 
3 
3 
6 
1 116816822  
6 
4 
3 
3 
1 20283829  
4 
1 1453954554  
1 256965370  
3 
1 611499604  
6 
1 195251939  
2 
2 
6 
5 
5 
4 
5 
2 
3 
5 
6 
2 
5 
5 
4 
3 
6 
1 1015790746  
4 
3 
4 
4 
5 
4 
6 
3 
3 
5 
5 
1 2130195514  
3 
3 
4 
3 
1 1567388299  
4 
6 
3 
1 1019728968  
6 
3 
5 
5 
3 
1 2124764351  
5 
1 1704304307  
4 
2 
1 186904424  
5 
5 
6 
5 
4 
5 
4 
6 
3 
2 
2 
1 428731620  
4 
1 1596059189  
6 
3 
4 
5 
3 
1 1057652648  
2 
1 158708253  
4 
4 
6 
6 
3 
4 
1 170189040  
5 
3 
1 1717675963  
5 
6 
1 1032130632  
6 
6 
3 
6 
5 
6 
2 
2 
6 
5 
4 
5 
2 
3 
4 
5 
4 
6 
5 
6 
1 2094537452  
3 
5 
5 
3 
3 
2 
1 244015620  
4 
6 
5 
6 
2 
3 
5 
3 
3 
4 
2 
3 
1 1492431948  
3 
3 
1 1722843265  
2 
3 
1 1537143194  
6 
1 788017053  
4 
6 
3 
5 
4 
5 
4 
2 
4 
4 
4 
4 
5 
1 2066221866  
3 
2 
5 
2 
3 
6 
5 
3 
2 
6 
2 
3 
6 
4 
6 
2 
2 
5 
4 
4 
4 
1 1432221295  
6 
4 
4 
1 344943438  
1 1750238861  
2 
6 
4 
6 
6 
5 
6 
2 
6 
3 
6 
6 
2 
1 1433013934  
2 
2 
5 
4 
2 
2 
3 
1 461760260  
4 
2 
4 
3 
4 
3 
3 
5 
2 
5 
2 
5 
4 
2 
5 
3 
3 
5 
3 
6 
6 
5 
1 1770522691  
5 
1 739484841  
1 718725631  
3 
4 
5 
6 
5 
3 
4 
4 
1 234538647  
2 
1 934736780  
5 
6 
4 
2 
4 
5 
3 
4 
6 
2 
2 
1 1734516377  
5 
2 
2 
2 
5 
1 217250514  
4 
2 
6 
5 
1 354641431  
2 
1 606761698  
2 
4 
4 
6 
4 
6 
3 
4 
6 
2 
4 
1 194531217  
3 
4 
5 
1 2058945739  
3 
1 793666122  
1 623262838  
1 1507521280  
3 
5 
3 
5 
4 
1 1851318770  
3 
4 
3 
1 781971091  
1 1677710320  
6 
5 
3 
4 
6 
2 
5 
1 1421511085  
6 
4 
4 
4 
4 
1 1814101723  
3 
3 
4 
1 1624764124  
1 1665526705  
3 
6 
6 
6 
2 
5 
3 
6 
1 1159050024  
6 
6 
2 
6 
1 1200123742  
3 
4 
6 
5 
6 
2 
6 
1 1055186252  
4 
6 
1 1947067077  
4 
6 
1 1118861960  
6 
1 339923899  
4 
2 
1 144526867  
5 
4 
2 
5 
1 721617174  
1 1772937833  
6 
5 
2 
2 
4 
6 
4 
6 
2 
2 
4 
5 
4 
5 
5 
5 
3 
1 606287127  
4 
1 344656217  
2 
3 
4 
4 
3 
4 
5 
2 
5 
5 
5 
5 
6 
2 
4 
5 
4 
1 364939026  
6 
6 
6 
2 
3 
6 
6 
6 
2 
6 
4 
2 
4 
3 
6 
3 
1 1325012758  
2 
2 
2 
6 
1 579194864  
5 
3 
2 
5 
4 
6 
5 
6 
3 
3 
5 
6 
6 
3 
5 
1 1299675806  
2 
3 
2 
5 
1 912045488  
5 
3 
3 
2 
1 796445378  
5 
3 
3 
2 
3 
4 
2 
3 
3 
4 
3 
2 
3 
2 
1 1654317238  
4 
4 
3 
3 
5 
4 
2 
6 
1 1518807186  
5 
3 
1 990976596  
6 
4 
3 
6 
2 
5 
2 
4 
3 
1 1565779329  
4 
5 
3 
6 
4 
1 164989660  
1 1614239434  
3 
2 
2 
3 
6 
2 
4 
5 
6 
3 
2 
4 
1 925816961  
5 
4 
6 
6 
3 
1 2016308430  
5 
6 
1 248726877  
6 
4 
1 456043633  
2 
5 
2 
1 1290335868  
5 
1 2062828601  
5 
6 
1 2080807758  
6 
1 808378925  
3 
1 1074394977  
5 
5 
1 1133447852  
2 
6 
6 
4 
1 1863565177  
1 873978406  
2 
1 104826164  
1 56005428  
3 
2 
2 
3 
2 
3 
5 
6 
3 
4 
3 
1 1018505273  
2 
3 
5 
1 826443338  
6 
3 
4 
5 
4 
5 
5 
1 1828943262  
6 
5 
1 1624792400  
5 
3 
3 
5 
1 1171099555  
5 
3 
5 
3 
3 
4 
4 
2 
4 
3 
3 
1 46398640  
6 
4 
1 802321511  
5 
4 
5 
6 
6 
2 
3 
3 
5 
3 
6 
1 1750294420  
5 
2 
2 
4 
1 1346074447  
3 
6 
3 
3 
3 
5 
2 
5 
4 
1 1714366999  
6 
3 
4 
1 399256150  
3 
6 
5 
6 
1 852908037  
4 
1 1085690537  
6 
4 
4 
2 
2 
2 
3 
4 
4 
2 
3 
1 1390232746  
1 271203718  
3 
6 
6 
1 1250680197  
6 
6 
6 
6 
4 
4 
5 
6 
4 
3 
5 
6 
4 
4 
6 
2 
3 
3 
2 
2 
6 
2 
1 856988532  
4 
5 
3 
1 1197020679  
3 
3 
3 
4 
6 
6 
2 
4 
6 
6 
3 
5 
1 1119504979  
6 
5 
1 1105715410  
3 
6 
2 
4 
5 
6 
2 
4 
5 
6 
1 1653064312  
5 
6 
6 
5 
3 
1 262357199  
4 
6 
2 
1 1021060363  
6 
3 
4 
1 1586388422  
5 
3 
1 1070736125  
5 
5 
4 
4 
1 2095455340  
1 572352626  
5 
4 
3 
5 
1 786817654  
5 
3 
5 
1 821950098  
5 
6 
1 677178791  
5 
5 
2 
5 
1 842823083  
6 
3 
2 
6 
6 
3 
6 
5 
5 
2 
5 
3 
5 
6 
3 
2 
4 
5 
1 1840455371  
4 
1 1503622129  
3 
3 
4 
5 
3 
2 
2 
4 
5 
3 
4 
4 
6 
5 
1 524282697  
5 
2 
1 1317764123  
4 
2 
3 
3 
4 
4 
3 
5 
3 
6 
3 
4 
1 527238037  
4 
3 
6 
3 
4 
4 
5 
1 570681337  
6 
6 
6 
3 
3 
3 
3 
6 
5 
2 
4 
2 
6 
3 
1 2120085634  
4 
1 130048809  
2 
4 
6 
2 
2 
3 
1 1916755784  
6 
6 
4 
5 
1 1686968985  
5 
2 
5 
6 
3 
2 
2 
2 
5 
6 
6 
1 529304959  
6 
5 
4 
5 
1 622180173  
3 
6 
3 
4 
6 
6 
5 
1 625175874  
1 1919537706  
5 
1 893383891  
6 
3 
3 
5 
1 1875856071  
1 629042590  
3 
6 
3 
6 
4 
3 
6 
2 
3 
3 
3 
6 
3 
5 
6 
6 
3 
3 
1 2090404570  
1 847877403  
5 
2 
1 1734758000  
3 
6 
6 
5 
1 1595985235  
3 
3 
2 
1 1110234602  
1 608334715  
3 
3 
4 
4 
5 
6 
5 
1 1034890009  
4 
5 
2 
5 
4 
3 
6 
1 33487079  
4 
5 
6 
4 
3 
6 
1 556306407  
6 
2 
3 
5 
1 1607242636  
3 
6 
4 
4 
4 
3 
3 
4 
6 
1 820304734  
3 
6 
2 
4 
4 
2 
6 
3 
1 1378256505  
1 136937779  
3 
5 
5 
1 1663127817  
2 
5 
2 
6 
1 1071228228  
6 
3 
2 
2 
6 
4 
5 
3 
1 1640559908  
3 
1 39926866  
5 
4 
5 
2 
3 
3 
2 
5 
5 
4 
6 
1 241508704  
2 
2 
2 
2 
1 20314297  
3 
3 
3 
1 610608203  
4 
5 
3 
1 214110690  
1 150363106  
5 
2 
4 
1 379880340  
1 1901079676  
5 
2 
2 
3 
1 679668066  
3 
3 
4 
6 
1 1002060513  
3 
5 
5 
6 
5 
2 
2 
2 
2 
6 
6 
5 
5 
1 378771902  
2 
5 
1 451722124  
1 1895444405  
4 
6 
4 
1 107144326  
6 
5 
5 
1 1080764714  
2 
6 
5 
1 1838365327  
2 
2 
2 
3 
4 
4 
4 
4 
4 
2 
2 
6 
2 
6 
6 
6 
6 
3 
5 
1 955021729  
4 
1 668039067  
5 
2 
5 
6 
1 1286866914  
6 
5 
1 2065256331  
3 
5 
6 
3 
4 
3 
2 
4 
5 
6 
6 
6 
3 
2 
1 1276373782  
3 
2 
3 
4 
4 
2 
6 
6 
5 
5 
2 
6 
2 
6 
4 
3 
1 174273276  
4 
6 
1 2098743411  
4 
6 
2 
5 
5 
2 
1 1832680190  
3 
5 
6 
5 
4 
6 
2 
4 
5 
2 
3 
5 
2 
3 
4 
6 
3 
4 
2 
3 
6 
3 
5 
1 1781515912  
4 
2 
6 
5 
3 
6 
6 
2 
5 
2 
1 771564497  
2 
1 1063453047  
4 
5 
2 
6 
1 1918453691  
4 
5 
4 
5 
6 
3 
6 
5 
5 
1 287208666  
3 
5 
3 
4 
3 
4 
1 2134681276  
5 
2 
3 
4 
2 
1 1411529951  
2 
3 
6 
1 327135532  
6 
1 228706332  
4 
2 
6 
3 
5 
6 
5 
1 1431844249  
6 
4 
4 
5 
1 937743735  
6 
5 
6 
3 
5 
4 
1 442817022  
2 
3 
1 1582207355  
5 
6 
1 1317624075  
4 
2 
2 
3 
6 
4 
5 
2 
4 
5 
6 
3 
6 
4 
5 
5 
3 
6 
1 196413050  
1 114391773  
3 
4 
4 
6 
4 
3 
3 
4 
4 
2 
1 172200941  
1 575184953  
6 
5 
2 
1 566113897  
6 
1 2067645346  
1 682329279  
1 1646878612  
2 
4 
3 
5 
6 
6 
5 
2 
6 
4 
6 
4 
3 
6 
2 
3 
4 
6 
5 
5 
1 1758527025  
3 
1 1637351008  
1 167434031  
1 897910292  
3 
6 
1 1555123691  
5 
6 
6 
2 
2 
5 
1 1443807813  
2 
5 
3 
5 
3 
2 
5 
3 
2 
2 
1 1072183568  
1 1506383454  
5 
1 1129004355  
3 
6 
2 
6 
3 
3 
3 
3 
4 
1 706215832  
3 
1 130464303  
4 
5 
3 
1 44973755  
6 
6 
2 
3 
2 
3 
3 
5 
4 
4 
4 
1 477185875  
6 
5 
6 
3 
4 
3 
2 
3 
4 
6 
4 
2 
4 
4 
1 417672969  
4 
6 
6 
6 
2 
6 
6 
1 32171383  
6 
6 
5 
2 
3 
2 
2 
6 
1 1888715826  
6 
6 
4 
1 744808501  
5 
4 
1 260877715  
3 
5 
1 1173076427  
4 
6 
5 
5 
2 
1 1682552237  
4 
1 703694737  
3 
1 607800135  
1 852692664  
2 
6 
2 
2 
6 
2 
5 
3 
4 
1 900107788  
5 
4 
5 
4 
1 722191908  
2 
4 
5 
1 1024893605  
2 
5 
1 1475292741  
5 
5 
3 
4 
4 
5 
2 
3 
3 
4 
5 
3 
4 
5 
3 
3 
2 
5 
5 
1 1288305806  
1 945055303  
4 
1 10138372  
6 
4 
6 
6 
1 787700770  
4 
4 
3 
4 
6 
6 
2 
3 
5 
4 
5 
3 
4 
4 
4 
3 
5 
1 556098681  
2 
4 
4 
5 
4 
5 
4 
6 
3 
3 
5 
3 
1 1647489380  
6 
4 
3 
5 
5 
3 
2 
3 
3 
1 955134801  
6 
1 1454008973  
3 
2 
6 
3 
1 1055129423  
2 
6 
6 
3 
3 
4 
3 
5 
2 
3 
3 
6 
4 
3 
4 
1 251458966  
6 
2 
4 
3 
4 
6 
3 
5 
6 
6 
6 
1 378708893  
6 
1 414029230  
3 
3 
3 
5 
3 
4 
2 
5 
6 
2 
4 
4 
5 
1 1380463322  
5 
2 
6 
4 
6 
6 
3 
6 
4 
6 
5 
6 
1 1084924725  
5 
5 
4 
4 
5 
6 
6 
2 
4 
4 
1 544493533  
3 
4 
3 
2 
5 
3 
4 
5 
2 
5 
3 
6 
3 
1 1425437077  
1 1562110600  
3 
2 
4 
3 
1 962166503  
2 
1 1457608460  
5 
6 
1 1303342778  
5 
5 
1 1706975004  
2 
6 
3 
2 
2 
6 
5 
4 
6 
5 
5 
1 1718486175  
4 
1 328935558  
2 
2 
6 
1 1242043593  
5 
4 
3 
2 
4 
2 
6 
4 
5 
2 
5 
2 
5 
1 274697264  
1 936735693  
2 
4 
4 
1 2094736258  
5 
2 
1 1174805052  
4 
3 
2 
1 1658927601  
5 
6 
3 
6 
3 
2 
2 
1 972146215  
2 
2 
3 
5 
6 
2 
1 502614145  
2 
3 
2 
5 
4 
6 
2 
2 
5 
4 
5 
6 
1 799749759  
5 
5 
1 1917201519  
4 
6 
4 
1 512752517  
6 
5 
1 1587450529  
1 325816552  
3 
3 
5 
3 
6 
3 
1 12758249  
5 
5 
5 
2 
1 395101682  
1 1779825525  
1 1067887673  
2 
4 
3 
2 
1 646560649  
1 11050770  
6 
6 
2 
2 
3 
3 
5 
6 
6 
3 
3 
6 
1 1481916903  
4 
5 
1 2027023971  
5 
4 
2 
5 
3 
5 
4 
3 
3 
3 
1 1095975495  
5 
5 
1 2026410436  
1 1304977400  
6 
6 
3 
4 
4 
2 
4 
6 
5 
2 
6 
1 510602447  
4 
3 
5 
1 841093291  
3 
3 
1 615102212  
3 
5 
6 
6 
3 
2 
4 
3 
1 1813945225  
1 400584648  
3 
6 
2 
6 
3 
5 
2 
2 
4 
5 
1 186104739  
5 
2 
5 
2 
6 
4 
1 2142880783  
2 
3 
2 
2 
2 
4 
1 1642628241  
4 
1 460802003  
1 932132828  
5 
3 
2 
5 
3 
2 
6 
1 1589880851  
3 
3 
6 
2 
2 
5 
2 
5 
5 
6 
4 
5 
2 
6 
3 
3 
4 
2 
1 1635607056  
2 
2 
4 
4 
6 
5 
5 
4 
1 443576782  
5 
2 
4 
6 
2 
6 
2 
4 
1 414543419  
2 
3 
5 
6 
4 
2 
4 
6 
1 2138221201  
3 
4 
1 1243326541  
6 
5 
2 
5 
4 
5 
6 
6 
6 
5 
4 
2 
4 
1 184261290  
4 
6 
6 
5 
4 
5 
5 
6 
6 
4 
1 503490071  
1 683293423  
5 
3 
6 
5 
1 510077842  
4 
2 
6 
3 
6 
1 516248320  
3 
1 1078395105  
6 
2 
3 
2 
2 
2 
5 
2 
6 
3 
2 
1 142419719  
4 
1 1584135993  
2 
6 
1 1724955754  
4 
6 
5 
2 
1 153470489  
6 
6 
4 
3 
3 
6 
6 
3 
3 
5 
3 
6 
3 
1 918569248  
5 
6 
1 1604496077  
3 
3 
1 1249445984  
5 
6 
5 
1 797496037  
1 761989829  
6 
6 
6 
6 
1 1760048431  
2 
2 
2 
4 
1 1638589328  
6 
5 
4 
5 
3 
4 
3 
4 
4 
1 1377092041  
5 
5 
5 
3 
5 
4 
3 
3 
1 1426510008  
2 
1 2039173976  
1 1563196780  
6 
1 1421907144  
1 1534318570  
2 
5 
1 2023998784  
3 
4 
2 
6 
5 
1 206556324  
3 
4 
6 
5 
5 
2 
3 
6 
2 
6 
2 
3 
3 
1 976715773  
6 
4 
4 
6 
1 1512122192  
5 
1 650133106  
1 1391259192  
6 
1 1502859745  
4 
5 
1 1893459648  
6 
1 1575520482  
5 
3 
4 
1 2006349816  
6 
1 429269423  
3 
3 
4 
5 
1 2085598324  
1 375114489  
5 
2 
4 
2 
4 
3 
3 
6 
4 
6 
6 
3 
3 
5 
2 
6 
5 
5 
5 
6 
4 
3 
2 
3 
4 
3 
2 
1 1507664528  
3 
4 
2 
2 
3 
3 
2 
2 
6 
6 
4 
4 
6 
6 
6 
2 
2 
5 
4 
6 
1 80534395  
2 
6 
5 
2 
1 1959250482  
3 
3 
2 
3 
4 
6 
2 
2 
2 
3 
1 1085136635  
1 234004884  
5 
6 
3 
3 
6 
3 
1 730336083  
1 542149064  
2 
2 
1 1483450868  
3 
4 
6 
3 
6 
4 
5 
4 
1 1527832120  
2 
6 
1 1304138894  
2 
4 
5 
6 
1 1096015651  
2 
6 
1 1018937800  
1 533747287  
5 
2 
6 
4 
5 
3 
6 
2 
6 
5 
5 
5 
5 
5 
5 
4 
3 
4 
2 
2 
4 
2 
5 
6 
1 375042012  
2 
5 
2 
1 910628129  
2 
5 
1 2096944068  
4 
4 
1 1796949156  
2 
1 297463051  
3 
5 
3 
5 
2 
4 
2 
2 
5 
4 
3 
4 
2 
6 
6 
5 
3 
4 
3 
2 
4 
4 
5 
1 1973459204  
5 
5 
6 
2 
2 
5 
3 
2 
2 
5 
4 
1 2003505480  
1 1274178824  
2 
2 
1 1338097748  
4 
4 
1 506154939  
4 
5 
6 
6 
1 517954369  
1 693473845  
4 
1 252130939  
6 
4 
6 
1 2093474851  
5 
5 
5 
3 
2 
6 
1 552340014  
5 
2 
4 
6 
2 
3 
2 
3 
2 
1 681400362  
3 
6 
3 
6 
2 
3 
3 
2 
5 
1 2031589528  
6 
2 
4 
3 
2 
6 
1 927454503  
2 
1 41581242  
4 
2 
6 
1 2112123923  
3 
6 
6 
1 739221337  
1 1126717877  
5 
4 
1 198645160  
6 
3 
1 1469557420  
3 
5 
5 
3 
2 
2 
1 1668866942  
2 
6 
5 
3 
2 
6 
4 
6 
5 
2 
6 
1 1682096028  
2 
1 849905892  
4 
2 
4 
2 
6 
3 
4 
1 825522188  
4 
6 
6 
1 630628032  
5 
2 
6 
3 
4 
3 
3 
2 
3 
5 
6 
4 
4 
1 1868843693  
2 
5 
1 1359269475  
2 
6 
6 
6 
5 
3 
1 1005670044  
2 
6 
5 
2 
3 
4 
2 
1 631988174  
5 
1 1308729895  
4 
6 
1 655135552  
3 
1 929451225  
3 
6 
6 
5 
1 1134705451  
2 
1 511157384  
4 
1 56146401  
2 
1 325319551  
6 
4 
1 1017312323  
5 
2 
6 
1 574100770  
1 1018793397  
4 
4 
4 
5 
6 
2 
4 
6 
5 
5 
4 
2 
5 
3 
4 
3 
2 
6 
2 
4 
1 1269443262  
6 
6 
1 520091974  
3 
4 
3 
1 1571133411  
1 1950843624  
5 
6 
6 
5 
1 404197854  
1 351104266  
4 
1 1992424867  
2 
4 
4 
5 
6 
6 
4 
3 
3 
5 
1 368838129  
6 
6 
2 
5 
3 
2 
3 
2 
4 
6 
2 
1 1090325603  
1 971659096  
6 
5 
1 567483289  
4 
1 412399376  
2 
3 
1 493042390  
6 
4 
1 102095670  
4 
4 
3 
3 
1 1262305268  
6 
5 
4 
3 
1 1318564578  
3 
6 
2 
2 
4 
4 
2 
5 
3 
2 
6 
6 
3 
5 
5 
3 
6 
5 
4 
4 
4 
5 
3 
2 
6 
1 732723702  
3 
5 
1 983665313  
2 
3 
3 
1 530350406  
4 
3 
4 
3 
3 
1 1738393746  
3 
1 1615653487  
5 
5 
2 
4 
1 1839080301  
5 
3 
4 
4 
4 
5 
4 
6 
2 
5 
3 
2 
5 
5 
2 
4 
4 
2 
4 
6 
1 246045650  
3 
6 
1 397621064  
1 826302105  
5 
6 
3 
1 757203034  
2 
3 
1 453767466  
1 1151621656  
1 1774515358  
5 
2 
2 
3 
3 
6 
4 
4 
3 
1 1027868236  
1 22931405  
3 
4 
5 
3 
2 
6 
5 
3 
2 
6 
1 896474972  
3 
6 
2 
2 
1 1547960210  
5 
4 
1 1594064816  
5 
1 699834949  
1 1952158064  
2 
6 
5 
5 
6 
3 
5 
1 1945169082  
6 
5 
3 
5 
6 
1 544776168  
4 
5 
6 
3 
6 
2 
1 173512546  
5 
5 
1 888011038  
2 
6 
2 
1 1516435264  
3 
3 
4 
5 
4 
3 
6 
2 
6 
2 
2 
1 740995835  
1 1300410414  
4 
5 
2 
6 
5 
6 
4 
6 
2 
6 
5 
3 
2 
2 
4 
4 
4 
5 
2 
6 
6 
2 
2 
1 2009477655  
4 
4 
1 843091505  
5 
2 
6 
1 415232034  
6 
3 
5 
4 
6 
3 
3 
3 
3 
2 
2 
4 
4 
6 
4 
3 
5 
2 
6 
3 
5 
4 
3 
3 
5 
5 
2 
4 
5 
6 
5 
6 
2 
6 
5 
5 
1 1180558585  
6 
3 
4 
1 1575815207  
5 
3 
6 
3 
3 
4 
3 
3 
5 
4 
4 
5 
6 
2 
6 
2 
6 
4 
2 
3 
4 
1 1398897348  
1 1710908991  
6 
4 
3 
1 1166725305  
3 
3 
5 
4 
3 
1 867067187  
3 
3 
4 
5 
6 
4 
5 
1 1402505645  
4 
2 
6 
4 
4 
4 
3 
1 1412770955  
6 
2 
5 
3 
6 
4 
3 
4 
2 
2 
3 
6 
1 1264688252  
2 
5 
2 
1 81324102  
2 
3 
4 
4 
1 22490342  
3 
6 
1 1718455718  
3 
4 
4 
3 
2 
6 
1 1232945758  
4 
5 
3 
4 
6 
2 
3 
3 
1 1797005700  
4 
4 
2 
1 598840306  
2 
2 
1 1255877164  
5 
5 
1 545997024  
4 
2 
4 
6 
5 
1 2146800517  
1 702458332  
2 
1 1245831973  
4 
6 
6 
3 
5 
6 
5 
5 
5 
1 1951474933  
6 
2 
4 
4 
5 
4 
4 
5 
4 
1 500143767  
3 
5 
1 1790608141  
5 
6 
6 
2 
4 
1 2124987479  
1 1388154805  
6 
2 
3 
4 
4 
5 
1 1159559758  
5 
5 
6 
6 
5 
1 718499667  
6 
3 
6 
2 
4 
6 
4 
5 
5 
6 
5 
6 
6 
1 541081571  
4 
1 1021553765  
2 
1 1561591172  
6 
5 
4 
5 
1 956313605  
6 
6 
3 
2 
2 
5 
3 
3 
1 54628702  
4 
5 
4 
2 
2 
1 989922732  
3 
1 207727305  
4 
5 
2 
5 
1 1765537694  
1 9164389  
1 1074794493  
3 
2 
1 1020559691  
3 
1 1421935345  
6 
4 
4 
1 191999097  
5 
3 
1 1101883793  
5 
2 
5 
2 
5 
4 
6 
4 
3 
6 
3 
1 1444425687  
5 
2 
5 
5 
3 
6 
4 
4 
1 1910454815  
1 187345903  
3 
3 
3 
1 1093947739  
5 
3 
1 361811473  
2 
3 
5 
6 
3 
4 
5 
3 
6 
4 
3 
2 
5 
5 
3 
1 1443223067  
3 
5 
6 
3 
4 
2 
5 
3 
2 
2 
6 
6 
1 1639944763  
4 
3 
5 
5 
6 
4 
2 
1 361128342  
1 2145681400  
6 
2 
6 
6 
4 
5 
5 
4 
2 
5 
2 
6 
3 
6 
1 738293089  
4 
2 
2 
3 
1 165119628  
4 
3 
5 
6 
3 
5 
2 
5 
3 
2 
6 
4 
5 
1 498341519  
4 
2 
3 
2 
1 381417582  
1 142623459  
5 
4 
5 
1 1886496324  
6 
3 
3 
5 
1 1540977340  
3 
6 
3 
4 
4 
3 
2 
4 
6 
2 
4 
6 
4 
2 
3 
6 
3 
3 
5 
6 
4 
5 
6 
4 
5 
4 
3 
4 
4 
1 861123126  
6 
4 
5 
3 
4 
6 
6 
6 
1 280094247  
3 
2 
6 
4 
6 
4 
5 
6 
6 
2 
5 
2 
5 
5 
4 
5 
3 
5 
1 415047457  
5 
2 
4 
2 
5 
6 
6 
2 
3 
3 
5 
1 275230651  
5 
4 
1 1236407852  
2 
6 
2 
6 
5 
1 469676160  
4 
6 
2 
3 
6 
6 
6 
1 1265153383  
4 
2 
4 
1 1444135158  
2 
3 
2 
4 
2 
4 
5 
2 
2 
4 
4 
4 
1 87730206  
4 
4 
3 
3 
2 
1 1274317772  
5 
2 
4 
4 
2 
6 
3 
1 371446003  
5 
1 1108289897  
1 548769469  
6 
1 563445100  
2 
4 
3 
1 62690042  
2 
1 1993195156  
3 
3 
2 
5 
3 
2 
2 
1 326416267  
6 
1 250035945  
6 
4 
6 
5 
1 939659247  
5 
6 
2 
6 
5 
5 
2 
2 
2 
4 
3 
3 
5 
1 688227740  
2 
2 
2 
4 
6 
1 1693259013  
6 
2 
2 
2 
5 
5 
2 
2 
1 432120363  
3 
3 
3 
5 
2 
1 1049356083  
2 
4 
2 
5 
2 
3 
4 
4 
5 
1 1691456765  
3 
2 
6 
6 
6 
6 
5 
6 
6 
1 1170413452  
4 
5 
5 
5 
1 1214475711  
3 
1 42314636  
2 
2 
4 
6 
2 
1 1551831034  
4 
3 
5 
4 
5 
1 1357099170  
2 
4 
5 
5 
3 
3 
3 
2 
3 
2 
5 
3 
6 
1 1928810960  
6 
2 
6 
6 
2 
5 
3 
2 
1 945324727  
5 
6 
1 70738649  
2 
4 
6 
4 
4 
1 61421559  
3 
2 
2 
2 
2 
6 
2 
4 
3 
1 1360372184  
2 
2 
5 
2 
3 
5 
2 
2 
1 345969300  
2 
1 1297829411  
2 
4 
3 
1 1830048344  
6 
2 
2 
4 
1 1611122683  
3 
3 
1 594480921  
3 
6 
3 
6 
2 
6 
4 
6 
1 1917778550  
5 
4 
3 
1 737956807  
6 
1 965926924  
4 
6 
3 
2 
4 
6 
3 
1 878584799  
4 
3 
5 
3 
2 
1 1286726277  
5 
5 
2 
5 
5 
1 1529372024  
2 
4 
5 
1 941274841  
5 
1 1132437785  
3 
6 
3 
1 1855788291  
4 
2 
1 1191310787  
5 
2 
1 2072097033  
1 396532384  
2 
5 
5 
2 
5 
5 
4 
3 
3 
6 
4 
4 
2 
3 
6 
5 
5 
5 
5 
2 
4 
4 
2 
2 
1 737086152  
3 
5 
6 
6 
3 
5 
3 
5 
3 
3 
6 
2 
5 
5 
2 
4 
2 
2 
6 
6 
1 356733748  
3 
2 
3 
1 1445888467  
4 
1 281059269  
1 1527147200  
5 
1 512880530  
6 
2 
2 
5 
6 
2 
2 
1 323373905  
2 
2 
1 931494586  
5 
1 1869979700  
1 104701217  
2 
2 
3 
1 1876819313  
1 1940718349  
6 
1 166122776  
5 
2 
1 1089707850  
3 
4 
4 
1 139204001  
2 
4 
1 1463952187  
5 
1 772272546  
1 1750326684  
1 2058433109  
4 
1 542567449  
6 
3 
3 
5 
3 
1 340799844  
5 
2 
2 
2 
1 876876385  
4 
5 
6 
5 
5 
2 
6 
5 
1 1421152248  
6 
4 
1 1627526121  
1 258764762  
6 
4 
4 
5 
3 
4 
6 
2 
1 214943442  
3 
1 612480258  
2 
5 
5 
3 
3 
2 
1 2114553053  
2 
5 
6 
4 
5 
2 
1 1406254229  
6 
2 
1 537093643  
4 
2 
4 
2 
2 
2 
3 
5 
2 
4 
6 
3 
2 
6 
1 363601789  
1 2143340381  
3 
1 893827391  
6 
6 
5 
4 
4 
4 
5 
5 
1 1809490256  
3 
5 
5 
2 
5 
4 
2 
6 
3 
4 
6 
5 
6 
4 
3 
4 
4 
1 276916002  
4 
6 
1 273490943  
6 
2 
3 
3 
6 
4 
2 
5 
1 174887138  
6 
6 
1 600289907  
3 
4 
3 
3 
3 
4 
3 
6 
4 
1 1204985530  
5 
1 2044866839  
5 
3 
3 
4 
1 704991124  
4 
2 
6 
3 
5 
2 
4 
3 
3 
3 
4 
1 934321195  
2 
2 
2 
1 1838101540  
5 
2 
1 871113900  
5 
3 
5 
4 
5 
1 2024029045  
3 
3 
4 
5 
6 
3 
3 
2 
2 
4 
2 
1 1977305542  
5 
6 
6 
6 
2 
4 
6 
6 
6 
6 
1 187582439  
5 
5 
6 
1 648817944  
4 
6 
2 
6 
3 
4 
2 
3 
4 
1 1580148578  
2 
1 98531900  
6 
5 
5 
5 
6 
6 
3 
2 
5 
5 
5 
5 
6 
6 
2 
4 
2 
2 
5 
2 
1 1191385393  
6 
1 1920948422  
4 
4 
2 
5 
4 
1 975408286  
2 
2 
3 
5 
4 
5 
3 
4 
2 
1 465053993  
6 
4 
6 
2 
5 
6 
1 1400990895  
5 
2 
2 
1 1234173048  
1 679997435  
4 
5 
2 
1 2013471154  
5 
5 
3 
1 1201242453  
5 
5 
6 
2 
6 
1 2086251664  
3 
5 
2 
1 403081149  
2 
5 
4 
3 
2 
4 
1 1564844243  
6 
1 2082108397  
3 
5 
2 
3 
5 
4 
3 
3 
6 
1 1296908541  
5 
3 
2 
6 
1 1226850851  
6 
2 
2 
5 
1 211540751  
5 
2 
6 
2 
5 
1 1570399484  
5 
1 1401737990  
1 811830658  
4 
5 
6 
4 
4 
1 627901366  
6 
1 1299121181  
3 
3 
5 
3 
4 
5 
4 
6 
1 1516821782  
3 
3 
5 
6 
6 
2 
4 
2 
3 
1 1562222562  
2 
3 
4 
4 
1 989739073  
6 
2 
3 
3 
3 
5 
1 240452034  
4 
6 
1 1438767959  
1 819560967  
4 
2 
3 
6 
6 
3 
2 
3 
5 
1 428034474  
6 
5 
6 
1 2087585903  
6 
1 252225898  
6 
1 526566374  
3 
2 
3 
2 
1 1131487648  
1 25690672  
2 
6 
2 
3 
1 1501974660  
4 
2 
5 
1 1596541642  
5 
3 
4 
5 
1 1426681568  
3 
5 
3 
1 588664060  
5 
2 
1 129055429  
6 
3 
3 
4 
6 
5 
2 
1 1292669074  
6 
2 
1 1789906514  
4 
6 
5 
5 
6 
3 
1 67823446  
1 1695750223  
5 
3 
1 1207267109  
5 
5 
2 
1 2448195  
4 
2 
4 
6 
6 
2 
6 
5 
1 845175116  
3 
6 
5 
4 
5 
2 
2 
1 286634312  
3 
1 213988947  
3 
4 
4 
2 
6 
2 
6 
1 268090953  
3 
5 
1 1688372302  
2 
1 1025819605  
2 
1 895992319  
6 
6 
1 840009835  
2 
2 
1 395157740  
6 
2 
2 
5 
3 
2 
6 
6 
4 
4 
2 
1 310731233  
4 
5 
6 
4 
6 
5 
1 1829748909  
2 
6 
3 
2 
5 
3 
2 
1 635609774  
2 
6 
4 
3 
5 
4 
3 
2 
1 1749499193  
6 
6 
1 501826228  
5 
2 
1 1063644248  
1 1689601448  
4 
5 
6 
1 754052126  
2 
5 
3 
5 
1 1590210623  
3 
2 
2 
1 673605449  
6 
3 
3 
4 
4 
5 
6 
3 
1 779742799  
2 
5 
3 
2 
6 
2 
6 
1 944701635  
1 122663443  
1 58940719  
1 1533365696  
4 
4 
2 
3 
3 
6 
5 
1 251718872  
1 1351609793  
3 
6 
3 
3 
5 
2 
4 
4 
6 
3 
2 
5 
6 
3 
2 
3 
3 
3 
6 
2 
6 
5 
1 1175788562  
2 
5 
6 
2 
5 
5 
5 
3 
2 
2 
4 
4 
4 
2 
1 319542318  
2 
5 
5 
3 
1 899876368  
5 
4 
3 
1 235572023  
5 
3 
3 
3 
6 
6 
3 
2 
4 
3 
3 
4 
5 
2 
2 
6 
3 
5 
3 
6 
3 
3 
5 
3 
2 
1 321990514  
2 
4 
3 
3 
6 
1 1745051485  
6 
6 
2 
4 
4 
6 
2 
4 
4 
4 
6 
3 
3 
4 
5 
4 
2 
6 
2 
1 522206335  
6 
4 
6 
5 
6 
4 
5 
4 
3 
6 
4 
5 
1 535979461  
3 
4 
2 
6 
5 
1 2013142438  
1 63094990  
6 
6 
4 
5 
1 1561799066  
2 
6 
4 
4 
5 
2 
6 
6 
1 761651109  
6 
3 
6 
5 
6 
1 903104825  
4 
1 1956956806  
3 
5 
1 1072382343  
5 
4 
1 585370086  
6 
6 
4 
2 
2 
4 
1 445082933  
2 
3 
2 
6 
6 
3 
3 
1 674397888  
3 
1 1087196315  
2 
3 
1 1508727181  
3 
6 
5 
1 216515688  
3 
3 
6 
5 
3 
4 
6 
4 
2 
4 
1 1841248441  
6 
1 951454156  
2 
5 
2 
1 890121137  
5 
6 
3 
1 473507592  
3 
6 
6 
2 
2 
6 
6 
4 
2 
2 
3 
2 
6 
3 
6 
1 1896155792  
6 
1 1012784580  
4 
2 
6 
3 
3 
5 
3 
6 
1 532448311  
5 
3 
5 
6 
4 
2 
4 
1 1282037840  
5 
2 
5 
4 
1 1264503453  
1 1884058104  
1 310342754  
4 
4 
4 
1 1584045771  
1 636450825  
1 545914777  
5 
3 
4 
4 
1 1906036285  
3 
5 
5 
1 234018662  
5 
5 
5 
5 
5 
5 
2 
3 
4 
3 
3 
5 
6 
2 
6 
1 1068121112  
1 294532098  
3 
5 
6 
2 
5 
1 99677452  
4 
5 
4 
1 1131216102  
2 
6 
3 
4 
5 
2 
4 
3 
1 1856331165  
4 
6 
2 
3 
2 
2 
1 861328561  
3 
1 2034320928  
1 1665804323  
5 
4 
4 
3 
5 
3 
4 
1 1933710904  
3 
1 472207366  
4 
6 
3 
2 
6 
5 
5 
2 
5 
6 
6 
6 
2 
3 
6 
3 
1 2110887256  
4 
5 
1 460625144  
1 1559403681  
2 
4 
2 
6 
3 
4 
5 
6 
6 
1 1472130790  
5 
1 677140833  
5 
6 
3 
2 
4 
5 
4 
6 
5 
1 1253168475  
1 276101298  
2 
1 1567261970  
3 
3 
2 
4 
6 
4 
5 
3 
5 
4 
3 
4 
3 
2 
2 
3 
4 
1 1726676067  
6 
1 24773442  
6 
4 
6 
6 
2 
1 432562903  
6 
6 
1 111640731  
6 
2 
4 
3 
1 1306811282  
1 1697066356  
4 
1 1995698835  
4 
4 
2 
3 
3 
2 
4 
6 
6 
1 1617154036  
4 
3 
4 
1 1133628479  
6 
5 
1 484666012  
5 
6 
5 
6 
4 
4 
2 
3 
6 
5 
5 
6 
3 
3 
1 15585165  
6 
1 892181117  
4 
5 
3 
6 
4 
4 
4 
6 
4 
1 718684674  
6 
1 1083706278  
3 
4 
6 
5 
5 
6 
3 
2 
6 
2 
3 
4 
6 
5 
6 
3 
4 
3 
5 
6 
2 
3 
6 
3 
5 
1 1186713215  
4 
1 818362126  
3 
1 67438732  
2 
2 
5 
5 
5 
4 
2 
1 895560732  
2 
4 
4 
6 
4 
1 1679690688  
4 
3 
5 
4 
3 
5 
2 
3 
3 
3 
4 
4 
3 
3 
3 
4 
1 2101759660  
1 413881408  
2 
3 
3 
4 
4 
2 
3 
1 1465917944  
1 426483379  
5 
2 
5 
5 
5 
4 
3 
4 
4 
5 
1 377285016  
3 
3 
2 
3 
6 
2 
3 
1 1926543089  
5 
2 
4 
2 
6 
6 
5 
5 
1 1985887060  
5 
2 
1 1849415806  
5 
6 
3 
4 
4 
2 
1 456200274  
1 1091571887  
6 
2 
6 
5 
2 
1 2125517105  
1 2023462244  
6 
4 
6 
2 
1 670764307  
4 
5 
6 
2 
4 
2 
2 
2 
4 
5 
3 
4 
6 
3 
3 
3 
6 
2 
1 2806899  
3 
3 
4 
3 
4 
5 
3 
2 
1 308541499  
3 
5 
5 
6 
5 
4 
1 782405038  
5 
5 
2 
1 1309618182  
2 
5 
3 
2 
1 2005607855  
2 
4 
1 630620225  
6 
5 
6 
2 
5 
5 
1 779288570  
6 
3 
3 
1 991752687  
2 
3 
6 
4 
2 
2 
2 
6 
3 
5 
5 
4 
4 
5 
2 
4 
5 
2 
5 
4 
6 
3 
2 
5 
6 
3 
3 
1 1115286238  
6 
3 
6 
1 794873736  
2 
5 
1 1883933804  
4 
4 
5 
4 
3 
1 1833970912  
4 
2 
3 
1 1878580014  
5 
6 
6 
6 
6 
3 
3 
5 
4 
5 
6 
4 
3 
2 
1 923163371  
5 
1 504849391  
3 
4 
6 
3 
2 
5 
2 
3 
3 
4 
2 
6 
1 1946018746  
3 
5 
3 
1 1818724104  
5 
4 
3 
4 
3 
5 
1 37056431  
5 
6 
4 
4 
1 1900294759  
6 
1 85121864  
4 
5 
3 
5 
1 1502974375  
4 
4 
1 179294490  
6 
2 
4 
3 
4 
6 
5 
4 
3 
5 
3 
2 
5 
2 
5 
5 
1 462406880  
4 
3 
3 
3 
4 
4 
3 
1 1282033816  
5 
1 17697902  
3 
6 
6 
3 
5 
2 
5 
6 
4 
5 
4 
2 
3 
3 
3 
6 
6 
6 
1 164339039  
6 
3 
5 
3 
6 
3 
4 
6 
6 
6 
5 
2 
3 
2 
6 
4 
6 
1 1738234090  
3 
1 1109269790  
5 
6 
6 
5 
4 
4 
1 142372496  
2 
3 
6 
1 1614212687  
5 
6 
3 
3 
5 
4 
5 
5 
5 
6 
1 1780034097  
4 
5 
1 145179395  
4 
4 
3 
3 
4 
2 
1 1922754186  
2 
2 
6 
6 
4 
4 
2 
4 
2 
1 414955487  
4 
2 
3 
3 
1 1454797577  
1 1780878394  
2 
2 
3 
6 
2 
6 
2 
1 1045575712  
2 
5 
1 86602500  
5 
2 
4 
3 
2 
1 625147433  
6 
6 
5 
2 
6 
6 
5 
5 
5 
6 
4 
5 
1 13378302  
4 
2 
6 
1 881476236  
5 
3 
6 
5 
1 361597589  
2 
4 
5 
5 
4 
2 
3 
4 
5 
5 
3 
1 1847349215  
5 
2 
5 
4 
1 612572602  
5 
2 
2 
4 
1 1284760960  
4 
6 
1 204714958  
6 
1 411107700  
2 
3 
3 
4 
2 
3 
2 
6 
1 956001416  
3 
6 
2 
6 
1 241771389  
1 163918811  
5 
3 
5 
5 
1 1041123280  
4 
5 
1 1744745764  
1 343213301  
2 
1 1503530161  
6 
4 
5 
5 
1 879295933  
3 
3 
4 
1 360911204  
3 
4 
2 
2 
2 
1 1667869200  
6 
5 
3 
5 
5 
5 
5 
1 470046375  
5 
2 
3 
2 
3 
2 
4 
4 
3 
2 
1 1470180994  
4 
5 
1 1810241696  
4 
2 
6 
1 2084259062  
4 
2 
4 
2 
6 
6 
1 1102731443  
3 
6 
1 1955421091  
3 
5 
4 
3 
5 
4 
2 
5 
3 
6 
5 
2 
1 1859529601  
5 
4 
5 
5 
1 1517686930  
1 1262735021  
6 
6 
2 
5 
2 
5 
3 
4 
1 1492924347  
2 
2 
4 
1 415778994  
4 
5 
1 1349337521  
6 
1 2118071780  
2 
6 
4 
6 
6 
2 
5 
6 
2 
3 
1 429157297  
5 
1 83330109  
5 
6 
3 
2 
5 
6 
4 
1 332185721  
5 
6 
3 
1 129022864  
4 
3 
4 
5 
1 695902711  
6 
1 1616946681  
6 
2 
6 
2 
2 
2 
6 
5 
1 333737822  
2 
4 
6 
4 
5 
4 
4 
2 
6 
5 
6 
3 
5 
6 
4 
5 
2 
6 
1 1107010411  
6 
3 
4 
6 
6 
3 
4 
5 
4 
6 
5 
5 
2 
3 
1 425464450  
6 
1 575509211  
1 1270929223  
3 
1 1466587730  
5 
4 
1 172771327  
2 
5 
3 
6 
4 
3 
3 
6 
4 
1 1614142524  
5 
1 822634243  
3 
4 
5 
3 
4 
5 
4 
4 
5 
5 
1 1052067260  
4 
3 
3 
5 
1 1975053728  
4 
6 
4 
6 
3 
4 
5 
6 
1 343019795  
5 
6 
3 
1 1522113636  
5 
4 
5 
3 
6 
2 
5 
3 
6 
6 
2 
4 
6 
5 
1 1297751074  
5 
6 
4 
4 
6 
2 
5 
2 
5 
6 
5 
3 
6 
6 
3 
4 
2 
5 
4 
3 
4 
6 
4 
1 5777843  
2 
6 
1 1458889050  
1 252998869  
6 
2 
1 1961198935  
1 1170935003  
1 1770685799  
2 
2 
2 
3 
4 
6 
5 
6 
4 
2 
6 
5 
6 
2 
5 
5 
4 
1 1076450308  
3 
3 
5 
2 
6 
3 
1 516375702  
5 
3 
1 38981146  
6 
1 278304181  
2 
5 
5 
5 
5 
4 
2 
2 
5 
4 
1 486963834  
2 
2 
1 468138443  
1 361634290  
3 
1 819149555  
3 
3 
1 597161307  
4 
2 
6 
3 
2 
3 
3 
5 
5 
5 
2 
3 
6 
2 
5 
5 
1 1057537001  
5 
1 288612589  
3 
5 
1 930899129  
2 
3 
5 
1 17063764  
5 
3 
5 
2 
3 
1 714077039  
1 1506408340  
4 
5 
2 
1 1287992987  
1 33181121  
5 
4 
6 
5 
1 1679179667  
4 
2 
5 
2 
6 
4 
3 
1 754651864  
2 
5 
4 
2 
5 
3 
6 
5 
1 855815365  
4 
3 
5 
5 
2 
3 
2 
3 
5 
2 
2 
6 
2 
3 
6 
6 
5 
2 
2 
1 583763280  
3 
3 
4 
1 582221944  
5 
5 
5 
3 
6 
4 
5 
6 
6 
3 
1 1198835160  
6 
4 
2 
5 
6 
1 2105876916  
2 
1 1879973019  
2 
2 
6 
6 
3 
1 1204613004  
1 1417282318  
6 
1 2132971888  
6 
2 
6 
5 
5 
5 
4 
5 
3 
5 
1 1018328291  
5 
4 
5 
1 440733674  
2 
4 
2 
5 
5 
4 
3 
5 
5 
4 
4 
2 
5 
4 
2 
4 
2 
6 
6 
4 
4 
4 
3 
4 
4 
1 1756174040  
1 2094778599  
5 
3 
4 
6 
4 
6 
5 
3 
5 
5 
1 957109376  
3 
5 
6 
1 1795155186  
1 225599132  
2 
3 
1 1444073211  
5 
1 115809981  
3 
6 
2 
5 
6 
1 587233422  
1 115739118  
3 
2 
6 
2 
2 
4 
1 712971288  
3 
2 
2 
2 
3 
4 
3 
5 
2 
2 
4 
1 1644770423  
1 404351707  
5 
2 
2 
1 1643870417  
3 
6 
4 
5 
3 
5 
1 1661834187  
2 
2 
2 
4 
5 
4 
5 
5 
3 
1 1118428746  
5 
1 1002795109  
6 
6 
4 
3 
3 
5 
6 
3 
2 
2 
5 
2 
1 802343527  
3 
6 
2 
4 
5 
2 
4 
3 
6 
4 
4 
4 
5 
2 
5 
6 
6 
2 
6 
6 
4 
2 
1 1151609868  
4 
2 
2 
6 
4 
6 
4 
4 
6 
6 
3 
2 
1 534491128  
1 1556995391  
2 
3 
6 
6 
4 
5 
2 
4 
4 
4 
6 
1 2007425233  
3 
1 1118254408  
4 
6 
2 
6 
1 2139217335  
5 
5 
1 1058776745  
6 
6 
2 
5 
6 
3 
6 
5 
2 
5 
3 
6 
2 
2 
6 
6 
3 
4 
4 
4 
5 
1 1076647676  
6 
1 1871706706  
5 
6 
3 
2 
6 
4 
2 
5 
2 
6 
4 
1 115906101  
1 346446347  
6 
5 
3 
2 
4 
1 1857194947  
1 1134234392  
1 787180021  
2 
3 
3 
3 
3 
4 
5 
1 1465885339  
6 
1 1081529343  
4 
3 
1 1744289397  
3 
6 
1 1113556877  
4 
6 
6 
3 
2 
1 1307128475  
5 
1 1040878960  
3 
3 
2 
5 
3 
2 
1 1229366858  
5 
1 1894361897  
2 
1 1156618079  
1 1942338146  
1 1391648672  
2 
6 
5 
2 
2 
4 
4 
2 
5 
3 
6 
6 
1 1560969786  
4 
6 
6 
1 1438724915  
1 905999212  
1 531914885  
3 
3 
6 
4 
6 
6 
2 
6 
3 
1 294036376  
1 1708342739  
1 1683524753  
1 828527504  
4 
6 
6 
3 
2 
5 
6 
4 
4 
4 
5 
5 
6 
2 
3 
6 
3 
1 1117854482  
6 
6 
5 
6 
6 
6 
5 
5 
3 
3 
2 
3 
5 
3 
5 
4 
6 
4 
2 
4 
5 
3 
4 
6 
4 
2 
2 
1 1543466338  
1 1946781913  
6 
5 
6 
4 
2 
3 
5 
6 
3 
2 
1 1109588169  
4 
4 
6 
5 
1 454759435  
1 875945941  
2 
5 
3 
4 
4 
6 
1 833811228  
2 
6 
2 
5 
1 570665537  
4 
4 
6 
2 
1 1222392288  
3 
6 
2 
1 543522527  
6 
5 
2 
5 
4 
5 
1 1704899929  
1 2009572309  
1 2009407866  
5 
2 
4 
4 
6 
2 
4 
6 
3 
3 
3 
2 
5 
4 
6 
6 
1 638945625  
4 
5 
3 
3 
5 
5 
5 
2 
6 
3 
5 
1 1606378059  
4 
6 
1 975481095  
1 1946074100  
6 
4 
2 
1 499773371  
2 
5 
1 57364305  
1 1692952350  
4 
5 
2 
4 
4 
4 
5 
5 
2 
2 
4 
3 
6 
6 
1 1656391450  
1 1999702451  
4 
4 
5 
3 
4 
1 937117374  
1 1069877589  
3 
4 
3 
2 
6 
1 1290943718  
1 1843116586  
4 
2 
6 
5 
5 
5 
1 1601792474  
5 
5 
1 1584980094  
3 
1 1403975677  
4 
6 
4 
3 
2 
5 
6 
4 
6 
4 
2 
6 
4 
4 
4 
6 
1 1137833579  
4 
6 
3 
3 
3 
5 
5 
4 
6 
2 
2 
5 
1 266023950  
4 
6 
5 
4 
5 
2 
3 
3 
4 
1 374346511  
5 
3 
6 
5 
1 533816269  
5 
5 
4 
2 
2 
6 
4 
5 
5 
6 
6 
2 
3 
5 
2 
3 
1 65322215  
5 
6 
6 
6 
6 
5 
5 
5 
1 1483934681  
4 
5 
2 
5 
6 
2 
4 
1 988575704  
3 
3 
1 941268157  
4 
1 170262261  
4 
3 
4 
6 
1 1559241241  
1 16176797  
3 
6 
3 
6 
4 
4 
3 
1 713784788  
5 
3 
2 
4 
1 1116657523  
1 2025749107  
5 
3 
2 
3 
4 
6 
4 
4 
5 
5 
4 
3 
2 
1 575709006  
5 
1 1755603148  
5 
2 
3 
5 
4 
2 
2 
6 
4 
5 
1 1484643518  
5 
5 
1 1551190101  
4 
6 
6 
5 
2 
3 
1 1554193600  
4 
4 
2 
3 
5 
2 
4 
1 1984416889  
1 1608554406  
6 
3 
6 
6 
3 
3 
5 
1 1099662302  
6 
6 
5 
6 
5 
3 
2 
6 
2 
2 
6 
2 
2 
1 1493324692  
5 
4 
1 1460773209  
5 
4 
4 
5 
3 
5 
5 
4 
4 
2 
3 
5 
3 
1 2036779677  
5 
1 415718633  
1 604233279  
4 
6 
4 
4 
6 
1 1732412615  
6 
5 
6 
6 
2 
1 2017511107  
2 
3 
2 
3 
2 
6 
2 
3 
3 
4 
5 
1 41729725  
6 
6 
5 
3 
5 
3 
1 988904645  
3 
3 
5 
3 
2 
1 1007861038  
6 
1 307753675  
2 
3 
1 1363251156  
6 
6 
5 
3 
6 
1 1541677307  
5 
5 
1 373075891  
3 
1 699702189  
4 
6 
6 
1 382769363  
6 
2 
4 
6 
2 
5 
3 
2 
2 
4 
2 
1 1314344048  
2 
4 
6 
1 869964450  
4 
1 1942010605  
2 
5 
4 
2 
4 
2 
5 
6 
4 
2 
3 
1 1330520845  
3 
5 
6 
1 1583749238  
2 
5 
6 
6 
2 
2 
6 
2 
1 911184480  
1 1208786304  
1 11974596  
1 519303980  
5 
2 
3 
5 
6 
1 545946174  
4 
5 
2 
1 1563164697  
4 
2 
1 2073497580  
5 
1 382879416  
1 1024235455  
5 
6 
6 
6 
4 
3 
3 
3 
5 
3 
1 1025676235  
4 
2 
2 
6 
3 
1 1876204108  
1 337525016  
6 
4 
2 
4 
1 914972264  
5 
3 
2 
2 
1 144439093  
4 
2 
3 
4 
4 
5 
1 941758295  
5 
5 
6 
3 
2 
1 499901231  
4 
1 14466552  
2 
2 
1 983488020  
5 
1 1488805876  
3 
5 
1 1022327590  
3 
5 
6 
4 
6 
6 
3 
3 
2 
6 
3 
5 
6 
2 
1 1291241696  
3 
3 
6 
3 
3 
1 704573385  
1 416521249  
2 
4 
1 1664317587  
4 
2 
4 
3 
1 1404275574  
4 
4 
6 
2 
3 
1 799290612  
1 831177987  
6 
3 
4 
5 
1 126756377  
4 
3 
2 
3 
1 593817569  
6 
5 
5 
5 
1 14215184  
6 
5 
5 
2 
6 
3 
5 
4 
3 
4 
2 
2 
1 1710505615  
1 1505002049  
5 
6 
4 
6 
1 1223001489  
6 
4 
5 
5 
1 1722480212  
3 
6 
6 
5 
6 
4 
5 
3 
1 2024306029  
2 
3 
4 
1 1768947663  
4 
4 
5 
3 
5 
2 
1 1138161261  
6 
4 
6 
3 
6 
2 
3 
5 
5 
4 
4 
1 1950319962  
4 
3 
3 
6 
1 4343431  
2 
5 
1 14913069  
3 
1 828512549  
1 1880547539  
3 
4 
3 
1 352438085  
5 
6 
6 
2 
5 
2 
3 
2 
6 
6 
2 
4 
6 
5 
1 1743484813  
3 
3 
2 
1 2024986632  
6 
1 1294196381  
1 95902396  
2 
5 
5 
4 
3 
2 
1 2039453184  
1 130200753  
3 
5 
6 
4 
1 1584708273  
1 914297126  
5 
5 
1 1421442449  
1 141798010  
1 1330818375  
4 
6 
1 938276388  
5 
2 
3 
6 
5 
6 
6 
2 
6 
4 
2 
1 1546073584  
1 2130108988  
2 
6 
4 
6 
5 
3 
4 
4 
6 
5 
4 
5 
5 
2 
3 
3 
4 
1 1769454375  
2 
2 
5 
4 
2 
4 
6 
3 
5 
5 
1 1672829961  
4 
6 
1 576442909  
2 
4 
2 
3 
3 
6 
2 
6 
2 
2 
5 
1 1783669560  
3 
6 
5 
3 
1 1235851929  
3 
3 
4 
4 
1 2081444959  
5 
5 
6 
5 
5 
6 
4 
4 
3 
3 
4 
5 
5 
3 
6 
1 859187401  
6 
6 
3 
6 
6 
5 
3 
1 810848493  
3 
1 1958267340  
2 
5 
6 
5 
3 
5 
2 
4 
1 480651416  
5 
5 
1 1949009754  
2 
5 
4 
1 1761103654  
6 
5 
2 
3 
4 
5 
4 
3 
1 484994848  
3 
3 
6 
1 1963922823  
1 442132555  
3 
6 
5 
2 
1 218058739  
1 168877261  
2 
3 
1 38133720  
1 95561724  
2 
4 
1 1463073642  
1 134036117  
6 
3 
1 2135014908  
2 
4 
1 1593274395  
5 
3 
2 
1 1718744390  
4 
4 
3 
5 
4 
5 
5 
1 901828387  
1 867233197  
5 
6 
3 
1 1860542400  
5 
1 85163114  
2 
1 1805509585  
2 
4 
4 
6 
5 
6 
6 
2 
4 
4 
5 
2 
4 
5 
2 
4 
5 
1 1259132336  
6 
4 
1 67788454  
4 
1 1427480313  
1 784478650  
6 
1 644231364  
5 
1 1063666225  
5 
2 
6 
1 2020330579  
2 
6 
1 578192675  
6 
1 1922853626  
3 
5 
4 
1 683695424  
2 
1 388976367  
1 256021394  
5 
2 
1 485221530  
6 
2 
6 
6 
4 
2 
6 
1 2596374  
4 
6 
4 
6 
2 
5 
2 
4 
2 
5 
6 
5 
4 
3 
3 
1 741016242  
2 
3 
6 
6 
5 
1 301660706  
1 444728929  
3 
3 
5 
2 
3 
6 
2 
6 
2 
6 
4 
5 
4 
5 
6 
3 
3 
6 
3 
4 
3 
6 
6 
5 
5 
1 959074982  
4 
3 
1 470537967  
5 
6 
6 
2 
6 
3 
5 
5 
6 
4 
5 
1 482862650  
5 
5 
4 
4 
1 1054636706  
6 
1 1933611609  
2 
2 
2 
3 
2 
1 616898767  
2 
5 
1 1042167966  
5 
4 
6 
1 1379402356  
6 
3 
1 188159509  
5 
6 
4 
3 
5 
3 
3 
3 
2 
2 
4 
1 1943996353  
1 99151905  
5 
2 
3 
3 
4 
1 2048701909  
1 2029159468  
1 1904661491  
2 
4 
2 
6 
2 
5 
5 
4 
6 
3 
2 
4 
2 
3 
3 
1 1160350597  
1 2096947922  
3 
1 1184658156  
1 1944829247  
3 
1 593695638  
2 
4 
6 
4 
5 
5 
3 
6 
2 
1 100840733  
3 
5 
3 
5 
3 
6 
6 
6 
2 
4 
1 1817676178  
1 1171888313  
3 
2 
2 
2 
2 
6 
5 
1 2023694359  
4 
1 353887954  
5 
3 
5 
2 
3 
2 
4 
4 
3 
6 
5 
6 
5 
1 1560864681  
1 132232105  
3 
6 
4 
1 839109485  
5 
2 
5 
5 
4 
3 
1 1563461055  
2 
4 
1 873248348  
4 
1 1140770191  
6 
1 2008189984  
5 
2 
5 
3 
2 
6 
3 
5 
4 
1 1832323330  
3 
2 
4 
1 1611308158  
3 
5 
3 
4 
3 
1 343568986  
2 
5 
5 
5 
1 739476388  
4 
3 
1 1397436119  
3 
1 960467753  
6 
1 1781644354  
3 
2 
3 
2 
1 629354827  
4 
6 
3 
2 
2 
1 1148627262  
4 
1 1578157060  
3 
4 
1 728506733  
2 
3 
5 
3 
3 
5 
1 1049845523  
5 
1 1459832880  
5 
1 485684576  
1 62712473  
6 
1 1409297154  
5 
2 
5 
5 
1 1670342732  
6 
5 
3 
6 
3 
2 
5 
5 
5 
1 2007541720  
2 
5 
1 2002992793  
5 
3 
4 
2 
3 
2 
5 
3 
3 
4 
3 
2 
6 
2 
4 
5 
6 
2 
2 
1 1771183465  
1 1677734251  
2 
2 
3 
6 
3 
3 
5 
6 
1 1027397458  
2 
4 
5 
5 
2 
1 1647394176  
1 2031622205  
2 
4 
4 
5 
4 
6 
6 
1 440778491  
5 
2 
3 
4 
5 
3 
5 
2 
2 
3 
6 
2 
4 
2 
2 
2 
6 
1 1779626281  
3 
3 
3 
5 
2 
6 
2 
1 723248042  
4 
4 
2 
4 
4 
5 
6 
2 
3 
2 
4 
