6 
3 
5 
6 
1 73527025  
5 
1 1343307085  
3 
2 
3 
2 
1 1308135676  
3 
2 
5 
1 1511692822  
1 6919571  
5 
1 1636876778  
2 
2 
1 1812044224  
2 
1 301165936  
3 
6 
3 
2 
6 
2 
2 
4 
1 281294032  
6 
6 
3 
5 
3 
4 
2 
4 
2 
1 2083041758  
2 
2 
5 
1 119421375  
1 1567082798  
5 
2 
1 401911888  
5 
5 
1 628276239  
1 1580775722  
6 
1 2058518425  
6 
2 
2 
3 
2 
5 
1 906615607  
6 
4 
3 
2 
4 
5 
6 
5 
5 
3 
6 
6 
6 
4 
3 
6 
1 1798454285  
3 
4 
1 1212848802  
6 
3 
6 
3 
3 
2 
6 
2 
1 2051326355  
2 
2 
6 
1 709874536  
2 
5 
2 
5 
3 
5 
6 
6 
6 
4 
1 1020423383  
1 516429152  
2 
2 
6 
3 
4 
4 
4 
5 
5 
3 
5 
4 
6 
3 
5 
4 
4 
1 1844407682  
6 
5 
6 
2 
2 
5 
3 
4 
1 1447349810  
3 
6 
2 
6 
5 
1 1274117863  
2 
3 
4 
4 
4 
2 
6 
2 
3 
3 
6 
3 
3 
4 
1 703979353  
4 
5 
3 
1 1249561777  
2 
6 
4 
3 
2 
3 
4 
6 
4 
4 
4 
4 
4 
6 
2 
3 
2 
1 1959029808  
1 1124646509  
2 
3 
6 
1 1090110992  
6 
6 
4 
2 
5 
4 
5 
6 
5 
1 2032556833  
6 
5 
5 
1 320469946  
3 
4 
5 
4 
3 
1 250763021  
1 1396766007  
5 
4 
4 
3 
5 
2 
1 327389518  
5 
2 
4 
3 
3 
4 
3 
2 
4 
1 1887639799  
1 1061326584  
5 
1 628555454  
5 
6 
6 
1 21450183  
1 996884694  
5 
5 
2 
4 
6 
5 
4 
4 
5 
4 
4 
3 
5 
6 
1 747976829  
4 
4 
3 
2 
4 
5 
5 
1 1588532981  
1 1398796583  
1 1376253068  
5 
6 
4 
5 
6 
2 
6 
3 
3 
4 
2 
5 
3 
3 
6 
2 
6 
6 
6 
3 
4 
1 1021825056  
1 1309831360  
6 
6 
5 
1 135385027  
3 
6 
4 
3 
6 
5 
6 
3 
1 672795693  
5 
6 
4 
3 
5 
4 
3 
3 
6 
2 
4 
6 
3 
4 
1 375196515  
1 39227735  
3 
4 
1 1382670230  
5 
1 1395619898  
5 
6 
6 
4 
6 
2 
6 
2 
6 
2 
6 
4 
1 555656887  
3 
1 1079594264  
2 
5 
1 695486060  
6 
2 
3 
4 
4 
6 
2 
4 
3 
3 
6 
5 
1 1829774750  
5 
5 
1 1783573617  
2 
1 1945047838  
1 1641320910  
3 
3 
3 
6 
6 
3 
3 
5 
2 
6 
1 760736478  
3 
5 
5 
4 
6 
1 887675182  
5 
1 1526394095  
1 1081206424  
4 
4 
5 
1 1138438203  
3 
4 
3 
2 
1 775676454  
6 
2 
2 
5 
3 
5 
3 
4 
6 
5 
5 
2 
4 
4 
3 
2 
2 
5 
3 
3 
5 
4 
5 
1 1408595942  
2 
4 
1 878594355  
3 
3 
2 
2 
6 
3 
3 
3 
5 
2 
5 
4 
6 
1 1837003038  
3 
3 
5 
2 
6 
6 
2 
5 
6 
4 
4 
4 
3 
3 
5 
5 
1 2037151396  
4 
6 
1 900044538  
5 
4 
2 
6 
5 
3 
1 686404085  
3 
3 
4 
5 
4 
1 637644577  
5 
3 
5 
4 
6 
1 341093872  
5 
6 
1 2085200668  
6 
6 
2 
2 
6 
3 
1 2013897646  
6 
2 
5 
6 
3 
6 
1 1362918928  
5 
3 
6 
2 
5 
2 
5 
4 
2 
5 
4 
6 
4 
2 
6 
2 
1 1247548380  
5 
3 
3 
4 
6 
2 
3 
5 
4 
5 
5 
3 
3 
3 
2 
2 
1 1799025  
3 
1 2035714621  
6 
4 
3 
1 1622744895  
4 
5 
4 
2 
1 41026760  
5 
2 
6 
5 
6 
5 
3 
1 1270901203  
5 
4 
3 
3 
5 
6 
2 
6 
1 870881146  
4 
3 
4 
3 
2 
2 
3 
3 
1 596683647  
1 203011819  
2 
5 
3 
4 
6 
6 
6 
1 1566367206  
5 
5 
4 
1 278974749  
3 
2 
1 1986585436  
3 
2 
1 1363931396  
4 
3 
6 
5 
2 
5 
2 
1 1920295659  
6 
5 
1 599838266  
6 
2 
4 
2 
1 104122931  
6 
4 
1 1299206106  
1 1681044691  
5 
3 
4 
4 
4 
2 
2 
2 
5 
3 
3 
3 
4 
5 
3 
2 
3 
6 
3 
6 
5 
6 
6 
5 
2 
4 
4 
6 
3 
3 
1 1242561134  
6 
5 
2 
6 
2 
2 
6 
1 2074882561  
5 
6 
3 
6 
6 
2 
1 942156985  
4 
1 2121155489  
4 
6 
6 
1 1764401951  
2 
5 
1 831824734  
1 873716380  
2 
4 
3 
3 
5 
1 303322388  
4 
3 
3 
2 
6 
1 1469469311  
3 
2 
6 
5 
3 
6 
1 1214810252  
4 
1 241039408  
1 1335883309  
4 
1 430245532  
4 
3 
5 
4 
6 
5 
3 
4 
4 
3 
2 
5 
6 
1 1488587789  
6 
5 
6 
5 
4 
5 
1 1337682335  
6 
4 
2 
4 
5 
2 
1 318476505  
2 
5 
3 
1 963849036  
2 
6 
5 
6 
1 1378709095  
2 
1 1589377709  
4 
1 1834730182  
6 
5 
4 
1 1975392743  
5 
2 
1 1792389528  
6 
5 
6 
1 1253613741  
6 
2 
6 
1 106883844  
2 
4 
3 
4 
2 
3 
1 1631491317  
5 
3 
5 
4 
1 470061489  
1 2027179504  
3 
3 
6 
3 
4 
6 
2 
2 
4 
6 
6 
5 
4 
6 
6 
4 
4 
1 83845935  
4 
4 
4 
1 574184420  
1 1178901962  
3 
4 
3 
4 
6 
3 
3 
1 1764890626  
6 
6 
5 
6 
5 
5 
6 
2 
6 
1 1816745555  
3 
6 
4 
4 
2 
2 
1 1106300875  
1 559563964  
1 1790417396  
2 
3 
6 
5 
5 
1 723219179  
4 
4 
1 1391388698  
1 516650128  
6 
6 
2 
5 
5 
5 
6 
3 
3 
2 
2 
2 
2 
5 
6 
4 
4 
3 
1 1026541567  
1 713374361  
6 
3 
6 
4 
1 1731460380  
3 
3 
6 
5 
2 
6 
5 
6 
3 
4 
5 
2 
6 
4 
1 1267580976  
2 
2 
5 
4 
5 
6 
3 
3 
2 
6 
5 
6 
3 
1 2049257671  
5 
4 
3 
1 14222264  
3 
1 608685117  
6 
3 
1 1239456358  
3 
6 
5 
5 
2 
2 
6 
2 
6 
5 
6 
3 
6 
5 
3 
6 
4 
5 
4 
1 332698770  
2 
2 
4 
1 1572534153  
3 
3 
3 
5 
4 
3 
3 
5 
1 470681805  
4 
6 
4 
5 
4 
1 1922076479  
4 
2 
3 
5 
6 
3 
2 
4 
4 
1 1259780688  
6 
2 
4 
3 
4 
1 298590900  
5 
5 
5 
6 
3 
4 
1 1566982359  
1 365910781  
6 
4 
4 
5 
6 
2 
2 
4 
4 
2 
1 405474745  
5 
5 
1 1050990028  
1 835972270  
6 
6 
1 285170601  
4 
2 
1 1134835964  
1 1410156691  
4 
5 
3 
4 
5 
2 
1 1464072563  
3 
5 
5 
6 
3 
1 752242942  
6 
1 1079418598  
4 
2 
5 
1 422889791  
2 
1 1311806906  
6 
4 
6 
2 
4 
4 
2 
1 722352346  
3 
1 1146108970  
3 
3 
3 
5 
1 555711956  
4 
4 
4 
3 
1 1239002475  
2 
6 
6 
3 
1 25166889  
3 
3 
3 
2 
6 
1 1269086318  
1 822979207  
1 1292747865  
5 
5 
5 
3 
1 1170860341  
4 
2 
5 
6 
6 
5 
4 
1 837201472  
1 1901432982  
1 262833051  
5 
4 
3 
3 
2 
1 1169900242  
1 1326483488  
1 733514856  
1 944493073  
1 438780528  
1 1032105757  
1 363991784  
3 
1 804691309  
4 
3 
3 
3 
3 
5 
1 1437580502  
4 
5 
5 
2 
2 
3 
4 
2 
5 
2 
5 
5 
6 
4 
6 
1 1414981813  
1 1640663579  
4 
6 
6 
5 
2 
5 
4 
2 
5 
2 
1 1722751103  
3 
2 
3 
1 402334129  
1 903336622  
2 
6 
1 1039340018  
6 
2 
3 
4 
1 1154577071  
1 1982755220  
6 
4 
4 
3 
6 
5 
6 
6 
4 
2 
3 
4 
6 
6 
4 
1 1462229809  
5 
1 318900330  
3 
3 
1 557623919  
1 460855131  
5 
2 
6 
5 
2 
2 
6 
4 
5 
2 
5 
3 
2 
1 874612286  
3 
2 
6 
2 
2 
4 
6 
6 
6 
5 
6 
6 
5 
2 
1 1796626394  
5 
6 
4 
2 
5 
4 
4 
6 
4 
3 
5 
2 
2 
5 
3 
1 486022021  
5 
4 
5 
4 
6 
5 
2 
2 
3 
3 
5 
3 
6 
4 
1 2143698604  
3 
5 
3 
1 472121953  
2 
3 
1 1778769886  
4 
6 
4 
6 
5 
2 
6 
3 
1 1167075297  
3 
6 
3 
4 
6 
2 
2 
3 
5 
6 
4 
6 
1 1309323425  
2 
6 
6 
1 1532719221  
3 
3 
3 
3 
5 
5 
4 
6 
3 
2 
4 
3 
2 
4 
1 1429908348  
1 331740019  
6 
4 
2 
6 
1 711719061  
4 
1 15939557  
2 
4 
4 
6 
4 
5 
6 
1 1276233092  
5 
5 
4 
6 
4 
4 
4 
1 1150499589  
6 
5 
6 
4 
4 
4 
6 
1 1048045314  
4 
5 
2 
2 
6 
3 
5 
5 
5 
6 
5 
4 
1 1640224877  
1 1955190898  
1 338142168  
1 907723042  
5 
6 
2 
6 
4 
2 
3 
6 
2 
4 
3 
6 
5 
5 
2 
1 1448370829  
6 
1 2060893271  
5 
2 
4 
6 
3 
6 
3 
5 
3 
4 
3 
3 
4 
4 
1 1310057171  
6 
3 
4 
1 204223804  
6 
6 
6 
6 
6 
2 
1 952749641  
3 
4 
1 317150594  
1 39495376  
1 267495803  
5 
3 
4 
1 636050924  
5 
5 
3 
1 597119295  
3 
2 
4 
6 
6 
2 
3 
4 
4 
2 
2 
6 
4 
2 
2 
6 
3 
3 
1 728350934  
6 
3 
6 
1 1510663211  
3 
5 
2 
3 
5 
2 
3 
3 
4 
1 246262041  
3 
2 
3 
5 
2 
2 
1 1214372955  
1 1506878167  
5 
4 
5 
2 
1 718383995  
1 845659194  
4 
3 
5 
4 
3 
1 526469817  
3 
2 
6 
5 
2 
4 
5 
3 
3 
3 
1 2027707420  
3 
1 230894767  
2 
3 
5 
4 
1 1956378165  
6 
4 
5 
5 
3 
4 
2 
1 211963792  
1 942613828  
3 
6 
1 1972317722  
4 
1 1488196884  
4 
5 
6 
4 
4 
4 
4 
5 
3 
2 
6 
3 
6 
2 
5 
3 
2 
5 
1 2093113417  
4 
1 872879388  
5 
5 
5 
4 
4 
6 
1 980938113  
4 
3 
1 1900820667  
6 
5 
1 1211021556  
3 
3 
1 1888661155  
5 
1 1201707848  
4 
3 
2 
5 
2 
1 1124431179  
4 
4 
2 
4 
2 
4 
5 
6 
2 
4 
3 
5 
3 
1 1051234678  
3 
4 
1 1405931652  
2 
1 2077180821  
2 
6 
6 
6 
2 
2 
2 
4 
6 
1 1368385273  
1 1445427029  
4 
5 
5 
6 
3 
5 
4 
5 
1 197192976  
1 2004436197  
1 2042546324  
4 
2 
4 
3 
1 925543910  
3 
1 1367615760  
1 141324718  
2 
5 
4 
3 
2 
5 
6 
3 
3 
3 
1 2139916866  
2 
3 
2 
3 
6 
1 727010280  
3 
4 
6 
3 
5 
5 
5 
3 
2 
5 
4 
4 
3 
2 
6 
5 
6 
5 
4 
3 
3 
4 
1 859708713  
5 
3 
2 
6 
6 
5 
2 
5 
3 
3 
2 
6 
2 
4 
5 
4 
2 
1 838092412  
1 1253480097  
2 
5 
2 
4 
5 
6 
3 
6 
1 739932485  
3 
4 
3 
3 
2 
3 
3 
6 
4 
1 1068987179  
4 
5 
3 
2 
2 
3 
1 1062374614  
4 
1 951896277  
4 
1 2011601007  
3 
3 
2 
4 
4 
6 
2 
6 
3 
4 
2 
4 
2 
4 
1 887208689  
6 
2 
4 
4 
3 
5 
3 
6 
6 
2 
6 
5 
1 292609514  
1 1957230776  
6 
6 
1 1760088077  
3 
6 
1 1273547627  
5 
1 1710567795  
4 
6 
6 
2 
6 
3 
2 
1 823625986  
3 
3 
3 
5 
4 
5 
4 
3 
5 
2 
3 
6 
6 
3 
5 
1 1014725135  
4 
3 
4 
2 
5 
2 
3 
4 
6 
2 
4 
4 
5 
5 
3 
6 
5 
6 
3 
2 
1 764791995  
1 1948057165  
4 
3 
6 
6 
6 
1 2065959813  
1 23240000  
3 
4 
2 
2 
6 
4 
6 
4 
6 
1 1877754338  
3 
5 
3 
1 1286861438  
1 1468667029  
2 
5 
5 
3 
4 
1 2074947314  
5 
4 
6 
5 
4 
4 
4 
5 
6 
6 
4 
4 
1 1143813988  
3 
6 
6 
3 
6 
6 
4 
2 
3 
3 
6 
1 1363729705  
6 
1 853007577  
4 
2 
6 
1 363946100  
1 1505054423  
3 
2 
1 845440795  
1 1090956380  
3 
3 
6 
4 
5 
4 
3 
6 
5 
3 
1 217279488  
2 
1 1683533207  
2 
2 
4 
1 196952829  
5 
6 
5 
5 
4 
6 
5 
3 
1 957211974  
2 
5 
4 
1 605036738  
1 1259327444  
3 
2 
6 
1 1909108251  
4 
5 
1 469154097  
3 
3 
1 2146536133  
3 
2 
4 
4 
6 
4 
6 
1 54234117  
6 
3 
1 278901225  
4 
4 
2 
1 1759140562  
6 
3 
6 
4 
3 
6 
4 
1 1327781745  
2 
3 
4 
5 
6 
3 
5 
3 
4 
5 
1 1989469020  
4 
2 
3 
2 
6 
3 
2 
5 
3 
4 
6 
5 
4 
1 435282900  
6 
2 
6 
4 
6 
5 
2 
2 
3 
1 195023232  
3 
2 
1 606777367  
6 
3 
5 
4 
5 
6 
1 235856418  
1 113499397  
2 
5 
2 
2 
3 
2 
1 630017367  
3 
3 
1 2113610756  
2 
4 
4 
4 
4 
3 
1 1400360836  
1 2098684396  
3 
4 
6 
5 
3 
1 2041074423  
1 396691176  
5 
5 
5 
2 
4 
2 
5 
1 1314930454  
4 
1 746598352  
2 
5 
4 
5 
6 
3 
1 760637276  
4 
1 672501229  
1 1592039147  
6 
2 
4 
4 
1 1851593657  
6 
3 
6 
2 
2 
6 
2 
4 
6 
1 889780718  
1 1128088706  
5 
4 
1 2048546486  
2 
2 
1 1846992692  
3 
5 
4 
5 
5 
4 
1 1733125444  
6 
6 
1 1160390282  
2 
1 1608617295  
4 
4 
6 
3 
6 
1 54795893  
1 1159442767  
3 
6 
2 
3 
3 
6 
1 1662851413  
5 
5 
6 
4 
2 
2 
5 
1 333697118  
3 
6 
1 771099682  
4 
4 
4 
2 
6 
3 
6 
3 
6 
1 843149510  
5 
6 
4 
3 
2 
6 
6 
5 
2 
4 
3 
4 
3 
2 
5 
5 
3 
1 175682490  
5 
5 
4 
5 
1 1206382582  
2 
3 
4 
3 
2 
5 
3 
4 
5 
3 
1 1038172742  
3 
5 
5 
6 
5 
6 
5 
5 
3 
5 
5 
4 
4 
5 
4 
2 
6 
3 
5 
6 
3 
3 
1 782459857  
3 
3 
1 1442239000  
2 
2 
5 
4 
4 
4 
5 
3 
1 1151672139  
1 1412477225  
1 1408366109  
5 
1 404549327  
1 1363677973  
1 1301956884  
1 801240503  
5 
4 
4 
6 
1 531124779  
6 
1 2048555236  
6 
1 1561877780  
5 
6 
2 
5 
4 
6 
5 
3 
4 
3 
2 
5 
1 1203626009  
5 
6 
1 1493110735  
5 
4 
1 1265987789  
4 
5 
3 
4 
3 
3 
6 
4 
5 
2 
2 
5 
3 
4 
3 
6 
4 
4 
5 
3 
1 2093406727  
3 
5 
3 
1 473715793  
3 
4 
3 
4 
4 
6 
3 
6 
3 
3 
6 
3 
2 
5 
2 
1 1167050627  
4 
3 
5 
2 
3 
4 
2 
6 
2 
5 
2 
4 
2 
1 1792915771  
2 
2 
1 59357589  
6 
4 
1 179957262  
6 
6 
1 1254049418  
2 
6 
5 
6 
4 
1 114153482  
1 1339400029  
3 
6 
2 
3 
6 
4 
5 
1 769417183  
2 
2 
3 
1 447850600  
3 
6 
3 
5 
1 2110499711  
6 
4 
1 1612566693  
2 
4 
3 
4 
3 
5 
6 
4 
6 
3 
5 
2 
4 
1 623533090  
1 1169398646  
6 
2 
2 
2 
4 
3 
6 
3 
5 
3 
4 
6 
6 
6 
2 
5 
3 
3 
5 
3 
6 
5 
2 
2 
3 
5 
3 
2 
3 
2 
6 
4 
2 
4 
1 503255787  
4 
6 
5 
3 
5 
3 
1 1405992947  
3 
6 
5 
6 
3 
4 
6 
6 
1 464153998  
4 
2 
2 
5 
3 
2 
6 
1 1654927927  
3 
6 
6 
1 670986524  
4 
2 
6 
5 
4 
5 
5 
1 1872520107  
6 
5 
4 
4 
2 
3 
1 2059477254  
3 
2 
6 
3 
6 
4 
5 
5 
3 
2 
2 
5 
1 2034664498  
4 
3 
2 
4 
5 
5 
1 1026993343  
2 
1 713234110  
6 
1 418305629  
3 
3 
5 
1 928064931  
3 
3 
3 
3 
4 
6 
6 
6 
6 
6 
1 127628242  
4 
6 
4 
5 
3 
5 
2 
6 
3 
5 
6 
1 1621931638  
3 
6 
4 
1 273692018  
2 
1 1393616031  
6 
4 
5 
3 
2 
6 
1 1567854717  
3 
1 747407811  
1 413183010  
4 
5 
5 
6 
6 
3 
1 1213286840  
1 806765400  
6 
4 
3 
4 
2 
3 
4 
3 
4 
2 
1 593140272  
2 
1 319852611  
3 
4 
5 
3 
5 
2 
6 
2 
6 
3 
2 
3 
4 
3 
3 
1 920918882  
5 
3 
4 
5 
6 
5 
4 
5 
1 1932540302  
3 
1 1089269794  
1 1368769482  
3 
1 1895556365  
1 554352840  
5 
1 1992302572  
1 917471363  
2 
1 1057608627  
6 
6 
3 
4 
1 1250811872  
4 
5 
2 
1 1381625362  
3 
3 
5 
5 
1 565052906  
2 
1 1921798396  
4 
3 
1 1106661821  
4 
2 
5 
5 
2 
2 
6 
2 
6 
3 
1 477046513  
3 
6 
2 
1 1808979246  
1 2133655165  
4 
1 1190280623  
3 
5 
3 
5 
3 
6 
2 
5 
5 
6 
6 
2 
3 
4 
1 79801228  
5 
5 
2 
6 
1 914236448  
5 
5 
3 
5 
6 
6 
3 
5 
3 
4 
4 
3 
5 
5 
5 
5 
3 
4 
3 
2 
3 
2 
3 
2 
6 
5 
1 1317908865  
4 
5 
1 1701732866  
6 
1 1187928467  
3 
3 
4 
5 
4 
1 564041248  
4 
2 
3 
4 
2 
2 
4 
6 
1 1122103936  
1 1935336278  
5 
2 
1 977224258  
2 
3 
2 
6 
2 
4 
4 
3 
1 187907128  
5 
5 
6 
4 
4 
6 
1 594618031  
6 
2 
1 1570364531  
3 
6 
5 
6 
4 
5 
3 
6 
1 507759739  
3 
2 
3 
1 1515536913  
5 
5 
4 
3 
1 1355421185  
3 
1 1597029534  
6 
5 
6 
4 
4 
5 
5 
3 
6 
2 
5 
4 
3 
3 
6 
1 736822748  
6 
4 
2 
5 
2 
2 
5 
5 
4 
1 1103493902  
5 
5 
6 
5 
6 
2 
6 
6 
5 
4 
1 3898726  
6 
3 
2 
3 
4 
5 
6 
6 
5 
5 
1 581641672  
1 2020965266  
4 
3 
5 
4 
3 
5 
1 1061507353  
3 
2 
1 1832453544  
1 1255106980  
3 
4 
2 
6 
6 
5 
6 
5 
1 1626560260  
3 
6 
4 
4 
3 
3 
6 
5 
5 
5 
1 1606768293  
3 
2 
5 
5 
3 
3 
1 214285153  
5 
6 
4 
4 
5 
1 2103606773  
3 
6 
2 
6 
6 
4 
1 1268263891  
1 200456670  
6 
6 
3 
4 
3 
1 1146403748  
4 
5 
6 
5 
2 
2 
5 
6 
1 1348065119  
3 
5 
4 
2 
1 1114693119  
2 
5 
4 
1 316828965  
4 
3 
3 
5 
6 
1 902314338  
1 155137938  
4 
5 
4 
6 
3 
6 
5 
6 
4 
5 
4 
1 880870213  
1 2024418274  
5 
3 
2 
3 
2 
6 
3 
5 
6 
4 
5 
1 2090474216  
4 
1 1858094471  
3 
6 
5 
6 
4 
1 64841754  
5 
4 
1 537608599  
3 
1 1280975354  
5 
1 572601494  
3 
5 
5 
3 
5 
3 
2 
1 2053145513  
2 
3 
5 
1 488912891  
5 
3 
3 
2 
3 
2 
3 
5 
2 
2 
4 
5 
4 
2 
2 
1 22147380  
4 
2 
5 
6 
1 642484613  
3 
6 
3 
3 
5 
5 
1 1592406794  
5 
4 
4 
1 26046106  
6 
1 1224126285  
5 
2 
2 
4 
5 
1 1465888412  
2 
1 1087553459  
1 909096182  
6 
6 
2 
3 
1 573511744  
5 
4 
2 
6 
5 
1 566630071  
6 
2 
1 368380827  
5 
4 
6 
5 
4 
5 
3 
5 
1 787796897  
4 
3 
1 522753196  
6 
5 
3 
4 
4 
5 
5 
2 
4 
4 
3 
2 
5 
6 
5 
2 
4 
3 
5 
3 
3 
1 1636644718  
5 
5 
2 
5 
4 
5 
4 
2 
5 
2 
4 
5 
5 
4 
1 988253568  
3 
5 
6 
1 1669156944  
2 
6 
6 
2 
2 
4 
4 
6 
5 
3 
2 
4 
1 837226190  
4 
2 
1 2102946687  
3 
5 
2 
6 
3 
4 
2 
6 
5 
5 
5 
3 
6 
5 
2 
4 
6 
3 
4 
1 1985985909  
5 
3 
4 
5 
3 
5 
1 1739540528  
3 
6 
1 110600977  
5 
4 
4 
6 
2 
2 
5 
2 
5 
6 
2 
3 
5 
1 719372474  
4 
2 
5 
5 
5 
5 
6 
6 
2 
5 
5 
5 
2 
4 
5 
4 
5 
2 
2 
6 
6 
3 
6 
2 
3 
5 
2 
3 
3 
5 
1 1616475154  
6 
5 
4 
3 
6 
1 53591545  
5 
5 
4 
4 
4 
3 
4 
5 
2 
4 
6 
5 
5 
3 
2 
2 
4 
1 429983298  
1 1681316908  
2 
2 
2 
1 591200145  
4 
2 
5 
3 
5 
5 
4 
1 1710958652  
1 106434754  
1 496862010  
5 
3 
3 
4 
2 
2 
3 
4 
5 
3 
5 
6 
2 
1 52387896  
3 
4 
3 
5 
3 
1 128582134  
4 
6 
4 
2 
3 
6 
2 
1 1139346623  
6 
6 
1 1644794690  
1 154628240  
3 
1 215989260  
6 
3 
2 
2 
3 
4 
1 963199454  
6 
5 
3 
5 
1 1242181700  
6 
5 
4 
4 
2 
3 
5 
4 
6 
5 
6 
5 
5 
6 
1 1125085442  
5 
6 
4 
5 
1 1536711198  
4 
1 1808811771  
4 
1 1493466269  
5 
3 
4 
6 
5 
5 
6 
3 
4 
3 
4 
1 177024447  
2 
6 
3 
1 184081320  
5 
5 
4 
5 
3 
6 
5 
4 
1 982627340  
2 
4 
4 
4 
5 
4 
3 
5 
5 
2 
5 
2 
3 
2 
4 
4 
1 1165278015  
4 
1 1853238264  
5 
1 1819853530  
3 
6 
2 
1 1120741054  
6 
2 
6 
3 
5 
4 
5 
4 
3 
2 
1 1691740526  
4 
1 1411910410  
3 
2 
3 
1 1231342031  
5 
3 
5 
2 
1 263629352  
5 
3 
5 
5 
6 
5 
4 
6 
1 880901916  
6 
6 
6 
4 
3 
6 
4 
6 
3 
5 
6 
2 
5 
6 
5 
2 
2 
3 
2 
5 
2 
5 
4 
4 
4 
3 
5 
2 
3 
1 1284933577  
4 
6 
1 693612650  
1 414735176  
5 
2 
1 1876133722  
3 
5 
2 
4 
4 
2 
5 
5 
4 
5 
4 
6 
1 257087655  
2 
3 
3 
2 
2 
6 
4 
3 
3 
6 
3 
6 
4 
2 
4 
6 
1 521169931  
3 
6 
1 225512084  
4 
1 309475551  
4 
6 
2 
1 649752065  
2 
5 
1 1364858707  
1 1954270241  
5 
3 
5 
3 
1 804380306  
4 
6 
3 
6 
6 
3 
2 
4 
4 
6 
4 
4 
6 
6 
4 
3 
2 
6 
2 
6 
1 1580847967  
5 
1 769986047  
3 
1 2046562006  
4 
6 
1 558449762  
4 
2 
1 159213597  
4 
5 
1 1707890129  
1 2051916031  
1 336238044  
1 1891971449  
2 
3 
1 887059723  
1 1501516060  
4 
2 
6 
2 
6 
4 
3 
1 1597726066  
5 
4 
2 
1 559429605  
6 
1 474773466  
6 
6 
5 
2 
5 
3 
2 
1 1141982944  
4 
1 1971340015  
4 
5 
4 
3 
6 
6 
1 1706115498  
3 
3 
3 
6 
2 
3 
3 
4 
5 
1 1405612296  
5 
4 
3 
6 
2 
6 
3 
6 
5 
5 
2 
6 
6 
5 
4 
5 
4 
5 
2 
6 
2 
1 704758283  
2 
2 
1 843565427  
3 
1 2099224947  
3 
5 
1 1119493460  
1 572215501  
4 
2 
3 
2 
5 
5 
5 
1 208828954  
4 
4 
6 
4 
1 1640663391  
3 
4 
5 
4 
5 
1 797727585  
6 
6 
6 
6 
1 518304505  
5 
5 
5 
1 142931808  
5 
1 15102644  
3 
1 325091098  
5 
2 
4 
6 
4 
5 
2 
6 
5 
4 
2 
6 
3 
6 
3 
1 947312114  
6 
5 
5 
6 
6 
4 
4 
4 
4 
2 
1 1595950611  
2 
5 
5 
2 
6 
5 
2 
3 
5 
2 
3 
2 
4 
3 
5 
4 
6 
5 
3 
4 
2 
4 
1 1095077145  
1 846390472  
5 
5 
1 6916725  
4 
2 
2 
1 1254290742  
4 
4 
5 
5 
2 
1 406796954  
5 
5 
5 
1 2058832757  
5 
5 
2 
2 
2 
6 
1 1590528786  
3 
5 
3 
5 
6 
2 
5 
3 
5 
4 
1 151284755  
2 
6 
2 
6 
5 
5 
2 
6 
4 
5 
5 
6 
5 
2 
4 
4 
4 
1 798408832  
5 
5 
4 
4 
4 
3 
5 
4 
2 
1 944561198  
3 
3 
3 
1 1749010821  
4 
6 
4 
4 
1 1357838438  
6 
1 1419334665  
5 
4 
4 
2 
3 
1 743510117  
1 1181694805  
5 
1 977966515  
5 
2 
1 1638766  
1 1886453089  
3 
4 
5 
2 
6 
5 
4 
4 
5 
4 
6 
6 
5 
6 
1 1821531942  
5 
5 
3 
3 
3 
3 
5 
3 
5 
5 
5 
5 
2 
6 
2 
4 
2 
2 
4 
6 
6 
6 
3 
3 
2 
4 
3 
4 
6 
5 
2 
1 2100863713  
3 
2 
3 
2 
3 
5 
2 
2 
4 
3 
1 858462901  
5 
3 
1 246263795  
6 
3 
5 
6 
4 
2 
5 
4 
2 
4 
1 162209019  
1 351642644  
3 
1 1043991380  
5 
4 
5 
1 680513524  
5 
2 
5 
2 
1 494574452  
5 
6 
2 
4 
1 1059094024  
3 
4 
2 
5 
6 
3 
3 
3 
6 
3 
1 1005604622  
6 
4 
5 
6 
3 
3 
2 
6 
4 
2 
6 
5 
5 
5 
1 1441886567  
1 507560987  
1 2100681767  
5 
3 
3 
5 
1 140793391  
5 
2 
3 
5 
2 
1 514477713  
1 1207488861  
5 
3 
6 
4 
4 
1 547590345  
5 
1 425826822  
2 
5 
3 
3 
1 650533999  
4 
2 
6 
2 
4 
2 
5 
1 698875101  
1 1224235654  
6 
3 
2 
6 
1 1595095198  
3 
3 
4 
5 
6 
6 
3 
1 300402274  
2 
6 
3 
6 
2 
3 
5 
4 
1 434590444  
1 866946215  
2 
4 
4 
1 1043912392  
4 
2 
6 
3 
1 1616285250  
4 
3 
6 
1 1844912730  
3 
3 
2 
2 
1 1045551158  
4 
2 
1 1355254691  
3 
2 
1 1518961024  
4 
5 
2 
2 
5 
2 
1 998931223  
5 
5 
5 
1 66233944  
3 
1 1765224819  
2 
3 
2 
1 1161140242  
4 
1 417876588  
2 
2 
6 
5 
1 661732551  
6 
6 
6 
6 
1 1841653766  
2 
5 
5 
6 
6 
5 
5 
3 
5 
2 
4 
3 
4 
4 
4 
5 
2 
5 
3 
4 
5 
5 
6 
4 
2 
6 
1 912451040  
3 
5 
2 
3 
1 1720826575  
3 
1 699774740  
3 
4 
2 
3 
6 
3 
4 
2 
6 
6 
5 
5 
4 
3 
2 
2 
3 
1 206853959  
3 
3 
4 
6 
1 80903914  
2 
1 652972859  
4 
5 
1 347647351  
2 
5 
5 
4 
2 
6 
2 
5 
2 
3 
2 
3 
2 
1 595381627  
5 
5 
3 
3 
6 
1 1860461720  
5 
3 
4 
4 
2 
4 
2 
5 
2 
4 
5 
6 
4 
4 
2 
6 
3 
5 
2 
2 
2 
3 
6 
6 
3 
1 895237696  
4 
1 1021208449  
4 
6 
3 
1 363512071  
3 
2 
3 
4 
6 
4 
3 
5 
1 1594112797  
1 97960456  
3 
5 
1 1958607269  
3 
6 
2 
3 
3 
3 
3 
3 
4 
1 1894515072  
4 
5 
6 
3 
1 532550900  
5 
5 
2 
2 
3 
6 
2 
6 
3 
1 678069836  
4 
3 
1 790943816  
6 
6 
5 
1 1352502  
5 
4 
5 
1 375498918  
5 
4 
3 
3 
5 
5 
6 
2 
2 
2 
2 
5 
6 
2 
3 
4 
3 
1 1836494974  
2 
2 
6 
5 
5 
4 
5 
4 
1 1356607193  
1 1894459942  
4 
2 
5 
5 
1 687942549  
4 
1 1422841137  
3 
5 
6 
1 1512201113  
4 
4 
4 
2 
3 
5 
1 1849082791  
4 
4 
5 
4 
6 
1 1840717725  
4 
2 
4 
2 
6 
5 
1 26450016  
6 
2 
5 
6 
5 
2 
2 
4 
4 
6 
2 
5 
4 
5 
4 
1 1543252909  
6 
6 
3 
5 
5 
1 605685118  
2 
5 
2 
4 
6 
3 
1 1747276591  
4 
4 
2 
4 
6 
6 
5 
4 
5 
4 
6 
5 
3 
4 
2 
1 95544001  
5 
4 
3 
5 
5 
1 812539077  
1 1828180506  
4 
3 
4 
4 
5 
2 
1 748516860  
6 
5 
2 
6 
1 1160186428  
6 
1 276078485  
1 461494932  
5 
6 
6 
4 
2 
2 
6 
4 
2 
5 
4 
1 2055424125  
2 
5 
5 
4 
5 
1 1297286935  
5 
3 
1 825007003  
1 1502053274  
1 1395247391  
3 
3 
5 
2 
2 
2 
4 
5 
4 
3 
6 
5 
3 
3 
2 
2 
2 
4 
1 636130625  
6 
3 
3 
2 
4 
6 
2 
1 1249084698  
2 
2 
1 1927798291  
6 
6 
6 
1 1314200461  
1 2040028514  
3 
1 1929150794  
4 
2 
6 
3 
4 
3 
5 
2 
5 
6 
2 
2 
5 
4 
2 
5 
2 
1 1689699380  
2 
1 1729039840  
6 
4 
6 
4 
5 
3 
5 
6 
4 
6 
4 
5 
3 
5 
1 1138274339  
6 
5 
4 
4 
5 
1 1436675674  
5 
5 
3 
2 
6 
3 
4 
6 
2 
3 
4 
5 
4 
2 
1 269498741  
4 
5 
3 
1 413631829  
5 
5 
3 
2 
3 
4 
4 
5 
3 
5 
5 
1 801393140  
2 
3 
1 2118581532  
1 106865906  
1 827843156  
5 
3 
2 
1 1514350793  
6 
3 
2 
1 712551024  
5 
3 
6 
5 
1 427636100  
4 
4 
2 
5 
4 
2 
6 
5 
6 
1 1609894794  
5 
5 
6 
1 1525090102  
3 
3 
6 
4 
2 
1 108332958  
4 
6 
1 210928006  
2 
5 
2 
2 
5 
5 
3 
5 
2 
4 
3 
3 
1 537792882  
6 
4 
4 
2 
3 
4 
4 
1 384411443  
3 
3 
1 672422938  
3 
1 445733359  
2 
3 
5 
4 
3 
1 1681698378  
4 
5 
2 
3 
1 1497429942  
3 
5 
3 
2 
5 
5 
5 
2 
3 
1 1947786634  
2 
4 
2 
3 
6 
3 
3 
6 
4 
2 
4 
4 
1 929462121  
5 
6 
5 
3 
6 
6 
2 
4 
1 2133560567  
5 
6 
5 
2 
5 
4 
3 
3 
6 
3 
4 
4 
6 
6 
3 
3 
3 
2 
2 
5 
4 
1 1049387684  
4 
6 
5 
6 
2 
1 709776765  
6 
2 
3 
2 
4 
4 
2 
4 
6 
2 
4 
5 
4 
3 
6 
6 
2 
2 
4 
4 
3 
6 
3 
2 
1 1300277380  
6 
4 
6 
3 
2 
2 
2 
4 
2 
1 941932551  
3 
1 491443911  
5 
5 
1 842493112  
4 
2 
3 
2 
1 523488743  
6 
5 
4 
5 
2 
2 
6 
2 
3 
5 
5 
1 1629718250  
1 131685139  
2 
2 
5 
5 
6 
2 
1 792987485  
2 
4 
6 
1 2043350079  
6 
5 
3 
5 
5 
1 933078279  
5 
4 
5 
1 764085369  
2 
4 
5 
5 
3 
3 
4 
6 
2 
6 
4 
3 
6 
6 
3 
6 
5 
5 
1 2732338  
2 
4 
3 
6 
1 1760921435  
3 
2 
3 
4 
6 
4 
2 
5 
2 
3 
6 
1 130952515  
1 715283362  
1 41073887  
2 
4 
6 
2 
2 
1 1740847309  
5 
6 
1 92889816  
3 
2 
2 
4 
2 
5 
4 
3 
1 149406845  
5 
2 
2 
1 1951775316  
1 630682699  
1 533818289  
6 
5 
5 
3 
1 476714606  
1 1076416058  
5 
3 
3 
3 
2 
6 
2 
4 
5 
3 
1 68033019  
4 
2 
4 
6 
6 
5 
2 
5 
1 1974144548  
4 
6 
3 
2 
3 
4 
4 
1 876719044  
4 
2 
3 
3 
4 
4 
4 
4 
4 
1 997495141  
1 1960221467  
5 
5 
2 
5 
2 
4 
6 
1 1926106729  
4 
6 
6 
3 
3 
6 
6 
1 1707271906  
3 
6 
2 
1 1113015200  
1 720555632  
3 
1 51232169  
1 1955508312  
6 
1 1244044375  
4 
5 
6 
3 
1 1680950419  
1 2087193451  
6 
6 
5 
6 
2 
2 
6 
1 2037031860  
4 
4 
3 
2 
4 
1 1576816851  
4 
2 
1 872788082  
5 
4 
1 653633582  
3 
5 
5 
6 
5 
4 
2 
5 
1 1579549189  
4 
5 
4 
2 
4 
1 486225870  
5 
2 
2 
3 
1 784586097  
2 
6 
1 147348903  
4 
4 
5 
5 
3 
3 
6 
5 
6 
2 
1 527299757  
4 
6 
3 
5 
2 
4 
3 
6 
1 377949758  
1 240238720  
6 
4 
5 
1 676706603  
4 
6 
1 182241426  
4 
5 
1 870921419  
4 
3 
4 
3 
3 
4 
2 
4 
2 
3 
5 
2 
6 
6 
2 
3 
3 
6 
4 
1 1210524892  
2 
1 658956033  
1 1947337477  
6 
5 
1 1278557911  
6 
4 
2 
3 
2 
1 485616933  
5 
2 
5 
6 
3 
4 
3 
4 
1 676572874  
1 128569404  
1 298354753  
6 
2 
6 
1 455195955  
6 
5 
4 
4 
4 
5 
1 1835841310  
4 
6 
5 
1 1411369953  
5 
1 1175751587  
5 
2 
5 
2 
2 
1 1887073479  
1 1219394617  
6 
4 
1 272312314  
6 
3 
4 
1 1420540251  
1 1159104421  
1 161860527  
2 
5 
6 
2 
3 
5 
6 
6 
3 
2 
2 
2 
5 
1 849873454  
3 
3 
6 
6 
4 
3 
6 
2 
2 
2 
6 
3 
6 
5 
6 
2 
2 
5 
3 
4 
5 
1 2031892503  
3 
1 815494109  
3 
5 
2 
3 
6 
4 
4 
1 281938995  
3 
6 
6 
2 
3 
5 
2 
5 
4 
1 370634725  
2 
3 
3 
1 1600080206  
5 
1 429287898  
5 
6 
4 
1 897934483  
2 
6 
3 
6 
1 1978029964  
5 
2 
6 
6 
6 
2 
3 
2 
3 
4 
3 
6 
2 
6 
2 
6 
1 669526618  
1 1574641086  
3 
2 
6 
4 
6 
4 
6 
6 
6 
6 
5 
5 
1 12787743  
2 
5 
6 
1 1540448037  
2 
2 
3 
1 637682330  
5 
2 
3 
2 
4 
3 
5 
3 
4 
1 671743776  
5 
5 
1 1340301867  
2 
5 
3 
3 
4 
1 1916240241  
5 
6 
4 
1 1157360709  
2 
4 
6 
6 
6 
6 
6 
5 
5 
5 
2 
2 
5 
1 2016874741  
3 
1 2044809646  
6 
5 
6 
2 
1 1455715462  
2 
6 
2 
1 324587048  
1 1733167308  
6 
1 719601767  
1 1500338635  
4 
6 
5 
1 1472757140  
1 1938996385  
6 
5 
3 
2 
2 
1 1772650949  
2 
2 
5 
5 
2 
4 
2 
6 
5 
6 
4 
6 
6 
3 
6 
5 
5 
5 
5 
3 
5 
3 
1 745813743  
6 
2 
3 
6 
2 
3 
6 
2 
3 
2 
5 
1 950617158  
4 
4 
2 
1 1934511476  
2 
2 
4 
5 
6 
2 
1 1595687197  
2 
6 
6 
6 
3 
3 
3 
3 
1 835026013  
2 
3 
4 
3 
3 
5 
2 
3 
3 
4 
6 
1 602521937  
6 
4 
1 1877626192  
5 
4 
5 
4 
3 
4 
5 
2 
1 1205660739  
1 55118495  
6 
3 
6 
2 
4 
2 
4 
1 159430442  
6 
6 
1 2103595222  
3 
1 2033148460  
2 
5 
6 
4 
5 
2 
5 
6 
4 
4 
4 
1 828957061  
2 
6 
2 
1 1530752660  
2 
5 
4 
4 
4 
6 
2 
3 
1 2045936203  
6 
4 
6 
5 
2 
2 
6 
4 
3 
6 
5 
6 
1 221921450  
4 
1 20951342  
6 
4 
2 
3 
6 
3 
3 
1 570196331  
6 
1 1562223317  
1 1937191583  
3 
6 
4 
3 
5 
3 
5 
5 
4 
1 1727557040  
6 
2 
5 
6 
1 1431614410  
4 
5 
2 
3 
4 
6 
1 1834517581  
5 
1 1035788855  
1 1756201458  
5 
1 1420201242  
3 
3 
4 
6 
6 
2 
2 
1 1755390622  
6 
6 
5 
2 
1 1109056445  
3 
5 
2 
5 
6 
3 
1 745474734  
2 
2 
2 
3 
6 
4 
5 
4 
3 
4 
5 
2 
5 
4 
4 
3 
6 
2 
1 1546903359  
4 
4 
4 
1 734223747  
2 
6 
3 
1 1491288477  
6 
5 
2 
3 
3 
6 
2 
3 
1 350036869  
4 
5 
1 521251575  
5 
2 
1 939492026  
3 
5 
5 
6 
1 1185062883  
5 
3 
4 
3 
1 1123773513  
4 
5 
6 
6 
3 
5 
2 
2 
2 
6 
2 
4 
5 
4 
1 669634570  
3 
5 
1 243239974  
5 
1 1178892008  
3 
3 
4 
1 829065012  
4 
3 
3 
5 
5 
2 
4 
4 
2 
1 199351548  
5 
4 
4 
6 
1 1064556820  
3 
3 
6 
5 
6 
3 
1 1658022073  
2 
4 
6 
1 1730104208  
3 
3 
2 
1 963009375  
4 
4 
3 
2 
6 
4 
3 
5 
2 
6 
4 
4 
6 
2 
3 
4 
5 
4 
4 
3 
6 
6 
3 
4 
4 
6 
5 
5 
6 
4 
2 
4 
4 
2 
6 
2 
2 
1 1879943524  
5 
3 
4 
2 
1 1751055550  
6 
3 
4 
4 
2 
2 
5 
3 
6 
5 
4 
4 
2 
4 
1 1533205706  
2 
5 
4 
4 
6 
1 1294683193  
6 
5 
5 
2 
3 
1 1540763485  
6 
4 
1 1113279099  
4 
3 
1 578813956  
5 
1 1227797419  
5 
3 
6 
4 
2 
1 1584306  
5 
2 
6 
3 
5 
3 
1 187531766  
2 
5 
4 
6 
6 
1 500515013  
3 
3 
3 
3 
3 
6 
6 
1 1756974928  
2 
1 1296588212  
4 
3 
1 1245989747  
2 
6 
2 
1 1156394640  
2 
5 
3 
4 
5 
4 
4 
5 
2 
2 
1 2030811959  
5 
1 589794576  
3 
6 
2 
4 
4 
6 
6 
1 1506431509  
1 404579886  
2 
5 
1 1529286602  
4 
5 
2 
2 
1 544010744  
2 
1 1528353399  
1 51437524  
4 
3 
5 
3 
1 787250718  
6 
5 
3 
2 
1 559761760  
3 
1 880502536  
5 
3 
3 
1 986602266  
3 
5 
5 
6 
5 
3 
5 
4 
1 1624318580  
6 
3 
4 
6 
2 
2 
6 
5 
6 
3 
2 
5 
4 
1 391040962  
6 
2 
1 569222826  
1 439844308  
1 123500838  
2 
6 
4 
5 
4 
2 
5 
1 172794728  
2 
2 
3 
2 
1 1973050014  
3 
2 
1 1418184031  
1 1713558214  
3 
3 
1 938845465  
2 
3 
3 
1 1996997987  
6 
1 793871985  
1 940429771  
2 
5 
2 
2 
3 
4 
5 
6 
1 37046106  
5 
1 1294386998  
5 
3 
6 
5 
3 
2 
4 
3 
2 
2 
5 
2 
3 
5 
2 
3 
2 
5 
3 
4 
3 
5 
3 
1 549921052  
5 
2 
3 
5 
6 
2 
6 
4 
1 1333634318  
2 
6 
1 392893097  
3 
2 
5 
5 
1 1706315692  
3 
6 
6 
5 
5 
5 
6 
3 
1 1216962629  
6 
5 
5 
2 
3 
2 
3 
3 
5 
4 
1 982687673  
6 
1 1065263553  
3 
5 
2 
3 
3 
4 
3 
3 
2 
4 
2 
6 
4 
6 
6 
3 
1 1621542515  
1 364490627  
3 
2 
1 1609274298  
5 
5 
5 
4 
1 1002412267  
6 
6 
6 
6 
4 
2 
3 
6 
2 
1 415928151  
5 
1 249041368  
4 
4 
4 
6 
6 
5 
1 1562174027  
6 
6 
2 
6 
6 
1 1296430687  
3 
4 
6 
5 
1 1235643635  
5 
4 
2 
6 
6 
3 
4 
6 
4 
2 
4 
1 1039008959  
4 
4 
1 1687471649  
3 
6 
3 
3 
6 
3 
1 1804866461  
1 1478853267  
1 1810972487  
1 1977661190  
3 
3 
4 
4 
4 
5 
1 1304419634  
3 
4 
2 
6 
6 
4 
6 
5 
1 1081672871  
1 1543735756  
3 
6 
1 95781451  
1 931187210  
6 
5 
5 
3 
4 
2 
4 
2 
1 190124093  
3 
1 1036211223  
6 
1 968233316  
1 1484511091  
4 
4 
4 
1 1586132275  
6 
1 154383986  
4 
1 1877404188  
5 
5 
5 
1 1144964319  
5 
5 
3 
6 
1 1371346615  
1 712608213  
1 62744224  
2 
5 
2 
1 845405483  
5 
2 
6 
5 
6 
4 
1 1077098840  
5 
4 
2 
4 
4 
2 
3 
5 
6 
5 
6 
1 1672018522  
4 
2 
1 1847817750  
2 
5 
5 
2 
5 
1 1493026991  
1 1921059891  
3 
1 1262508129  
2 
5 
4 
2 
4 
1 641974030  
5 
1 1009219878  
4 
1 154033440  
4 
6 
6 
1 181962032  
1 666602691  
4 
3 
6 
6 
4 
1 1632886708  
3 
5 
1 1992934519  
4 
4 
6 
2 
4 
1 496780233  
4 
2 
2 
2 
4 
1 789822694  
3 
2 
4 
4 
5 
1 927123742  
3 
1 2040515989  
4 
6 
1 885604145  
1 1858310953  
6 
1 83156434  
2 
3 
5 
5 
5 
2 
5 
4 
3 
2 
4 
6 
2 
6 
4 
3 
1 1921815368  
6 
6 
6 
1 679060621  
4 
6 
2 
4 
5 
1 1567667525  
3 
6 
6 
6 
2 
1 1360463995  
4 
6 
1 833444608  
2 
5 
3 
1 1297588065  
6 
6 
5 
4 
6 
5 
5 
2 
1 357944666  
2 
3 
6 
3 
4 
2 
2 
2 
1 57307575  
5 
5 
6 
4 
6 
3 
5 
1 2010196278  
4 
5 
5 
4 
4 
2 
3 
5 
3 
6 
4 
3 
3 
4 
3 
1 420688891  
3 
1 902713058  
1 939811470  
2 
1 2092707413  
2 
4 
4 
3 
4 
4 
5 
1 603047160  
3 
6 
6 
6 
5 
6 
1 285354813  
3 
4 
2 
6 
3 
2 
2 
6 
1 1866283656  
3 
1 1865555289  
5 
3 
5 
4 
1 927328844  
2 
4 
2 
4 
5 
2 
2 
5 
4 
5 
2 
5 
2 
2 
5 
3 
6 
3 
6 
2 
6 
6 
4 
2 
5 
3 
2 
5 
2 
4 
5 
6 
4 
3 
5 
5 
4 
2 
3 
6 
2 
1 728019886  
5 
2 
1 2019588730  
2 
3 
6 
3 
3 
5 
6 
6 
5 
3 
1 1109290876  
2 
4 
2 
3 
5 
5 
2 
1 1394622578  
1 1504991790  
3 
5 
2 
1 954741747  
6 
4 
3 
6 
5 
1 1891402811  
6 
4 
5 
2 
6 
1 147330836  
6 
2 
2 
6 
1 1881865490  
2 
6 
3 
6 
6 
4 
5 
4 
1 1784435153  
6 
1 1032934981  
4 
4 
1 1592692795  
4 
5 
5 
1 1867591587  
3 
2 
2 
6 
4 
1 807266702  
3 
6 
3 
5 
5 
6 
6 
3 
5 
6 
6 
4 
5 
2 
5 
6 
4 
4 
1 124269768  
1 1287775465  
2 
3 
4 
5 
3 
2 
4 
3 
3 
4 
6 
5 
5 
1 20247049  
4 
4 
1 957714376  
2 
1 437879882  
6 
3 
4 
1 378191716  
3 
3 
5 
3 
5 
3 
5 
1 1015021952  
6 
1 300592513  
5 
5 
3 
1 798880607  
1 1917735010  
4 
2 
6 
5 
1 1240403983  
5 
5 
4 
3 
2 
4 
5 
1 744104372  
2 
1 373298523  
3 
1 1525758797  
2 
6 
2 
4 
1 462904381  
3 
1 91370164  
1 305603993  
1 1190924267  
2 
6 
4 
4 
6 
6 
5 
3 
5 
3 
4 
5 
1 2110958894  
4 
3 
1 1414894869  
6 
2 
3 
5 
6 
1 438063197  
1 1468467036  
1 222152968  
3 
4 
1 181982361  
1 1615797872  
1 2104018458  
1 1966417514  
6 
4 
3 
4 
5 
2 
5 
4 
6 
1 501249206  
4 
2 
1 1549227605  
4 
4 
5 
3 
5 
2 
6 
5 
6 
1 1686525453  
5 
5 
5 
5 
3 
2 
1 1308515908  
1 1673497374  
4 
2 
3 
3 
6 
5 
6 
1 826817270  
5 
6 
5 
4 
5 
4 
1 1328762957  
1 483728102  
5 
4 
5 
4 
1 1264697153  
6 
1 1706954673  
6 
4 
4 
5 
1 1498750054  
3 
3 
2 
3 
5 
1 1565289666  
3 
4 
5 
1 358351632  
5 
1 1269001417  
1 658210001  
5 
6 
5 
1 1102456005  
5 
5 
6 
6 
4 
3 
4 
5 
5 
6 
1 1642299940  
3 
1 36485150  
3 
3 
3 
3 
5 
4 
5 
4 
3 
4 
6 
4 
6 
4 
6 
6 
3 
6 
1 1565360386  
1 1733670104  
2 
4 
4 
1 342089143  
1 608801005  
3 
6 
3 
1 1697145351  
3 
4 
2 
6 
1 1756984012  
5 
3 
5 
5 
2 
3 
6 
2 
6 
6 
3 
5 
1 1046864203  
6 
3 
4 
4 
5 
6 
4 
6 
4 
1 1018128739  
3 
2 
4 
3 
5 
5 
3 
5 
5 
2 
6 
6 
4 
5 
5 
5 
6 
6 
3 
6 
3 
3 
5 
2 
1 1979136981  
1 1228846564  
3 
6 
2 
1 486442964  
2 
2 
4 
5 
3 
3 
2 
3 
5 
1 1935671791  
5 
1 1047780430  
4 
3 
2 
5 
1 987692170  
1 1337415749  
2 
5 
5 
3 
6 
6 
3 
4 
6 
6 
3 
3 
1 586822235  
1 148724430  
4 
1 863429475  
2 
6 
2 
2 
2 
1 1413639506  
6 
1 1477487387  
4 
1 1347157577  
5 
2 
2 
5 
2 
3 
3 
4 
6 
1 530853011  
4 
3 
2 
3 
4 
6 
1 1036958413  
3 
6 
4 
2 
4 
6 
4 
6 
1 698423984  
5 
3 
2 
6 
3 
2 
6 
6 
1 2096142677  
5 
6 
1 1395310045  
1 1967425401  
1 606869030  
5 
1 350282402  
5 
4 
5 
3 
3 
1 1462241693  
1 643354181  
1 1915642788  
6 
2 
5 
5 
6 
6 
3 
6 
6 
5 
6 
3 
6 
4 
4 
5 
2 
1 1048428149  
4 
5 
6 
2 
6 
2 
2 
4 
2 
3 
1 985443324  
1 376960146  
4 
2 
3 
6 
5 
5 
3 
2 
6 
6 
5 
2 
5 
5 
3 
5 
1 598089852  
4 
1 594943689  
4 
2 
6 
4 
5 
6 
2 
1 1423824349  
1 1616218592  
5 
5 
1 426597022  
4 
1 505187265  
4 
5 
5 
6 
3 
3 
2 
2 
1 2102661556  
5 
6 
6 
5 
2 
3 
5 
5 
5 
6 
2 
2 
1 214785165  
3 
6 
1 1552967695  
2 
4 
2 
2 
5 
3 
4 
2 
6 
6 
6 
6 
4 
1 942870078  
1 1552200914  
3 
4 
3 
1 2139789930  
2 
1 1091594508  
5 
6 
3 
2 
4 
4 
1 268146741  
3 
6 
1 1405945788  
6 
4 
6 
2 
1 421598247  
6 
2 
5 
4 
3 
5 
1 1615304319  
1 1936798799  
1 1458556660  
4 
5 
5 
5 
2 
6 
6 
6 
5 
3 
3 
6 
3 
6 
3 
4 
2 
3 
1 166244655  
6 
4 
6 
5 
5 
1 1885457828  
6 
2 
2 
4 
5 
3 
4 
1 706383058  
5 
3 
6 
5 
4 
3 
4 
5 
6 
2 
4 
4 
5 
6 
5 
6 
1 2133670056  
5 
1 344843211  
5 
6 
2 
5 
1 1056665460  
4 
3 
6 
4 
6 
3 
3 
6 
5 
5 
4 
5 
3 
1 1448428101  
3 
2 
6 
1 988197392  
2 
1 824824601  
6 
2 
1 349372602  
3 
3 
2 
5 
4 
5 
2 
1 1973640716  
3 
4 
3 
1 1201784747  
2 
6 
4 
2 
2 
6 
2 
6 
5 
6 
1 947462455  
2 
4 
2 
6 
5 
5 
6 
1 421100757  
5 
3 
6 
6 
6 
6 
1 478125448  
6 
1 416197399  
3 
6 
6 
1 847697779  
3 
1 983312713  
6 
2 
3 
3 
5 
5 
3 
2 
1 371375307  
4 
1 1062482945  
4 
2 
6 
5 
1 388796760  
2 
2 
1 1314245385  
1 467200211  
1 381103042  
3 
4 
2 
1 258356245  
6 
2 
3 
5 
5 
2 
6 
3 
6 
5 
2 
4 
5 
1 735346953  
1 1787048831  
2 
4 
4 
4 
5 
6 
6 
5 
6 
2 
3 
3 
6 
1 679954492  
4 
2 
3 
3 
4 
1 203167624  
4 
5 
1 1576363982  
4 
2 
4 
6 
6 
6 
4 
5 
4 
6 
6 
6 
4 
5 
6 
6 
4 
5 
5 
1 2138511153  
4 
4 
1 369412279  
3 
3 
6 
3 
6 
1 1314338163  
6 
3 
5 
3 
6 
2 
4 
5 
5 
2 
2 
3 
3 
5 
6 
4 
2 
2 
3 
1 697410563  
2 
2 
3 
4 
5 
3 
1 355598687  
3 
4 
2 
5 
1 1659181374  
3 
3 
3 
5 
5 
4 
6 
1 1754076023  
6 
3 
1 1804026788  
2 
6 
5 
1 499895118  
6 
5 
2 
5 
1 431416976  
2 
6 
3 
1 5915742  
2 
3 
2 
5 
5 
4 
3 
2 
3 
2 
5 
2 
4 
1 326052186  
6 
3 
2 
6 
6 
6 
5 
1 1633201723  
3 
6 
6 
3 
2 
1 953378197  
2 
2 
5 
6 
6 
1 747152944  
1 2111327171  
6 
2 
3 
6 
2 
2 
5 
2 
4 
3 
4 
4 
6 
4 
2 
2 
6 
1 1369575596  
2 
4 
4 
6 
6 
4 
6 
5 
6 
6 
6 
3 
1 1594850723  
6 
4 
4 
3 
3 
3 
5 
2 
6 
3 
2 
2 
4 
2 
6 
2 
4 
2 
4 
2 
1 947156236  
5 
3 
5 
3 
5 
2 
1 1740950903  
3 
3 
6 
6 
2 
2 
4 
5 
4 
5 
3 
2 
2 
3 
4 
5 
6 
2 
2 
2 
5 
5 
1 509850020  
6 
5 
5 
6 
5 
3 
6 
4 
2 
4 
1 1335952996  
1 907712640  
3 
6 
1 977050232  
3 
3 
6 
3 
6 
5 
1 1717056039  
3 
2 
4 
5 
6 
2 
2 
3 
1 1166068885  
4 
1 1712397185  
3 
4 
2 
2 
1 1356621222  
2 
1 1846023378  
2 
4 
2 
2 
4 
2 
2 
3 
5 
2 
5 
6 
4 
4 
2 
4 
1 1915564809  
5 
2 
5 
1 785501556  
2 
1 1837050883  
1 137493440  
2 
5 
4 
6 
5 
4 
2 
4 
5 
6 
6 
4 
5 
3 
6 
6 
1 2099839719  
1 386977798  
3 
3 
5 
2 
5 
5 
6 
3 
6 
3 
5 
5 
5 
5 
5 
6 
1 493092127  
5 
6 
5 
1 1611537445  
1 2141053821  
2 
5 
1 149635267  
6 
1 2111432563  
2 
5 
4 
6 
6 
3 
5 
3 
1 424987150  
1 155551009  
4 
4 
2 
4 
5 
3 
3 
2 
2 
1 290001102  
6 
5 
3 
4 
3 
3 
6 
3 
3 
2 
4 
4 
6 
4 
4 
6 
3 
1 2058188873  
5 
5 
6 
4 
1 1108929207  
1 1037154046  
3 
4 
2 
4 
1 2022032397  
2 
2 
5 
1 331021155  
4 
3 
4 
3 
6 
5 
6 
4 
3 
4 
2 
6 
5 
4 
4 
3 
2 
3 
3 
6 
2 
2 
1 484521121  
2 
2 
4 
1 821704985  
2 
3 
2 
6 
3 
4 
1 2071972059  
5 
2 
4 
5 
6 
1 994371142  
2 
3 
5 
6 
3 
2 
1 10174334  
2 
4 
4 
1 832201051  
2 
4 
6 
2 
4 
4 
5 
3 
5 
6 
6 
4 
2 
3 
4 
3 
3 
1 1971421374  
6 
2 
5 
1 1727230373  
4 
6 
2 
1 1998269937  
2 
4 
1 1536334911  
2 
2 
2 
6 
5 
1 936367947  
3 
3 
4 
6 
1 1696809667  
4 
6 
3 
1 1304416072  
6 
6 
2 
5 
3 
2 
2 
5 
6 
4 
4 
1 1721869503  
1 1386376902  
3 
5 
6 
2 
2 
3 
6 
3 
2 
6 
2 
2 
6 
5 
6 
2 
1 1441909512  
6 
1 1674225575  
2 
3 
4 
5 
2 
6 
5 
2 
3 
4 
2 
2 
3 
3 
3 
5 
4 
4 
5 
2 
5 
5 
3 
4 
2 
3 
5 
5 
1 1773354700  
3 
5 
5 
2 
4 
2 
6 
4 
6 
2 
2 
2 
2 
5 
5 
3 
4 
1 1935001639  
4 
1 1138279372  
4 
5 
4 
2 
5 
6 
5 
6 
4 
2 
5 
1 1766924873  
6 
1 2084636906  
1 1102228288  
5 
1 44428375  
5 
5 
6 
1 92704267  
1 1392229390  
4 
4 
3 
3 
5 
5 
4 
3 
1 2102617249  
2 
5 
1 1201633474  
1 281899788  
3 
2 
4 
1 1977165998  
2 
3 
1 1532654630  
5 
2 
2 
5 
1 766420909  
2 
6 
3 
2 
4 
1 651387335  
4 
5 
4 
3 
3 
6 
4 
4 
2 
5 
3 
4 
2 
6 
1 1457143041  
4 
4 
6 
4 
6 
5 
5 
3 
1 1760792051  
1 661561669  
1 141860444  
3 
5 
1 1584729777  
2 
2 
5 
6 
5 
1 241308394  
4 
4 
6 
2 
2 
1 2140130381  
3 
6 
2 
1 973581040  
6 
6 
4 
4 
1 1177676341  
2 
3 
3 
5 
4 
2 
3 
5 
2 
2 
4 
6 
5 
6 
4 
5 
3 
5 
2 
3 
5 
1 1689456400  
2 
1 130513464  
5 
3 
6 
3 
3 
1 752062197  
1 928349654  
3 
5 
1 1572422976  
4 
2 
4 
2 
3 
6 
4 
1 278804124  
3 
5 
4 
2 
2 
6 
5 
5 
6 
5 
1 554220706  
1 1359940967  
5 
2 
1 1417083496  
2 
1 173661932  
4 
4 
1 1297094225  
6 
4 
4 
4 
5 
6 
1 371828136  
4 
6 
5 
1 218090307  
1 1389798493  
4 
4 
6 
2 
4 
1 1764057526  
6 
4 
3 
5 
5 
6 
6 
6 
6 
3 
1 173223908  
1 443948319  
3 
2 
1 2045957314  
2 
5 
1 2906258  
5 
5 
1 1976602949  
3 
4 
6 
1 664894576  
2 
6 
1 654293594  
6 
3 
6 
4 
1 1286262342  
5 
4 
3 
1 278202979  
1 1315855263  
2 
4 
5 
6 
2 
3 
3 
5 
2 
3 
3 
5 
4 
6 
2 
2 
1 1428122787  
5 
1 1862932757  
1 1557163658  
5 
2 
5 
5 
2 
4 
4 
1 1420769520  
6 
6 
5 
5 
3 
2 
4 
5 
5 
3 
4 
2 
1 689030149  
2 
1 587356351  
1 962742273  
6 
6 
1 819543614  
1 1339418548  
1 1891091927  
5 
5 
5 
2 
6 
2 
1 244482942  
1 1618222672  
4 
3 
1 297828986  
6 
3 
6 
2 
3 
4 
5 
4 
6 
5 
1 1604423910  
3 
2 
3 
3 
2 
6 
2 
3 
1 887822521  
1 471490918  
6 
2 
1 754034487  
4 
6 
5 
5 
5 
1 1259650657  
1 689581225  
6 
5 
6 
2 
1 2143832980  
6 
4 
3 
1 876224536  
1 862805134  
4 
5 
5 
1 440297652  
3 
3 
2 
3 
3 
2 
3 
4 
4 
1 774698202  
4 
5 
3 
3 
5 
3 
2 
4 
6 
1 865711392  
1 269416953  
4 
6 
5 
5 
2 
6 
6 
5 
6 
3 
2 
3 
2 
6 
2 
3 
1 1439592778  
6 
1 1520004986  
6 
6 
6 
5 
6 
2 
4 
4 
2 
4 
2 
2 
1 1555679296  
2 
2 
5 
5 
5 
4 
2 
2 
1 1717795758  
6 
2 
1 688376602  
1 836318435  
3 
6 
1 1433244867  
1 98056612  
1 109604307  
6 
2 
5 
1 2122275016  
1 685412963  
6 
5 
3 
3 
2 
2 
3 
4 
5 
3 
2 
3 
5 
2 
2 
2 
1 1072346580  
5 
6 
5 
3 
3 
5 
6 
5 
3 
5 
4 
1 794334982  
5 
3 
2 
6 
3 
1 2024831512  
3 
3 
3 
5 
4 
6 
3 
4 
5 
5 
5 
4 
2 
3 
5 
1 815954860  
3 
4 
2 
2 
3 
3 
3 
2 
1 1038817925  
3 
2 
5 
6 
2 
6 
4 
1 1495570536  
5 
3 
3 
6 
4 
4 
5 
3 
5 
2 
2 
2 
6 
1 1113783846  
6 
5 
3 
2 
3 
2 
4 
5 
1 495758187  
6 
6 
4 
3 
6 
1 235909409  
1 1585274764  
3 
1 1249792674  
4 
3 
5 
4 
6 
4 
2 
4 
3 
5 
4 
6 
5 
1 1495560067  
5 
2 
6 
2 
3 
4 
2 
6 
1 127372341  
3 
2 
1 1246142007  
6 
1 224300955  
2 
5 
1 990177475  
1 1686439659  
5 
2 
3 
5 
1 998999157  
3 
3 
3 
1 1855888868  
5 
1 1955856612  
4 
3 
6 
3 
1 291108288  
3 
5 
1 1228410206  
1 1364052260  
3 
6 
2 
3 
6 
1 2008904046  
5 
5 
2 
2 
3 
2 
3 
1 1916786808  
2 
6 
1 52887047  
3 
3 
5 
6 
2 
4 
3 
1 1294665265  
3 
2 
5 
3 
2 
6 
4 
3 
2 
6 
1 2014843420  
3 
3 
2 
5 
6 
2 
5 
2 
5 
1 162491355  
6 
3 
4 
4 
5 
5 
1 1269456633  
3 
3 
2 
2 
4 
3 
3 
4 
3 
2 
1 552772736  
1 1234837935  
6 
1 2063791616  
3 
2 
3 
1 430120600  
5 
6 
2 
5 
5 
2 
2 
3 
3 
5 
1 2050792795  
5 
2 
5 
2 
5 
6 
6 
6 
4 
4 
5 
5 
3 
2 
3 
5 
5 
2 
3 
2 
5 
3 
4 
5 
5 
6 
1 955125893  
2 
2 
4 
3 
5 
1 1925691136  
2 
5 
1 1017092993  
2 
1 1450884080  
6 
1 14116898  
3 
6 
1 454884109  
5 
6 
2 
4 
6 
2 
1 553193106  
4 
6 
5 
3 
3 
5 
2 
5 
3 
4 
3 
6 
5 
6 
6 
1 1509676965  
5 
1 582256451  
6 
6 
1 1799335113  
4 
2 
2 
5 
1 1733977920  
1 1572433926  
3 
2 
1 1338291124  
1 585493429  
3 
3 
2 
5 
5 
1 1280839146  
1 1146664089  
1 876601717  
3 
2 
5 
3 
5 
4 
5 
5 
5 
1 361765705  
3 
6 
4 
4 
2 
2 
5 
6 
5 
5 
3 
1 363232701  
2 
2 
3 
1 738022115  
5 
1 131068865  
3 
5 
5 
2 
6 
3 
1 416119749  
3 
5 
1 2032687380  
5 
6 
1 2145912286  
1 578611104  
5 
3 
3 
3 
6 
4 
3 
3 
3 
1 1154660366  
2 
6 
6 
2 
2 
3 
6 
1 551201374  
6 
6 
1 1813449039  
4 
5 
4 
6 
1 1070968334  
1 981321974  
4 
1 1716758187  
5 
4 
1 2026094227  
2 
5 
1 759529462  
2 
5 
4 
3 
1 586367532  
5 
4 
4 
5 
4 
1 1329494659  
3 
2 
5 
4 
5 
3 
1 773646360  
3 
2 
2 
6 
6 
3 
6 
2 
1 1041251642  
6 
3 
1 1882687765  
1 135839677  
3 
2 
3 
5 
4 
1 1623508093  
1 1534539231  
6 
1 1869817597  
3 
1 1048458371  
5 
3 
5 
2 
3 
3 
4 
4 
3 
6 
5 
6 
2 
4 
4 
5 
5 
1 725346707  
5 
4 
1 307827379  
6 
4 
1 181813870  
6 
1 1872010796  
6 
6 
3 
2 
2 
1 1184429096  
1 543579575  
1 87759850  
2 
3 
2 
3 
1 1922451212  
4 
5 
3 
6 
4 
3 
1 674648440  
3 
2 
1 503879599  
3 
3 
4 
3 
1 1807654944  
4 
3 
2 
3 
1 673077078  
4 
5 
2 
5 
1 1082490703  
1 814831662  
1 1224278452  
6 
3 
3 
2 
3 
6 
5 
2 
6 
4 
5 
4 
4 
4 
2 
3 
1 748456094  
3 
5 
2 
3 
1 1885799996  
6 
2 
2 
1 58116778  
1 317730633  
5 
3 
6 
6 
2 
1 1764410575  
3 
3 
6 
5 
3 
4 
4 
5 
2 
6 
3 
4 
1 817646241  
6 
3 
4 
5 
5 
4 
5 
1 904098166  
1 946421586  
2 
5 
5 
2 
5 
3 
2 
6 
6 
3 
2 
3 
3 
5 
3 
5 
5 
6 
2 
4 
4 
6 
5 
2 
5 
6 
5 
3 
6 
1 1591292601  
4 
4 
2 
5 
2 
6 
6 
1 1945349808  
3 
4 
6 
2 
5 
2 
2 
4 
2 
2 
5 
4 
3 
6 
4 
2 
3 
5 
4 
3 
4 
4 
6 
2 
3 
6 
5 
6 
6 
6 
1 681625704  
5 
5 
5 
6 
3 
2 
2 
5 
4 
3 
5 
3 
4 
4 
3 
2 
1 1727132279  
2 
1 1421374253  
1 68681287  
2 
3 
6 
2 
4 
3 
6 
6 
6 
2 
4 
3 
3 
5 
4 
3 
1 1449466228  
6 
5 
5 
3 
5 
6 
5 
6 
6 
6 
5 
3 
3 
4 
4 
5 
2 
5 
1 322348976  
4 
4 
5 
3 
5 
2 
4 
4 
5 
1 794027994  
3 
3 
3 
2 
1 1757293607  
1 504162846  
3 
4 
3 
2 
4 
6 
3 
1 518555143  
2 
6 
6 
3 
3 
6 
5 
3 
3 
4 
4 
4 
1 794239056  
1 1047742421  
6 
6 
2 
5 
2 
1 606314993  
2 
2 
6 
1 569206620  
3 
6 
2 
2 
5 
2 
4 
2 
2 
1 1722390862  
6 
1 1110194592  
4 
1 229377916  
3 
3 
3 
1 247984292  
3 
1 45201647  
4 
2 
2 
4 
5 
2 
1 1044209579  
6 
6 
2 
4 
3 
4 
1 1472262745  
4 
2 
5 
2 
1 793657741  
3 
1 782525927  
6 
5 
4 
3 
5 
6 
4 
6 
3 
3 
3 
6 
4 
5 
2 
1 1530379523  
4 
3 
5 
1 1111388375  
4 
1 399452855  
3 
2 
3 
3 
4 
3 
1 200542116  
5 
5 
1 2015486541  
5 
2 
4 
1 1345874441  
6 
4 
6 
4 
5 
6 
4 
1 1791834718  
4 
1 1813352701  
2 
1 2027500145  
6 
5 
5 
1 1371483349  
5 
3 
5 
5 
4 
1 1087243306  
4 
1 2096181432  
2 
3 
4 
1 673465929  
1 1409592282  
6 
1 742725779  
2 
6 
6 
5 
5 
6 
4 
4 
2 
6 
2 
6 
4 
4 
5 
2 
4 
3 
1 283275889  
5 
5 
4 
2 
5 
3 
3 
5 
5 
5 
1 1913755129  
4 
2 
6 
4 
4 
4 
5 
3 
2 
2 
1 1261280922  
2 
3 
1 1077514945  
3 
3 
5 
2 
1 814013902  
3 
2 
4 
6 
4 
6 
2 
2 
2 
4 
3 
3 
2 
1 1867595915  
1 1646721565  
1 388921116  
1 830306859  
6 
4 
5 
4 
2 
3 
6 
4 
3 
5 
4 
3 
6 
2 
3 
2 
5 
3 
2 
6 
5 
6 
5 
6 
2 
2 
3 
6 
6 
1 1876099481  
5 
1 636905409  
4 
3 
3 
2 
5 
3 
3 
5 
5 
2 
6 
6 
5 
6 
2 
3 
2 
2 
4 
5 
4 
3 
1 875508506  
4 
5 
5 
5 
4 
4 
1 772825412  
4 
5 
3 
6 
4 
4 
1 2109168154  
4 
3 
1 1669166247  
2 
5 
2 
5 
4 
2 
2 
5 
4 
4 
2 
5 
1 1555351340  
4 
1 1492064029  
4 
3 
6 
4 
5 
5 
4 
4 
3 
6 
2 
1 633070974  
5 
5 
1 1954804195  
2 
2 
3 
3 
3 
4 
4 
3 
6 
2 
5 
5 
5 
4 
5 
1 1692606146  
4 
3 
4 
5 
5 
6 
3 
3 
3 
6 
2 
2 
2 
4 
3 
6 
6 
6 
5 
1 501073867  
4 
5 
3 
4 
1 1153194988  
1 1336957216  
4 
2 
5 
5 
2 
3 
1 166942920  
1 1033211486  
1 560956917  
2 
6 
1 1254186226  
1 981909270  
5 
3 
6 
3 
5 
6 
5 
1 1234422846  
2 
4 
5 
3 
2 
2 
2 
1 516294861  
5 
3 
5 
1 1724635049  
3 
2 
5 
3 
5 
4 
2 
6 
6 
2 
4 
4 
5 
6 
6 
5 
3 
1 1517698735  
1 282566342  
4 
4 
2 
1 838432323  
5 
2 
5 
2 
2 
3 
1 447730032  
2 
4 
5 
2 
3 
4 
4 
5 
3 
2 
6 
1 1096580244  
6 
3 
5 
2 
4 
6 
4 
3 
5 
1 558544590  
4 
5 
1 2094451597  
2 
2 
5 
6 
1 1485501361  
4 
1 1388851449  
1 1823067431  
6 
4 
5 
6 
5 
6 
5 
1 2122406770  
2 
1 116876307  
2 
6 
1 448409195  
5 
4 
2 
3 
3 
5 
6 
3 
2 
2 
6 
2 
2 
3 
3 
5 
4 
6 
1 2084091276  
4 
3 
5 
2 
4 
4 
2 
1 1786042555  
4 
5 
1 2003760535  
2 
6 
3 
2 
3 
4 
3 
5 
3 
4 
3 
6 
5 
2 
3 
2 
4 
3 
1 1428671657  
6 
4 
6 
1 271629881  
6 
4 
5 
1 1811081082  
1 973794155  
4 
6 
4 
4 
6 
4 
3 
6 
2 
6 
6 
3 
4 
1 772703749  
5 
1 816792423  
4 
1 163267723  
1 939646669  
4 
5 
2 
6 
2 
6 
2 
3 
5 
6 
2 
1 1850003909  
5 
3 
1 724224640  
5 
6 
5 
1 46349248  
3 
5 
2 
6 
5 
6 
4 
1 684429531  
6 
4 
3 
5 
2 
3 
2 
2 
5 
5 
5 
3 
3 
2 
4 
1 1958647487  
1 562644109  
3 
4 
1 261580933  
5 
4 
1 1328862574  
2 
3 
6 
5 
2 
4 
3 
2 
2 
4 
3 
3 
2 
5 
4 
5 
4 
2 
1 845210451  
5 
6 
6 
3 
3 
5 
6 
2 
2 
3 
2 
3 
3 
3 
3 
4 
1 1100013256  
3 
1 1776592607  
1 1941790695  
2 
6 
4 
1 1658557847  
3 
6 
6 
5 
3 
2 
5 
6 
3 
5 
2 
1 1723560556  
2 
3 
4 
3 
3 
1 1279808408  
4 
6 
5 
1 899925648  
4 
3 
5 
6 
3 
5 
4 
6 
6 
3 
6 
1 1399144339  
4 
3 
2 
3 
4 
6 
1 1254731530  
1 1016801956  
5 
5 
1 1847553535  
2 
3 
3 
2 
5 
3 
6 
6 
3 
6 
1 1191339158  
1 655360863  
4 
3 
3 
1 1703830422  
1 472527168  
5 
5 
5 
6 
5 
3 
1 926990744  
6 
5 
5 
2 
2 
5 
3 
2 
6 
2 
4 
5 
2 
5 
2 
5 
2 
2 
4 
5 
3 
3 
2 
2 
4 
1 1367427857  
2 
1 1446321323  
5 
4 
1 1699694493  
1 36736632  
4 
1 1609589047  
4 
1 491857515  
6 
3 
5 
4 
1 1886740541  
2 
3 
1 186330039  
4 
6 
5 
4 
4 
1 538206763  
1 423686424  
5 
5 
6 
6 
2 
3 
4 
2 
5 
2 
2 
1 2144977526  
2 
1 1100850872  
6 
1 685267357  
2 
5 
6 
2 
2 
3 
2 
2 
6 
3 
6 
6 
5 
5 
2 
2 
4 
3 
4 
5 
3 
5 
2 
1 1326356453  
1 1946061323  
5 
5 
5 
6 
4 
6 
5 
1 1785280614  
2 
5 
6 
1 955465412  
3 
2 
5 
2 
2 
5 
3 
4 
1 1740368370  
1 1296354813  
3 
1 531542320  
3 
3 
4 
5 
2 
2 
5 
1 872693131  
3 
3 
5 
4 
5 
6 
6 
6 
5 
4 
3 
2 
1 48796813  
5 
3 
4 
6 
4 
4 
4 
2 
1 1930686660  
1 2127424661  
1 1065598769  
1 1630756547  
3 
3 
2 
5 
3 
6 
3 
5 
1 1171280172  
6 
5 
1 1720959632  
1 1187103321  
5 
1 1643807340  
3 
1 500466729  
4 
3 
1 407047530  
2 
4 
4 
5 
4 
4 
1 942645015  
2 
6 
3 
3 
5 
2 
3 
2 
5 
3 
5 
6 
4 
6 
2 
2 
3 
1 52677574  
3 
6 
3 
6 
2 
6 
5 
1 443784162  
2 
4 
3 
1 404750414  
5 
2 
2 
2 
6 
1 544535089  
6 
6 
3 
5 
4 
1 183041055  
5 
5 
5 
4 
3 
2 
6 
1 591080454  
4 
2 
3 
1 1082741852  
5 
4 
5 
6 
2 
5 
4 
6 
2 
6 
5 
2 
1 606727480  
2 
5 
4 
4 
4 
5 
1 588574332  
2 
2 
3 
4 
2 
2 
1 36109076  
5 
2 
4 
2 
5 
2 
3 
4 
1 1291994837  
3 
1 1914930785  
1 1982170399  
1 929791803  
6 
1 722912549  
4 
4 
4 
2 
4 
1 1575055122  
4 
1 78662968  
4 
1 1254454870  
6 
2 
1 300264605  
2 
1 127459782  
3 
5 
2 
2 
6 
5 
5 
6 
1 1037657882  
4 
4 
2 
5 
6 
1 280205618  
6 
3 
2 
5 
3 
1 1193058551  
2 
5 
3 
3 
3 
6 
5 
2 
5 
1 520930781  
6 
4 
1 1451485790  
4 
5 
1 766534536  
4 
3 
1 1708034102  
4 
1 947809482  
2 
2 
4 
4 
5 
6 
6 
5 
4 
4 
6 
4 
4 
2 
3 
2 
2 
2 
2 
1 1267001265  
2 
6 
2 
3 
3 
3 
2 
6 
2 
5 
1 2115081633  
1 1890454498  
2 
4 
1 1319678839  
3 
3 
3 
2 
2 
2 
2 
6 
5 
1 411382147  
3 
6 
5 
3 
5 
6 
2 
5 
6 
2 
4 
1 147721264  
2 
4 
4 
2 
1 1864213929  
2 
2 
5 
1 594423203  
1 738801718  
5 
3 
4 
4 
2 
3 
3 
3 
6 
3 
2 
6 
5 
3 
3 
3 
6 
5 
6 
2 
2 
5 
1 799472133  
1 1201150683  
2 
6 
5 
2 
2 
4 
6 
4 
1 1327376051  
2 
6 
3 
1 835581210  
3 
1 345661872  
5 
5 
5 
3 
3 
3 
4 
5 
4 
5 
4 
2 
2 
1 1094823188  
3 
5 
2 
6 
1 670267961  
5 
4 
4 
4 
3 
5 
1 1275453676  
6 
2 
5 
4 
2 
2 
1 1817735738  
6 
4 
1 97839435  
2 
2 
2 
6 
4 
4 
4 
1 1354116644  
6 
3 
6 
3 
3 
1 924706960  
6 
3 
2 
5 
5 
2 
1 398104040  
5 
6 
1 1481576426  
6 
2 
4 
1 1962364842  
2 
5 
5 
3 
5 
3 
2 
4 
4 
5 
1 678309659  
5 
2 
1 527151330  
6 
2 
6 
1 335811975  
3 
6 
4 
3 
3 
1 2129795449  
2 
3 
4 
4 
4 
1 1293685866  
6 
1 2043846077  
5 
3 
1 930121284  
2 
5 
5 
5 
1 413203483  
5 
2 
6 
1 2011444062  
5 
6 
6 
1 673092134  
3 
2 
6 
3 
2 
4 
6 
4 
1 1732882322  
3 
3 
4 
1 275342562  
5 
5 
4 
4 
2 
2 
1 820813398  
1 1449612603  
4 
4 
3 
2 
3 
4 
4 
4 
4 
2 
2 
4 
2 
5 
5 
4 
1 869765765  
4 
3 
5 
4 
2 
4 
4 
6 
5 
2 
6 
4 
6 
2 
4 
1 1559615117  
1 101601089  
1 2070916448  
2 
3 
4 
6 
3 
3 
1 739507520  
1 937182299  
3 
6 
5 
4 
2 
5 
3 
1 269094672  
1 1834330708  
5 
1 1607450260  
5 
4 
5 
6 
2 
6 
6 
1 1544548348  
1 1504582798  
3 
4 
3 
3 
3 
2 
1 1705289696  
3 
5 
5 
3 
6 
6 
6 
2 
6 
3 
2 
1 751181345  
3 
6 
5 
3 
1 281806110  
1 2103393736  
1 85274123  
6 
3 
5 
5 
5 
4 
5 
2 
4 
6 
4 
6 
2 
5 
5 
6 
2 
1 96687304  
6 
6 
6 
4 
6 
4 
2 
4 
4 
2 
6 
2 
1 634219747  
1 612425453  
2 
3 
6 
1 432499279  
1 616531549  
5 
4 
4 
4 
6 
1 1906111319  
6 
3 
5 
3 
5 
2 
6 
5 
6 
3 
3 
3 
1 328861709  
5 
2 
2 
2 
5 
4 
5 
6 
3 
3 
3 
6 
6 
3 
2 
4 
6 
3 
3 
5 
5 
2 
3 
5 
3 
6 
3 
6 
3 
3 
6 
1 1546652833  
2 
5 
6 
1 171831154  
5 
3 
2 
1 192822123  
1 72261319  
1 1904713477  
2 
1 468164685  
2 
3 
3 
3 
2 
4 
5 
5 
1 893074717  
6 
3 
3 
1 1206842432  
3 
3 
1 1337930450  
1 305206186  
2 
4 
2 
2 
3 
3 
4 
3 
2 
5 
6 
4 
6 
5 
1 1308443521  
4 
3 
5 
4 
4 
4 
4 
2 
5 
3 
2 
3 
1 1261363250  
1 1044713706  
2 
2 
2 
1 98142172  
5 
4 
3 
4 
4 
4 
5 
2 
6 
4 
2 
6 
5 
2 
2 
6 
3 
2 
1 1530457923  
6 
5 
6 
1 731560767  
6 
2 
3 
3 
6 
5 
2 
4 
5 
5 
3 
5 
4 
5 
6 
3 
5 
4 
3 
1 1705592433  
4 
6 
4 
6 
4 
4 
5 
4 
5 
6 
5 
5 
6 
3 
6 
5 
3 
3 
6 
2 
6 
4 
6 
3 
1 927522623  
2 
5 
3 
6 
5 
2 
2 
5 
6 
3 
5 
5 
2 
2 
1 88659917  
1 1263398481  
5 
4 
5 
5 
1 1678703968  
3 
6 
4 
1 370466028  
4 
6 
4 
1 1219308569  
2 
6 
3 
2 
2 
5 
1 1763978092  
6 
4 
2 
3 
4 
4 
5 
5 
5 
6 
4 
5 
5 
4 
2 
5 
2 
5 
4 
6 
3 
1 467153332  
3 
2 
1 1853528317  
3 
3 
3 
1 228919897  
6 
6 
4 
6 
3 
6 
1 899652612  
4 
2 
4 
3 
1 322576218  
2 
5 
2 
1 2135031217  
4 
6 
2 
6 
2 
1 1228514321  
6 
5 
1 1869229051  
3 
5 
2 
4 
2 
3 
5 
1 159378723  
6 
1 1421336444  
6 
4 
1 1941490370  
2 
4 
3 
1 2064092200  
6 
5 
3 
1 1889501130  
4 
5 
4 
6 
6 
5 
6 
3 
6 
2 
4 
1 687081439  
1 1123450985  
6 
5 
1 1079947932  
1 992287626  
3 
2 
1 284410858  
5 
3 
3 
6 
6 
6 
2 
6 
5 
6 
2 
3 
1 193827535  
5 
4 
6 
4 
3 
2 
2 
5 
6 
4 
6 
4 
6 
5 
4 
6 
1 2037001332  
1 382553031  
4 
3 
5 
2 
3 
6 
4 
1 1724285458  
4 
1 621078451  
2 
4 
3 
4 
3 
6 
1 2088145464  
2 
1 504324433  
2 
4 
6 
2 
3 
5 
3 
3 
4 
4 
2 
1 709738369  
6 
6 
1 1204060297  
6 
3 
3 
6 
3 
5 
1 35544754  
6 
1 1080204397  
1 275885218  
3 
5 
6 
3 
4 
3 
6 
2 
2 
3 
2 
6 
1 1799522846  
5 
1 1547357729  
5 
6 
1 2129413535  
5 
4 
4 
5 
4 
2 
6 
2 
1 2028442743  
5 
3 
1 299526693  
6 
3 
6 
4 
4 
2 
1 304506105  
4 
2 
4 
1 2015990312  
4 
4 
5 
1 1528041014  
1 26251508  
1 27885388  
1 801893811  
4 
5 
5 
6 
2 
1 1967741878  
6 
