4 
3 
2 
2 
4 
6 
5 
6 
5 
6 
2 
5 
6 
5 
4 
3 
4 
3 
2 
1 1758966844  
3 
2 
4 
5 
2 
5 
2 
2 
3 
3 
5 
6 
4 
4 
3 
5 
1 1721971400  
4 
1 14577336  
6 
1 141027755  
2 
3 
6 
2 
1 1370141370  
5 
1 1769825433  
3 
2 
2 
1 1340336254  
1 1188591865  
4 
6 
4 
1 52161862  
2 
3 
6 
6 
3 
1 1725660766  
4 
2 
2 
1 1160620490  
2 
1 1956518341  
2 
1 833506192  
2 
6 
2 
1 1488980970  
1 1630023569  
5 
4 
3 
5 
6 
4 
2 
1 93908031  
4 
3 
2 
2 
1 137329510  
5 
2 
3 
1 679145660  
4 
5 
4 
5 
3 
2 
2 
5 
3 
4 
5 
2 
2 
3 
4 
4 
2 
5 
2 
1 1468281385  
2 
2 
3 
3 
5 
1 294790878  
1 1491478197  
4 
1 1875407545  
6 
6 
1 1807020085  
1 272530112  
3 
4 
1 478667517  
4 
4 
3 
6 
6 
1 305700351  
1 902827165  
1 1505138379  
3 
5 
6 
1 507068720  
1 1954845141  
2 
2 
5 
4 
3 
4 
2 
5 
5 
4 
6 
6 
3 
2 
3 
1 1692094849  
4 
6 
1 118551917  
6 
5 
5 
4 
2 
2 
5 
6 
3 
1 1529332893  
3 
2 
6 
5 
1 1706672185  
2 
1 259579672  
5 
2 
4 
1 751990615  
5 
1 1329013970  
3 
4 
5 
1 1599915926  
5 
3 
6 
6 
6 
3 
4 
6 
2 
2 
3 
1 1940582480  
5 
5 
3 
2 
3 
1 1381175833  
2 
1 1178093045  
4 
3 
2 
1 953719323  
6 
5 
2 
4 
3 
4 
3 
5 
6 
5 
3 
1 1190210526  
2 
5 
5 
5 
2 
1 2011599237  
3 
2 
1 295216645  
6 
2 
3 
6 
6 
6 
5 
2 
4 
3 
2 
1 672750448  
5 
1 2105507269  
5 
3 
2 
3 
3 
4 
5 
4 
3 
1 432546155  
1 1351896108  
6 
4 
1 1426305006  
2 
5 
1 727337033  
4 
2 
5 
6 
1 695890657  
5 
5 
6 
2 
6 
1 1154228903  
4 
5 
3 
5 
3 
1 386873470  
3 
2 
1 968420769  
6 
1 1632896420  
4 
4 
2 
6 
2 
6 
3 
2 
5 
1 692573821  
3 
1 1871247935  
2 
5 
5 
4 
3 
4 
5 
5 
6 
3 
6 
3 
5 
1 990551151  
1 1199642542  
1 1678609428  
6 
2 
2 
4 
4 
6 
6 
5 
4 
5 
2 
2 
3 
6 
3 
6 
3 
6 
5 
1 535162352  
5 
1 1318194459  
5 
6 
4 
6 
5 
3 
2 
2 
5 
4 
4 
5 
2 
5 
5 
5 
1 1060458673  
5 
6 
1 94350890  
2 
1 1577774131  
5 
3 
6 
3 
5 
5 
5 
4 
2 
5 
4 
3 
2 
6 
1 1812449289  
1 1423364860  
1 1030206410  
6 
6 
1 1605548121  
6 
3 
6 
1 657057045  
1 60815807  
3 
4 
2 
1 411783796  
4 
6 
2 
3 
5 
4 
3 
2 
5 
4 
5 
3 
3 
6 
6 
6 
5 
5 
4 
4 
3 
2 
3 
2 
6 
4 
1 1847267572  
5 
6 
6 
2 
5 
6 
4 
3 
1 2072415044  
3 
2 
5 
6 
4 
3 
4 
4 
6 
6 
4 
4 
4 
4 
2 
1 707000441  
3 
1 372534372  
5 
1 2030438665  
6 
6 
6 
6 
4 
1 1139546596  
2 
3 
2 
2 
4 
6 
5 
1 1724430480  
1 1309260023  
1 1866883629  
3 
5 
2 
1 272837490  
3 
2 
1 316005279  
6 
2 
6 
2 
4 
5 
4 
6 
1 106273451  
2 
1 1241258259  
6 
2 
3 
6 
1 1948901699  
4 
3 
3 
1 798847273  
1 965022546  
1 791969203  
2 
1 1998489815  
5 
5 
3 
5 
3 
2 
6 
2 
3 
2 
3 
5 
1 496148326  
6 
5 
5 
4 
1 1327131555  
3 
5 
2 
3 
6 
1 1169200626  
2 
2 
5 
2 
2 
4 
4 
1 1556607000  
3 
6 
5 
5 
2 
2 
5 
6 
5 
3 
2 
5 
4 
6 
5 
4 
3 
4 
4 
4 
6 
6 
1 1421482445  
2 
1 599491109  
2 
2 
5 
4 
6 
2 
5 
3 
4 
5 
6 
3 
5 
3 
6 
6 
4 
2 
1 1221572641  
1 697363658  
2 
1 1629697519  
6 
1 679637114  
4 
5 
1 1354420703  
5 
1 1690513326  
1 1091420911  
4 
2 
2 
3 
3 
2 
3 
4 
3 
5 
1 1054204627  
5 
2 
5 
6 
2 
5 
1 1615444723  
3 
4 
6 
6 
2 
3 
6 
2 
2 
3 
3 
3 
6 
2 
4 
3 
5 
1 1798421352  
5 
5 
3 
1 1426738999  
1 1498399740  
1 790484301  
3 
5 
4 
2 
1 1003685832  
4 
2 
4 
4 
4 
2 
1 660176116  
2 
6 
5 
3 
4 
5 
2 
6 
2 
3 
1 509884282  
3 
1 1276523322  
6 
3 
2 
6 
1 976181395  
4 
3 
3 
6 
2 
5 
2 
1 616157734  
4 
5 
4 
2 
1 370297933  
4 
4 
1 777599446  
3 
4 
3 
4 
4 
6 
3 
2 
2 
1 1415005007  
1 1335320480  
6 
5 
4 
3 
4 
4 
2 
6 
6 
3 
2 
6 
5 
3 
5 
6 
5 
5 
3 
2 
6 
3 
6 
6 
3 
1 1569568649  
4 
4 
2 
1 1266011174  
5 
3 
1 1831468806  
3 
5 
5 
6 
2 
6 
4 
3 
1 749216557  
1 287728152  
5 
3 
2 
4 
5 
2 
5 
6 
2 
4 
6 
5 
4 
3 
1 1240592158  
4 
2 
1 23215354  
6 
2 
4 
2 
6 
2 
2 
6 
3 
5 
5 
3 
2 
4 
5 
6 
2 
6 
1 887219261  
2 
6 
2 
3 
3 
1 314681151  
2 
4 
2 
1 720579012  
2 
1 369433133  
2 
3 
6 
2 
5 
1 994318266  
6 
2 
2 
1 2074999716  
5 
5 
3 
6 
5 
6 
3 
2 
1 2059946459  
3 
1 2085739177  
4 
5 
3 
1 981720695  
6 
3 
6 
1 1527907534  
6 
5 
3 
5 
3 
4 
1 1736676881  
5 
2 
3 
4 
2 
3 
1 260976047  
6 
5 
5 
2 
5 
2 
6 
3 
6 
2 
2 
1 878823627  
1 379677534  
6 
3 
6 
2 
6 
2 
2 
5 
3 
2 
6 
1 1264661879  
1 1538999743  
6 
6 
6 
2 
3 
1 889561817  
3 
6 
4 
6 
3 
4 
1 393701553  
3 
2 
1 367697490  
3 
3 
2 
4 
6 
6 
3 
2 
4 
2 
5 
3 
1 1505719551  
1 763999486  
2 
1 1145296936  
1 773240910  
5 
4 
2 
1 2099319966  
1 567381938  
1 2039252084  
6 
5 
3 
4 
1 1783305125  
5 
1 1316598495  
1 179496588  
6 
1 876413635  
6 
3 
3 
3 
6 
5 
4 
2 
2 
5 
2 
4 
5 
3 
2 
2 
1 1339813849  
3 
6 
2 
6 
3 
2 
3 
5 
3 
2 
4 
3 
5 
6 
3 
4 
3 
5 
3 
6 
3 
3 
2 
5 
1 1066715849  
5 
5 
1 1191094787  
4 
2 
6 
3 
2 
4 
1 2060392862  
1 1436148982  
5 
2 
3 
6 
1 37929405  
2 
2 
1 1987908930  
4 
1 1348611794  
6 
6 
4 
6 
6 
6 
4 
1 2123668582  
4 
6 
6 
3 
4 
5 
2 
4 
1 822145977  
3 
3 
6 
1 729035680  
1 1712861815  
5 
2 
2 
1 1083122024  
1 1607859307  
5 
3 
6 
6 
1 2092539350  
2 
6 
4 
4 
4 
1 200300255  
6 
4 
4 
4 
1 999375402  
1 834617519  
3 
3 
5 
1 594001808  
6 
3 
2 
6 
1 1367072892  
1 192853422  
3 
2 
6 
6 
4 
6 
1 1358001295  
2 
1 364886181  
2 
6 
3 
1 966094332  
4 
1 1309837613  
5 
1 932268119  
6 
3 
5 
3 
3 
2 
1 857862768  
4 
1 945659090  
2 
4 
4 
2 
3 
4 
1 101382966  
6 
6 
3 
5 
6 
6 
2 
4 
5 
1 1037359356  
2 
4 
4 
5 
5 
3 
5 
3 
3 
2 
5 
2 
6 
1 1822072726  
4 
5 
2 
6 
2 
2 
4 
5 
4 
4 
2 
3 
4 
2 
6 
6 
5 
1 1441196815  
3 
3 
1 2104075205  
1 865683865  
3 
3 
6 
5 
1 1354106029  
5 
5 
6 
2 
1 1392740540  
1 903613270  
5 
5 
6 
6 
6 
5 
6 
1 1194531311  
2 
4 
5 
6 
4 
3 
2 
2 
1 593868686  
5 
3 
5 
2 
3 
3 
1 879798204  
1 2016677289  
4 
6 
1 1322904366  
2 
1 445176371  
1 952315665  
2 
3 
5 
6 
4 
3 
5 
1 783280026  
1 390232073  
5 
3 
2 
1 1152615921  
3 
5 
5 
2 
1 1782655428  
5 
5 
1 1224849592  
4 
2 
6 
1 1746617729  
5 
2 
4 
6 
4 
1 1002244673  
6 
2 
3 
1 1417703014  
2 
5 
4 
6 
2 
5 
6 
6 
3 
3 
5 
4 
3 
1 957135376  
4 
4 
6 
2 
4 
4 
4 
6 
2 
5 
3 
2 
2 
4 
4 
4 
6 
2 
6 
3 
5 
2 
3 
3 
3 
1 1367130854  
2 
1 236313698  
1 119489342  
3 
3 
1 151915325  
4 
4 
4 
6 
1 1094176466  
3 
6 
3 
5 
5 
2 
6 
4 
1 1065148432  
6 
4 
6 
6 
3 
1 253298291  
5 
1 2131535822  
4 
1 739737510  
3 
6 
5 
5 
4 
3 
4 
5 
2 
3 
1 1694495106  
5 
3 
5 
3 
6 
5 
6 
2 
3 
1 2088127380  
5 
6 
5 
3 
3 
3 
4 
2 
3 
2 
2 
4 
5 
6 
5 
3 
3 
6 
2 
6 
6 
2 
3 
1 1605421375  
3 
3 
4 
1 901117488  
5 
2 
4 
4 
4 
6 
4 
5 
3 
6 
4 
1 1333384272  
6 
4 
2 
4 
1 361550997  
4 
1 2095648799  
2 
5 
1 1927252958  
2 
2 
3 
4 
2 
1 1241349201  
1 1964842440  
5 
4 
5 
1 1102673676  
5 
3 
1 1686525573  
1 769674458  
2 
5 
6 
1 1885953702  
3 
2 
1 2076757646  
1 1922290379  
4 
4 
6 
3 
4 
5 
2 
5 
1 1521125483  
1 1154123591  
3 
1 1521424460  
5 
5 
3 
1 375886508  
4 
4 
2 
4 
2 
1 424342957  
5 
2 
1 331076189  
5 
2 
3 
5 
2 
2 
1 1743017362  
3 
5 
5 
1 660656656  
2 
2 
1 450565531  
2 
3 
3 
6 
5 
3 
4 
4 
2 
6 
2 
5 
6 
2 
5 
6 
5 
3 
1 1894932687  
2 
4 
6 
6 
3 
6 
6 
4 
3 
5 
2 
3 
5 
2 
3 
2 
1 1754833122  
3 
5 
2 
3 
2 
6 
4 
5 
2 
6 
3 
6 
4 
1 1515713963  
5 
6 
2 
6 
4 
3 
6 
1 747330  
6 
5 
2 
5 
1 1738885297  
3 
3 
1 107967826  
6 
6 
1 1695242436  
6 
4 
5 
2 
4 
2 
4 
1 1679529029  
5 
2 
5 
5 
2 
2 
3 
3 
2 
1 1713389201  
1 448876276  
2 
2 
1 865429653  
6 
2 
3 
6 
4 
4 
4 
6 
4 
1 2074940199  
4 
4 
1 397041428  
5 
1 645198963  
3 
5 
6 
6 
6 
6 
2 
2 
5 
1 1168805752  
6 
2 
4 
4 
4 
4 
4 
1 214400220  
3 
1 1747872639  
3 
4 
4 
1 707847677  
1 984074678  
5 
1 1486342694  
1 637121676  
3 
2 
5 
5 
2 
6 
2 
3 
5 
6 
1 758881409  
2 
4 
4 
2 
4 
1 859984529  
3 
2 
3 
1 1791245267  
3 
3 
4 
4 
4 
6 
6 
5 
4 
1 132822222  
5 
6 
1 1235871037  
3 
1 68104576  
6 
5 
1 463898411  
4 
3 
2 
6 
5 
4 
3 
2 
6 
3 
4 
6 
1 831404751  
4 
2 
6 
2 
6 
4 
3 
2 
5 
5 
2 
4 
4 
4 
5 
5 
6 
3 
6 
2 
1 728761232  
5 
4 
4 
1 914463942  
2 
2 
2 
3 
1 578853790  
5 
6 
2 
6 
1 336110707  
2 
6 
6 
5 
6 
1 282694257  
6 
6 
3 
1 579601120  
6 
5 
1 2074996004  
4 
1 390662083  
6 
3 
5 
6 
6 
3 
4 
5 
1 127359908  
5 
4 
1 1607041385  
3 
6 
1 2104051285  
2 
3 
6 
2 
2 
6 
1 576236185  
2 
2 
3 
5 
2 
4 
1 324987390  
6 
6 
3 
3 
6 
1 2031507836  
3 
6 
1 973277613  
1 970186353  
2 
5 
1 1052829940  
2 
5 
3 
3 
5 
3 
1 1187677833  
4 
4 
6 
3 
2 
3 
5 
5 
4 
6 
6 
3 
6 
5 
6 
6 
5 
6 
4 
3 
4 
2 
1 570575344  
2 
2 
4 
6 
2 
5 
5 
5 
6 
1 1760677618  
2 
3 
1 24268864  
5 
3 
2 
2 
1 2056918038  
3 
5 
6 
6 
1 250315646  
2 
5 
4 
1 783150273  
5 
4 
5 
6 
4 
1 769418919  
5 
1 2041560913  
2 
3 
6 
1 915972495  
2 
5 
5 
6 
2 
6 
2 
4 
4 
2 
1 2005289956  
6 
6 
2 
4 
4 
6 
6 
4 
3 
4 
1 2109665489  
6 
3 
1 1379870906  
6 
2 
3 
6 
3 
3 
2 
3 
6 
2 
3 
2 
1 689211059  
6 
2 
4 
5 
3 
1 690943074  
3 
6 
5 
2 
6 
6 
3 
2 
4 
2 
2 
6 
1 146851200  
5 
1 1268064849  
1 1027053781  
5 
1 429545458  
3 
2 
1 1847665969  
1 954566137  
5 
6 
3 
6 
2 
2 
3 
6 
5 
1 820207541  
2 
4 
3 
1 1975025878  
4 
4 
6 
2 
4 
2 
4 
3 
6 
2 
1 414123874  
6 
1 776775178  
5 
5 
6 
3 
5 
3 
1 403778415  
3 
4 
4 
4 
4 
2 
5 
2 
5 
6 
4 
2 
3 
2 
2 
3 
4 
6 
6 
3 
4 
5 
3 
1 739111264  
3 
3 
3 
4 
2 
4 
2 
1 660799366  
4 
6 
3 
3 
1 1377056028  
3 
6 
2 
5 
1 1709297617  
1 1713629307  
5 
3 
6 
5 
5 
5 
6 
2 
4 
5 
6 
6 
3 
6 
6 
6 
5 
4 
6 
6 
5 
1 417250213  
5 
4 
3 
5 
6 
6 
5 
6 
1 132389313  
2 
6 
6 
5 
6 
6 
6 
6 
4 
1 1326823277  
6 
2 
3 
6 
6 
2 
5 
4 
4 
6 
4 
2 
5 
4 
5 
4 
5 
6 
1 441519077  
2 
1 41823704  
1 1577138923  
3 
4 
4 
1 1224669351  
3 
3 
2 
6 
3 
5 
6 
2 
6 
3 
6 
1 811242623  
3 
4 
6 
4 
3 
5 
3 
5 
5 
2 
4 
1 1471216188  
2 
5 
1 2140641846  
6 
1 669048932  
4 
2 
1 1433398029  
3 
1 1373029105  
1 1358259991  
1 2124341103  
2 
5 
5 
1 1519880305  
1 478841193  
6 
5 
2 
6 
3 
5 
3 
3 
6 
5 
2 
5 
4 
5 
2 
3 
6 
6 
2 
1 1003911236  
3 
5 
1 1949425763  
5 
1 179023514  
3 
2 
5 
1 1958477373  
3 
2 
5 
3 
1 622149657  
4 
3 
4 
5 
4 
2 
3 
6 
5 
3 
5 
1 6565744  
3 
2 
1 225117599  
2 
5 
5 
3 
2 
5 
5 
4 
3 
4 
3 
3 
4 
6 
1 1398924835  
2 
4 
2 
4 
6 
3 
4 
4 
5 
4 
3 
3 
4 
6 
5 
3 
2 
6 
6 
5 
5 
4 
2 
3 
2 
6 
5 
3 
5 
2 
1 410344159  
5 
2 
4 
5 
3 
4 
5 
3 
2 
3 
6 
2 
2 
2 
3 
6 
1 964228863  
2 
1 2059724202  
6 
3 
4 
3 
3 
1 1787400187  
2 
2 
3 
5 
6 
5 
5 
6 
4 
3 
3 
1 526042832  
2 
2 
4 
5 
1 1625869861  
5 
4 
4 
5 
6 
5 
6 
5 
3 
3 
1 57166753  
3 
1 658432146  
2 
2 
3 
1 805209490  
6 
4 
1 498685830  
1 700255850  
4 
6 
1 234864765  
1 1723355181  
5 
4 
6 
1 1511498473  
5 
6 
6 
6 
6 
6 
1 1706080953  
3 
2 
3 
6 
1 1716513380  
5 
5 
4 
6 
5 
6 
2 
1 33063757  
5 
5 
1 991995334  
1 942058837  
4 
5 
1 1391323749  
2 
4 
3 
2 
1 968852790  
5 
5 
2 
5 
6 
2 
6 
4 
6 
2 
6 
5 
3 
1 314455494  
1 1870164942  
4 
2 
1 1972764026  
3 
5 
5 
6 
5 
3 
6 
2 
2 
6 
5 
6 
5 
5 
6 
6 
3 
3 
6 
5 
5 
5 
2 
6 
1 116397610  
5 
3 
3 
2 
2 
1 2049188456  
1 1783757752  
3 
4 
5 
6 
3 
2 
1 738547267  
1 2055754201  
3 
3 
1 2008875351  
6 
2 
1 2137472102  
4 
6 
1 318614712  
6 
4 
3 
2 
6 
5 
6 
1 825620567  
5 
1 2049712656  
4 
3 
3 
3 
4 
5 
5 
1 2106014900  
3 
1 1351663399  
1 1528098869  
6 
4 
4 
3 
6 
6 
5 
6 
4 
6 
2 
4 
2 
3 
6 
6 
1 15698005  
5 
1 2010095545  
2 
6 
3 
5 
6 
5 
2 
1 185824711  
2 
5 
1 514383835  
4 
3 
5 
3 
3 
1 562867747  
1 420689476  
2 
2 
3 
3 
1 90255369  
3 
6 
6 
6 
4 
5 
3 
4 
5 
5 
4 
3 
1 2074366221  
1 2126770429  
1 1806768749  
5 
2 
6 
3 
5 
2 
2 
2 
1 2107429978  
4 
3 
3 
3 
6 
2 
3 
4 
4 
4 
3 
5 
4 
5 
5 
6 
1 971282116  
5 
3 
4 
6 
2 
1 601343938  
6 
4 
6 
5 
6 
3 
5 
5 
3 
6 
1 1351270079  
2 
1 1940134906  
3 
5 
1 915799432  
3 
3 
2 
1 1073951373  
6 
3 
3 
4 
3 
3 
6 
5 
4 
6 
5 
2 
4 
3 
5 
5 
5 
2 
2 
2 
2 
5 
1 1765415284  
4 
2 
5 
5 
1 1032197042  
3 
3 
3 
2 
4 
3 
6 
3 
1 975656182  
2 
1 1401689388  
1 1770744309  
1 883926735  
4 
5 
6 
1 1263081092  
4 
2 
6 
4 
6 
2 
2 
1 1760732764  
2 
5 
6 
5 
3 
5 
4 
2 
5 
4 
1 1202541447  
6 
6 
1 2088701659  
3 
5 
2 
1 1662961772  
6 
6 
2 
3 
6 
5 
4 
5 
1 1161072699  
4 
6 
3 
2 
2 
2 
2 
5 
2 
3 
2 
4 
5 
4 
3 
2 
3 
6 
2 
1 1292881410  
3 
5 
5 
3 
4 
6 
6 
4 
1 1043576994  
2 
3 
3 
3 
1 1176770704  
2 
5 
4 
5 
6 
6 
3 
2 
1 1155493308  
3 
4 
2 
2 
4 
4 
2 
6 
5 
6 
2 
1 1229401705  
3 
1 1691154540  
6 
2 
4 
1 1718361055  
1 1650091182  
1 1781409909  
5 
4 
6 
4 
2 
5 
4 
2 
2 
6 
1 1645243628  
1 1629377963  
6 
2 
1 1440695010  
6 
3 
4 
6 
4 
4 
4 
6 
4 
1 1605189959  
4 
5 
4 
1 453176431  
4 
4 
2 
4 
2 
1 2042038948  
6 
4 
1 808976390  
6 
6 
6 
6 
6 
1 245827689  
6 
1 810354732  
6 
6 
5 
5 
2 
4 
3 
2 
3 
1 1882927764  
4 
6 
4 
3 
3 
4 
5 
3 
4 
4 
6 
1 2011242974  
1 1842551775  
1 711100298  
2 
2 
4 
4 
2 
4 
3 
3 
5 
3 
2 
4 
3 
4 
5 
1 1265448714  
2 
6 
3 
6 
4 
6 
6 
1 1465812436  
5 
5 
2 
5 
5 
4 
3 
1 1595027033  
2 
2 
2 
3 
6 
5 
2 
5 
1 381046158  
6 
2 
2 
4 
3 
2 
6 
4 
3 
1 1079061552  
5 
5 
3 
4 
4 
4 
6 
2 
6 
3 
6 
6 
3 
6 
4 
1 650084832  
5 
1 322264169  
5 
4 
4 
1 594539677  
4 
5 
2 
1 1811157532  
3 
2 
2 
3 
6 
2 
5 
3 
1 1615145580  
3 
5 
5 
2 
5 
3 
5 
1 1638116671  
4 
6 
2 
1 840444588  
1 623155240  
6 
6 
4 
2 
6 
3 
3 
1 720034728  
3 
5 
3 
2 
1 384115480  
2 
2 
6 
5 
3 
1 194032647  
6 
3 
3 
2 
6 
1 222642262  
2 
3 
1 18041741  
2 
4 
3 
5 
6 
6 
6 
6 
5 
4 
4 
2 
4 
3 
1 1839276276  
5 
6 
1 1852020226  
4 
2 
1 1458736751  
6 
2 
3 
2 
6 
3 
6 
5 
5 
5 
4 
6 
1 1296982587  
1 157713009  
1 1353292051  
4 
2 
2 
5 
5 
5 
6 
6 
1 2105958977  
3 
6 
5 
6 
3 
5 
2 
2 
3 
1 403540699  
5 
6 
3 
6 
4 
1 16163136  
3 
2 
6 
1 1841403093  
5 
3 
4 
3 
5 
4 
2 
4 
6 
4 
4 
4 
3 
2 
4 
4 
2 
3 
6 
2 
1 267300025  
1 1858714911  
1 405019743  
4 
1 1532748739  
5 
4 
3 
5 
5 
4 
3 
5 
4 
3 
1 1177043699  
3 
1 2000046776  
2 
1 1913794898  
6 
2 
5 
2 
2 
4 
6 
3 
3 
6 
3 
4 
1 108621604  
2 
2 
2 
1 502647961  
2 
5 
4 
3 
4 
3 
2 
6 
4 
6 
5 
3 
1 88575419  
5 
2 
2 
5 
1 703161281  
4 
3 
4 
1 166321845  
1 1703720999  
2 
6 
4 
1 193794304  
3 
1 1006766433  
3 
4 
6 
6 
4 
5 
3 
5 
5 
4 
1 179392591  
1 913829032  
2 
6 
2 
1 1390881914  
3 
4 
2 
6 
4 
1 373425239  
1 1136471295  
3 
4 
5 
4 
4 
5 
1 1408923655  
2 
6 
4 
4 
5 
5 
1 65217867  
5 
3 
4 
4 
1 841007873  
6 
2 
1 720176759  
5 
5 
1 1362200454  
2 
3 
4 
2 
1 998720882  
2 
2 
2 
4 
1 2073468810  
3 
1 1320675783  
4 
3 
6 
1 1402261581  
3 
6 
6 
1 2089631946  
1 1014595229  
3 
3 
1 1669561606  
3 
2 
4 
1 1800863209  
6 
2 
2 
4 
2 
6 
4 
6 
1 1419614972  
3 
6 
6 
2 
6 
3 
6 
6 
3 
4 
2 
2 
5 
5 
6 
3 
4 
5 
1 1054826698  
6 
3 
2 
2 
3 
4 
2 
3 
6 
5 
4 
3 
4 
2 
6 
4 
5 
6 
3 
5 
2 
4 
6 
3 
2 
3 
2 
6 
4 
3 
4 
6 
4 
3 
5 
6 
1 830423261  
3 
3 
1 1272178101  
2 
3 
4 
5 
1 821137948  
3 
6 
4 
2 
5 
3 
5 
5 
3 
4 
4 
6 
6 
1 939044865  
1 1774826062  
3 
3 
3 
1 909713367  
1 1642206146  
4 
5 
4 
4 
1 1941147907  
2 
3 
6 
3 
4 
2 
5 
1 465950719  
5 
6 
1 1836000450  
1 800430692  
6 
6 
4 
4 
4 
6 
1 645343310  
5 
4 
5 
2 
2 
1 602345834  
3 
2 
4 
4 
5 
5 
1 43828958  
4 
2 
6 
2 
6 
2 
5 
2 
4 
2 
2 
5 
6 
5 
4 
1 1018768549  
2 
3 
1 1738817129  
5 
5 
5 
5 
3 
6 
4 
6 
2 
5 
3 
3 
4 
4 
2 
4 
5 
1 1452752614  
3 
5 
4 
6 
5 
3 
1 1083986416  
2 
4 
4 
1 432341354  
1 25445725  
4 
3 
1 298703222  
4 
5 
6 
5 
5 
5 
2 
2 
5 
3 
5 
3 
6 
4 
2 
5 
1 1431062237  
1 2098914535  
5 
2 
5 
2 
5 
6 
1 1619379006  
1 685840170  
1 2041062834  
1 486490587  
5 
2 
6 
6 
4 
5 
3 
4 
1 207918129  
1 1694442395  
5 
2 
1 1906105559  
6 
6 
2 
1 1262744827  
1 377382008  
3 
2 
6 
2 
3 
6 
3 
2 
2 
6 
5 
1 1030800012  
5 
4 
4 
5 
3 
6 
5 
6 
6 
1 2083882775  
5 
6 
6 
3 
3 
5 
6 
4 
3 
1 1316426873  
1 658142426  
6 
2 
2 
5 
1 846112494  
5 
4 
3 
4 
4 
6 
6 
6 
4 
5 
6 
3 
4 
6 
6 
6 
4 
2 
1 811149371  
4 
3 
6 
3 
3 
5 
5 
3 
5 
4 
4 
5 
2 
3 
4 
5 
4 
3 
6 
4 
4 
1 451806685  
3 
6 
5 
6 
1 1312063213  
4 
1 499666173  
2 
4 
4 
1 1252237378  
3 
3 
4 
5 
6 
3 
4 
6 
5 
1 1957406524  
3 
3 
3 
1 1102012008  
2 
3 
2 
6 
6 
5 
2 
4 
3 
1 1296066336  
6 
3 
5 
1 828691425  
2 
2 
1 693345489  
1 601335302  
5 
5 
4 
5 
4 
4 
2 
3 
6 
4 
3 
3 
3 
3 
5 
5 
4 
4 
6 
2 
3 
4 
6 
5 
5 
5 
3 
6 
4 
6 
5 
4 
3 
6 
6 
4 
6 
4 
5 
5 
4 
6 
2 
2 
1 1912677842  
2 
6 
4 
2 
4 
3 
3 
1 1125686844  
6 
2 
2 
1 626781027  
4 
3 
3 
4 
2 
6 
2 
5 
5 
5 
3 
6 
6 
4 
2 
6 
1 63897416  
6 
5 
5 
6 
4 
2 
2 
3 
1 409265433  
4 
4 
4 
4 
2 
6 
4 
5 
6 
6 
2 
4 
4 
1 578211915  
3 
1 1683276422  
6 
5 
6 
1 1095105603  
3 
4 
5 
5 
3 
3 
2 
2 
4 
5 
3 
3 
3 
5 
6 
5 
1 471791101  
4 
4 
5 
1 22283361  
1 1303023732  
5 
3 
1 18749848  
2 
2 
1 1928388921  
4 
1 418284911  
5 
5 
4 
6 
4 
5 
3 
6 
3 
1 396131857  
1 811705285  
5 
3 
5 
5 
4 
2 
2 
6 
6 
2 
4 
6 
5 
2 
2 
5 
2 
4 
4 
6 
2 
6 
3 
5 
1 354684038  
5 
6 
2 
4 
5 
2 
4 
2 
4 
6 
3 
5 
1 1712558730  
5 
2 
6 
1 1469847712  
5 
3 
3 
5 
3 
1 1200796533  
2 
1 376224454  
1 1921654397  
4 
3 
5 
1 365376098  
2 
4 
6 
4 
1 875890627  
4 
1 1026408127  
5 
5 
6 
5 
5 
4 
4 
1 175298974  
6 
6 
3 
6 
5 
1 1977902635  
3 
2 
4 
4 
6 
6 
3 
4 
5 
6 
4 
5 
5 
4 
3 
1 174990816  
6 
4 
4 
6 
1 1003990400  
2 
5 
3 
4 
4 
5 
3 
3 
2 
2 
4 
1 523764477  
1 776326118  
6 
6 
2 
3 
2 
4 
5 
1 769184594  
4 
3 
6 
2 
3 
5 
5 
5 
2 
3 
1 1649451321  
6 
4 
6 
2 
4 
3 
4 
3 
6 
2 
3 
5 
2 
3 
3 
4 
2 
4 
5 
2 
2 
5 
3 
4 
2 
5 
1 1403107146  
3 
5 
6 
4 
4 
3 
5 
5 
3 
3 
1 833082010  
4 
1 2058716754  
1 1981319061  
1 368874785  
1 1006338709  
6 
3 
2 
1 305626514  
3 
3 
3 
2 
4 
6 
5 
1 391158146  
1 161878794  
3 
4 
5 
6 
4 
3 
4 
3 
4 
5 
3 
1 324376362  
5 
6 
2 
6 
6 
5 
3 
1 172063419  
6 
4 
6 
4 
1 580163705  
4 
3 
1 720508219  
1 983768705  
6 
3 
2 
3 
2 
4 
4 
2 
1 934847744  
3 
4 
2 
5 
2 
4 
6 
2 
4 
3 
3 
4 
2 
6 
1 285583302  
5 
2 
4 
2 
6 
4 
5 
6 
4 
1 306132769  
3 
2 
1 2135644277  
3 
5 
2 
3 
3 
6 
1 661807756  
4 
4 
1 80303518  
1 353536727  
4 
2 
2 
6 
3 
5 
5 
1 1537698383  
2 
4 
6 
5 
1 1106711646  
5 
5 
4 
3 
4 
5 
4 
6 
6 
3 
2 
6 
2 
5 
3 
3 
5 
3 
4 
4 
3 
5 
3 
5 
6 
2 
6 
6 
2 
6 
5 
5 
2 
1 528835702  
6 
1 1368117371  
5 
5 
2 
6 
6 
2 
6 
1 1281702462  
2 
6 
2 
5 
6 
4 
5 
5 
3 
4 
3 
4 
4 
5 
5 
3 
5 
2 
3 
4 
5 
6 
4 
4 
3 
4 
6 
2 
5 
3 
4 
1 1532826102  
4 
4 
6 
1 1891881848  
6 
4 
4 
5 
4 
3 
5 
5 
4 
4 
2 
3 
5 
5 
4 
6 
4 
1 2058028580  
3 
1 154527048  
4 
4 
4 
6 
1 1393849521  
3 
6 
4 
3 
6 
6 
5 
2 
1 1313652078  
5 
1 987609058  
5 
3 
3 
4 
6 
4 
5 
3 
6 
4 
3 
6 
4 
4 
2 
6 
1 1305082627  
4 
5 
3 
4 
2 
5 
3 
2 
6 
6 
6 
6 
2 
2 
4 
3 
4 
6 
5 
3 
2 
6 
5 
2 
3 
4 
6 
3 
5 
4 
6 
5 
4 
6 
1 1147487491  
3 
5 
2 
5 
5 
3 
2 
1 1356483843  
6 
4 
3 
2 
1 163937688  
4 
3 
3 
5 
6 
6 
5 
2 
3 
6 
3 
3 
1 1453114005  
4 
6 
1 1747641990  
6 
6 
2 
2 
6 
4 
2 
2 
2 
4 
4 
2 
6 
1 325816482  
4 
5 
1 1777490368  
2 
2 
4 
6 
6 
5 
4 
4 
5 
6 
4 
4 
2 
6 
4 
1 1919705409  
6 
4 
4 
5 
3 
2 
5 
2 
4 
4 
1 905980188  
6 
6 
4 
5 
1 350514939  
1 755990466  
5 
4 
3 
6 
2 
6 
2 
6 
5 
3 
5 
1 1840827932  
6 
2 
6 
5 
3 
3 
3 
2 
3 
6 
1 636098241  
1 1062123235  
3 
2 
5 
1 1828988561  
2 
2 
6 
6 
6 
6 
2 
5 
1 1297905997  
5 
6 
1 1142426754  
3 
4 
3 
3 
4 
5 
2 
4 
4 
2 
1 35041640  
2 
4 
6 
4 
4 
4 
5 
4 
5 
3 
4 
1 688120733  
2 
1 101654752  
3 
1 563877342  
3 
3 
3 
2 
6 
6 
2 
2 
2 
5 
3 
3 
2 
3 
5 
4 
6 
4 
5 
1 2056238104  
1 1383357214  
1 2096703444  
4 
6 
2 
6 
3 
2 
6 
2 
6 
3 
6 
1 1800636304  
5 
4 
3 
1 1293902146  
6 
4 
3 
3 
4 
5 
4 
3 
5 
2 
5 
3 
4 
1 103746844  
5 
1 1047002177  
6 
4 
3 
4 
1 460070577  
4 
3 
6 
1 1091355903  
6 
6 
5 
4 
3 
4 
5 
2 
3 
1 204601156  
1 1607558068  
3 
1 300356098  
6 
1 368538844  
6 
6 
3 
3 
2 
4 
3 
3 
2 
5 
4 
1 913188426  
5 
2 
5 
3 
5 
2 
6 
3 
3 
1 2047998088  
3 
4 
2 
1 694355327  
2 
1 543195146  
6 
6 
1 1820219850  
5 
5 
6 
5 
1 1600335515  
3 
1 893710085  
1 428726668  
6 
2 
2 
5 
5 
6 
5 
5 
3 
4 
4 
2 
6 
4 
1 1293679799  
2 
2 
4 
6 
5 
2 
5 
3 
5 
3 
5 
6 
1 1529808327  
3 
3 
5 
2 
1 1490849904  
3 
5 
2 
1 975184712  
1 680230676  
6 
1 485793010  
2 
2 
1 1010226352  
3 
2 
4 
4 
3 
4 
4 
5 
3 
2 
2 
1 1368351409  
5 
6 
1 587447762  
5 
4 
6 
3 
3 
5 
6 
6 
4 
5 
3 
4 
1 1574103695  
3 
6 
2 
6 
5 
2 
4 
6 
2 
5 
6 
3 
4 
3 
5 
2 
2 
5 
4 
2 
5 
5 
3 
2 
2 
1 1277105865  
3 
5 
4 
5 
6 
1 1970804976  
1 1523323491  
6 
2 
2 
6 
1 930258521  
2 
3 
3 
5 
5 
1 1117223474  
6 
6 
2 
3 
1 1627070336  
4 
1 1977260698  
3 
5 
3 
3 
5 
1 1577294051  
5 
1 570942591  
5 
6 
3 
4 
3 
6 
4 
5 
1 34378206  
3 
1 1037368472  
2 
4 
2 
4 
1 871298689  
2 
2 
2 
2 
2 
5 
4 
2 
3 
6 
5 
6 
4 
2 
2 
6 
2 
4 
5 
3 
4 
4 
5 
2 
1 402917051  
2 
2 
2 
1 1950556898  
4 
5 
5 
4 
2 
2 
3 
1 771813130  
3 
3 
6 
6 
2 
5 
4 
1 1097272378  
5 
1 346268396  
5 
1 444549332  
2 
5 
6 
6 
6 
2 
3 
3 
2 
6 
4 
3 
6 
4 
6 
1 550124245  
4 
1 1239978481  
1 873276000  
3 
1 1843804044  
1 622303160  
5 
5 
2 
5 
5 
2 
3 
3 
4 
5 
5 
1 216642256  
6 
5 
3 
2 
6 
6 
6 
3 
1 671505108  
6 
2 
4 
4 
1 1302533837  
1 702435266  
1 1681731460  
5 
6 
6 
6 
1 523401598  
6 
1 1289883028  
4 
4 
4 
5 
1 1108351507  
6 
5 
3 
3 
1 1800507464  
3 
1 1113204356  
3 
2 
3 
3 
5 
4 
3 
2 
1 484191351  
6 
2 
4 
6 
3 
6 
2 
1 583282337  
3 
4 
2 
6 
1 82944183  
5 
5 
5 
3 
5 
2 
1 2111261687  
5 
3 
4 
4 
5 
5 
3 
5 
3 
1 413059388  
5 
2 
5 
1 1660238234  
5 
4 
6 
4 
3 
6 
6 
6 
3 
3 
2 
1 534720630  
1 447437594  
3 
1 550123058  
5 
1 1406019319  
1 850354645  
1 353196308  
6 
6 
3 
2 
1 30348801  
4 
3 
2 
6 
3 
2 
4 
6 
6 
4 
1 1947627023  
5 
5 
5 
5 
6 
6 
4 
3 
1 699464704  
6 
4 
4 
5 
1 474898133  
5 
4 
3 
2 
3 
1 350267620  
1 1939443186  
2 
3 
4 
2 
3 
6 
4 
3 
2 
1 1348174134  
1 46588016  
3 
1 414262698  
6 
4 
6 
1 1564816390  
4 
6 
1 718093124  
1 1716796535  
2 
6 
4 
4 
5 
3 
1 119768009  
4 
6 
3 
4 
2 
5 
5 
1 252340937  
3 
2 
6 
4 
6 
4 
5 
1 92714486  
1 1409651037  
3 
2 
5 
4 
2 
3 
4 
5 
6 
2 
5 
2 
4 
1 1360692444  
5 
1 1893221950  
1 375371746  
3 
3 
6 
4 
2 
4 
1 1844883795  
5 
1 329020639  
6 
6 
1 458315929  
4 
6 
1 1808661834  
6 
4 
4 
1 742080027  
3 
6 
3 
2 
3 
6 
6 
5 
5 
2 
3 
5 
3 
1 2118554163  
6 
2 
3 
6 
4 
2 
5 
3 
5 
5 
4 
6 
2 
2 
1 195898816  
6 
6 
4 
1 1189517622  
3 
4 
4 
3 
4 
1 521193574  
3 
4 
4 
3 
1 1601918136  
5 
5 
5 
5 
3 
3 
4 
6 
1 2039872267  
1 874389882  
5 
4 
3 
6 
1 1632266937  
2 
2 
1 1840015643  
5 
2 
6 
2 
2 
1 1573854587  
4 
3 
6 
2 
6 
6 
2 
6 
5 
3 
3 
5 
1 2107165071  
5 
3 
6 
6 
6 
4 
5 
1 42799615  
6 
3 
1 1365814125  
3 
4 
1 1307855557  
4 
1 89387632  
2 
6 
3 
2 
3 
3 
5 
2 
1 1780076823  
3 
1 725188299  
5 
2 
2 
4 
5 
1 807480756  
3 
2 
1 1349389711  
2 
2 
1 844956308  
1 1059821693  
5 
2 
1 1442104197  
1 107123698  
6 
6 
3 
3 
6 
6 
3 
4 
4 
4 
5 
2 
2 
6 
6 
2 
3 
4 
4 
3 
3 
4 
4 
1 273030490  
1 1187842499  
3 
4 
1 482495444  
5 
1 2117914285  
1 1516863138  
6 
1 940811373  
5 
4 
4 
6 
5 
2 
1 1779092472  
6 
5 
4 
4 
4 
2 
3 
6 
1 111459518  
3 
2 
2 
4 
2 
3 
2 
4 
2 
3 
1 911881888  
2 
5 
2 
5 
3 
4 
3 
5 
2 
6 
1 1974991288  
4 
2 
2 
2 
5 
5 
2 
6 
5 
1 1300977140  
3 
3 
4 
6 
2 
5 
1 1433075462  
3 
2 
5 
2 
2 
1 1429425776  
5 
1 1193365759  
4 
6 
3 
5 
1 159981697  
6 
6 
1 914209066  
2 
5 
2 
1 885897754  
5 
6 
6 
1 1733836284  
3 
6 
1 873890489  
1 928697370  
5 
2 
5 
4 
4 
1 952166761  
4 
6 
5 
5 
5 
4 
5 
1 34262398  
6 
5 
1 1018085002  
3 
5 
2 
6 
3 
5 
1 584759936  
2 
1 759450697  
2 
1 1825565758  
3 
6 
3 
5 
1 1934149647  
6 
5 
2 
1 1604407006  
5 
1 737903804  
4 
3 
3 
2 
4 
1 1228770196  
6 
5 
5 
5 
6 
2 
5 
5 
5 
2 
3 
5 
2 
1 1711530704  
3 
1 1010934294  
1 269129047  
3 
6 
6 
4 
6 
6 
6 
1 46542500  
6 
2 
2 
2 
6 
4 
4 
6 
1 981364931  
1 1785992186  
4 
3 
1 987353873  
5 
3 
3 
1 612973755  
5 
6 
6 
1 1897451704  
3 
3 
5 
4 
1 1899235761  
4 
3 
5 
2 
6 
1 440481396  
4 
5 
1 1050945196  
2 
1 1184827576  
6 
2 
2 
4 
2 
5 
1 1869907172  
3 
3 
4 
5 
2 
4 
2 
3 
3 
1 96827307  
4 
5 
4 
2 
4 
5 
2 
2 
2 
1 1344809273  
5 
3 
5 
2 
1 636632590  
5 
5 
5 
2 
4 
6 
5 
2 
4 
5 
3 
3 
5 
1 982725062  
4 
6 
5 
5 
6 
5 
1 931161909  
4 
6 
2 
5 
2 
5 
1 1510523079  
5 
3 
3 
1 1911422432  
5 
2 
3 
6 
1 1883328670  
5 
5 
6 
6 
1 1544785477  
5 
4 
6 
1 782023786  
6 
1 320604958  
5 
1 156752527  
5 
6 
6 
6 
2 
4 
1 460105896  
3 
2 
6 
2 
1 107270958  
3 
2 
4 
4 
3 
6 
5 
5 
4 
4 
5 
5 
5 
3 
4 
6 
3 
3 
1 1761159533  
2 
2 
5 
5 
6 
4 
2 
6 
1 1198009700  
2 
6 
1 1336041154  
6 
5 
2 
2 
1 1325206589  
4 
6 
1 61460346  
2 
3 
6 
4 
2 
6 
1 1605170202  
1 1371749089  
3 
6 
1 1042825278  
1 1243678740  
3 
4 
2 
5 
6 
6 
1 211619314  
2 
1 1655799033  
1 993646796  
6 
4 
2 
3 
5 
3 
1 2110855075  
6 
6 
6 
5 
3 
6 
1 2096280429  
5 
6 
1 2044591992  
5 
4 
1 1148199003  
6 
5 
2 
6 
5 
2 
3 
4 
3 
5 
5 
6 
3 
5 
6 
3 
4 
2 
3 
2 
2 
5 
4 
4 
2 
4 
6 
1 1818703954  
4 
5 
3 
5 
1 2141419299  
4 
3 
3 
4 
5 
6 
4 
5 
1 345524628  
3 
3 
2 
1 307852896  
3 
2 
5 
2 
4 
3 
2 
4 
2 
4 
3 
5 
5 
2 
3 
3 
1 976660713  
6 
5 
6 
1 1276686537  
5 
1 1818375976  
2 
1 740599497  
5 
4 
2 
2 
2 
6 
1 1012531559  
1 1215677805  
2 
3 
2 
1 1522623283  
1 1333136518  
5 
1 1372430332  
3 
4 
4 
3 
4 
5 
3 
2 
6 
3 
2 
2 
6 
3 
6 
5 
2 
5 
4 
3 
3 
2 
3 
6 
3 
4 
1 1982729180  
2 
3 
5 
3 
1 1440407476  
6 
6 
3 
5 
3 
1 986106217  
1 1033255232  
5 
4 
2 
6 
2 
2 
3 
2 
1 628964982  
1 163829158  
2 
4 
3 
3 
5 
4 
3 
5 
1 1094715579  
3 
2 
4 
1 86651536  
5 
3 
1 1535578247  
1 2137540857  
6 
2 
4 
1 1330330276  
6 
5 
5 
6 
4 
2 
2 
2 
5 
5 
3 
4 
4 
2 
6 
6 
3 
3 
4 
6 
4 
2 
3 
4 
2 
3 
4 
6 
4 
2 
6 
3 
5 
4 
4 
4 
1 1747197561  
6 
1 1645856242  
2 
5 
1 176493424  
3 
6 
3 
5 
2 
4 
4 
1 1710568989  
6 
6 
6 
2 
6 
5 
5 
2 
3 
6 
3 
1 1594653024  
2 
1 73601768  
5 
4 
6 
1 711284344  
5 
4 
4 
2 
5 
5 
3 
1 1265873330  
2 
6 
3 
3 
3 
4 
1 67537420  
3 
1 1056808973  
4 
4 
1 1573726226  
3 
2 
1 1044198133  
6 
1 186011862  
6 
2 
6 
3 
4 
6 
6 
6 
6 
3 
1 1244618554  
2 
2 
6 
4 
6 
4 
2 
3 
2 
3 
3 
6 
5 
2 
4 
1 1784797631  
1 1198543422  
1 312812712  
5 
5 
1 1159937266  
4 
5 
2 
6 
3 
3 
3 
2 
5 
3 
3 
2 
1 384196292  
1 1685243044  
4 
4 
6 
5 
3 
6 
6 
4 
6 
4 
5 
1 995182798  
1 1824603768  
5 
5 
6 
5 
3 
4 
6 
4 
6 
3 
3 
3 
3 
5 
4 
6 
2 
1 523865614  
1 2028438031  
2 
6 
6 
5 
1 306085102  
4 
3 
6 
3 
1 687694772  
3 
2 
1 975669962  
2 
1 392736639  
6 
2 
4 
5 
6 
5 
4 
6 
4 
6 
1 75789372  
5 
2 
1 965727171  
5 
6 
2 
4 
4 
3 
3 
4 
2 
4 
6 
5 
2 
2 
1 1723066915  
2 
4 
3 
2 
2 
1 1822986933  
1 464099765  
6 
6 
2 
4 
4 
5 
4 
5 
6 
4 
2 
3 
6 
2 
4 
3 
3 
3 
3 
1 1899560340  
6 
6 
3 
5 
1 1386072274  
4 
4 
6 
6 
3 
4 
2 
6 
5 
3 
6 
1 2058752789  
6 
6 
2 
1 1973162108  
5 
5 
1 2097356619  
3 
6 
1 1177142471  
1 2040699528  
1 1006681944  
4 
2 
6 
2 
3 
2 
2 
1 603385050  
4 
3 
2 
1 937414014  
2 
6 
3 
1 1192693806  
6 
1 1848003604  
4 
5 
5 
3 
5 
2 
5 
2 
3 
3 
4 
5 
1 574727997  
5 
1 243753580  
3 
3 
1 13332668  
2 
2 
3 
2 
6 
3 
6 
4 
6 
4 
2 
4 
3 
4 
5 
1 1734665263  
3 
3 
2 
6 
1 627949872  
5 
3 
2 
6 
3 
5 
4 
6 
5 
5 
6 
1 1698575713  
2 
3 
3 
3 
6 
3 
4 
4 
4 
3 
4 
1 582364414  
3 
3 
1 305069992  
4 
4 
5 
6 
2 
3 
2 
4 
6 
5 
3 
5 
1 74957679  
1 463318797  
5 
5 
4 
6 
6 
3 
5 
2 
2 
6 
6 
4 
6 
4 
6 
1 611155095  
2 
1 762652451  
2 
4 
1 1438988759  
3 
6 
1 1003891734  
5 
4 
3 
2 
2 
3 
4 
6 
1 838441823  
5 
5 
3 
3 
2 
2 
2 
3 
5 
6 
2 
6 
4 
5 
1 257232282  
6 
5 
3 
3 
2 
5 
6 
3 
1 579475001  
3 
3 
3 
3 
1 513945109  
2 
2 
4 
4 
6 
3 
3 
1 721332047  
4 
2 
1 331551693  
5 
6 
5 
6 
2 
3 
1 1900017383  
4 
2 
5 
1 632601189  
5 
4 
5 
2 
4 
3 
2 
4 
4 
4 
3 
1 157230154  
2 
6 
1 1849890354  
3 
3 
2 
2 
2 
2 
2 
5 
2 
2 
5 
6 
5 
3 
3 
3 
6 
3 
2 
3 
5 
6 
1 1809743660  
3 
2 
4 
3 
3 
2 
3 
3 
5 
4 
1 50446034  
5 
6 
4 
4 
2 
2 
6 
2 
1 709088650  
5 
2 
4 
1 265645062  
1 987860048  
1 1901782457  
1 2113648667  
6 
2 
5 
6 
2 
6 
2 
5 
3 
2 
5 
2 
3 
3 
4 
1 1562588045  
3 
5 
1 2145536037  
4 
2 
1 2126981335  
1 1149769661  
2 
6 
5 
5 
1 626002262  
2 
2 
2 
1 1678073400  
3 
5 
1 1732134075  
1 931072254  
1 1753031079  
1 47969224  
1 1542227349  
5 
4 
2 
2 
2 
4 
2 
3 
3 
3 
3 
1 368199883  
2 
5 
4 
5 
5 
1 1486957983  
6 
2 
2 
6 
1 398635435  
3 
5 
2 
6 
3 
5 
6 
3 
2 
6 
3 
3 
5 
6 
6 
4 
4 
5 
5 
5 
3 
6 
5 
1 1206641706  
6 
2 
5 
4 
5 
6 
3 
5 
4 
2 
1 1744190265  
3 
1 978110437  
3 
3 
2 
6 
4 
1 1720586815  
2 
3 
5 
3 
6 
3 
1 318038664  
2 
3 
6 
2 
1 1309662130  
5 
4 
6 
6 
3 
5 
1 1473120551  
4 
4 
1 950639853  
6 
1 1466892284  
1 1175527257  
6 
6 
3 
3 
6 
4 
1 612899866  
3 
4 
5 
4 
6 
6 
4 
1 1517338319  
5 
5 
3 
1 1884615908  
6 
5 
6 
2 
2 
3 
4 
4 
3 
3 
4 
5 
3 
3 
3 
6 
2 
5 
2 
2 
1 878544928  
2 
5 
3 
4 
4 
6 
3 
2 
5 
1 357714719  
1 1638914717  
3 
5 
5 
2 
2 
5 
2 
1 844709947  
6 
3 
5 
4 
1 1920302765  
5 
3 
4 
2 
4 
4 
5 
3 
1 1636967106  
3 
2 
2 
5 
4 
4 
2 
1 824207635  
2 
2 
1 922588778  
6 
4 
4 
6 
3 
4 
5 
6 
6 
3 
2 
5 
1 115485720  
5 
4 
4 
4 
2 
1 354797387  
5 
2 
2 
6 
4 
1 507239205  
1 1046557975  
5 
4 
3 
4 
4 
4 
5 
3 
5 
5 
4 
3 
5 
3 
4 
2 
6 
5 
6 
1 2107828467  
6 
6 
3 
4 
2 
5 
4 
1 555208429  
2 
4 
3 
1 441301676  
2 
2 
3 
5 
5 
6 
1 328544702  
2 
1 2042166412  
4 
2 
4 
2 
2 
3 
4 
3 
1 839937112  
1 1535186408  
3 
5 
5 
2 
1 1638873029  
4 
1 1818047549  
6 
3 
3 
6 
3 
4 
6 
3 
3 
4 
3 
2 
4 
1 1108289576  
6 
1 1956911693  
1 980226031  
2 
1 433926479  
2 
2 
4 
4 
5 
3 
3 
5 
6 
6 
6 
3 
2 
6 
6 
5 
3 
4 
1 760067899  
1 299634668  
1 1609453736  
4 
4 
4 
3 
4 
5 
1 1372967765  
2 
2 
4 
6 
2 
2 
1 1816972987  
3 
6 
1 1346585996  
2 
6 
3 
3 
2 
5 
5 
6 
5 
2 
1 104029045  
6 
1 27204058  
6 
2 
1 838017065  
1 948738993  
4 
2 
4 
3 
5 
6 
2 
2 
1 1947506823  
3 
4 
1 327500524  
4 
2 
5 
4 
3 
4 
3 
3 
2 
2 
3 
1 1772946628  
1 722611953  
4 
5 
3 
2 
5 
2 
6 
4 
1 442986244  
3 
3 
5 
4 
4 
2 
4 
3 
4 
2 
5 
6 
4 
1 2127744015  
3 
6 
1 1229851158  
6 
5 
4 
2 
2 
4 
2 
3 
1 1489544219  
3 
4 
5 
1 2088088834  
1 1785059587  
6 
2 
4 
3 
3 
4 
3 
6 
5 
4 
4 
2 
3 
3 
2 
3 
5 
2 
5 
3 
2 
2 
2 
2 
1 1930845896  
6 
6 
1 269149888  
4 
2 
5 
3 
2 
3 
5 
5 
1 1679742351  
4 
2 
4 
4 
6 
4 
4 
6 
6 
2 
4 
3 
5 
4 
2 
1 623299360  
3 
4 
1 1804336297  
5 
6 
4 
6 
6 
4 
2 
3 
6 
2 
3 
3 
1 1171131732  
2 
4 
2 
3 
6 
6 
4 
1 293863261  
6 
4 
4 
5 
5 
4 
3 
6 
2 
1 765142225  
3 
2 
2 
6 
4 
1 980559778  
4 
4 
2 
4 
3 
6 
5 
3 
1 1274089292  
6 
4 
1 1199068704  
3 
5 
6 
2 
5 
4 
4 
1 1740627677  
2 
4 
4 
1 1573723960  
3 
3 
3 
1 661038792  
4 
2 
5 
6 
1 966111794  
4 
4 
3 
6 
5 
2 
1 1243213299  
3 
6 
4 
2 
2 
4 
6 
3 
5 
2 
3 
2 
3 
6 
1 2007624789  
1 1070140839  
4 
3 
3 
6 
3 
2 
4 
5 
2 
3 
3 
4 
4 
3 
4 
4 
5 
4 
6 
4 
5 
2 
3 
2 
6 
4 
2 
2 
3 
2 
2 
5 
3 
1 1270417358  
3 
6 
3 
2 
6 
6 
1 698158206  
6 
1 2018879832  
6 
2 
2 
4 
6 
5 
5 
1 1070440533  
6 
5 
4 
4 
6 
3 
1 1025658730  
5 
1 1644342812  
5 
6 
6 
6 
5 
6 
2 
1 1793052487  
3 
4 
3 
3 
1 1468644975  
4 
3 
1 1624603180  
3 
5 
5 
3 
3 
1 875419997  
4 
5 
6 
2 
2 
2 
1 810705546  
5 
5 
3 
1 1565208366  
1 512995937  
3 
6 
2 
5 
1 594067794  
6 
4 
5 
4 
5 
1 1834358255  
4 
3 
6 
1 45254640  
3 
4 
2 
1 1217367154  
4 
3 
1 1491210904  
3 
2 
4 
4 
3 
6 
3 
6 
4 
4 
3 
5 
1 1216386373  
3 
6 
5 
1 1511230415  
3 
3 
5 
3 
4 
5 
6 
5 
1 108869481  
5 
1 49462503  
1 637836060  
2 
3 
5 
6 
1 1307938185  
6 
2 
6 
6 
4 
3 
5 
4 
6 
3 
4 
2 
6 
3 
3 
4 
4 
4 
1 1790090180  
3 
5 
5 
2 
1 64076372  
3 
4 
3 
1 1968976977  
6 
3 
6 
3 
2 
6 
3 
3 
4 
6 
4 
2 
3 
4 
4 
1 608718326  
5 
6 
2 
3 
4 
1 1307289672  
4 
2 
5 
4 
4 
1 1829118118  
2 
3 
6 
2 
6 
1 1678859165  
6 
5 
2 
5 
1 430223382  
1 379792677  
5 
5 
2 
2 
5 
5 
2 
4 
5 
3 
3 
2 
6 
1 1550255350  
3 
2 
2 
2 
5 
1 1500663915  
2 
1 1405451407  
6 
3 
6 
4 
5 
2 
5 
5 
4 
4 
1 1047114514  
4 
3 
6 
2 
2 
1 1146232754  
2 
6 
6 
5 
5 
2 
2 
5 
4 
3 
2 
5 
6 
2 
1 726612734  
5 
3 
5 
3 
4 
4 
1 524234046  
2 
1 2021652752  
6 
4 
5 
5 
1 1537318281  
3 
5 
1 2089442413  
6 
6 
1 387165041  
1 2131386075  
3 
4 
1 1776317020  
2 
3 
6 
3 
6 
3 
5 
2 
4 
4 
5 
2 
2 
2 
2 
5 
5 
3 
3 
5 
1 432419681  
6 
1 1201269582  
4 
1 1120044276  
6 
2 
6 
5 
6 
1 1648806054  
1 565016349  
5 
3 
3 
5 
1 1228913757  
4 
4 
1 1698268557  
4 
6 
2 
5 
6 
1 1202852409  
3 
6 
2 
3 
2 
5 
5 
5 
1 389368294  
6 
6 
6 
6 
3 
5 
2 
4 
5 
3 
6 
5 
3 
5 
3 
2 
3 
1 1340875089  
4 
4 
3 
6 
1 1266928782  
5 
4 
5 
1 210861623  
2 
4 
2 
1 1949593415  
1 426734806  
1 2039979742  
6 
2 
5 
1 1480968933  
2 
2 
1 856958188  
6 
2 
3 
2 
1 272288771  
4 
2 
1 883740635  
6 
3 
2 
3 
6 
4 
1 210138455  
2 
3 
5 
6 
4 
6 
5 
4 
6 
6 
2 
5 
3 
3 
6 
3 
3 
6 
5 
1 1677740178  
5 
4 
5 
2 
2 
2 
1 1930855149  
2 
2 
2 
4 
1 1356371210  
6 
3 
6 
6 
1 256869265  
2 
2 
3 
6 
5 
5 
6 
4 
6 
4 
2 
5 
1 307605548  
1 1230540314  
3 
2 
5 
5 
5 
2 
3 
6 
1 1794187546  
1 249564313  
3 
4 
5 
3 
1 1617705355  
5 
6 
3 
5 
3 
6 
5 
1 1778089973  
4 
5 
3 
5 
1 2025881333  
1 2050125036  
4 
2 
6 
6 
2 
4 
6 
6 
2 
1 831875907  
6 
6 
6 
6 
2 
4 
4 
5 
3 
5 
5 
5 
5 
4 
4 
4 
4 
4 
3 
6 
3 
2 
6 
5 
1 998441961  
4 
6 
4 
2 
2 
3 
3 
1 1551447443  
1 1396892257  
6 
3 
6 
3 
3 
5 
6 
6 
2 
2 
4 
5 
3 
2 
4 
6 
3 
1 79872070  
2 
1 1102232352  
5 
1 452261018  
6 
5 
5 
1 469240364  
5 
3 
2 
4 
3 
5 
2 
1 295623794  
6 
5 
3 
1 1719189800  
3 
6 
4 
5 
2 
4 
4 
5 
4 
3 
4 
4 
2 
3 
3 
2 
6 
6 
2 
1 680101987  
1 97733561  
1 2145924606  
3 
2 
1 572598081  
5 
3 
1 1578702494  
3 
6 
1 855399146  
2 
2 
1 844886852  
6 
5 
1 314959481  
6 
6 
6 
6 
1 1065537602  
4 
6 
6 
3 
4 
2 
6 
3 
1 375143383  
5 
5 
1 98330983  
1 274425164  
6 
1 632012648  
5 
1 405936531  
3 
3 
1 1504965478  
4 
2 
6 
1 278716546  
3 
2 
1 655500844  
6 
2 
3 
5 
3 
4 
6 
4 
4 
5 
6 
1 975187185  
6 
1 2056806519  
2 
1 533898529  
2 
1 877828573  
1 741198779  
6 
1 1532340490  
2 
6 
3 
5 
5 
6 
3 
6 
2 
6 
2 
2 
5 
3 
2 
1 281792368  
2 
6 
4 
4 
4 
4 
4 
2 
4 
6 
5 
5 
2 
2 
1 2138091036  
5 
3 
6 
1 1612212560  
5 
1 1384024721  
2 
4 
2 
4 
2 
1 442868406  
5 
4 
2 
2 
4 
1 2081452924  
1 1679648515  
3 
6 
6 
4 
6 
1 14574559  
5 
2 
1 614071263  
3 
5 
1 1777382076  
3 
3 
1 13015517  
1 1186669345  
4 
6 
5 
4 
5 
4 
6 
3 
1 1208600923  
3 
6 
3 
2 
4 
5 
3 
2 
1 868414664  
3 
6 
5 
6 
6 
5 
4 
2 
5 
5 
6 
1 2031556197  
2 
3 
4 
6 
2 
3 
6 
1 1523560404  
6 
1 1933952266  
3 
4 
2 
6 
1 259215932  
2 
6 
5 
1 1621891387  
3 
5 
5 
6 
1 60893782  
5 
6 
4 
6 
6 
1 891228580  
4 
1 2027827918  
1 1565859260  
5 
1 1169945126  
1 535845114  
2 
6 
6 
2 
5 
3 
3 
1 393562797  
3 
6 
3 
2 
2 
2 
6 
1 1079267998  
3 
6 
3 
2 
5 
1 1069743643  
4 
2 
6 
1 1271391370  
4 
4 
3 
3 
3 
6 
4 
3 
6 
6 
4 
5 
1 1820466777  
4 
5 
6 
6 
3 
1 454600485  
3 
2 
6 
6 
3 
1 1553183739  
5 
3 
1 1811074165  
3 
3 
3 
3 
2 
3 
6 
1 2066813045  
4 
1 789724812  
4 
4 
4 
2 
4 
3 
3 
1 106458923  
5 
6 
5 
4 
3 
4 
6 
4 
1 2000782321  
3 
4 
6 
6 
1 321889679  
4 
5 
3 
1 121033482  
4 
5 
6 
3 
2 
4 
2 
6 
3 
2 
4 
2 
5 
5 
3 
4 
5 
2 
2 
2 
1 467369937  
3 
6 
1 2099271755  
4 
2 
4 
3 
5 
3 
6 
1 134049000  
1 1654039282  
4 
3 
5 
2 
2 
2 
3 
6 
2 
5 
5 
4 
4 
2 
3 
5 
3 
5 
4 
2 
3 
2 
5 
6 
6 
6 
4 
3 
6 
2 
1 1160389030  
6 
6 
1 1002463664  
1 1538111831  
4 
3 
2 
2 
5 
4 
3 
2 
1 536465787  
5 
6 
6 
3 
6 
6 
6 
3 
4 
4 
3 
3 
1 788932282  
1 1797327764  
2 
2 
4 
4 
6 
3 
4 
4 
2 
1 10873526  
5 
2 
2 
5 
3 
5 
2 
5 
6 
1 849826064  
2 
2 
1 541072696  
5 
3 
1 2038701445  
5 
3 
1 268201676  
4 
6 
1 1711017823  
5 
3 
3 
5 
2 
4 
4 
5 
6 
2 
3 
1 427062911  
1 661764473  
5 
2 
4 
3 
2 
6 
3 
5 
4 
6 
5 
4 
1 642802173  
5 
3 
1 1496806555  
2 
1 1933155843  
2 
3 
3 
6 
5 
2 
3 
4 
3 
2 
4 
1 315785302  
1 1951407040  
6 
1 1338855934  
1 2126859467  
5 
2 
5 
1 1870736438  
2 
4 
3 
1 2128580746  
1 85834742  
1 1724035111  
2 
5 
4 
1 302986777  
5 
6 
4 
2 
3 
3 
3 
5 
1 206868225  
2 
3 
4 
4 
1 43921400  
4 
2 
5 
6 
4 
3 
5 
4 
6 
2 
1 254774885  
3 
6 
5 
4 
2 
4 
5 
4 
5 
3 
3 
4 
6 
4 
1 340917225  
5 
2 
3 
6 
1 1697960682  
6 
4 
4 
6 
1 1415163915  
2 
6 
1 1343380889  
4 
6 
6 
3 
3 
2 
3 
2 
1 1088588866  
5 
4 
4 
4 
6 
4 
1 1951629702  
3 
6 
3 
6 
3 
1 2132313171  
4 
4 
2 
1 738432982  
2 
1 1962503229  
1 834655587  
1 1279505678  
5 
5 
4 
5 
6 
5 
1 1853721026  
4 
1 1102857263  
6 
6 
1 843039853  
2 
1 133300289  
1 1764621736  
5 
5 
3 
2 
1 1485842026  
4 
4 
4 
2 
1 1630106844  
1 1550293931  
6 
1 1801627328  
6 
2 
4 
1 1434030237  
4 
1 741666218  
4 
6 
1 1781003147  
1 1157283027  
1 722763316  
4 
2 
2 
2 
3 
6 
5 
5 
1 1866837890  
3 
3 
3 
1 733834490  
2 
3 
6 
3 
3 
1 1025750094  
2 
4 
2 
1 2073706115  
4 
3 
1 777755891  
1 1280524979  
6 
5 
1 267139692  
6 
1 328232925  
6 
1 548205246  
4 
4 
3 
3 
3 
3 
3 
2 
5 
4 
6 
2 
1 1610520581  
3 
3 
4 
5 
3 
5 
1 1416821791  
6 
6 
1 352351301  
3 
6 
5 
2 
3 
5 
3 
4 
3 
2 
3 
4 
5 
1 1595350104  
5 
3 
3 
5 
1 7771125  
6 
2 
3 
1 167370882  
4 
1 282522043  
4 
2 
5 
1 1287276804  
2 
4 
5 
2 
4 
6 
2 
4 
6 
2 
6 
1 2021091908  
1 1385379306  
3 
4 
1 2130316657  
6 
1 6908549  
3 
2 
6 
6 
3 
1 1002517394  
4 
4 
3 
1 1468675036  
5 
2 
4 
6 
4 
2 
4 
1 1637015394  
6 
3 
5 
1 405327677  
4 
4 
5 
1 1122818716  
3 
1 923561983  
1 1146993895  
5 
4 
3 
2 
1 756338216  
1 2080845010  
3 
3 
6 
3 
6 
5 
4 
6 
6 
6 
5 
2 
1 1869757212  
6 
5 
5 
4 
2 
5 
5 
4 
1 475692458  
4 
3 
6 
3 
2 
2 
2 
2 
2 
4 
5 
5 
5 
4 
2 
1 667195852  
1 748023658  
3 
6 
2 
1 401914925  
1 1444951743  
2 
5 
5 
5 
3 
5 
5 
1 2028548637  
3 
3 
4 
4 
2 
2 
1 669054617  
6 
5 
4 
3 
1 1773184669  
6 
3 
3 
4 
2 
5 
1 429270235  
2 
1 132091550  
2 
2 
1 1042522812  
4 
6 
5 
3 
4 
3 
1 781621536  
2 
3 
5 
4 
5 
4 
2 
6 
6 
4 
2 
5 
2 
1 1727441654  
6 
6 
2 
6 
6 
4 
1 1050293938  
3 
2 
5 
3 
3 
2 
6 
4 
4 
1 948992418  
2 
5 
1 2009963697  
1 190087094  
3 
5 
3 
4 
1 822600678  
5 
1 1247859355  
5 
4 
2 
2 
6 
1 172920103  
6 
5 
2 
1 829509228  
1 102893101  
6 
1 1641595139  
6 
4 
1 319040974  
6 
3 
2 
1 508220778  
5 
6 
4 
3 
1 616930208  
5 
6 
6 
6 
1 1242602957  
5 
6 
6 
2 
2 
3 
2 
4 
3 
4 
4 
3 
6 
3 
5 
2 
4 
4 
4 
4 
3 
6 
2 
4 
4 
6 
6 
6 
2 
4 
2 
3 
3 
4 
5 
6 
5 
5 
1 1655214674  
2 
6 
4 
6 
4 
6 
1 1373268424  
3 
1 1175964319  
6 
5 
4 
1 1377488238  
6 
4 
2 
2 
2 
6 
4 
2 
3 
2 
6 
3 
4 
6 
1 1848960882  
3 
2 
4 
6 
2 
2 
2 
2 
3 
1 1843160171  
4 
3 
2 
6 
2 
3 
6 
5 
2 
4 
4 
1 2125511896  
4 
5 
5 
3 
2 
4 
5 
5 
6 
5 
2 
5 
1 103392159  
2 
5 
5 
2 
3 
1 1140628267  
4 
6 
5 
1 2006576885  
1 772446776  
1 766329288  
2 
5 
3 
3 
6 
1 288363472  
1 904538326  
3 
4 
3 
5 
5 
4 
2 
3 
1 1808852100  
4 
1 1069985009  
2 
4 
3 
4 
3 
2 
5 
4 
4 
6 
6 
1 484496332  
2 
6 
2 
5 
4 
5 
1 711662390  
5 
6 
3 
2 
5 
3 
1 2018977427  
6 
4 
4 
3 
2 
6 
3 
5 
3 
2 
6 
3 
6 
2 
1 346976381  
4 
1 901749484  
5 
4 
6 
5 
2 
2 
2 
6 
5 
2 
4 
4 
6 
4 
3 
1 694094458  
4 
6 
3 
4 
6 
5 
4 
5 
1 1594835736  
1 1074669588  
6 
5 
5 
3 
1 1523603686  
3 
3 
4 
6 
4 
5 
1 1697728837  
4 
6 
5 
6 
1 568781079  
2 
1 1842644660  
6 
1 58465967  
5 
4 
5 
5 
5 
5 
1 1185711287  
2 
6 
5 
4 
3 
2 
3 
3 
4 
2 
4 
1 937763969  
5 
4 
4 
2 
1 1713680641  
5 
5 
2 
2 
5 
3 
2 
4 
6 
6 
4 
1 411496063  
2 
4 
4 
5 
6 
2 
3 
2 
5 
3 
4 
6 
2 
1 2113728288  
2 
1 943685231  
4 
5 
3 
3 
2 
2 
3 
5 
2 
2 
2 
5 
3 
6 
3 
4 
3 
1 112973297  
6 
4 
3 
4 
2 
1 1809404811  
1 921713479  
6 
4 
2 
2 
4 
2 
4 
6 
5 
2 
5 
3 
4 
5 
3 
6 
2 
5 
6 
5 
4 
4 
2 
2 
5 
2 
2 
4 
3 
6 
3 
5 
6 
3 
3 
2 
2 
2 
1 216365456  
3 
2 
1 802549430  
5 
2 
2 
5 
2 
2 
4 
6 
2 
3 
1 780806716  
1 988812232  
2 
2 
3 
2 
6 
1 1568878718  
6 
1 1069170189  
3 
2 
4 
4 
3 
6 
1 1893350558  
6 
6 
2 
2 
6 
5 
6 
4 
6 
2 
6 
6 
1 1230247171  
2 
1 2139155198  
1 230363242  
2 
2 
3 
4 
4 
2 
6 
4 
3 
3 
6 
3 
1 1941909561  
3 
4 
5 
1 2010648977  
4 
3 
4 
2 
2 
3 
4 
4 
5 
4 
3 
3 
2 
2 
1 577339623  
6 
4 
3 
1 696175398  
2 
6 
4 
4 
2 
3 
1 557259787  
6 
4 
2 
5 
3 
2 
2 
5 
4 
5 
5 
5 
5 
4 
4 
6 
5 
1 24691711  
5 
1 1770844986  
6 
4 
2 
3 
1 2080863473  
2 
3 
1 1722420548  
1 192142417  
5 
2 
1 1776024485  
2 
1 1780886516  
2 
5 
1 1377853705  
1 566304806  
2 
1 1347083509  
5 
5 
4 
2 
4 
4 
5 
3 
6 
3 
1 1789349768  
5 
1 532549446  
2 
3 
6 
5 
6 
1 143285093  
2 
4 
5 
5 
1 1902323066  
4 
3 
2 
4 
2 
3 
3 
2 
5 
3 
3 
3 
3 
6 
3 
5 
3 
4 
5 
2 
3 
5 
1 194470610  
2 
4 
2 
3 
5 
2 
6 
6 
1 1064998572  
6 
2 
1 2118688522  
4 
2 
2 
3 
5 
2 
5 
1 997020040  
2 
5 
5 
3 
1 1845805289  
1 960017107  
3 
5 
1 418415111  
4 
3 
6 
3 
5 
4 
5 
4 
5 
1 767491830  
4 
3 
3 
2 
5 
2 
1 705884017  
4 
6 
2 
5 
1 1648662282  
5 
6 
2 
2 
2 
3 
1 759163380  
2 
2 
4 
5 
6 
4 
3 
5 
1 936247260  
2 
5 
6 
2 
4 
1 1443088195  
6 
6 
6 
6 
3 
2 
2 
1 622328709  
4 
2 
3 
5 
5 
6 
1 1513586883  
6 
3 
3 
6 
2 
5 
2 
2 
3 
1 2139263593  
1 1179588497  
1 1538278595  
6 
3 
6 
5 
5 
1 1762624931  
1 1112968322  
2 
2 
4 
3 
5 
4 
6 
4 
3 
3 
5 
5 
4 
3 
2 
2 
4 
3 
1 1113215495  
3 
3 
3 
1 1954767349  
4 
3 
4 
6 
4 
4 
3 
4 
6 
1 741509160  
1 746618363  
1 1185137406  
3 
6 
4 
4 
3 
1 1307813966  
2 
2 
5 
3 
3 
1 2093701873  
4 
4 
3 
3 
5 
4 
5 
2 
4 
4 
6 
5 
3 
3 
6 
1 827003526  
2 
5 
2 
6 
1 1840363413  
3 
4 
6 
3 
2 
1 89503318  
5 
1 581842944  
3 
6 
2 
6 
3 
1 2034834023  
3 
3 
3 
3 
3 
6 
1 1154501890  
3 
3 
2 
2 
1 553047819  
4 
2 
3 
1 884370415  
3 
1 852823531  
4 
5 
2 
6 
3 
5 
5 
4 
1 1513064926  
3 
1 1302785526  
2 
2 
4 
6 
1 1620315361  
5 
5 
6 
1 71465295  
1 803964160  
2 
5 
1 231995093  
6 
3 
3 
1 1007712555  
2 
1 99568708  
5 
4 
6 
4 
3 
5 
6 
1 854323803  
3 
3 
3 
2 
2 
6 
6 
5 
1 373815791  
5 
3 
3 
3 
6 
6 
2 
5 
3 
6 
5 
2 
1 91348653  
4 
6 
1 2033912300  
3 
2 
5 
6 
4 
3 
2 
2 
6 
2 
4 
6 
1 1912094386  
5 
3 
6 
2 
1 1853973585  
3 
4 
5 
6 
4 
2 
3 
3 
1 999396974  
3 
5 
3 
6 
5 
4 
5 
4 
2 
2 
6 
4 
6 
2 
4 
5 
4 
3 
6 
6 
3 
3 
4 
2 
4 
6 
5 
3 
1 877826233  
4 
6 
1 1661257286  
3 
2 
3 
5 
1 1740906134  
6 
2 
6 
4 
1 1624444597  
1 698911044  
6 
4 
6 
6 
3 
6 
3 
2 
6 
5 
4 
2 
5 
2 
3 
3 
3 
5 
6 
2 
4 
6 
1 901236453  
2 
1 1570662822  
5 
5 
2 
4 
3 
6 
5 
3 
4 
6 
1 1525914570  
1 594116218  
2 
6 
6 
2 
4 
5 
3 
5 
1 1660166140  
3 
1 2107757515  
2 
5 
2 
2 
4 
4 
1 481466593  
4 
1 667184382  
6 
5 
5 
6 
3 
1 513321686  
2 
5 
1 1365837008  
3 
4 
4 
4 
5 
4 
2 
2 
4 
3 
6 
6 
5 
5 
6 
6 
2 
1 1520007914  
5 
1 2026386612  
3 
5 
1 521138887  
4 
2 
1 992839627  
2 
2 
2 
4 
1 2097851907  
2 
4 
1 1325103047  
3 
5 
2 
6 
2 
6 
3 
6 
5 
4 
2 
2 
5 
3 
6 
6 
5 
1 1224834721  
6 
4 
2 
5 
3 
5 
3 
5 
4 
2 
1 958080815  
3 
5 
6 
3 
4 
2 
5 
1 1424671755  
1 2079158524  
6 
6 
3 
6 
4 
1 1331896606  
6 
1 1516020409  
3 
5 
4 
6 
4 
2 
5 
1 1965587176  
6 
3 
4 
4 
5 
5 
4 
5 
1 1096507344  
1 1222510346  
2 
3 
2 
5 
1 817500502  
6 
2 
4 
5 
4 
4 
5 
2 
3 
2 
1 1974333577  
6 
4 
1 736283984  
6 
2 
3 
4 
1 410922989  
4 
3 
5 
3 
3 
4 
5 
2 
1 1451294526  
4 
5 
2 
2 
2 
4 
5 
4 
5 
5 
3 
6 
6 
5 
3 
3 
1 1435195028  
2 
6 
4 
5 
1 1312159442  
6 
4 
3 
6 
4 
5 
3 
2 
5 
6 
5 
4 
3 
5 
4 
5 
1 874473700  
1 813625950  
4 
5 
3 
6 
4 
6 
4 
5 
6 
4 
2 
1 1906275660  
1 387156192  
3 
2 
2 
4 
5 
3 
4 
4 
4 
3 
2 
3 
5 
6 
2 
1 773899817  
1 240258605  
6 
3 
2 
6 
2 
1 1054340575  
2 
4 
6 
1 1287221503  
1 1606095613  
1 426864841  
1 1166124467  
4 
2 
3 
5 
6 
2 
5 
4 
5 
4 
6 
5 
5 
3 
5 
5 
3 
5 
4 
1 2127234500  
1 1419704468  
1 1116492727  
4 
1 1304853900  
3 
3 
5 
4 
6 
2 
3 
1 497055541  
4 
6 
2 
3 
4 
6 
4 
1 2074573542  
3 
6 
4 
6 
4 
1 582042007  
3 
3 
4 
1 428730417  
3 
6 
1 1258986500  
2 
6 
3 
4 
6 
6 
4 
4 
4 
6 
4 
4 
6 
3 
3 
4 
5 
5 
3 
1 2098062416  
1 246833945  
3 
1 208010196  
3 
3 
4 
2 
6 
4 
4 
3 
5 
1 1173089114  
6 
2 
5 
3 
6 
5 
6 
2 
3 
3 
6 
2 
3 
1 1064334448  
4 
1 34860125  
3 
2 
4 
1 1909373098  
5 
3 
5 
5 
2 
1 1475257437  
1 1486154652  
1 1197084478  
6 
6 
3 
5 
2 
5 
6 
6 
6 
3 
4 
1 639933231  
6 
1 213144704  
2 
1 2010710429  
6 
4 
6 
6 
4 
3 
1 398725243  
4 
4 
5 
1 600300897  
4 
4 
2 
3 
3 
2 
1 637126598  
4 
3 
2 
3 
6 
1 638983848  
1 1654641472  
1 1924348102  
5 
1 97595813  
4 
6 
4 
1 2081506313  
4 
6 
1 942988921  
4 
5 
2 
6 
6 
3 
1 77346666  
6 
4 
1 1353727133  
1 2059481648  
4 
2 
3 
3 
4 
3 
6 
2 
6 
1 1382200566  
4 
1 1850782675  
1 1986571542  
5 
3 
2 
4 
3 
5 
6 
1 1964242573  
3 
3 
6 
2 
4 
2 
1 132029444  
4 
4 
2 
6 
4 
4 
4 
5 
1 1098074394  
4 
6 
4 
1 1914821342  
1 378863390  
6 
6 
3 
3 
2 
1 1306084590  
5 
2 
2 
2 
6 
5 
4 
3 
2 
1 940426808  
3 
3 
4 
2 
4 
2 
4 
5 
5 
1 1443197838  
6 
5 
3 
5 
4 
3 
4 
3 
1 1340944716  
3 
4 
3 
3 
5 
2 
3 
1 702316259  
2 
1 770971627  
3 
3 
6 
6 
3 
5 
3 
4 
4 
1 679615720  
3 
4 
3 
6 
1 1899400737  
2 
2 
6 
5 
5 
2 
1 1410904858  
6 
3 
5 
3 
1 892760424  
6 
1 1762627518  
3 
6 
2 
4 
1 1809630101  
6 
2 
2 
2 
2 
6 
1 1493061321  
3 
5 
6 
3 
6 
3 
6 
2 
3 
5 
2 
6 
3 
3 
4 
4 
5 
5 
1 252270469  
1 301130301  
2 
3 
4 
4 
2 
1 1000219145  
5 
5 
5 
5 
5 
4 
3 
4 
5 
3 
6 
2 
4 
1 29134923  
3 
1 398726114  
2 
6 
3 
4 
3 
1 934241810  
5 
2 
3 
6 
3 
3 
6 
6 
4 
5 
2 
2 
2 
4 
6 
1 972123844  
3 
4 
3 
5 
3 
2 
3 
6 
4 
4 
2 
1 476072780  
5 
6 
2 
2 
5 
2 
5 
5 
2 
6 
2 
3 
4 
2 
4 
4 
4 
6 
6 
2 
5 
6 
1 140485296  
3 
6 
4 
1 884121845  
5 
2 
4 
5 
6 
3 
4 
4 
2 
3 
6 
2 
5 
4 
1 1858273346  
6 
1 1991267971  
6 
2 
1 723209739  
3 
6 
2 
2 
2 
2 
3 
6 
3 
5 
4 
1 1675032272  
4 
5 
1 2123297415  
5 
5 
3 
3 
4 
4 
2 
3 
2 
2 
5 
4 
3 
2 
4 
6 
3 
4 
4 
2 
2 
3 
3 
5 
5 
2 
2 
1 1821284134  
5 
3 
6 
3 
3 
4 
3 
3 
3 
2 
1 1442369966  
1 354677157  
2 
5 
4 
5 
6 
3 
5 
3 
3 
1 979885076  
5 
3 
2 
6 
5 
3 
6 
5 
5 
6 
4 
3 
2 
5 
1 235313126  
4 
3 
5 
4 
4 
6 
3 
3 
4 
6 
2 
2 
3 
5 
5 
6 
4 
5 
5 
3 
6 
3 
5 
4 
2 
2 
3 
3 
1 1797874995  
6 
4 
2 
5 
4 
1 173346144  
4 
1 937629385  
3 
3 
3 
1 421362974  
6 
1 852961864  
6 
5 
5 
5 
2 
6 
5 
4 
4 
6 
1 689546475  
5 
4 
1 1832267832  
5 
1 1745722289  
5 
3 
3 
2 
2 
4 
4 
3 
6 
1 304690345  
5 
2 
1 1494414285  
2 
3 
6 
3 
6 
6 
3 
5 
6 
2 
6 
4 
3 
2 
2 
5 
5 
3 
4 
6 
6 
5 
6 
2 
5 
3 
5 
5 
3 
6 
3 
6 
3 
3 
1 1091299962  
2 
6 
1 556960814  
2 
5 
2 
6 
2 
6 
5 
1 1795544586  
4 
3 
3 
2 
1 2091519108  
2 
6 
6 
4 
5 
5 
3 
6 
6 
4 
5 
3 
4 
1 586095737  
1 46787053  
3 
2 
1 878277270  
1 1558219582  
2 
6 
2 
6 
1 522859833  
2 
5 
2 
5 
5 
1 1018762566  
2 
2 
4 
1 294857779  
1 233649532  
3 
1 862546889  
5 
5 
1 1018067518  
3 
2 
6 
1 1908681804  
5 
4 
5 
5 
4 
3 
3 
1 838360657  
4 
6 
5 
3 
2 
6 
1 691868004  
3 
2 
5 
4 
6 
6 
1 1203568122  
6 
3 
1 1193037814  
3 
1 1671753081  
1 1438881248  
2 
3 
5 
4 
5 
5 
6 
4 
4 
5 
3 
1 843429162  
5 
1 1845099225  
1 229026986  
6 
2 
3 
4 
3 
5 
5 
2 
5 
6 
3 
2 
3 
5 
4 
2 
1 1264792136  
2 
3 
4 
5 
3 
1 550577442  
1 918573461  
2 
6 
1 949576321  
5 
5 
3 
2 
1 148816083  
1 1223263806  
2 
4 
5 
4 
6 
1 296506958  
5 
1 1240116045  
6 
2 
1 1780224621  
5 
1 2092051545  
5 
1 1184151505  
5 
4 
5 
4 
6 
6 
5 
6 
2 
5 
2 
3 
5 
5 
4 
3 
4 
2 
5 
4 
6 
6 
1 218836710  
6 
5 
2 
5 
6 
5 
4 
3 
1 2138838598  
3 
1 2062428776  
4 
6 
3 
6 
1 1777056292  
4 
3 
1 514214783  
2 
6 
6 
5 
2 
3 
3 
6 
2 
1 933707694  
1 2071914071  
1 747864315  
3 
5 
4 
6 
5 
2 
6 
6 
4 
5 
2 
4 
5 
2 
2 
2 
2 
6 
3 
2 
2 
6 
2 
2 
2 
2 
1 1796254584  
5 
5 
5 
3 
4 
6 
2 
3 
1 942497942  
2 
6 
5 
2 
5 
4 
5 
4 
5 
2 
1 509062471  
6 
3 
6 
4 
3 
1 487131593  
3 
4 
5 
6 
5 
6 
3 
5 
3 
3 
1 1634365946  
5 
1 1712630593  
4 
1 1680169407  
6 
5 
3 
3 
1 1158635379  
2 
3 
3 
2 
2 
3 
2 
1 1004028194  
3 
4 
4 
5 
5 
3 
1 376114921  
6 
2 
2 
6 
4 
6 
3 
2 
5 
2 
5 
6 
2 
2 
5 
1 856250957  
2 
2 
6 
1 1233055180  
6 
1 1640907058  
4 
4 
4 
1 1406828399  
3 
1 4144993  
1 442999731  
6 
1 1555644482  
3 
2 
4 
6 
2 
3 
1 1227408799  
6 
5 
4 
3 
6 
4 
6 
6 
2 
6 
6 
3 
1 739506689  
2 
5 
6 
6 
6 
5 
5 
3 
6 
3 
5 
1 648276879  
3 
4 
4 
1 860149772  
6 
6 
1 684074586  
3 
1 1832428385  
6 
2 
1 1078986483  
4 
2 
3 
2 
6 
6 
1 675429536  
4 
3 
5 
1 1747373513  
2 
4 
1 708559127  
4 
4 
6 
1 1189644320  
6 
2 
5 
5 
2 
5 
5 
1 533597559  
4 
5 
3 
2 
2 
5 
2 
2 
3 
1 632989551  
4 
5 
2 
5 
6 
1 1937508635  
3 
2 
2 
1 182368495  
5 
5 
2 
4 
3 
4 
6 
2 
2 
