2 
6 
5 
1 655510021  
2 
3 
1 1122914078  
6 
1 1660732187  
4 
6 
2 
3 
6 
1 189499165  
3 
6 
4 
5 
6 
4 
5 
6 
3 
5 
5 
5 
5 
4 
6 
5 
3 
3 
3 
3 
6 
5 
2 
6 
2 
4 
6 
6 
5 
6 
5 
3 
3 
1 1216612583  
2 
4 
1 508883824  
3 
6 
6 
3 
5 
3 
6 
6 
6 
2 
1 160314525  
4 
6 
2 
5 
1 921285602  
4 
4 
2 
4 
3 
5 
3 
5 
5 
2 
1 1616253994  
1 265824267  
3 
4 
2 
1 1964685445  
1 1397472579  
4 
5 
4 
5 
4 
4 
1 593470118  
5 
2 
1 2097543350  
4 
4 
6 
3 
1 1898474352  
1 250148199  
2 
4 
5 
5 
1 66670783  
1 269502903  
5 
3 
3 
6 
4 
5 
2 
2 
6 
3 
5 
2 
1 2119695654  
4 
3 
1 821721329  
4 
1 1486709547  
5 
1 265341113  
4 
2 
4 
5 
3 
2 
4 
5 
2 
6 
2 
2 
1 1105936335  
5 
3 
3 
2 
2 
5 
1 954165700  
1 1115612950  
3 
2 
6 
3 
3 
6 
3 
6 
3 
1 2033982009  
3 
5 
5 
1 1072759791  
4 
1 2097655370  
3 
4 
5 
5 
5 
2 
2 
4 
1 984454629  
3 
4 
1 1150531887  
4 
5 
5 
2 
4 
2 
1 1458428474  
4 
4 
1 1639964650  
2 
4 
1 125962317  
6 
1 971677014  
4 
5 
3 
6 
5 
3 
6 
3 
5 
4 
6 
5 
2 
2 
2 
4 
6 
5 
5 
6 
2 
3 
1 1829463815  
3 
5 
5 
5 
4 
2 
5 
3 
4 
3 
3 
5 
4 
1 1342574900  
3 
2 
2 
4 
4 
6 
3 
2 
5 
5 
3 
3 
3 
1 1480560838  
2 
1 1989778340  
3 
3 
5 
3 
3 
6 
1 116376854  
3 
5 
1 949331185  
1 108118959  
2 
5 
3 
4 
2 
5 
3 
5 
3 
1 2081062299  
2 
4 
4 
4 
2 
4 
4 
4 
1 199320116  
4 
6 
3 
6 
3 
1 701589077  
2 
4 
2 
6 
2 
6 
4 
6 
4 
4 
1 2031122001  
1 2097794469  
2 
2 
2 
5 
3 
1 951737276  
3 
1 2097792784  
2 
3 
2 
4 
3 
3 
1 219813724  
4 
5 
1 923949282  
6 
4 
3 
4 
2 
1 772030466  
5 
2 
3 
1 1706523271  
1 1189290395  
3 
6 
6 
3 
1 1877966801  
1 513205323  
5 
1 157419698  
1 1764465162  
3 
4 
6 
3 
2 
5 
4 
2 
4 
4 
2 
4 
2 
6 
2 
1 1585965115  
4 
6 
5 
3 
5 
5 
2 
3 
6 
3 
3 
6 
1 107591420  
2 
3 
1 601436143  
1 589013354  
6 
2 
3 
2 
1 1566019894  
6 
4 
2 
2 
6 
3 
6 
4 
5 
1 93917145  
2 
5 
1 714975671  
3 
6 
5 
2 
6 
5 
3 
3 
2 
6 
5 
3 
3 
2 
5 
5 
2 
1 390213260  
2 
4 
2 
4 
1 1923380960  
3 
6 
3 
5 
4 
5 
4 
3 
1 2057550571  
5 
5 
3 
3 
2 
5 
2 
2 
1 1870774099  
4 
6 
1 1765675653  
1 26443777  
1 672621636  
3 
4 
2 
1 1873794612  
6 
1 2107506076  
1 871941752  
5 
6 
4 
4 
1 427900042  
2 
5 
1 1991144429  
2 
1 822252573  
6 
2 
4 
3 
2 
4 
5 
1 1379637318  
1 1941453565  
3 
3 
2 
5 
1 1042066297  
5 
4 
4 
4 
1 156102953  
5 
2 
3 
5 
2 
5 
3 
6 
1 566000383  
2 
3 
4 
4 
3 
2 
3 
6 
5 
3 
6 
2 
4 
5 
6 
3 
6 
5 
2 
3 
6 
6 
4 
5 
4 
2 
6 
4 
1 601105920  
2 
2 
1 1345393348  
5 
5 
5 
3 
1 296483537  
1 1114311244  
6 
5 
5 
3 
4 
6 
6 
2 
1 1502813046  
3 
4 
6 
1 2060948699  
6 
1 552792711  
4 
6 
5 
6 
6 
5 
3 
5 
2 
2 
5 
4 
4 
5 
1 1610404466  
1 514901195  
3 
2 
5 
4 
1 1141806065  
6 
4 
5 
6 
1 1028940713  
1 608818340  
6 
1 1856781736  
2 
2 
1 1419153973  
5 
5 
5 
3 
1 384715653  
5 
6 
6 
6 
1 1766848659  
1 1142444424  
4 
3 
4 
1 2907658  
2 
6 
2 
6 
2 
3 
4 
2 
4 
1 1793292436  
4 
6 
2 
5 
1 1815066060  
1 1876702270  
6 
4 
5 
3 
2 
6 
1 1753314864  
2 
5 
2 
3 
5 
6 
6 
6 
2 
3 
4 
2 
2 
1 539524165  
4 
4 
4 
3 
4 
2 
5 
3 
5 
4 
3 
5 
6 
2 
6 
5 
5 
6 
6 
3 
5 
5 
2 
3 
4 
2 
5 
5 
5 
4 
2 
3 
5 
2 
4 
4 
4 
6 
4 
3 
5 
4 
1 157118664  
5 
4 
1 1596975645  
1 1361776738  
6 
3 
6 
1 1536755983  
1 1390945562  
2 
6 
3 
5 
1 256359388  
1 1692858936  
3 
5 
3 
6 
4 
4 
3 
4 
6 
2 
2 
3 
1 1956945946  
4 
1 857465308  
4 
2 
2 
2 
3 
5 
4 
4 
2 
4 
3 
2 
2 
2 
5 
1 890768636  
1 105945835  
5 
3 
6 
2 
5 
3 
5 
2 
2 
4 
5 
6 
1 1971776552  
4 
6 
5 
4 
3 
1 246098035  
5 
4 
1 19410886  
5 
5 
6 
1 377085615  
4 
2 
3 
3 
4 
5 
3 
1 1856502501  
3 
5 
3 
6 
5 
5 
1 534312081  
5 
5 
6 
3 
2 
1 1518891680  
5 
6 
5 
5 
2 
4 
1 737959566  
5 
1 1143130422  
5 
2 
4 
4 
3 
1 1228189768  
1 9629892  
3 
6 
5 
2 
1 1527846075  
3 
2 
1 847554779  
5 
5 
3 
2 
5 
3 
1 1152074316  
2 
4 
2 
4 
1 1530753733  
5 
3 
2 
6 
6 
6 
4 
4 
2 
2 
4 
1 493363567  
5 
4 
5 
4 
6 
4 
1 819656729  
3 
2 
3 
1 1259972355  
1 99194783  
6 
4 
4 
1 1359180894  
1 1417091020  
6 
6 
2 
2 
3 
5 
2 
2 
6 
6 
6 
4 
6 
3 
2 
2 
4 
6 
3 
2 
5 
2 
5 
4 
3 
5 
5 
1 1696170428  
5 
2 
3 
3 
2 
4 
5 
6 
5 
5 
4 
2 
4 
4 
1 573473984  
3 
3 
6 
2 
3 
3 
5 
5 
4 
3 
2 
4 
4 
3 
6 
5 
6 
2 
6 
4 
3 
6 
1 806363355  
1 939632343  
5 
3 
1 829833372  
2 
2 
6 
5 
3 
1 351738643  
3 
3 
1 749094641  
2 
2 
4 
2 
6 
2 
3 
2 
6 
5 
5 
3 
6 
2 
2 
4 
1 1687298681  
6 
2 
1 1242507279  
2 
4 
2 
6 
3 
6 
2 
5 
6 
3 
6 
5 
6 
2 
5 
3 
5 
1 855040476  
2 
6 
3 
1 1511591585  
3 
6 
6 
2 
4 
1 1488605314  
1 874451362  
5 
1 1888677201  
5 
3 
1 1197624168  
1 1408763444  
3 
1 1260085233  
5 
4 
4 
6 
1 1935583734  
5 
4 
2 
3 
1 404410218  
6 
3 
6 
5 
5 
4 
5 
3 
6 
3 
5 
1 340791354  
6 
5 
5 
2 
2 
4 
1 1945213626  
5 
5 
5 
3 
3 
1 1932256293  
2 
2 
2 
5 
2 
2 
5 
1 1188346133  
3 
5 
3 
1 949804295  
1 1315526378  
1 1681709701  
4 
6 
1 1769461024  
3 
4 
3 
5 
5 
5 
2 
4 
1 428015085  
6 
2 
6 
6 
2 
3 
2 
3 
3 
3 
1 1780904484  
2 
2 
6 
1 981158270  
2 
1 1845106105  
3 
4 
5 
5 
3 
3 
4 
3 
2 
4 
6 
1 1329591265  
2 
3 
2 
3 
1 1554632254  
6 
6 
1 503985812  
4 
2 
6 
5 
1 121739960  
2 
4 
5 
2 
1 236981979  
5 
4 
2 
5 
2 
5 
4 
3 
1 855724455  
2 
5 
6 
5 
6 
6 
2 
5 
5 
3 
5 
2 
3 
6 
3 
4 
6 
1 870834601  
1 1924280660  
4 
1 2098231735  
2 
6 
5 
3 
3 
2 
2 
4 
2 
6 
4 
4 
6 
6 
6 
2 
1 1725875077  
6 
1 1288388597  
5 
3 
1 1439353401  
2 
2 
1 452842791  
3 
1 1029582150  
6 
6 
3 
5 
2 
6 
6 
4 
2 
2 
4 
4 
6 
6 
2 
1 489493921  
2 
3 
6 
1 1861606235  
1 142183736  
5 
5 
5 
6 
1 277594008  
4 
1 118532805  
4 
6 
6 
5 
6 
6 
3 
5 
6 
2 
3 
6 
5 
1 482975090  
4 
1 75323986  
1 2050789098  
1 1671321223  
3 
5 
5 
4 
2 
5 
4 
3 
4 
3 
4 
5 
5 
4 
3 
2 
6 
4 
6 
3 
2 
4 
6 
6 
3 
5 
1 1025128281  
5 
4 
4 
3 
6 
4 
1 1218831828  
4 
4 
6 
6 
3 
5 
5 
4 
3 
5 
2 
2 
6 
3 
4 
4 
3 
6 
6 
2 
3 
2 
4 
3 
6 
4 
5 
5 
1 1205547276  
2 
4 
1 647105657  
6 
5 
2 
5 
3 
3 
1 1646846914  
5 
6 
5 
6 
5 
4 
5 
6 
3 
2 
3 
5 
5 
2 
3 
5 
5 
1 838968113  
6 
1 1628263927  
4 
5 
6 
3 
4 
3 
5 
5 
3 
6 
1 1344469371  
6 
5 
4 
6 
1 21075730  
4 
3 
6 
1 1035412534  
4 
2 
2 
5 
1 1848455184  
4 
4 
6 
1 142815690  
5 
4 
5 
6 
1 1272394513  
5 
2 
1 556695991  
5 
6 
3 
5 
3 
2 
5 
2 
1 1013650291  
6 
5 
5 
3 
4 
6 
3 
3 
2 
1 1049191525  
5 
2 
5 
1 507444078  
3 
2 
3 
3 
4 
4 
2 
1 592041720  
2 
1 190096474  
3 
5 
2 
5 
5 
2 
5 
1 1946797480  
3 
1 1044884511  
2 
1 1219678625  
2 
2 
6 
5 
4 
5 
2 
5 
5 
1 288807753  
1 759007099  
4 
5 
3 
4 
3 
5 
4 
2 
3 
1 1361862361  
4 
1 566401761  
2 
5 
5 
5 
5 
6 
4 
2 
2 
2 
1 877539904  
4 
6 
5 
4 
4 
2 
4 
3 
1 1844837451  
2 
2 
4 
5 
2 
3 
5 
6 
5 
6 
5 
5 
5 
1 641725748  
2 
1 780845355  
4 
4 
4 
6 
2 
1 1368675026  
2 
5 
4 
1 1666854029  
1 1999677183  
4 
4 
5 
6 
2 
6 
3 
2 
3 
4 
5 
1 426738655  
1 166476039  
3 
1 1499040449  
4 
6 
2 
1 1265706768  
4 
5 
4 
2 
6 
2 
3 
6 
3 
5 
3 
2 
5 
6 
3 
6 
4 
5 
4 
6 
5 
3 
4 
5 
3 
1 1794739966  
4 
2 
2 
1 696026173  
3 
2 
1 1286782498  
3 
5 
5 
2 
2 
1 682668852  
3 
5 
3 
4 
6 
6 
4 
5 
5 
5 
4 
1 396997709  
5 
6 
6 
4 
2 
6 
2 
4 
1 1429598188  
3 
6 
3 
5 
4 
6 
5 
3 
5 
3 
2 
4 
2 
2 
5 
3 
5 
6 
6 
6 
3 
3 
4 
1 1955063365  
5 
4 
1 953693700  
6 
1 295764831  
2 
2 
3 
6 
1 856771242  
5 
5 
6 
6 
6 
6 
2 
6 
6 
4 
5 
2 
4 
5 
6 
5 
4 
6 
5 
4 
2 
5 
6 
2 
4 
2 
6 
6 
4 
5 
3 
1 1461137779  
2 
5 
2 
6 
5 
1 887806551  
1 1046867717  
5 
3 
2 
2 
4 
3 
1 1260451611  
5 
4 
4 
5 
2 
2 
3 
5 
6 
2 
2 
5 
3 
2 
3 
6 
1 1932691062  
2 
1 119062694  
5 
4 
2 
2 
3 
6 
2 
6 
4 
2 
3 
4 
6 
6 
3 
6 
1 1549259364  
5 
2 
3 
2 
1 544214513  
2 
1 1480925055  
2 
2 
3 
4 
5 
4 
1 2115661126  
4 
3 
5 
6 
2 
4 
3 
1 1421754418  
4 
5 
5 
3 
4 
2 
2 
5 
2 
1 1178278858  
5 
3 
5 
4 
1 609903226  
3 
4 
3 
6 
4 
4 
5 
5 
5 
4 
4 
4 
5 
1 55116125  
6 
4 
5 
6 
6 
2 
1 399470236  
1 129273607  
4 
6 
3 
5 
1 2054793308  
3 
5 
2 
1 826208891  
1 295749646  
2 
6 
1 1406350110  
2 
6 
4 
2 
6 
2 
3 
1 2091915659  
2 
3 
3 
6 
4 
5 
2 
2 
4 
3 
6 
4 
4 
3 
5 
3 
6 
3 
5 
3 
4 
2 
6 
5 
5 
5 
3 
4 
5 
2 
2 
6 
4 
6 
4 
1 2090489613  
6 
2 
2 
4 
1 2102376283  
4 
6 
5 
4 
4 
3 
1 1231214509  
6 
1 625674817  
5 
5 
4 
4 
1 351890344  
4 
3 
4 
1 513329049  
3 
6 
5 
5 
1 433254535  
6 
2 
6 
6 
5 
6 
4 
6 
3 
5 
3 
2 
3 
5 
5 
4 
2 
6 
2 
6 
4 
3 
6 
6 
6 
5 
1 1305584044  
5 
3 
1 809093880  
5 
6 
1 1290025777  
6 
4 
6 
5 
5 
4 
2 
5 
2 
4 
2 
4 
1 619238175  
3 
3 
3 
4 
3 
5 
2 
1 1696900431  
5 
2 
5 
3 
4 
1 189409846  
2 
3 
4 
4 
3 
1 1879689786  
1 1482107846  
3 
5 
5 
2 
2 
2 
2 
1 308472540  
4 
5 
3 
2 
5 
5 
5 
4 
2 
5 
5 
6 
1 1281465503  
4 
1 2026322359  
3 
2 
6 
4 
4 
1 1789397595  
6 
4 
1 1249642981  
5 
5 
3 
4 
3 
1 1300593129  
2 
5 
3 
2 
4 
2 
5 
3 
6 
4 
1 820192805  
1 1859546207  
5 
2 
4 
5 
5 
4 
6 
3 
6 
5 
6 
1 1355709254  
6 
3 
2 
2 
1 1219663042  
6 
5 
2 
1 1988819814  
3 
1 1263018915  
1 2045871933  
3 
4 
6 
4 
1 137085813  
2 
3 
5 
6 
4 
2 
5 
1 521885377  
4 
6 
6 
6 
6 
1 1990303945  
2 
2 
5 
2 
2 
6 
1 80091778  
5 
3 
2 
1 476778012  
6 
3 
6 
1 1074034806  
2 
2 
1 705766595  
6 
6 
3 
5 
4 
3 
4 
3 
1 828668356  
3 
6 
5 
5 
1 1587363856  
5 
6 
2 
2 
2 
5 
5 
1 1139021130  
1 2134252400  
1 248974088  
6 
1 281563260  
5 
2 
6 
6 
2 
3 
2 
4 
6 
3 
4 
3 
6 
5 
5 
1 606006928  
5 
6 
5 
3 
3 
3 
1 1945874520  
6 
2 
5 
6 
6 
6 
2 
3 
3 
1 470973106  
4 
5 
1 338213066  
2 
4 
6 
5 
1 1280498718  
2 
2 
5 
6 
2 
1 779445647  
1 1619678569  
5 
6 
1 1159337429  
1 421359594  
6 
2 
3 
2 
3 
4 
1 721837902  
6 
2 
6 
3 
5 
3 
5 
4 
2 
2 
3 
2 
3 
1 312446911  
1 1241552400  
1 433900461  
5 
1 1668156165  
5 
2 
3 
5 
6 
4 
5 
4 
3 
3 
5 
1 313731794  
5 
1 275236628  
1 783691432  
4 
1 212120079  
6 
6 
6 
2 
6 
6 
5 
3 
5 
4 
4 
6 
5 
6 
5 
3 
1 412322441  
1 1305576809  
4 
6 
3 
4 
3 
6 
4 
5 
5 
3 
5 
4 
5 
5 
1 54940376  
3 
3 
1 492414219  
4 
2 
6 
6 
3 
5 
4 
4 
2 
6 
3 
3 
2 
4 
1 1782354821  
4 
1 1128975183  
3 
6 
4 
1 1198180814  
2 
1 463539529  
2 
4 
4 
4 
5 
5 
5 
3 
5 
6 
6 
2 
1 568855391  
5 
6 
6 
6 
6 
1 189718297  
5 
4 
5 
6 
3 
2 
4 
2 
6 
1 450308282  
6 
4 
4 
2 
1 817829479  
4 
6 
4 
4 
3 
3 
2 
3 
1 471281557  
6 
1 1056315210  
2 
2 
3 
6 
2 
2 
3 
3 
6 
2 
1 616220351  
3 
1 942254663  
6 
4 
3 
6 
6 
2 
6 
2 
2 
3 
4 
2 
4 
5 
1 1394528276  
5 
4 
5 
4 
5 
2 
2 
1 1896719069  
2 
4 
6 
3 
5 
1 1721700310  
5 
2 
4 
5 
1 866723198  
2 
4 
6 
6 
4 
3 
3 
2 
6 
2 
5 
2 
3 
3 
3 
4 
6 
4 
3 
5 
3 
5 
5 
3 
5 
4 
1 908572851  
5 
3 
6 
3 
1 2143059905  
2 
3 
4 
2 
5 
1 1588561100  
3 
1 1221019762  
5 
6 
3 
3 
3 
3 
6 
3 
2 
4 
6 
3 
2 
2 
1 1237128657  
5 
6 
1 2022461562  
4 
1 741692279  
5 
2 
2 
5 
6 
4 
6 
2 
2 
4 
1 1550860451  
1 150214542  
2 
6 
5 
3 
6 
6 
2 
2 
4 
1 1525383712  
4 
3 
6 
5 
4 
5 
6 
5 
3 
1 1762980530  
2 
5 
4 
4 
1 562536983  
5 
4 
2 
3 
4 
6 
2 
2 
1 683476873  
6 
1 1817920907  
6 
2 
2 
5 
2 
6 
2 
3 
2 
6 
3 
5 
5 
1 1054951202  
3 
2 
2 
1 318348047  
5 
2 
5 
6 
3 
1 799412442  
1 105648368  
6 
3 
1 781887576  
6 
3 
6 
1 1368267833  
5 
1 295366665  
5 
2 
3 
1 1232195858  
1 38613664  
5 
4 
4 
5 
1 766648222  
2 
4 
6 
1 141027420  
5 
1 654834016  
6 
1 1708902886  
1 1535555697  
3 
3 
6 
6 
1 404069437  
2 
6 
3 
2 
2 
3 
4 
3 
6 
6 
1 1283119548  
1 254795247  
2 
1 1312642288  
5 
5 
3 
1 1278695805  
4 
5 
2 
1 1843356347  
2 
1 386178402  
3 
5 
2 
5 
3 
6 
6 
1 368340814  
5 
3 
5 
6 
2 
2 
5 
2 
2 
1 1718334261  
1 1127870682  
4 
6 
2 
1 1919201265  
4 
1 1868548803  
4 
2 
3 
2 
3 
1 505770746  
1 1534698148  
3 
4 
2 
1 283602138  
2 
3 
2 
3 
3 
1 1189247619  
6 
1 1205135407  
6 
5 
4 
5 
4 
2 
1 1338553340  
2 
6 
3 
2 
3 
3 
1 1507595666  
3 
1 2004547849  
6 
4 
1 1444201709  
5 
3 
4 
4 
1 141999595  
5 
5 
5 
1 1225332034  
6 
3 
1 1739568374  
6 
2 
6 
2 
5 
3 
4 
1 1374195453  
5 
2 
6 
1 1263945698  
6 
2 
1 358732949  
4 
5 
1 1515222874  
2 
6 
1 1918779714  
4 
1 2067635835  
4 
2 
6 
1 903294923  
6 
6 
3 
6 
5 
3 
2 
6 
3 
4 
4 
6 
3 
2 
4 
1 175365504  
5 
3 
3 
2 
6 
6 
5 
1 1203271735  
3 
2 
5 
2 
6 
5 
6 
1 1158090170  
6 
4 
2 
3 
1 1488007792  
4 
3 
4 
6 
1 334483893  
6 
6 
2 
4 
3 
2 
3 
1 853962869  
4 
1 1874186195  
5 
1 702824707  
5 
2 
3 
4 
3 
2 
4 
5 
5 
4 
1 424813483  
3 
3 
1 854573229  
5 
6 
6 
1 474542325  
5 
4 
1 145878638  
3 
4 
1 1360343975  
5 
5 
3 
5 
1 2009240473  
1 429480777  
6 
3 
3 
1 402107946  
2 
5 
4 
3 
3 
5 
4 
5 
1 1066892232  
2 
4 
2 
2 
1 1768034117  
4 
1 1909703613  
1 923956433  
2 
4 
1 1064752178  
1 2051703208  
5 
1 1804819  
3 
6 
6 
3 
3 
3 
1 656836905  
6 
3 
5 
2 
4 
6 
3 
2 
6 
3 
3 
3 
2 
5 
5 
6 
5 
1 1278415013  
6 
1 1265750517  
3 
5 
5 
6 
5 
6 
6 
4 
2 
2 
1 1015569854  
2 
3 
6 
1 646154239  
4 
3 
2 
1 1037046584  
5 
6 
6 
1 935722041  
2 
5 
6 
1 1549449162  
3 
6 
4 
4 
4 
1 1212412088  
3 
5 
5 
6 
4 
1 2138993776  
5 
4 
2 
6 
5 
5 
2 
4 
3 
4 
3 
2 
5 
6 
4 
6 
3 
5 
1 560055684  
3 
1 552936232  
4 
6 
3 
1 325994021  
1 1414018554  
1 279638779  
2 
2 
5 
3 
3 
1 1028818729  
6 
4 
4 
2 
2 
6 
2 
3 
2 
2 
5 
3 
6 
2 
3 
2 
2 
2 
5 
3 
2 
1 1838832037  
1 1134212008  
5 
2 
6 
1 1503361054  
3 
3 
6 
3 
6 
1 1984710675  
2 
4 
6 
5 
2 
4 
4 
6 
1 347072335  
6 
1 1365117879  
4 
2 
2 
6 
4 
3 
6 
4 
2 
2 
6 
3 
5 
1 266707804  
6 
5 
1 749180282  
6 
4 
6 
6 
3 
5 
6 
5 
1 284526463  
3 
1 2034741922  
3 
4 
3 
3 
2 
6 
3 
1 511400247  
6 
1 1208482896  
4 
6 
3 
2 
4 
5 
1 952010452  
4 
3 
3 
4 
4 
4 
3 
1 415619807  
5 
6 
3 
1 1210287715  
3 
1 1608847357  
3 
3 
6 
1 1694034820  
3 
5 
6 
5 
3 
1 328554584  
2 
1 476933563  
6 
2 
6 
2 
4 
4 
4 
6 
2 
3 
1 192705412  
4 
1 1365601168  
2 
5 
3 
5 
5 
6 
1 1412655604  
6 
1 1742154574  
6 
6 
3 
3 
4 
3 
1 430529608  
1 1404165733  
1 154726611  
4 
5 
2 
5 
5 
5 
1 983465841  
4 
5 
3 
3 
4 
6 
1 1730159754  
3 
1 1568745165  
5 
4 
3 
2 
5 
2 
1 1263104620  
4 
5 
4 
4 
6 
4 
4 
2 
3 
5 
4 
5 
2 
5 
2 
6 
4 
4 
2 
3 
2 
5 
6 
1 611494835  
4 
2 
6 
6 
5 
3 
6 
2 
5 
2 
4 
4 
3 
2 
3 
1 1260093554  
3 
6 
1 249832981  
4 
6 
1 2114855889  
2 
6 
5 
3 
3 
5 
1 1097320581  
5 
5 
1 596905316  
2 
1 1332490120  
3 
2 
3 
1 1364028386  
2 
3 
6 
4 
4 
6 
5 
4 
6 
1 1346085598  
3 
1 1617016583  
4 
5 
5 
2 
4 
6 
1 1251286660  
6 
3 
4 
6 
2 
1 1857485845  
6 
5 
5 
4 
2 
3 
1 678015831  
2 
5 
2 
4 
5 
3 
2 
4 
4 
5 
1 55813464  
5 
5 
3 
4 
6 
6 
2 
5 
4 
2 
2 
6 
1 125622004  
2 
1 1888303546  
6 
3 
3 
5 
1 1664660822  
2 
5 
3 
4 
4 
5 
5 
2 
5 
3 
1 1819656825  
2 
6 
2 
3 
4 
2 
2 
6 
2 
5 
2 
6 
6 
2 
2 
2 
1 69374483  
3 
2 
4 
6 
6 
5 
6 
1 2141594385  
3 
5 
6 
5 
3 
4 
6 
4 
3 
3 
4 
1 2012362237  
4 
3 
5 
3 
2 
3 
6 
3 
2 
1 1434975651  
6 
6 
6 
6 
2 
5 
3 
5 
1 1406766342  
4 
2 
3 
3 
2 
5 
2 
5 
2 
3 
5 
3 
4 
4 
1 1607033163  
2 
3 
3 
1 1865505260  
3 
1 663448427  
5 
2 
3 
1 1761759774  
4 
1 701487453  
1 246124533  
1 1183021291  
2 
2 
1 1964592073  
3 
3 
1 857619369  
2 
5 
4 
4 
6 
4 
2 
1 295631197  
1 66941406  
6 
5 
1 824991610  
2 
5 
1 1392951779  
5 
2 
3 
3 
2 
6 
1 663846723  
4 
3 
6 
4 
6 
3 
1 9998083  
3 
1 609496517  
2 
1 2009932321  
2 
5 
4 
4 
3 
1 1627014666  
3 
5 
1 1860783177  
1 1719934519  
3 
4 
2 
1 157546850  
2 
4 
2 
6 
3 
1 1916596641  
1 1845556523  
1 2045850396  
5 
1 1433773815  
2 
4 
3 
5 
2 
5 
6 
4 
4 
1 1517729700  
4 
1 2115224879  
2 
4 
2 
2 
4 
6 
4 
2 
3 
1 1427884553  
3 
1 1382608289  
3 
3 
4 
6 
1 1402716883  
6 
1 687167247  
4 
5 
3 
5 
5 
6 
4 
3 
4 
2 
2 
4 
6 
1 842157805  
3 
5 
2 
2 
4 
3 
2 
3 
3 
6 
5 
2 
6 
6 
6 
2 
2 
4 
4 
1 1120738495  
6 
3 
4 
1 1350615674  
4 
6 
2 
1 456433931  
6 
2 
6 
3 
5 
5 
4 
5 
6 
4 
3 
5 
5 
2 
4 
1 1822225948  
2 
4 
3 
4 
5 
2 
5 
6 
3 
3 
3 
4 
2 
3 
1 1596740207  
4 
2 
4 
6 
3 
5 
5 
5 
2 
6 
1 1639455223  
1 1639334373  
2 
1 306875928  
3 
2 
4 
5 
5 
5 
3 
6 
6 
1 1935086420  
5 
5 
6 
3 
2 
3 
3 
4 
1 1706275780  
4 
2 
3 
2 
1 1131867539  
1 1180554551  
4 
6 
1 222638855  
6 
6 
6 
4 
3 
3 
5 
5 
4 
2 
6 
1 1141865622  
3 
3 
6 
2 
5 
1 1790051068  
2 
5 
6 
5 
4 
6 
4 
1 85087528  
5 
1 621396640  
4 
1 1503350597  
1 1805022047  
1 778943490  
1 1272463591  
1 1503094923  
6 
1 677310239  
4 
3 
1 558753758  
4 
1 873340975  
1 645051470  
6 
4 
5 
4 
3 
4 
2 
4 
5 
3 
4 
6 
1 1986638311  
1 108465617  
6 
5 
2 
6 
6 
2 
3 
3 
6 
4 
3 
2 
1 2047768353  
5 
6 
3 
4 
1 526321910  
5 
2 
4 
4 
5 
4 
2 
6 
2 
1 950623422  
2 
1 1021023200  
4 
3 
3 
5 
2 
6 
2 
6 
5 
6 
3 
6 
2 
4 
5 
1 1876937584  
6 
4 
6 
3 
5 
2 
5 
4 
3 
1 1407057353  
2 
6 
5 
1 695765500  
4 
3 
5 
5 
3 
4 
5 
1 1326194144  
3 
4 
2 
6 
4 
4 
6 
3 
5 
2 
3 
2 
2 
2 
2 
2 
6 
6 
6 
2 
3 
4 
3 
5 
4 
2 
3 
3 
5 
3 
6 
2 
5 
6 
1 899028928  
2 
5 
1 187616226  
6 
2 
2 
6 
6 
1 1633070072  
6 
4 
6 
6 
6 
3 
1 686631701  
1 1893892006  
5 
4 
5 
5 
2 
2 
4 
5 
1 617453963  
2 
6 
2 
2 
4 
6 
5 
4 
4 
6 
4 
2 
1 1867186252  
1 2116530861  
1 1759319585  
5 
5 
4 
1 1509753673  
5 
6 
6 
4 
3 
2 
4 
5 
4 
2 
2 
4 
6 
5 
1 54134741  
5 
2 
6 
5 
6 
4 
4 
4 
3 
6 
4 
5 
5 
1 233232578  
3 
1 865620622  
2 
2 
2 
2 
5 
6 
6 
1 1859156789  
2 
4 
3 
5 
4 
6 
1 1012176068  
3 
3 
3 
2 
4 
5 
2 
4 
5 
6 
5 
4 
6 
6 
5 
5 
1 2138084213  
2 
5 
3 
6 
1 1214768064  
5 
1 1689486307  
2 
3 
1 549354324  
3 
1 2088109039  
4 
3 
2 
5 
5 
3 
5 
1 187054130  
3 
5 
6 
2 
3 
6 
6 
6 
3 
1 388508987  
3 
3 
4 
2 
5 
3 
5 
5 
1 49091008  
6 
3 
5 
2 
5 
2 
3 
3 
3 
6 
1 87338835  
1 914830898  
1 999714430  
3 
5 
3 
3 
4 
2 
4 
6 
2 
1 1108362036  
3 
3 
5 
3 
6 
4 
6 
4 
6 
2 
6 
5 
4 
4 
6 
1 644284834  
5 
4 
3 
2 
4 
5 
1 259288136  
3 
1 1804127536  
3 
4 
5 
6 
3 
1 1970478978  
6 
3 
1 1158317064  
2 
1 1991743762  
4 
5 
6 
5 
3 
4 
3 
1 1456065403  
2 
1 1844948765  
3 
2 
4 
5 
4 
2 
4 
1 1738152120  
2 
5 
2 
5 
1 2073519366  
4 
6 
5 
4 
4 
4 
2 
3 
4 
6 
4 
1 1564651370  
3 
5 
4 
1 1707199333  
2 
2 
1 1685355304  
6 
4 
4 
3 
1 926921395  
4 
2 
5 
3 
4 
4 
4 
2 
6 
4 
5 
6 
2 
2 
3 
3 
2 
4 
3 
2 
3 
6 
6 
3 
6 
5 
4 
1 1761334075  
1 1918587882  
4 
3 
3 
6 
3 
6 
3 
3 
2 
2 
4 
2 
3 
2 
5 
4 
2 
3 
6 
2 
4 
2 
5 
4 
2 
2 
3 
3 
1 1792542017  
1 1473007216  
3 
1 783280302  
4 
5 
4 
1 1783142583  
5 
6 
3 
3 
4 
1 540291632  
2 
6 
4 
3 
4 
1 325282962  
1 185013259  
4 
4 
4 
2 
2 
3 
5 
5 
2 
4 
5 
6 
1 480917023  
3 
2 
2 
1 512337092  
2 
2 
2 
4 
3 
2 
5 
5 
3 
3 
4 
1 573522246  
3 
4 
4 
1 530008032  
4 
3 
1 599675927  
5 
3 
2 
4 
5 
2 
6 
1 1488353144  
2 
3 
6 
1 1529722462  
1 1708037963  
5 
4 
3 
2 
5 
3 
4 
5 
4 
5 
5 
1 2132637979  
6 
5 
5 
1 1789010598  
2 
4 
3 
5 
4 
1 1364681852  
3 
2 
4 
2 
5 
3 
5 
3 
5 
6 
3 
6 
5 
4 
4 
4 
3 
6 
3 
3 
3 
6 
6 
6 
1 1955633309  
1 799844015  
1 1208941966  
3 
4 
4 
3 
4 
1 1264215064  
6 
6 
5 
4 
6 
4 
1 497309132  
3 
6 
1 799610439  
5 
5 
2 
6 
1 1190250783  
1 2061960502  
3 
1 359326124  
1 728122439  
1 841398249  
4 
3 
2 
6 
5 
3 
1 2120660199  
4 
5 
6 
4 
4 
2 
4 
4 
4 
2 
3 
4 
6 
1 499226673  
4 
3 
4 
4 
6 
6 
4 
4 
1 486456619  
3 
2 
5 
2 
2 
3 
5 
5 
1 1446183767  
6 
5 
1 1282506975  
3 
2 
1 122115554  
5 
4 
6 
3 
6 
2 
4 
6 
3 
1 1986475399  
6 
4 
6 
6 
1 1607789937  
4 
4 
3 
4 
1 307128813  
6 
1 319908775  
1 2120127029  
6 
3 
6 
5 
1 880651059  
3 
3 
5 
2 
3 
5 
1 849916807  
1 572319309  
1 221520556  
4 
3 
2 
4 
6 
6 
3 
1 232155621  
1 132873624  
2 
5 
2 
4 
6 
3 
5 
3 
4 
1 206674887  
3 
5 
3 
4 
6 
2 
2 
5 
6 
1 2021166220  
3 
5 
3 
4 
4 
6 
2 
4 
3 
5 
6 
5 
1 1497555476  
4 
2 
4 
5 
5 
3 
5 
1 14824548  
1 673526587  
2 
6 
1 559013795  
2 
5 
6 
1 1279039613  
5 
5 
2 
1 1170835719  
2 
4 
3 
1 1358624234  
2 
3 
5 
5 
1 321806748  
3 
4 
4 
1 1085312574  
5 
4 
3 
6 
6 
5 
5 
1 1717950358  
4 
4 
5 
2 
2 
4 
1 1049929187  
1 1926710823  
5 
6 
2 
2 
1 1691126910  
1 1549155860  
3 
2 
3 
4 
4 
2 
6 
1 265683794  
2 
5 
2 
1 989827029  
5 
3 
5 
2 
6 
3 
6 
3 
2 
4 
3 
6 
1 684179187  
1 387799348  
5 
4 
6 
4 
2 
3 
3 
4 
5 
2 
1 828818781  
4 
3 
5 
2 
4 
6 
4 
6 
4 
6 
5 
4 
3 
2 
5 
3 
6 
5 
6 
2 
4 
5 
5 
1 144485477  
1 694928161  
3 
5 
1 1148727556  
4 
4 
3 
6 
4 
3 
3 
6 
1 117128858  
5 
4 
3 
2 
2 
6 
6 
2 
4 
3 
5 
2 
6 
2 
3 
6 
4 
1 1575579221  
5 
3 
5 
2 
2 
3 
6 
4 
6 
4 
1 1998644363  
2 
4 
3 
6 
6 
1 689448167  
5 
3 
6 
2 
5 
3 
2 
2 
1 1797099777  
5 
5 
2 
4 
4 
3 
2 
1 83316336  
3 
6 
4 
2 
2 
3 
4 
6 
6 
4 
2 
3 
1 822321792  
6 
3 
5 
2 
2 
2 
3 
3 
6 
1 2003774664  
4 
1 2104482556  
1 172393620  
6 
5 
4 
6 
1 2018599212  
4 
2 
5 
1 630525495  
6 
3 
2 
2 
4 
2 
3 
1 731407415  
5 
1 1150155177  
3 
1 1801361215  
2 
2 
2 
5 
3 
5 
3 
6 
1 2090031649  
2 
6 
3 
6 
1 1471961925  
5 
5 
1 739190141  
2 
3 
5 
6 
3 
3 
6 
1 1660498360  
6 
6 
4 
1 374407464  
4 
4 
2 
1 518417316  
3 
5 
1 1204141622  
6 
3 
1 1923563324  
6 
3 
6 
2 
3 
3 
2 
6 
6 
6 
6 
3 
3 
3 
4 
2 
1 784101111  
2 
2 
3 
4 
1 46485003  
2 
3 
3 
2 
2 
3 
1 460258864  
2 
3 
5 
2 
5 
6 
3 
6 
4 
4 
6 
6 
1 1171900459  
5 
2 
6 
1 875303784  
2 
6 
1 604744341  
1 1866828621  
1 2024031340  
6 
3 
3 
3 
3 
3 
2 
5 
4 
6 
1 721873199  
5 
2 
6 
3 
3 
3 
5 
3 
1 1294924194  
1 1875192055  
4 
6 
3 
5 
4 
6 
6 
1 1411321367  
1 944540323  
1 1958508392  
1 86159511  
5 
6 
6 
1 800831339  
1 1915507300  
3 
6 
1 258553131  
6 
1 671946903  
1 398549148  
5 
5 
2 
2 
1 989960547  
3 
2 
5 
2 
3 
2 
6 
6 
3 
3 
5 
2 
2 
5 
6 
4 
1 1822102081  
6 
6 
5 
5 
6 
3 
6 
6 
6 
3 
2 
1 52426715  
3 
5 
6 
6 
3 
3 
5 
5 
2 
5 
3 
5 
4 
3 
4 
6 
2 
2 
4 
4 
5 
1 932508548  
4 
3 
4 
5 
4 
3 
5 
1 1146580358  
6 
2 
1 791616856  
6 
3 
2 
1 445523260  
1 1520987823  
1 1310034172  
6 
6 
6 
2 
5 
4 
6 
6 
2 
1 1649664882  
6 
1 1297067499  
6 
1 2094135283  
3 
6 
1 1696149886  
5 
4 
5 
1 1757326363  
2 
6 
4 
3 
1 1118552095  
2 
5 
1 423970022  
5 
1 214587056  
2 
1 837897068  
4 
3 
3 
6 
3 
4 
3 
5 
1 300517715  
6 
4 
6 
6 
6 
4 
3 
5 
1 936460256  
5 
4 
3 
6 
3 
1 2132821262  
1 28226122  
6 
1 200297975  
3 
5 
5 
1 929877937  
6 
2 
6 
2 
5 
1 1986734514  
5 
6 
6 
4 
4 
1 286457486  
5 
5 
3 
5 
1 1730709276  
1 1754758167  
6 
3 
2 
3 
2 
2 
2 
5 
6 
5 
4 
4 
2 
2 
4 
2 
1 545010617  
3 
1 255172531  
5 
4 
1 5823667  
2 
2 
4 
2 
5 
3 
3 
5 
5 
1 1534971164  
1 2077274612  
1 58250382  
6 
2 
6 
4 
1 319996065  
3 
3 
4 
4 
3 
5 
5 
5 
2 
5 
4 
5 
5 
6 
1 1076371323  
1 849867238  
4 
6 
3 
6 
6 
3 
6 
5 
2 
4 
4 
5 
1 765519325  
5 
6 
1 449875498  
5 
5 
5 
6 
4 
4 
1 12417762  
3 
2 
4 
1 267700560  
4 
1 1746942997  
4 
1 2106553046  
1 1963850446  
5 
2 
6 
3 
4 
1 1356785713  
1 1077621493  
5 
1 240336820  
6 
6 
4 
2 
5 
5 
4 
4 
5 
5 
1 1571372769  
3 
4 
3 
1 1915518561  
6 
1 540854535  
3 
2 
4 
1 360349377  
5 
4 
3 
3 
2 
4 
3 
1 1900856175  
1 569080658  
1 560647352  
4 
2 
6 
1 683250464  
4 
4 
6 
4 
4 
5 
4 
2 
3 
5 
3 
1 408331524  
2 
1 847104838  
4 
3 
3 
4 
1 266476092  
4 
6 
3 
2 
4 
4 
6 
3 
4 
1 15606043  
5 
3 
2 
3 
2 
1 1392115456  
2 
5 
2 
2 
1 521648623  
1 21429710  
3 
5 
3 
6 
4 
2 
2 
3 
5 
4 
5 
5 
4 
4 
4 
4 
4 
1 779602972  
1 451439588  
1 79680092  
3 
2 
2 
4 
2 
4 
4 
5 
2 
2 
3 
3 
1 1099599037  
4 
6 
6 
1 1527810911  
3 
3 
5 
3 
5 
5 
6 
1 929547330  
3 
4 
2 
4 
1 1865118363  
4 
3 
4 
1 1977686409  
2 
2 
4 
1 941965093  
1 2132818923  
1 1577145758  
5 
6 
6 
6 
5 
2 
2 
3 
6 
4 
5 
5 
3 
5 
5 
1 901034491  
6 
4 
5 
4 
2 
5 
6 
6 
2 
2 
3 
3 
2 
6 
6 
5 
2 
4 
4 
5 
6 
4 
2 
5 
5 
2 
1 1949185721  
4 
4 
6 
2 
6 
3 
5 
2 
2 
5 
4 
5 
1 786447823  
3 
4 
1 1978655984  
3 
2 
2 
2 
1 42038893  
1 210336945  
5 
1 1746690897  
3 
1 582893429  
6 
3 
2 
1 570686322  
6 
2 
3 
3 
2 
6 
6 
1 1500063424  
3 
6 
5 
6 
4 
2 
2 
3 
6 
1 1151974087  
4 
2 
2 
2 
3 
1 1131333675  
3 
5 
2 
5 
4 
4 
5 
3 
5 
3 
6 
4 
5 
3 
4 
4 
1 35830240  
4 
1 1560305611  
2 
6 
4 
6 
1 1978438513  
1 302306332  
4 
1 1575911655  
4 
1 1223070321  
4 
6 
4 
5 
2 
5 
5 
5 
6 
4 
5 
1 823954955  
3 
3 
6 
3 
3 
6 
5 
1 1597341365  
1 2002673294  
4 
1 1275394543  
4 
4 
1 1677021458  
5 
6 
3 
3 
4 
4 
4 
6 
3 
6 
2 
3 
1 954788683  
6 
6 
1 655721806  
1 459085140  
2 
1 672423398  
5 
5 
3 
1 485924567  
1 1401050233  
4 
3 
5 
2 
6 
3 
1 657758673  
2 
3 
2 
4 
1 2063070326  
3 
6 
4 
5 
4 
5 
3 
4 
3 
6 
1 154601076  
5 
1 459460746  
5 
3 
3 
2 
5 
2 
5 
1 702034501  
3 
1 2133257060  
3 
4 
6 
5 
3 
4 
4 
4 
5 
4 
4 
4 
6 
5 
3 
1 501499640  
3 
1 912371446  
6 
1 1732464309  
5 
1 1084393069  
5 
1 1483057769  
6 
5 
4 
4 
6 
6 
3 
2 
4 
4 
1 1085044085  
1 88883508  
5 
6 
5 
3 
4 
4 
6 
5 
1 466907796  
3 
6 
2 
3 
1 1120874325  
5 
2 
2 
5 
6 
2 
1 1649189119  
2 
5 
2 
5 
5 
1 297862661  
1 1423180657  
2 
5 
3 
4 
4 
5 
6 
5 
6 
5 
4 
2 
3 
1 1077617126  
2 
1 1520932983  
6 
2 
1 99651965  
4 
1 527474844  
1 1376122629  
1 1375046508  
2 
5 
6 
3 
6 
3 
3 
1 57012654  
2 
6 
5 
1 183427664  
1 2030768315  
2 
5 
2 
4 
2 
6 
2 
1 516097794  
4 
5 
1 855851063  
4 
3 
6 
2 
6 
5 
3 
5 
2 
4 
2 
5 
1 369209234  
5 
6 
2 
3 
2 
5 
2 
4 
4 
6 
4 
3 
2 
3 
5 
5 
4 
5 
3 
2 
4 
6 
5 
1 1917148028  
1 1513609736  
5 
3 
4 
1 284795912  
4 
1 2071749104  
2 
2 
2 
2 
4 
2 
3 
6 
2 
4 
4 
3 
4 
2 
3 
2 
4 
5 
3 
3 
6 
2 
6 
5 
6 
5 
3 
2 
4 
1 1973070483  
4 
3 
1 986830414  
5 
5 
5 
3 
3 
4 
1 2057522517  
3 
6 
1 327086475  
4 
3 
2 
3 
4 
4 
6 
6 
5 
3 
4 
5 
4 
2 
6 
3 
4 
3 
5 
6 
4 
1 1899201860  
3 
6 
3 
3 
5 
6 
5 
2 
5 
4 
3 
3 
5 
6 
5 
3 
1 1642503178  
5 
5 
5 
1 1411479544  
6 
1 1234775981  
3 
5 
1 580063616  
2 
5 
4 
3 
5 
6 
2 
1 1500363052  
5 
4 
4 
1 1701683777  
3 
4 
2 
3 
6 
5 
1 1700937941  
6 
6 
6 
2 
5 
2 
4 
3 
1 1002068523  
5 
1 1999546439  
5 
3 
6 
3 
6 
3 
5 
3 
6 
4 
6 
5 
6 
2 
1 976634951  
4 
5 
6 
6 
5 
3 
6 
5 
4 
5 
1 2079685650  
4 
5 
1 1372995774  
1 1076286916  
3 
4 
3 
6 
1 459676846  
3 
1 601634755  
1 303849776  
6 
3 
2 
2 
6 
6 
2 
4 
4 
2 
5 
2 
4 
3 
2 
2 
3 
2 
4 
1 516689500  
4 
4 
4 
3 
2 
5 
2 
6 
2 
4 
5 
3 
4 
5 
6 
1 785062419  
6 
6 
4 
6 
1 187134443  
2 
6 
1 1032787294  
4 
6 
5 
4 
5 
5 
6 
4 
3 
5 
2 
4 
5 
6 
2 
5 
2 
4 
5 
3 
6 
3 
5 
5 
2 
6 
6 
1 1640913482  
1 556343678  
5 
4 
2 
2 
5 
6 
5 
5 
5 
3 
1 802451674  
4 
6 
1 1007039571  
2 
2 
2 
2 
6 
1 841139590  
4 
4 
5 
5 
3 
3 
3 
1 726717131  
6 
2 
4 
2 
3 
5 
4 
2 
1 832626406  
4 
2 
4 
4 
5 
2 
1 1827970004  
3 
4 
2 
4 
1 636756000  
1 1159712881  
1 1579688217  
2 
4 
6 
2 
3 
2 
1 131775530  
2 
3 
5 
4 
4 
6 
1 423708777  
2 
4 
1 666980550  
4 
3 
3 
2 
1 711839146  
4 
2 
4 
3 
2 
4 
6 
2 
2 
3 
6 
1 1924071829  
4 
5 
2 
3 
1 221180680  
3 
1 265293440  
1 778656704  
5 
5 
5 
6 
4 
3 
5 
4 
5 
2 
3 
5 
2 
4 
4 
1 73243471  
6 
5 
3 
1 1241928391  
3 
5 
1 710858706  
6 
3 
4 
1 1446239245  
3 
3 
2 
2 
1 170731659  
5 
3 
2 
2 
2 
4 
6 
5 
5 
5 
4 
6 
5 
5 
4 
1 1170535552  
1 2047874000  
2 
2 
5 
2 
2 
5 
6 
1 474581435  
2 
6 
3 
5 
6 
4 
5 
1 1687225052  
4 
6 
2 
1 685452771  
1 661715879  
5 
4 
2 
4 
5 
6 
5 
6 
1 572528699  
2 
1 178882606  
6 
2 
2 
3 
5 
1 1218059557  
3 
6 
1 1374980373  
1 1185922177  
2 
3 
1 2059199147  
1 2101697504  
6 
4 
3 
3 
5 
2 
5 
2 
5 
6 
1 2018548583  
2 
1 1739685504  
4 
2 
2 
1 590969856  
1 1030777816  
1 1171890073  
2 
5 
2 
3 
1 722745387  
3 
1 1454486593  
2 
4 
1 1838870623  
6 
1 1434584533  
2 
1 1231074774  
3 
2 
5 
1 2060051303  
3 
2 
3 
6 
5 
4 
1 1699877973  
1 2009731478  
4 
3 
3 
2 
5 
6 
4 
5 
5 
6 
4 
2 
6 
3 
1 2133294774  
3 
6 
2 
2 
4 
5 
4 
4 
2 
6 
5 
5 
2 
6 
4 
4 
4 
3 
3 
2 
1 794322716  
3 
1 573106537  
3 
1 1432050371  
6 
5 
2 
3 
2 
3 
4 
6 
1 965054375  
5 
4 
4 
3 
4 
4 
3 
1 1743642089  
5 
2 
5 
5 
5 
3 
1 1332440723  
2 
1 1439635811  
2 
6 
5 
1 1283383494  
5 
4 
4 
6 
4 
4 
2 
3 
1 2017893495  
1 2101351690  
5 
4 
3 
6 
1 1855912193  
2 
1 49292453  
6 
5 
6 
3 
2 
3 
4 
5 
1 1171927599  
3 
1 1083408918  
5 
2 
3 
3 
2 
5 
1 1235214630  
5 
1 1083643098  
2 
6 
2 
4 
6 
1 1037622775  
3 
5 
2 
5 
4 
6 
4 
3 
1 1106279565  
5 
2 
5 
5 
2 
2 
4 
6 
4 
5 
4 
5 
4 
3 
5 
1 675844954  
3 
2 
6 
3 
2 
5 
4 
4 
3 
5 
4 
1 1628592631  
4 
4 
1 2137057381  
2 
4 
1 1847735027  
5 
1 203854370  
3 
1 1444060326  
2 
4 
2 
5 
3 
3 
6 
4 
4 
2 
3 
1 1539122003  
3 
4 
6 
6 
4 
1 1638438904  
3 
6 
2 
5 
1 527651452  
1 1451689658  
5 
3 
4 
5 
4 
1 1190833229  
2 
4 
2 
5 
3 
1 389899282  
1 1437500785  
4 
5 
6 
5 
3 
3 
6 
6 
5 
4 
1 1985155946  
1 963005819  
6 
4 
4 
5 
5 
4 
5 
4 
1 722067508  
1 802726673  
2 
1 559164261  
6 
5 
4 
1 2054508232  
2 
5 
1 94878836  
2 
2 
3 
3 
6 
6 
2 
5 
3 
2 
4 
1 1842547755  
3 
6 
5 
2 
5 
5 
5 
4 
4 
6 
5 
4 
5 
2 
2 
6 
3 
4 
5 
6 
1 1924918079  
6 
6 
3 
5 
3 
4 
3 
2 
1 48746878  
5 
5 
2 
2 
1 1550976300  
5 
1 1974210532  
1 1220674477  
2 
2 
6 
1 486901570  
4 
5 
2 
6 
3 
6 
2 
1 1061941514  
3 
2 
4 
4 
5 
5 
2 
2 
3 
1 156833928  
2 
3 
1 1524524345  
4 
3 
2 
3 
6 
4 
2 
3 
4 
4 
4 
5 
5 
3 
2 
4 
2 
1 20737431  
1 832678882  
2 
3 
5 
3 
3 
3 
6 
2 
6 
5 
3 
5 
1 1005633329  
4 
5 
1 10311164  
6 
4 
3 
3 
6 
1 532930262  
1 1209487699  
5 
6 
1 1454371490  
5 
4 
5 
5 
6 
6 
2 
6 
4 
6 
5 
6 
2 
6 
1 2072052265  
3 
2 
6 
4 
1 700442955  
5 
3 
3 
2 
1 1982022942  
1 1376258275  
6 
6 
3 
6 
3 
6 
4 
2 
3 
5 
5 
6 
3 
1 1891276185  
3 
6 
5 
3 
5 
2 
4 
4 
5 
3 
4 
1 224438576  
6 
1 666275412  
4 
3 
3 
6 
2 
3 
4 
5 
5 
4 
6 
4 
2 
5 
1 1728948483  
5 
2 
4 
1 1187444396  
5 
2 
3 
5 
2 
3 
1 1388342921  
4 
4 
4 
1 384191508  
4 
2 
2 
2 
5 
4 
1 1746608657  
3 
3 
1 1295367505  
4 
6 
6 
2 
1 479070345  
1 1441672764  
5 
5 
6 
2 
3 
1 1072801936  
5 
4 
3 
2 
1 527817223  
1 845165416  
1 899528820  
3 
6 
4 
5 
3 
5 
6 
4 
1 1748491701  
5 
6 
5 
3 
6 
5 
6 
4 
3 
4 
5 
3 
5 
5 
5 
6 
1 1332066986  
2 
4 
2 
1 1961470334  
3 
6 
3 
4 
1 1905325629  
6 
4 
4 
2 
1 709107684  
5 
4 
2 
3 
6 
2 
6 
1 1982207765  
3 
5 
1 590520863  
2 
4 
4 
1 1714741013  
2 
6 
4 
3 
3 
3 
6 
3 
5 
3 
5 
3 
4 
5 
1 1992518929  
6 
4 
4 
5 
2 
1 1123451125  
1 776745064  
3 
5 
4 
2 
1 1299406771  
6 
1 1048019742  
4 
5 
3 
1 1477188020  
2 
5 
3 
5 
2 
1 1133946065  
6 
6 
6 
1 276794370  
6 
4 
1 1220980557  
2 
6 
6 
4 
2 
6 
1 1358384641  
1 943069782  
6 
6 
4 
5 
5 
5 
2 
4 
5 
5 
2 
3 
4 
4 
3 
4 
6 
6 
6 
2 
2 
6 
5 
2 
2 
2 
4 
5 
6 
2 
6 
1 802445392  
2 
3 
6 
5 
2 
2 
1 398345389  
4 
3 
1 183929055  
6 
1 1186636900  
2 
5 
2 
2 
5 
2 
6 
4 
3 
6 
4 
6 
5 
2 
6 
2 
2 
2 
1 2144954046  
5 
2 
5 
3 
3 
6 
6 
5 
4 
3 
4 
5 
2 
6 
1 1479296560  
3 
3 
6 
3 
5 
4 
1 1665707245  
3 
2 
3 
3 
5 
5 
4 
2 
3 
1 1439143162  
5 
5 
1 404614848  
6 
5 
2 
5 
5 
3 
4 
5 
3 
5 
6 
4 
3 
4 
5 
1 46040821  
2 
6 
6 
5 
1 136824930  
5 
2 
2 
1 1304143668  
5 
3 
5 
4 
4 
1 1794532522  
2 
3 
5 
5 
6 
2 
5 
3 
4 
3 
2 
2 
4 
5 
4 
5 
2 
2 
4 
3 
2 
2 
4 
2 
5 
6 
4 
5 
4 
3 
2 
6 
6 
5 
4 
5 
5 
1 1468891917  
5 
3 
6 
2 
5 
6 
5 
6 
4 
2 
4 
6 
4 
1 1118130354  
1 1552374503  
4 
1 30515953  
1 952854471  
1 2142895366  
3 
2 
3 
1 1745256966  
5 
2 
2 
1 797889752  
6 
6 
4 
6 
2 
1 1118862844  
2 
5 
2 
4 
5 
6 
5 
1 374518382  
3 
6 
1 2097296523  
1 19398938  
3 
5 
5 
5 
6 
1 1851706402  
1 1083758940  
3 
4 
4 
6 
4 
1 296193308  
3 
5 
1 925203311  
6 
2 
2 
2 
1 294659934  
5 
1 1239263091  
3 
4 
2 
5 
5 
2 
5 
2 
3 
6 
5 
1 1727648703  
6 
3 
6 
1 693005323  
6 
4 
2 
2 
4 
3 
5 
1 1423192146  
3 
6 
1 766801956  
4 
2 
6 
4 
4 
4 
6 
3 
1 690475722  
2 
2 
6 
3 
3 
2 
3 
6 
4 
1 755005059  
3 
1 285025553  
3 
4 
1 2129618884  
6 
6 
3 
5 
4 
3 
2 
1 1159619907  
6 
4 
2 
5 
4 
5 
4 
4 
3 
5 
5 
1 331066374  
1 118960167  
1 316279928  
6 
5 
4 
5 
4 
4 
6 
1 2125598896  
1 1587852084  
5 
6 
3 
6 
1 1434410282  
4 
1 1530489751  
5 
3 
3 
3 
2 
4 
1 1618368037  
3 
3 
3 
1 239781106  
1 1525901470  
1 1216141355  
6 
2 
2 
2 
5 
4 
1 1037670858  
3 
4 
5 
4 
6 
6 
1 497280666  
5 
3 
5 
6 
3 
5 
4 
2 
4 
1 1590659737  
6 
1 987483734  
2 
6 
5 
6 
4 
1 516679604  
6 
3 
6 
4 
3 
3 
6 
2 
4 
4 
5 
5 
3 
2 
1 1294882492  
4 
3 
6 
4 
5 
6 
6 
6 
5 
3 
3 
1 2071242674  
2 
5 
3 
3 
2 
2 
2 
6 
3 
5 
4 
6 
6 
4 
1 812872913  
4 
1 72602155  
6 
4 
3 
4 
1 218418960  
4 
2 
3 
5 
3 
3 
6 
6 
3 
2 
5 
4 
6 
5 
1 2052136004  
2 
4 
2 
6 
3 
3 
6 
3 
5 
6 
6 
4 
4 
3 
3 
2 
6 
6 
5 
5 
5 
2 
6 
6 
2 
5 
2 
5 
2 
2 
5 
5 
1 1800250859  
3 
5 
2 
5 
6 
6 
3 
5 
4 
3 
1 911424284  
4 
1 1327844502  
4 
2 
1 419569167  
3 
1 1601900006  
1 2082849561  
5 
3 
3 
1 704594720  
2 
4 
6 
4 
6 
1 1584035242  
5 
2 
5 
3 
4 
4 
2 
5 
3 
5 
5 
1 1094985821  
3 
3 
2 
2 
4 
2 
4 
3 
1 1035661095  
5 
2 
5 
3 
4 
5 
1 1702995409  
4 
4 
5 
6 
5 
3 
4 
1 1411265749  
1 1013776343  
6 
3 
6 
3 
1 1143363845  
2 
2 
2 
3 
5 
1 698192383  
2 
2 
3 
6 
4 
6 
5 
3 
1 396782447  
5 
6 
1 614248234  
2 
5 
5 
3 
3 
4 
5 
2 
2 
6 
6 
1 937973489  
2 
3 
4 
4 
5 
3 
4 
4 
3 
6 
4 
5 
3 
1 1922683917  
3 
1 1830389589  
5 
5 
4 
3 
1 1975644348  
6 
4 
5 
6 
2 
3 
6 
5 
2 
2 
3 
5 
2 
2 
3 
5 
1 272480935  
2 
6 
6 
6 
2 
1 1273565679  
6 
2 
2 
1 815644434  
5 
3 
6 
3 
4 
1 789160539  
2 
4 
4 
2 
2 
6 
5 
4 
3 
5 
4 
1 420964523  
4 
1 739403460  
6 
6 
5 
2 
3 
1 1602033452  
2 
1 493566678  
5 
6 
6 
4 
6 
4 
3 
1 957822421  
2 
6 
3 
3 
1 1506685808  
2 
4 
4 
1 146333889  
1 1869246705  
3 
6 
2 
3 
4 
6 
1 687046663  
1 565903056  
6 
6 
1 1323663063  
4 
3 
1 622412576  
2 
5 
3 
5 
6 
5 
1 1270497777  
4 
5 
5 
2 
3 
6 
6 
1 760214657  
3 
1 1717398397  
1 158675224  
2 
2 
5 
5 
6 
6 
2 
1 315726419  
2 
4 
1 981180498  
1 1172451567  
6 
4 
6 
3 
4 
3 
1 1459090264  
1 1679372882  
4 
4 
4 
3 
3 
5 
1 1569234014  
6 
2 
1 2073338499  
1 469862723  
6 
3 
6 
1 1344434283  
2 
3 
4 
1 1756244440  
2 
6 
3 
1 298023423  
3 
2 
5 
1 1616915218  
1 882326471  
6 
4 
1 1113667857  
3 
2 
4 
4 
2 
3 
6 
4 
2 
5 
4 
5 
5 
4 
3 
6 
1 258592110  
1 1303290994  
5 
5 
2 
4 
6 
6 
4 
4 
3 
6 
1 1853071318  
1 1860625562  
5 
3 
2 
3 
3 
1 1796857673  
1 663410091  
3 
1 1219827723  
4 
3 
2 
6 
5 
6 
4 
4 
4 
3 
2 
3 
1 1943191562  
5 
4 
2 
3 
5 
4 
2 
2 
2 
4 
2 
6 
6 
1 385173148  
5 
6 
4 
3 
4 
6 
1 1906874386  
6 
4 
1 361610971  
6 
6 
1 1708836211  
2 
6 
5 
2 
2 
3 
5 
5 
5 
1 381803314  
2 
4 
5 
1 1632108748  
5 
3 
3 
6 
6 
3 
6 
3 
2 
5 
6 
2 
6 
1 321567220  
2 
2 
4 
3 
4 
1 2099201712  
1 1790783972  
5 
2 
4 
5 
1 637293639  
1 932898562  
5 
2 
2 
5 
4 
3 
6 
6 
4 
4 
5 
1 815751891  
5 
4 
2 
3 
6 
2 
4 
4 
4 
6 
1 2096383904  
1 464787796  
2 
6 
6 
1 237502258  
5 
5 
6 
3 
6 
1 2022238755  
1 934650520  
4 
5 
2 
3 
5 
3 
4 
1 1581936541  
3 
5 
4 
6 
3 
1 1630999547  
6 
6 
6 
2 
6 
6 
5 
6 
6 
2 
6 
4 
1 1232673943  
3 
6 
3 
5 
6 
3 
4 
5 
4 
3 
5 
1 1051368112  
5 
3 
2 
5 
1 365842371  
4 
4 
1 198858153  
5 
2 
1 1309960222  
3 
1 1669133365  
5 
5 
1 2051929471  
5 
2 
6 
6 
2 
6 
1 1023102136  
3 
2 
1 1318507390  
3 
6 
6 
4 
5 
2 
6 
5 
5 
4 
3 
6 
3 
1 567855914  
4 
1 95446211  
4 
1 1114215305  
6 
4 
3 
6 
3 
5 
2 
4 
5 
1 953029062  
5 
4 
1 2002320597  
2 
2 
6 
6 
5 
2 
1 1475826276  
4 
2 
6 
6 
2 
6 
4 
5 
6 
1 514381625  
5 
5 
4 
6 
5 
4 
3 
5 
3 
6 
3 
2 
4 
5 
4 
1 236640264  
1 960451376  
1 835948845  
6 
4 
4 
2 
4 
2 
5 
5 
6 
5 
1 188358328  
6 
5 
1 603751700  
5 
4 
6 
4 
6 
5 
1 1473242485  
3 
2 
2 
6 
4 
4 
6 
5 
4 
1 1121256890  
1 1419503591  
6 
6 
4 
5 
1 1422142741  
3 
1 1586044687  
2 
1 1657005849  
6 
5 
5 
5 
6 
1 1296897848  
1 373211559  
3 
1 1091458743  
1 780413747  
5 
6 
2 
6 
1 1605885502  
2 
2 
6 
6 
4 
4 
5 
1 2142826855  
2 
6 
4 
5 
2 
1 1146256118  
3 
1 1804743655  
3 
4 
3 
3 
2 
5 
2 
5 
6 
2 
6 
3 
4 
2 
2 
2 
1 1305303429  
2 
3 
2 
5 
1 667905836  
5 
6 
4 
1 1709189478  
2 
1 180921917  
5 
1 1986413226  
5 
5 
2 
4 
1 129561744  
4 
5 
5 
5 
2 
1 276368129  
2 
6 
1 953144883  
2 
2 
6 
6 
6 
6 
1 1082590806  
4 
6 
4 
1 131205078  
1 281487511  
1 1596972431  
2 
2 
6 
5 
5 
5 
6 
6 
1 367845342  
5 
1 1241938887  
2 
2 
3 
1 285437629  
4 
1 556203670  
6 
5 
4 
4 
5 
1 1845690587  
1 1758680114  
5 
6 
2 
4 
2 
2 
3 
2 
6 
2 
6 
5 
6 
6 
1 1677460561  
1 1117710531  
4 
2 
6 
1 1033339207  
2 
5 
1 1116021600  
6 
6 
2 
6 
6 
3 
1 627232732  
5 
3 
3 
5 
1 182753407  
6 
3 
2 
5 
4 
6 
2 
5 
3 
2 
5 
2 
5 
6 
4 
4 
4 
3 
2 
3 
1 1489233159  
1 1718691475  
4 
1 963167154  
5 
3 
5 
2 
1 947635013  
1 1714034682  
6 
6 
5 
3 
1 2109423273  
6 
2 
3 
6 
5 
4 
1 604895021  
4 
2 
6 
5 
6 
4 
6 
3 
2 
2 
3 
1 871854463  
1 629845461  
6 
1 166600851  
3 
1 1052776381  
2 
6 
3 
2 
1 468775039  
4 
3 
6 
1 296162596  
6 
4 
3 
3 
2 
2 
2 
1 1329144510  
6 
3 
3 
4 
4 
2 
6 
4 
6 
1 1421919923  
5 
2 
1 1378753402  
5 
1 1460349588  
3 
6 
6 
4 
4 
3 
3 
6 
2 
4 
3 
1 1703407434  
6 
1 828242186  
2 
6 
1 1828194931  
1 797862674  
2 
1 1113679815  
3 
2 
2 
2 
1 236914953  
4 
3 
4 
1 496069613  
3 
4 
2 
1 724876281  
6 
5 
1 1914375514  
3 
1 1613780144  
4 
5 
2 
4 
5 
2 
3 
4 
2 
3 
3 
1 1758215488  
5 
6 
6 
5 
6 
6 
4 
3 
5 
6 
2 
4 
5 
2 
5 
5 
5 
2 
2 
3 
1 882913466  
5 
3 
4 
1 93529229  
4 
3 
6 
1 1940968895  
6 
6 
6 
2 
5 
5 
3 
2 
4 
3 
3 
2 
2 
2 
3 
3 
2 
4 
6 
5 
2 
1 224662977  
1 1812220704  
5 
2 
1 756652401  
3 
2 
3 
4 
3 
3 
4 
6 
6 
6 
5 
4 
2 
4 
2 
3 
1 1172297991  
3 
2 
5 
1 1378771739  
5 
3 
4 
2 
4 
5 
6 
4 
1 718592026  
2 
5 
3 
3 
3 
1 1777193012  
3 
6 
1 103142554  
1 1348437487  
5 
2 
4 
2 
1 1943793863  
2 
6 
4 
4 
2 
2 
4 
6 
5 
4 
5 
2 
3 
5 
5 
6 
6 
4 
5 
2 
3 
3 
1 1155918935  
2 
3 
3 
2 
6 
4 
1 1817212527  
3 
4 
3 
4 
2 
4 
3 
3 
5 
5 
3 
4 
5 
1 92472811  
1 337579797  
4 
3 
2 
2 
4 
4 
2 
6 
1 1091648802  
1 1471226214  
5 
2 
3 
6 
3 
4 
4 
1 1797929386  
4 
4 
6 
1 647572588  
2 
3 
4 
4 
3 
2 
5 
1 151984752  
6 
1 1478640669  
1 1445435262  
1 1265664567  
2 
1 1715555622  
4 
2 
5 
1 1941504876  
3 
4 
5 
4 
2 
1 1990540848  
6 
5 
1 1482447489  
1 1407801372  
4 
3 
6 
3 
3 
4 
4 
6 
6 
2 
1 1601272688  
4 
1 217877307  
4 
3 
4 
6 
2 
2 
5 
1 1501330601  
6 
6 
5 
3 
3 
2 
5 
1 1394757935  
4 
5 
1 442540285  
2 
6 
3 
1 1166067658  
6 
5 
3 
1 3926688  
4 
6 
3 
2 
6 
5 
1 1614838276  
2 
2 
2 
6 
4 
4 
2 
2 
4 
5 
5 
4 
2 
3 
1 397355749  
2 
2 
6 
1 722518715  
1 1244547640  
3 
1 500498303  
1 2070956202  
2 
5 
4 
1 1040857855  
6 
4 
2 
1 1656417239  
5 
1 1740685081  
5 
1 1133330667  
1 1993997036  
1 684850235  
4 
1 457073233  
3 
6 
4 
5 
3 
2 
5 
2 
3 
1 1644442774  
6 
1 1332422824  
1 609057985  
3 
3 
2 
6 
3 
1 975599795  
5 
3 
3 
2 
4 
6 
3 
1 630374438  
2 
3 
1 1874722552  
1 543671770  
4 
6 
5 
1 424395666  
2 
6 
5 
1 1717779752  
5 
5 
6 
4 
6 
3 
4 
2 
5 
6 
1 2026119259  
6 
5 
5 
4 
5 
6 
6 
6 
5 
1 1832197039  
1 1171568792  
6 
5 
6 
2 
4 
4 
4 
6 
2 
5 
5 
3 
2 
2 
6 
4 
3 
4 
1 96512918  
4 
1 1186043992  
5 
5 
5 
6 
1 418843079  
5 
2 
3 
2 
2 
3 
3 
2 
1 539053203  
1 204628002  
3 
5 
3 
6 
5 
1 422769767  
5 
3 
6 
2 
5 
4 
5 
6 
4 
4 
2 
1 6407831  
6 
4 
5 
2 
3 
4 
6 
4 
5 
2 
3 
4 
2 
1 601983751  
2 
5 
1 1145288482  
2 
1 1250955471  
5 
4 
3 
6 
6 
3 
2 
5 
4 
2 
4 
1 1102482055  
5 
6 
5 
3 
3 
4 
3 
3 
3 
6 
4 
4 
1 1068761037  
1 144329679  
1 611415646  
1 661962470  
2 
4 
1 1277660346  
5 
1 457929034  
4 
5 
2 
1 1346812706  
6 
5 
6 
5 
5 
1 1734733579  
4 
1 2102371809  
2 
1 531751882  
3 
3 
3 
2 
5 
5 
6 
4 
5 
1 196307916  
6 
2 
3 
2 
6 
1 930487956  
6 
4 
1 1162126320  
3 
4 
2 
4 
5 
6 
1 2071030468  
2 
5 
3 
4 
2 
1 1474159726  
2 
1 1586521987  
6 
4 
3 
2 
3 
1 1641326572  
5 
2 
5 
3 
3 
1 1352795337  
5 
6 
1 1271235378  
5 
6 
6 
6 
5 
3 
6 
1 665411716  
2 
4 
6 
4 
1 1449308256  
4 
5 
6 
1 309795722  
3 
1 1084254795  
1 1988361459  
4 
6 
5 
2 
3 
1 514423725  
5 
4 
4 
6 
4 
4 
4 
6 
4 
5 
3 
3 
4 
3 
1 1507024562  
1 1994769291  
4 
6 
4 
5 
5 
4 
2 
2 
1 1116407476  
6 
3 
5 
6 
5 
4 
2 
1 504829397  
2 
2 
4 
2 
3 
4 
3 
1 1098241114  
1 71405883  
6 
2 
2 
6 
5 
3 
2 
2 
4 
5 
6 
1 1573590434  
6 
1 1242570793  
5 
2 
4 
2 
1 682821529  
2 
4 
1 88069256  
4 
6 
3 
1 372747491  
4 
2 
6 
4 
6 
4 
6 
1 1140750564  
1 1434881962  
2 
6 
5 
3 
5 
3 
5 
5 
5 
6 
2 
1 2107481070  
3 
4 
3 
2 
4 
2 
4 
5 
1 1095638725  
4 
2 
3 
1 1966633844  
5 
3 
2 
1 156305338  
1 2026126681  
3 
2 
5 
3 
5 
3 
4 
5 
2 
3 
2 
6 
1 981276517  
6 
4 
5 
4 
4 
4 
6 
1 79852158  
2 
2 
4 
2 
1 1352802760  
3 
2 
3 
5 
6 
4 
5 
5 
1 420314856  
6 
1 1721178730  
4 
1 558114449  
2 
6 
1 1691550234  
6 
3 
3 
3 
5 
1 239106798  
4 
3 
2 
6 
5 
6 
5 
6 
6 
6 
5 
1 2007422705  
2 
3 
2 
1 2001345956  
4 
2 
6 
1 1323361593  
6 
5 
5 
1 1848300517  
3 
6 
4 
4 
2 
5 
6 
2 
5 
2 
5 
4 
4 
6 
5 
1 368286033  
4 
1 682902508  
1 1695586160  
6 
2 
6 
6 
1 1484693510  
5 
4 
5 
2 
6 
4 
5 
1 1187731905  
1 646343626  
5 
3 
1 1556099393  
2 
6 
2 
5 
6 
4 
6 
3 
4 
1 613838691  
6 
5 
6 
6 
4 
5 
6 
3 
1 1888914420  
5 
2 
3 
6 
6 
1 91437275  
2 
2 
6 
4 
5 
2 
4 
3 
6 
5 
4 
4 
6 
2 
5 
4 
3 
2 
3 
6 
4 
3 
6 
2 
2 
2 
1 701907947  
6 
6 
2 
3 
5 
1 114178263  
1 1232187839  
2 
6 
1 2136789910  
3 
1 74175686  
4 
4 
1 180342916  
2 
2 
6 
3 
3 
1 1955940106  
1 230481024  
6 
1 58985949  
1 789732975  
5 
6 
4 
3 
2 
4 
2 
6 
2 
4 
3 
2 
5 
6 
6 
6 
3 
1 310333183  
4 
3 
3 
6 
6 
1 1411788709  
6 
4 
1 1210047831  
1 2031511913  
3 
1 1969903159  
3 
5 
4 
1 754114417  
3 
2 
5 
1 123135064  
5 
3 
4 
5 
6 
4 
5 
2 
5 
1 1829842216  
3 
1 607976726  
2 
2 
4 
2 
2 
6 
1 1446496657  
2 
1 1530659085  
4 
6 
3 
1 976262759  
3 
1 2129399165  
3 
3 
6 
2 
5 
5 
2 
2 
2 
5 
4 
3 
4 
6 
5 
4 
5 
5 
6 
1 1078761597  
6 
5 
4 
6 
3 
4 
3 
3 
6 
5 
1 313472621  
3 
3 
2 
2 
6 
6 
6 
5 
3 
1 1169647422  
6 
3 
1 1725105224  
4 
2 
3 
3 
3 
3 
5 
6 
4 
1 1869572015  
6 
2 
5 
5 
5 
5 
6 
1 1783486113  
1 1466535996  
5 
6 
1 1961009290  
2 
2 
2 
6 
3 
4 
1 337910413  
1 1580714259  
2 
5 
3 
5 
1 1045713481  
5 
2 
6 
1 327216675  
4 
3 
5 
6 
6 
6 
5 
4 
5 
2 
2 
5 
4 
4 
3 
5 
5 
4 
1 1654889945  
1 1226056397  
2 
4 
5 
6 
1 135673133  
2 
3 
6 
4 
6 
2 
6 
6 
3 
6 
6 
2 
2 
2 
6 
5 
2 
4 
1 1885370970  
6 
4 
6 
3 
1 1285042346  
6 
1 925406109  
4 
6 
2 
3 
5 
6 
3 
1 48220505  
1 549347408  
1 2135453940  
3 
6 
6 
4 
5 
3 
3 
5 
6 
3 
2 
1 2079732418  
5 
1 371766919  
2 
5 
2 
6 
3 
6 
2 
3 
6 
3 
3 
3 
3 
2 
6 
6 
2 
6 
5 
6 
6 
2 
3 
2 
2 
1 742084710  
5 
5 
2 
1 55383834  
5 
4 
1 54125487  
2 
5 
5 
6 
5 
3 
4 
1 1350061436  
1 1501880492  
2 
5 
3 
6 
3 
2 
2 
3 
4 
1 1584784573  
6 
1 178840547  
3 
6 
2 
3 
6 
2 
3 
6 
2 
5 
2 
2 
4 
5 
4 
5 
3 
1 1483796009  
2 
5 
5 
3 
6 
5 
4 
5 
6 
1 516062522  
6 
6 
4 
4 
3 
6 
6 
4 
6 
2 
1 492313169  
4 
2 
5 
6 
2 
5 
4 
1 505959784  
3 
3 
3 
6 
3 
2 
2 
6 
1 93684098  
4 
1 214401536  
1 141962249  
5 
1 1560220094  
3 
6 
3 
3 
5 
2 
3 
2 
2 
2 
3 
6 
6 
6 
2 
6 
3 
3 
2 
1 27927178  
4 
2 
1 479872662  
1 993450706  
2 
5 
5 
4 
6 
6 
4 
6 
4 
2 
3 
1 1073640659  
5 
1 807089337  
3 
4 
5 
5 
2 
1 500857003  
5 
4 
6 
2 
4 
5 
6 
1 152213408  
5 
4 
5 
6 
4 
1 942762471  
1 238744325  
4 
6 
3 
6 
6 
6 
1 1437255754  
4 
5 
2 
5 
2 
6 
3 
6 
5 
3 
4 
1 1868168580  
5 
4 
6 
1 286964830  
5 
6 
1 1986603162  
2 
5 
4 
2 
1 1856138872  
3 
6 
2 
2 
4 
2 
1 219213601  
4 
1 210886433  
4 
4 
4 
2 
3 
4 
3 
5 
2 
1 450739934  
5 
4 
6 
3 
5 
5 
1 274597435  
4 
5 
6 
6 
2 
3 
5 
5 
1 265011921  
3 
2 
5 
6 
5 
5 
2 
3 
4 
4 
4 
4 
5 
2 
1 1800801370  
2 
1 1776477927  
4 
4 
6 
5 
6 
1 1849796494  
4 
5 
5 
6 
2 
3 
3 
3 
3 
3 
4 
6 
2 
4 
3 
5 
2 
4 
4 
6 
1 1979641918  
3 
6 
5 
5 
3 
1 1112790289  
3 
2 
6 
5 
2 
6 
4 
5 
1 218375368  
5 
2 
5 
6 
5 
3 
1 324471439  
5 
1 1618750073  
3 
6 
5 
2 
1 312059467  
6 
1 538872975  
5 
4 
2 
5 
6 
5 
2 
4 
6 
3 
1 1760712322  
4 
6 
4 
2 
4 
2 
1 1872279561  
5 
4 
3 
2 
2 
2 
3 
2 
4 
3 
1 566800153  
3 
3 
3 
1 93101337  
6 
3 
5 
6 
4 
6 
4 
3 
5 
6 
4 
5 
6 
1 718246619  
6 
3 
2 
3 
3 
1 1640440812  
6 
1 900190674  
1 1219103623  
2 
4 
2 
6 
5 
4 
4 
3 
4 
4 
3 
3 
3 
4 
2 
2 
3 
3 
5 
3 
3 
2 
3 
4 
3 
6 
6 
3 
2 
6 
3 
6 
4 
5 
3 
3 
3 
6 
3 
4 
4 
5 
2 
3 
5 
4 
3 
1 1792654220  
6 
4 
5 
3 
1 1842953145  
2 
6 
3 
1 1457847948  
5 
3 
4 
2 
4 
5 
2 
6 
2 
3 
5 
6 
3 
2 
2 
3 
6 
1 1082426326  
4 
4 
4 
1 1563638077  
4 
4 
6 
5 
2 
3 
2 
1 1744812779  
1 921545841  
2 
4 
2 
2 
2 
2 
4 
3 
6 
6 
1 1272293302  
6 
6 
6 
4 
2 
2 
3 
4 
6 
5 
2 
3 
4 
5 
4 
3 
1 1964026380  
3 
4 
1 1132432274  
5 
6 
2 
4 
6 
3 
6 
3 
2 
3 
2 
2 
1 1723033236  
4 
6 
3 
2 
3 
5 
1 91140167  
3 
3 
4 
3 
1 1397444195  
2 
2 
5 
4 
6 
4 
4 
6 
2 
3 
3 
5 
3 
6 
5 
5 
5 
3 
3 
5 
6 
5 
5 
2 
4 
4 
3 
5 
5 
1 1376350959  
4 
1 1867618095  
2 
5 
1 1099757041  
6 
1 1208509229  
2 
3 
4 
2 
1 832924736  
1 1318132410  
5 
6 
5 
1 1532980668  
6 
3 
3 
5 
6 
3 
5 
3 
1 304191161  
3 
3 
1 1630191877  
1 2071853643  
4 
4 
1 2064903483  
2 
2 
5 
2 
2 
5 
2 
3 
4 
2 
1 1354987790  
4 
2 
1 491170148  
2 
1 10521172  
4 
1 2073234410  
1 2131610960  
1 910711847  
3 
1 1144854385  
2 
1 1776781532  
1 606181344  
3 
1 455218685  
5 
6 
2 
2 
3 
4 
6 
5 
2 
5 
6 
5 
2 
2 
2 
1 711724210  
1 22335774  
1 52547816  
5 
3 
5 
1 1633270051  
2 
5 
6 
5 
1 1294629076  
4 
6 
4 
2 
1 2016574196  
5 
3 
3 
2 
2 
5 
1 618218678  
5 
3 
2 
3 
1 870178664  
2 
1 2107714364  
1 2015662873  
6 
4 
5 
2 
2 
2 
6 
6 
2 
2 
4 
5 
6 
6 
1 99045975  
4 
5 
3 
3 
3 
5 
4 
4 
4 
2 
2 
1 1827848811  
2 
1 967936267  
2 
5 
3 
5 
2 
4 
6 
3 
2 
3 
4 
4 
6 
4 
3 
2 
6 
2 
3 
4 
2 
1 1307555204  
1 513289899  
1 138585029  
1 693052224  
3 
6 
4 
5 
6 
1 817481060  
2 
1 1768776906  
4 
4 
4 
1 617422219  
1 734900895  
5 
5 
4 
6 
4 
5 
3 
6 
5 
1 976281048  
2 
5 
6 
4 
5 
3 
3 
6 
5 
5 
3 
2 
6 
4 
6 
4 
6 
1 1108592367  
1 745422068  
4 
6 
4 
4 
1 902031810  
5 
3 
4 
6 
4 
3 
2 
1 1092719679  
2 
2 
2 
6 
2 
3 
3 
6 
4 
3 
3 
1 1656133915  
6 
4 
5 
3 
3 
6 
6 
4 
2 
4 
2 
1 2046886195  
1 722017563  
3 
2 
2 
2 
2 
2 
3 
5 
4 
5 
1 114831611  
3 
4 
2 
6 
2 
5 
6 
6 
4 
2 
1 354621233  
1 1433741774  
5 
2 
4 
5 
3 
4 
1 137167385  
3 
6 
2 
2 
2 
3 
3 
1 407169049  
3 
1 919528177  
4 
3 
3 
5 
4 
6 
2 
4 
6 
4 
1 1431796461  
1 276259598  
1 1537746855  
2 
5 
1 154491478  
2 
6 
6 
3 
2 
5 
6 
5 
3 
6 
3 
4 
1 236490314  
3 
1 1405926081  
2 
1 253537453  
1 2064339125  
4 
1 226378700  
6 
2 
6 
4 
3 
4 
4 
6 
4 
4 
4 
5 
6 
4 
2 
3 
5 
3 
1 1561092658  
6 
3 
6 
3 
4 
3 
6 
6 
6 
5 
1 430145376  
5 
3 
3 
5 
6 
6 
2 
3 
4 
1 364963729  
2 
2 
1 106661234  
2 
5 
3 
1 1247626436  
1 2133740635  
1 724083454  
4 
3 
4 
4 
1 1982527331  
3 
1 962538035  
6 
1 1832675821  
1 580465751  
2 
3 
1 1864569846  
2 
4 
2 
1 777911853  
2 
6 
3 
4 
6 
4 
4 
2 
1 89116018  
2 
6 
5 
2 
3 
1 1763972393  
3 
4 
1 1499929416  
5 
2 
6 
1 203947630  
5 
2 
1 2118593626  
1 786187542  
3 
3 
4 
1 341115015  
2 
1 378279028  
2 
3 
3 
6 
1 1705715720  
6 
6 
6 
5 
6 
3 
3 
6 
2 
6 
2 
2 
1 1772911477  
3 
5 
4 
2 
2 
5 
3 
2 
3 
2 
1 654538626  
3 
2 
3 
6 
4 
2 
4 
6 
4 
5 
4 
6 
4 
3 
6 
5 
5 
6 
5 
5 
4 
6 
4 
6 
2 
5 
2 
6 
5 
3 
5 
4 
2 
3 
1 1095978927  
6 
1 1927402955  
4 
3 
2 
5 
3 
6 
5 
5 
2 
6 
6 
2 
2 
2 
5 
5 
2 
1 891028940  
1 354421360  
2 
4 
3 
1 33456760  
1 807884417  
3 
6 
5 
3 
5 
6 
1 580800060  
2 
1 1594549418  
5 
1 1238029793  
4 
5 
6 
1 945763789  
6 
6 
2 
1 1701210653  
6 
2 
1 338172581  
4 
5 
6 
6 
1 932020776  
3 
3 
4 
2 
2 
5 
5 
2 
3 
5 
6 
3 
2 
4 
5 
1 277810459  
5 
2 
4 
2 
5 
4 
5 
4 
4 
6 
3 
2 
4 
5 
6 
2 
6 
5 
3 
3 
5 
3 
5 
2 
4 
6 
6 
5 
3 
3 
1 173216264  
1 1894558812  
5 
5 
6 
1 2110486280  
5 
4 
3 
2 
6 
4 
5 
5 
1 753682016  
1 1611645010  
6 
2 
5 
2 
5 
3 
1 740914485  
6 
6 
4 
5 
1 842798034  
1 1228133755  
1 93360254  
3 
6 
6 
6 
1 1046745664  
1 1199243734  
3 
6 
5 
6 
2 
1 879547796  
4 
6 
6 
6 
3 
4 
4 
6 
2 
6 
1 1387860680  
3 
2 
1 1577522762  
1 437779868  
5 
4 
4 
2 
4 
4 
1 1013288509  
3 
3 
5 
2 
6 
6 
4 
3 
1 84577740  
2 
1 1533758796  
1 793207816  
3 
6 
1 975606680  
4 
2 
2 
3 
3 
3 
5 
1 1888180156  
2 
5 
3 
2 
6 
1 826664576  
5 
1 1783491097  
3 
2 
5 
3 
2 
3 
6 
1 321496569  
6 
2 
4 
1 273730347  
4 
3 
4 
4 
2 
1 874037242  
6 
2 
3 
4 
6 
5 
6 
3 
2 
1 1267260358  
6 
4 
4 
4 
5 
4 
2 
3 
5 
5 
2 
6 
1 1974941000  
5 
1 1212209823  
3 
3 
3 
3 
1 51797487  
5 
3 
4 
4 
6 
3 
6 
5 
4 
2 
6 
5 
1 105267811  
5 
5 
6 
2 
2 
4 
5 
5 
6 
3 
1 1385426087  
5 
1 1946356299  
4 
2 
5 
6 
2 
6 
6 
6 
1 68270443  
5 
2 
4 
1 2139108103  
5 
5 
3 
4 
3 
1 1410517661  
5 
2 
6 
5 
2 
6 
2 
2 
1 809184929  
3 
3 
4 
4 
2 
6 
4 
1 834422490  
6 
1 491167768  
1 902545183  
5 
4 
5 
6 
4 
4 
6 
3 
1 1881168154  
5 
2 
1 1690411502  
4 
6 
1 1782092979  
1 1121545186  
6 
6 
2 
6 
2 
1 1120450616  
3 
5 
4 
2 
1 72389200  
6 
2 
2 
2 
5 
5 
4 
2 
3 
6 
4 
5 
4 
4 
2 
1 2134833695  
1 1205028356  
4 
5 
1 1606147996  
6 
1 780557863  
2 
2 
2 
3 
3 
6 
2 
6 
4 
1 33151388  
2 
6 
3 
4 
1 1346844504  
3 
6 
2 
1 1607222440  
4 
5 
4 
5 
1 1816642485  
6 
5 
3 
2 
5 
2 
