2 
5 
5 
3 
4 
1 895753152  
3 
3 
2 
3 
5 
1 1782453245  
3 
1 1667271136  
6 
2 
6 
6 
1 212899953  
1 908053236  
5 
4 
1 1555919466  
1 1671550454  
3 
6 
4 
6 
1 650510010  
5 
1 1373976478  
5 
2 
6 
5 
3 
6 
1 2077750740  
1 65222951  
2 
2 
6 
5 
3 
1 64140827  
5 
5 
6 
2 
3 
3 
1 1342733893  
1 710097366  
3 
2 
2 
4 
6 
2 
5 
6 
1 1262552748  
4 
6 
3 
2 
3 
6 
2 
4 
2 
2 
1 425996217  
6 
4 
4 
6 
6 
5 
1 1701250949  
4 
5 
4 
1 1702481566  
3 
6 
3 
3 
2 
2 
1 1429657238  
2 
2 
5 
3 
1 1969016536  
1 904577880  
2 
6 
1 796987913  
2 
6 
2 
2 
1 194417774  
2 
1 1788196261  
6 
5 
1 250404156  
4 
3 
3 
2 
2 
1 901370431  
6 
3 
1 450158686  
6 
3 
3 
4 
5 
3 
4 
2 
3 
2 
4 
2 
6 
6 
1 406797694  
5 
5 
1 1692704335  
1 1435129977  
5 
4 
5 
2 
3 
5 
2 
2 
1 875807763  
2 
3 
4 
6 
5 
2 
3 
6 
6 
4 
3 
4 
4 
6 
2 
4 
4 
2 
4 
4 
1 440973839  
5 
5 
5 
6 
3 
1 1070099575  
4 
4 
1 395595251  
5 
2 
3 
6 
4 
2 
2 
6 
3 
1 653873793  
6 
1 1978152811  
2 
4 
3 
3 
5 
1 1951514718  
4 
4 
3 
6 
4 
1 177940599  
4 
2 
1 481179174  
5 
1 1178007548  
2 
6 
5 
5 
4 
5 
3 
3 
1 108207691  
4 
2 
4 
1 546402125  
5 
3 
5 
2 
6 
2 
5 
4 
6 
1 1242148375  
1 1450941584  
2 
3 
2 
6 
2 
1 1256499491  
3 
5 
4 
1 357217475  
3 
1 1876937801  
1 810266792  
1 2059699042  
2 
6 
3 
3 
2 
1 1159111391  
4 
1 631799680  
1 816793274  
1 1956099304  
6 
2 
2 
1 826217454  
1 457505887  
2 
3 
4 
1 59019813  
1 1727587886  
3 
4 
6 
3 
4 
1 907664573  
5 
5 
4 
4 
1 465817507  
3 
3 
6 
6 
5 
2 
4 
6 
6 
3 
6 
4 
5 
4 
4 
3 
1 1272808573  
5 
3 
6 
5 
3 
1 195310902  
1 1341625270  
6 
2 
3 
3 
3 
2 
6 
1 1713782412  
1 1265410477  
3 
5 
3 
1 1737220521  
5 
4 
3 
4 
5 
5 
4 
5 
6 
2 
2 
2 
5 
3 
1 220172557  
6 
3 
2 
3 
6 
4 
5 
1 1096079641  
6 
3 
3 
4 
4 
6 
4 
6 
3 
2 
6 
1 1541251591  
4 
6 
3 
4 
2 
5 
6 
1 398113156  
2 
5 
3 
5 
2 
4 
3 
1 1577258815  
6 
5 
2 
3 
1 571775492  
3 
3 
5 
2 
2 
3 
4 
6 
1 506320847  
5 
4 
4 
4 
4 
1 2123660940  
4 
1 1813923867  
1 1957262431  
4 
3 
2 
5 
2 
6 
6 
5 
3 
5 
5 
3 
1 1232676784  
4 
3 
6 
2 
5 
3 
5 
6 
3 
6 
2 
5 
5 
4 
6 
4 
6 
2 
4 
1 23657695  
1 1686716584  
6 
4 
2 
3 
6 
6 
1 2042943576  
1 2083356737  
4 
6 
6 
6 
6 
3 
3 
5 
6 
3 
2 
6 
2 
3 
2 
1 698344328  
6 
3 
3 
4 
4 
2 
3 
4 
3 
5 
3 
4 
2 
3 
1 527259609  
2 
2 
1 752666363  
3 
1 506959984  
4 
3 
2 
6 
5 
4 
2 
2 
3 
1 1353477063  
2 
3 
4 
6 
3 
2 
6 
4 
6 
5 
2 
5 
4 
5 
6 
6 
5 
1 1210172250  
1 565979797  
6 
2 
6 
5 
1 933581301  
5 
3 
4 
6 
2 
5 
4 
2 
5 
3 
4 
2 
6 
5 
2 
2 
6 
1 2117836823  
5 
5 
5 
4 
1 1031797304  
6 
3 
4 
3 
4 
2 
6 
4 
6 
6 
4 
5 
2 
4 
6 
3 
6 
6 
5 
2 
6 
2 
3 
3 
2 
5 
4 
1 58906226  
6 
6 
2 
2 
3 
1 165664077  
5 
3 
2 
5 
4 
6 
2 
1 225938926  
4 
1 1772688639  
3 
2 
5 
4 
5 
1 1431074555  
3 
6 
3 
3 
3 
6 
1 1963159448  
3 
4 
2 
6 
6 
6 
6 
4 
3 
2 
5 
4 
3 
6 
6 
2 
6 
3 
1 1992861196  
6 
6 
4 
3 
5 
3 
1 379670548  
4 
5 
4 
3 
3 
2 
3 
2 
6 
4 
6 
4 
4 
3 
6 
2 
4 
5 
6 
3 
2 
3 
4 
2 
1 1356927391  
5 
2 
4 
1 243490705  
2 
6 
4 
5 
5 
6 
3 
5 
3 
5 
3 
3 
3 
5 
6 
5 
1 1956929363  
1 1928702883  
3 
5 
6 
4 
4 
2 
6 
5 
3 
6 
4 
5 
4 
5 
4 
2 
4 
6 
5 
1 749811552  
1 1933106655  
6 
1 1595143103  
1 559590336  
4 
3 
5 
1 1018299791  
3 
3 
1 1618800798  
1 98823272  
4 
1 913759720  
2 
3 
3 
3 
6 
5 
4 
2 
1 1554673887  
2 
2 
3 
6 
6 
1 797167600  
3 
2 
2 
5 
4 
6 
1 1441019329  
3 
4 
5 
1 159856602  
2 
3 
2 
4 
5 
2 
2 
2 
6 
3 
5 
4 
6 
6 
5 
2 
5 
1 1304127585  
1 647012744  
2 
6 
6 
2 
2 
6 
5 
4 
5 
3 
3 
1 1370028852  
6 
2 
6 
1 1870107382  
1 1580594046  
5 
3 
1 1340382027  
1 754421039  
4 
4 
5 
3 
1 1639500272  
1 1506046104  
2 
1 980359965  
1 1264705263  
6 
5 
3 
3 
4 
1 789637011  
3 
6 
3 
1 796035765  
2 
1 1110082812  
2 
1 1169307559  
4 
1 5479509  
2 
5 
4 
5 
5 
1 1353573517  
5 
5 
3 
2 
3 
4 
6 
3 
3 
3 
5 
5 
2 
6 
3 
1 978753274  
1 1934182392  
4 
1 2103385069  
4 
6 
1 764376282  
6 
6 
6 
2 
1 1381841847  
1 515491757  
5 
6 
6 
5 
3 
2 
5 
4 
2 
5 
5 
4 
5 
2 
5 
1 1782676073  
5 
2 
1 853158997  
4 
1 614315030  
3 
6 
2 
4 
4 
3 
1 548952145  
3 
6 
6 
3 
5 
1 260349236  
2 
3 
1 1411482630  
4 
6 
6 
4 
2 
6 
2 
2 
3 
3 
6 
6 
4 
5 
5 
5 
2 
1 1989971474  
2 
2 
5 
4 
4 
2 
2 
2 
4 
6 
4 
5 
4 
4 
6 
5 
2 
5 
5 
4 
2 
1 420205838  
1 568126567  
4 
3 
5 
1 489500571  
2 
2 
4 
3 
1 1790234690  
2 
6 
4 
6 
5 
5 
2 
3 
5 
3 
2 
6 
4 
4 
6 
5 
4 
2 
2 
2 
6 
4 
6 
5 
6 
1 290750302  
5 
5 
4 
5 
2 
6 
3 
6 
5 
4 
6 
6 
3 
2 
5 
5 
4 
3 
4 
2 
2 
3 
1 2070094617  
5 
2 
3 
2 
5 
1 983133069  
3 
4 
1 1045171341  
2 
6 
1 1562111241  
6 
2 
5 
3 
4 
1 341695526  
4 
2 
2 
3 
6 
4 
4 
5 
6 
3 
1 2025531306  
6 
2 
1 679332857  
2 
1 1131332537  
3 
4 
5 
3 
6 
3 
6 
5 
6 
4 
4 
6 
5 
6 
6 
5 
3 
3 
6 
1 674083424  
4 
5 
1 1789415669  
5 
3 
3 
4 
6 
1 153156449  
3 
5 
4 
1 679562933  
2 
2 
4 
6 
3 
2 
6 
4 
1 995505538  
6 
4 
2 
4 
4 
2 
1 1131909723  
5 
6 
6 
4 
3 
6 
1 466261677  
5 
5 
4 
6 
5 
4 
5 
2 
6 
1 951406959  
2 
3 
3 
3 
2 
2 
4 
5 
3 
6 
4 
4 
5 
1 1896286005  
4 
1 1848103525  
4 
1 1466898717  
2 
2 
4 
4 
5 
2 
2 
5 
3 
4 
5 
3 
3 
3 
5 
3 
2 
5 
2 
2 
5 
5 
2 
3 
3 
4 
4 
5 
4 
5 
4 
4 
3 
4 
1 1531478431  
5 
1 553778874  
3 
4 
6 
3 
4 
3 
2 
5 
6 
2 
4 
6 
1 2081213747  
3 
5 
3 
2 
4 
3 
2 
2 
3 
6 
2 
4 
1 2080430576  
4 
3 
2 
1 814128111  
2 
2 
5 
2 
5 
2 
6 
4 
5 
5 
3 
2 
4 
6 
6 
1 1345212729  
1 1922918403  
3 
1 1234333949  
4 
5 
2 
5 
1 1913339297  
1 264935326  
6 
2 
2 
6 
1 877084992  
6 
4 
2 
4 
2 
3 
5 
2 
6 
1 56605951  
5 
4 
2 
1 187546295  
2 
6 
6 
5 
4 
6 
2 
6 
4 
5 
5 
2 
3 
4 
6 
3 
2 
3 
1 1860218061  
5 
2 
6 
3 
3 
1 1101777292  
1 1749657536  
2 
2 
6 
2 
5 
6 
6 
2 
6 
3 
5 
5 
5 
1 54429939  
2 
4 
1 979824950  
3 
5 
5 
4 
3 
5 
5 
3 
3 
2 
3 
6 
2 
6 
1 281506745  
4 
2 
5 
6 
2 
2 
6 
3 
1 1185762477  
4 
4 
4 
4 
3 
1 1653908374  
1 2070922414  
2 
3 
2 
2 
3 
1 1338918926  
3 
4 
1 185987659  
5 
6 
3 
2 
4 
6 
1 918944304  
4 
5 
1 323345001  
4 
2 
1 652249337  
5 
1 1870351264  
2 
3 
4 
5 
6 
4 
4 
6 
4 
1 72147359  
4 
1 352869214  
3 
5 
4 
6 
3 
2 
3 
4 
5 
4 
5 
6 
2 
5 
2 
6 
4 
1 1189766333  
1 1603625790  
5 
4 
2 
5 
3 
1 906648088  
4 
2 
6 
3 
2 
1 1123496432  
2 
4 
1 1536572718  
5 
2 
4 
5 
6 
5 
2 
3 
6 
5 
2 
1 1720776199  
5 
4 
4 
4 
1 321225513  
5 
2 
4 
4 
1 1312007473  
6 
5 
4 
2 
3 
6 
1 807626501  
4 
6 
1 87081162  
2 
5 
4 
2 
5 
5 
3 
6 
3 
4 
6 
4 
2 
6 
5 
3 
6 
4 
1 1576942799  
1 1684711493  
2 
6 
6 
2 
3 
5 
1 143687113  
1 1764489094  
4 
4 
3 
5 
3 
1 1397445906  
5 
6 
4 
2 
5 
5 
1 1245464405  
2 
2 
1 1366662983  
4 
1 1451875846  
4 
5 
6 
3 
6 
5 
4 
6 
2 
6 
6 
1 77805708  
4 
5 
3 
6 
3 
6 
5 
3 
1 1648169728  
1 490154675  
3 
3 
5 
4 
5 
1 1731714082  
2 
2 
2 
2 
4 
5 
3 
1 1571608495  
4 
6 
4 
2 
1 1829073601  
1 1917701742  
4 
5 
2 
2 
1 343069151  
3 
4 
3 
4 
2 
5 
5 
1 4934954  
4 
5 
2 
1 422467431  
2 
4 
2 
2 
3 
3 
4 
6 
1 65936767  
4 
3 
3 
1 77082313  
6 
3 
2 
4 
1 775336645  
5 
6 
2 
1 1255703100  
2 
2 
2 
4 
2 
1 1680708103  
1 1681984733  
6 
6 
5 
2 
2 
1 231715884  
1 1069797174  
6 
5 
3 
6 
3 
3 
3 
4 
5 
5 
5 
4 
1 1255277285  
5 
3 
5 
1 552941398  
1 234320999  
1 2062903786  
6 
2 
2 
1 640022560  
2 
3 
2 
4 
3 
3 
2 
6 
1 1811263799  
2 
2 
4 
2 
2 
2 
3 
3 
1 1600131631  
6 
2 
1 783709674  
6 
1 1428269245  
5 
3 
6 
3 
3 
4 
4 
4 
3 
2 
3 
2 
3 
5 
4 
3 
3 
1 850093889  
4 
1 2029174079  
1 647448580  
3 
2 
2 
5 
1 154486087  
1 2106979787  
5 
2 
4 
6 
1 148134661  
5 
2 
4 
6 
1 644640762  
4 
1 1691210222  
6 
3 
4 
6 
1 1719743156  
5 
1 326230715  
5 
6 
2 
3 
1 1461428316  
6 
1 2062812307  
2 
4 
3 
4 
5 
2 
1 331165670  
6 
2 
5 
1 1883895747  
3 
3 
6 
4 
1 2128749075  
2 
4 
1 408247983  
2 
3 
2 
4 
1 511748744  
1 1236968527  
2 
2 
5 
5 
1 2088956087  
2 
4 
6 
6 
2 
6 
3 
3 
1 46249829  
5 
2 
2 
1 1468684412  
5 
5 
3 
6 
3 
6 
4 
4 
4 
4 
6 
1 1011269613  
4 
3 
2 
3 
6 
4 
5 
2 
3 
5 
4 
2 
2 
6 
6 
1 1301527114  
1 2021625810  
4 
3 
5 
1 1245590612  
2 
5 
4 
1 1216947252  
6 
3 
1 514164722  
3 
6 
6 
4 
4 
2 
5 
1 909370763  
1 669595235  
4 
6 
2 
3 
5 
6 
2 
1 1297874396  
1 190156361  
1 1519689125  
5 
2 
5 
1 1179564828  
1 837604941  
4 
1 1674175212  
2 
2 
3 
6 
2 
6 
4 
4 
2 
2 
3 
3 
4 
2 
3 
4 
5 
1 1139060967  
3 
4 
6 
4 
2 
2 
1 985739602  
2 
4 
3 
4 
5 
5 
4 
3 
3 
2 
5 
2 
5 
4 
3 
1 171332327  
6 
3 
2 
4 
1 682787541  
6 
5 
1 557999110  
6 
3 
5 
2 
5 
4 
5 
5 
4 
1 497563042  
5 
5 
1 2144215857  
2 
6 
4 
3 
5 
5 
5 
6 
2 
6 
6 
5 
1 473327770  
6 
4 
5 
2 
5 
6 
6 
6 
4 
6 
4 
5 
6 
5 
2 
6 
3 
2 
2 
4 
6 
6 
5 
5 
4 
6 
6 
5 
2 
3 
4 
2 
5 
5 
4 
3 
5 
6 
1 828728712  
6 
2 
1 1880627956  
6 
6 
3 
2 
5 
4 
4 
4 
4 
3 
5 
5 
6 
5 
4 
6 
4 
6 
2 
3 
5 
2 
6 
5 
2 
3 
3 
2 
1 454593197  
2 
3 
3 
1 1236976696  
5 
3 
5 
3 
5 
4 
5 
2 
5 
3 
4 
4 
6 
4 
6 
6 
6 
6 
1 244893052  
2 
2 
3 
6 
1 1691561724  
3 
6 
4 
6 
1 1178449135  
6 
5 
5 
6 
5 
3 
1 291142882  
5 
5 
4 
5 
4 
1 1012762488  
4 
4 
1 42235100  
4 
4 
6 
5 
4 
4 
3 
5 
5 
1 1592669996  
5 
1 886904650  
2 
1 1287825712  
2 
3 
5 
4 
4 
5 
1 662133601  
5 
4 
5 
2 
2 
3 
6 
4 
5 
6 
4 
2 
3 
5 
1 1401069373  
5 
5 
5 
6 
2 
3 
6 
3 
4 
6 
2 
3 
5 
1 49712828  
2 
5 
4 
4 
3 
4 
4 
1 1331728836  
5 
6 
3 
1 551460121  
4 
3 
4 
4 
4 
6 
5 
5 
2 
4 
2 
3 
5 
2 
3 
3 
1 239869189  
5 
3 
6 
5 
4 
6 
5 
3 
6 
6 
3 
3 
5 
6 
5 
5 
6 
6 
2 
5 
1 703934313  
5 
1 1731024949  
2 
3 
2 
5 
6 
3 
3 
5 
6 
3 
3 
6 
2 
3 
1 1077474130  
1 230625878  
3 
3 
6 
3 
2 
2 
3 
1 722602269  
1 2063213733  
5 
4 
6 
4 
2 
5 
6 
5 
5 
1 401958205  
4 
1 1405389810  
5 
5 
3 
2 
6 
5 
6 
5 
1 473729195  
2 
5 
4 
1 899521247  
1 1402122020  
1 947056965  
3 
2 
2 
1 1728249960  
2 
4 
6 
1 1135266328  
2 
4 
2 
6 
5 
1 1401650162  
3 
6 
4 
6 
6 
5 
6 
6 
6 
5 
5 
3 
2 
3 
4 
6 
1 817743008  
6 
2 
2 
2 
1 1380159381  
5 
3 
1 945728239  
1 1996192143  
4 
2 
1 1671302263  
2 
4 
3 
5 
5 
2 
3 
4 
1 1958490727  
5 
4 
2 
4 
2 
1 2038427243  
5 
2 
4 
1 1116488611  
3 
1 697911730  
5 
1 1178769307  
4 
3 
2 
2 
2 
6 
3 
4 
2 
3 
2 
2 
4 
3 
4 
1 1778622212  
2 
6 
3 
2 
1 2098981103  
1 1228482135  
1 962867401  
2 
2 
2 
3 
6 
2 
5 
4 
2 
2 
5 
3 
6 
6 
1 502957576  
5 
3 
4 
1 1468351324  
1 1666801714  
6 
4 
4 
1 86498878  
5 
2 
1 398341807  
6 
3 
4 
1 1897427592  
6 
1 809101147  
4 
4 
3 
5 
2 
6 
1 314071892  
5 
6 
2 
5 
2 
5 
3 
1 151902149  
1 67007309  
6 
1 787801087  
4 
2 
2 
2 
2 
3 
5 
5 
2 
1 1051423397  
1 1469129329  
2 
6 
1 1734858053  
3 
2 
2 
6 
4 
6 
5 
4 
5 
6 
4 
3 
3 
1 632189709  
4 
1 456912010  
3 
2 
1 989024567  
3 
5 
4 
6 
4 
4 
5 
4 
6 
6 
2 
6 
6 
1 1449932717  
1 1837071391  
4 
4 
5 
3 
2 
3 
4 
3 
3 
5 
2 
4 
5 
4 
4 
2 
1 1934752806  
6 
5 
4 
3 
6 
1 1298641212  
3 
1 1360890006  
5 
5 
5 
5 
1 1745759886  
5 
3 
5 
4 
3 
5 
6 
1 1189584807  
2 
6 
5 
4 
5 
2 
2 
4 
2 
1 329894969  
4 
2 
4 
5 
6 
4 
2 
4 
2 
4 
5 
4 
3 
6 
2 
6 
4 
1 296187968  
4 
4 
6 
1 220870466  
1 2108517182  
6 
2 
1 247685423  
5 
2 
5 
4 
4 
2 
5 
2 
2 
4 
3 
3 
1 1449352602  
4 
5 
5 
5 
1 923900935  
3 
4 
6 
1 750642999  
4 
5 
3 
4 
5 
3 
4 
5 
1 770220278  
4 
2 
1 443219001  
1 837141877  
2 
3 
2 
2 
5 
2 
6 
3 
5 
6 
5 
4 
6 
1 1168562085  
6 
4 
1 193162946  
1 1646243024  
1 1482633977  
1 345065095  
1 1713250334  
4 
4 
4 
4 
1 122951417  
1 1396488492  
3 
4 
6 
3 
1 1034896015  
3 
5 
6 
1 1857809470  
5 
6 
1 2028678201  
4 
2 
5 
2 
5 
5 
6 
6 
5 
3 
3 
3 
2 
1 1491808025  
6 
3 
2 
2 
6 
1 699350389  
5 
3 
1 1331127270  
4 
3 
3 
6 
1 1181395768  
5 
5 
4 
1 486619548  
3 
2 
3 
6 
2 
4 
1 482284834  
4 
5 
3 
4 
5 
2 
6 
1 394802126  
4 
6 
1 84895786  
1 1671869641  
3 
1 724697096  
5 
2 
5 
2 
4 
5 
4 
1 381083754  
5 
3 
1 1892740108  
6 
6 
3 
3 
6 
1 685730630  
5 
3 
5 
4 
4 
4 
5 
3 
5 
1 628769177  
2 
1 1194609062  
4 
6 
3 
6 
1 1609631565  
2 
6 
4 
1 1379412176  
6 
5 
2 
4 
2 
2 
3 
1 1964829340  
5 
3 
6 
1 2052850566  
6 
1 69070406  
4 
1 985907778  
2 
6 
6 
5 
2 
2 
2 
2 
1 98529864  
5 
5 
3 
5 
3 
1 1715313430  
5 
6 
6 
6 
2 
5 
2 
2 
3 
5 
4 
3 
1 321058107  
1 443594960  
4 
3 
5 
2 
2 
3 
5 
3 
3 
4 
4 
4 
4 
4 
5 
5 
2 
2 
4 
3 
4 
5 
2 
5 
4 
5 
6 
3 
2 
1 1281080116  
4 
5 
3 
6 
3 
2 
5 
1 444009524  
4 
2 
3 
2 
2 
6 
5 
6 
4 
4 
4 
1 1840083452  
3 
2 
5 
6 
6 
6 
5 
2 
4 
4 
5 
6 
1 168492484  
1 154335346  
2 
3 
4 
1 1721278006  
4 
4 
5 
2 
4 
2 
3 
6 
4 
6 
5 
1 1660300509  
5 
2 
1 853685736  
3 
1 904921628  
6 
4 
5 
4 
4 
2 
3 
1 694212630  
5 
3 
6 
4 
2 
2 
1 1340305284  
4 
6 
3 
4 
4 
4 
4 
2 
6 
4 
1 1387206463  
6 
2 
5 
4 
1 1089014756  
5 
2 
4 
3 
6 
5 
3 
6 
6 
5 
4 
6 
1 1425201070  
1 911592456  
1 1813711852  
4 
4 
4 
1 1806284824  
6 
6 
3 
3 
5 
6 
2 
4 
5 
6 
5 
4 
5 
3 
3 
4 
4 
5 
3 
5 
4 
2 
4 
3 
2 
6 
2 
3 
6 
4 
3 
5 
4 
3 
4 
2 
5 
6 
4 
3 
5 
2 
1 656848916  
4 
4 
4 
1 351958834  
5 
1 287570353  
4 
2 
4 
5 
2 
5 
4 
6 
4 
2 
3 
6 
3 
5 
5 
2 
4 
1 1851457978  
3 
1 1961590399  
1 1666982529  
2 
6 
1 1668803671  
6 
2 
1 1866957318  
1 1736052935  
3 
3 
1 507227801  
5 
1 1965487182  
3 
4 
1 1303882718  
2 
3 
4 
1 828285908  
4 
2 
3 
6 
3 
5 
6 
1 261598494  
5 
1 437479186  
1 1272295433  
3 
1 2101681947  
3 
1 605971670  
3 
4 
1 1426630779  
5 
1 1675476305  
1 118788532  
4 
4 
1 132832867  
2 
1 432914285  
1 813001162  
2 
1 1473138151  
3 
2 
4 
4 
5 
5 
3 
2 
6 
3 
6 
3 
5 
3 
5 
2 
3 
4 
4 
6 
4 
4 
6 
5 
5 
1 1820120748  
2 
6 
2 
6 
4 
1 1902015918  
3 
4 
6 
6 
2 
4 
6 
4 
5 
5 
2 
6 
5 
2 
2 
2 
2 
4 
2 
1 750855573  
6 
2 
6 
3 
3 
2 
2 
3 
6 
5 
6 
1 584229557  
6 
6 
5 
5 
1 1568244123  
2 
6 
3 
3 
3 
1 409656749  
5 
2 
5 
1 1241078473  
5 
5 
3 
5 
4 
1 1920202957  
5 
6 
2 
2 
5 
2 
4 
2 
2 
2 
4 
2 
5 
4 
5 
5 
3 
4 
5 
1 697227102  
6 
3 
1 945052804  
6 
3 
3 
1 1734309709  
4 
4 
3 
1 216725984  
2 
6 
6 
4 
4 
3 
2 
2 
5 
4 
6 
5 
5 
3 
3 
1 466372827  
5 
1 1453783379  
5 
6 
5 
6 
4 
1 1952778919  
3 
5 
3 
4 
6 
6 
1 973600628  
4 
1 1271786913  
6 
4 
6 
3 
1 1109177989  
4 
1 1801886536  
2 
1 1533385408  
6 
3 
5 
4 
4 
1 1546657176  
4 
5 
2 
2 
2 
1 926698321  
4 
2 
5 
1 1487583707  
4 
2 
6 
1 5145198  
6 
1 205845453  
2 
4 
1 1015576364  
4 
2 
6 
2 
6 
5 
3 
5 
2 
2 
2 
1 123933730  
5 
1 338678320  
5 
6 
2 
2 
5 
6 
2 
6 
1 1448490649  
3 
5 
2 
1 936934892  
5 
6 
2 
6 
1 1811816472  
2 
4 
3 
4 
4 
4 
3 
2 
4 
6 
6 
6 
5 
2 
3 
3 
4 
4 
5 
3 
5 
6 
3 
5 
4 
5 
3 
2 
1 1121127750  
3 
6 
2 
2 
4 
6 
1 691467163  
5 
2 
1 415188397  
3 
5 
6 
1 1705357307  
2 
1 112227638  
3 
2 
6 
5 
6 
6 
5 
1 824845147  
2 
1 798952132  
3 
1 2032430595  
3 
4 
2 
1 1522072249  
1 1744004936  
2 
4 
4 
2 
4 
3 
1 1619256656  
5 
1 1738798233  
1 62894115  
1 925556387  
1 1544093505  
6 
5 
2 
5 
4 
4 
5 
5 
6 
3 
2 
3 
6 
5 
1 1036494743  
6 
1 49859653  
2 
1 505787846  
1 690897632  
2 
3 
2 
1 1583245061  
6 
5 
2 
5 
1 2052445022  
6 
1 1617595953  
1 923345120  
4 
2 
3 
5 
5 
5 
3 
3 
4 
5 
1 2057590221  
4 
5 
3 
1 1823441406  
3 
4 
3 
1 1938921484  
4 
1 34040303  
4 
3 
3 
3 
5 
6 
5 
1 14636079  
6 
5 
1 1239928485  
3 
2 
2 
1 970975196  
4 
5 
4 
4 
1 1826452551  
1 213572587  
3 
3 
4 
4 
1 1662442359  
5 
1 94157300  
6 
1 1918929894  
2 
5 
6 
3 
2 
2 
6 
4 
4 
1 1774669997  
3 
3 
3 
6 
1 919002447  
4 
4 
6 
6 
4 
6 
3 
1 570398379  
2 
2 
6 
6 
6 
6 
1 1659616944  
6 
6 
4 
6 
1 293591049  
3 
4 
3 
2 
6 
3 
4 
6 
6 
4 
6 
4 
1 166919667  
5 
2 
2 
1 1131389953  
2 
6 
4 
2 
1 2032389282  
6 
6 
5 
2 
6 
6 
1 229813783  
5 
1 2056946340  
5 
3 
5 
1 1428999139  
4 
5 
5 
3 
4 
3 
4 
6 
3 
1 1266308526  
4 
1 2106805993  
3 
6 
1 1934786986  
4 
2 
2 
3 
1 1957206158  
4 
5 
1 1542567406  
1 1839748360  
6 
5 
3 
2 
6 
2 
2 
6 
2 
2 
5 
3 
6 
3 
4 
6 
2 
1 1427318464  
4 
1 318428878  
6 
1 1749854933  
5 
2 
6 
6 
3 
4 
5 
3 
5 
1 1103276222  
5 
3 
4 
2 
4 
4 
3 
3 
3 
1 109866714  
1 1783895237  
3 
3 
6 
1 1117912301  
2 
5 
6 
1 1349795200  
4 
2 
4 
2 
2 
4 
2 
3 
4 
4 
6 
5 
2 
3 
1 607386785  
2 
2 
4 
4 
4 
3 
6 
6 
2 
5 
3 
1 796881204  
4 
6 
3 
3 
5 
3 
3 
6 
6 
5 
3 
2 
1 1563367787  
1 122345496  
3 
6 
2 
1 891038505  
6 
5 
1 1334814034  
6 
1 1897015493  
2 
1 1810040952  
1 1905212413  
5 
2 
1 1409148789  
1 2103632001  
3 
6 
1 2072132080  
6 
4 
1 393055094  
6 
1 1988537636  
6 
4 
1 154462215  
5 
4 
2 
4 
4 
2 
2 
6 
3 
2 
3 
3 
5 
4 
5 
6 
4 
5 
4 
3 
6 
1 302517787  
4 
6 
2 
6 
1 1270053127  
6 
5 
6 
3 
4 
2 
6 
4 
4 
2 
5 
4 
5 
1 1420770742  
1 261840132  
3 
3 
1 1057356465  
2 
6 
6 
3 
3 
6 
6 
4 
4 
2 
3 
2 
3 
2 
2 
4 
3 
1 1230493252  
3 
1 1804407539  
3 
1 749621178  
3 
6 
4 
4 
3 
6 
1 510328068  
2 
4 
4 
1 2122836417  
6 
4 
5 
3 
2 
1 351992463  
5 
5 
5 
6 
6 
1 1613604291  
5 
6 
2 
5 
2 
2 
4 
1 85219484  
5 
6 
1 2135887700  
5 
4 
2 
4 
5 
5 
1 584032944  
6 
6 
6 
6 
3 
5 
5 
2 
4 
5 
1 1435014684  
6 
1 595790837  
2 
6 
6 
4 
3 
6 
3 
5 
6 
6 
2 
6 
4 
6 
6 
4 
6 
5 
3 
2 
3 
5 
6 
4 
6 
4 
1 1380914149  
1 850898823  
4 
6 
3 
1 718136333  
2 
1 124469006  
2 
1 38229209  
4 
1 467668178  
1 1934509958  
5 
2 
3 
5 
3 
6 
2 
1 1943441622  
5 
4 
2 
5 
4 
4 
1 1876816968  
5 
5 
5 
4 
6 
5 
4 
3 
5 
4 
2 
5 
3 
1 1890658312  
6 
5 
5 
1 1868090055  
4 
3 
2 
5 
4 
2 
6 
4 
6 
4 
1 122388414  
3 
6 
2 
5 
5 
1 1731712300  
4 
1 2022552270  
4 
4 
4 
4 
4 
3 
3 
2 
5 
4 
2 
2 
5 
2 
4 
3 
2 
3 
3 
6 
2 
4 
2 
4 
4 
4 
2 
3 
4 
1 424906201  
2 
3 
3 
2 
2 
4 
5 
6 
6 
2 
4 
4 
5 
4 
4 
1 854281779  
5 
1 1295839364  
2 
1 686746334  
6 
5 
1 1911638245  
6 
2 
1 378848969  
5 
1 343670225  
3 
2 
6 
1 513775775  
1 889177037  
3 
2 
3 
2 
1 319022994  
2 
6 
3 
1 865768238  
2 
1 355297680  
4 
2 
4 
3 
3 
4 
2 
4 
5 
1 404242478  
5 
3 
2 
6 
6 
1 854172291  
2 
4 
4 
6 
4 
6 
5 
6 
5 
4 
3 
3 
4 
1 939330625  
5 
3 
6 
2 
5 
1 1839257162  
2 
1 1449963128  
3 
4 
6 
6 
2 
3 
4 
6 
6 
5 
1 172761126  
2 
6 
5 
2 
2 
6 
6 
1 542672338  
5 
3 
5 
4 
5 
6 
2 
6 
4 
6 
2 
2 
1 20615814  
6 
5 
3 
3 
2 
5 
3 
2 
1 297230132  
3 
5 
6 
5 
4 
1 580901547  
1 488283992  
2 
4 
4 
4 
1 84256442  
3 
2 
5 
3 
3 
6 
6 
6 
6 
5 
6 
4 
4 
5 
3 
5 
6 
1 376859522  
3 
1 217617312  
5 
1 1974914754  
3 
4 
3 
3 
4 
2 
3 
2 
3 
5 
2 
3 
2 
2 
2 
3 
6 
2 
6 
6 
1 97465929  
2 
5 
6 
4 
3 
6 
5 
2 
5 
5 
3 
6 
4 
3 
1 340005727  
1 1559143406  
1 2120018199  
2 
4 
3 
5 
3 
1 764911928  
6 
1 265941538  
5 
3 
4 
2 
5 
2 
4 
3 
1 1268373916  
6 
4 
5 
3 
5 
3 
5 
2 
2 
5 
3 
1 1451658262  
4 
1 30096135  
6 
3 
2 
4 
3 
1 1647222885  
4 
2 
4 
5 
6 
5 
5 
1 1795328487  
1 543871910  
1 388916274  
1 2114351482  
2 
3 
5 
5 
4 
3 
1 1409640148  
1 744213955  
1 371110312  
2 
5 
4 
2 
6 
6 
6 
4 
2 
2 
2 
3 
5 
6 
4 
1 116328791  
6 
6 
6 
5 
1 1683544580  
1 62883827  
5 
5 
6 
1 1566291920  
1 1856305706  
2 
3 
2 
1 605556165  
2 
3 
4 
5 
6 
2 
4 
3 
3 
3 
4 
3 
2 
1 1586907734  
3 
6 
6 
3 
3 
2 
1 6052190  
6 
1 1186457712  
6 
1 2075191726  
3 
2 
3 
6 
4 
6 
3 
5 
2 
3 
5 
5 
6 
5 
5 
4 
4 
5 
6 
5 
1 90308632  
2 
1 1563317234  
1 145325391  
1 2065223387  
4 
3 
4 
5 
4 
4 
6 
2 
1 1660783163  
6 
3 
2 
2 
3 
1 485331118  
1 1476883145  
4 
1 1633317715  
2 
3 
2 
2 
2 
1 1250243046  
3 
6 
2 
1 1742824683  
1 754207983  
6 
6 
3 
6 
6 
5 
2 
5 
3 
5 
2 
6 
3 
6 
1 554417661  
6 
1 1772920818  
2 
5 
5 
6 
2 
6 
5 
6 
4 
1 253947220  
1 202262500  
6 
1 169309080  
6 
1 642863494  
4 
6 
6 
6 
6 
1 169130334  
5 
3 
6 
5 
5 
1 1578949229  
3 
4 
4 
1 1387077449  
5 
5 
6 
1 540240647  
2 
5 
5 
1 1695278020  
3 
2 
4 
1 923138381  
2 
1 603124474  
3 
5 
4 
1 1114086292  
6 
2 
1 631960439  
3 
2 
2 
6 
4 
5 
5 
6 
2 
1 1208680639  
4 
5 
6 
6 
2 
2 
5 
5 
5 
4 
6 
6 
6 
3 
4 
5 
1 553510378  
3 
4 
2 
6 
4 
1 638012629  
5 
1 247654703  
5 
2 
3 
5 
2 
5 
5 
3 
2 
5 
6 
3 
4 
2 
5 
3 
5 
3 
4 
4 
1 481218457  
1 728321262  
1 1810971938  
4 
3 
2 
4 
1 626543848  
1 646061001  
3 
3 
5 
3 
4 
3 
2 
6 
3 
3 
4 
1 1324271453  
6 
1 1111874966  
4 
1 2122944146  
3 
6 
3 
4 
4 
3 
6 
1 810105520  
3 
5 
6 
5 
4 
1 214634364  
5 
4 
1 1718285182  
2 
6 
5 
5 
1 1564313503  
1 769052025  
2 
4 
2 
1 1343722352  
5 
3 
2 
5 
6 
6 
5 
6 
2 
5 
2 
3 
6 
6 
1 1818260723  
4 
3 
5 
3 
3 
6 
6 
4 
6 
2 
3 
6 
4 
3 
4 
2 
2 
2 
5 
3 
4 
5 
2 
4 
1 971314526  
3 
6 
3 
6 
1 1513031433  
6 
3 
5 
4 
3 
2 
5 
6 
5 
4 
2 
5 
4 
4 
6 
1 313640570  
5 
3 
6 
6 
6 
2 
2 
1 1140444860  
2 
6 
1 944497014  
1 1700718019  
1 1680685507  
3 
4 
5 
3 
2 
5 
6 
3 
6 
1 492291386  
4 
3 
3 
5 
2 
5 
4 
2 
6 
1 476372753  
3 
1 136326333  
5 
2 
5 
1 1606377679  
5 
5 
6 
3 
2 
3 
2 
3 
1 1108333192  
2 
1 1345006972  
4 
5 
6 
1 12404409  
1 1746345822  
6 
2 
3 
6 
5 
6 
5 
1 1592661676  
6 
4 
2 
2 
1 493622866  
4 
5 
6 
4 
3 
5 
5 
1 327183436  
4 
5 
4 
4 
2 
3 
4 
6 
5 
6 
4 
5 
4 
4 
4 
5 
5 
6 
6 
2 
2 
2 
4 
1 1256149966  
2 
4 
5 
1 1120166714  
4 
3 
4 
3 
5 
3 
1 973244437  
4 
4 
2 
3 
1 432937771  
4 
1 84558032  
3 
3 
5 
6 
6 
1 948704935  
3 
2 
4 
4 
1 1243043292  
5 
4 
5 
1 299192397  
3 
4 
1 519506469  
3 
3 
6 
1 659873147  
2 
5 
1 1068244422  
1 1863228822  
6 
3 
1 330650223  
4 
2 
4 
3 
3 
6 
1 2039558948  
3 
4 
3 
5 
3 
1 1228776607  
2 
1 644290793  
3 
4 
4 
2 
4 
2 
2 
3 
5 
6 
4 
2 
3 
2 
6 
3 
5 
3 
3 
6 
4 
2 
2 
5 
4 
5 
3 
1 1032520161  
5 
3 
1 25789973  
2 
3 
2 
3 
4 
3 
3 
4 
5 
1 197525164  
2 
3 
4 
6 
2 
2 
5 
6 
6 
5 
1 565722020  
1 518081359  
6 
6 
1 673897917  
1 702048354  
3 
1 2124459038  
6 
3 
2 
5 
2 
2 
6 
5 
5 
6 
3 
6 
5 
1 1782231110  
6 
5 
1 2047055326  
6 
4 
3 
6 
3 
6 
5 
5 
1 2136863448  
4 
1 1381093284  
3 
2 
2 
1 1492233354  
1 483002666  
2 
5 
5 
4 
4 
1 1708276720  
1 600899672  
4 
6 
3 
1 1603169381  
2 
3 
4 
4 
2 
3 
5 
5 
6 
3 
5 
5 
5 
3 
3 
2 
2 
4 
2 
3 
4 
4 
4 
5 
4 
3 
3 
4 
4 
5 
5 
3 
2 
4 
2 
5 
2 
5 
1 534037509  
4 
4 
4 
1 1033837444  
3 
5 
2 
1 1687727413  
2 
5 
4 
4 
1 1482742444  
6 
4 
4 
6 
4 
5 
3 
2 
4 
4 
4 
4 
2 
3 
4 
6 
2 
6 
3 
5 
5 
2 
5 
5 
6 
4 
4 
1 129397088  
6 
6 
6 
5 
5 
6 
1 1986919810  
3 
6 
2 
5 
2 
3 
5 
2 
3 
6 
5 
3 
2 
3 
5 
6 
1 2002248914  
1 789270235  
6 
2 
5 
1 907680585  
6 
4 
4 
1 1717994088  
1 1119920458  
1 799755885  
2 
6 
1 799287047  
5 
4 
3 
4 
5 
3 
2 
4 
5 
4 
4 
4 
3 
1 1764211251  
4 
5 
4 
4 
1 1832276046  
2 
1 825077020  
4 
4 
5 
3 
1 1961736416  
6 
6 
4 
2 
2 
3 
1 250514419  
4 
2 
3 
1 1343158379  
2 
5 
2 
6 
6 
2 
2 
4 
2 
3 
5 
5 
4 
4 
3 
6 
3 
2 
3 
5 
5 
1 488150685  
2 
2 
5 
5 
2 
6 
4 
6 
5 
1 952562773  
5 
6 
2 
4 
5 
6 
3 
3 
5 
4 
2 
3 
6 
3 
4 
2 
5 
2 
3 
3 
6 
3 
6 
5 
2 
3 
3 
4 
6 
6 
5 
1 1320133770  
5 
1 122898147  
1 852134451  
6 
4 
2 
4 
6 
4 
3 
6 
2 
3 
1 1309513570  
5 
2 
1 1503991431  
1 196884158  
1 1792516236  
2 
2 
3 
2 
6 
2 
1 1064784503  
1 797783830  
5 
5 
3 
3 
5 
3 
4 
2 
2 
3 
1 1248201969  
2 
3 
6 
4 
5 
4 
4 
6 
3 
3 
2 
1 1598822012  
1 1831621274  
5 
2 
4 
4 
5 
1 788445735  
2 
1 934080809  
6 
6 
2 
5 
2 
1 1961018362  
4 
2 
1 627881897  
3 
3 
5 
1 788846075  
4 
2 
2 
2 
5 
5 
5 
6 
4 
1 602804950  
3 
4 
5 
5 
4 
5 
1 1535562482  
4 
6 
3 
5 
2 
3 
4 
1 359356515  
5 
3 
1 1722725408  
2 
3 
3 
5 
2 
1 187834720  
6 
6 
5 
3 
1 1158643562  
4 
5 
2 
6 
3 
5 
6 
2 
1 1339453012  
5 
1 2020110766  
4 
2 
3 
4 
4 
5 
3 
1 1983720582  
5 
6 
1 1153705780  
6 
3 
1 123141537  
4 
6 
1 1179395313  
5 
3 
1 1641856465  
6 
2 
1 1075704310  
2 
3 
4 
4 
4 
2 
2 
1 352045435  
2 
5 
1 1764754613  
4 
2 
6 
6 
5 
4 
2 
6 
1 1927838762  
2 
2 
1 1661559005  
4 
1 1121262396  
1 2124722920  
2 
4 
3 
1 1306591594  
5 
6 
5 
3 
6 
2 
6 
1 38563252  
3 
2 
2 
5 
5 
6 
5 
4 
6 
4 
3 
3 
3 
5 
2 
5 
1 775023102  
2 
5 
4 
4 
6 
6 
6 
2 
1 407309915  
3 
3 
2 
3 
4 
5 
5 
6 
6 
5 
6 
4 
1 1637385264  
5 
5 
4 
2 
3 
4 
3 
6 
1 459160729  
4 
4 
3 
6 
1 1195755650  
5 
3 
6 
3 
4 
4 
6 
5 
6 
6 
2 
5 
6 
3 
1 423982425  
3 
4 
1 272695443  
5 
5 
2 
6 
3 
4 
1 1823637548  
1 1212828500  
3 
5 
2 
5 
2 
6 
2 
3 
6 
4 
6 
3 
6 
1 875500393  
4 
1 1211716382  
5 
6 
3 
4 
2 
2 
6 
5 
5 
4 
1 1572185015  
3 
4 
5 
3 
3 
3 
3 
3 
1 450742154  
3 
3 
3 
6 
5 
1 1399551102  
5 
2 
6 
6 
2 
3 
4 
6 
6 
3 
4 
1 583344929  
6 
2 
3 
3 
4 
4 
5 
3 
2 
2 
6 
2 
2 
5 
1 1790195166  
4 
4 
6 
6 
6 
2 
3 
4 
4 
2 
3 
1 1272178221  
3 
5 
1 419581863  
2 
2 
2 
4 
5 
6 
3 
4 
6 
4 
2 
3 
1 796417298  
5 
1 1395319758  
2 
1 1598977177  
1 290790115  
2 
3 
3 
6 
4 
5 
1 323540421  
5 
4 
4 
1 1951022612  
1 2055544728  
3 
6 
2 
4 
4 
4 
4 
4 
6 
3 
3 
6 
3 
1 103895535  
1 1465097970  
5 
3 
1 1029323477  
2 
5 
5 
6 
1 81134807  
5 
1 624205916  
5 
3 
4 
2 
5 
1 1067886729  
2 
5 
6 
6 
6 
6 
6 
1 856157909  
2 
1 1031515831  
5 
5 
1 557788345  
3 
1 1315318638  
1 79787834  
2 
6 
3 
3 
4 
5 
5 
2 
6 
6 
2 
1 981770771  
1 1588014082  
3 
4 
6 
1 1903425382  
2 
2 
3 
1 47115623  
4 
5 
3 
1 316030827  
6 
2 
1 967658116  
2 
5 
2 
5 
3 
5 
5 
4 
4 
1 1619300639  
5 
4 
6 
1 766772981  
3 
3 
4 
1 219725571  
2 
4 
3 
1 55161920  
5 
5 
2 
6 
2 
2 
5 
2 
1 409484499  
3 
2 
1 1491903792  
2 
2 
4 
4 
6 
2 
1 474743784  
4 
1 1205901797  
3 
5 
1 739739902  
5 
2 
1 2073720961  
5 
1 1496691913  
1 1063280323  
2 
1 1877259925  
1 1404752993  
5 
5 
4 
4 
5 
4 
1 1167175858  
2 
5 
3 
5 
4 
1 1194874247  
5 
6 
6 
1 286592822  
6 
6 
6 
4 
4 
4 
3 
2 
3 
2 
5 
2 
1 1248310665  
6 
3 
5 
2 
4 
1 1819080163  
5 
2 
3 
3 
5 
4 
6 
3 
5 
4 
4 
4 
3 
3 
1 1354479551  
4 
2 
2 
1 2104468575  
2 
1 703112347  
6 
1 1912267897  
3 
3 
4 
1 1272303565  
5 
4 
6 
2 
1 782900181  
1 746555020  
4 
4 
4 
6 
5 
6 
1 712833999  
6 
6 
2 
5 
3 
6 
2 
5 
5 
6 
1 538841915  
4 
3 
3 
3 
4 
3 
6 
4 
1 793670643  
5 
2 
5 
3 
4 
5 
1 1028864827  
1 1506500031  
4 
6 
1 265487634  
2 
5 
6 
3 
3 
1 1795637808  
1 1726225602  
5 
5 
3 
5 
3 
5 
4 
6 
2 
4 
1 320649555  
1 57638660  
3 
1 1070645746  
5 
3 
3 
6 
3 
5 
6 
6 
6 
3 
3 
4 
6 
4 
5 
6 
3 
1 795393339  
1 1263540457  
3 
5 
4 
5 
3 
6 
3 
1 1810385649  
5 
1 721630652  
5 
2 
1 612748722  
4 
5 
4 
2 
1 726182324  
3 
5 
6 
3 
1 451406929  
1 2017501716  
1 1893358183  
4 
6 
1 1646281177  
2 
2 
4 
3 
4 
3 
3 
4 
6 
6 
3 
5 
2 
5 
4 
6 
4 
6 
4 
6 
3 
5 
2 
5 
5 
2 
6 
1 156610890  
5 
2 
4 
6 
3 
3 
6 
2 
2 
4 
4 
5 
1 994185200  
6 
6 
5 
3 
5 
4 
5 
1 1317877692  
1 1511090442  
2 
3 
3 
1 951170127  
6 
2 
2 
5 
5 
1 2020990039  
2 
6 
2 
5 
5 
6 
5 
1 1275874691  
2 
2 
6 
4 
2 
3 
6 
4 
6 
1 75990045  
5 
6 
3 
1 656406572  
1 2022429711  
6 
5 
1 788824044  
4 
6 
3 
3 
5 
2 
3 
1 1195248487  
5 
2 
4 
6 
5 
5 
2 
2 
1 668616706  
3 
1 1817688871  
5 
2 
6 
6 
4 
2 
3 
6 
5 
6 
5 
3 
6 
4 
1 554264871  
3 
6 
1 934104341  
6 
1 1465843032  
1 133006825  
3 
4 
4 
1 1254753896  
6 
2 
2 
1 1523481692  
1 1203652572  
5 
6 
5 
4 
6 
6 
4 
1 2050147235  
3 
5 
3 
2 
3 
2 
2 
3 
6 
5 
6 
2 
1 639538501  
5 
2 
2 
2 
4 
5 
6 
3 
6 
3 
5 
2 
4 
2 
6 
1 866554573  
2 
1 624294239  
4 
3 
5 
2 
5 
4 
5 
6 
5 
3 
4 
3 
4 
1 1252287224  
4 
4 
5 
6 
6 
6 
2 
2 
1 1592736897  
3 
5 
2 
2 
3 
6 
1 1075701168  
1 1122305292  
6 
6 
4 
1 1338611432  
6 
6 
1 574498697  
4 
2 
3 
6 
6 
1 1278916182  
6 
6 
1 185312985  
4 
1 1892376390  
4 
4 
6 
6 
1 642522976  
1 1136483112  
4 
5 
4 
3 
5 
4 
4 
6 
2 
4 
2 
4 
4 
3 
6 
4 
6 
2 
6 
2 
4 
2 
3 
3 
5 
2 
3 
1 1765882781  
6 
2 
3 
4 
4 
6 
5 
2 
1 1918397667  
5 
2 
2 
1 1212473157  
4 
5 
5 
3 
1 274805706  
2 
5 
6 
5 
6 
3 
1 1793343730  
2 
2 
3 
3 
5 
2 
6 
2 
1 2001297202  
2 
1 1470054193  
4 
1 314476789  
2 
1 1671502425  
4 
6 
5 
2 
1 2024319064  
4 
2 
4 
3 
1 1248581130  
5 
4 
6 
4 
6 
6 
5 
3 
6 
3 
1 989861809  
4 
4 
5 
3 
4 
4 
3 
5 
2 
2 
5 
3 
6 
4 
4 
2 
1 9842242  
6 
3 
5 
4 
3 
6 
2 
4 
2 
1 355851378  
3 
6 
3 
1 365859853  
4 
5 
2 
6 
2 
5 
3 
2 
2 
2 
2 
5 
3 
5 
5 
2 
1 1213494814  
6 
1 258514965  
2 
1 1005398355  
4 
4 
5 
4 
2 
6 
2 
2 
1 2080049387  
2 
6 
6 
3 
5 
2 
5 
1 882809204  
2 
1 110201931  
2 
1 1525302636  
4 
1 1958510372  
1 1232507223  
4 
3 
1 716430421  
2 
5 
2 
4 
4 
3 
6 
5 
5 
5 
2 
6 
4 
5 
6 
2 
2 
5 
3 
5 
3 
4 
4 
1 385525422  
5 
5 
5 
1 363939757  
2 
2 
4 
1 901743406  
1 130418164  
3 
3 
3 
1 1006462734  
5 
4 
4 
4 
3 
4 
4 
2 
2 
3 
1 2038226518  
2 
5 
2 
6 
5 
1 1896300945  
1 777376753  
6 
1 1103216028  
1 23623003  
5 
3 
4 
5 
6 
6 
1 423236836  
5 
4 
2 
1 957029582  
5 
6 
3 
5 
4 
2 
6 
5 
6 
4 
2 
4 
2 
2 
2 
2 
4 
6 
2 
6 
5 
1 1493677197  
3 
3 
5 
2 
3 
1 737713625  
5 
1 481048359  
2 
4 
6 
3 
4 
1 1370512613  
3 
6 
6 
6 
6 
2 
5 
4 
3 
4 
4 
2 
3 
6 
4 
1 1986294755  
5 
1 1470910169  
6 
3 
6 
5 
6 
4 
1 1380354855  
2 
4 
1 194662485  
3 
1 1836770022  
4 
5 
2 
3 
6 
2 
6 
1 446366021  
6 
1 453177450  
2 
3 
4 
2 
5 
5 
4 
3 
3 
6 
3 
1 694684729  
1 378931760  
3 
5 
5 
3 
5 
3 
1 1335986654  
2 
5 
4 
5 
2 
1 804886660  
3 
5 
3 
4 
3 
1 1904234397  
6 
2 
2 
3 
6 
4 
6 
2 
6 
3 
3 
3 
5 
1 1147013378  
6 
3 
1 2037393883  
3 
4 
1 473181170  
1 1532538800  
2 
5 
5 
3 
5 
6 
3 
1 253849993  
2 
2 
6 
6 
3 
4 
5 
4 
1 1374924576  
6 
3 
3 
1 1662956964  
5 
4 
6 
4 
6 
3 
6 
4 
3 
2 
2 
3 
1 1260312727  
2 
4 
3 
1 1265667446  
4 
4 
5 
6 
3 
5 
6 
6 
4 
5 
1 1411774262  
4 
4 
3 
4 
1 2037689480  
3 
3 
3 
3 
6 
5 
6 
5 
3 
3 
4 
6 
5 
4 
3 
2 
2 
6 
4 
6 
3 
2 
1 221399826  
5 
2 
6 
3 
3 
4 
4 
3 
2 
3 
5 
6 
1 1435397265  
1 313442668  
2 
1 1178429408  
6 
5 
2 
1 781590814  
6 
2 
2 
2 
5 
1 1051156293  
2 
2 
3 
6 
4 
4 
6 
4 
6 
1 1659477768  
2 
2 
4 
6 
5 
1 4619780  
6 
3 
4 
5 
1 889967400  
3 
3 
5 
6 
5 
5 
2 
1 982904289  
4 
4 
5 
5 
5 
2 
3 
2 
1 1384974635  
3 
2 
4 
2 
3 
3 
2 
1 1084629885  
6 
6 
4 
2 
4 
6 
5 
6 
6 
2 
2 
5 
2 
3 
3 
5 
2 
6 
4 
5 
3 
3 
1 672190663  
3 
6 
3 
6 
2 
6 
5 
2 
5 
5 
4 
3 
2 
1 1831340657  
6 
4 
5 
5 
5 
5 
5 
1 1537807335  
1 1366875393  
6 
3 
1 62788769  
5 
2 
6 
5 
4 
1 726310341  
2 
2 
1 24278405  
5 
3 
1 1967023166  
6 
6 
4 
6 
6 
2 
4 
1 1873323720  
6 
5 
3 
4 
1 2061672289  
4 
4 
4 
2 
4 
1 292720688  
2 
4 
1 1258378872  
4 
6 
5 
1 168038634  
3 
3 
3 
2 
5 
6 
2 
1 1667645264  
2 
6 
5 
4 
2 
2 
1 773852189  
1 1428351361  
4 
4 
4 
1 785829063  
2 
2 
5 
6 
4 
4 
5 
6 
5 
6 
5 
6 
3 
1 38142803  
3 
6 
6 
5 
2 
2 
1 1318557193  
3 
6 
1 1007228889  
3 
1 1473540068  
1 1631999862  
5 
6 
2 
6 
6 
3 
2 
2 
6 
4 
4 
1 38174650  
5 
6 
6 
3 
5 
6 
5 
2 
5 
3 
6 
3 
3 
3 
6 
1 107647235  
2 
3 
3 
1 535672507  
5 
3 
6 
3 
2 
4 
4 
3 
6 
1 1697652418  
1 112267015  
5 
6 
3 
6 
1 1425639908  
2 
5 
1 533073059  
5 
5 
2 
4 
6 
4 
1 1497241650  
6 
3 
1 362786145  
1 1205263722  
3 
2 
5 
2 
2 
4 
2 
3 
4 
6 
6 
2 
6 
6 
5 
5 
3 
2 
2 
1 1181098659  
4 
5 
3 
3 
3 
6 
5 
5 
6 
3 
4 
4 
4 
5 
2 
4 
3 
6 
1 1900593481  
6 
1 424655467  
1 1243887429  
5 
5 
5 
4 
1 479420174  
5 
2 
3 
4 
3 
4 
3 
2 
2 
4 
6 
1 448933873  
2 
5 
3 
4 
3 
2 
3 
4 
2 
6 
6 
4 
6 
5 
3 
3 
4 
6 
5 
3 
4 
5 
4 
3 
5 
3 
1 1063426947  
2 
2 
5 
2 
5 
2 
5 
1 205260246  
3 
6 
2 
2 
6 
5 
1 363122514  
2 
5 
1 1356147636  
6 
6 
3 
4 
4 
1 1463639119  
5 
4 
3 
6 
2 
5 
3 
1 531161148  
2 
4 
6 
4 
5 
3 
6 
5 
3 
4 
5 
4 
4 
4 
4 
3 
1 876309252  
6 
5 
3 
1 90007660  
5 
1 1959512509  
3 
5 
2 
2 
3 
3 
6 
3 
6 
2 
1 1662138315  
3 
2 
2 
6 
6 
2 
3 
3 
1 128150463  
2 
3 
4 
2 
5 
3 
3 
3 
5 
1 1130586054  
5 
4 
3 
4 
1 521883557  
6 
4 
2 
2 
5 
2 
4 
1 1601690531  
4 
3 
6 
2 
2 
1 615102268  
6 
5 
6 
5 
3 
4 
6 
6 
4 
4 
5 
2 
5 
5 
6 
2 
1 560058207  
1 1709337766  
1 1150774776  
6 
4 
1 110226977  
5 
5 
2 
1 1821604781  
2 
6 
2 
1 428931036  
6 
4 
3 
3 
5 
5 
6 
5 
4 
3 
5 
2 
3 
6 
3 
5 
5 
2 
4 
6 
4 
5 
4 
1 643300036  
5 
2 
1 1171362784  
5 
6 
1 791717181  
2 
2 
6 
2 
2 
5 
4 
6 
2 
6 
6 
6 
5 
3 
3 
6 
2 
4 
4 
4 
2 
3 
2 
2 
6 
3 
3 
4 
3 
1 1848563758  
3 
2 
5 
4 
5 
6 
3 
3 
4 
1 204977795  
1 544827014  
6 
2 
3 
2 
6 
6 
3 
2 
2 
3 
5 
3 
3 
5 
3 
1 125735578  
1 1448865224  
5 
2 
1 1024247189  
5 
2 
1 574669451  
1 364808524  
3 
1 1229507435  
3 
5 
5 
5 
6 
2 
5 
3 
6 
1 937791965  
4 
6 
1 1720956160  
1 545662906  
1 1468953113  
6 
2 
6 
5 
4 
6 
4 
4 
5 
4 
6 
1 449781764  
5 
2 
3 
1 635670566  
6 
5 
4 
2 
3 
5 
4 
3 
6 
5 
6 
4 
5 
6 
5 
4 
3 
3 
5 
4 
3 
1 1280981974  
4 
1 2111920080  
2 
2 
1 763821029  
6 
3 
5 
1 264084380  
1 486319989  
5 
3 
4 
4 
6 
5 
5 
4 
6 
6 
3 
2 
1 218027913  
1 879186649  
5 
4 
6 
5 
6 
6 
1 1046378196  
3 
2 
2 
6 
5 
2 
1 1927365679  
6 
4 
1 2029961425  
2 
5 
1 1156605173  
6 
1 1601486813  
5 
3 
6 
3 
3 
1 311408813  
3 
6 
4 
4 
1 1799905209  
3 
5 
4 
1 625365949  
4 
4 
4 
5 
5 
6 
5 
1 1103125994  
5 
5 
3 
2 
6 
2 
5 
6 
2 
4 
5 
6 
5 
3 
4 
1 1500985319  
1 830343744  
5 
1 1647953009  
4 
1 1626720897  
4 
2 
6 
1 131725321  
3 
2 
6 
4 
2 
5 
3 
3 
5 
6 
5 
2 
3 
6 
1 524716550  
5 
2 
3 
4 
6 
4 
6 
6 
5 
5 
5 
3 
1 53906700  
6 
6 
3 
1 496533845  
3 
2 
5 
2 
1 1754223985  
1 991698665  
3 
1 70006357  
6 
4 
2 
6 
1 152403244  
4 
2 
6 
4 
6 
4 
4 
2 
4 
2 
1 313168130  
1 519788121  
4 
5 
4 
3 
6 
1 788073810  
5 
4 
6 
5 
1 1594150104  
6 
4 
1 484224553  
4 
1 1551894840  
4 
5 
1 1858234485  
4 
1 970544542  
4 
3 
3 
2 
3 
2 
3 
5 
5 
5 
3 
2 
6 
5 
1 1769922753  
5 
5 
2 
6 
6 
1 589937486  
1 2016922738  
1 1549804784  
5 
5 
2 
3 
3 
3 
4 
1 472415263  
1 1026044263  
1 1003807949  
2 
4 
2 
5 
1 783824076  
4 
2 
1 678465824  
1 1629173898  
6 
2 
3 
3 
4 
2 
2 
3 
2 
1 1886950070  
5 
2 
2 
6 
3 
1 31967496  
3 
5 
3 
4 
1 312033995  
1 1387419431  
5 
5 
1 1658688393  
3 
1 443759316  
3 
3 
4 
6 
2 
1 1912135981  
2 
6 
4 
4 
4 
3 
1 1712595094  
1 940293161  
5 
4 
3 
5 
5 
1 1518876319  
5 
6 
5 
6 
3 
5 
3 
5 
1 556810111  
6 
3 
2 
1 1010299518  
2 
1 1671279563  
2 
4 
6 
4 
5 
5 
5 
3 
2 
1 869978242  
1 1530087639  
3 
2 
6 
3 
6 
6 
2 
5 
1 311869725  
3 
6 
4 
2 
2 
3 
3 
1 316644698  
5 
4 
2 
5 
1 2014312193  
6 
2 
5 
5 
1 1863764565  
3 
3 
6 
6 
4 
6 
5 
1 27395535  
3 
1 837373087  
2 
3 
1 1486203670  
1 617333021  
4 
4 
1 706812178  
4 
5 
2 
6 
1 888524807  
6 
1 1089748284  
4 
3 
4 
1 1732856441  
1 1892332756  
4 
1 1873572360  
1 263838618  
2 
1 1374023007  
4 
6 
4 
2 
4 
3 
2 
2 
2 
3 
1 1613038783  
4 
1 295806114  
2 
5 
3 
2 
3 
6 
4 
6 
4 
5 
5 
5 
6 
5 
2 
5 
5 
1 1686057002  
4 
1 852974566  
6 
3 
6 
5 
2 
5 
4 
2 
4 
6 
2 
1 1954494507  
2 
1 2129816318  
1 617626900  
5 
5 
6 
3 
1 1519605953  
4 
3 
4 
2 
1 922625831  
1 2136503219  
4 
1 2076416065  
2 
2 
2 
4 
3 
2 
3 
3 
6 
1 1932925349  
5 
2 
4 
2 
2 
3 
1 1660299134  
1 798910659  
1 1315529340  
6 
2 
2 
5 
1 1972168859  
5 
5 
5 
4 
4 
6 
1 1115555357  
3 
2 
4 
2 
2 
2 
6 
2 
2 
6 
6 
3 
5 
1 1182357885  
6 
1 1688449777  
5 
4 
1 1142950893  
3 
5 
2 
5 
1 2019730973  
3 
6 
6 
2 
5 
1 1027169799  
1 1760283914  
6 
5 
5 
1 579059503  
3 
1 1915694606  
2 
6 
6 
5 
4 
6 
2 
2 
3 
2 
6 
6 
4 
6 
1 702548551  
2 
5 
3 
5 
6 
2 
5 
6 
2 
6 
6 
6 
4 
3 
6 
4 
1 164432296  
2 
3 
6 
4 
4 
5 
2 
5 
3 
1 1660543715  
3 
2 
5 
1 428637263  
3 
6 
1 428270914  
3 
2 
3 
5 
4 
1 887083074  
5 
2 
5 
2 
2 
3 
1 2041676046  
3 
2 
4 
4 
6 
3 
5 
5 
1 724077028  
2 
6 
3 
6 
2 
6 
2 
5 
3 
1 425656428  
6 
1 747166965  
4 
3 
2 
1 531087888  
6 
5 
3 
6 
4 
3 
4 
4 
1 407989098  
4 
1 1364793865  
3 
4 
6 
3 
4 
6 
4 
1 2050693841  
6 
5 
2 
6 
5 
1 1330614929  
5 
3 
2 
2 
1 1353813436  
3 
5 
4 
3 
5 
4 
3 
3 
2 
3 
6 
5 
5 
3 
5 
5 
6 
3 
3 
6 
1 1979626258  
5 
2 
2 
6 
6 
3 
1 1116056630  
6 
6 
5 
6 
1 866628922  
1 631053269  
4 
6 
4 
4 
5 
1 284102322  
6 
4 
3 
6 
3 
2 
6 
4 
6 
4 
5 
1 691314133  
6 
3 
2 
4 
3 
1 1746608627  
3 
2 
3 
5 
2 
3 
2 
2 
4 
4 
1 1466460208  
5 
6 
6 
5 
3 
1 232280262  
3 
5 
6 
6 
4 
6 
1 742075872  
1 1338707533  
1 1259450062  
6 
2 
6 
3 
1 354876138  
5 
4 
5 
3 
3 
1 1917767036  
3 
3 
5 
6 
3 
6 
2 
4 
3 
6 
2 
4 
5 
3 
4 
2 
5 
4 
1 1027661020  
4 
4 
5 
1 1057424689  
6 
3 
2 
6 
6 
4 
2 
6 
2 
6 
3 
5 
2 
6 
3 
5 
6 
2 
3 
5 
3 
4 
2 
6 
3 
3 
2 
2 
3 
4 
1 2082199332  
4 
1 540721087  
4 
3 
1 1486061953  
2 
4 
1 362986599  
3 
1 1427804161  
2 
3 
4 
5 
1 1380254351  
1 1087063627  
2 
4 
2 
6 
5 
2 
3 
5 
3 
1 1853460589  
2 
5 
2 
3 
6 
3 
4 
4 
5 
1 2127421316  
2 
6 
3 
5 
1 1618151515  
6 
3 
3 
4 
1 113966039  
4 
6 
2 
3 
2 
5 
6 
6 
1 1344731533  
4 
1 1521361709  
6 
5 
2 
2 
5 
2 
6 
1 1444580968  
6 
3 
4 
4 
2 
1 551061321  
4 
1 1353504319  
6 
4 
2 
4 
5 
1 413153950  
5 
3 
4 
1 1417690243  
2 
1 1984557589  
6 
4 
2 
1 697256273  
6 
3 
1 2109004377  
4 
6 
5 
1 1583682568  
6 
3 
5 
1 16232833  
3 
1 193800991  
4 
6 
2 
5 
1 178274792  
5 
2 
4 
4 
1 1354940366  
5 
3 
4 
1 1453251053  
5 
3 
5 
6 
1 533150930  
4 
2 
3 
6 
3 
5 
2 
6 
4 
2 
3 
4 
1 1125223754  
5 
2 
5 
6 
2 
1 333428426  
6 
5 
2 
1 1590575620  
4 
5 
3 
4 
2 
5 
6 
4 
6 
2 
5 
5 
4 
6 
1 1059939438  
6 
3 
6 
3 
5 
1 874149513  
5 
1 929153925  
4 
2 
6 
2 
5 
3 
6 
3 
1 1422926037  
6 
6 
6 
5 
5 
3 
5 
6 
6 
1 154470027  
2 
4 
6 
4 
5 
3 
5 
2 
1 161924628  
5 
3 
5 
3 
4 
4 
3 
5 
3 
4 
1 362506017  
1 2007930616  
5 
4 
6 
3 
4 
1 141862297  
2 
3 
5 
2 
5 
6 
1 1980657532  
5 
4 
6 
5 
5 
6 
4 
2 
2 
2 
4 
1 2121896656  
3 
2 
5 
6 
2 
2 
4 
4 
1 1486593830  
6 
3 
6 
5 
1 1354535593  
1 1418993976  
4 
5 
1 2037655152  
3 
3 
1 560556265  
3 
2 
2 
6 
6 
6 
5 
5 
2 
2 
3 
3 
6 
4 
3 
5 
4 
3 
4 
5 
4 
2 
3 
4 
6 
3 
5 
1 1832147927  
2 
1 1307861747  
2 
3 
4 
4 
3 
2 
1 397630206  
3 
3 
1 381920552  
2 
1 1269382476  
1 1981312774  
3 
2 
2 
6 
1 398153385  
1 1463183468  
4 
2 
3 
3 
4 
2 
4 
2 
6 
4 
3 
4 
3 
6 
5 
2 
5 
4 
5 
2 
2 
3 
1 12103918  
4 
6 
2 
6 
2 
1 1753093751  
5 
2 
2 
1 768950873  
3 
5 
1 545254848  
5 
2 
3 
6 
6 
6 
4 
2 
6 
4 
6 
5 
1 730833857  
5 
3 
1 1102379299  
6 
6 
5 
6 
4 
6 
2 
4 
1 2135830468  
6 
2 
4 
5 
1 1790773295  
2 
4 
3 
4 
1 1976528813  
4 
6 
3 
2 
1 917500745  
3 
4 
5 
5 
2 
1 1066215685  
5 
4 
2 
4 
2 
4 
2 
2 
6 
6 
3 
5 
6 
6 
5 
5 
1 2130998840  
1 1079425374  
5 
5 
2 
1 1428721702  
2 
3 
6 
6 
2 
4 
5 
3 
2 
4 
3 
4 
2 
2 
1 1991445808  
4 
3 
6 
2 
4 
4 
5 
6 
1 1221287671  
5 
5 
1 1261895586  
6 
5 
1 1965858816  
3 
1 560397853  
3 
4 
6 
6 
6 
6 
4 
1 468947532  
5 
6 
2 
4 
2 
1 1237369145  
4 
5 
4 
5 
2 
5 
2 
5 
6 
2 
3 
5 
1 450569357  
3 
5 
4 
2 
5 
4 
2 
2 
1 1029503797  
2 
1 922033424  
6 
5 
5 
4 
1 1758431105  
4 
1 1427134003  
5 
5 
6 
3 
6 
4 
2 
4 
4 
3 
5 
5 
4 
3 
1 1303953976  
5 
4 
1 880329933  
1 1260963129  
5 
5 
5 
5 
1 1702107361  
1 196029753  
3 
2 
4 
3 
4 
1 1273067047  
2 
2 
1 1307717464  
1 964980627  
4 
5 
2 
2 
1 1818321895  
4 
6 
3 
3 
5 
2 
1 2038551321  
1 2067359926  
1 1806668716  
2 
4 
1 1681840968  
4 
2 
3 
1 1896405091  
6 
2 
2 
1 576685813  
6 
2 
6 
3 
2 
2 
4 
6 
4 
3 
6 
5 
1 600573005  
2 
6 
2 
3 
1 1879920283  
1 1656111187  
6 
3 
3 
6 
3 
2 
1 2029294707  
4 
2 
5 
1 1723882444  
3 
5 
3 
6 
5 
3 
2 
1 729915210  
6 
3 
1 1143706646  
3 
3 
6 
2 
6 
3 
5 
3 
2 
2 
2 
5 
6 
5 
2 
6 
4 
6 
2 
4 
4 
6 
3 
5 
5 
2 
4 
3 
5 
6 
3 
3 
2 
4 
6 
2 
4 
5 
4 
6 
4 
5 
5 
4 
2 
6 
5 
5 
4 
4 
1 1542257612  
4 
2 
2 
3 
5 
2 
6 
2 
6 
3 
5 
3 
1 1290313064  
5 
6 
4 
3 
6 
2 
5 
1 1612654178  
2 
1 632143109  
1 1740882421  
3 
1 494674327  
3 
5 
5 
2 
4 
3 
4 
5 
2 
3 
4 
3 
6 
6 
4 
5 
2 
5 
2 
2 
4 
6 
4 
3 
2 
5 
1 1554176533  
3 
6 
5 
2 
4 
3 
5 
4 
6 
1 1351829878  
3 
1 1921808330  
5 
2 
6 
1 710646861  
1 84676164  
3 
2 
4 
4 
3 
3 
5 
3 
5 
1 1035287811  
3 
6 
6 
3 
5 
2 
1 265270574  
1 280705917  
1 160871210  
3 
5 
4 
5 
2 
2 
2 
5 
5 
2 
3 
2 
3 
5 
6 
6 
5 
2 
3 
5 
6 
2 
2 
1 1572988038  
4 
1 1245686544  
6 
3 
2 
2 
5 
2 
6 
2 
1 1979193105  
3 
2 
3 
2 
4 
6 
6 
3 
3 
2 
5 
6 
6 
3 
3 
1 1464055711  
2 
2 
5 
5 
1 1165562823  
5 
3 
2 
1 1638378173  
4 
3 
1 998413032  
4 
1 914484266  
2 
1 67580339  
3 
3 
6 
6 
5 
3 
2 
6 
5 
2 
2 
6 
4 
2 
1 1598986037  
6 
2 
1 646920902  
3 
1 1723691526  
5 
3 
3 
2 
5 
4 
6 
5 
4 
4 
2 
6 
3 
6 
6 
2 
3 
1 1480797097  
3 
3 
5 
5 
2 
2 
3 
4 
4 
1 223319698  
1 306123089  
3 
3 
3 
5 
1 477020095  
5 
1 1765577310  
2 
2 
4 
4 
6 
3 
4 
5 
4 
5 
1 1596436153  
3 
6 
3 
2 
2 
4 
3 
1 2089674273  
2 
1 250236772  
4 
3 
3 
1 1189834926  
2 
3 
3 
3 
2 
4 
3 
3 
4 
6 
2 
6 
6 
5 
5 
5 
4 
6 
2 
3 
1 436864952  
2 
6 
2 
5 
4 
2 
2 
5 
1 1804413305  
5 
2 
3 
4 
4 
4 
2 
1 394181157  
2 
6 
4 
1 211189634  
3 
6 
3 
2 
3 
1 367576519  
3 
3 
6 
2 
6 
6 
3 
6 
2 
3 
3 
2 
2 
3 
1 478857321  
4 
6 
6 
5 
1 1246477445  
1 632847093  
4 
3 
2 
2 
4 
3 
1 759563238  
6 
6 
2 
3 
3 
5 
6 
1 1407348655  
2 
2 
1 58351484  
5 
3 
3 
1 2005249783  
6 
6 
6 
3 
3 
4 
6 
4 
2 
1 1239058112  
6 
5 
5 
1 1522407195  
5 
3 
4 
6 
1 1023328958  
3 
3 
2 
2 
3 
4 
1 729952638  
5 
6 
1 373336579  
3 
2 
5 
4 
6 
5 
4 
2 
2 
1 1937813224  
6 
6 
4 
4 
4 
3 
6 
3 
2 
4 
2 
4 
3 
1 797532977  
3 
3 
5 
6 
5 
4 
1 1972322617  
1 437250478  
6 
5 
1 373740855  
2 
1 1305636066  
5 
1 660570176  
1 679863944  
5 
1 1782656161  
4 
6 
2 
6 
6 
5 
1 278663839  
6 
3 
6 
1 128816449  
6 
2 
6 
3 
4 
5 
5 
4 
6 
4 
2 
4 
2 
4 
2 
2 
1 1724846786  
1 528900611  
5 
5 
6 
1 1318651376  
3 
6 
4 
5 
1 14228090  
1 185830268  
4 
5 
4 
2 
5 
2 
5 
4 
1 1712832533  
4 
4 
3 
1 225417724  
5 
5 
1 553406787  
4 
3 
6 
6 
4 
6 
6 
2 
5 
3 
6 
1 44206206  
5 
6 
3 
2 
6 
3 
1 1471895169  
6 
5 
1 1186253881  
6 
3 
3 
4 
1 803769444  
6 
6 
3 
1 731760176  
6 
6 
4 
2 
2 
5 
5 
6 
1 1244605365  
4 
2 
4 
4 
2 
5 
5 
1 661535579  
1 1970818288  
6 
4 
6 
1 619528912  
2 
6 
2 
2 
6 
4 
5 
4 
5 
5 
3 
1 1684864537  
4 
1 553287278  
4 
1 992865492  
1 1475194114  
5 
2 
1 1350820255  
4 
4 
6 
4 
6 
3 
5 
6 
6 
6 
5 
1 817704461  
6 
3 
1 1912444592  
2 
1 1724561111  
2 
6 
3 
6 
1 2123340527  
3 
4 
2 
1 425531121  
1 256941407  
5 
1 1758513040  
2 
1 704194960  
5 
1 385757857  
1 1335876178  
4 
1 1233095571  
6 
1 1704409233  
6 
5 
2 
1 1350104268  
6 
1 1418925839  
3 
5 
2 
4 
1 1269758118  
1 1575521992  
2 
6 
4 
6 
3 
1 1972332627  
5 
4 
6 
6 
5 
5 
1 1313964324  
2 
3 
3 
2 
3 
4 
1 899933513  
6 
6 
5 
6 
6 
5 
4 
4 
5 
5 
6 
4 
6 
6 
6 
1 1011102860  
4 
4 
4 
3 
6 
1 2117733768  
6 
2 
4 
5 
3 
6 
4 
3 
6 
5 
4 
5 
1 1631693689  
3 
2 
6 
5 
1 108224577  
1 631785700  
4 
3 
5 
5 
5 
4 
5 
3 
2 
2 
2 
6 
3 
5 
2 
6 
4 
2 
3 
4 
3 
1 1455028329  
4 
1 727753489  
5 
4 
5 
6 
1 169166589  
4 
1 2008315608  
3 
3 
3 
3 
1 1720618981  
5 
4 
2 
5 
6 
6 
3 
5 
1 1644360703  
1 1211652215  
6 
2 
1 390839794  
6 
6 
6 
4 
4 
2 
1 1409321648  
4 
5 
3 
5 
2 
4 
3 
3 
2 
5 
1 788729678  
5 
3 
6 
6 
1 366696673  
5 
4 
2 
1 1834852769  
4 
5 
6 
4 
2 
4 
4 
4 
6 
3 
6 
2 
3 
1 1045671086  
4 
3 
2 
4 
3 
2 
6 
2 
3 
1 2125209713  
6 
3 
6 
3 
1 391564081  
4 
3 
5 
6 
5 
1 1431428943  
6 
3 
4 
5 
6 
2 
1 1313602243  
5 
3 
4 
6 
1 1624659652  
5 
3 
2 
3 
3 
1 988354528  
6 
1 516222863  
6 
1 896101843  
1 110628998  
5 
3 
5 
4 
1 2091744855  
4 
2 
5 
6 
3 
4 
2 
4 
2 
6 
4 
6 
3 
1 720950822  
1 1424593322  
1 844194720  
5 
5 
6 
1 1732053682  
5 
4 
2 
6 
5 
5 
6 
1 1394843442  
2 
4 
4 
3 
2 
6 
3 
1 328404761  
1 1840278259  
3 
6 
6 
3 
1 2026629142  
4 
5 
5 
5 
1 1783433091  
1 420548101  
2 
1 48312084  
3 
6 
5 
2 
5 
3 
3 
5 
3 
6 
4 
6 
1 1644265051  
5 
1 2141167082  
3 
5 
6 
4 
5 
5 
4 
2 
6 
6 
4 
3 
4 
3 
2 
6 
2 
2 
6 
6 
6 
3 
5 
5 
6 
3 
2 
1 1692672787  
2 
1 708433618  
5 
6 
3 
2 
1 384523229  
2 
2 
6 
4 
1 954510787  
4 
6 
2 
1 1497163297  
1 751219902  
2 
4 
2 
6 
5 
6 
5 
1 641879908  
2 
6 
4 
2 
2 
2 
3 
5 
5 
2 
2 
6 
6 
3 
3 
4 
1 395350735  
1 728945968  
6 
3 
4 
6 
5 
1 1033443989  
2 
6 
6 
5 
5 
2 
2 
1 1826779678  
1 2042548211  
3 
5 
5 
5 
2 
3 
1 510619993  
1 667650558  
3 
2 
2 
4 
2 
5 
5 
4 
4 
3 
3 
4 
6 
1 411287427  
1 1406721837  
1 778279556  
5 
1 355548634  
3 
1 2127672659  
2 
4 
3 
6 
2 
1 55389230  
3 
3 
5 
3 
6 
3 
4 
5 
5 
3 
6 
5 
5 
1 1199743355  
2 
4 
3 
4 
5 
6 
1 1712242694  
2 
6 
1 1450232672  
1 1528148116  
3 
3 
1 1405037305  
6 
2 
4 
3 
2 
4 
1 1329378167  
2 
6 
6 
4 
1 1164097559  
2 
1 1825585406  
3 
3 
2 
2 
1 1377690251  
4 
4 
6 
2 
1 660878962  
1 1819268841  
1 922879390  
4 
1 1369312581  
1 56308422  
3 
5 
3 
1 1877390178  
1 718992230  
3 
1 807528324  
5 
5 
5 
6 
2 
6 
2 
1 371786438  
2 
6 
3 
4 
5 
6 
4 
2 
4 
3 
4 
1 1114342965  
5 
1 1536474292  
4 
6 
3 
5 
2 
5 
2 
3 
6 
2 
5 
1 1405230428  
4 
4 
4 
4 
2 
5 
2 
1 793638995  
5 
5 
5 
2 
4 
5 
2 
1 1431538856  
3 
4 
3 
3 
6 
4 
6 
6 
1 1915850421  
2 
3 
2 
3 
2 
3 
3 
3 
2 
3 
1 1461289553  
2 
3 
3 
3 
2 
2 
4 
1 1842826283  
1 1175088610  
6 
5 
2 
5 
6 
1 92085461  
4 
3 
4 
4 
1 50891269  
2 
1 1155277622  
3 
3 
1 147474691  
2 
3 
2 
2 
5 
2 
5 
3 
2 
1 1250634624  
5 
4 
2 
6 
2 
1 720036668  
4 
1 1597707363  
6 
2 
2 
5 
3 
4 
1 631299093  
5 
4 
2 
2 
1 2125073973  
6 
6 
5 
6 
6 
4 
5 
1 779601882  
4 
5 
4 
1 1795396652  
2 
6 
2 
3 
4 
5 
2 
3 
4 
2 
6 
1 1803175732  
2 
1 9808485  
1 308791967  
4 
4 
5 
5 
2 
6 
5 
1 1474960925  
3 
5 
4 
3 
4 
2 
2 
4 
3 
6 
4 
2 
2 
1 932687876  
6 
1 1678104548  
2 
2 
5 
4 
6 
4 
3 
2 
4 
2 
2 
4 
6 
3 
4 
1 1531269347  
4 
6 
6 
4 
2 
6 
4 
5 
5 
3 
2 
3 
6 
2 
4 
4 
4 
4 
6 
3 
6 
2 
2 
3 
4 
6 
3 
3 
3 
5 
1 662594406  
1 249613130  
6 
4 
5 
6 
3 
4 
6 
3 
2 
4 
2 
4 
3 
5 
2 
2 
3 
2 
6 
6 
2 
6 
3 
2 
4 
4 
4 
1 191314023  
6 
5 
2 
4 
2 
2 
5 
5 
6 
4 
6 
2 
1 1034380844  
3 
4 
6 
1 1363956095  
3 
3 
5 
3 
4 
3 
5 
1 1727788316  
5 
5 
5 
2 
5 
3 
2 
6 
1 292127624  
6 
2 
1 10111442  
2 
3 
2 
5 
5 
6 
3 
1 1011843524  
1 60494398  
6 
6 
5 
5 
1 1471400995  
6 
6 
3 
5 
6 
1 707186159  
4 
2 
1 1235583008  
1 1563486456  
2 
5 
3 
3 
3 
1 758077428  
2 
2 
1 243376982  
1 1710961147  
5 
2 
1 2008712053  
2 
2 
3 
4 
5 
1 963413650  
4 
1 1161184862  
2 
2 
1 492527498  
6 
2 
3 
6 
3 
4 
6 
6 
6 
5 
6 
6 
6 
2 
1 941003976  
2 
5 
4 
2 
3 
2 
2 
4 
1 1940786745  
1 140440502  
2 
5 
5 
3 
1 596696060  
5 
6 
4 
5 
3 
6 
2 
5 
3 
3 
6 
3 
4 
4 
2 
3 
6 
4 
2 
6 
4 
2 
5 
4 
4 
2 
5 
1 1950595230  
1 449232469  
4 
5 
4 
6 
4 
4 
5 
3 
3 
5 
4 
6 
3 
2 
2 
5 
2 
1 2071656985  
4 
3 
4 
1 735799458  
1 2127337017  
6 
4 
1 1455442684  
2 
6 
5 
2 
5 
5 
6 
3 
5 
4 
2 
5 
2 
4 
4 
6 
6 
1 1398393864  
3 
1 229466499  
3 
6 
2 
2 
4 
2 
4 
2 
4 
4 
2 
4 
1 1646756707  
4 
2 
6 
4 
2 
1 285291061  
5 
3 
5 
4 
2 
2 
6 
4 
5 
2 
2 
6 
6 
3 
1 1593422594  
5 
3 
3 
3 
4 
2 
4 
3 
4 
4 
6 
4 
5 
6 
1 1227061375  
1 577418685  
4 
5 
4 
6 
6 
6 
3 
6 
6 
2 
6 
3 
1 1603534036  
1 91421251  
4 
6 
6 
1 637913083  
4 
2 
1 927451383  
3 
2 
5 
1 798607410  
4 
1 1873496092  
3 
5 
4 
5 
1 343454191  
1 1556684839  
1 2116873074  
2 
2 
1 2054415338  
5 
6 
2 
2 
3 
1 1417913244  
2 
3 
6 
2 
5 
4 
1 932803077  
2 
4 
1 1068116553  
3 
6 
2 
1 1910440742  
6 
2 
3 
3 
3 
6 
1 1873807053  
3 
3 
2 
2 
2 
4 
2 
5 
2 
3 
4 
6 
5 
6 
3 
6 
1 861419650  
5 
4 
6 
6 
5 
6 
3 
2 
3 
2 
6 
4 
3 
2 
3 
5 
4 
1 2050881244  
3 
2 
3 
1 323019465  
5 
3 
3 
2 
3 
2 
4 
2 
1 664531232  
5 
2 
3 
3 
4 
3 
3 
5 
2 
6 
2 
3 
6 
2 
6 
1 352630066  
5 
1 247192802  
1 1400330691  
6 
2 
3 
5 
5 
1 332483435  
6 
2 
6 
2 
2 
6 
6 
5 
1 1702635486  
2 
5 
3 
4 
4 
2 
3 
6 
1 651240907  
5 
1 561949935  
1 1201908545  
5 
5 
1 936531968  
4 
3 
1 7888881  
6 
5 
6 
5 
6 
1 281486273  
4 
3 
5 
6 
3 
6 
1 1513950654  
1 1611422918  
1 372907524  
6 
3 
2 
5 
4 
5 
6 
2 
3 
1 4380089  
5 
3 
2 
1 391390653  
1 1171514935  
1 1877876181  
4 
2 
6 
6 
4 
3 
3 
2 
4 
6 
3 
2 
6 
3 
5 
2 
3 
4 
5 
4 
3 
2 
4 
5 
2 
6 
2 
1 734844845  
6 
2 
4 
4 
5 
3 
6 
5 
3 
2 
3 
3 
4 
3 
3 
3 
4 
3 
5 
5 
1 580716126  
5 
3 
3 
2 
5 
3 
5 
2 
6 
4 
6 
1 1847265608  
2 
5 
3 
3 
4 
2 
1 641776535  
1 1998629370  
6 
1 632585037  
1 1709893088  
3 
3 
1 1761586464  
5 
2 
6 
2 
3 
6 
3 
6 
5 
3 
6 
4 
5 
1 358908442  
5 
6 
4 
2 
3 
1 423829090  
5 
5 
1 1664984060  
1 681927907  
3 
5 
6 
3 
1 1088360323  
2 
4 
2 
1 2017614126  
4 
3 
3 
5 
4 
5 
6 
2 
2 
6 
1 929120709  
5 
5 
4 
1 341207366  
1 202613914  
3 
1 484272547  
1 992448273  
1 764563849  
4 
4 
4 
2 
5 
3 
1 1686181092  
3 
1 1928980242  
1 772452730  
6 
5 
4 
2 
3 
5 
4 
5 
1 1967667365  
6 
1 1295447248  
3 
2 
2 
4 
4 
3 
4 
1 236392000  
1 193091242  
2 
4 
1 1299827337  
5 
6 
1 627782654  
5 
6 
3 
6 
4 
2 
5 
1 1364606177  
2 
2 
4 
1 1030219871  
3 
3 
2 
6 
3 
2 
3 
1 1362627499  
6 
5 
5 
4 
5 
6 
5 
2 
6 
2 
2 
3 
4 
3 
3 
6 
4 
4 
4 
6 
3 
3 
4 
1 1945322303  
6 
2 
6 
3 
2 
4 
5 
5 
3 
5 
6 
3 
4 
6 
5 
2 
6 
1 730001831  
1 2004404034  
2 
3 
2 
5 
2 
1 1796468025  
2 
