1 989273636  
1 1909012235  
6 
6 
5 
1 1511236938  
5 
5 
3 
4 
6 
2 
2 
2 
3 
2 
3 
2 
3 
1 1600892079  
4 
4 
4 
3 
5 
5 
5 
6 
1 438556343  
2 
6 
6 
5 
1 220873932  
3 
5 
6 
3 
3 
4 
3 
5 
4 
6 
1 1638446429  
1 555639238  
5 
2 
1 468774821  
5 
4 
5 
5 
6 
5 
1 1543278262  
6 
1 67280578  
2 
1 533931503  
4 
2 
2 
6 
3 
3 
2 
4 
6 
3 
3 
2 
4 
4 
5 
1 2118365151  
5 
6 
3 
1 304910446  
6 
1 573080931  
3 
4 
5 
2 
6 
4 
5 
6 
5 
4 
6 
4 
4 
5 
2 
5 
4 
2 
6 
4 
2 
1 179430149  
4 
6 
5 
6 
3 
4 
2 
4 
4 
5 
1 822030512  
6 
2 
6 
1 110387944  
4 
3 
5 
2 
3 
2 
3 
2 
5 
1 1051680745  
5 
3 
5 
1 1022015214  
2 
6 
2 
3 
1 261124689  
3 
6 
4 
4 
3 
3 
1 146083608  
5 
2 
5 
4 
5 
2 
2 
1 1372554528  
5 
5 
5 
6 
5 
1 1621915493  
6 
4 
5 
3 
3 
6 
1 2130170890  
4 
5 
5 
2 
1 351216980  
2 
6 
4 
3 
2 
1 451405706  
2 
1 7873931  
3 
3 
1 309392647  
3 
4 
6 
3 
4 
5 
4 
5 
6 
5 
1 1280190339  
2 
6 
1 364656755  
2 
5 
5 
5 
1 1298666284  
5 
6 
1 1041718927  
4 
3 
1 1875893693  
6 
3 
1 752074715  
2 
6 
4 
2 
2 
5 
6 
1 1480275270  
1 2096767626  
6 
4 
5 
2 
2 
3 
1 243037496  
4 
5 
1 2035914509  
1 418058799  
5 
4 
1 1786315758  
6 
4 
2 
4 
6 
4 
5 
2 
3 
1 2103195087  
1 951990302  
5 
5 
4 
5 
3 
2 
2 
2 
5 
1 1757197262  
2 
1 260621886  
2 
6 
6 
1 1525071234  
5 
5 
1 1936627411  
3 
4 
4 
2 
3 
6 
6 
2 
2 
5 
6 
3 
1 1082652398  
4 
2 
5 
2 
2 
4 
4 
1 1635459178  
1 840824508  
5 
2 
1 2104667612  
3 
3 
2 
6 
4 
1 1896583868  
4 
5 
5 
1 986908117  
4 
2 
2 
2 
2 
5 
5 
3 
4 
6 
2 
3 
1 1329738492  
2 
2 
3 
5 
3 
3 
1 1371015713  
2 
2 
2 
2 
2 
3 
3 
5 
5 
1 969595359  
6 
6 
6 
6 
3 
6 
6 
6 
4 
4 
6 
1 1680955473  
6 
2 
5 
5 
4 
5 
4 
4 
1 1822421419  
5 
4 
2 
3 
6 
5 
1 977469290  
2 
3 
3 
1 1990348120  
5 
3 
1 955128111  
4 
4 
2 
5 
4 
5 
4 
6 
1 1342126046  
2 
3 
2 
3 
6 
2 
6 
2 
6 
4 
4 
2 
1 1141530756  
3 
5 
4 
2 
6 
4 
4 
5 
1 1996847038  
5 
3 
5 
4 
4 
3 
5 
4 
2 
6 
2 
4 
2 
6 
5 
2 
4 
3 
4 
6 
4 
6 
6 
1 1070536091  
6 
2 
4 
2 
4 
4 
4 
1 1893605471  
4 
3 
2 
5 
6 
6 
6 
3 
4 
1 1329638660  
3 
2 
6 
2 
3 
5 
1 1019820069  
2 
1 2136642967  
1 1218069521  
3 
6 
3 
5 
3 
2 
4 
6 
4 
5 
6 
5 
2 
4 
1 1437878868  
3 
6 
6 
3 
2 
1 1775475078  
4 
2 
2 
2 
4 
6 
2 
1 1173780961  
4 
4 
2 
2 
3 
3 
3 
3 
6 
5 
5 
4 
3 
6 
6 
4 
6 
5 
4 
3 
5 
1 242385523  
3 
3 
3 
6 
6 
1 1385188692  
1 1434402847  
6 
1 1767456757  
5 
2 
5 
1 1174332455  
3 
4 
6 
3 
3 
1 369571597  
6 
6 
4 
1 1255432287  
1 2015156963  
4 
5 
2 
2 
6 
4 
2 
3 
5 
1 326755561  
6 
3 
4 
1 1004532507  
2 
4 
5 
5 
5 
3 
1 854581432  
3 
3 
3 
4 
2 
3 
6 
6 
3 
4 
2 
2 
2 
5 
3 
1 1656494054  
1 228064572  
5 
1 1824176791  
4 
1 1189965879  
4 
3 
6 
4 
5 
5 
2 
6 
4 
4 
3 
4 
3 
1 2050485992  
3 
6 
3 
2 
1 654162434  
4 
1 1032830351  
2 
3 
1 858130455  
5 
1 1996288480  
4 
5 
5 
2 
2 
6 
4 
4 
4 
2 
4 
1 26877460  
2 
4 
2 
2 
5 
4 
5 
4 
3 
2 
3 
5 
6 
2 
6 
6 
6 
3 
5 
2 
2 
6 
6 
1 707493845  
1 919340923  
5 
1 1920482931  
1 2037132505  
5 
2 
4 
5 
1 1939160993  
2 
6 
5 
6 
4 
2 
5 
5 
3 
5 
4 
2 
1 1909642251  
3 
1 1107718379  
6 
6 
4 
1 1229556213  
1 1537633681  
6 
2 
1 134015692  
3 
1 1471941736  
3 
6 
6 
6 
2 
6 
1 775338725  
6 
1 1568418539  
6 
1 1091914845  
4 
1 1949671180  
1 1937990136  
5 
5 
1 199863485  
1 1817344495  
1 117262049  
5 
4 
1 1204395992  
5 
6 
5 
6 
2 
2 
6 
1 524442280  
3 
6 
2 
3 
6 
6 
4 
4 
4 
1 1773756103  
1 1432460565  
4 
2 
4 
4 
4 
1 201135423  
2 
6 
2 
2 
1 816238334  
4 
1 1335462909  
6 
6 
2 
4 
2 
3 
2 
1 855297857  
2 
2 
4 
5 
4 
6 
4 
4 
1 1849068686  
4 
4 
1 46109716  
4 
4 
5 
2 
5 
3 
6 
1 704102689  
3 
4 
6 
1 1875946146  
3 
6 
3 
5 
5 
5 
3 
2 
5 
3 
5 
4 
3 
2 
3 
1 753603561  
4 
3 
3 
3 
4 
2 
2 
2 
6 
4 
2 
3 
3 
6 
5 
1 1623443613  
6 
2 
2 
2 
4 
4 
6 
1 1648945429  
1 643252418  
6 
1 1415120958  
5 
6 
1 1411104032  
4 
2 
1 1750970797  
1 497193523  
4 
5 
2 
1 801254065  
4 
4 
3 
4 
1 1884986489  
5 
4 
3 
4 
1 1969135260  
2 
1 1576592790  
6 
5 
4 
3 
6 
4 
2 
6 
3 
3 
6 
2 
4 
5 
1 1305921380  
3 
4 
1 913566457  
6 
6 
2 
3 
4 
1 1378780322  
3 
2 
1 1096427868  
1 1113429942  
2 
1 1048641170  
2 
2 
2 
1 1213689918  
3 
2 
2 
4 
2 
6 
2 
5 
6 
5 
6 
4 
4 
5 
2 
2 
2 
4 
3 
5 
5 
3 
5 
1 170342287  
2 
6 
3 
5 
5 
5 
6 
1 1573083450  
2 
4 
6 
3 
5 
5 
6 
2 
3 
2 
1 839962373  
3 
4 
1 1602802852  
6 
3 
4 
4 
2 
2 
1 1774218873  
5 
1 1656200708  
3 
2 
4 
1 790782113  
3 
3 
1 482033083  
5 
1 1357785746  
5 
1 836891829  
4 
1 1186135772  
1 1086248244  
6 
1 1590495390  
6 
4 
3 
4 
6 
3 
5 
1 662095737  
1 587710025  
2 
4 
2 
6 
3 
3 
1 86264160  
1 2077216695  
2 
1 1998814058  
4 
2 
6 
3 
2 
6 
6 
4 
1 1837234958  
6 
1 426926571  
5 
5 
5 
1 652584475  
4 
5 
6 
5 
3 
6 
6 
2 
3 
2 
6 
1 1574737799  
1 248578183  
2 
6 
2 
2 
6 
5 
5 
6 
5 
4 
3 
3 
1 81693618  
4 
3 
5 
2 
5 
4 
4 
2 
4 
1 733175532  
4 
1 1162144640  
2 
5 
1 1460473940  
2 
2 
5 
3 
2 
5 
5 
2 
6 
3 
6 
5 
6 
6 
1 1829603400  
5 
5 
1 128090935  
5 
4 
2 
1 361631462  
6 
3 
4 
3 
4 
3 
4 
5 
1 895809670  
5 
6 
4 
3 
5 
4 
6 
3 
2 
5 
2 
5 
6 
3 
6 
2 
1 298433222  
1 1934714912  
1 1735772044  
1 1901236074  
6 
4 
1 1561450138  
5 
6 
3 
4 
4 
4 
1 1244489104  
5 
2 
3 
1 544534539  
6 
5 
5 
1 2043483221  
6 
3 
1 454791202  
5 
5 
1 1381426368  
3 
2 
1 1082135345  
4 
2 
3 
1 1541039446  
2 
6 
3 
1 824438110  
1 1744231083  
2 
6 
6 
1 2128749471  
4 
1 910702270  
6 
2 
6 
4 
6 
6 
1 1673964130  
5 
1 1980079881  
2 
3 
2 
6 
4 
5 
3 
5 
5 
4 
4 
1 600453580  
3 
5 
5 
5 
6 
1 2100890701  
3 
3 
3 
4 
1 485180709  
2 
6 
5 
4 
6 
4 
1 27707732  
2 
3 
2 
4 
2 
5 
6 
1 201985236  
5 
4 
5 
3 
2 
3 
2 
4 
2 
6 
3 
5 
2 
6 
3 
2 
2 
6 
6 
6 
4 
2 
2 
2 
2 
6 
1 566874327  
2 
5 
6 
3 
1 760883264  
6 
1 1364129877  
2 
3 
1 2027348267  
5 
5 
2 
2 
3 
5 
5 
2 
4 
4 
2 
4 
3 
4 
5 
1 443003016  
5 
4 
1 1492220812  
5 
5 
1 241496082  
1 1338812687  
1 1790654034  
3 
3 
6 
6 
5 
5 
1 28727346  
2 
6 
1 927101083  
1 1544406460  
5 
4 
4 
6 
1 1590177484  
3 
4 
1 24106539  
5 
1 2088940999  
4 
2 
1 1486177057  
1 478897741  
6 
1 1322883719  
3 
5 
2 
4 
6 
1 420828755  
4 
2 
2 
4 
6 
1 2019937187  
3 
2 
1 2147321829  
6 
1 17576190  
3 
2 
6 
1 2001203010  
4 
5 
6 
5 
3 
1 910540451  
3 
4 
3 
2 
6 
6 
6 
3 
2 
3 
1 1691540320  
1 1833799244  
5 
5 
2 
6 
1 1510994032  
3 
4 
1 1644947374  
1 171496305  
3 
5 
5 
5 
2 
3 
4 
2 
2 
6 
3 
4 
1 1538701764  
2 
4 
4 
2 
1 1846932610  
1 738370632  
5 
4 
3 
5 
1 152101380  
2 
6 
3 
2 
5 
4 
5 
2 
1 1063578839  
2 
1 618235251  
6 
6 
3 
5 
2 
6 
4 
3 
3 
5 
5 
2 
2 
1 595104396  
6 
2 
3 
6 
1 408316003  
6 
4 
4 
4 
6 
3 
2 
3 
6 
5 
1 859731333  
1 1933917083  
5 
2 
3 
1 51486389  
6 
2 
3 
3 
6 
3 
2 
1 888458680  
4 
1 713534518  
1 1595892849  
6 
1 331152516  
2 
2 
1 737641057  
1 1537350200  
6 
3 
4 
3 
2 
3 
2 
3 
1 1817329574  
2 
3 
3 
6 
2 
6 
6 
6 
5 
3 
6 
2 
5 
6 
4 
4 
3 
5 
2 
6 
3 
6 
4 
2 
2 
6 
1 1216538798  
1 712750271  
4 
5 
1 90674681  
1 1088992337  
5 
3 
5 
2 
6 
6 
4 
6 
5 
1 712588452  
5 
4 
2 
1 108250871  
4 
2 
4 
3 
5 
1 942711700  
4 
1 1623128904  
1 1799791191  
2 
4 
2 
5 
6 
5 
2 
6 
4 
4 
1 629027296  
6 
3 
5 
6 
2 
6 
1 986639288  
3 
1 1297254917  
1 800523601  
3 
2 
5 
4 
2 
3 
4 
3 
5 
1 377857404  
3 
6 
1 996703880  
6 
2 
4 
4 
2 
5 
6 
2 
2 
2 
2 
3 
6 
3 
5 
5 
4 
6 
6 
5 
2 
2 
3 
3 
6 
5 
2 
5 
6 
6 
4 
2 
4 
1 1538894233  
4 
5 
6 
6 
4 
2 
6 
2 
6 
4 
2 
2 
6 
2 
5 
6 
4 
4 
2 
6 
6 
3 
5 
2 
2 
3 
3 
2 
5 
6 
3 
3 
3 
2 
5 
4 
1 529958784  
5 
4 
5 
2 
1 2060282719  
1 9645836  
5 
6 
6 
3 
6 
3 
3 
5 
5 
3 
3 
4 
6 
4 
2 
1 1125063180  
5 
1 321115075  
3 
2 
1 869377170  
6 
4 
2 
4 
5 
3 
1 911496616  
1 372601464  
6 
4 
5 
4 
1 1757835850  
1 1625031134  
1 1968494314  
1 2088988366  
4 
6 
6 
5 
6 
6 
2 
2 
5 
2 
5 
6 
4 
5 
4 
5 
4 
5 
3 
5 
4 
2 
2 
5 
3 
2 
1 215188544  
5 
1 1358360866  
2 
1 1758834292  
2 
4 
5 
4 
5 
2 
2 
2 
3 
4 
4 
5 
6 
2 
1 1431727342  
6 
5 
4 
2 
6 
1 2071111138  
1 1849508973  
1 373236032  
4 
4 
6 
6 
2 
2 
1 636215942  
5 
1 1957759844  
6 
4 
5 
2 
2 
3 
2 
2 
6 
6 
1 1315947732  
4 
5 
1 111861198  
1 1610067388  
4 
3 
6 
3 
6 
1 1944975028  
2 
2 
6 
3 
2 
1 1098500486  
4 
6 
5 
3 
3 
6 
6 
4 
5 
1 759838657  
6 
2 
5 
6 
3 
3 
2 
1 598014981  
5 
4 
5 
5 
4 
1 1476357890  
3 
6 
2 
1 1756542537  
2 
6 
1 2136909214  
6 
2 
1 2006316674  
1 1669341609  
5 
2 
3 
3 
3 
1 2146555050  
1 983896207  
3 
5 
6 
6 
1 1990456684  
1 868448572  
3 
6 
3 
5 
4 
2 
1 1895392823  
4 
6 
2 
3 
1 215574500  
6 
5 
3 
1 478800774  
2 
5 
3 
4 
1 1372940309  
3 
2 
6 
4 
5 
5 
4 
5 
1 36585166  
6 
5 
4 
1 420305493  
3 
1 1588128853  
3 
1 1394946033  
6 
5 
5 
1 31656137  
2 
5 
6 
5 
2 
1 872372548  
5 
6 
4 
2 
2 
4 
2 
4 
4 
5 
3 
5 
3 
1 1318573523  
6 
5 
1 1881165111  
1 1245608580  
1 1954789465  
6 
4 
1 1691441307  
6 
2 
3 
3 
4 
2 
5 
2 
3 
1 414072664  
3 
6 
1 2066650664  
2 
2 
3 
3 
1 1154025047  
1 211564044  
5 
1 1017667502  
1 1913863705  
5 
1 809579025  
4 
2 
1 346541745  
2 
2 
6 
6 
2 
5 
5 
2 
4 
5 
5 
5 
5 
6 
2 
6 
3 
5 
3 
4 
2 
3 
3 
3 
2 
1 1522922594  
1 799004591  
2 
6 
2 
4 
3 
5 
2 
6 
6 
6 
6 
3 
6 
1 205374771  
4 
2 
4 
4 
2 
6 
6 
2 
3 
1 1044780555  
4 
2 
6 
4 
1 798075993  
3 
4 
1 1189270978  
4 
3 
1 887753591  
3 
3 
3 
4 
5 
2 
1 1666524566  
2 
6 
3 
2 
5 
1 937180153  
1 1103328092  
1 2145325340  
3 
5 
5 
3 
1 162636815  
2 
1 1139913258  
2 
3 
5 
2 
2 
2 
3 
5 
6 
6 
3 
4 
5 
3 
5 
3 
4 
2 
4 
3 
1 418147185  
2 
1 1750765668  
3 
3 
1 387375643  
5 
3 
5 
1 449803323  
2 
2 
5 
4 
1 475654568  
5 
3 
1 1705949166  
4 
2 
3 
3 
6 
4 
2 
3 
1 183484786  
2 
5 
4 
1 1721263148  
3 
2 
1 1513254984  
2 
2 
4 
2 
1 1874926093  
6 
1 2135335812  
1 1432422000  
4 
2 
6 
3 
6 
1 881467493  
3 
2 
3 
5 
4 
2 
1 199416208  
2 
1 302605854  
6 
5 
3 
3 
6 
1 647847550  
2 
3 
3 
1 1008995233  
2 
5 
4 
1 649147599  
4 
3 
1 23286496  
2 
4 
3 
6 
4 
5 
4 
5 
1 1807999824  
3 
1 854522371  
4 
6 
4 
4 
2 
6 
3 
6 
2 
4 
2 
1 1068067052  
2 
2 
6 
4 
3 
3 
2 
5 
1 458592170  
6 
4 
1 2043793349  
5 
6 
1 1955820643  
5 
2 
3 
5 
3 
4 
4 
2 
4 
2 
2 
1 2125116736  
1 833489855  
1 911665087  
3 
4 
1 2122958428  
2 
5 
6 
6 
6 
6 
4 
2 
2 
5 
1 996126670  
5 
5 
2 
4 
1 2051578346  
4 
3 
4 
5 
5 
6 
4 
2 
4 
5 
5 
5 
6 
1 393621966  
1 599408690  
3 
6 
4 
4 
4 
1 291470341  
1 843425289  
4 
1 1075063259  
1 1997419508  
4 
2 
6 
4 
2 
3 
4 
6 
6 
3 
6 
2 
6 
3 
4 
6 
1 1026910075  
1 648842759  
1 1363190844  
6 
3 
4 
1 754352520  
3 
3 
6 
4 
6 
2 
5 
6 
1 636694924  
5 
5 
3 
2 
4 
2 
1 648129196  
4 
6 
1 1635820013  
5 
6 
6 
1 836111132  
2 
4 
3 
6 
3 
2 
2 
1 950735050  
6 
3 
5 
4 
6 
2 
5 
5 
2 
5 
2 
2 
5 
6 
1 136183915  
6 
3 
6 
1 1845106366  
6 
1 1599882650  
5 
2 
3 
4 
5 
1 159470412  
5 
3 
2 
5 
6 
5 
5 
5 
4 
4 
1 1505622542  
4 
2 
4 
2 
6 
5 
2 
1 306921373  
5 
4 
2 
1 1227537464  
3 
6 
3 
6 
2 
3 
4 
5 
5 
3 
3 
1 1964214712  
6 
3 
1 203231074  
1 1035874459  
3 
6 
1 1941847800  
2 
1 1036720929  
5 
4 
2 
4 
3 
4 
1 1947539547  
1 1917322581  
4 
3 
4 
2 
5 
3 
5 
4 
4 
6 
3 
1 2032847599  
3 
1 1851634245  
3 
6 
5 
5 
6 
3 
2 
1 163460899  
5 
1 484772642  
5 
5 
1 2143104586  
6 
6 
1 1006886188  
6 
6 
2 
2 
4 
4 
6 
3 
2 
2 
6 
6 
2 
3 
3 
5 
4 
4 
4 
4 
2 
2 
1 1559835901  
2 
5 
3 
6 
5 
5 
3 
6 
1 1993040446  
4 
3 
4 
2 
1 2033796263  
4 
4 
6 
5 
2 
1 61195012  
4 
3 
3 
1 1208747642  
1 640665135  
3 
5 
4 
5 
5 
5 
5 
3 
4 
6 
5 
3 
3 
3 
6 
6 
4 
4 
2 
4 
5 
4 
2 
3 
5 
6 
2 
4 
5 
2 
6 
3 
6 
4 
3 
1 697889936  
3 
2 
5 
1 1856876838  
4 
6 
2 
2 
6 
4 
6 
4 
6 
6 
6 
2 
3 
1 129001501  
1 1534001069  
3 
2 
4 
4 
4 
2 
3 
6 
6 
2 
4 
3 
6 
5 
2 
4 
6 
4 
2 
4 
3 
6 
4 
5 
4 
1 660128241  
6 
3 
5 
1 265185416  
5 
1 1231623787  
3 
6 
5 
4 
2 
3 
4 
6 
4 
2 
2 
3 
6 
2 
4 
4 
2 
1 112527243  
3 
4 
3 
3 
3 
6 
3 
2 
6 
5 
6 
3 
4 
4 
3 
5 
3 
5 
3 
6 
4 
5 
3 
5 
2 
3 
6 
3 
1 424655828  
3 
1 589762681  
2 
5 
5 
6 
4 
3 
5 
6 
6 
6 
5 
3 
2 
2 
3 
2 
1 419448616  
6 
6 
4 
1 1652193292  
1 406493746  
3 
3 
5 
1 622679690  
2 
2 
5 
2 
6 
1 540584104  
6 
5 
3 
1 200857898  
5 
1 1659400620  
2 
4 
3 
2 
4 
1 340640003  
3 
4 
2 
2 
4 
1 2118180479  
3 
1 1544764571  
2 
6 
1 44790600  
2 
2 
5 
3 
2 
5 
4 
6 
3 
6 
6 
4 
4 
4 
2 
1 134157730  
1 2029537213  
5 
3 
4 
4 
5 
6 
3 
6 
6 
1 40411538  
6 
4 
5 
2 
5 
2 
5 
4 
1 1141043918  
5 
1 1441889466  
1 2033451985  
4 
2 
2 
4 
6 
1 1027356533  
5 
6 
2 
3 
6 
2 
3 
5 
3 
4 
5 
1 1503084479  
2 
1 1094715979  
3 
1 1668021669  
6 
4 
6 
1 53490767  
6 
1 804109170  
1 1797023170  
5 
3 
4 
3 
1 1587491836  
3 
3 
1 1464237411  
5 
4 
6 
5 
6 
5 
5 
3 
3 
6 
2 
5 
5 
5 
5 
6 
6 
4 
5 
3 
3 
3 
5 
4 
3 
2 
2 
3 
5 
3 
2 
4 
2 
4 
3 
3 
4 
1 2062208586  
1 671631975  
3 
3 
1 1576764654  
5 
2 
1 339380767  
6 
2 
3 
5 
3 
5 
3 
1 1261394657  
5 
5 
6 
4 
2 
5 
5 
4 
5 
4 
4 
1 1996213270  
6 
1 1991574059  
6 
4 
2 
3 
2 
5 
4 
2 
3 
2 
5 
2 
4 
3 
4 
2 
3 
1 1667888403  
2 
3 
4 
5 
3 
4 
4 
5 
6 
4 
3 
2 
6 
2 
6 
2 
4 
3 
6 
4 
6 
3 
5 
2 
1 471409312  
2 
4 
6 
2 
2 
1 384674515  
5 
2 
6 
6 
5 
3 
1 1868746301  
2 
6 
2 
6 
4 
1 2130809932  
5 
4 
1 725314518  
6 
6 
5 
6 
1 1839443133  
3 
4 
1 1528090856  
6 
5 
4 
2 
1 770105118  
4 
6 
6 
2 
5 
4 
2 
5 
5 
3 
2 
5 
6 
5 
4 
2 
2 
1 1973600863  
1 1410144421  
1 810516657  
3 
3 
6 
3 
1 967161134  
6 
3 
6 
2 
4 
2 
2 
1 704550240  
2 
3 
1 696484994  
6 
1 1994517667  
5 
1 60151071  
1 1791200973  
3 
5 
6 
1 1515055688  
6 
5 
6 
5 
2 
5 
6 
5 
1 113641838  
5 
3 
5 
1 447826495  
2 
4 
1 1164595210  
4 
5 
4 
6 
5 
1 1701133675  
3 
4 
1 1912063906  
4 
4 
2 
4 
1 1079320149  
5 
2 
4 
1 225282002  
6 
6 
1 1341344912  
4 
6 
2 
4 
6 
3 
3 
3 
4 
6 
1 1418700916  
5 
4 
3 
3 
3 
4 
5 
4 
4 
1 1486676659  
1 1190074534  
2 
3 
3 
2 
1 1262791327  
6 
5 
6 
5 
4 
1 1007081414  
1 1661483847  
6 
6 
4 
5 
6 
3 
3 
4 
3 
2 
2 
1 1647465843  
1 728344068  
3 
3 
2 
5 
4 
2 
2 
6 
3 
2 
3 
4 
6 
6 
1 1644810131  
4 
6 
4 
5 
3 
2 
4 
4 
5 
2 
1 225296713  
4 
4 
2 
3 
6 
6 
2 
6 
5 
5 
5 
4 
6 
5 
1 420303553  
6 
1 1025417339  
3 
6 
3 
5 
5 
4 
5 
4 
1 995401832  
3 
1 246420768  
2 
6 
1 288078113  
6 
2 
5 
5 
5 
3 
1 1805918489  
1 1213581902  
2 
5 
3 
4 
1 992628353  
3 
4 
5 
6 
6 
5 
5 
3 
1 354919835  
4 
1 1060615922  
5 
2 
2 
2 
5 
1 1052779424  
2 
4 
3 
6 
1 2146120808  
1 428187962  
1 1166421262  
6 
4 
3 
3 
6 
6 
1 446463656  
4 
4 
3 
1 1592783173  
4 
3 
5 
4 
1 720071289  
2 
2 
4 
1 211043914  
2 
3 
1 524619674  
3 
6 
5 
5 
5 
2 
2 
4 
6 
4 
3 
2 
3 
3 
4 
4 
6 
3 
1 945353292  
3 
3 
5 
5 
1 1552388827  
6 
4 
2 
1 1943320590  
1 284546303  
5 
4 
1 594979713  
3 
3 
6 
1 1058628269  
6 
3 
6 
3 
5 
4 
4 
4 
3 
1 1291627718  
2 
4 
6 
4 
2 
4 
6 
1 108979912  
1 558610464  
1 2019971786  
1 1753790044  
3 
5 
4 
4 
5 
2 
6 
5 
3 
1 783907178  
6 
3 
4 
4 
5 
6 
2 
1 292791691  
3 
2 
2 
3 
5 
3 
4 
2 
5 
3 
2 
4 
1 631723735  
5 
1 1779309010  
3 
1 539212459  
4 
5 
4 
5 
4 
6 
4 
1 919801848  
1 1437743851  
3 
5 
6 
4 
3 
4 
6 
6 
4 
2 
3 
4 
1 1752794362  
6 
1 1912430201  
6 
5 
4 
6 
4 
6 
3 
6 
1 1792663686  
6 
4 
1 665926636  
1 817725977  
3 
4 
3 
6 
2 
2 
2 
3 
5 
4 
3 
2 
6 
4 
1 1791300846  
3 
4 
5 
2 
4 
2 
4 
5 
4 
1 1094114598  
6 
1 1984147240  
5 
2 
6 
2 
1 90280854  
2 
6 
1 539414123  
5 
6 
2 
5 
4 
4 
2 
4 
2 
1 556734881  
5 
3 
2 
1 301324769  
2 
2 
3 
1 1064033797  
2 
2 
2 
6 
2 
2 
6 
4 
6 
1 1502088173  
6 
1 1853713596  
1 859870739  
1 1786634477  
5 
3 
6 
6 
6 
3 
2 
4 
5 
3 
4 
6 
6 
5 
3 
2 
2 
5 
6 
3 
6 
6 
2 
6 
2 
6 
2 
4 
4 
4 
1 301209661  
3 
4 
6 
1 1918499009  
6 
2 
5 
5 
6 
2 
1 930778547  
2 
5 
3 
4 
5 
4 
4 
1 410189574  
5 
1 329625825  
1 803266685  
6 
4 
6 
2 
4 
4 
4 
4 
6 
1 16495970  
1 1113533003  
1 1096058376  
6 
2 
4 
6 
2 
6 
3 
3 
3 
4 
4 
4 
4 
4 
2 
5 
6 
6 
1 648219705  
6 
3 
5 
6 
1 745358365  
4 
1 1635270835  
3 
4 
4 
4 
3 
1 1568021554  
2 
2 
1 35618568  
2 
1 1240581549  
1 1332968107  
4 
6 
2 
5 
4 
5 
5 
5 
4 
5 
5 
6 
4 
6 
6 
5 
2 
6 
2 
1 1828282254  
5 
6 
1 1906508185  
4 
3 
4 
1 3210437  
1 1472099453  
2 
2 
5 
2 
4 
3 
4 
4 
4 
4 
4 
6 
5 
6 
6 
6 
5 
1 853139136  
4 
2 
5 
3 
5 
6 
6 
6 
3 
1 1987357677  
1 1562380307  
5 
1 1392553259  
4 
4 
2 
5 
3 
5 
2 
4 
1 396608910  
4 
1 1863705076  
6 
3 
2 
3 
6 
2 
6 
3 
1 309103409  
1 1898697084  
2 
4 
4 
3 
3 
5 
6 
2 
2 
6 
3 
1 1569935024  
5 
2 
5 
4 
2 
3 
2 
2 
1 1168974148  
2 
1 1537847913  
5 
4 
2 
5 
4 
4 
3 
6 
3 
3 
1 1871144686  
3 
3 
1 939989509  
6 
1 321142812  
4 
3 
1 133850612  
2 
3 
2 
3 
3 
5 
5 
3 
1 1269615335  
5 
1 1124409497  
5 
6 
2 
3 
5 
1 150346582  
5 
3 
5 
1 235664690  
2 
3 
3 
1 72984225  
4 
2 
3 
2 
5 
4 
6 
2 
5 
5 
6 
1 798566287  
3 
6 
6 
3 
3 
3 
6 
5 
2 
2 
1 981023056  
6 
3 
3 
6 
1 1708255060  
3 
5 
5 
4 
1 219104193  
1 1016641624  
5 
5 
2 
1 801352962  
4 
2 
6 
5 
4 
4 
2 
1 1552072301  
3 
1 697440231  
6 
6 
3 
4 
5 
4 
6 
5 
4 
2 
2 
4 
6 
1 560377499  
2 
4 
5 
3 
5 
3 
3 
5 
4 
5 
2 
2 
6 
4 
2 
5 
5 
5 
1 1555282738  
2 
4 
2 
3 
3 
4 
4 
6 
6 
6 
1 22056036  
2 
1 1413516635  
5 
6 
1 1395156767  
1 1584436343  
2 
6 
2 
1 658586247  
3 
6 
6 
2 
6 
5 
5 
6 
2 
5 
4 
5 
2 
5 
6 
2 
6 
2 
5 
5 
3 
4 
5 
5 
2 
6 
5 
5 
2 
1 1791765677  
4 
5 
2 
1 1300657772  
4 
6 
1 967689656  
6 
6 
4 
2 
2 
1 1542979113  
1 723109148  
6 
1 2136663804  
6 
6 
1 933343378  
3 
5 
1 446770186  
2 
4 
2 
6 
2 
1 929169666  
6 
4 
1 1254486190  
1 580620798  
2 
2 
6 
2 
5 
5 
3 
2 
1 51301353  
5 
3 
2 
5 
2 
4 
3 
2 
4 
5 
2 
2 
4 
6 
3 
6 
3 
1 231412039  
2 
2 
3 
3 
2 
1 730967380  
6 
6 
4 
6 
5 
2 
6 
5 
4 
5 
1 286966043  
6 
6 
6 
2 
2 
3 
5 
6 
5 
5 
5 
3 
3 
4 
2 
1 304396264  
1 1529533668  
6 
5 
6 
1 1267989099  
2 
4 
1 2012651325  
1 1748637861  
4 
3 
4 
4 
1 137147076  
3 
4 
4 
6 
2 
5 
2 
3 
2 
2 
4 
5 
6 
1 666520639  
4 
6 
4 
3 
4 
1 1153226514  
4 
4 
1 834587307  
1 1226898138  
4 
4 
6 
1 561025604  
1 856643343  
5 
2 
2 
4 
3 
4 
4 
3 
2 
4 
4 
1 492931126  
4 
5 
1 1956182371  
4 
2 
5 
5 
6 
5 
4 
5 
5 
3 
5 
4 
5 
6 
1 293596038  
6 
5 
1 1151517373  
4 
2 
2 
2 
4 
5 
1 1600464401  
1 1594253810  
3 
5 
2 
3 
2 
1 2119207029  
1 995959866  
2 
3 
2 
2 
1 169879311  
2 
4 
5 
5 
5 
1 2108387185  
6 
4 
4 
6 
2 
5 
1 1929303245  
6 
5 
4 
3 
3 
3 
1 616649497  
3 
3 
1 890073203  
6 
6 
2 
4 
4 
2 
5 
5 
4 
5 
4 
2 
1 1036305787  
3 
4 
1 1197270296  
6 
2 
2 
3 
2 
4 
3 
5 
2 
1 941374556  
4 
5 
5 
5 
3 
1 1267717827  
3 
6 
1 1928237676  
6 
2 
3 
3 
4 
3 
6 
5 
6 
5 
4 
4 
2 
4 
3 
1 1228340600  
2 
3 
6 
1 1572114091  
5 
2 
6 
5 
3 
3 
1 1310287696  
1 348846051  
1 1437281768  
1 911441910  
5 
6 
5 
5 
4 
3 
5 
4 
6 
2 
2 
2 
3 
5 
3 
4 
5 
1 485993127  
6 
4 
5 
1 2103802407  
6 
3 
6 
4 
5 
6 
4 
3 
5 
6 
2 
1 2064668424  
2 
5 
6 
6 
2 
5 
2 
3 
5 
2 
5 
1 1320580434  
5 
3 
5 
2 
2 
3 
5 
4 
1 1183216898  
6 
1 478210381  
4 
5 
3 
3 
2 
3 
2 
3 
1 29740129  
4 
3 
3 
2 
6 
1 1676148024  
1 286909104  
2 
2 
2 
6 
1 323336168  
5 
5 
2 
1 680181749  
5 
5 
1 1887373505  
2 
6 
1 1917589978  
6 
6 
4 
5 
1 651905130  
4 
4 
6 
1 735849724  
3 
6 
4 
2 
2 
2 
4 
4 
4 
3 
3 
5 
4 
1 2087469289  
1 612808667  
6 
1 517669321  
4 
2 
1 556635139  
2 
6 
4 
4 
6 
1 1502881871  
2 
6 
3 
3 
2 
1 1553975108  
2 
6 
4 
5 
1 1753905435  
1 296772779  
2 
5 
6 
2 
3 
4 
1 674209287  
6 
5 
6 
4 
3 
2 
2 
6 
5 
1 1534659463  
2 
6 
3 
4 
4 
2 
6 
4 
3 
3 
1 1525113379  
5 
6 
2 
4 
3 
4 
1 98839731  
5 
6 
3 
2 
5 
6 
5 
3 
5 
3 
1 697463512  
2 
3 
1 1873959431  
5 
4 
4 
4 
3 
2 
5 
2 
3 
5 
5 
3 
6 
3 
2 
2 
5 
6 
4 
4 
4 
2 
3 
4 
6 
6 
5 
3 
4 
2 
6 
5 
2 
4 
2 
3 
6 
1 1536121499  
2 
4 
6 
2 
2 
3 
4 
2 
3 
1 1608905422  
6 
6 
5 
4 
4 
2 
6 
4 
1 212468910  
3 
6 
3 
6 
3 
1 1492440259  
5 
1 1526090198  
3 
1 1533049345  
3 
6 
3 
5 
1 528173509  
1 2004300579  
6 
5 
2 
3 
3 
1 1562789474  
5 
5 
4 
6 
2 
3 
2 
2 
4 
5 
1 56837885  
2 
1 143726036  
4 
4 
2 
4 
2 
5 
4 
3 
6 
3 
4 
5 
6 
4 
5 
3 
4 
2 
1 1886125642  
5 
1 737019634  
5 
1 2031099541  
1 1656231973  
6 
5 
1 1388924764  
3 
5 
1 619465617  
4 
5 
2 
6 
2 
2 
5 
6 
6 
3 
4 
4 
1 1596217614  
4 
4 
2 
4 
5 
4 
5 
4 
4 
5 
3 
2 
5 
6 
5 
5 
6 
5 
5 
1 2001733431  
1 1137134938  
1 5369105  
2 
1 1357131654  
2 
3 
6 
3 
2 
6 
4 
3 
2 
2 
6 
2 
6 
3 
1 543626399  
2 
2 
6 
5 
1 1759274540  
3 
2 
2 
5 
5 
1 1653904434  
2 
4 
1 1217835686  
6 
3 
5 
1 1146450356  
2 
4 
1 1031534165  
6 
6 
2 
5 
5 
2 
1 1316675417  
1 1843913868  
1 758009948  
6 
2 
5 
4 
2 
3 
6 
2 
6 
2 
5 
1 705313269  
1 1305335642  
3 
5 
4 
6 
6 
3 
5 
3 
3 
3 
6 
6 
3 
3 
3 
3 
5 
3 
1 970478859  
6 
3 
5 
3 
6 
1 50269880  
5 
1 683942192  
1 356044556  
5 
6 
5 
5 
1 578443389  
4 
2 
2 
5 
5 
1 540759124  
3 
5 
6 
1 1918834030  
2 
5 
5 
1 635281274  
4 
5 
3 
4 
5 
2 
2 
6 
6 
6 
5 
2 
1 684485160  
1 1657476025  
3 
4 
2 
2 
5 
5 
2 
1 1372300908  
1 568101053  
4 
1 1166224350  
2 
3 
2 
6 
2 
3 
4 
6 
4 
4 
3 
3 
2 
2 
4 
3 
1 613742024  
2 
6 
4 
6 
1 1187566671  
6 
2 
2 
3 
5 
5 
3 
2 
5 
3 
2 
1 614958316  
2 
2 
4 
6 
2 
4 
1 467991807  
1 177217961  
2 
1 620327422  
2 
2 
3 
6 
3 
6 
1 1825123462  
2 
2 
3 
3 
1 720844360  
3 
2 
6 
5 
2 
3 
1 232118314  
4 
4 
1 1331544248  
2 
3 
1 1938680047  
2 
2 
2 
3 
6 
1 1378568670  
2 
5 
2 
2 
1 215594765  
1 1107871816  
4 
5 
2 
1 1074998890  
5 
4 
6 
4 
6 
6 
4 
6 
2 
6 
4 
5 
6 
1 973604714  
1 1813185085  
6 
2 
1 232850884  
1 1944083573  
1 1863454965  
4 
5 
2 
3 
2 
3 
5 
1 916793077  
6 
4 
2 
1 152644481  
6 
2 
2 
1 294414706  
3 
4 
5 
3 
6 
1 1457552201  
1 2071478511  
5 
4 
6 
6 
2 
6 
6 
6 
3 
3 
5 
3 
3 
4 
1 929695980  
1 2142037361  
2 
1 1581470888  
5 
4 
5 
5 
2 
5 
1 154513240  
2 
1 562654766  
1 600211590  
5 
5 
2 
2 
5 
1 768255264  
2 
4 
1 1750221437  
3 
3 
4 
5 
3 
2 
6 
4 
5 
1 1215169907  
3 
1 1236247072  
2 
5 
5 
2 
2 
4 
1 1927439399  
6 
4 
5 
2 
6 
5 
3 
1 1835497329  
3 
5 
1 913886886  
2 
1 500800111  
5 
1 2067615643  
3 
5 
1 97947486  
6 
6 
4 
6 
2 
5 
6 
5 
2 
3 
6 
1 291996510  
6 
1 1298700666  
3 
1 313542251  
5 
4 
3 
6 
1 1399868327  
1 226215908  
1 1287146965  
6 
3 
4 
3 
5 
5 
5 
6 
4 
4 
2 
5 
6 
5 
6 
3 
5 
3 
4 
6 
3 
3 
2 
2 
3 
3 
5 
1 1065569764  
1 459066793  
4 
4 
4 
1 1083746890  
2 
3 
6 
3 
5 
2 
1 781541082  
2 
2 
3 
4 
5 
5 
6 
2 
2 
2 
2 
3 
6 
1 1375859870  
1 1236391371  
3 
6 
3 
5 
6 
2 
4 
2 
2 
2 
4 
6 
5 
1 1075955788  
3 
6 
5 
2 
5 
6 
3 
4 
5 
6 
5 
2 
6 
3 
5 
5 
1 685928423  
5 
2 
3 
2 
6 
2 
5 
2 
3 
5 
6 
1 1160386235  
6 
6 
6 
1 2005651769  
5 
4 
2 
6 
3 
4 
4 
1 680482136  
2 
2 
4 
3 
5 
4 
6 
4 
4 
6 
3 
2 
5 
6 
6 
2 
4 
2 
4 
2 
5 
3 
3 
3 
2 
6 
3 
6 
2 
6 
4 
2 
5 
6 
1 594373475  
2 
4 
3 
2 
6 
6 
5 
4 
3 
4 
1 12681361  
1 1243136902  
5 
5 
5 
3 
5 
3 
1 1194585066  
4 
2 
3 
2 
2 
3 
4 
3 
2 
1 780936626  
3 
5 
4 
1 845874692  
3 
6 
3 
2 
1 262271325  
3 
3 
1 2017183698  
4 
3 
2 
3 
5 
2 
1 625830443  
5 
5 
2 
5 
2 
3 
1 2097768654  
5 
1 783586936  
6 
4 
2 
6 
5 
1 1126630554  
4 
4 
3 
2 
2 
5 
2 
1 2017900649  
4 
4 
6 
5 
6 
5 
6 
5 
1 881534422  
2 
2 
3 
6 
5 
1 1418627065  
2 
3 
1 1169117667  
4 
3 
4 
1 1195076673  
3 
1 671011744  
4 
2 
6 
5 
2 
1 1395333576  
5 
4 
1 334739991  
6 
1 1736581508  
5 
2 
2 
6 
4 
6 
4 
4 
2 
1 1854400369  
5 
4 
6 
4 
2 
4 
4 
4 
3 
3 
3 
1 1418486881  
2 
6 
6 
1 370638942  
2 
2 
2 
2 
2 
5 
1 1082776591  
1 507394605  
3 
6 
5 
1 1446594731  
4 
4 
1 1768705014  
1 1667780840  
2 
3 
6 
4 
1 1304762852  
3 
4 
6 
2 
2 
4 
4 
5 
1 301703502  
4 
1 114670667  
5 
1 1317444213  
1 1544840404  
5 
3 
1 1309255733  
3 
4 
3 
5 
4 
4 
3 
6 
2 
6 
3 
4 
5 
4 
3 
3 
4 
5 
6 
5 
2 
5 
5 
4 
3 
2 
3 
5 
1 2098380839  
5 
5 
4 
5 
1 243231448  
4 
1 1571527058  
6 
2 
2 
4 
1 1968080889  
4 
1 869061891  
5 
4 
2 
6 
6 
4 
5 
5 
1 1521812064  
1 604184177  
6 
6 
4 
2 
5 
6 
5 
2 
1 1995692446  
5 
1 1392229066  
5 
3 
2 
2 
5 
2 
1 1485718599  
2 
4 
6 
3 
4 
3 
4 
6 
6 
4 
1 1266835863  
6 
1 413863085  
4 
3 
2 
5 
5 
6 
5 
3 
5 
1 533311625  
6 
3 
2 
6 
1 1937847607  
3 
2 
1 1809196661  
3 
2 
4 
3 
6 
2 
1 868051616  
2 
1 1526945467  
6 
1 1516113382  
6 
3 
6 
1 139054849  
4 
1 1897584410  
4 
2 
6 
4 
1 451406325  
1 646449454  
1 1196695493  
1 72627691  
2 
6 
1 166746646  
4 
5 
5 
6 
3 
6 
2 
3 
5 
5 
2 
4 
3 
2 
1 353974697  
4 
6 
6 
3 
6 
5 
5 
5 
6 
6 
2 
1 374331193  
5 
5 
1 281417314  
4 
6 
2 
5 
4 
1 1671418910  
1 1919171598  
1 1590673047  
5 
6 
4 
1 1622316102  
3 
5 
5 
6 
2 
2 
1 14919398  
2 
5 
1 1014716458  
3 
1 1442913343  
1 883981290  
4 
5 
6 
2 
2 
2 
6 
1 389044874  
5 
4 
1 2047097521  
6 
3 
1 732190088  
1 1781273940  
5 
6 
3 
2 
6 
1 1385332472  
5 
1 1999025951  
3 
1 47653378  
6 
5 
5 
1 1918644097  
1 1789389910  
4 
6 
2 
2 
3 
4 
1 1856850039  
2 
5 
6 
1 639212065  
6 
5 
6 
4 
2 
4 
1 1168851729  
6 
6 
1 1225479774  
3 
1 778266915  
1 918952491  
6 
5 
4 
5 
1 1676886099  
2 
2 
2 
5 
1 1424716369  
4 
1 2115647984  
6 
6 
3 
6 
3 
6 
4 
4 
2 
6 
2 
2 
3 
3 
3 
2 
6 
1 1749513791  
5 
4 
1 1591463016  
3 
3 
6 
3 
2 
5 
2 
5 
1 322139033  
6 
4 
6 
4 
2 
2 
5 
5 
1 2123844984  
4 
5 
6 
3 
6 
6 
2 
6 
3 
5 
1 1872880330  
6 
6 
3 
4 
3 
5 
2 
3 
4 
1 1993557944  
5 
4 
4 
3 
6 
1 1895532934  
5 
4 
2 
2 
2 
1 1316069729  
4 
2 
3 
2 
6 
1 1468390398  
6 
6 
2 
2 
1 1910452333  
3 
2 
5 
1 183302539  
2 
3 
5 
3 
1 763820093  
4 
6 
1 646949975  
1 572347414  
4 
1 663433966  
3 
4 
1 1379140063  
5 
6 
4 
3 
1 206137706  
1 2048766439  
2 
2 
2 
2 
2 
3 
5 
2 
3 
4 
1 1230682366  
3 
3 
3 
2 
5 
3 
3 
3 
1 253791084  
1 1819926888  
1 872588628  
2 
2 
3 
6 
2 
2 
4 
2 
5 
6 
1 2110641124  
1 311655306  
6 
3 
4 
6 
4 
2 
2 
2 
2 
4 
6 
4 
4 
1 2041440357  
3 
6 
5 
5 
2 
1 1188637250  
3 
1 1089922221  
1 812909201  
3 
1 718039701  
4 
4 
5 
6 
4 
2 
3 
4 
3 
6 
4 
2 
4 
5 
2 
3 
4 
4 
5 
4 
1 367154942  
4 
4 
1 781073537  
1 320069844  
2 
5 
2 
4 
6 
1 1958617958  
4 
1 1103212571  
1 296431181  
2 
3 
1 1684014640  
4 
2 
5 
6 
3 
5 
2 
2 
1 949286867  
6 
3 
1 44480467  
4 
5 
4 
6 
2 
1 852600722  
4 
2 
6 
3 
6 
2 
3 
6 
2 
4 
5 
3 
3 
6 
3 
1 270193617  
6 
2 
1 1954932800  
5 
2 
5 
6 
5 
5 
1 1035903261  
4 
3 
4 
3 
5 
6 
5 
2 
6 
6 
2 
1 1034013710  
4 
1 454399127  
5 
3 
6 
6 
6 
3 
2 
1 1608250675  
5 
4 
2 
3 
2 
1 1697447677  
2 
3 
5 
4 
5 
5 
2 
3 
6 
5 
6 
6 
1 1833539190  
3 
2 
3 
2 
4 
1 1814388382  
1 1598730468  
1 916737908  
1 2068179466  
2 
4 
5 
1 1271173708  
1 1789326536  
6 
3 
5 
6 
3 
3 
2 
6 
4 
6 
1 2031336942  
4 
2 
5 
3 
2 
4 
1 1582829014  
2 
2 
2 
5 
2 
3 
5 
6 
1 1683283246  
3 
5 
2 
3 
3 
6 
4 
6 
5 
1 1072490544  
5 
2 
4 
3 
4 
4 
6 
1 525267587  
6 
1 348708799  
5 
3 
2 
4 
4 
1 1790530246  
6 
3 
3 
5 
5 
1 892422530  
3 
4 
3 
4 
1 1129782336  
3 
1 2110600090  
1 703556840  
1 85511259  
6 
3 
6 
6 
2 
1 259547623  
1 240087833  
5 
6 
5 
6 
4 
6 
2 
4 
5 
5 
2 
2 
2 
6 
5 
3 
6 
1 1034798126  
1 304028091  
6 
6 
5 
6 
6 
6 
4 
3 
6 
5 
4 
6 
5 
3 
5 
2 
1 1092688555  
3 
4 
6 
4 
2 
2 
5 
5 
4 
5 
3 
1 1304991743  
6 
4 
5 
1 111477243  
5 
4 
6 
1 2128591816  
3 
2 
4 
1 191521806  
4 
5 
4 
6 
4 
1 565876371  
5 
5 
5 
4 
5 
3 
2 
4 
1 1589358844  
6 
3 
3 
6 
3 
5 
4 
1 1888969483  
1 251931913  
4 
3 
4 
2 
6 
1 1256263578  
6 
3 
5 
5 
4 
4 
2 
5 
1 1340216303  
2 
1 1168669822  
4 
6 
4 
3 
5 
4 
6 
2 
4 
6 
3 
1 1176959396  
6 
4 
2 
1 463906363  
6 
2 
4 
2 
1 810512710  
5 
4 
4 
1 1060812691  
6 
4 
5 
5 
6 
4 
5 
2 
6 
6 
6 
4 
2 
6 
3 
2 
3 
4 
3 
3 
6 
5 
2 
6 
1 2046735378  
2 
3 
1 346312308  
2 
1 2133303235  
5 
2 
1 424519317  
5 
4 
3 
5 
3 
4 
5 
4 
6 
5 
4 
2 
1 695021107  
1 1776349833  
5 
4 
1 1316941847  
1 1824803444  
1 1739466276  
6 
5 
3 
4 
4 
6 
3 
5 
6 
5 
2 
6 
1 2020498688  
3 
2 
2 
2 
1 1910314703  
2 
5 
2 
5 
3 
3 
5 
6 
5 
2 
2 
2 
1 1999013899  
4 
1 113102873  
5 
2 
4 
4 
5 
3 
4 
2 
5 
2 
2 
2 
5 
5 
2 
3 
1 797629182  
6 
3 
4 
3 
5 
6 
2 
5 
3 
1 155558342  
4 
1 1205791428  
6 
5 
5 
3 
3 
4 
6 
6 
6 
1 2102620925  
4 
6 
6 
4 
5 
4 
6 
4 
5 
3 
1 267035586  
2 
5 
2 
4 
3 
2 
3 
6 
6 
3 
1 1186899596  
2 
1 146659083  
6 
5 
5 
5 
1 832911957  
6 
1 628774792  
1 2035628566  
1 1084843870  
1 1885038370  
5 
5 
4 
5 
4 
4 
2 
4 
5 
3 
6 
5 
6 
5 
6 
4 
5 
2 
2 
4 
6 
3 
5 
4 
1 1228361221  
4 
1 106030044  
6 
5 
2 
5 
5 
5 
5 
6 
4 
5 
2 
3 
4 
5 
3 
3 
3 
5 
2 
3 
1 914514119  
4 
2 
1 1692267585  
5 
5 
3 
5 
5 
5 
3 
2 
3 
6 
3 
5 
3 
4 
3 
3 
2 
2 
5 
2 
3 
2 
4 
3 
2 
2 
5 
5 
2 
3 
2 
3 
6 
5 
1 916542755  
3 
1 1975326810  
6 
4 
6 
2 
6 
5 
5 
6 
5 
4 
5 
6 
4 
5 
1 1591519315  
2 
6 
2 
1 1262855063  
1 1961146397  
2 
3 
3 
2 
6 
4 
6 
2 
1 2016038632  
5 
1 1957876171  
3 
5 
4 
5 
4 
3 
3 
6 
3 
3 
6 
6 
5 
5 
6 
6 
6 
3 
2 
1 1590012583  
5 
2 
1 1185496832  
6 
3 
3 
5 
3 
1 1635195967  
5 
5 
5 
1 1181995211  
3 
2 
2 
2 
1 1058511872  
4 
1 1398027022  
4 
1 1033525462  
4 
5 
6 
2 
5 
2 
2 
4 
6 
1 1171614745  
2 
3 
1 48172556  
5 
5 
6 
6 
5 
2 
5 
5 
2 
4 
2 
4 
4 
3 
1 1189083805  
3 
4 
2 
6 
2 
6 
5 
2 
4 
2 
2 
2 
6 
3 
3 
5 
6 
3 
1 229922525  
6 
3 
6 
4 
2 
5 
4 
2 
6 
2 
3 
3 
4 
6 
6 
3 
4 
5 
3 
5 
4 
5 
6 
6 
1 3309834  
3 
4 
3 
6 
3 
5 
6 
1 1456119391  
1 1416822121  
1 149968917  
5 
3 
5 
5 
3 
3 
4 
2 
6 
3 
2 
1 141547700  
4 
4 
5 
2 
6 
3 
6 
3 
2 
3 
6 
2 
2 
3 
6 
3 
2 
3 
1 2045596914  
1 38113836  
4 
3 
3 
3 
6 
1 1226391570  
2 
6 
6 
4 
5 
4 
2 
4 
6 
1 1783151636  
3 
1 1266475057  
1 1332421615  
5 
6 
2 
6 
4 
3 
2 
1 550182107  
2 
1 811258994  
6 
1 101480722  
6 
6 
2 
3 
3 
5 
1 378025269  
3 
1 255294661  
5 
5 
2 
1 1364335785  
6 
6 
6 
1 191688019  
6 
3 
6 
3 
6 
5 
5 
3 
3 
4 
4 
1 123849646  
2 
1 1174728308  
5 
5 
1 1781700602  
1 1309346478  
3 
5 
3 
2 
2 
1 662440627  
5 
6 
3 
3 
1 816212165  
2 
2 
3 
5 
5 
1 220374702  
2 
5 
6 
4 
1 2060467650  
2 
1 1849737627  
3 
1 1391989447  
2 
3 
3 
2 
2 
5 
1 2108640206  
2 
1 891337784  
2 
3 
1 1621911972  
2 
6 
2 
2 
1 2111950040  
5 
2 
5 
4 
1 199973527  
4 
6 
1 891250445  
4 
6 
1 114435310  
5 
4 
5 
6 
5 
3 
3 
6 
1 341521227  
1 789363711  
2 
4 
3 
6 
1 152549146  
2 
1 1567912798  
5 
5 
2 
5 
4 
6 
4 
5 
4 
6 
1 425031700  
5 
3 
1 1419024203  
1 752850765  
3 
6 
4 
3 
3 
3 
3 
6 
2 
6 
4 
6 
1 975213807  
5 
5 
3 
2 
3 
2 
6 
2 
2 
2 
2 
6 
5 
6 
3 
6 
4 
1 82799550  
4 
5 
4 
6 
2 
6 
4 
4 
5 
2 
6 
1 854331487  
1 1353239077  
5 
2 
1 338094211  
3 
6 
3 
2 
3 
1 71183624  
5 
3 
2 
1 1544927096  
1 461943857  
4 
5 
1 1245911933  
6 
4 
2 
1 1179144050  
5 
1 1771290335  
3 
5 
1 1908352560  
2 
5 
3 
3 
5 
4 
5 
3 
6 
2 
4 
2 
3 
4 
1 1995356215  
2 
2 
2 
2 
6 
1 1991665037  
3 
1 1821336562  
6 
1 1697610194  
4 
2 
4 
5 
2 
3 
6 
1 1236170836  
2 
4 
5 
5 
5 
3 
3 
5 
1 1782493121  
3 
3 
1 441464331  
2 
1 710599160  
1 1746959513  
2 
4 
3 
6 
4 
3 
1 641437858  
2 
2 
5 
2 
2 
6 
2 
3 
3 
4 
2 
1 1601849606  
1 1861394823  
4 
3 
4 
2 
2 
2 
5 
3 
3 
2 
1 982959086  
2 
1 243729669  
1 2013943969  
6 
5 
6 
1 403388236  
6 
1 668761369  
3 
4 
6 
4 
5 
5 
4 
5 
5 
2 
2 
6 
1 1285484525  
3 
4 
4 
3 
4 
1 1156239001  
5 
6 
6 
5 
4 
1 1643975177  
5 
1 1368284075  
4 
4 
5 
1 2010570488  
4 
3 
6 
6 
3 
4 
5 
4 
1 849730606  
2 
1 1706378286  
4 
3 
3 
6 
6 
2 
2 
6 
6 
2 
3 
1 2081754112  
2 
5 
5 
6 
5 
5 
2 
1 247174054  
6 
6 
5 
6 
5 
1 20838496  
2 
1 1180182397  
6 
5 
3 
4 
2 
4 
1 1426318104  
3 
4 
6 
4 
6 
5 
1 1792128831  
4 
2 
1 941051310  
4 
3 
4 
5 
3 
4 
6 
2 
5 
1 1274190671  
2 
6 
2 
1 1636310221  
6 
1 614904224  
3 
5 
5 
2 
5 
2 
2 
5 
2 
1 824317217  
5 
6 
6 
1 724997409  
4 
4 
1 249913697  
5 
6 
1 1265781548  
3 
6 
4 
3 
2 
5 
5 
1 1435596570  
3 
6 
2 
6 
6 
1 1996873211  
2 
3 
3 
4 
3 
5 
5 
1 1907219407  
2 
6 
1 889962528  
6 
3 
2 
3 
6 
2 
6 
6 
5 
3 
1 1710784386  
5 
5 
4 
3 
3 
2 
2 
6 
1 742694845  
1 1133692197  
1 1577244708  
5 
1 1146083081  
3 
1 1802453567  
1 715245585  
6 
3 
5 
2 
4 
1 154838434  
5 
3 
1 1298945096  
6 
4 
2 
2 
6 
1 2083529660  
3 
5 
4 
1 17925274  
2 
6 
2 
4 
5 
6 
1 1192054  
1 1642424298  
6 
6 
4 
2 
4 
3 
6 
1 2099679386  
6 
1 248366108  
2 
3 
6 
2 
6 
4 
6 
6 
2 
1 1663262794  
1 1132378136  
4 
3 
4 
6 
3 
4 
3 
3 
3 
5 
2 
2 
2 
5 
5 
2 
3 
3 
5 
5 
5 
1 1674684212  
3 
5 
4 
1 1307907978  
1 2073429446  
5 
1 801391235  
1 796734551  
4 
4 
6 
6 
5 
2 
1 540850022  
2 
2 
4 
5 
1 1625708452  
6 
5 
5 
2 
6 
2 
2 
3 
4 
6 
6 
6 
6 
6 
6 
3 
4 
2 
3 
2 
6 
2 
1 1521731960  
2 
6 
2 
1 790763720  
1 744006353  
4 
4 
5 
6 
3 
1 809844882  
5 
2 
1 640153283  
3 
4 
3 
1 503742112  
4 
5 
3 
3 
6 
5 
5 
2 
5 
6 
2 
2 
2 
4 
3 
4 
1 1699807410  
4 
5 
5 
6 
3 
3 
4 
1 203454021  
1 1246436957  
1 686015960  
3 
2 
6 
3 
6 
1 1780698729  
4 
4 
4 
6 
2 
1 245036390  
5 
4 
4 
2 
1 340985879  
1 348460666  
5 
1 399874824  
3 
6 
2 
6 
1 1639930975  
3 
5 
1 284506678  
6 
4 
6 
2 
2 
6 
1 417800098  
3 
4 
6 
6 
5 
6 
1 1641123029  
2 
1 1926930977  
5 
1 369995836  
3 
2 
4 
2 
4 
3 
4 
4 
3 
5 
4 
6 
6 
6 
1 1889489137  
2 
5 
6 
6 
6 
2 
1 1442710123  
5 
1 1502373972  
5 
5 
3 
1 1416689701  
3 
6 
6 
1 603134453  
4 
4 
5 
6 
5 
2 
4 
1 1428319770  
5 
5 
4 
6 
1 70597288  
4 
1 1399869004  
2 
6 
3 
4 
5 
5 
1 1969169793  
1 1696305740  
6 
4 
3 
3 
1 774117317  
5 
3 
3 
2 
5 
4 
4 
1 612449865  
6 
3 
6 
1 292828445  
2 
6 
2 
2 
4 
6 
1 1583962199  
1 1252603148  
4 
4 
6 
4 
4 
6 
5 
1 796570557  
6 
5 
1 1136285962  
4 
4 
6 
3 
5 
6 
6 
3 
4 
2 
2 
3 
2 
4 
3 
2 
2 
2 
6 
5 
5 
6 
3 
1 1456057169  
1 2043007514  
2 
3 
6 
1 1822301922  
3 
3 
2 
3 
2 
5 
5 
6 
4 
2 
3 
6 
5 
2 
3 
4 
3 
3 
5 
2 
6 
3 
6 
3 
5 
6 
6 
2 
3 
5 
2 
3 
5 
1 1089272251  
4 
3 
1 140560256  
3 
1 15804153  
3 
1 1437732917  
3 
5 
1 540435080  
4 
3 
4 
3 
3 
6 
5 
3 
2 
3 
5 
1 1655735128  
4 
2 
3 
5 
4 
4 
1 1722239596  
6 
4 
1 958235178  
1 1149374509  
2 
6 
5 
1 1501686925  
4 
4 
5 
5 
2 
4 
1 1328231015  
1 891379998  
5 
5 
5 
4 
4 
3 
1 796913400  
4 
2 
2 
5 
3 
5 
3 
2 
5 
3 
5 
3 
4 
3 
6 
1 683121339  
5 
5 
2 
4 
3 
2 
3 
1 160586051  
1 1400047854  
3 
1 2111441110  
4 
5 
6 
2 
1 231183339  
4 
3 
3 
4 
3 
3 
4 
1 652433210  
5 
6 
4 
5 
5 
1 1933127255  
3 
3 
2 
5 
4 
5 
4 
5 
6 
3 
1 1927489079  
6 
3 
6 
4 
6 
6 
5 
1 1426550527  
3 
2 
3 
1 398093472  
6 
6 
5 
4 
3 
2 
6 
3 
3 
4 
6 
6 
3 
2 
4 
3 
2 
1 72833877  
2 
4 
1 863029079  
3 
1 1650696620  
3 
5 
1 869404434  
1 1999315041  
2 
4 
2 
5 
4 
2 
6 
1 959270141  
1 764928301  
5 
2 
4 
2 
3 
6 
1 1674133315  
1 2048542392  
2 
1 905488557  
1 1689937468  
3 
2 
2 
2 
2 
4 
6 
1 1338791662  
4 
3 
4 
6 
2 
6 
3 
1 1445923638  
5 
4 
2 
5 
1 1198188948  
6 
1 913547610  
2 
4 
4 
4 
3 
3 
2 
3 
1 256675168  
2 
5 
2 
2 
4 
4 
1 200079809  
4 
5 
4 
5 
2 
4 
1 267750887  
5 
3 
6 
4 
4 
4 
2 
1 1584906183  
5 
5 
5 
6 
4 
3 
2 
3 
6 
5 
6 
6 
4 
1 1091459807  
6 
5 
2 
2 
2 
4 
1 1064664287  
1 120543875  
6 
4 
4 
3 
1 1252045858  
6 
6 
1 317228493  
2 
2 
6 
1 84501337  
1 1483229197  
2 
6 
5 
2 
5 
3 
5 
4 
2 
1 969661704  
5 
5 
2 
5 
4 
1 2017628592  
3 
5 
1 1263234628  
5 
5 
1 248728583  
5 
2 
4 
6 
2 
5 
5 
3 
6 
3 
1 268238416  
4 
2 
5 
5 
6 
3 
2 
2 
1 1336068505  
4 
6 
3 
4 
6 
6 
5 
5 
4 
4 
5 
5 
6 
3 
3 
1 1111757662  
4 
3 
5 
2 
6 
5 
3 
6 
2 
5 
3 
1 1918935036  
1 57989292  
2 
3 
4 
6 
6 
4 
2 
6 
2 
6 
2 
2 
3 
4 
1 963589055  
2 
6 
2 
1 730721529  
5 
6 
2 
2 
5 
1 822917593  
3 
5 
1 490238722  
3 
3 
3 
2 
1 631780274  
4 
3 
2 
2 
3 
4 
5 
4 
5 
1 1728406150  
1 32692542  
1 1970571936  
4 
1 1026846140  
2 
4 
5 
5 
1 1230881490  
4 
4 
6 
1 736635898  
3 
1 1283521309  
2 
3 
3 
1 1430961299  
1 1004386785  
4 
6 
6 
6 
2 
3 
3 
3 
2 
4 
6 
6 
2 
2 
5 
5 
6 
2 
3 
2 
6 
5 
5 
6 
3 
1 720943844  
1 374937458  
3 
2 
6 
5 
1 2069051072  
2 
3 
5 
5 
3 
2 
1 841487719  
1 1626983316  
6 
3 
1 238795918  
3 
1 925989056  
4 
1 962728865  
1 1208457622  
5 
3 
5 
5 
1 796134000  
6 
5 
3 
4 
6 
1 78479846  
6 
3 
2 
2 
2 
3 
4 
3 
2 
4 
2 
1 1457186205  
1 1064372416  
5 
5 
3 
4 
3 
3 
5 
5 
1 1414548351  
5 
6 
3 
1 421460220  
2 
6 
4 
1 835823804  
6 
1 1472537643  
6 
6 
2 
3 
1 1385049275  
1 1566545334  
1 147971588  
4 
5 
5 
3 
5 
3 
3 
1 1875287998  
4 
3 
1 50841960  
6 
6 
3 
3 
2 
1 1876377739  
2 
5 
1 1907980540  
6 
3 
4 
2 
1 2021413896  
6 
5 
5 
4 
1 755740231  
4 
2 
6 
5 
6 
3 
6 
5 
1 991378383  
1 610566146  
2 
4 
5 
4 
5 
1 2039261540  
5 
5 
4 
1 274856034  
1 1614952931  
4 
3 
2 
4 
6 
5 
6 
6 
5 
5 
6 
3 
3 
1 612721737  
1 649793493  
5 
3 
6 
3 
3 
4 
2 
2 
2 
5 
4 
1 1536520355  
1 1454209456  
6 
1 129293161  
3 
3 
6 
6 
1 1775316273  
6 
6 
2 
3 
5 
4 
5 
6 
4 
2 
6 
2 
3 
1 232714865  
1 1092022027  
5 
1 836290247  
2 
1 1028848865  
1 1170501873  
1 145992805  
6 
5 
3 
4 
2 
5 
6 
1 2093221282  
2 
4 
5 
6 
2 
2 
3 
5 
3 
3 
5 
4 
4 
1 437566576  
3 
2 
1 567453025  
5 
3 
1 781561438  
6 
6 
4 
3 
4 
2 
2 
1 1910104220  
1 1952502300  
3 
2 
6 
3 
3 
6 
2 
6 
1 200623124  
1 2058075808  
1 1680306650  
3 
5 
1 251465084  
5 
6 
4 
3 
5 
5 
4 
1 1786969899  
3 
6 
2 
5 
5 
5 
5 
4 
4 
1 1440803543  
1 125395332  
4 
3 
6 
5 
1 395226483  
3 
2 
6 
6 
6 
1 284698278  
1 735961478  
5 
2 
2 
2 
4 
1 287004375  
1 559554312  
4 
3 
6 
4 
2 
4 
4 
2 
6 
1 203430761  
5 
4 
3 
5 
6 
1 899726112  
2 
4 
4 
1 1209347805  
6 
2 
2 
2 
4 
3 
6 
2 
1 1739951117  
1 206451921  
5 
3 
3 
5 
5 
6 
5 
6 
1 1338640967  
4 
2 
2 
1 1367783742  
2 
3 
5 
2 
4 
2 
6 
3 
1 439166786  
5 
2 
4 
6 
5 
5 
6 
2 
5 
1 283179346  
4 
6 
5 
2 
5 
3 
2 
6 
2 
3 
3 
5 
2 
5 
5 
4 
3 
4 
5 
4 
4 
2 
3 
3 
1 56590342  
1 1468015651  
2 
1 1453681219  
5 
5 
6 
1 202583147  
1 1413753285  
6 
1 1891247795  
5 
4 
6 
2 
2 
5 
5 
3 
4 
2 
4 
4 
6 
4 
2 
5 
1 770036172  
5 
4 
6 
4 
6 
2 
5 
1 47831076  
1 1653868367  
4 
1 575054824  
2 
6 
6 
2 
2 
4 
2 
2 
2 
4 
1 248454200  
3 
1 1564460528  
3 
1 107877827  
3 
1 499919285  
2 
2 
1 1203946779  
6 
6 
5 
3 
5 
2 
5 
3 
3 
5 
3 
4 
3 
3 
2 
1 1548681370  
3 
4 
5 
2 
1 625314617  
5 
4 
2 
1 1599173262  
5 
1 1833379648  
1 1361276096  
5 
1 1886177638  
1 245450312  
4 
1 1564706857  
2 
5 
6 
6 
1 638420102  
2 
1 1454798118  
5 
5 
4 
4 
5 
1 1157174326  
5 
3 
3 
3 
3 
5 
4 
4 
1 844872023  
5 
3 
1 645955437  
5 
2 
3 
1 377474421  
1 1284038809  
5 
5 
5 
4 
4 
3 
4 
5 
6 
2 
4 
5 
2 
5 
4 
1 929134783  
1 434064763  
5 
6 
6 
1 604570813  
3 
5 
1 235332354  
3 
2 
1 636647910  
2 
1 2018324098  
4 
4 
1 2126580149  
5 
4 
4 
5 
2 
5 
3 
5 
1 1406684082  
3 
6 
1 2066155174  
1 1632964869  
6 
5 
6 
6 
6 
6 
2 
3 
4 
3 
6 
1 1981738906  
3 
5 
3 
5 
1 167125727  
1 1049941749  
6 
3 
6 
3 
1 2089616733  
4 
6 
2 
1 667045012  
3 
1 106404880  
6 
5 
6 
3 
5 
5 
2 
2 
3 
6 
1 1490814455  
4 
5 
6 
4 
1 1292359629  
3 
6 
5 
5 
6 
1 1705578143  
5 
1 1176710455  
5 
3 
6 
3 
3 
1 506152077  
4 
6 
3 
6 
3 
6 
4 
5 
5 
6 
1 1444272133  
5 
4 
3 
5 
3 
3 
1 1422160768  
6 
2 
4 
2 
4 
4 
6 
3 
3 
2 
6 
6 
1 2070858935  
6 
1 2082692235  
5 
4 
5 
2 
2 
4 
4 
2 
3 
5 
4 
3 
3 
6 
1 729475238  
3 
5 
1 1080549613  
1 780080611  
6 
3 
3 
2 
6 
2 
2 
1 1375430675  
4 
4 
2 
1 1458024034  
2 
5 
3 
5 
2 
4 
2 
4 
5 
5 
4 
2 
1 2064119420  
4 
4 
2 
1 157081810  
3 
6 
2 
5 
3 
4 
4 
6 
4 
4 
2 
3 
6 
2 
5 
3 
3 
6 
1 1892088797  
3 
4 
5 
6 
2 
2 
2 
3 
6 
6 
1 521206585  
2 
3 
4 
3 
1 392414164  
6 
6 
5 
3 
3 
6 
1 381253059  
6 
1 392047036  
3 
2 
6 
6 
3 
1 371510665  
4 
5 
5 
6 
5 
1 1787937141  
1 310718562  
3 
2 
6 
4 
5 
3 
6 
5 
4 
1 2004475534  
1 1622192400  
2 
6 
4 
6 
2 
2 
2 
2 
6 
4 
5 
3 
4 
2 
4 
1 477844289  
3 
1 906933635  
1 1564325485  
1 1144889301  
4 
6 
6 
1 1013338516  
4 
3 
5 
3 
6 
2 
1 907656293  
1 289765283  
5 
5 
1 571433011  
6 
2 
4 
6 
5 
1 2084366748  
2 
5 
4 
3 
5 
5 
6 
3 
1 795917360  
5 
4 
6 
6 
2 
6 
3 
6 
5 
4 
3 
2 
6 
5 
5 
3 
6 
2 
5 
1 2015705144  
5 
2 
6 
5 
1 1359043868  
1 719292647  
5 
4 
2 
1 1950913731  
4 
6 
5 
2 
3 
2 
4 
1 2088519106  
2 
2 
5 
5 
3 
2 
6 
4 
5 
1 1799842261  
5 
5 
3 
2 
4 
5 
3 
3 
3 
3 
4 
6 
4 
2 
1 583510694  
1 1316466133  
2 
2 
3 
3 
6 
1 1110382647  
5 
4 
6 
5 
3 
6 
2 
1 500146467  
3 
5 
2 
4 
5 
5 
5 
3 
2 
1 1473547943  
6 
6 
6 
4 
2 
1 854987797  
2 
5 
6 
4 
2 
3 
3 
4 
2 
2 
2 
4 
3 
4 
6 
4 
1 1021353052  
2 
1 1865962107  
3 
3 
6 
2 
5 
6 
6 
6 
2 
2 
3 
4 
3 
4 
5 
3 
5 
3 
1 1236240856  
2 
5 
5 
1 1413400088  
6 
1 89989125  
6 
3 
4 
2 
6 
2 
4 
4 
3 
3 
3 
4 
2 
1 876694350  
6 
2 
4 
5 
4 
3 
1 1724118651  
2 
2 
2 
2 
3 
5 
6 
5 
4 
6 
6 
5 
2 
3 
6 
2 
3 
6 
4 
5 
1 2094464659  
4 
3 
5 
5 
5 
2 
2 
1 351403102  
1 54479292  
2 
6 
4 
2 
6 
2 
2 
4 
1 853914647  
5 
2 
6 
5 
3 
5 
5 
2 
1 1915728587  
3 
6 
3 
1 1199368594  
6 
1 1867253163  
3 
1 675901232  
4 
2 
3 
6 
1 1489133877  
5 
4 
6 
3 
1 291202526  
6 
6 
5 
2 
2 
4 
3 
5 
1 612784333  
3 
1 137567589  
3 
1 159424022  
3 
2 
6 
5 
6 
5 
6 
6 
2 
4 
5 
1 1971828201  
5 
3 
5 
3 
3 
4 
4 
4 
2 
6 
4 
5 
1 856860237  
2 
1 2110337753  
2 
3 
5 
3 
2 
2 
6 
4 
6 
4 
1 1912863660  
4 
4 
5 
4 
4 
4 
1 509218850  
1 546364800  
4 
6 
6 
3 
3 
2 
4 
5 
3 
3 
1 1081846145  
4 
2 
1 1619601497  
4 
4 
4 
6 
3 
6 
3 
1 1046511267  
2 
5 
5 
4 
4 
2 
5 
1 407910441  
2 
6 
4 
3 
3 
4 
2 
4 
1 327105646  
2 
1 2067864319  
2 
3 
5 
5 
5 
2 
3 
5 
4 
2 
5 
2 
1 126388900  
6 
4 
5 
1 1563346503  
1 1333780760  
3 
3 
5 
6 
2 
6 
4 
1 216378025  
2 
5 
1 292557205  
1 910415763  
4 
5 
5 
5 
3 
6 
2 
1 163359037  
6 
2 
6 
2 
1 643960307  
3 
4 
3 
2 
4 
1 964895055  
6 
5 
1 1017273684  
1 412205246  
3 
2 
5 
2 
4 
2 
4 
3 
5 
6 
4 
1 16780001  
1 737043199  
1 1088106479  
3 
6 
5 
3 
4 
6 
2 
4 
6 
3 
3 
2 
5 
5 
5 
3 
3 
2 
6 
6 
6 
6 
5 
2 
5 
6 
4 
2 
2 
6 
4 
3 
4 
1 1505913878  
5 
3 
6 
1 1028245725  
3 
4 
6 
2 
6 
1 1700890812  
5 
2 
5 
4 
2 
1 1643481468  
1 1187669747  
2 
2 
3 
1 1525235365  
4 
5 
6 
2 
5 
1 352858057  
5 
4 
2 
4 
4 
2 
4 
5 
6 
5 
5 
4 
2 
6 
6 
5 
4 
1 1150523852  
6 
6 
4 
6 
5 
5 
4 
3 
6 
2 
1 1290615377  
2 
5 
4 
1 862076907  
4 
4 
1 1696888652  
2 
4 
6 
4 
2 
2 
6 
1 224977875  
3 
3 
3 
2 
5 
2 
5 
6 
6 
1 334194756  
4 
6 
4 
1 595916271  
1 632888316  
1 661300403  
6 
2 
5 
3 
5 
3 
6 
3 
6 
1 516296943  
3 
4 
5 
4 
5 
2 
5 
2 
5 
5 
5 
4 
6 
2 
6 
2 
5 
3 
2 
4 
2 
4 
6 
4 
2 
3 
2 
4 
2 
4 
4 
5 
3 
6 
1 759277216  
6 
2 
5 
1 77163258  
3 
2 
3 
1 1850077703  
5 
5 
4 
2 
2 
5 
4 
5 
4 
1 975655242  
1 369720463  
1 613009818  
4 
1 1139014279  
1 1013680770  
5 
5 
2 
6 
2 
2 
4 
1 1577904873  
1 8804315  
1 1425886016  
6 
1 1594684875  
5 
3 
5 
3 
3 
3 
4 
1 745847514  
4 
3 
1 366508847  
1 953115105  
3 
4 
2 
5 
1 1774093239  
3 
3 
3 
4 
5 
4 
6 
3 
3 
6 
1 2067399659  
5 
6 
5 
1 449112925  
6 
2 
6 
6 
3 
1 814279338  
6 
4 
3 
5 
2 
5 
1 1445151377  
6 
4 
6 
3 
4 
6 
4 
3 
5 
4 
6 
6 
6 
3 
6 
3 
6 
3 
1 801970982  
3 
1 1964803190  
5 
6 
6 
1 588283106  
2 
3 
5 
5 
3 
1 1664047889  
4 
6 
2 
5 
5 
1 1514208195  
6 
5 
5 
3 
5 
6 
2 
2 
2 
6 
6 
5 
3 
6 
1 813260981  
6 
2 
1 1998242646  
1 2110124466  
3 
4 
2 
3 
5 
1 1446149297  
5 
5 
5 
4 
3 
1 512059401  
6 
3 
1 478937761  
2 
2 
4 
2 
5 
5 
4 
1 57942866  
4 
3 
3 
5 
5 
1 589222659  
5 
4 
5 
5 
2 
5 
5 
4 
1 181531816  
3 
6 
2 
1 1033598108  
6 
2 
2 
2 
2 
5 
5 
6 
4 
4 
5 
6 
3 
3 
5 
1 958943122  
4 
3 
1 794541634  
1 25128739  
1 1972623892  
4 
3 
5 
3 
6 
2 
4 
1 224962860  
6 
1 33933054  
6 
5 
3 
4 
1 1251026260  
3 
4 
1 1819647735  
1 779780568  
5 
3 
2 
3 
2 
6 
1 1617535108  
3 
6 
1 625279192  
4 
5 
3 
1 406390159  
5 
1 1537451119  
5 
1 1074392118  
2 
4 
5 
1 1220669497  
4 
4 
1 835118848  
6 
6 
4 
4 
4 
4 
1 1876363100  
2 
3 
1 1037989039  
3 
1 1423401955  
4 
3 
2 
6 
3 
4 
6 
4 
3 
3 
5 
3 
4 
2 
2 
4 
4 
2 
6 
4 
3 
3 
3 
1 1392927342  
4 
6 
3 
1 404713586  
5 
3 
2 
5 
5 
5 
3 
5 
5 
4 
6 
6 
5 
5 
2 
1 89179288  
1 1243686340  
5 
5 
4 
1 367354405  
5 
1 1535328586  
2 
5 
5 
2 
3 
4 
5 
1 1755745741  
2 
3 
2 
5 
5 
4 
4 
1 846292166  
5 
4 
5 
2 
5 
3 
5 
1 1593271452  
5 
3 
2 
4 
6 
4 
3 
2 
1 197484752  
5 
2 
4 
1 1027823983  
3 
5 
5 
3 
1 479385912  
2 
1 1156427874  
1 1822365617  
2 
4 
2 
1 504514651  
3 
4 
3 
6 
4 
1 981568118  
5 
1 2047328477  
6 
4 
1 538447705  
2 
2 
6 
3 
6 
6 
5 
6 
5 
1 85110730  
5 
5 
5 
3 
4 
2 
2 
6 
3 
5 
2 
6 
6 
6 
1 1719492564  
3 
6 
2 
4 
3 
1 1318228273  
6 
6 
6 
5 
4 
4 
1 1702645838  
5 
6 
1 197288109  
5 
4 
6 
2 
3 
4 
3 
1 1724618432  
4 
2 
6 
6 
4 
2 
4 
6 
2 
2 
2 
3 
5 
2 
5 
6 
4 
3 
6 
1 1092613310  
6 
5 
6 
1 1271680227  
2 
2 
1 797804281  
1 1927732158  
1 1000559679  
3 
5 
4 
4 
2 
2 
2 
6 
2 
5 
1 1835793320  
5 
1 1203650465  
2 
2 
2 
3 
1 246003373  
5 
5 
6 
5 
1 93023259  
3 
3 
4 
4 
5 
3 
6 
3 
1 1292829754  
5 
6 
1 1489689713  
1 460377664  
6 
2 
2 
1 680674692  
2 
3 
6 
6 
5 
5 
4 
4 
1 1097951806  
3 
2 
5 
5 
3 
1 1306669830  
4 
3 
5 
3 
4 
6 
5 
3 
6 
2 
6 
5 
5 
4 
2 
6 
2 
3 
1 126462496  
3 
5 
6 
5 
2 
6 
6 
4 
5 
1 1295436558  
1 187010165  
2 
2 
4 
5 
1 605848408  
1 304380784  
1 2009375783  
6 
6 
5 
3 
2 
4 
4 
6 
1 1110363059  
1 1285948902  
1 1909220612  
4 
5 
2 
4 
6 
3 
4 
1 1648810764  
3 
6 
5 
2 
2 
4 
5 
6 
5 
3 
6 
6 
1 1371059633  
6 
6 
3 
4 
1 1481229529  
6 
2 
1 819555389  
3 
6 
2 
5 
2 
4 
5 
6 
5 
1 926221823  
4 
4 
2 
5 
2 
1 1678517638  
1 396690173  
5 
5 
1 2018835133  
6 
3 
1 802714217  
6 
4 
1 1194494454  
3 
1 1799083644  
1 1803273896  
3 
2 
6 
1 882804126  
3 
3 
3 
4 
5 
1 855250461  
5 
3 
2 
1 2049277270  
2 
6 
1 975827385  
3 
5 
4 
3 
5 
1 596567  
3 
6 
5 
4 
1 1391483335  
6 
2 
5 
6 
3 
2 
4 
3 
5 
5 
5 
6 
5 
3 
5 
4 
3 
3 
1 1436205049  
3 
5 
1 681271259  
3 
5 
1 341951494  
3 
2 
4 
4 
3 
3 
5 
2 
3 
5 
5 
5 
3 
1 595391232  
3 
6 
1 807733755  
1 1637388052  
5 
1 782401397  
5 
4 
1 1413582163  
1 1941768837  
6 
4 
2 
5 
1 644293532  
4 
3 
1 376461574  
5 
3 
1 1080234091  
6 
3 
1 406030497  
3 
1 2025272338  
5 
5 
6 
3 
5 
5 
5 
6 
4 
6 
5 
5 
4 
3 
6 
3 
5 
4 
3 
1 303810076  
1 1887260026  
3 
2 
3 
6 
5 
2 
3 
6 
3 
2 
2 
5 
3 
3 
1 697344079  
5 
5 
1 1230031900  
2 
2 
4 
5 
5 
4 
5 
5 
4 
5 
1 1418294016  
5 
1 1094034252  
2 
5 
3 
4 
6 
6 
6 
3 
2 
5 
2 
1 1101383385  
5 
4 
4 
3 
6 
6 
1 73524585  
4 
3 
6 
3 
6 
3 
5 
2 
4 
4 
4 
1 141045058  
3 
4 
4 
1 752983381  
2 
3 
6 
3 
3 
5 
5 
3 
6 
1 1876798481  
1 1023849185  
4 
2 
6 
6 
4 
4 
4 
6 
4 
2 
3 
4 
5 
5 
3 
6 
5 
6 
4 
4 
5 
4 
1 1608233843  
3 
1 1778592103  
2 
3 
3 
3 
4 
1 1999676570  
2 
4 
5 
1 1608830410  
2 
4 
4 
1 1022591791  
2 
6 
4 
2 
2 
1 1288397972  
1 142618022  
1 1364543285  
3 
6 
1 1883789204  
5 
2 
3 
6 
3 
1 950351777  
5 
2 
2 
6 
4 
6 
6 
2 
6 
5 
4 
5 
5 
1 854447689  
5 
6 
5 
2 
4 
4 
6 
4 
5 
6 
4 
4 
5 
6 
2 
5 
4 
6 
4 
1 518706953  
4 
5 
5 
2 
3 
1 216450293  
1 648732878  
3 
5 
2 
5 
3 
3 
3 
2 
3 
1 1163000486  
3 
6 
1 592911867  
5 
6 
3 
5 
3 
3 
5 
6 
5 
5 
2 
3 
5 
1 1728966970  
4 
6 
5 
6 
3 
6 
4 
2 
1 1569030983  
4 
6 
3 
5 
2 
4 
2 
2 
2 
3 
3 
2 
6 
5 
2 
4 
3 
2 
4 
4 
5 
4 
2 
3 
6 
1 470700558  
2 
5 
3 
2 
1 2032777046  
6 
1 1308807361  
1 1168044637  
4 
2 
2 
5 
5 
6 
4 
4 
1 1115325298  
1 579617729  
6 
6 
2 
2 
1 114595242  
5 
1 69225036  
2 
3 
3 
2 
2 
5 
4 
3 
2 
1 653142314  
6 
6 
4 
4 
3 
5 
5 
2 
2 
4 
6 
1 255640300  
5 
2 
6 
4 
5 
3 
2 
4 
1 822208417  
1 382457147  
3 
5 
5 
1 1279489485  
1 282958612  
3 
4 
5 
4 
5 
4 
6 
2 
1 13565603  
4 
1 1131682408  
1 1891789023  
4 
6 
3 
1 1036157394  
4 
6 
2 
2 
2 
3 
6 
1 272596732  
2 
3 
2 
5 
1 2034407045  
1 253217031  
6 
1 8902288  
6 
2 
4 
6 
5 
5 
3 
5 
2 
6 
4 
5 
1 837275174  
5 
5 
2 
4 
5 
2 
4 
2 
2 
6 
3 
1 1107664720  
2 
5 
6 
6 
5 
3 
6 
4 
6 
6 
3 
5 
4 
4 
3 
5 
6 
3 
1 527609241  
5 
2 
5 
6 
2 
2 
1 1053725467  
5 
3 
2 
4 
1 1756397599  
6 
6 
3 
5 
5 
1 1690609727  
3 
5 
1 1646637335  
3 
6 
5 
1 1337880921  
3 
5 
4 
6 
6 
3 
4 
4 
1 1112157062  
1 2117337893  
1 1223174319  
4 
2 
2 
3 
4 
3 
6 
4 
6 
1 273480775  
2 
6 
2 
3 
3 
3 
2 
2 
5 
6 
3 
1 1137898882  
2 
1 191015970  
5 
4 
3 
6 
2 
5 
4 
4 
4 
5 
5 
1 853098504  
2 
5 
6 
2 
2 
6 
6 
6 
2 
4 
6 
2 
5 
6 
2 
4 
3 
4 
2 
5 
6 
2 
3 
1 1252494124  
1 260241006  
3 
3 
1 1506240818  
3 
6 
1 1508134425  
3 
2 
2 
1 1082449423  
1 1888697966  
2 
1 640140262  
1 1365408036  
5 
6 
3 
2 
2 
1 1902263569  
4 
3 
6 
6 
6 
3 
3 
2 
2 
4 
6 
2 
4 
4 
5 
5 
4 
3 
6 
4 
2 
2 
4 
4 
2 
1 1771822670  
5 
2 
5 
1 1109713411  
5 
4 
1 790937315  
5 
4 
6 
4 
6 
1 2044419402  
3 
3 
6 
3 
3 
5 
1 996636808  
1 1044154346  
1 2053321690  
5 
6 
3 
4 
3 
3 
1 1833911982  
2 
1 4335418  
2 
2 
3 
3 
3 
4 
3 
4 
1 433447284  
5 
5 
1 740153802  
2 
1 1760733017  
1 2124057011  
4 
6 
2 
5 
4 
3 
2 
1 239307489  
1 951130290  
1 1088730426  
1 209161734  
3 
1 26820962  
6 
3 
3 
6 
1 1362211201  
2 
5 
4 
1 1347060616  
2 
1 217836932  
3 
4 
5 
2 
1 67826058  
5 
5 
4 
4 
2 
1 452071093  
6 
1 478077938  
5 
5 
6 
6 
6 
2 
6 
3 
3 
5 
2 
1 1574066876  
3 
3 
1 1960205518  
4 
1 1560527361  
5 
2 
5 
4 
2 
2 
3 
5 
4 
4 
5 
5 
6 
6 
2 
2 
1 1315281194  
3 
2 
4 
4 
5 
2 
2 
2 
6 
6 
6 
1 452862132  
5 
1 778451749  
1 1070061115  
1 77201155  
3 
5 
5 
3 
5 
5 
1 1888165160  
6 
4 
5 
5 
2 
4 
5 
2 
6 
3 
2 
3 
4 
1 1860998430  
4 
3 
6 
2 
5 
5 
3 
4 
5 
3 
2 
2 
1 2121620557  
2 
4 
