6 
6 
3 
1 472855716  
5 
3 
6 
1 585475281  
5 
6 
3 
5 
2 
1 1832908454  
4 
2 
2 
2 
4 
3 
2 
5 
4 
6 
5 
3 
2 
5 
6 
6 
2 
4 
1 249255621  
5 
1 1613487114  
3 
6 
2 
4 
3 
4 
3 
5 
1 1203207148  
6 
5 
1 2098993261  
5 
4 
2 
4 
1 1134677662  
6 
5 
2 
5 
4 
2 
3 
2 
6 
3 
1 1759134625  
5 
2 
4 
1 757645126  
5 
1 1864007926  
3 
6 
1 310845785  
5 
5 
6 
2 
3 
1 1185640523  
5 
3 
5 
1 1716835164  
1 826734852  
5 
2 
2 
3 
5 
2 
5 
4 
3 
3 
4 
4 
5 
2 
1 1531630690  
5 
5 
2 
1 2061813332  
4 
2 
3 
1 1726047692  
6 
5 
6 
6 
3 
2 
1 811931316  
4 
6 
4 
6 
3 
1 1859804878  
2 
3 
5 
1 2020157374  
4 
1 377176802  
6 
5 
5 
6 
2 
2 
2 
5 
1 793601932  
2 
6 
5 
5 
2 
3 
1 1696158894  
4 
4 
4 
5 
3 
1 1693134524  
5 
1 998982069  
1 689938828  
2 
5 
5 
1 729306356  
2 
2 
6 
3 
5 
3 
1 1349516487  
4 
6 
3 
3 
3 
3 
3 
5 
4 
2 
5 
5 
6 
2 
2 
6 
4 
5 
5 
3 
3 
2 
1 77233676  
6 
1 1654341514  
2 
6 
6 
4 
5 
6 
3 
1 1822372203  
6 
1 662708957  
6 
2 
5 
6 
6 
2 
2 
5 
5 
6 
2 
4 
5 
6 
4 
4 
6 
5 
5 
5 
1 1339766320  
4 
4 
3 
4 
4 
5 
6 
3 
6 
1 2071627825  
4 
1 128712423  
4 
6 
2 
6 
2 
6 
2 
3 
2 
5 
4 
2 
6 
1 395489820  
5 
2 
6 
2 
4 
3 
1 2023137438  
2 
5 
5 
5 
2 
2 
2 
3 
4 
4 
2 
5 
3 
4 
5 
6 
2 
6 
4 
5 
3 
5 
6 
1 1263390086  
2 
2 
2 
5 
3 
2 
6 
5 
3 
5 
2 
3 
4 
1 7140798  
5 
3 
4 
2 
2 
5 
3 
3 
3 
1 633298916  
3 
5 
2 
5 
4 
3 
3 
6 
6 
2 
3 
6 
4 
1 979914364  
1 317986583  
1 1818939440  
5 
5 
1 549265880  
3 
5 
6 
6 
6 
2 
3 
1 1144721435  
5 
1 1203086482  
4 
4 
4 
1 463595565  
3 
6 
5 
5 
2 
4 
5 
2 
6 
6 
1 723285480  
3 
1 2015017798  
4 
5 
2 
2 
2 
5 
5 
4 
5 
3 
6 
5 
4 
1 175916795  
6 
1 595959206  
3 
1 244710953  
4 
1 969518727  
3 
4 
1 144634452  
6 
5 
4 
1 1937845477  
3 
1 1968500797  
3 
6 
3 
6 
3 
4 
3 
3 
6 
6 
2 
6 
2 
6 
5 
2 
2 
3 
5 
1 834573280  
1 519668185  
3 
6 
6 
5 
2 
3 
2 
3 
1 1170533636  
3 
6 
1 911806956  
4 
5 
2 
2 
6 
6 
2 
1 26526051  
5 
5 
5 
5 
6 
3 
4 
6 
5 
6 
5 
3 
3 
2 
2 
4 
2 
2 
1 845422192  
5 
2 
4 
1 1574515914  
5 
6 
4 
3 
1 1366292371  
4 
4 
4 
1 769566369  
4 
1 1703228337  
2 
6 
6 
3 
5 
6 
5 
4 
5 
1 1761782192  
6 
6 
4 
2 
5 
6 
6 
1 645220159  
4 
6 
6 
6 
6 
3 
4 
3 
3 
3 
5 
6 
4 
4 
3 
4 
5 
5 
6 
1 819134775  
3 
3 
2 
1 1768922990  
1 1278519075  
3 
3 
4 
6 
4 
6 
6 
3 
6 
5 
5 
5 
3 
1 1799049140  
4 
2 
1 2086909573  
4 
6 
3 
4 
2 
5 
6 
3 
2 
5 
5 
5 
5 
6 
3 
1 949974867  
1 200831372  
5 
3 
5 
2 
1 1084147360  
4 
2 
6 
2 
2 
1 5577701  
2 
1 664426937  
1 1807432840  
2 
3 
2 
6 
4 
5 
2 
5 
3 
2 
6 
5 
6 
1 2020595500  
6 
5 
6 
1 840343733  
3 
1 255908399  
4 
4 
5 
3 
1 117822805  
1 1809862460  
6 
5 
2 
3 
4 
5 
3 
5 
2 
4 
2 
6 
2 
6 
3 
3 
4 
5 
4 
4 
6 
2 
6 
4 
3 
3 
3 
6 
6 
2 
4 
2 
2 
1 400542851  
4 
6 
3 
2 
5 
2 
6 
6 
1 2055668282  
5 
1 1630879609  
4 
4 
1 1235116132  
6 
6 
6 
4 
5 
6 
5 
3 
2 
3 
4 
6 
1 427852820  
4 
2 
1 653929598  
3 
1 2146923088  
3 
2 
3 
1 454378871  
3 
5 
1 1499351790  
4 
3 
4 
2 
3 
3 
3 
1 1573955354  
4 
1 1820671243  
2 
5 
6 
3 
4 
2 
3 
5 
2 
6 
2 
5 
6 
3 
2 
3 
4 
4 
2 
2 
4 
3 
1 121434511  
2 
5 
5 
1 1129700044  
1 1434969787  
2 
4 
6 
1 766654670  
1 1948834819  
6 
1 1056409129  
4 
4 
6 
4 
6 
6 
3 
3 
5 
1 2045173745  
2 
2 
2 
4 
1 1600400311  
6 
3 
3 
3 
5 
3 
2 
1 995835054  
4 
1 847664965  
3 
1 1801231684  
1 2079982414  
2 
3 
1 853242666  
1 318174973  
3 
2 
5 
5 
5 
6 
4 
2 
2 
5 
4 
1 1739931607  
1 726354518  
3 
2 
4 
4 
6 
3 
5 
2 
1 1158518706  
6 
2 
6 
4 
2 
6 
6 
1 1995840006  
3 
3 
2 
6 
3 
3 
5 
2 
6 
2 
2 
3 
6 
5 
6 
2 
2 
1 844177323  
4 
5 
4 
2 
6 
5 
5 
1 820897519  
4 
2 
6 
3 
4 
2 
6 
4 
5 
4 
2 
4 
2 
5 
4 
3 
4 
4 
1 248899209  
2 
6 
6 
5 
5 
1 752361958  
4 
5 
4 
3 
1 304293480  
1 1484015341  
3 
4 
2 
4 
2 
6 
5 
6 
2 
4 
1 1180214778  
6 
4 
3 
5 
5 
2 
5 
3 
3 
5 
3 
6 
3 
5 
1 958223078  
2 
1 1483454782  
4 
4 
3 
6 
5 
4 
5 
6 
1 1634593649  
3 
1 310091220  
4 
2 
3 
6 
1 909926488  
4 
4 
1 1307781244  
2 
2 
2 
6 
4 
2 
6 
3 
3 
4 
3 
3 
2 
3 
4 
4 
6 
4 
2 
5 
2 
2 
4 
5 
4 
5 
6 
2 
5 
1 431525731  
5 
2 
1 2039626532  
6 
5 
5 
6 
3 
4 
5 
4 
6 
2 
5 
2 
2 
1 595267383  
5 
4 
5 
3 
3 
3 
3 
5 
1 1198180401  
6 
6 
4 
3 
1 1840977704  
6 
5 
4 
5 
1 1651676512  
4 
3 
1 1095870499  
2 
5 
4 
5 
5 
1 1293894367  
5 
4 
4 
6 
5 
6 
1 500027918  
6 
1 1943535464  
4 
3 
2 
2 
5 
3 
5 
3 
3 
3 
2 
2 
2 
5 
6 
1 947642403  
4 
2 
6 
3 
6 
1 432526685  
6 
3 
3 
1 649294482  
6 
6 
2 
6 
4 
6 
5 
3 
5 
3 
2 
6 
6 
4 
1 1265817377  
5 
1 24974644  
6 
5 
2 
2 
3 
1 1375649001  
5 
6 
5 
2 
4 
1 276852435  
1 2020814650  
2 
5 
6 
5 
6 
1 72342676  
6 
6 
2 
3 
1 1097749954  
6 
5 
6 
6 
3 
4 
6 
1 122230211  
2 
5 
4 
6 
2 
2 
4 
1 824704634  
1 1402043435  
4 
1 1606245553  
4 
5 
2 
4 
3 
1 2004919412  
1 212782865  
3 
6 
3 
2 
5 
2 
2 
3 
4 
3 
5 
5 
2 
5 
5 
6 
4 
6 
5 
4 
5 
4 
6 
1 942216687  
6 
3 
4 
3 
2 
2 
3 
5 
3 
2 
6 
3 
5 
6 
6 
2 
5 
5 
6 
1 1492029414  
2 
2 
1 522874086  
3 
4 
3 
1 1852143175  
6 
3 
6 
1 652327010  
3 
4 
1 954399817  
6 
5 
2 
5 
4 
6 
1 1744286060  
5 
2 
6 
2 
1 1247594394  
4 
3 
3 
3 
1 5096571  
2 
6 
6 
1 1437780116  
6 
1 751787258  
2 
2 
4 
2 
4 
6 
5 
4 
1 1100967070  
1 584190835  
3 
6 
5 
5 
6 
1 1251815177  
2 
1 897018886  
2 
6 
1 1531833239  
1 1684341862  
1 1546313368  
3 
1 650166968  
4 
1 1709316506  
2 
3 
3 
5 
3 
6 
1 774478721  
6 
1 927019403  
6 
6 
1 1582647508  
5 
1 846821398  
4 
1 2024769358  
2 
4 
5 
4 
2 
3 
1 1704877719  
1 1671526032  
4 
4 
5 
6 
1 1279329145  
2 
6 
2 
6 
5 
4 
5 
6 
6 
2 
2 
1 1163639624  
2 
3 
1 1528961797  
4 
6 
5 
6 
6 
6 
4 
6 
4 
3 
1 1492112010  
3 
6 
1 2105856311  
3 
3 
5 
6 
2 
3 
6 
3 
1 873507563  
1 2014986096  
1 1810515839  
5 
6 
6 
3 
5 
6 
1 1525834573  
1 821902266  
2 
1 1407318251  
3 
3 
4 
1 625945319  
3 
6 
3 
6 
1 826998837  
5 
4 
6 
3 
5 
5 
5 
1 697614719  
2 
1 1377732578  
6 
1 1927965907  
6 
6 
6 
1 1281805554  
4 
4 
5 
6 
5 
4 
6 
4 
4 
1 482064107  
4 
4 
2 
6 
6 
4 
5 
5 
4 
3 
2 
1 677501145  
3 
1 666155145  
1 18922321  
1 76330865  
1 1316322113  
3 
3 
1 1728238827  
5 
2 
5 
5 
2 
5 
1 850809587  
2 
3 
3 
1 95857869  
3 
6 
2 
4 
2 
1 1163402687  
3 
5 
6 
1 1697630985  
2 
4 
4 
4 
5 
4 
3 
5 
3 
3 
6 
3 
1 2120627227  
3 
3 
3 
1 720796758  
6 
3 
6 
1 1221673369  
2 
5 
6 
3 
5 
2 
3 
4 
6 
3 
2 
5 
6 
4 
1 1252472724  
1 1884436383  
5 
4 
6 
4 
4 
2 
3 
5 
2 
3 
2 
3 
3 
6 
3 
2 
3 
2 
3 
2 
1 603151518  
5 
3 
4 
4 
2 
3 
3 
5 
1 597101086  
6 
2 
2 
5 
5 
6 
1 1842809046  
3 
3 
6 
4 
4 
3 
4 
2 
2 
2 
2 
5 
1 1476659081  
4 
3 
3 
4 
4 
5 
1 464603535  
4 
1 1505841237  
1 855010007  
5 
5 
6 
6 
4 
2 
2 
2 
2 
5 
3 
2 
2 
2 
4 
4 
4 
2 
5 
3 
4 
6 
6 
5 
3 
4 
6 
3 
4 
5 
6 
2 
3 
4 
2 
4 
3 
1 1286505801  
4 
2 
4 
1 765675840  
6 
2 
6 
2 
6 
5 
6 
3 
3 
6 
1 1480955326  
3 
2 
4 
2 
3 
5 
6 
2 
4 
2 
1 2113504638  
2 
1 1463290559  
4 
4 
6 
1 711204256  
5 
3 
4 
5 
2 
4 
4 
2 
1 1893986897  
4 
3 
4 
4 
3 
6 
6 
5 
6 
1 597612466  
3 
5 
2 
5 
4 
6 
1 1193268363  
4 
3 
6 
4 
1 424004394  
3 
1 1263767611  
4 
5 
2 
3 
6 
6 
6 
6 
2 
2 
6 
6 
2 
6 
3 
5 
2 
6 
4 
2 
1 1212190684  
2 
2 
2 
1 500335259  
5 
6 
6 
5 
1 432606077  
6 
1 792945863  
2 
4 
3 
2 
4 
1 1351144846  
4 
4 
4 
3 
6 
3 
6 
6 
2 
1 528463946  
4 
3 
3 
2 
4 
2 
5 
3 
1 1956348550  
5 
4 
6 
2 
4 
5 
1 901292183  
2 
6 
1 501607525  
6 
4 
1 529661661  
2 
5 
5 
3 
3 
4 
3 
4 
2 
3 
1 2122965553  
5 
4 
6 
1 1754080249  
5 
3 
2 
6 
3 
3 
3 
4 
3 
1 266614396  
2 
1 578633423  
6 
5 
5 
5 
4 
2 
4 
1 203697687  
2 
6 
2 
6 
1 2109423442  
1 2055292505  
5 
4 
5 
5 
1 668301222  
5 
1 1467781032  
2 
5 
5 
5 
1 762818864  
1 1954807023  
2 
3 
4 
3 
2 
3 
5 
2 
4 
5 
3 
5 
4 
3 
2 
2 
4 
1 85973224  
3 
3 
5 
6 
1 96290542  
1 1920828013  
5 
1 1549263784  
4 
6 
6 
2 
5 
6 
5 
3 
4 
6 
4 
6 
3 
1 807494799  
4 
2 
2 
4 
5 
6 
6 
2 
1 1667331262  
2 
4 
3 
4 
3 
2 
4 
4 
5 
2 
5 
3 
3 
1 2146876250  
1 2000763162  
2 
1 2091335656  
4 
6 
5 
4 
6 
5 
5 
5 
6 
2 
2 
4 
2 
1 1263160213  
5 
5 
5 
1 1065470199  
6 
5 
5 
6 
5 
2 
6 
5 
3 
3 
4 
4 
6 
1 444187268  
1 1695766290  
3 
6 
4 
5 
1 1858416062  
5 
2 
1 1795332114  
4 
6 
6 
1 76746588  
6 
3 
4 
6 
1 1667280965  
6 
4 
3 
6 
4 
6 
4 
2 
1 549140650  
6 
6 
6 
1 578354113  
6 
1 49458978  
2 
4 
6 
3 
1 524622555  
5 
4 
3 
3 
4 
1 184950714  
6 
2 
1 316073374  
5 
3 
1 1103255978  
1 388648402  
1 278013168  
6 
6 
6 
4 
6 
2 
5 
6 
5 
6 
2 
2 
1 1011064835  
2 
3 
5 
6 
3 
1 1056949624  
1 1745794200  
2 
3 
2 
4 
1 1773883699  
5 
6 
2 
6 
6 
1 864273000  
3 
2 
4 
2 
6 
6 
2 
3 
1 1831767425  
5 
3 
2 
2 
1 1870174242  
3 
6 
6 
2 
3 
2 
3 
2 
4 
1 637617365  
6 
4 
3 
6 
6 
4 
3 
3 
2 
3 
3 
6 
1 1233547561  
2 
1 530185393  
4 
6 
6 
6 
1 157464980  
2 
2 
3 
2 
3 
4 
2 
4 
6 
4 
3 
2 
1 1232940163  
2 
3 
5 
6 
6 
3 
6 
5 
1 383464907  
5 
2 
5 
5 
2 
3 
5 
1 101316988  
2 
4 
1 348616728  
1 1448935106  
5 
2 
5 
2 
5 
6 
6 
1 545504256  
4 
4 
1 2044383019  
2 
6 
3 
4 
4 
2 
5 
3 
2 
4 
3 
3 
1 1159867521  
6 
6 
3 
3 
6 
4 
6 
3 
4 
6 
4 
2 
6 
2 
6 
3 
3 
5 
4 
4 
6 
3 
5 
2 
4 
3 
2 
3 
1 193352723  
2 
5 
5 
2 
4 
4 
3 
5 
4 
5 
3 
6 
6 
1 2121129607  
5 
1 679664838  
4 
4 
2 
4 
3 
5 
5 
3 
1 742493373  
5 
6 
4 
3 
5 
4 
5 
1 552000073  
3 
1 729123816  
4 
5 
6 
6 
4 
4 
5 
3 
5 
4 
1 1267115928  
6 
1 736950787  
5 
1 1045197190  
2 
1 222888258  
2 
5 
4 
1 1125599189  
2 
1 1323210358  
1 1233953094  
3 
1 35065166  
4 
2 
5 
1 921520911  
6 
6 
6 
1 860353145  
6 
3 
6 
4 
2 
6 
2 
1 899338166  
5 
4 
2 
5 
2 
2 
3 
5 
5 
1 605804688  
5 
6 
5 
5 
4 
6 
6 
6 
1 583043739  
3 
2 
4 
4 
5 
3 
2 
1 1536955531  
3 
5 
4 
4 
5 
5 
4 
4 
2 
6 
3 
4 
6 
4 
1 1839352249  
2 
4 
3 
3 
1 1113229132  
3 
6 
2 
2 
6 
3 
6 
1 1694420511  
1 924808764  
3 
1 1496694040  
6 
4 
4 
6 
3 
5 
2 
6 
4 
6 
4 
1 1795737500  
1 1273425492  
2 
2 
2 
2 
4 
3 
5 
6 
2 
1 798145498  
5 
5 
2 
1 193758108  
3 
2 
1 1170324863  
1 1958013019  
6 
4 
3 
2 
3 
5 
4 
2 
5 
5 
1 387110831  
6 
6 
5 
3 
1 1143970823  
1 490194209  
5 
3 
6 
3 
4 
5 
5 
3 
1 1129604204  
3 
3 
2 
3 
5 
5 
6 
1 1695970896  
3 
4 
1 1219318025  
5 
6 
4 
5 
1 249236484  
2 
1 285438035  
1 117031567  
1 472124743  
1 1411037225  
3 
3 
2 
3 
5 
1 1440241926  
3 
5 
5 
5 
5 
1 1706077837  
6 
4 
6 
5 
3 
3 
6 
2 
6 
3 
6 
3 
2 
2 
6 
4 
2 
6 
1 1446102391  
6 
4 
6 
1 214279189  
5 
3 
6 
4 
6 
5 
4 
3 
4 
1 418947334  
3 
5 
5 
3 
1 197956909  
2 
6 
2 
3 
5 
5 
4 
1 820083877  
6 
1 1001991074  
6 
4 
5 
2 
6 
5 
1 1734912440  
2 
4 
2 
4 
1 511952478  
4 
2 
6 
4 
1 2115220206  
1 1281849304  
1 1436761242  
5 
3 
1 1464430598  
1 930103156  
2 
5 
2 
6 
2 
1 562703086  
2 
6 
4 
1 115092449  
5 
2 
2 
2 
3 
5 
1 1123861264  
6 
5 
5 
4 
4 
4 
2 
4 
2 
6 
1 1733027950  
1 2073105468  
6 
1 1510972096  
6 
1 729515125  
6 
6 
2 
6 
2 
3 
5 
4 
2 
3 
6 
1 415816030  
5 
2 
5 
1 493092652  
5 
4 
3 
6 
5 
5 
6 
6 
2 
4 
2 
5 
3 
4 
2 
4 
5 
3 
2 
2 
4 
6 
2 
4 
3 
6 
4 
5 
6 
1 278002373  
3 
6 
4 
5 
1 1635134055  
6 
6 
5 
4 
3 
3 
2 
3 
2 
1 742329137  
5 
6 
1 563440408  
2 
4 
5 
3 
5 
2 
2 
4 
6 
1 1752165623  
3 
4 
6 
3 
4 
4 
6 
2 
4 
5 
3 
3 
3 
5 
1 1214453880  
5 
3 
6 
4 
1 1974477633  
4 
6 
6 
3 
4 
1 1044923901  
6 
2 
5 
1 773048069  
1 1273096376  
6 
2 
5 
6 
5 
6 
3 
1 1259203090  
3 
5 
4 
3 
2 
4 
4 
4 
2 
1 1191995403  
2 
4 
3 
5 
6 
3 
3 
5 
6 
3 
2 
6 
1 1471053285  
5 
4 
1 2079286967  
3 
5 
2 
3 
5 
3 
6 
2 
1 46502829  
1 1058482078  
6 
5 
6 
5 
6 
3 
4 
1 443755797  
5 
3 
2 
1 14239388  
5 
1 192847734  
1 1880517039  
5 
2 
2 
4 
1 1478669986  
6 
2 
2 
4 
1 1122950890  
5 
1 295736477  
6 
4 
3 
1 1593762435  
3 
1 99328506  
6 
2 
4 
5 
2 
2 
2 
4 
6 
2 
6 
2 
2 
5 
3 
5 
6 
5 
4 
1 2028764427  
3 
3 
5 
3 
3 
6 
6 
3 
5 
5 
1 1519384256  
6 
3 
5 
5 
3 
3 
6 
1 1610300602  
2 
1 610795904  
1 1935200286  
4 
3 
4 
3 
3 
3 
3 
1 2103393255  
1 888798277  
2 
5 
6 
2 
3 
1 1422850693  
5 
5 
6 
2 
5 
1 698238744  
3 
2 
5 
6 
5 
1 1452238686  
3 
5 
6 
1 1027532668  
3 
4 
6 
3 
2 
2 
6 
2 
1 1912692624  
4 
3 
5 
2 
3 
4 
3 
6 
3 
2 
2 
1 1279232671  
5 
3 
1 2072456569  
1 538257045  
6 
4 
1 404845400  
2 
4 
6 
4 
5 
5 
6 
1 1184176011  
3 
2 
5 
1 1730252448  
6 
3 
3 
2 
6 
2 
6 
5 
3 
4 
3 
4 
4 
4 
2 
2 
5 
3 
4 
6 
4 
5 
5 
5 
5 
3 
1 1875898685  
3 
6 
1 1115979330  
3 
3 
4 
6 
5 
6 
6 
4 
4 
1 1776755278  
2 
5 
3 
3 
4 
1 786897115  
4 
6 
5 
5 
1 1559735127  
3 
1 1790994666  
6 
5 
1 979744849  
1 1292768518  
5 
3 
6 
5 
6 
5 
5 
1 1122181004  
4 
3 
6 
2 
1 2102695739  
5 
4 
1 1588504996  
2 
5 
3 
2 
4 
2 
3 
3 
6 
6 
3 
4 
3 
2 
6 
3 
5 
2 
4 
4 
6 
1 568459792  
1 54540598  
3 
2 
2 
1 1469785775  
1 2087844048  
4 
5 
4 
4 
2 
1 1664841200  
4 
2 
6 
4 
6 
4 
1 2080581680  
3 
6 
5 
4 
4 
3 
2 
5 
2 
2 
2 
6 
2 
4 
6 
6 
6 
1 1875560686  
6 
4 
3 
2 
3 
1 1620750807  
2 
2 
3 
4 
1 821896309  
2 
3 
1 1150927731  
1 171505903  
6 
6 
5 
3 
1 126651347  
2 
3 
3 
1 30976752  
1 2084198527  
4 
2 
3 
5 
1 1405884019  
4 
2 
1 2103433321  
1 474971924  
1 1810729419  
2 
2 
5 
6 
2 
1 1140125685  
1 57740725  
5 
3 
4 
1 1539144456  
2 
5 
1 108621367  
6 
3 
4 
2 
4 
4 
5 
4 
2 
2 
6 
3 
4 
5 
6 
2 
5 
4 
3 
1 1834496003  
6 
5 
6 
3 
2 
5 
1 178557924  
3 
2 
5 
2 
5 
6 
1 1668356495  
5 
4 
6 
5 
2 
4 
4 
2 
4 
4 
1 1478007021  
5 
4 
2 
2 
4 
6 
5 
1 1158302773  
5 
4 
4 
1 813641365  
1 452704377  
3 
5 
4 
1 1113514865  
6 
3 
2 
1 254662713  
2 
3 
4 
3 
2 
5 
4 
6 
4 
2 
2 
3 
2 
2 
1 1021164169  
4 
3 
4 
4 
6 
3 
5 
6 
6 
4 
3 
4 
5 
5 
6 
1 1168055463  
3 
4 
5 
5 
6 
4 
1 1724448489  
4 
6 
2 
5 
6 
5 
6 
2 
3 
5 
3 
3 
6 
3 
5 
4 
5 
6 
5 
5 
6 
1 961524569  
6 
5 
5 
4 
6 
5 
3 
1 685413015  
6 
5 
2 
4 
5 
4 
3 
6 
3 
4 
1 1657546521  
6 
3 
1 689601607  
3 
6 
1 158680175  
3 
6 
4 
4 
5 
1 331959182  
2 
6 
3 
3 
6 
6 
4 
1 1840529339  
6 
2 
4 
3 
1 330186078  
1 458610530  
3 
5 
5 
2 
2 
4 
1 1871506091  
4 
1 266900958  
2 
3 
6 
1 1864494549  
2 
1 1827455764  
6 
2 
5 
3 
2 
2 
5 
2 
5 
5 
3 
1 741872882  
6 
1 1527740320  
3 
5 
5 
4 
4 
1 820097801  
6 
2 
4 
6 
5 
6 
4 
1 799613607  
5 
1 919401128  
6 
5 
5 
3 
6 
1 928719169  
6 
5 
6 
3 
4 
5 
5 
6 
2 
1 486625962  
6 
3 
5 
5 
3 
2 
5 
6 
6 
2 
1 1097959052  
6 
6 
2 
5 
6 
4 
1 449592016  
5 
6 
6 
4 
3 
1 1964632983  
1 108778178  
4 
3 
5 
6 
1 1263233381  
2 
2 
1 269853713  
5 
4 
3 
1 1222293043  
6 
1 1517896095  
1 1291017882  
1 242864858  
3 
3 
3 
6 
3 
5 
6 
3 
5 
4 
4 
2 
3 
5 
1 1094860936  
5 
3 
2 
3 
1 105058804  
6 
2 
2 
4 
2 
1 928277873  
4 
6 
2 
5 
6 
1 604923809  
6 
4 
1 794660411  
1 1086958048  
4 
3 
6 
1 936882991  
1 487706102  
6 
6 
4 
6 
2 
2 
2 
5 
4 
1 1417144127  
3 
2 
6 
3 
6 
6 
3 
4 
2 
3 
3 
5 
1 1395493521  
4 
2 
6 
5 
2 
3 
4 
1 211728545  
4 
6 
5 
6 
5 
4 
5 
2 
4 
5 
3 
3 
5 
1 1684045085  
6 
1 1112504422  
3 
2 
1 2039184310  
5 
5 
3 
2 
6 
6 
6 
1 278434319  
5 
1 492761094  
3 
1 711798463  
6 
5 
5 
1 1078047927  
5 
4 
5 
5 
5 
3 
1 1412162223  
5 
5 
1 1640517632  
2 
3 
5 
1 1564673889  
6 
4 
2 
1 362637627  
4 
6 
5 
2 
5 
2 
6 
3 
4 
1 2090109648  
6 
2 
5 
4 
4 
6 
6 
1 1381823225  
2 
3 
6 
2 
4 
3 
3 
3 
2 
5 
6 
2 
5 
5 
6 
4 
1 471415805  
3 
5 
5 
6 
2 
2 
3 
3 
3 
5 
5 
1 1205859382  
1 1651676938  
4 
3 
4 
4 
6 
1 1693708848  
3 
4 
2 
3 
1 576271829  
1 795211172  
2 
5 
4 
5 
3 
4 
6 
3 
1 1936573706  
5 
6 
6 
1 1671132765  
6 
5 
3 
2 
5 
2 
6 
6 
3 
5 
5 
3 
1 900269976  
5 
4 
3 
1 717367932  
6 
2 
1 128572926  
3 
1 1694930388  
3 
4 
6 
5 
4 
3 
6 
5 
1 1804325980  
6 
3 
1 1065455917  
3 
2 
3 
6 
3 
6 
6 
4 
4 
1 35152842  
2 
5 
2 
2 
2 
5 
4 
1 1073986459  
5 
6 
5 
4 
1 313465791  
6 
2 
6 
2 
5 
6 
4 
4 
1 246881388  
6 
6 
5 
4 
3 
5 
2 
2 
6 
1 610547896  
6 
5 
6 
5 
5 
4 
6 
4 
2 
4 
6 
2 
6 
2 
6 
4 
6 
4 
4 
4 
5 
1 1425970213  
3 
6 
3 
5 
2 
1 138582050  
6 
1 888982216  
4 
1 1918731308  
3 
2 
1 850380513  
6 
4 
5 
1 1967030143  
4 
5 
1 1183409883  
1 343414498  
1 1384220384  
3 
4 
2 
3 
6 
3 
5 
4 
4 
2 
1 1546047510  
4 
3 
3 
4 
6 
1 286040498  
3 
1 618559961  
6 
6 
2 
6 
3 
1 2017463316  
4 
5 
1 1491899880  
4 
4 
4 
2 
3 
4 
5 
5 
4 
5 
6 
4 
6 
1 122753251  
6 
4 
3 
2 
3 
1 1563688516  
4 
2 
1 2068171709  
1 917964424  
5 
4 
6 
5 
4 
2 
4 
6 
4 
3 
1 1352778575  
3 
2 
1 1591820826  
6 
2 
6 
3 
1 1818234400  
1 2070146507  
6 
1 1720393752  
3 
4 
4 
1 1365681140  
4 
2 
4 
3 
2 
5 
3 
2 
3 
2 
5 
5 
2 
4 
5 
6 
3 
3 
3 
5 
4 
4 
6 
3 
2 
1 1726988839  
5 
3 
2 
2 
1 638366022  
3 
1 1400833983  
6 
4 
1 653491651  
3 
1 951831813  
5 
5 
6 
5 
5 
2 
4 
6 
3 
3 
6 
1 1647715371  
5 
4 
6 
5 
1 1264039547  
3 
4 
4 
1 230318378  
2 
5 
2 
3 
2 
4 
6 
3 
5 
2 
5 
6 
6 
6 
5 
6 
2 
3 
2 
1 1786297421  
3 
5 
3 
6 
6 
2 
5 
6 
6 
4 
3 
2 
3 
5 
5 
4 
1 5538115  
6 
4 
5 
2 
4 
1 1566038  
4 
1 489194286  
6 
3 
2 
6 
5 
2 
5 
2 
3 
5 
1 1972568258  
5 
5 
1 1184975921  
5 
3 
4 
6 
2 
4 
1 832608784  
6 
2 
1 1209304995  
6 
1 583539784  
2 
4 
5 
4 
3 
4 
6 
6 
1 1118649283  
2 
5 
5 
5 
4 
5 
3 
2 
6 
5 
1 1827864956  
6 
1 453519452  
4 
4 
5 
3 
3 
5 
2 
5 
6 
1 463065515  
6 
3 
5 
3 
3 
6 
2 
3 
6 
5 
3 
5 
1 1950618208  
4 
3 
6 
1 2017207968  
6 
2 
6 
3 
5 
2 
5 
1 383753577  
4 
3 
4 
2 
6 
6 
6 
1 721098984  
6 
4 
1 1222502895  
5 
4 
2 
4 
5 
2 
3 
3 
2 
4 
3 
2 
1 1975574403  
2 
5 
2 
3 
4 
3 
6 
2 
1 391849736  
4 
5 
1 1145165754  
4 
4 
4 
3 
6 
2 
6 
6 
4 
6 
3 
3 
2 
4 
6 
6 
1 1548484508  
1 1757530877  
1 724670946  
3 
2 
4 
1 39366882  
3 
4 
6 
6 
5 
5 
5 
5 
5 
2 
1 1010881212  
1 1378162597  
4 
2 
6 
6 
4 
5 
2 
1 991198695  
6 
2 
6 
4 
6 
4 
6 
3 
3 
5 
2 
5 
2 
1 511112935  
3 
3 
5 
5 
5 
4 
4 
5 
6 
2 
5 
5 
2 
4 
5 
3 
1 494718496  
1 1221517073  
2 
5 
6 
4 
3 
5 
2 
4 
4 
4 
2 
2 
5 
3 
3 
4 
6 
4 
2 
4 
6 
2 
5 
1 149926708  
2 
3 
2 
1 500256612  
2 
4 
4 
3 
5 
1 1223083112  
6 
5 
2 
5 
2 
2 
6 
2 
6 
5 
4 
3 
6 
6 
4 
4 
3 
6 
6 
5 
6 
3 
5 
1 639120994  
6 
5 
1 325341222  
1 260575385  
1 1471729779  
3 
4 
3 
4 
4 
4 
3 
4 
5 
2 
4 
6 
1 1534646217  
2 
3 
4 
5 
3 
4 
6 
1 844115169  
5 
4 
2 
5 
3 
6 
2 
5 
4 
3 
1 442895414  
1 1215027526  
5 
4 
5 
5 
4 
5 
3 
1 1297634621  
4 
3 
4 
3 
1 905960929  
6 
6 
3 
3 
3 
3 
4 
5 
3 
2 
3 
5 
3 
2 
6 
4 
4 
3 
5 
5 
3 
1 1018162086  
5 
3 
5 
6 
1 1167358942  
3 
5 
3 
3 
4 
2 
2 
6 
2 
6 
3 
2 
1 1289714506  
6 
4 
4 
4 
3 
3 
4 
5 
4 
2 
3 
1 1739261070  
6 
5 
6 
5 
2 
3 
5 
5 
1 242378189  
4 
5 
4 
1 1117805262  
6 
2 
2 
3 
6 
1 2131110806  
6 
5 
2 
3 
1 1387543944  
1 518806122  
6 
1 1741158035  
1 2112214890  
2 
4 
5 
5 
1 558173004  
4 
3 
3 
3 
4 
5 
4 
1 604555599  
5 
2 
4 
5 
1 1342893839  
2 
4 
3 
5 
2 
2 
4 
3 
2 
6 
5 
4 
2 
6 
5 
2 
1 1549371699  
2 
1 1115668534  
2 
5 
4 
1 1837612335  
4 
1 623405124  
2 
5 
3 
3 
6 
3 
5 
4 
5 
5 
2 
2 
4 
1 1265595242  
4 
5 
6 
2 
5 
5 
4 
1 190385299  
1 1846488236  
5 
3 
4 
2 
1 1904716237  
5 
6 
4 
6 
1 515726522  
5 
1 2107063622  
5 
6 
4 
6 
6 
3 
4 
1 1228962368  
1 2050372739  
5 
4 
3 
5 
1 803695143  
5 
4 
2 
6 
5 
3 
4 
6 
2 
4 
4 
2 
5 
2 
1 1671857782  
6 
4 
1 1117916617  
2 
4 
3 
2 
4 
4 
2 
1 2101329765  
6 
6 
3 
1 430335063  
6 
4 
5 
5 
5 
5 
5 
3 
4 
6 
5 
5 
4 
1 2136078703  
6 
1 1121205059  
1 1720049570  
4 
2 
3 
4 
4 
1 1727856125  
4 
2 
3 
4 
3 
2 
6 
2 
4 
4 
5 
2 
2 
6 
6 
5 
5 
4 
5 
1 1363583248  
6 
5 
1 690371184  
1 1711483284  
1 603643544  
4 
3 
2 
1 1209177306  
4 
4 
2 
4 
4 
4 
1 1305157671  
6 
5 
5 
6 
5 
2 
1 568374786  
6 
1 1767350310  
3 
6 
5 
4 
5 
1 1909713271  
2 
5 
5 
4 
4 
6 
1 1911268625  
2 
2 
6 
4 
3 
5 
2 
2 
3 
3 
6 
6 
5 
5 
2 
2 
1 1169238361  
5 
4 
2 
6 
4 
1 877898157  
2 
2 
1 1601397313  
6 
6 
1 1792643485  
6 
1 2143493400  
6 
6 
3 
2 
5 
5 
5 
2 
6 
3 
3 
3 
6 
2 
6 
3 
4 
5 
5 
3 
1 1791782612  
2 
6 
1 1491648074  
2 
1 1900725989  
3 
6 
5 
5 
4 
6 
2 
6 
1 160025486  
1 1451228048  
6 
5 
3 
6 
1 982204709  
5 
3 
5 
4 
4 
5 
5 
3 
3 
3 
3 
1 62914578  
2 
5 
3 
3 
2 
2 
3 
4 
5 
6 
1 107439543  
1 506578843  
2 
1 1180831195  
3 
3 
4 
1 61285660  
4 
3 
3 
2 
5 
3 
6 
3 
1 936913906  
6 
5 
5 
3 
2 
5 
6 
2 
2 
2 
2 
4 
6 
6 
1 1169426251  
5 
2 
6 
2 
3 
3 
1 1182490719  
1 509479828  
6 
4 
2 
3 
3 
6 
3 
2 
6 
3 
2 
1 749798728  
1 398590320  
6 
3 
6 
3 
4 
4 
3 
6 
3 
1 1199851012  
6 
1 313798364  
2 
2 
1 1002233864  
2 
2 
1 261544670  
6 
3 
1 1618956036  
2 
2 
6 
5 
3 
2 
3 
3 
2 
6 
1 1570608651  
1 2028894980  
2 
5 
2 
1 1381185659  
5 
1 1334393628  
2 
6 
5 
3 
5 
3 
2 
2 
4 
2 
1 1050649693  
1 111600168  
5 
4 
2 
6 
2 
6 
6 
4 
6 
3 
1 788307293  
1 695809531  
3 
5 
4 
6 
3 
3 
2 
5 
1 107609920  
3 
2 
2 
1 432606258  
6 
4 
4 
5 
3 
3 
4 
1 39973957  
6 
6 
6 
3 
6 
4 
5 
6 
4 
4 
2 
4 
4 
5 
2 
4 
2 
2 
3 
5 
6 
1 2008335909  
1 592631744  
3 
5 
2 
4 
3 
2 
2 
6 
4 
4 
6 
1 1491202005  
2 
1 843056970  
3 
2 
4 
2 
6 
1 655546322  
1 1598641548  
2 
6 
5 
5 
2 
1 1349635813  
4 
4 
1 1836377518  
3 
4 
1 1659927209  
6 
1 139066072  
6 
2 
3 
5 
6 
5 
6 
1 858320121  
5 
2 
1 694934280  
6 
3 
2 
4 
1 648545900  
2 
3 
5 
5 
5 
4 
2 
4 
1 1608118849  
1 1093524600  
3 
2 
6 
3 
3 
1 1848396913  
1 1921917214  
1 2095758465  
5 
6 
3 
2 
1 2109941583  
4 
1 1393389602  
6 
6 
4 
4 
4 
3 
6 
1 1518883468  
1 1991352916  
3 
2 
1 627091613  
4 
3 
3 
1 705793448  
1 894518961  
6 
3 
6 
1 738691781  
4 
4 
3 
4 
6 
5 
1 1494100742  
4 
5 
5 
3 
2 
1 1590328492  
4 
1 846301702  
3 
2 
4 
3 
5 
4 
1 1926707000  
3 
5 
2 
5 
3 
4 
1 1630302449  
6 
2 
1 707153963  
6 
4 
6 
3 
1 371855096  
3 
4 
6 
3 
6 
2 
5 
3 
6 
2 
4 
1 974020806  
4 
3 
2 
1 1550210934  
4 
1 1027401419  
5 
3 
5 
3 
4 
3 
1 425178707  
2 
3 
2 
3 
1 752363099  
3 
5 
3 
1 716295289  
6 
6 
4 
1 2085105916  
6 
1 891429171  
2 
6 
3 
4 
5 
1 1574615410  
4 
5 
4 
5 
6 
6 
5 
3 
3 
6 
4 
1 632556548  
5 
5 
5 
2 
4 
3 
5 
5 
1 1539975072  
3 
6 
4 
1 1035250611  
2 
6 
1 1726081149  
6 
4 
4 
3 
1 1240888337  
3 
1 809684177  
2 
5 
1 1674355966  
4 
3 
3 
6 
4 
3 
3 
5 
2 
6 
3 
2 
5 
5 
6 
3 
6 
1 1203346272  
4 
1 55590131  
5 
1 1045755786  
1 1047215540  
5 
4 
3 
5 
1 682681744  
3 
2 
3 
5 
3 
1 1751549234  
3 
5 
6 
2 
1 1941734502  
6 
5 
5 
5 
1 1421373526  
6 
1 1098166328  
6 
6 
5 
4 
1 1384579346  
5 
5 
1 120191580  
1 877389680  
3 
4 
1 867398148  
4 
5 
4 
2 
6 
3 
2 
5 
6 
5 
3 
5 
2 
2 
4 
6 
6 
6 
3 
1 827345543  
4 
1 1249244777  
6 
1 1841418954  
4 
6 
2 
5 
1 230072829  
1 129162548  
5 
6 
6 
3 
6 
6 
5 
5 
2 
3 
6 
2 
5 
3 
1 119114013  
5 
2 
4 
1 982435929  
6 
5 
3 
6 
6 
3 
6 
4 
4 
4 
3 
6 
1 845457837  
3 
1 56736281  
5 
1 1873865100  
3 
3 
5 
3 
4 
2 
6 
4 
5 
1 272589599  
1 689292830  
6 
3 
2 
6 
6 
1 1266356524  
5 
1 1307840210  
3 
4 
3 
5 
1 267890331  
2 
2 
3 
4 
2 
6 
4 
2 
4 
3 
6 
6 
2 
5 
6 
2 
3 
2 
2 
5 
3 
6 
2 
1 359761213  
2 
4 
3 
1 2117524388  
2 
5 
5 
3 
4 
6 
4 
5 
4 
2 
1 1942246297  
3 
6 
1 1563107486  
5 
4 
4 
3 
2 
6 
3 
2 
2 
5 
5 
4 
1 25630871  
3 
3 
4 
4 
6 
5 
3 
3 
1 840518435  
4 
5 
4 
4 
5 
4 
3 
1 462839378  
5 
6 
4 
3 
2 
4 
1 708312616  
4 
6 
6 
6 
1 444584021  
3 
4 
2 
6 
5 
2 
5 
2 
1 257090232  
3 
3 
3 
3 
6 
4 
5 
2 
5 
6 
6 
2 
6 
3 
3 
5 
5 
3 
4 
4 
5 
2 
5 
6 
3 
2 
2 
6 
4 
1 2129686142  
4 
5 
5 
2 
6 
4 
6 
2 
4 
5 
1 1542750350  
6 
2 
4 
3 
1 1641669579  
4 
3 
4 
3 
5 
6 
4 
2 
5 
4 
6 
5 
6 
5 
2 
4 
1 102394074  
6 
3 
3 
4 
6 
1 272656382  
4 
1 361584079  
5 
2 
4 
2 
3 
3 
3 
5 
4 
3 
6 
5 
2 
6 
3 
3 
5 
3 
6 
3 
3 
4 
5 
1 929739617  
2 
2 
6 
1 1521901159  
2 
1 55519385  
2 
2 
3 
1 1159812447  
6 
3 
1 1651063707  
3 
6 
6 
6 
4 
5 
1 174633399  
4 
1 2142248376  
4 
3 
6 
2 
3 
3 
2 
4 
2 
5 
5 
5 
2 
3 
3 
6 
4 
1 349037896  
2 
4 
5 
2 
4 
5 
2 
6 
6 
2 
4 
2 
6 
5 
2 
6 
3 
2 
4 
6 
2 
4 
3 
3 
2 
4 
6 
3 
1 231369680  
1 1868629828  
5 
4 
3 
2 
5 
1 621627495  
1 920662510  
5 
5 
1 987502705  
1 1929467706  
4 
3 
2 
4 
4 
5 
3 
3 
2 
1 1188552841  
2 
4 
2 
4 
5 
3 
6 
1 1347263918  
6 
4 
3 
5 
2 
1 1899508446  
4 
1 983315490  
2 
2 
2 
2 
1 762887756  
1 1925139317  
6 
3 
5 
6 
3 
2 
3 
2 
6 
2 
1 1823833925  
5 
1 1225727135  
1 485968285  
3 
2 
1 120934299  
3 
1 1482817367  
6 
6 
3 
2 
3 
4 
6 
3 
6 
5 
6 
2 
2 
1 468170779  
3 
6 
2 
4 
5 
2 
4 
5 
4 
4 
5 
2 
4 
4 
6 
6 
6 
1 1663684649  
4 
2 
3 
1 977003298  
5 
3 
4 
6 
6 
4 
3 
1 570564853  
3 
4 
4 
1 1936341031  
6 
1 1338587377  
4 
2 
5 
4 
6 
5 
5 
5 
4 
3 
1 1500304471  
6 
3 
4 
2 
2 
1 1310758543  
6 
1 1394106763  
1 512633270  
3 
2 
4 
1 814338602  
3 
5 
1 1568740162  
3 
3 
3 
2 
2 
5 
2 
5 
2 
4 
3 
4 
6 
5 
5 
4 
6 
2 
1 507397998  
2 
1 1163376499  
1 1800109842  
5 
1 228544178  
6 
5 
4 
6 
4 
6 
6 
6 
4 
6 
2 
1 1785003994  
2 
2 
1 573288705  
1 1216046883  
1 1566988052  
6 
2 
1 1761841546  
2 
1 415827154  
3 
6 
6 
6 
1 1319012850  
5 
6 
4 
2 
3 
5 
5 
6 
2 
5 
5 
3 
4 
5 
2 
1 597673389  
1 1178714910  
4 
1 1096668520  
2 
5 
4 
2 
6 
5 
4 
6 
1 274023666  
5 
1 256958397  
2 
1 1582636805  
5 
2 
4 
2 
5 
3 
6 
5 
4 
4 
5 
4 
2 
5 
3 
1 394957965  
2 
2 
5 
3 
4 
3 
1 1739775765  
2 
3 
5 
5 
1 2050807585  
5 
5 
3 
3 
1 2058642614  
4 
2 
4 
4 
5 
6 
1 569295415  
1 473888790  
4 
1 1847499998  
6 
4 
2 
5 
1 1907882793  
1 1974193261  
5 
4 
3 
1 1010774893  
3 
6 
5 
1 1154505908  
3 
6 
4 
5 
2 
1 339342883  
1 1825113495  
1 575762422  
5 
4 
3 
3 
6 
6 
6 
5 
5 
4 
5 
2 
6 
4 
4 
4 
3 
4 
3 
4 
5 
4 
5 
5 
4 
3 
3 
4 
2 
6 
4 
6 
3 
6 
5 
3 
2 
4 
5 
3 
1 846740881  
1 841006346  
3 
4 
6 
4 
6 
6 
1 228388616  
6 
3 
2 
3 
5 
3 
6 
3 
5 
2 
5 
3 
1 1075285060  
5 
6 
2 
4 
2 
3 
4 
5 
4 
4 
1 478526693  
5 
2 
2 
5 
4 
1 801677321  
5 
3 
4 
4 
4 
5 
6 
1 143848295  
5 
5 
2 
5 
5 
4 
6 
3 
2 
4 
1 2045514745  
4 
5 
5 
1 416035220  
2 
6 
5 
3 
4 
6 
1 559675449  
2 
6 
5 
6 
6 
4 
2 
3 
1 1217043948  
2 
2 
4 
3 
3 
3 
6 
3 
2 
2 
4 
2 
2 
4 
1 1013708609  
2 
6 
2 
4 
1 1738390360  
6 
6 
3 
6 
5 
5 
5 
3 
1 166228820  
5 
5 
3 
2 
1 1287732275  
6 
4 
4 
6 
6 
4 
2 
5 
6 
3 
2 
6 
2 
3 
3 
6 
4 
4 
2 
1 1995348757  
4 
3 
3 
1 1748865625  
4 
3 
4 
1 1682690241  
4 
4 
3 
2 
3 
4 
2 
2 
3 
1 1587640874  
3 
2 
1 1652189562  
4 
4 
6 
4 
2 
3 
4 
2 
6 
2 
5 
5 
6 
4 
2 
3 
5 
3 
6 
2 
5 
2 
1 1593849207  
5 
3 
1 9452642  
4 
3 
4 
1 2126078353  
1 1293865557  
4 
6 
5 
3 
5 
3 
2 
5 
6 
2 
3 
3 
2 
2 
6 
6 
5 
4 
3 
1 1917335435  
2 
5 
1 1952787966  
3 
1 157156802  
1 924357695  
2 
6 
4 
5 
4 
6 
2 
1 144647202  
4 
5 
5 
4 
5 
2 
1 1982270298  
4 
1 1500120117  
4 
6 
2 
1 991388083  
3 
2 
4 
6 
5 
1 675792996  
4 
5 
2 
5 
3 
4 
6 
3 
5 
1 1728508733  
4 
4 
3 
1 2066673143  
5 
2 
3 
4 
4 
2 
2 
1 1154319689  
4 
2 
6 
5 
4 
2 
1 382702407  
6 
1 63037791  
3 
2 
6 
1 1052350787  
5 
5 
6 
6 
2 
1 798737627  
3 
4 
6 
4 
3 
6 
5 
2 
1 622713240  
4 
6 
6 
3 
4 
3 
1 121911087  
4 
4 
2 
3 
6 
1 1812446236  
6 
4 
4 
6 
6 
4 
2 
2 
1 213619952  
3 
2 
6 
2 
1 288139907  
4 
2 
1 952694863  
1 61485062  
6 
3 
3 
3 
5 
2 
2 
2 
1 2037005532  
6 
6 
1 487901456  
4 
2 
3 
2 
2 
2 
5 
2 
4 
2 
6 
1 1649125936  
1 1541711447  
6 
4 
3 
5 
2 
1 2081750664  
5 
2 
3 
5 
6 
3 
5 
1 1658578578  
5 
4 
6 
1 1520306152  
4 
2 
4 
1 1228132573  
1 1428430365  
4 
2 
3 
4 
3 
1 1325610470  
2 
3 
4 
2 
3 
5 
3 
6 
5 
6 
3 
2 
5 
3 
3 
3 
3 
5 
1 1385289376  
3 
3 
2 
4 
4 
6 
3 
1 205304412  
5 
6 
2 
6 
5 
6 
4 
5 
3 
4 
6 
2 
6 
3 
6 
6 
4 
5 
3 
6 
3 
1 1470257672  
4 
2 
6 
3 
6 
1 1220076026  
4 
2 
3 
1 1705424529  
4 
6 
2 
2 
3 
3 
1 314162108  
4 
5 
5 
5 
1 1895869022  
6 
6 
5 
2 
6 
4 
2 
4 
6 
3 
5 
6 
3 
6 
6 
1 1286449615  
3 
1 233351603  
1 902705064  
2 
5 
6 
6 
2 
5 
1 1669152022  
5 
4 
1 296389394  
1 1955055851  
1 320406001  
3 
3 
2 
5 
1 919102635  
2 
4 
3 
3 
4 
6 
2 
2 
2 
3 
3 
2 
2 
6 
4 
1 2076966938  
4 
6 
3 
2 
6 
3 
2 
6 
4 
5 
4 
3 
4 
3 
6 
2 
3 
1 2132852237  
6 
2 
1 1132722587  
1 217623197  
1 938063452  
6 
6 
4 
5 
1 1194207649  
1 107145081  
4 
3 
2 
4 
2 
4 
6 
4 
3 
6 
1 1425964909  
4 
6 
3 
1 695849938  
2 
6 
5 
1 1648856528  
1 1360231925  
5 
3 
4 
1 206944868  
5 
3 
3 
3 
3 
6 
2 
2 
4 
3 
4 
5 
1 1021679032  
5 
4 
2 
1 440880850  
3 
6 
4 
3 
1 1635375234  
4 
4 
4 
5 
2 
3 
6 
5 
3 
4 
5 
6 
1 199805855  
5 
1 1826170226  
6 
1 1840679646  
5 
3 
5 
3 
4 
2 
4 
4 
1 1670063527  
5 
4 
1 898762604  
5 
6 
4 
4 
6 
4 
5 
5 
5 
4 
6 
1 1398620528  
5 
1 1984225635  
1 647147979  
1 537586495  
5 
1 70093591  
6 
2 
3 
2 
2 
1 1549853043  
5 
6 
1 59254869  
1 366482985  
6 
4 
1 1357425246  
4 
6 
5 
6 
3 
1 379660870  
3 
2 
3 
2 
1 1285585620  
6 
2 
1 1286908536  
4 
3 
5 
3 
2 
5 
5 
3 
2 
5 
6 
6 
1 365029459  
4 
4 
1 270824560  
2 
2 
2 
4 
4 
3 
6 
3 
2 
6 
1 1504531733  
4 
3 
5 
5 
5 
1 1303092911  
1 1465032209  
6 
3 
5 
2 
6 
6 
5 
6 
5 
4 
4 
3 
5 
4 
2 
4 
1 1611676814  
2 
6 
2 
5 
4 
4 
3 
6 
6 
6 
6 
4 
3 
4 
4 
5 
3 
2 
5 
3 
2 
1 581574172  
6 
2 
6 
4 
2 
5 
6 
2 
1 13398499  
5 
1 1113049695  
3 
1 1941806097  
1 220343368  
3 
6 
6 
2 
5 
4 
3 
4 
4 
4 
5 
3 
1 2134728727  
6 
1 235203300  
1 1855718602  
3 
4 
5 
2 
6 
1 187050934  
1 2061373526  
4 
6 
1 1548914600  
2 
6 
5 
5 
1 1857114462  
3 
1 812652483  
4 
3 
1 800051480  
1 1693856449  
1 1459800462  
3 
5 
2 
3 
3 
2 
6 
2 
5 
4 
3 
4 
6 
5 
4 
1 1337637975  
2 
5 
6 
4 
2 
6 
4 
1 1763950040  
5 
3 
3 
2 
3 
2 
5 
5 
2 
2 
2 
4 
6 
2 
3 
6 
5 
6 
3 
4 
5 
5 
3 
5 
1 862169857  
5 
1 1396892844  
1 2130433026  
6 
1 72111455  
2 
1 1776553714  
2 
5 
4 
4 
5 
3 
5 
6 
2 
2 
4 
5 
2 
1 1268534998  
3 
4 
6 
5 
1 1359019991  
2 
1 2141583173  
2 
5 
4 
4 
3 
4 
2 
1 1539359558  
1 716068076  
5 
3 
3 
5 
3 
4 
3 
3 
2 
2 
6 
1 1297192437  
6 
2 
6 
6 
1 856908120  
6 
2 
6 
2 
4 
5 
5 
6 
4 
4 
5 
6 
1 180261242  
4 
5 
5 
5 
4 
4 
5 
6 
4 
2 
3 
5 
1 1878766609  
6 
5 
3 
5 
1 870306619  
4 
1 1293310937  
6 
5 
6 
1 1673089059  
1 1090649987  
6 
5 
3 
2 
3 
3 
1 1280556017  
6 
3 
2 
5 
6 
2 
6 
6 
4 
6 
2 
4 
1 1908292359  
5 
1 798884941  
2 
3 
1 1467606951  
1 1822182237  
5 
3 
1 200315894  
6 
2 
1 1177237765  
5 
5 
1 487351072  
6 
2 
1 1000367374  
5 
2 
5 
2 
5 
3 
5 
6 
5 
1 723610567  
3 
5 
4 
6 
2 
6 
5 
4 
4 
2 
6 
2 
6 
2 
4 
1 1947151534  
4 
3 
1 190521702  
6 
5 
6 
1 340076959  
6 
2 
2 
4 
6 
6 
4 
3 
5 
1 661837743  
3 
6 
5 
5 
5 
4 
3 
1 1587414546  
5 
3 
4 
6 
3 
1 323026337  
6 
3 
3 
4 
4 
1 733949198  
3 
1 1216484613  
2 
4 
4 
5 
5 
2 
2 
5 
3 
5 
5 
1 1591561336  
3 
5 
3 
1 2092969189  
4 
6 
2 
6 
4 
3 
1 1210584138  
2 
3 
2 
2 
6 
6 
2 
4 
4 
1 983437246  
2 
2 
3 
4 
3 
6 
1 661553617  
4 
6 
4 
6 
1 360292927  
4 
4 
5 
5 
5 
5 
1 1840345366  
5 
4 
3 
6 
5 
4 
2 
1 841814860  
6 
6 
4 
4 
2 
6 
6 
3 
4 
5 
3 
1 91575889  
4 
1 563168338  
3 
2 
1 2135125797  
6 
1 1764664948  
3 
6 
2 
6 
6 
5 
6 
4 
5 
2 
6 
3 
6 
1 1653818325  
1 1268198166  
4 
5 
6 
5 
1 1525473659  
6 
6 
3 
2 
6 
3 
3 
3 
4 
5 
3 
5 
6 
1 305219619  
1 588321470  
3 
1 1200172248  
5 
3 
4 
4 
5 
1 505535513  
3 
6 
6 
6 
1 1765559235  
6 
4 
5 
6 
2 
1 1687523321  
2 
4 
3 
2 
2 
4 
6 
5 
5 
4 
6 
6 
2 
4 
1 1505902887  
1 341686154  
5 
5 
5 
5 
2 
2 
5 
3 
6 
3 
6 
1 1487191207  
4 
1 1696424589  
2 
4 
2 
1 681763114  
2 
2 
1 1545303  
6 
1 1136355488  
4 
5 
1 1004789451  
5 
4 
6 
3 
1 735494501  
4 
3 
2 
2 
2 
6 
4 
4 
2 
3 
1 205356453  
1 448867139  
2 
3 
3 
2 
1 680980043  
3 
6 
1 1415940591  
4 
2 
2 
4 
6 
2 
5 
4 
4 
2 
5 
5 
6 
1 1432304386  
1 1342533660  
2 
4 
4 
3 
5 
1 1776233519  
3 
3 
6 
2 
4 
4 
6 
5 
1 1125166104  
2 
1 36864872  
3 
4 
5 
1 1867809408  
5 
6 
2 
2 
1 1688334442  
5 
6 
3 
1 24507022  
2 
6 
3 
2 
1 1484990708  
1 1194669120  
5 
6 
2 
2 
3 
1 1292705188  
1 862980719  
5 
1 1499888739  
6 
1 1881026658  
1 2063152967  
5 
4 
5 
1 2005424252  
1 1499102246  
3 
4 
1 1603192640  
5 
1 1363843491  
6 
2 
6 
4 
2 
1 1840788400  
2 
5 
6 
5 
6 
1 942900200  
2 
1 912784433  
5 
2 
6 
4 
5 
6 
3 
1 375067866  
2 
3 
3 
1 944445503  
1 2049139921  
4 
4 
1 1379857318  
5 
2 
1 1679940004  
3 
5 
6 
1 107012726  
4 
1 1828724457  
3 
3 
6 
4 
1 213436399  
3 
3 
3 
2 
1 1522953317  
5 
2 
5 
5 
6 
5 
2 
2 
1 1113545195  
3 
6 
1 1555970060  
5 
2 
2 
2 
3 
3 
5 
5 
2 
1 1151703188  
5 
5 
4 
6 
2 
1 91227652  
6 
1 1592834932  
4 
2 
6 
4 
6 
4 
2 
3 
4 
6 
6 
4 
1 872028948  
5 
5 
6 
5 
5 
2 
5 
3 
1 1779562094  
1 1617341954  
2 
6 
5 
1 209536008  
1 826747566  
4 
3 
4 
2 
1 762563495  
2 
2 
3 
5 
4 
1 1072516727  
4 
1 179152657  
4 
2 
4 
5 
5 
3 
1 496106505  
4 
3 
4 
1 988186047  
5 
6 
1 37093261  
6 
3 
6 
1 1995208751  
1 443895039  
3 
4 
4 
5 
4 
4 
5 
4 
5 
6 
4 
5 
2 
3 
6 
2 
1 1400936753  
4 
6 
1 1688513504  
3 
4 
2 
3 
4 
3 
5 
5 
5 
2 
3 
6 
3 
5 
1 1386795239  
3 
4 
1 166237538  
5 
1 2063581370  
5 
1 183757094  
1 67893811  
5 
1 1295955040  
5 
6 
3 
3 
6 
2 
6 
2 
5 
5 
6 
6 
6 
5 
4 
3 
6 
3 
1 1863697099  
3 
2 
6 
3 
2 
6 
2 
6 
6 
6 
5 
6 
3 
1 174906537  
6 
3 
5 
1 977195850  
1 2077133498  
5 
3 
6 
3 
6 
3 
4 
4 
4 
5 
2 
3 
1 1697859854  
3 
2 
4 
1 2090741045  
4 
5 
2 
4 
4 
4 
3 
4 
2 
1 1485619910  
6 
3 
2 
6 
1 702079395  
2 
1 34485049  
6 
4 
4 
5 
6 
6 
6 
1 930971195  
4 
6 
6 
1 1574108343  
2 
4 
6 
5 
1 1814047144  
4 
2 
3 
1 400829501  
4 
3 
4 
6 
2 
4 
6 
4 
5 
5 
6 
5 
3 
1 1783644352  
4 
3 
3 
5 
6 
2 
1 493311062  
2 
6 
4 
6 
5 
6 
2 
2 
6 
6 
6 
1 1163392996  
3 
5 
4 
3 
5 
1 708677431  
3 
1 672463720  
6 
2 
3 
6 
3 
1 1659499502  
6 
1 1696863478  
5 
4 
5 
3 
4 
1 709556981  
3 
2 
6 
4 
5 
4 
2 
1 1507224605  
5 
1 2140758518  
1 2110493734  
5 
2 
6 
6 
4 
5 
6 
2 
3 
6 
2 
6 
1 1048254461  
6 
3 
2 
6 
2 
2 
4 
6 
4 
2 
5 
5 
6 
5 
2 
4 
3 
3 
6 
3 
5 
1 1380070109  
5 
5 
2 
4 
3 
1 129247624  
6 
4 
4 
2 
3 
2 
4 
5 
1 964352184  
1 1563827204  
3 
1 197141435  
2 
1 112823576  
4 
1 1280040655  
3 
6 
2 
4 
6 
5 
3 
6 
2 
2 
6 
5 
4 
4 
4 
3 
4 
6 
3 
1 372047972  
1 1090019426  
4 
2 
1 1209690505  
6 
3 
4 
3 
2 
5 
3 
3 
5 
2 
2 
4 
4 
4 
2 
4 
5 
4 
2 
1 2069907827  
6 
3 
3 
3 
2 
5 
5 
5 
6 
6 
2 
2 
4 
2 
2 
4 
2 
4 
5 
3 
5 
5 
1 1033276824  
1 547826768  
6 
1 624503574  
3 
4 
1 1067761873  
5 
6 
1 1478797963  
1 51128269  
3 
3 
2 
6 
6 
4 
1 734325369  
3 
3 
1 1879627464  
6 
4 
6 
4 
1 1834772621  
6 
1 1227636432  
6 
1 895536813  
6 
2 
4 
5 
3 
4 
4 
2 
5 
3 
2 
2 
4 
2 
1 395966405  
4 
1 1900100152  
3 
1 407552667  
4 
5 
4 
2 
3 
1 2092829883  
1 462173485  
4 
1 1914777272  
1 2086104753  
3 
5 
2 
4 
3 
6 
4 
6 
1 425183572  
1 815548086  
3 
2 
2 
3 
2 
6 
1 1318691215  
5 
4 
2 
6 
1 554431196  
6 
1 1779900270  
6 
2 
4 
2 
1 735034771  
3 
3 
3 
5 
6 
1 751572632  
4 
4 
2 
5 
4 
1 1892723846  
3 
3 
1 2015075426  
2 
4 
2 
5 
1 1123620604  
1 835259625  
3 
4 
5 
4 
2 
4 
3 
1 1077282283  
6 
4 
2 
3 
1 1046044783  
2 
1 1868536449  
4 
6 
4 
2 
1 1625109051  
5 
1 1670548357  
2 
2 
4 
3 
1 788814674  
5 
2 
2 
6 
1 956423366  
2 
2 
2 
5 
1 1721676627  
5 
2 
4 
3 
1 1523140044  
4 
3 
4 
5 
4 
2 
4 
3 
6 
4 
2 
1 688567183  
2 
2 
6 
2 
2 
3 
1 1408965600  
4 
2 
3 
5 
2 
4 
1 603292828  
6 
6 
1 1584103996  
2 
2 
2 
2 
3 
6 
5 
6 
4 
5 
1 1804932005  
4 
1 355909332  
4 
3 
6 
3 
4 
5 
2 
1 1991656663  
4 
4 
4 
2 
5 
4 
5 
1 1750278241  
5 
3 
1 818082817  
4 
3 
6 
4 
2 
1 1758950287  
4 
3 
2 
6 
6 
1 1688899346  
5 
1 1243266389  
6 
4 
3 
5 
3 
1 427014725  
3 
4 
4 
4 
1 860106913  
3 
5 
3 
3 
1 1797697586  
4 
6 
3 
4 
2 
6 
4 
5 
4 
2 
1 59431347  
1 1595141684  
1 401786570  
5 
6 
1 1952155194  
3 
3 
6 
4 
3 
1 1462733462  
5 
3 
4 
3 
2 
3 
4 
4 
5 
4 
4 
3 
4 
1 1525407174  
2 
3 
2 
6 
2 
3 
3 
2 
2 
5 
5 
5 
1 639931171  
4 
5 
5 
6 
4 
2 
5 
5 
6 
1 392532098  
1 423968310  
4 
3 
3 
4 
6 
3 
3 
4 
1 360983972  
3 
6 
2 
1 2017641149  
1 2094516667  
1 1149798646  
5 
4 
1 826580868  
1 1668709646  
4 
3 
4 
2 
1 525455042  
4 
2 
3 
4 
3 
4 
2 
1 1515148051  
3 
2 
3 
6 
2 
5 
6 
1 930191599  
4 
2 
1 1128747870  
2 
4 
1 951768399  
5 
3 
3 
3 
6 
5 
2 
3 
5 
4 
5 
5 
2 
2 
5 
4 
2 
3 
4 
4 
6 
3 
5 
2 
6 
5 
2 
6 
4 
1 587639956  
5 
5 
4 
2 
4 
3 
2 
5 
5 
1 1484657202  
3 
3 
6 
1 795941414  
5 
2 
5 
1 190434549  
1 155256372  
1 407408053  
1 1879333896  
5 
4 
5 
1 1398522761  
5 
2 
6 
4 
4 
5 
2 
2 
4 
2 
4 
4 
4 
3 
2 
4 
2 
1 834422779  
6 
3 
3 
3 
5 
2 
1 591957161  
6 
2 
5 
6 
5 
6 
4 
5 
3 
4 
2 
3 
6 
1 1048736699  
1 893854126  
2 
3 
6 
5 
3 
5 
1 39615198  
6 
5 
6 
5 
5 
1 1450523269  
2 
3 
1 698525672  
2 
2 
3 
3 
5 
5 
3 
6 
3 
4 
6 
6 
3 
6 
4 
5 
5 
1 1502348660  
1 828446796  
6 
6 
1 1338456843  
3 
3 
6 
3 
3 
6 
1 1894880758  
2 
3 
4 
3 
5 
4 
6 
3 
6 
4 
5 
4 
6 
1 1252415106  
6 
2 
5 
5 
2 
5 
3 
3 
3 
4 
3 
1 1699440815  
5 
6 
4 
3 
5 
4 
2 
6 
4 
1 1765038260  
4 
1 1199448125  
1 701755814  
1 444135480  
1 720674124  
4 
5 
3 
5 
6 
2 
4 
6 
2 
5 
2 
6 
1 1227210856  
6 
3 
6 
5 
4 
6 
6 
1 1959283531  
1 1650865723  
3 
1 208475079  
3 
3 
1 763568282  
5 
2 
4 
6 
4 
6 
4 
6 
1 91022031  
6 
3 
4 
2 
5 
5 
3 
2 
3 
1 1693132281  
1 1559509696  
1 281456581  
5 
3 
5 
2 
6 
4 
2 
3 
4 
1 1848388653  
1 1966917749  
1 13306829  
1 1099427767  
3 
6 
6 
4 
1 653856880  
5 
2 
6 
5 
3 
3 
4 
6 
2 
5 
2 
5 
2 
2 
5 
1 605263990  
5 
1 680818  
1 1547711007  
5 
2 
3 
3 
4 
4 
2 
1 644879188  
3 
4 
2 
6 
1 1451204088  
6 
6 
1 98753031  
1 2147227849  
5 
2 
3 
4 
1 132167236  
4 
6 
6 
4 
4 
2 
4 
4 
6 
6 
6 
2 
1 1437209875  
2 
6 
6 
5 
2 
2 
4 
2 
5 
6 
6 
5 
6 
3 
4 
2 
6 
1 1894624959  
5 
2 
1 1384582342  
5 
1 989167042  
2 
1 1512179571  
4 
5 
2 
4 
1 436546819  
3 
2 
2 
4 
2 
1 1690922856  
6 
5 
2 
2 
6 
6 
6 
3 
5 
4 
1 1956315051  
4 
1 1157220943  
5 
2 
4 
6 
1 770650065  
4 
3 
4 
4 
1 1768114934  
4 
4 
1 660603018  
5 
3 
6 
1 979125144  
2 
2 
1 384199568  
6 
6 
5 
2 
4 
3 
2 
3 
6 
6 
5 
3 
4 
4 
5 
6 
2 
5 
4 
3 
4 
1 751625050  
6 
5 
4 
3 
2 
4 
1 524773777  
2 
3 
2 
6 
6 
4 
5 
5 
4 
1 1943709264  
4 
3 
3 
4 
5 
2 
1 1033081631  
6 
2 
1 225678783  
1 1763143366  
6 
5 
1 1046388460  
6 
4 
4 
1 1325106550  
4 
4 
3 
1 269516598  
4 
2 
4 
4 
3 
1 1651652450  
2 
1 1325787368  
5 
5 
3 
5 
3 
5 
1 1817227605  
6 
4 
4 
3 
4 
6 
5 
3 
3 
2 
3 
6 
1 149047991  
1 629507808  
2 
3 
5 
4 
2 
2 
1 1915980637  
1 148792192  
1 761675044  
6 
4 
1 1205706864  
5 
3 
4 
2 
4 
2 
6 
3 
4 
6 
2 
3 
1 2043417151  
5 
3 
1 2146257386  
6 
1 47390258  
6 
2 
6 
3 
3 
4 
5 
4 
2 
6 
6 
4 
1 1408113075  
2 
2 
3 
1 435320558  
1 1738313115  
2 
4 
4 
3 
4 
5 
3 
4 
4 
6 
2 
3 
1 1216944478  
3 
6 
4 
5 
6 
3 
6 
5 
4 
4 
2 
6 
1 1592541501  
1 361479532  
2 
6 
4 
4 
1 837575765  
1 105660872  
4 
3 
3 
5 
4 
6 
2 
3 
3 
6 
5 
1 1340604676  
3 
2 
5 
1 1221775333  
1 857285922  
1 1865378453  
3 
6 
1 1018000950  
2 
4 
3 
4 
4 
4 
2 
1 1890367553  
5 
1 2091057236  
6 
6 
2 
5 
4 
3 
2 
6 
6 
1 633660668  
2 
6 
6 
2 
2 
5 
3 
1 789272365  
6 
6 
4 
2 
6 
5 
3 
2 
6 
1 1268680138  
6 
3 
4 
1 903177266  
1 293441167  
4 
5 
2 
1 446983859  
1 572921224  
5 
1 442489158  
5 
5 
2 
1 1076491667  
1 341418213  
4 
4 
6 
4 
6 
4 
3 
5 
4 
2 
4 
5 
1 591281350  
6 
6 
2 
5 
1 1838166712  
2 
6 
4 
5 
5 
4 
5 
5 
4 
4 
2 
3 
5 
5 
2 
6 
3 
4 
2 
5 
3 
1 1547125077  
1 487214854  
4 
4 
3 
3 
4 
1 1836940450  
1 1594515335  
1 1895327929  
4 
6 
5 
2 
5 
1 124777360  
3 
6 
1 1185344802  
3 
5 
2 
3 
4 
1 964788759  
3 
3 
5 
4 
5 
2 
6 
4 
2 
2 
2 
2 
5 
1 1717318862  
4 
5 
6 
1 1546824334  
1 1802364524  
3 
3 
5 
4 
2 
6 
2 
5 
2 
4 
6 
1 1822979734  
3 
6 
2 
5 
1 739945362  
3 
2 
2 
1 876656210  
4 
4 
1 532782008  
3 
3 
3 
1 457840168  
1 1894657160  
2 
1 275665913  
3 
6 
4 
2 
3 
2 
2 
3 
1 401413756  
5 
2 
3 
6 
2 
1 380834180  
1 1064938278  
2 
2 
5 
5 
2 
4 
6 
6 
1 1670093895  
1 1284011446  
6 
3 
6 
5 
4 
2 
6 
6 
3 
2 
5 
6 
5 
3 
1 1358379445  
4 
3 
6 
4 
1 2117077754  
5 
6 
3 
5 
5 
6 
3 
5 
5 
3 
6 
3 
4 
3 
1 1856932670  
5 
4 
6 
6 
2 
6 
3 
4 
2 
5 
5 
2 
6 
3 
6 
3 
2 
5 
6 
5 
4 
6 
5 
1 1800868604  
1 1046085773  
2 
3 
6 
2 
2 
6 
5 
3 
2 
5 
1 50867235  
6 
3 
4 
2 
2 
6 
3 
6 
4 
1 244666306  
1 736768837  
5 
5 
3 
2 
6 
1 1597992312  
1 731881160  
5 
2 
4 
1 426225640  
1 1045024000  
6 
1 479725441  
5 
6 
2 
4 
6 
4 
3 
6 
4 
1 551003000  
5 
5 
5 
6 
2 
3 
1 82885154  
4 
1 1444514201  
4 
6 
5 
6 
6 
4 
6 
4 
6 
3 
4 
5 
2 
4 
5 
1 120838214  
3 
4 
4 
5 
3 
2 
6 
3 
4 
6 
2 
4 
6 
5 
4 
4 
4 
5 
3 
3 
1 1629709489  
2 
5 
6 
4 
4 
5 
6 
3 
4 
1 1099395077  
5 
5 
6 
5 
3 
4 
6 
6 
3 
1 1943817948  
1 222171203  
6 
4 
2 
3 
3 
4 
2 
3 
4 
4 
6 
2 
3 
5 
6 
1 1976051287  
2 
4 
2 
1 329116308  
6 
3 
4 
2 
2 
6 
6 
6 
3 
4 
2 
4 
2 
5 
3 
2 
1 680011371  
1 1723224799  
3 
4 
2 
5 
1 604782221  
2 
3 
3 
5 
4 
6 
6 
4 
4 
3 
4 
3 
3 
5 
5 
4 
2 
2 
1 1081425128  
5 
1 2104058979  
1 1669720499  
6 
3 
3 
4 
5 
5 
4 
6 
1 604035375  
6 
6 
6 
2 
2 
1 1240586778  
2 
3 
1 880616297  
3 
3 
6 
4 
3 
3 
5 
1 573629481  
5 
4 
4 
5 
6 
3 
5 
4 
5 
5 
2 
2 
5 
1 950035800  
5 
1 534001253  
3 
6 
5 
1 1619715254  
2 
6 
1 1000903036  
3 
4 
1 778667559  
3 
5 
6 
4 
5 
6 
4 
6 
3 
3 
2 
4 
4 
3 
1 209000444  
4 
1 451411700  
3 
3 
5 
6 
1 1510548720  
6 
1 635226084  
5 
2 
6 
4 
3 
4 
3 
4 
5 
2 
2 
5 
4 
3 
4 
2 
2 
3 
2 
4 
1 1496435700  
1 1990274161  
6 
5 
6 
3 
2 
5 
4 
3 
2 
3 
6 
6 
2 
5 
3 
1 1186229084  
2 
6 
1 1579320855  
6 
5 
3 
3 
3 
6 
1 1287304714  
5 
5 
6 
5 
2 
5 
3 
2 
3 
1 1307067299  
2 
4 
4 
2 
6 
1 1061546696  
2 
5 
6 
5 
3 
5 
6 
1 239216144  
3 
1 1103401599  
1 1283717899  
2 
5 
4 
4 
4 
3 
5 
4 
3 
6 
3 
6 
5 
6 
4 
2 
2 
1 67783783  
5 
3 
1 1432517908  
3 
2 
4 
1 1963729271  
1 1791008583  
5 
3 
1 2037300129  
4 
4 
4 
4 
5 
4 
6 
3 
2 
3 
1 897670751  
1 1747583914  
1 1559536981  
3 
5 
5 
2 
1 1501706126  
4 
1 840687044  
5 
1 292669630  
4 
4 
1 2075335607  
6 
1 1790722845  
1 826670883  
3 
2 
4 
6 
5 
6 
5 
2 
4 
5 
5 
5 
3 
6 
1 1547567213  
3 
3 
5 
2 
2 
4 
3 
6 
4 
1 644142233  
1 1605338442  
3 
1 1756567657  
3 
4 
4 
5 
1 1095553933  
3 
1 968403514  
2 
5 
5 
1 244310093  
5 
3 
3 
1 444505986  
4 
2 
2 
5 
2 
5 
5 
1 811194028  
6 
6 
1 1430539178  
6 
2 
6 
2 
4 
2 
5 
4 
6 
5 
2 
4 
4 
2 
2 
1 2023826841  
4 
1 2098498742  
4 
4 
3 
5 
1 590122829  
3 
3 
3 
6 
4 
3 
5 
5 
4 
6 
4 
3 
1 937889889  
3 
5 
4 
4 
2 
6 
3 
2 
3 
4 
6 
4 
4 
2 
4 
6 
6 
1 190231238  
5 
1 1693524428  
5 
4 
6 
2 
6 
4 
1 74124140  
2 
3 
5 
6 
4 
4 
5 
5 
1 258015022  
2 
2 
6 
3 
4 
6 
1 978558688  
5 
3 
1 2037853411  
1 2049023605  
1 868375170  
6 
3 
1 788040514  
3 
1 1649123871  
2 
2 
6 
3 
4 
5 
2 
4 
5 
5 
6 
2 
5 
5 
4 
5 
4 
5 
1 280428503  
1 142262992  
6 
2 
3 
3 
6 
3 
5 
5 
4 
2 
4 
3 
3 
4 
4 
6 
5 
4 
1 342327268  
3 
6 
1 573098133  
4 
6 
1 70114951  
6 
4 
4 
5 
1 2133050113  
1 1399769016  
3 
5 
4 
6 
3 
3 
4 
3 
5 
1 1617682165  
4 
5 
3 
3 
1 629708698  
5 
2 
3 
2 
3 
6 
5 
2 
4 
2 
3 
1 857623810  
6 
4 
1 1226766174  
1 1725262631  
6 
6 
1 1826027325  
5 
3 
5 
2 
4 
3 
4 
1 1471076268  
2 
4 
3 
4 
3 
2 
2 
6 
6 
3 
3 
5 
4 
6 
3 
5 
4 
5 
6 
3 
2 
3 
1 22284969  
4 
4 
2 
4 
5 
4 
6 
1 489737705  
1 754131798  
2 
6 
2 
1 2046111810  
3 
1 440752799  
5 
6 
2 
4 
5 
2 
5 
4 
5 
2 
4 
6 
6 
5 
3 
2 
6 
5 
2 
1 1344254627  
6 
4 
4 
6 
6 
3 
4 
2 
3 
2 
5 
2 
6 
2 
1 836518051  
5 
5 
2 
5 
5 
1 630984038  
5 
2 
1 890295407  
5 
1 910642192  
3 
3 
4 
6 
6 
4 
1 888999060  
5 
6 
5 
3 
5 
4 
6 
4 
3 
4 
2 
4 
6 
5 
3 
5 
3 
3 
3 
6 
3 
1 1868854096  
3 
6 
5 
1 801011955  
5 
4 
5 
4 
1 790539017  
3 
4 
2 
2 
3 
2 
3 
6 
5 
3 
4 
2 
4 
4 
3 
1 589745618  
1 1589052470  
3 
4 
5 
5 
4 
4 
3 
4 
4 
1 292179240  
1 870174121  
5 
6 
5 
2 
5 
5 
3 
3 
4 
4 
6 
1 1731315462  
6 
4 
3 
4 
1 634506508  
6 
4 
6 
5 
3 
3 
2 
5 
5 
3 
2 
5 
1 1443272254  
5 
5 
2 
4 
3 
2 
6 
2 
4 
5 
5 
1 1801430414  
5 
1 620072973  
6 
1 695557622  
1 1271628931  
3 
4 
6 
6 
4 
5 
5 
6 
3 
6 
4 
1 1249781671  
3 
6 
3 
6 
2 
2 
1 1553181432  
4 
3 
2 
1 350911457  
6 
3 
6 
6 
3 
1 827560655  
4 
6 
2 
4 
4 
3 
4 
6 
6 
1 1231725109  
3 
4 
3 
4 
5 
6 
1 1821987725  
2 
3 
2 
6 
1 849845624  
3 
1 1721462814  
5 
2 
5 
4 
4 
3 
5 
3 
6 
1 428635875  
1 748473787  
2 
2 
1 14731966  
5 
1 1772890502  
2 
5 
6 
1 1584991838  
3 
3 
1 645716004  
6 
2 
6 
1 515702262  
6 
4 
4 
3 
3 
4 
3 
6 
4 
1 348150382  
6 
5 
4 
3 
2 
1 1534715064  
6 
6 
4 
2 
2 
5 
3 
1 237072710  
1 1149162338  
6 
2 
3 
3 
4 
6 
4 
3 
3 
1 177770433  
1 826818328  
1 590731160  
4 
2 
4 
4 
3 
5 
4 
2 
1 469949673  
6 
5 
3 
2 
3 
1 1696992449  
2 
2 
4 
6 
1 174562974  
5 
1 1104456182  
1 992781055  
1 1975993388  
3 
2 
4 
6 
6 
5 
3 
4 
6 
3 
2 
3 
4 
6 
3 
5 
5 
4 
1 1724529155  
1 1688338677  
2 
5 
1 1100138671  
1 826827179  
3 
4 
2 
6 
1 1094036461  
1 1451050129  
6 
2 
4 
3 
1 1654387834  
5 
6 
1 178277923  
1 1125554206  
5 
2 
2 
5 
6 
5 
1 356749810  
5 
2 
4 
2 
5 
6 
2 
2 
2 
1 1899740737  
6 
1 1554190082  
4 
1 1105223597  
1 1914472703  
2 
6 
3 
4 
4 
6 
1 1179596936  
3 
5 
4 
3 
2 
1 542731788  
2 
4 
6 
6 
6 
4 
1 412705059  
1 1695299198  
2 
6 
5 
4 
2 
5 
1 890882170  
4 
3 
5 
3 
3 
2 
6 
6 
4 
6 
6 
2 
5 
4 
6 
1 1947420123  
5 
4 
3 
5 
5 
1 1932371908  
3 
5 
4 
1 2040044508  
5 
2 
6 
4 
2 
3 
3 
4 
3 
3 
1 2125190556  
2 
1 611706588  
3 
5 
3 
1 483292020  
1 447656582  
5 
5 
2 
6 
5 
2 
1 161215389  
1 657854995  
3 
3 
3 
1 1552112764  
5 
1 1153996444  
3 
4 
4 
3 
2 
4 
2 
2 
5 
4 
3 
5 
3 
2 
3 
3 
5 
2 
4 
2 
3 
3 
1 486364735  
6 
5 
4 
5 
2 
3 
1 1129158271  
1 694851473  
4 
6 
4 
1 1586503407  
5 
4 
5 
1 1955985450  
6 
2 
2 
2 
6 
6 
6 
2 
5 
4 
2 
6 
5 
4 
3 
4 
2 
3 
5 
4 
6 
1 1788887935  
1 890069888  
6 
6 
4 
1 1462889636  
6 
6 
2 
2 
6 
6 
3 
4 
2 
3 
4 
2 
3 
1 1967165858  
5 
4 
6 
6 
1 2015624094  
3 
6 
3 
6 
2 
3 
2 
5 
6 
3 
5 
2 
2 
5 
4 
3 
4 
2 
6 
5 
4 
1 1819639447  
2 
4 
5 
1 1719422947  
1 1422330528  
1 777379396  
3 
3 
4 
5 
5 
5 
1 1486412003  
6 
2 
1 454443817  
2 
2 
1 1320111184  
5 
6 
6 
5 
2 
4 
3 
5 
4 
3 
2 
1 1899117062  
6 
3 
4 
5 
3 
4 
4 
4 
1 2259367  
6 
6 
5 
5 
1 63509707  
4 
6 
2 
3 
4 
5 
5 
4 
5 
1 1699053538  
3 
1 1934631276  
1 2103554215  
4 
4 
2 
1 1676760446  
5 
5 
3 
1 398854216  
1 439362588  
4 
4 
5 
3 
4 
5 
4 
6 
4 
2 
4 
6 
1 2124417028  
2 
5 
2 
5 
2 
5 
2 
5 
5 
4 
4 
1 560069606  
1 1097217583  
2 
1 1529046144  
1 1714066050  
2 
3 
1 1583582318  
1 510720768  
6 
3 
3 
3 
3 
6 
6 
4 
4 
4 
5 
3 
2 
1 261433876  
2 
2 
5 
4 
6 
3 
2 
6 
3 
1 1022602077  
6 
5 
3 
5 
6 
6 
4 
1 319222570  
3 
2 
1 2050321811  
2 
1 1912671965  
3 
1 1782112207  
3 
3 
1 1870004021  
6 
6 
6 
2 
6 
3 
1 1780812412  
1 1454268006  
4 
5 
3 
1 1441943320  
2 
3 
5 
1 1055659292  
4 
4 
3 
5 
3 
6 
5 
6 
2 
4 
1 84163754  
3 
1 780871675  
1 1510103109  
4 
6 
1 1404274939  
1 532505090  
5 
3 
3 
3 
3 
4 
2 
4 
3 
6 
4 
4 
4 
1 1512362477  
6 
5 
2 
2 
3 
3 
5 
6 
4 
2 
5 
5 
4 
3 
4 
6 
5 
4 
6 
5 
1 1467784646  
5 
1 84074980  
1 1299510105  
1 1423855213  
5 
1 1760835426  
1 1698364321  
4 
1 1863217801  
4 
1 1737768807  
6 
4 
1 110950279  
4 
6 
3 
6 
1 812951736  
3 
1 1119331303  
6 
2 
4 
4 
1 1825016330  
4 
6 
4 
5 
1 249050407  
4 
1 1630052071  
1 2086450206  
2 
6 
5 
4 
3 
5 
2 
1 1271652484  
4 
6 
3 
1 1949274642  
5 
1 1989288369  
4 
1 1036840802  
1 1583903201  
6 
5 
3 
3 
2 
6 
4 
6 
6 
5 
1 1711808742  
6 
3 
1 670169566  
2 
4 
1 890687559  
2 
6 
3 
5 
6 
5 
3 
5 
3 
6 
6 
5 
2 
3 
1 1006268414  
5 
4 
1 1725828858  
1 974851313  
4 
4 
1 1787140090  
6 
1 1088448320  
6 
5 
1 231642604  
2 
5 
2 
6 
4 
3 
3 
5 
4 
5 
4 
6 
5 
6 
2 
6 
2 
6 
1 172161532  
2 
6 
6 
5 
4 
4 
6 
3 
3 
3 
3 
3 
4 
3 
5 
3 
3 
2 
4 
3 
1 453327149  
6 
5 
6 
1 1699427250  
3 
1 256236512  
2 
1 1752837254  
3 
5 
5 
4 
3 
2 
5 
1 975798816  
3 
1 2017071938  
1 1303717927  
5 
1 691532969  
5 
6 
6 
1 1607357097  
6 
4 
2 
3 
1 1414668207  
5 
6 
4 
2 
6 
4 
3 
3 
3 
1 1504484706  
4 
1 579204753  
6 
6 
2 
4 
6 
1 1092200889  
6 
3 
6 
6 
6 
2 
6 
3 
3 
2 
4 
5 
4 
2 
6 
2 
5 
5 
3 
5 
1 1753535113  
2 
1 61773176  
5 
1 1031167447  
2 
2 
6 
4 
5 
3 
6 
2 
1 877703949  
5 
6 
4 
6 
1 2011047818  
5 
3 
1 872972168  
1 1914544751  
2 
4 
3 
5 
6 
2 
2 
3 
3 
6 
6 
2 
4 
4 
5 
4 
3 
5 
5 
6 
5 
6 
4 
4 
2 
6 
2 
6 
3 
6 
5 
1 1447467371  
1 437297262  
6 
1 437230669  
6 
6 
3 
4 
5 
5 
3 
1 190671282  
6 
4 
3 
3 
6 
3 
4 
1 1443565676  
4 
1 15575880  
2 
6 
6 
6 
3 
1 1165522596  
1 1083222118  
5 
3 
2 
2 
4 
4 
5 
4 
3 
6 
3 
2 
2 
6 
6 
5 
6 
2 
5 
2 
1 1104024200  
6 
4 
3 
6 
4 
6 
3 
3 
1 1397165200  
5 
5 
5 
6 
2 
6 
1 1255383650  
4 
2 
4 
2 
5 
6 
6 
6 
3 
5 
6 
3 
4 
3 
5 
4 
4 
3 
5 
4 
2 
1 1557351349  
4 
5 
4 
3 
4 
1 949108803  
6 
2 
1 1511620162  
3 
1 1162704955  
3 
1 1924907619  
6 
3 
2 
2 
6 
5 
