2 
5 
5 
5 
3 
2 
1 771265705  
4 
1 1020891450  
1 942662199  
4 
5 
5 
2 
4 
5 
4 
6 
1 133710572  
2 
2 
3 
5 
1 618206608  
5 
2 
5 
1 647928757  
3 
5 
5 
6 
1 209547738  
4 
6 
4 
3 
3 
3 
1 1457283763  
4 
3 
1 826581964  
2 
5 
1 1471550716  
6 
2 
4 
4 
2 
6 
6 
2 
6 
1 1727874070  
6 
4 
6 
6 
5 
3 
3 
5 
5 
4 
5 
6 
3 
1 775768524  
2 
6 
6 
3 
5 
5 
1 1832244800  
5 
2 
4 
2 
4 
2 
2 
2 
6 
1 858691691  
6 
1 1001220315  
6 
4 
5 
2 
3 
2 
1 106958043  
2 
1 52424641  
4 
6 
6 
5 
3 
4 
5 
1 1517464348  
3 
1 1821494190  
1 1270143007  
1 1894839224  
1 1632956639  
5 
6 
6 
6 
6 
4 
4 
3 
1 581249027  
1 1816030604  
2 
2 
1 2090961409  
1 1414094316  
2 
1 1445350322  
6 
6 
6 
3 
3 
4 
3 
4 
1 1721991764  
6 
2 
4 
1 903748620  
4 
6 
1 131595799  
5 
6 
5 
5 
1 802482293  
6 
2 
2 
3 
5 
5 
1 1675014325  
3 
3 
1 1152487249  
1 1745144492  
5 
1 1808724897  
1 1770693857  
6 
6 
4 
4 
5 
3 
1 245589601  
4 
3 
4 
4 
1 2018272635  
4 
6 
3 
1 1080493972  
5 
4 
3 
1 1072171566  
4 
6 
3 
6 
4 
2 
3 
6 
5 
4 
3 
3 
1 1342339703  
6 
3 
2 
1 660884395  
5 
5 
4 
2 
1 1847940090  
3 
6 
1 1027100855  
4 
3 
4 
4 
4 
5 
1 1519576086  
3 
3 
2 
3 
6 
4 
2 
6 
3 
3 
1 701676758  
5 
3 
6 
4 
3 
3 
2 
2 
3 
6 
1 1134058898  
2 
4 
4 
5 
4 
3 
5 
5 
2 
5 
4 
5 
2 
2 
5 
3 
6 
3 
4 
4 
3 
2 
3 
6 
4 
4 
1 1572000727  
3 
3 
5 
5 
5 
1 71657458  
2 
6 
2 
5 
6 
3 
3 
6 
1 808069441  
2 
6 
4 
6 
4 
6 
5 
6 
3 
5 
2 
5 
2 
3 
4 
5 
1 694660086  
3 
1 1966496682  
6 
5 
1 293542432  
5 
4 
5 
4 
5 
2 
5 
1 1275909114  
1 1635043638  
2 
4 
4 
4 
5 
2 
2 
3 
5 
5 
4 
4 
4 
2 
6 
6 
2 
1 237020194  
6 
4 
2 
1 542519782  
6 
2 
5 
6 
1 932910312  
1 1959011958  
1 1446268402  
4 
6 
5 
1 1064506112  
1 614010603  
6 
2 
4 
6 
6 
3 
4 
6 
1 973799079  
5 
4 
4 
2 
6 
6 
3 
6 
4 
2 
4 
5 
5 
4 
5 
3 
6 
5 
4 
2 
4 
4 
2 
6 
6 
4 
6 
4 
1 69509713  
5 
1 211671448  
3 
3 
5 
6 
5 
1 635040328  
5 
5 
5 
6 
3 
6 
4 
1 1840203571  
4 
6 
5 
1 457261049  
2 
3 
1 505829315  
6 
5 
6 
6 
4 
2 
4 
1 773213895  
1 1529432615  
5 
6 
5 
6 
3 
6 
4 
6 
3 
2 
5 
4 
5 
3 
6 
6 
5 
4 
1 1848169019  
6 
5 
4 
6 
3 
3 
2 
6 
5 
6 
2 
3 
6 
3 
3 
4 
4 
3 
6 
5 
5 
2 
6 
1 1434098290  
3 
5 
6 
6 
4 
5 
3 
3 
5 
4 
4 
5 
5 
6 
3 
4 
5 
3 
5 
6 
1 1229889058  
3 
6 
5 
6 
5 
5 
3 
5 
2 
6 
6 
2 
4 
4 
1 727786226  
1 806190728  
5 
2 
4 
5 
1 1931565816  
2 
3 
2 
1 1861845125  
1 230707807  
4 
1 2003223274  
6 
2 
4 
2 
3 
2 
2 
3 
5 
1 522430918  
3 
2 
4 
6 
4 
1 925367894  
1 1822236309  
5 
1 815973350  
6 
5 
3 
1 53793360  
3 
5 
1 1309796299  
6 
5 
5 
1 1052993544  
2 
5 
1 596313142  
1 95222964  
5 
4 
5 
6 
6 
1 864521854  
1 2042581545  
5 
4 
2 
1 1159729076  
1 1478532458  
6 
4 
1 868896976  
5 
3 
4 
1 1229238789  
6 
1 1690203906  
4 
3 
1 1503937305  
1 921958712  
2 
3 
3 
4 
6 
2 
4 
3 
6 
5 
3 
6 
5 
6 
2 
5 
5 
1 2147464955  
5 
6 
4 
4 
4 
2 
6 
5 
4 
6 
3 
5 
1 2009766620  
1 1695172608  
4 
3 
3 
5 
1 1529413923  
1 1710451991  
6 
1 981787250  
4 
4 
1 611819333  
5 
5 
1 290754570  
5 
4 
5 
6 
5 
4 
2 
6 
4 
2 
3 
2 
1 1787977979  
6 
1 395901501  
6 
6 
2 
4 
5 
5 
2 
4 
4 
1 5116047  
5 
3 
3 
6 
5 
6 
5 
2 
3 
5 
3 
5 
2 
2 
3 
3 
2 
2 
5 
5 
3 
1 2018685786  
2 
1 251641127  
2 
3 
5 
2 
5 
2 
3 
6 
1 527546965  
5 
6 
2 
1 796570032  
4 
6 
6 
6 
1 2073877436  
5 
3 
5 
1 1343520315  
3 
5 
1 850363392  
6 
6 
3 
2 
5 
4 
5 
5 
2 
4 
2 
1 1236190088  
3 
6 
1 249030212  
3 
1 1446676535  
3 
1 1331413052  
6 
4 
1 1113552066  
1 1341774432  
3 
1 343658480  
4 
4 
3 
5 
1 444600876  
5 
6 
6 
1 63187760  
3 
1 1572897269  
1 2134804782  
3 
4 
2 
6 
2 
4 
1 1567125065  
2 
4 
6 
4 
5 
2 
2 
4 
5 
3 
3 
5 
4 
6 
1 347372334  
2 
3 
3 
4 
2 
6 
6 
3 
4 
5 
2 
5 
4 
2 
6 
4 
5 
2 
6 
4 
5 
1 2134786090  
1 1429408038  
1 2042544942  
1 1516716365  
5 
5 
1 992376381  
6 
6 
1 876848544  
6 
2 
1 2128535698  
4 
4 
6 
2 
3 
4 
6 
4 
2 
5 
4 
2 
4 
5 
6 
4 
3 
3 
5 
6 
1 1283130951  
3 
4 
3 
3 
3 
2 
6 
6 
3 
4 
4 
4 
3 
3 
3 
2 
5 
6 
6 
2 
1 517342875  
1 376953551  
6 
6 
5 
2 
3 
4 
6 
2 
4 
4 
2 
4 
1 1288246998  
1 388545014  
6 
5 
5 
2 
1 628594678  
4 
4 
6 
1 1815793963  
5 
3 
6 
2 
3 
1 1185115046  
1 554988467  
4 
4 
3 
6 
1 1011830631  
6 
2 
1 2035478439  
4 
3 
5 
1 1791178555  
2 
1 1260860843  
1 1334671326  
5 
5 
6 
6 
5 
6 
3 
6 
5 
5 
5 
2 
4 
4 
1 975107959  
2 
1 226929261  
2 
1 528962110  
4 
6 
2 
6 
5 
1 1318766439  
4 
5 
1 671530138  
2 
4 
4 
4 
5 
2 
6 
2 
3 
4 
4 
5 
1 592149870  
4 
3 
5 
2 
5 
2 
6 
6 
4 
3 
6 
2 
6 
1 744180060  
3 
1 658851272  
6 
4 
4 
4 
5 
4 
1 11791288  
2 
4 
6 
6 
1 1091552394  
3 
3 
2 
4 
1 646153714  
4 
3 
1 1441199326  
4 
5 
3 
3 
5 
4 
6 
3 
1 986613688  
4 
4 
4 
1 15386431  
1 286092059  
6 
4 
2 
5 
3 
3 
1 1863462233  
5 
2 
6 
6 
6 
4 
6 
3 
3 
1 2143922129  
4 
1 1569223011  
2 
5 
3 
4 
4 
4 
3 
1 233321460  
4 
4 
3 
6 
5 
3 
4 
3 
3 
4 
1 373392032  
3 
4 
5 
6 
2 
3 
5 
1 709986361  
6 
1 621866474  
3 
1 1001986711  
5 
4 
6 
2 
2 
4 
3 
1 378296677  
1 1806981521  
6 
5 
1 1556975178  
6 
2 
2 
2 
2 
4 
1 1390127308  
2 
2 
5 
4 
5 
2 
1 1694976312  
1 1200670085  
1 503504503  
2 
6 
4 
5 
4 
3 
1 882163990  
6 
1 28294396  
3 
6 
5 
3 
1 730433764  
2 
3 
1 1411126100  
6 
2 
5 
5 
5 
4 
3 
1 1347060835  
3 
1 1401963902  
1 2003275970  
6 
5 
1 2091240895  
6 
4 
1 2060815175  
2 
5 
1 2015067258  
1 1035309642  
2 
2 
5 
3 
1 559485241  
6 
6 
4 
5 
3 
3 
3 
3 
5 
6 
6 
2 
6 
6 
2 
2 
1 1308782936  
4 
6 
6 
3 
3 
5 
4 
6 
3 
3 
3 
3 
3 
1 2021923330  
4 
4 
6 
3 
4 
5 
1 574871673  
4 
5 
1 1594874996  
2 
5 
1 1737901915  
3 
4 
6 
4 
4 
6 
2 
6 
4 
5 
3 
5 
4 
2 
5 
5 
5 
4 
5 
1 571310154  
3 
3 
6 
1 1016614359  
3 
6 
5 
6 
2 
2 
6 
2 
5 
4 
4 
4 
1 1971223376  
6 
2 
5 
6 
3 
1 944702187  
3 
1 1726600720  
1 445606202  
3 
6 
1 1946688898  
4 
3 
6 
1 2104897397  
6 
6 
5 
4 
4 
3 
3 
1 105104075  
4 
6 
1 1356180428  
3 
5 
4 
4 
6 
2 
1 1347541057  
3 
4 
5 
4 
5 
2 
4 
3 
4 
6 
4 
6 
1 1800080387  
5 
2 
3 
4 
1 409366865  
1 1851045560  
6 
4 
1 534760729  
4 
6 
2 
6 
6 
4 
5 
3 
6 
6 
4 
2 
6 
4 
2 
4 
3 
2 
3 
6 
4 
3 
4 
2 
6 
6 
2 
6 
6 
3 
1 437661261  
4 
6 
5 
5 
2 
4 
4 
1 433995677  
3 
6 
2 
4 
6 
4 
2 
4 
4 
5 
4 
5 
2 
6 
1 1945886829  
6 
3 
6 
6 
1 1784722096  
6 
6 
6 
5 
2 
2 
5 
3 
5 
4 
1 1835959579  
1 1801679152  
4 
6 
6 
6 
4 
3 
4 
6 
6 
1 1728479343  
2 
5 
5 
6 
3 
4 
3 
1 1749291106  
5 
1 1669262762  
3 
6 
5 
5 
1 616305337  
4 
6 
1 161292700  
5 
6 
5 
4 
4 
4 
5 
2 
2 
3 
1 830562051  
5 
6 
2 
2 
5 
6 
2 
1 490745020  
3 
4 
3 
1 736164373  
4 
1 277953399  
4 
3 
6 
4 
6 
4 
3 
5 
1 81163287  
2 
2 
6 
3 
6 
2 
3 
5 
3 
3 
1 1307474527  
4 
5 
1 1294567758  
5 
5 
2 
6 
3 
6 
4 
2 
3 
4 
5 
6 
1 2052386663  
3 
5 
4 
5 
4 
6 
3 
5 
2 
4 
2 
6 
5 
5 
1 104693066  
4 
4 
1 873684830  
2 
4 
5 
5 
6 
2 
6 
1 350509218  
2 
6 
5 
4 
5 
4 
6 
5 
6 
5 
4 
2 
6 
3 
4 
5 
1 2051381964  
2 
2 
2 
3 
5 
5 
1 831098580  
6 
5 
5 
6 
5 
3 
5 
4 
4 
1 455613293  
5 
1 1260078744  
2 
5 
6 
2 
1 31155989  
3 
5 
3 
1 108210033  
2 
5 
4 
1 1669445609  
5 
1 1882201550  
2 
3 
2 
6 
5 
2 
4 
5 
5 
3 
2 
3 
1 642970762  
3 
2 
3 
4 
3 
6 
6 
1 2107106870  
1 168713579  
1 441373944  
5 
4 
6 
3 
3 
3 
3 
1 1744345318  
5 
4 
3 
5 
5 
6 
2 
6 
5 
5 
4 
3 
4 
6 
3 
2 
6 
3 
3 
1 2004673158  
1 95569448  
4 
2 
4 
6 
2 
4 
5 
6 
4 
3 
4 
1 1325341014  
6 
6 
3 
5 
6 
5 
2 
6 
4 
5 
5 
1 1606480617  
2 
3 
5 
1 1764832210  
2 
4 
4 
6 
3 
4 
4 
6 
2 
1 1941646351  
5 
4 
6 
1 1767773317  
5 
2 
4 
2 
6 
3 
4 
2 
5 
4 
6 
6 
2 
1 447910613  
2 
6 
3 
4 
2 
4 
2 
1 284907723  
6 
4 
6 
2 
2 
6 
6 
6 
2 
3 
2 
5 
2 
6 
6 
5 
4 
4 
3 
5 
3 
5 
2 
1 356454042  
1 725864012  
5 
3 
4 
5 
2 
2 
4 
1 366071011  
2 
4 
3 
3 
3 
3 
2 
2 
6 
6 
4 
3 
1 1663928569  
1 2020431770  
2 
2 
4 
4 
1 270974026  
5 
4 
5 
4 
6 
5 
5 
4 
1 1768621636  
4 
3 
3 
1 746632953  
4 
5 
6 
4 
4 
3 
3 
6 
3 
3 
2 
1 621483244  
4 
2 
2 
1 1672519952  
3 
4 
2 
5 
6 
2 
5 
6 
2 
3 
5 
6 
5 
2 
5 
1 1577731533  
3 
1 1077096538  
5 
4 
1 785115049  
6 
5 
2 
3 
1 1608887522  
1 1185306571  
6 
1 307077010  
1 1343605424  
1 1828277333  
5 
6 
1 266700233  
6 
3 
6 
1 1512319003  
5 
3 
5 
1 122167629  
1 2011045551  
6 
4 
1 1369508514  
6 
4 
6 
5 
4 
4 
4 
6 
5 
2 
2 
1 217737077  
1 1188902917  
3 
3 
2 
5 
4 
2 
6 
5 
4 
6 
4 
5 
2 
5 
3 
5 
2 
2 
3 
4 
4 
1 828505483  
5 
1 1982569288  
3 
2 
6 
5 
6 
3 
5 
3 
1 983065621  
2 
4 
1 448795152  
5 
6 
5 
4 
3 
5 
3 
2 
3 
6 
6 
5 
3 
5 
6 
3 
6 
2 
3 
6 
4 
6 
3 
6 
4 
2 
5 
1 282996253  
5 
1 1267973344  
6 
2 
2 
4 
2 
2 
5 
2 
1 805249194  
6 
3 
5 
6 
3 
3 
1 1008860266  
4 
3 
1 1634044355  
5 
2 
4 
2 
5 
3 
4 
1 321694115  
4 
4 
4 
3 
4 
2 
2 
6 
1 881808388  
4 
4 
1 1905018382  
5 
1 2090315751  
3 
5 
3 
4 
5 
3 
6 
1 1628441341  
1 379017978  
2 
4 
2 
1 1615352056  
3 
2 
1 1058689226  
6 
3 
6 
6 
3 
4 
6 
2 
5 
3 
2 
5 
4 
3 
2 
6 
1 1456114516  
5 
4 
3 
5 
2 
1 252983457  
1 520093101  
3 
6 
3 
2 
4 
5 
3 
4 
1 493937439  
3 
6 
6 
1 560060467  
4 
2 
6 
4 
3 
1 1863698525  
3 
4 
6 
1 174731125  
1 826760700  
3 
3 
3 
5 
2 
6 
3 
2 
1 1228533881  
5 
4 
2 
2 
4 
5 
4 
3 
6 
2 
5 
5 
3 
2 
4 
2 
4 
2 
3 
2 
5 
3 
6 
3 
3 
4 
3 
3 
4 
5 
4 
4 
3 
3 
2 
3 
3 
1 296898754  
3 
5 
2 
5 
5 
3 
4 
3 
4 
1 690322604  
3 
2 
3 
4 
3 
1 450558747  
2 
5 
2 
3 
6 
4 
6 
5 
4 
2 
1 514635832  
3 
4 
6 
1 1879225521  
2 
4 
6 
5 
1 1279064230  
1 349721472  
5 
5 
1 714807494  
6 
4 
4 
6 
4 
3 
4 
2 
5 
2 
1 1727859382  
3 
6 
1 632717725  
3 
1 1982780839  
2 
2 
3 
3 
6 
6 
4 
2 
2 
6 
6 
2 
3 
5 
4 
5 
6 
4 
4 
4 
2 
4 
5 
4 
2 
2 
4 
2 
5 
5 
5 
3 
1 385624928  
4 
2 
6 
4 
2 
3 
6 
4 
3 
3 
2 
3 
4 
6 
2 
5 
4 
2 
3 
1 1641577991  
1 1469341546  
3 
3 
5 
5 
6 
2 
2 
6 
3 
2 
6 
4 
4 
5 
2 
2 
4 
3 
4 
1 707319043  
6 
5 
5 
5 
6 
2 
3 
4 
1 375902732  
1 1226876280  
6 
4 
1 650151147  
2 
2 
2 
5 
3 
1 2004344073  
3 
5 
6 
5 
1 1605894259  
4 
6 
1 118019555  
4 
6 
6 
6 
2 
5 
3 
2 
3 
2 
3 
6 
6 
1 915549652  
4 
2 
4 
6 
1 914525127  
3 
1 371003012  
5 
1 1435642753  
6 
4 
1 1408462567  
4 
4 
3 
5 
5 
3 
3 
6 
4 
6 
2 
5 
4 
5 
1 931063479  
3 
4 
2 
2 
2 
6 
4 
1 1151857630  
3 
2 
1 1583193692  
5 
1 1757824180  
6 
6 
6 
6 
5 
1 232907863  
2 
5 
2 
6 
4 
5 
1 1880092446  
3 
4 
1 300663136  
2 
4 
1 683466610  
5 
4 
6 
1 247244630  
4 
5 
2 
5 
4 
1 32405009  
4 
3 
2 
3 
6 
3 
6 
5 
5 
5 
3 
4 
3 
6 
3 
1 1962530840  
2 
2 
4 
1 596966102  
2 
5 
4 
2 
3 
1 747212504  
1 1542906574  
2 
3 
1 1229683828  
4 
2 
5 
1 582509695  
4 
6 
1 1928531502  
5 
4 
6 
5 
1 723778171  
3 
6 
6 
2 
1 2051851241  
5 
5 
6 
3 
3 
6 
2 
4 
5 
6 
5 
4 
5 
5 
6 
6 
5 
3 
1 488366898  
2 
5 
4 
2 
3 
4 
6 
4 
6 
2 
3 
3 
5 
6 
6 
3 
6 
6 
2 
2 
6 
6 
1 1099680903  
3 
4 
3 
5 
3 
6 
4 
4 
1 1131243874  
5 
5 
3 
2 
5 
3 
5 
5 
1 1138518045  
3 
3 
6 
1 956541329  
6 
2 
6 
2 
1 589654485  
4 
5 
5 
6 
3 
1 1256537600  
1 1872090981  
1 1504179612  
6 
2 
2 
6 
3 
2 
3 
4 
4 
1 1627540612  
6 
5 
4 
3 
2 
1 1160250086  
1 765158531  
2 
5 
5 
6 
2 
1 411120443  
2 
2 
5 
6 
4 
2 
3 
2 
2 
1 164624068  
1 200868575  
2 
6 
2 
4 
4 
5 
3 
1 21460975  
6 
4 
3 
3 
2 
1 397531932  
1 2080961022  
3 
4 
6 
1 322124111  
2 
5 
5 
2 
5 
6 
6 
5 
4 
3 
1 1080998542  
4 
6 
5 
4 
6 
5 
2 
6 
6 
6 
2 
6 
1 180722004  
2 
1 354529121  
5 
4 
1 896045735  
4 
4 
2 
2 
5 
1 777688107  
4 
3 
6 
5 
4 
3 
6 
6 
4 
5 
3 
1 1101741625  
4 
5 
4 
3 
4 
4 
6 
1 291468661  
1 2007371935  
1 1684251320  
3 
3 
6 
4 
4 
6 
5 
5 
3 
6 
1 72516516  
6 
1 583666458  
1 1588618913  
6 
4 
6 
3 
4 
3 
6 
4 
5 
3 
5 
4 
5 
6 
4 
6 
3 
6 
5 
2 
2 
1 560883414  
4 
3 
1 1683347362  
5 
2 
4 
4 
4 
1 572379139  
1 1699401459  
2 
3 
1 492405043  
4 
2 
4 
3 
1 1162033624  
6 
1 808455411  
2 
3 
4 
4 
2 
4 
3 
4 
6 
4 
5 
4 
2 
2 
1 217012376  
4 
5 
4 
6 
2 
2 
4 
4 
3 
4 
3 
3 
3 
1 518729589  
1 288512375  
4 
3 
3 
5 
4 
5 
1 1377262462  
5 
5 
4 
1 1283888120  
6 
3 
5 
1 699632818  
5 
6 
1 1541886530  
2 
5 
5 
2 
4 
5 
2 
3 
1 1484756696  
4 
4 
6 
3 
2 
6 
2 
5 
6 
5 
2 
4 
6 
3 
3 
4 
6 
2 
1 721093794  
3 
3 
6 
1 1939418462  
1 1418234070  
6 
5 
6 
4 
5 
1 1043217905  
3 
2 
4 
6 
4 
2 
6 
4 
5 
6 
2 
1 872933357  
3 
4 
6 
4 
4 
5 
4 
2 
2 
1 1598956074  
2 
5 
6 
6 
1 1397747026  
6 
2 
1 1768979092  
1 229160533  
4 
4 
3 
1 352005003  
1 2060447753  
1 89048820  
1 2036256323  
3 
3 
4 
2 
5 
4 
2 
4 
1 2132964269  
2 
2 
6 
1 672715279  
1 1477391589  
5 
1 546364035  
5 
4 
1 208578993  
2 
1 2049770728  
3 
4 
2 
4 
5 
2 
2 
6 
1 98281846  
5 
5 
6 
2 
5 
2 
3 
4 
6 
3 
5 
5 
6 
1 700984036  
2 
5 
5 
5 
5 
4 
3 
3 
2 
1 1064320705  
5 
2 
3 
5 
2 
4 
4 
1 906737257  
1 917996412  
6 
4 
5 
5 
5 
2 
5 
3 
6 
2 
2 
5 
4 
3 
2 
4 
5 
3 
6 
2 
3 
2 
4 
3 
6 
3 
2 
6 
1 1583050294  
6 
2 
5 
4 
5 
1 1195249632  
3 
6 
1 147775226  
1 719454766  
2 
6 
3 
5 
6 
4 
5 
4 
2 
3 
3 
6 
4 
5 
1 1894882451  
5 
1 1689661756  
6 
1 56727814  
5 
6 
5 
3 
6 
4 
6 
4 
5 
4 
4 
2 
4 
2 
4 
4 
6 
1 468492597  
3 
2 
6 
4 
5 
3 
1 1481596571  
3 
1 1474961884  
1 1511710502  
5 
5 
4 
5 
5 
2 
3 
3 
1 207046280  
5 
6 
5 
4 
5 
2 
6 
3 
5 
5 
5 
6 
6 
6 
1 926434311  
1 761973881  
2 
1 1976025372  
6 
3 
3 
5 
2 
1 1155594844  
6 
1 1113978884  
2 
2 
3 
5 
4 
2 
4 
4 
3 
5 
3 
4 
5 
2 
3 
5 
5 
3 
2 
1 1888989477  
5 
5 
5 
4 
6 
1 1244643665  
1 1002751560  
1 1874470099  
2 
3 
6 
5 
5 
3 
4 
4 
6 
6 
5 
2 
2 
3 
6 
5 
6 
5 
2 
6 
4 
2 
1 1917358944  
2 
2 
2 
5 
4 
1 332659501  
3 
6 
4 
2 
2 
6 
4 
4 
3 
1 273350486  
6 
2 
1 2125937937  
4 
6 
2 
3 
5 
2 
1 234946581  
5 
3 
6 
3 
2 
4 
1 371632333  
3 
3 
1 679438325  
2 
2 
4 
1 1299267286  
4 
2 
5 
4 
5 
2 
3 
2 
2 
2 
2 
6 
1 1278369590  
1 1597434737  
6 
2 
3 
2 
6 
4 
2 
1 734833932  
1 326135575  
2 
4 
6 
6 
1 1745209963  
5 
5 
2 
3 
3 
3 
4 
1 1454288699  
4 
5 
5 
6 
1 73534378  
3 
4 
2 
1 1287388071  
5 
2 
3 
4 
2 
1 1511016513  
4 
3 
2 
2 
6 
2 
5 
2 
5 
1 542026975  
3 
2 
5 
2 
2 
2 
3 
6 
4 
4 
3 
6 
4 
1 621500994  
6 
1 838494750  
4 
1 2053737477  
6 
5 
6 
4 
4 
2 
5 
6 
6 
3 
6 
3 
3 
2 
2 
5 
5 
5 
5 
3 
2 
2 
4 
6 
6 
5 
5 
5 
5 
5 
1 828547274  
5 
2 
1 1764929061  
5 
3 
2 
3 
3 
2 
4 
4 
1 668227710  
1 657088998  
4 
4 
5 
2 
1 773040257  
1 1782206595  
2 
5 
2 
3 
3 
4 
3 
1 398594828  
3 
4 
1 2017683922  
4 
6 
6 
2 
5 
3 
5 
3 
6 
3 
5 
4 
4 
6 
3 
3 
4 
1 637474507  
1 125581279  
3 
1 1787559218  
4 
3 
6 
6 
6 
4 
3 
4 
1 970134008  
2 
6 
4 
3 
5 
4 
2 
1 398931765  
6 
6 
5 
1 1766013507  
5 
6 
4 
5 
4 
4 
2 
5 
3 
3 
1 1205080589  
2 
2 
5 
1 770564098  
4 
3 
5 
2 
3 
3 
4 
5 
6 
2 
1 297968184  
3 
4 
2 
3 
1 356864228  
2 
6 
4 
6 
5 
4 
1 2048933689  
2 
6 
5 
3 
5 
3 
1 1895402921  
2 
6 
2 
6 
4 
1 1091698160  
6 
3 
5 
6 
3 
6 
2 
5 
5 
6 
4 
3 
1 227585616  
6 
6 
5 
4 
5 
1 1493129236  
6 
3 
6 
6 
2 
6 
3 
5 
3 
6 
6 
1 398503211  
3 
1 301119994  
5 
4 
3 
1 633033660  
6 
5 
3 
2 
1 1909519725  
4 
1 843146969  
5 
4 
2 
5 
3 
4 
2 
4 
3 
6 
1 1254534654  
3 
5 
4 
4 
4 
2 
1 600530827  
1 749400798  
5 
3 
6 
4 
5 
2 
3 
1 2083081929  
6 
2 
1 217976240  
4 
5 
4 
1 1417628509  
4 
4 
3 
1 592687279  
6 
2 
2 
3 
1 991016497  
4 
2 
4 
1 1052351456  
4 
5 
1 991282107  
3 
6 
5 
3 
4 
1 861216772  
3 
2 
4 
4 
6 
2 
2 
5 
2 
6 
3 
4 
2 
3 
4 
1 1689825963  
1 1116863386  
5 
2 
4 
3 
6 
3 
2 
5 
5 
2 
3 
6 
2 
3 
3 
5 
6 
5 
1 501292342  
3 
6 
3 
5 
5 
1 512476323  
4 
4 
6 
6 
6 
1 1515795152  
5 
1 119822202  
1 1717556912  
3 
6 
5 
4 
1 138875602  
6 
4 
6 
6 
4 
5 
6 
5 
2 
4 
2 
2 
3 
3 
4 
6 
4 
2 
2 
6 
2 
3 
4 
1 417790386  
1 2074421140  
3 
6 
3 
4 
6 
1 40325643  
6 
3 
3 
3 
6 
2 
5 
2 
3 
2 
6 
4 
3 
5 
2 
2 
2 
5 
4 
5 
2 
2 
3 
3 
5 
5 
2 
5 
3 
5 
1 165709660  
2 
5 
3 
2 
6 
4 
3 
4 
3 
3 
6 
4 
3 
2 
3 
6 
6 
2 
1 1018635653  
6 
3 
3 
5 
2 
6 
3 
2 
2 
2 
2 
5 
3 
2 
6 
3 
6 
3 
5 
6 
4 
3 
3 
4 
4 
2 
3 
6 
6 
1 267911259  
6 
6 
3 
2 
6 
1 1658838896  
4 
1 1417138864  
4 
1 569031253  
1 144388908  
5 
6 
2 
6 
6 
2 
1 1179174941  
6 
2 
3 
5 
6 
5 
3 
1 1412178222  
3 
3 
6 
6 
2 
5 
3 
5 
3 
5 
1 1398923563  
1 1779705768  
6 
4 
6 
3 
5 
4 
2 
4 
6 
5 
3 
4 
3 
5 
4 
1 14095373  
3 
4 
4 
1 1334521844  
3 
4 
5 
6 
6 
2 
5 
1 1997682008  
6 
2 
1 1431723882  
6 
5 
3 
1 1927209123  
2 
4 
1 841214858  
6 
3 
4 
6 
6 
6 
4 
5 
6 
1 336591690  
6 
1 771007583  
3 
3 
5 
4 
6 
6 
3 
5 
3 
1 1702431630  
6 
1 2026417653  
1 1887870969  
3 
2 
3 
4 
2 
6 
4 
2 
6 
3 
3 
3 
6 
5 
4 
1 56240324  
4 
4 
5 
6 
6 
1 391410328  
5 
4 
2 
1 1256182473  
6 
6 
4 
6 
6 
3 
6 
6 
3 
5 
4 
3 
2 
6 
2 
1 176062526  
2 
5 
5 
3 
6 
2 
5 
5 
4 
4 
3 
6 
5 
2 
5 
1 2108967240  
3 
1 1395058076  
6 
4 
3 
2 
3 
4 
3 
3 
1 593852913  
5 
4 
5 
4 
1 2035904733  
2 
1 1435383719  
2 
1 759562573  
6 
6 
6 
1 907056738  
4 
2 
6 
2 
2 
1 1703294979  
2 
3 
4 
3 
2 
3 
3 
4 
2 
3 
3 
4 
6 
2 
6 
5 
6 
5 
2 
1 270917821  
3 
6 
1 176711954  
2 
3 
4 
4 
3 
2 
5 
6 
1 124842584  
5 
1 415306730  
6 
6 
2 
6 
6 
4 
3 
2 
5 
2 
4 
3 
4 
2 
2 
3 
6 
3 
2 
2 
1 1355886896  
1 1537020807  
4 
4 
3 
6 
4 
1 1814230293  
3 
1 988109016  
5 
1 1551116180  
3 
6 
5 
1 1001268489  
6 
4 
1 838307377  
2 
5 
3 
1 835356414  
6 
2 
3 
6 
5 
2 
2 
4 
6 
6 
6 
1 780993964  
2 
2 
2 
4 
6 
2 
5 
5 
6 
5 
1 1679522235  
2 
6 
1 1171948104  
5 
5 
1 1552001547  
5 
1 1234470217  
1 1050882109  
2 
3 
5 
4 
2 
3 
5 
4 
2 
1 1292388869  
2 
1 1290710541  
2 
2 
2 
3 
4 
5 
5 
5 
5 
6 
3 
5 
2 
6 
5 
5 
1 1442292437  
3 
3 
4 
1 401087694  
2 
4 
6 
4 
3 
2 
1 1466773068  
5 
6 
2 
6 
6 
3 
4 
2 
3 
5 
3 
4 
3 
4 
2 
1 1403776029  
5 
1 1796145770  
4 
1 2060625981  
1 1292197114  
2 
3 
1 1084045842  
2 
5 
5 
1 672704906  
4 
5 
4 
3 
3 
6 
2 
1 51770204  
6 
2 
3 
4 
6 
6 
3 
4 
4 
1 639857173  
4 
2 
5 
4 
5 
5 
2 
3 
2 
1 943622727  
3 
2 
2 
4 
1 228482159  
2 
3 
2 
4 
6 
6 
1 764699757  
4 
1 1358929457  
5 
5 
4 
4 
5 
2 
2 
3 
5 
5 
2 
4 
5 
1 1584369055  
4 
4 
4 
5 
1 154236916  
5 
6 
1 1025676102  
6 
2 
1 424994423  
5 
5 
2 
3 
4 
1 1705353096  
2 
6 
1 2026944591  
1 1263301800  
4 
2 
5 
1 393225862  
2 
5 
2 
5 
5 
6 
2 
1 660454908  
4 
6 
3 
6 
4 
5 
3 
5 
4 
1 795340387  
5 
5 
3 
6 
3 
3 
3 
6 
2 
1 1565173966  
4 
5 
5 
5 
5 
2 
2 
3 
3 
6 
5 
2 
4 
1 64972807  
4 
5 
4 
6 
6 
4 
3 
1 2029810604  
1 468572427  
1 1357361676  
1 1173037498  
3 
6 
3 
1 1910864864  
2 
2 
2 
5 
2 
2 
2 
2 
6 
6 
6 
3 
1 1758449371  
5 
5 
5 
2 
3 
2 
5 
2 
4 
2 
4 
5 
1 492326918  
3 
3 
6 
4 
1 1167157246  
3 
3 
2 
1 1407111493  
5 
1 405469251  
5 
5 
2 
1 311870712  
3 
2 
2 
1 343673687  
1 1078174157  
4 
3 
6 
1 363640917  
2 
3 
5 
3 
1 983530860  
1 2021796884  
1 592123076  
4 
2 
4 
4 
6 
4 
2 
2 
1 1748230618  
6 
3 
3 
2 
5 
6 
2 
4 
4 
4 
5 
3 
6 
6 
2 
4 
5 
6 
1 1233242694  
6 
4 
3 
6 
1 29008483  
6 
4 
6 
4 
2 
2 
2 
1 1902467534  
5 
4 
3 
4 
2 
6 
3 
4 
2 
4 
2 
2 
4 
5 
3 
4 
1 111435148  
5 
1 454002906  
4 
6 
2 
5 
5 
6 
4 
6 
5 
3 
2 
5 
6 
1 1460336983  
5 
4 
4 
5 
6 
6 
2 
6 
5 
4 
6 
4 
1 2138379740  
6 
1 1717304707  
4 
6 
1 1853562845  
2 
3 
2 
1 651351000  
5 
1 365161446  
3 
2 
6 
6 
1 1271253164  
3 
2 
2 
4 
2 
3 
2 
2 
6 
3 
5 
5 
1 716323807  
3 
1 247488403  
5 
4 
4 
2 
3 
1 1739825591  
6 
4 
3 
3 
1 2073685484  
1 1420525901  
3 
3 
6 
4 
3 
5 
5 
1 1503206808  
3 
3 
1 1684651207  
4 
5 
1 1912852819  
6 
3 
2 
5 
4 
6 
1 522880406  
5 
3 
5 
4 
1 944279052  
6 
3 
3 
6 
1 170838422  
5 
6 
2 
4 
3 
3 
2 
3 
3 
2 
4 
3 
3 
6 
4 
3 
5 
1 834751118  
6 
4 
4 
2 
5 
1 1287952740  
3 
4 
4 
3 
6 
4 
5 
5 
6 
6 
5 
1 1249012579  
4 
6 
1 1198392035  
4 
3 
1 123999952  
3 
5 
5 
4 
4 
3 
1 1123325815  
4 
4 
2 
5 
2 
4 
6 
6 
1 1790515111  
1 1872230570  
1 209084861  
4 
1 1819523594  
1 1627214457  
5 
4 
3 
5 
2 
5 
6 
1 320520010  
4 
3 
1 126042853  
3 
4 
6 
2 
6 
4 
2 
5 
1 940067792  
3 
3 
5 
3 
5 
5 
1 311416102  
1 1843347560  
3 
5 
5 
6 
2 
2 
4 
1 646146989  
4 
3 
3 
3 
1 962767102  
3 
2 
3 
4 
5 
6 
3 
6 
3 
4 
1 61025358  
2 
6 
1 1917400153  
6 
4 
4 
5 
1 1679090909  
4 
3 
2 
2 
5 
1 308513761  
5 
5 
1 1509742097  
3 
1 1605292745  
4 
1 1729039662  
4 
6 
3 
6 
3 
6 
3 
6 
5 
6 
4 
5 
3 
3 
4 
1 865465257  
6 
3 
3 
2 
1 1142460304  
6 
5 
1 1494408833  
3 
1 1388345663  
3 
2 
5 
3 
5 
6 
6 
5 
5 
6 
3 
5 
5 
4 
1 2086739357  
5 
6 
4 
2 
2 
4 
1 1665247255  
2 
4 
6 
1 75613133  
3 
6 
5 
3 
6 
5 
2 
5 
2 
6 
6 
2 
3 
1 1227208449  
4 
3 
2 
2 
3 
4 
3 
4 
2 
1 766776186  
6 
6 
4 
4 
5 
6 
6 
4 
1 1274005169  
1 1351208401  
1 1890102002  
3 
6 
6 
5 
3 
4 
5 
1 917036632  
4 
5 
5 
3 
4 
3 
4 
4 
2 
6 
1 1075955324  
4 
1 2099186863  
6 
2 
6 
2 
4 
6 
5 
6 
3 
3 
3 
1 589076579  
3 
3 
6 
6 
3 
1 555686133  
2 
6 
6 
6 
2 
3 
5 
3 
3 
6 
3 
3 
5 
2 
2 
1 272223225  
5 
2 
5 
2 
4 
3 
4 
3 
2 
2 
3 
2 
3 
4 
3 
5 
5 
6 
4 
6 
1 715119432  
1 1495753925  
4 
6 
1 583639327  
3 
2 
3 
6 
6 
2 
2 
2 
5 
2 
3 
1 410983344  
1 2141900914  
2 
4 
4 
2 
5 
5 
6 
5 
4 
3 
5 
4 
5 
1 1546406429  
3 
2 
3 
4 
2 
5 
3 
5 
3 
1 472008702  
1 1911817420  
2 
3 
3 
1 1078013691  
5 
4 
3 
1 780522464  
2 
4 
5 
2 
5 
6 
1 1274075869  
2 
1 535822788  
2 
1 362078478  
4 
1 2139541126  
4 
6 
6 
6 
1 1678283093  
5 
2 
4 
1 1856487312  
3 
3 
5 
2 
2 
2 
2 
6 
6 
2 
6 
5 
3 
4 
5 
5 
6 
5 
4 
6 
6 
5 
3 
4 
4 
6 
3 
3 
3 
2 
2 
5 
2 
2 
4 
6 
5 
1 1380403141  
4 
5 
3 
4 
4 
6 
2 
6 
2 
3 
5 
5 
2 
2 
3 
1 1617538802  
3 
3 
6 
4 
4 
5 
6 
5 
2 
4 
4 
2 
5 
3 
5 
1 1374250919  
3 
3 
3 
4 
3 
3 
4 
6 
6 
2 
3 
6 
5 
6 
4 
3 
2 
6 
6 
6 
1 1456016274  
3 
1 697263603  
6 
6 
4 
5 
3 
5 
4 
6 
5 
6 
1 2141027106  
1 582537795  
6 
6 
1 2048472004  
5 
1 1883645460  
5 
3 
6 
6 
1 1499574428  
5 
6 
5 
1 976943680  
1 1835348675  
2 
5 
3 
2 
2 
1 2088651007  
2 
3 
6 
1 1532629813  
1 2107571901  
6 
2 
2 
4 
5 
4 
5 
6 
6 
5 
4 
3 
3 
3 
1 656286791  
3 
1 880900090  
1 543727580  
1 1067270135  
1 875317357  
5 
6 
1 2090134010  
5 
6 
4 
1 1539278837  
6 
6 
1 639651129  
5 
1 1020664053  
3 
2 
6 
5 
3 
1 172317653  
1 1913726998  
3 
4 
1 1556486841  
5 
2 
6 
6 
4 
5 
5 
4 
6 
5 
6 
6 
5 
2 
6 
4 
2 
3 
5 
2 
4 
6 
2 
4 
6 
6 
1 534396132  
2 
2 
6 
3 
1 1905784476  
4 
2 
6 
3 
4 
4 
1 1087286286  
4 
5 
5 
6 
5 
4 
2 
5 
2 
4 
3 
1 243399796  
6 
3 
1 1138703969  
5 
4 
5 
3 
2 
5 
6 
5 
5 
3 
5 
5 
4 
6 
4 
2 
5 
3 
3 
4 
3 
6 
2 
3 
2 
3 
4 
5 
2 
4 
6 
5 
5 
2 
1 557341440  
4 
3 
1 1617650715  
1 447236595  
4 
1 1254605043  
1 1611194173  
5 
3 
4 
6 
6 
6 
6 
6 
1 1029774391  
3 
6 
5 
5 
5 
5 
2 
6 
1 1155593400  
1 1347355985  
5 
3 
1 381865171  
3 
2 
3 
2 
6 
4 
2 
1 2132537080  
6 
2 
3 
5 
6 
2 
1 1035221013  
1 323032530  
5 
5 
4 
5 
6 
6 
5 
1 1517683246  
6 
5 
5 
6 
5 
6 
3 
3 
2 
3 
2 
5 
2 
4 
6 
2 
5 
5 
4 
1 995309266  
2 
6 
6 
1 979319321  
3 
4 
1 251099688  
2 
2 
5 
4 
6 
3 
6 
4 
4 
4 
4 
3 
5 
5 
3 
3 
4 
1 1539036846  
1 2046589456  
1 1126417045  
1 1481687208  
3 
3 
2 
4 
5 
5 
2 
3 
1 1438384645  
5 
3 
1 1766068174  
6 
2 
1 354867613  
5 
2 
4 
3 
3 
2 
1 1610702299  
1 1532311524  
6 
5 
5 
1 1911354455  
4 
3 
2 
3 
3 
6 
4 
2 
1 2145098431  
1 1290612352  
2 
2 
5 
2 
2 
2 
5 
6 
1 851157093  
3 
3 
4 
1 241014579  
4 
1 281832673  
1 1408498534  
6 
1 1858665294  
5 
1 729069269  
1 515619929  
2 
2 
6 
2 
5 
6 
2 
2 
3 
6 
5 
3 
2 
6 
4 
2 
4 
3 
3 
4 
2 
4 
2 
4 
3 
2 
3 
2 
4 
1 1322375820  
4 
6 
6 
4 
5 
4 
3 
2 
1 1758843660  
5 
3 
4 
4 
2 
1 1671213329  
3 
1 522248157  
2 
5 
6 
5 
5 
1 2140708831  
4 
6 
6 
6 
5 
6 
5 
4 
2 
2 
6 
6 
2 
4 
5 
1 1656266762  
4 
3 
2 
6 
2 
3 
2 
3 
6 
4 
2 
1 1557469170  
3 
1 316257713  
6 
6 
5 
3 
4 
3 
3 
2 
1 1026466360  
6 
3 
5 
4 
2 
3 
3 
5 
1 405294788  
4 
6 
6 
1 1295577034  
3 
2 
5 
3 
6 
2 
3 
6 
3 
4 
6 
4 
5 
1 1277566048  
2 
2 
2 
1 1944331635  
6 
2 
1 1194682842  
1 256499446  
4 
3 
6 
6 
6 
6 
6 
5 
3 
3 
5 
5 
5 
5 
2 
2 
4 
5 
2 
4 
1 1278535195  
5 
6 
6 
2 
2 
3 
5 
1 485583839  
4 
5 
3 
4 
4 
3 
4 
1 2022567620  
2 
1 1633402809  
5 
2 
3 
3 
2 
4 
5 
6 
6 
4 
2 
6 
3 
2 
3 
6 
3 
4 
6 
4 
4 
2 
1 2096286138  
1 1407395497  
3 
2 
5 
4 
5 
5 
6 
5 
4 
5 
2 
2 
6 
5 
4 
3 
3 
3 
5 
4 
1 1397273616  
5 
4 
6 
5 
6 
5 
2 
6 
4 
5 
3 
3 
5 
5 
4 
6 
1 2093900921  
4 
5 
1 550524201  
2 
4 
5 
4 
5 
4 
5 
5 
6 
5 
3 
3 
4 
1 100947061  
1 187431852  
4 
5 
5 
3 
3 
3 
1 832356875  
1 1509445595  
3 
1 2046097147  
4 
2 
1 1561426144  
4 
4 
5 
4 
3 
1 2025065525  
6 
1 1220989319  
1 1172786156  
5 
3 
1 1548795206  
5 
6 
5 
6 
5 
2 
5 
3 
3 
5 
6 
6 
3 
4 
6 
5 
2 
2 
3 
5 
2 
2 
6 
3 
6 
2 
5 
6 
4 
4 
3 
6 
4 
1 1743237476  
1 1166011339  
3 
3 
5 
1 1057578320  
5 
3 
4 
4 
6 
5 
3 
6 
1 1153222999  
1 1482269052  
4 
6 
3 
2 
6 
1 2084044680  
6 
1 1558517787  
5 
2 
1 630362438  
2 
5 
1 1214127081  
3 
5 
4 
6 
5 
3 
4 
1 1355365774  
6 
3 
5 
3 
4 
4 
6 
2 
6 
5 
3 
2 
1 1825045280  
6 
2 
4 
2 
5 
4 
5 
5 
1 1470626527  
4 
2 
2 
1 486417322  
3 
1 163145471  
2 
4 
2 
2 
5 
5 
6 
6 
1 1345710499  
1 2119820131  
3 
5 
2 
2 
1 111947962  
2 
2 
3 
6 
2 
4 
3 
5 
3 
2 
5 
1 605622348  
4 
4 
6 
5 
6 
6 
4 
5 
5 
6 
3 
5 
6 
6 
3 
3 
5 
4 
4 
4 
4 
4 
1 1369610099  
1 58365235  
6 
2 
5 
1 1156146550  
2 
6 
3 
5 
1 1470557160  
3 
6 
5 
3 
1 245797088  
5 
1 1988503425  
3 
1 832519108  
4 
3 
2 
2 
6 
2 
5 
2 
1 144410587  
4 
1 1402445921  
3 
3 
5 
5 
6 
6 
4 
3 
4 
6 
1 710100985  
1 1365399906  
6 
6 
6 
3 
3 
1 427748429  
1 111412543  
1 961153734  
2 
1 1593759768  
4 
1 1168990864  
3 
2 
4 
1 2114376733  
2 
5 
3 
5 
3 
5 
5 
2 
2 
5 
3 
3 
2 
2 
5 
2 
1 928545172  
4 
5 
5 
2 
3 
4 
3 
1 1105551896  
3 
5 
5 
1 1525410873  
4 
2 
4 
2 
3 
3 
4 
3 
4 
3 
2 
1 1558907610  
1 172195329  
4 
6 
3 
3 
1 733292999  
3 
6 
6 
4 
3 
1 1236469242  
2 
2 
5 
3 
4 
1 1642821856  
2 
2 
6 
5 
4 
3 
4 
5 
5 
5 
4 
5 
4 
6 
1 1219710321  
5 
4 
1 1399614713  
5 
5 
4 
4 
3 
2 
2 
4 
4 
5 
1 841048708  
2 
1 1192046804  
3 
3 
4 
5 
2 
2 
3 
1 1511562675  
1 1446671056  
2 
6 
3 
5 
6 
5 
5 
6 
5 
4 
6 
1 414173255  
5 
3 
6 
1 1569927911  
3 
5 
1 455333958  
6 
1 1884730416  
2 
5 
1 1815724999  
1 296353735  
2 
5 
3 
3 
4 
3 
2 
3 
2 
1 569765876  
4 
3 
5 
6 
5 
1 1960135586  
5 
6 
4 
4 
5 
1 1698799656  
3 
6 
4 
5 
3 
3 
2 
6 
6 
3 
1 1279866861  
1 1178051844  
2 
1 2126548085  
2 
5 
1 1391279404  
2 
5 
2 
4 
4 
6 
3 
4 
4 
6 
6 
3 
3 
3 
6 
3 
5 
3 
1 2139205578  
3 
4 
2 
3 
3 
4 
4 
4 
6 
3 
6 
6 
1 1572824205  
1 412786620  
5 
3 
1 2106098664  
5 
1 353885729  
1 1518338517  
5 
2 
3 
6 
5 
2 
6 
4 
1 1484025889  
3 
3 
4 
1 1912793339  
5 
3 
5 
2 
2 
3 
4 
2 
4 
2 
6 
6 
6 
1 1690533846  
1 69835240  
6 
1 1001778933  
5 
4 
5 
5 
6 
6 
4 
3 
6 
1 1185872055  
1 1289545562  
2 
4 
6 
4 
4 
3 
6 
1 253909999  
2 
4 
6 
6 
4 
5 
3 
4 
1 2026920763  
1 334108718  
2 
2 
4 
3 
6 
5 
3 
2 
2 
6 
1 1765472674  
6 
1 1326108171  
4 
2 
2 
6 
2 
6 
3 
5 
2 
6 
4 
1 748281974  
2 
3 
1 1187916937  
4 
6 
1 1781442130  
1 485528742  
6 
5 
6 
6 
6 
4 
1 856158288  
1 2077795865  
1 1055294618  
4 
3 
2 
6 
5 
6 
3 
2 
2 
3 
3 
4 
2 
4 
2 
5 
5 
6 
6 
5 
6 
4 
1 668810226  
6 
3 
2 
5 
2 
5 
1 1629111874  
3 
6 
4 
5 
1 187677831  
2 
2 
3 
4 
3 
1 1846862070  
1 1608176311  
4 
6 
5 
1 1578957235  
3 
5 
5 
3 
4 
4 
5 
4 
1 1838584001  
4 
1 1033516869  
1 1991743856  
1 1797199017  
3 
4 
1 1387402598  
4 
2 
4 
2 
3 
6 
2 
3 
4 
1 1362598725  
3 
4 
3 
3 
3 
5 
1 1133741258  
5 
5 
1 1152712290  
3 
4 
5 
5 
1 905648923  
1 1203576498  
5 
4 
3 
1 7007575  
3 
1 2091520978  
6 
3 
4 
5 
5 
1 345638412  
6 
5 
2 
5 
3 
6 
5 
4 
4 
4 
5 
5 
1 260917574  
6 
6 
5 
5 
1 1970958093  
4 
1 679747131  
1 2026390249  
6 
2 
5 
6 
6 
2 
6 
6 
6 
5 
4 
1 1149582617  
2 
5 
1 1428029105  
2 
4 
1 1066823538  
3 
3 
4 
1 783541099  
3 
1 1913557847  
5 
2 
5 
4 
1 1922981827  
3 
2 
2 
3 
5 
2 
6 
2 
1 713853316  
3 
3 
6 
5 
3 
6 
4 
1 821368817  
4 
2 
2 
1 444308405  
5 
1 195481542  
4 
4 
2 
2 
1 1009046648  
3 
1 143686828  
2 
3 
4 
2 
2 
1 1803657854  
5 
4 
3 
5 
4 
3 
6 
3 
2 
4 
2 
2 
1 440520235  
6 
3 
3 
3 
6 
4 
3 
4 
1 1982270829  
4 
5 
6 
3 
4 
6 
4 
2 
2 
3 
4 
3 
4 
4 
3 
3 
6 
4 
5 
4 
1 689691075  
4 
2 
3 
3 
6 
6 
1 284780443  
3 
2 
5 
5 
5 
1 1631986198  
4 
1 2077093673  
1 1647379168  
3 
2 
2 
3 
3 
3 
6 
3 
6 
5 
3 
5 
6 
3 
2 
6 
3 
6 
3 
2 
3 
6 
6 
4 
3 
6 
5 
2 
4 
1 618243808  
3 
6 
1 1082322315  
2 
2 
4 
3 
5 
5 
4 
2 
1 405544444  
4 
2 
3 
2 
1 1821820306  
2 
5 
1 1089329891  
6 
2 
5 
4 
4 
2 
3 
4 
1 349581774  
5 
3 
1 19975071  
1 1350247465  
2 
5 
5 
5 
4 
6 
2 
5 
1 173056220  
4 
1 699722202  
2 
4 
3 
6 
5 
3 
1 1229154066  
2 
6 
1 1322638837  
1 2127751307  
1 148493957  
3 
2 
3 
6 
2 
6 
5 
6 
3 
2 
2 
6 
2 
5 
6 
5 
3 
1 2106179936  
5 
5 
5 
3 
4 
4 
5 
4 
5 
5 
4 
6 
6 
1 1893825506  
6 
2 
1 2071475784  
5 
5 
5 
5 
3 
2 
2 
3 
3 
1 672549604  
1 567710675  
2 
5 
2 
1 368300541  
1 868031147  
6 
6 
1 1576757323  
5 
5 
3 
1 511987369  
2 
1 524205353  
6 
2 
1 2017277558  
6 
3 
6 
6 
3 
2 
4 
4 
6 
5 
6 
5 
4 
1 346774550  
6 
3 
2 
6 
5 
6 
1 1213896428  
3 
4 
4 
4 
6 
2 
6 
2 
3 
6 
3 
2 
3 
3 
6 
3 
5 
1 154574354  
4 
6 
2 
4 
6 
5 
3 
5 
6 
2 
6 
1 1978760748  
4 
3 
3 
4 
4 
5 
1 1143506453  
4 
2 
6 
3 
6 
1 1801953522  
3 
1 449520908  
2 
5 
4 
6 
4 
1 78345121  
5 
1 60014318  
3 
2 
1 123857567  
4 
5 
2 
3 
1 1167675012  
5 
3 
5 
1 409596093  
4 
1 143832638  
1 370438829  
3 
6 
4 
6 
4 
4 
2 
2 
5 
2 
1 582652313  
2 
4 
2 
3 
4 
4 
6 
5 
4 
3 
3 
6 
4 
2 
2 
2 
3 
4 
6 
4 
3 
3 
6 
2 
5 
3 
1 843554840  
1 1599592896  
6 
6 
5 
5 
6 
5 
1 1905291150  
3 
6 
6 
3 
1 823822499  
4 
6 
3 
2 
2 
1 1748086853  
1 1863987438  
1 570164357  
4 
1 1672078989  
5 
5 
1 389053394  
4 
1 1137875032  
2 
5 
1 2040379530  
5 
1 1257084541  
6 
6 
6 
6 
4 
4 
2 
5 
3 
6 
5 
3 
5 
2 
5 
4 
6 
5 
1 567148707  
2 
3 
1 404883252  
1 1781289894  
5 
4 
1 436942617  
1 751657802  
1 847702674  
5 
2 
4 
2 
4 
5 
4 
5 
5 
3 
4 
2 
4 
5 
2 
3 
4 
5 
3 
6 
2 
4 
6 
3 
5 
1 591516971  
6 
6 
3 
1 582934903  
1 1991209128  
3 
4 
6 
5 
2 
1 245986846  
3 
5 
1 1032455811  
2 
4 
2 
5 
5 
1 2069554249  
1 306001164  
6 
5 
5 
2 
1 1156313378  
4 
3 
6 
5 
4 
3 
2 
1 1089745613  
5 
3 
1 715597257  
6 
3 
2 
6 
4 
3 
4 
1 1300146016  
2 
3 
2 
4 
4 
4 
2 
1 1460184442  
5 
4 
5 
4 
5 
6 
4 
2 
6 
2 
1 1298249570  
5 
4 
1 2143700856  
2 
1 912293690  
3 
2 
2 
5 
4 
4 
2 
5 
2 
2 
5 
2 
2 
3 
6 
2 
2 
1 1056057072  
5 
5 
4 
2 
2 
3 
3 
5 
3 
6 
1 820039707  
1 512896895  
6 
3 
1 772560862  
6 
4 
2 
4 
2 
5 
4 
2 
2 
4 
2 
4 
5 
2 
6 
2 
3 
4 
5 
3 
2 
3 
2 
3 
4 
3 
4 
1 1390204064  
6 
5 
3 
4 
6 
2 
5 
6 
1 37492236  
3 
3 
4 
6 
6 
4 
2 
4 
1 1161614257  
4 
2 
4 
3 
5 
5 
2 
4 
1 380595448  
6 
2 
3 
6 
2 
3 
3 
3 
3 
1 2077871767  
6 
5 
6 
1 271215150  
2 
3 
5 
4 
6 
2 
1 947744155  
4 
6 
6 
1 335271371  
4 
1 2052505045  
2 
1 1384686773  
5 
4 
6 
3 
4 
3 
2 
5 
1 1086929173  
3 
6 
6 
2 
2 
6 
3 
5 
2 
3 
6 
6 
4 
2 
5 
1 752724071  
5 
2 
1 1976203744  
1 1669864076  
3 
1 596449551  
2 
3 
2 
6 
2 
5 
5 
2 
2 
4 
6 
4 
2 
5 
3 
3 
1 74706942  
1 554836240  
2 
6 
2 
3 
3 
2 
6 
6 
6 
6 
3 
1 518520152  
4 
6 
6 
6 
6 
2 
4 
4 
6 
1 380708107  
5 
3 
3 
6 
2 
2 
4 
3 
2 
5 
1 1711149618  
2 
6 
4 
4 
3 
5 
2 
5 
6 
5 
5 
2 
2 
2 
4 
2 
1 1608265765  
6 
2 
3 
2 
2 
5 
1 1096305364  
1 863811987  
5 
4 
6 
3 
1 920966560  
6 
5 
6 
2 
5 
2 
2 
5 
3 
5 
1 247071287  
5 
3 
4 
6 
2 
2 
2 
4 
3 
2 
5 
5 
5 
2 
1 860029195  
4 
5 
1 1833260250  
6 
2 
6 
6 
6 
2 
3 
1 1303128359  
4 
6 
2 
1 1680068903  
3 
5 
6 
3 
6 
5 
6 
4 
3 
4 
4 
3 
3 
2 
1 198673498  
6 
4 
2 
1 2075689222  
2 
6 
4 
5 
1 922789319  
1 236165734  
1 1089819831  
6 
3 
3 
3 
5 
5 
2 
4 
1 1303384768  
3 
5 
2 
6 
5 
2 
1 166553853  
2 
6 
6 
3 
3 
3 
5 
3 
3 
4 
5 
3 
3 
5 
3 
6 
4 
4 
2 
5 
4 
5 
6 
2 
6 
4 
4 
3 
5 
5 
2 
2 
1 1361034981  
2 
5 
4 
2 
3 
5 
3 
2 
2 
6 
6 
3 
6 
5 
4 
5 
1 103645275  
4 
4 
5 
2 
3 
1 501825224  
2 
6 
4 
6 
1 1266056378  
1 1488332048  
6 
5 
5 
6 
4 
5 
4 
1 1588754398  
5 
4 
6 
1 2018780450  
3 
6 
4 
3 
5 
1 1317052145  
3 
1 1111134826  
4 
3 
2 
6 
6 
4 
2 
6 
4 
3 
3 
3 
5 
5 
5 
6 
6 
2 
1 467746353  
6 
5 
3 
5 
4 
5 
1 1391759087  
5 
3 
2 
2 
6 
1 1665971066  
5 
6 
6 
2 
6 
5 
4 
2 
3 
3 
5 
2 
1 986266506  
3 
4 
2 
4 
5 
6 
3 
3 
4 
6 
5 
4 
6 
3 
5 
6 
1 1772467194  
2 
2 
2 
1 1229637037  
3 
5 
4 
4 
1 447048623  
6 
2 
5 
4 
6 
4 
2 
4 
4 
3 
1 721288911  
1 2093449024  
6 
1 1368015183  
5 
4 
3 
6 
4 
1 968360198  
1 805994571  
3 
1 1053791786  
6 
2 
2 
1 124004909  
5 
1 338579826  
6 
5 
3 
5 
2 
6 
5 
3 
4 
5 
1 1252465284  
6 
4 
3 
5 
6 
2 
6 
1 52210483  
5 
2 
6 
4 
3 
2 
6 
5 
6 
2 
3 
3 
5 
4 
5 
4 
4 
4 
4 
2 
4 
5 
6 
4 
4 
4 
4 
4 
1 1261369146  
4 
1 1488631018  
6 
2 
1 1142030314  
1 417270266  
6 
1 1655184872  
1 355581648  
4 
4 
1 520915541  
2 
6 
3 
5 
4 
1 9526448  
6 
2 
4 
5 
6 
1 1621638026  
6 
4 
5 
5 
1 2009247590  
3 
4 
3 
4 
3 
3 
2 
2 
6 
2 
1 1598280846  
1 1492934828  
4 
4 
5 
3 
1 1178816087  
3 
3 
1 561932025  
6 
1 1960681182  
1 423091526  
6 
4 
1 80419443  
2 
4 
4 
6 
3 
6 
3 
6 
6 
5 
5 
3 
4 
4 
3 
2 
5 
3 
2 
6 
6 
5 
1 799464040  
4 
4 
5 
3 
4 
2 
5 
1 48075073  
1 1310056480  
2 
1 1246512663  
2 
4 
3 
3 
5 
5 
3 
1 769363984  
5 
6 
4 
3 
4 
1 1256021856  
5 
2 
5 
4 
2 
4 
1 467044199  
3 
6 
2 
6 
6 
2 
6 
2 
4 
1 1737724182  
3 
6 
1 2062016428  
3 
5 
1 1520835985  
1 1861729091  
2 
1 253112606  
6 
1 625817621  
5 
4 
3 
5 
2 
6 
6 
1 1913939575  
3 
5 
5 
5 
4 
1 1514481752  
1 2114448639  
5 
4 
1 908486241  
3 
1 1931752018  
2 
5 
4 
3 
3 
6 
3 
1 1622149863  
6 
5 
6 
6 
5 
6 
2 
1 1264067889  
4 
2 
1 305183912  
5 
3 
3 
5 
2 
3 
5 
4 
2 
5 
3 
5 
5 
5 
5 
6 
1 1631676312  
4 
2 
2 
1 738222268  
2 
2 
3 
5 
6 
5 
1 166947854  
3 
4 
5 
3 
2 
5 
2 
2 
2 
2 
6 
5 
6 
6 
3 
4 
3 
4 
2 
6 
5 
4 
2 
3 
1 1082473510  
2 
5 
5 
3 
4 
2 
2 
3 
3 
2 
2 
1 83673448  
3 
4 
5 
2 
6 
1 1345763941  
6 
1 1644405535  
4 
5 
6 
1 2044354630  
3 
6 
4 
6 
1 1768855467  
1 1724824979  
5 
5 
1 696335022  
2 
5 
6 
1 1816930540  
2 
3 
4 
3 
5 
4 
1 887397811  
2 
2 
4 
1 1942847686  
3 
4 
2 
3 
4 
1 438810876  
3 
5 
1 2143419668  
1 262408237  
3 
3 
6 
5 
1 29051410  
2 
2 
6 
1 2057952448  
3 
6 
4 
4 
3 
4 
4 
3 
3 
2 
2 
1 1783244222  
6 
4 
5 
2 
5 
1 1890780502  
4 
1 163581406  
6 
4 
4 
2 
6 
3 
6 
1 261578195  
6 
1 1657236429  
4 
3 
5 
3 
4 
4 
6 
2 
1 1678063159  
4 
3 
3 
2 
6 
1 228543186  
5 
6 
6 
5 
1 418239022  
1 1462331529  
4 
4 
6 
1 1850693050  
6 
5 
6 
3 
1 1682306912  
1 1767515441  
5 
2 
1 1334885714  
3 
1 273045532  
5 
6 
6 
4 
4 
3 
6 
4 
1 1934463295  
6 
2 
5 
4 
2 
5 
2 
3 
2 
6 
3 
4 
2 
3 
5 
3 
1 269875576  
2 
4 
3 
5 
2 
2 
6 
5 
3 
2 
3 
1 356718980  
1 1132743588  
1 1914281112  
2 
6 
2 
1 253589963  
2 
3 
5 
3 
4 
6 
6 
2 
2 
5 
5 
6 
5 
3 
3 
3 
4 
4 
2 
2 
5 
6 
3 
1 754115408  
1 1491622443  
1 949924985  
5 
5 
5 
2 
6 
2 
2 
3 
6 
1 423562300  
2 
5 
1 231536606  
5 
3 
4 
5 
3 
1 745289023  
4 
3 
2 
4 
4 
1 862373177  
1 227472626  
1 1007697260  
6 
4 
5 
1 891424587  
5 
4 
5 
2 
1 137941426  
1 643457834  
5 
3 
5 
4 
6 
6 
1 634721441  
4 
4 
2 
3 
5 
6 
2 
5 
5 
6 
4 
1 301522833  
4 
1 905036029  
1 144474222  
1 1979585992  
3 
3 
5 
6 
2 
2 
1 1133579216  
5 
5 
1 562713245  
3 
1 1294433873  
4 
2 
1 836788618  
1 97536509  
4 
4 
4 
1 914465667  
6 
4 
5 
3 
4 
3 
6 
3 
1 24190684  
1 370582041  
6 
2 
2 
1 701445314  
5 
1 294066260  
1 727301021  
2 
1 1834188903  
6 
2 
4 
1 60863724  
3 
5 
1 980890984  
5 
6 
1 440820663  
4 
2 
4 
3 
4 
6 
4 
3 
1 1552486167  
2 
1 1930815970  
3 
5 
1 864382963  
4 
2 
1 1784022774  
1 528621345  
3 
3 
2 
2 
3 
4 
4 
4 
1 1726756140  
4 
6 
6 
3 
6 
2 
2 
6 
3 
1 2011495400  
6 
6 
6 
1 1536318606  
2 
3 
2 
1 470697080  
6 
2 
5 
1 1953179  
5 
2 
3 
3 
3 
6 
1 32292792  
2 
3 
6 
4 
3 
3 
2 
3 
1 1105418521  
3 
5 
5 
4 
4 
5 
1 303476012  
5 
3 
6 
4 
1 937328822  
3 
4 
6 
5 
5 
5 
5 
1 1249892744  
1 135578356  
5 
1 2070908038  
6 
5 
3 
4 
5 
2 
1 1812605989  
2 
6 
5 
2 
5 
6 
1 1430012229  
2 
6 
2 
6 
5 
3 
6 
6 
5 
5 
4 
2 
6 
4 
3 
4 
3 
1 760213008  
1 1910142498  
4 
2 
5 
4 
4 
5 
5 
1 196994248  
6 
4 
6 
4 
6 
3 
5 
1 784403692  
3 
1 133240891  
5 
6 
5 
3 
5 
1 898439563  
4 
3 
4 
5 
3 
6 
1 1078469952  
1 860541912  
1 585144818  
6 
4 
4 
1 1139333677  
3 
6 
3 
6 
2 
1 1841432897  
2 
2 
5 
2 
5 
2 
4 
4 
6 
5 
1 1025965481  
4 
4 
6 
2 
1 544336196  
3 
5 
6 
1 1624765219  
1 1890348444  
5 
6 
3 
4 
6 
4 
3 
5 
4 
6 
4 
4 
6 
6 
3 
4 
4 
6 
5 
4 
3 
4 
2 
5 
2 
3 
3 
3 
2 
6 
2 
6 
6 
5 
3 
5 
1 180875322  
2 
5 
1 5902916  
1 1469620937  
5 
1 44887075  
2 
5 
2 
2 
2 
2 
5 
3 
1 1542221522  
2 
3 
5 
2 
6 
2 
4 
4 
1 1940318017  
6 
6 
3 
2 
2 
5 
1 46840254  
2 
6 
3 
6 
5 
6 
3 
5 
5 
2 
5 
3 
1 1574514315  
3 
6 
2 
4 
5 
5 
1 898252890  
6 
4 
4 
1 350316266  
6 
4 
2 
6 
3 
4 
4 
2 
6 
1 364359489  
3 
5 
6 
5 
4 
2 
4 
6 
2 
4 
3 
1 661986  
1 485894622  
6 
2 
3 
5 
1 287783879  
6 
4 
2 
3 
2 
2 
6 
1 1813267975  
4 
1 1915906851  
6 
6 
1 1047996887  
3 
5 
2 
4 
2 
2 
5 
6 
1 1575926825  
1 2112901100  
1 1832400579  
5 
3 
2 
6 
5 
3 
1 1709167716  
2 
2 
2 
3 
6 
5 
1 863857015  
1 763386883  
1 422225981  
4 
3 
4 
3 
6 
2 
3 
3 
6 
2 
4 
4 
3 
6 
6 
5 
3 
1 1449001833  
6 
6 
5 
4 
3 
3 
3 
4 
5 
2 
1 1902720560  
2 
6 
3 
2 
1 116175230  
1 327483666  
1 299573109  
6 
6 
5 
1 1740940449  
3 
1 70348462  
4 
6 
6 
6 
5 
3 
6 
5 
2 
1 480448431  
3 
6 
5 
6 
2 
3 
1 1746843365  
2 
1 1539969399  
3 
3 
2 
6 
5 
5 
4 
2 
4 
5 
1 525335506  
3 
5 
6 
2 
1 1141581240  
6 
6 
5 
3 
6 
6 
3 
6 
5 
5 
3 
4 
2 
3 
1 1332803768  
1 572175760  
5 
4 
1 568611907  
6 
4 
6 
2 
5 
4 
2 
6 
1 83573011  
2 
1 922492026  
1 932971396  
6 
2 
2 
4 
1 84234997  
1 1408386648  
1 1220755275  
2 
3 
5 
1 1897502973  
4 
4 
3 
3 
1 1176809852  
1 121268514  
1 1325946150  
5 
1 1142227304  
4 
4 
2 
1 1953669093  
3 
2 
5 
3 
6 
5 
1 887630219  
4 
4 
3 
5 
1 2006084319  
6 
6 
3 
4 
4 
6 
3 
4 
2 
5 
1 569572328  
3 
2 
5 
2 
5 
3 
2 
3 
1 1309856200  
4 
5 
2 
2 
5 
3 
3 
6 
6 
4 
5 
3 
6 
3 
1 1307602504  
6 
5 
3 
6 
3 
2 
4 
1 324809241  
5 
5 
1 1426031430  
1 1635086170  
2 
4 
4 
3 
4 
4 
4 
5 
5 
5 
6 
2 
1 624382350  
4 
4 
2 
1 1019488231  
3 
1 1705434632  
5 
2 
2 
2 
3 
4 
3 
1 1104830781  
2 
6 
6 
5 
2 
4 
1 618847948  
3 
3 
2 
4 
4 
3 
6 
2 
3 
3 
4 
5 
1 1097920384  
2 
2 
6 
4 
4 
6 
4 
3 
2 
5 
4 
3 
5 
3 
4 
6 
6 
1 1630166288  
2 
4 
3 
5 
5 
2 
6 
2 
4 
2 
6 
1 1760429188  
2 
2 
4 
3 
3 
3 
2 
5 
3 
1 283240504  
6 
3 
4 
5 
3 
1 54858400  
6 
2 
5 
5 
4 
4 
2 
4 
4 
1 181557447  
5 
6 
6 
2 
2 
2 
1 366813515  
4 
2 
1 977350427  
2 
6 
5 
4 
5 
5 
6 
3 
4 
4 
1 1114528843  
1 451048513  
3 
4 
5 
5 
2 
6 
3 
1 238253427  
1 187800470  
4 
4 
2 
4 
4 
4 
2 
5 
2 
3 
2 
6 
3 
3 
2 
4 
1 201067838  
1 1415063279  
5 
2 
5 
1 309068984  
4 
6 
3 
6 
4 
1 1527013988  
4 
2 
2 
2 
6 
2 
1 409806935  
3 
5 
3 
5 
3 
2 
1 115254429  
3 
4 
6 
6 
1 267160559  
3 
2 
5 
5 
3 
2 
4 
4 
5 
5 
1 268407606  
5 
1 684826758  
1 1577016759  
1 1576010110  
6 
2 
4 
4 
3 
3 
5 
4 
1 1009635999  
6 
6 
6 
6 
1 855564541  
3 
3 
5 
6 
2 
4 
5 
3 
2 
3 
1 1063612632  
2 
5 
6 
1 1634018349  
4 
2 
2 
6 
2 
3 
5 
3 
5 
6 
3 
5 
3 
3 
4 
6 
4 
1 1875052772  
2 
3 
6 
6 
6 
1 621563617  
1 591365482  
3 
1 346417073  
3 
2 
4 
5 
5 
2 
4 
3 
6 
4 
4 
2 
3 
2 
6 
4 
1 1719484001  
5 
3 
2 
5 
5 
2 
2 
3 
1 74048122  
1 2106846261  
3 
1 2002724505  
4 
3 
5 
3 
6 
3 
4 
6 
4 
3 
4 
4 
6 
3 
6 
6 
4 
1 128906523  
2 
6 
3 
3 
4 
3 
2 
2 
2 
6 
1 140920061  
1 222054373  
3 
5 
4 
5 
6 
1 1106256950  
2 
1 1255448904  
4 
4 
2 
4 
5 
1 673102886  
3 
1 1344510377  
3 
5 
3 
5 
2 
3 
5 
2 
3 
3 
4 
1 1443249375  
5 
5 
3 
4 
3 
2 
5 
5 
3 
4 
1 874170724  
4 
6 
6 
6 
4 
1 612090009  
5 
1 1752318359  
6 
1 253701064  
2 
5 
3 
5 
3 
5 
2 
2 
4 
1 1021896944  
1 1867572789  
2 
4 
5 
2 
5 
4 
5 
6 
2 
5 
4 
1 520861624  
5 
1 1290304551  
5 
2 
4 
6 
1 404915899  
2 
6 
3 
5 
5 
6 
2 
6 
6 
4 
2 
4 
3 
1 2097878383  
2 
6 
1 718831013  
4 
1 1414551898  
3 
6 
6 
6 
6 
1 805959277  
2 
6 
3 
2 
4 
3 
2 
4 
5 
2 
4 
2 
1 1782443646  
1 901086599  
3 
3 
6 
1 533528401  
1 256523615  
2 
1 1492452081  
5 
1 879945474  
1 1976007616  
4 
2 
2 
6 
6 
5 
3 
2 
1 1566500204  
4 
1 839308088  
1 1831248473  
6 
4 
2 
1 1695406727  
6 
2 
5 
3 
2 
3 
2 
3 
5 
5 
5 
6 
6 
5 
4 
3 
3 
4 
4 
1 980228149  
1 2053302846  
5 
2 
1 654180029  
2 
5 
1 88193405  
1 578922084  
2 
1 1998690406  
5 
1 1531442780  
1 1453092808  
1 463296767  
3 
2 
2 
6 
4 
6 
5 
5 
2 
2 
1 1136277492  
2 
4 
3 
1 1706793873  
2 
5 
3 
3 
5 
6 
5 
3 
2 
4 
5 
5 
2 
3 
3 
4 
4 
3 
1 1485193712  
3 
6 
4 
5 
4 
4 
1 856366633  
2 
1 80171849  
6 
6 
6 
5 
4 
6 
1 628014615  
4 
5 
3 
4 
1 1261282532  
3 
2 
1 30566584  
3 
1 1346845628  
4 
2 
2 
5 
4 
5 
6 
5 
6 
3 
4 
1 528350782  
2 
5 
6 
6 
1 836525861  
1 981805626  
6 
5 
4 
2 
4 
2 
5 
3 
3 
5 
2 
2 
4 
5 
2 
3 
5 
2 
2 
3 
1 1429437381  
5 
2 
5 
4 
5 
5 
5 
4 
5 
2 
1 1370054263  
4 
5 
3 
1 1238329241  
2 
1 774405814  
3 
4 
3 
4 
3 
1 102516089  
6 
2 
2 
4 
4 
4 
1 1066853209  
3 
3 
6 
3 
3 
3 
3 
5 
3 
4 
4 
5 
5 
2 
5 
4 
5 
1 193422370  
2 
6 
1 941824177  
3 
6 
1 750618035  
3 
4 
6 
4 
2 
6 
4 
6 
6 
3 
3 
2 
2 
1 1888829097  
6 
4 
6 
4 
6 
2 
4 
5 
5 
6 
4 
2 
5 
2 
1 1922052326  
5 
4 
1 656437233  
2 
6 
5 
6 
3 
5 
5 
5 
4 
1 395525478  
6 
6 
3 
6 
2 
2 
4 
4 
4 
1 2010245732  
3 
3 
3 
3 
4 
4 
6 
1 1235359318  
2 
1 246732237  
4 
5 
5 
3 
6 
3 
5 
1 1394204864  
3 
3 
1 540968478  
5 
5 
1 710029004  
1 382998708  
6 
1 100278703  
2 
1 47739068  
5 
3 
3 
5 
5 
6 
6 
6 
1 1239365341  
2 
4 
6 
5 
2 
3 
5 
4 
3 
1 180450552  
2 
6 
6 
3 
3 
3 
4 
3 
3 
3 
2 
3 
5 
5 
3 
6 
2 
3 
2 
2 
6 
2 
2 
5 
1 675753683  
1 353164225  
5 
2 
1 211017137  
3 
5 
2 
1 2022599312  
5 
4 
6 
2 
3 
4 
3 
1 881515007  
1 1047542998  
3 
6 
2 
4 
1 856921290  
2 
4 
5 
1 163468740  
3 
1 270113613  
6 
2 
6 
3 
2 
1 2095250532  
4 
5 
3 
1 937874555  
6 
5 
6 
6 
6 
5 
4 
6 
5 
1 372629703  
5 
5 
2 
2 
6 
3 
1 1014620093  
6 
1 1131296925  
1 1314453880  
3 
1 1765238128  
6 
3 
3 
2 
2 
2 
5 
6 
2 
6 
5 
5 
2 
4 
3 
3 
4 
1 872642375  
6 
4 
1 1089022559  
3 
2 
4 
4 
1 274191714  
3 
4 
3 
3 
1 1268167853  
1 951784643  
2 
5 
5 
2 
4 
3 
4 
1 1509551032  
5 
3 
4 
3 
5 
2 
3 
5 
2 
6 
3 
4 
3 
6 
1 1514900090  
2 
4 
3 
4 
2 
4 
1 198505859  
1 2050519510  
2 
1 77445447  
6 
3 
3 
2 
3 
1 581504568  
3 
1 3314566  
1 125184515  
1 1820869909  
2 
1 183765118  
4 
6 
1 800938199  
3 
2 
1 26550487  
4 
2 
5 
3 
3 
4 
3 
4 
1 394782255  
2 
6 
1 676053863  
2 
6 
4 
6 
4 
1 908065494  
1 1442325254  
2 
3 
5 
1 1532975153  
3 
6 
5 
5 
3 
6 
6 
4 
2 
2 
3 
2 
3 
1 1071534235  
3 
5 
2 
3 
1 1712438867  
5 
4 
5 
4 
1 1480742037  
2 
5 
5 
1 2009408790  
1 2085068570  
6 
1 347878483  
6 
6 
5 
5 
6 
1 993222067  
2 
6 
4 
1 1252038803  
2 
4 
1 2113116611  
2 
3 
1 1865864442  
6 
4 
6 
5 
6 
3 
5 
1 193577714  
4 
4 
5 
5 
3 
6 
6 
5 
3 
6 
1 239824677  
2 
2 
1 986548648  
5 
3 
5 
6 
5 
3 
1 1145362357  
2 
2 
1 1749375709  
2 
4 
1 353965090  
3 
2 
3 
4 
3 
3 
6 
4 
2 
6 
4 
2 
6 
1 1343868216  
1 1652411572  
1 431410537  
1 1925372784  
1 1655726138  
2 
1 556595053  
3 
3 
3 
3 
2 
1 1598759046  
5 
6 
2 
5 
2 
6 
4 
5 
6 
3 
2 
6 
2 
6 
2 
1 1839491256  
4 
2 
4 
6 
6 
2 
2 
1 1357533252  
4 
1 1625309533  
5 
5 
5 
6 
2 
6 
2 
1 86789864  
5 
2 
3 
4 
3 
4 
1 2033587115  
4 
4 
3 
1 385891379  
2 
1 1529115118  
4 
6 
5 
1 1419078620  
1 1457425614  
3 
4 
4 
5 
3 
4 
5 
4 
5 
6 
4 
4 
1 1094070337  
3 
6 
2 
1 752337010  
5 
1 1319350756  
2 
5 
5 
3 
5 
1 1031655260  
3 
4 
3 
5 
1 1100215493  
2 
5 
3 
4 
3 
5 
2 
2 
5 
5 
3 
1 165089176  
2 
5 
1 136210415  
6 
1 1065848456  
4 
1 2030953618  
6 
3 
4 
1 329788129  
3 
2 
2 
5 
1 1305673134  
5 
3 
6 
3 
2 
6 
2 
3 
1 870018618  
1 1475150486  
1 907565195  
6 
6 
1 1223983709  
6 
2 
6 
2 
5 
5 
1 671535054  
3 
4 
1 412493119  
2 
2 
5 
6 
4 
4 
2 
6 
3 
5 
2 
5 
3 
2 
1 1655394246  
5 
6 
2 
5 
4 
4 
5 
1 449424191  
3 
1 2068219257  
5 
5 
3 
2 
5 
3 
1 64505651  
2 
1 2048183237  
4 
4 
3 
1 1760226866  
5 
5 
5 
5 
3 
5 
6 
1 1422038903  
6 
2 
2 
2 
5 
1 1526009122  
3 
5 
2 
5 
4 
2 
1 1847016730  
4 
2 
2 
3 
1 1308142370  
5 
1 1911900501  
4 
1 1228648200  
2 
1 579737343  
5 
3 
2 
4 
4 
6 
5 
2 
6 
4 
3 
1 1221842468  
6 
2 
4 
1 175234889  
1 1332074353  
5 
3 
4 
2 
3 
5 
1 393709576  
4 
2 
2 
6 
5 
1 1206890149  
2 
2 
4 
5 
5 
3 
2 
5 
5 
6 
4 
3 
2 
6 
3 
1 284806198  
3 
3 
4 
3 
4 
6 
5 
2 
2 
1 558798752  
4 
6 
3 
1 1343100564  
5 
2 
4 
1 1350654654  
6 
1 442268723  
5 
5 
6 
5 
1 1672888693  
2 
5 
5 
4 
6 
4 
3 
4 
3 
2 
2 
3 
6 
5 
6 
6 
5 
1 508844140  
3 
5 
5 
5 
3 
2 
6 
6 
3 
6 
3 
3 
5 
1 1312287341  
5 
6 
4 
1 1000555531  
2 
2 
1 1416409336  
4 
6 
2 
4 
4 
6 
1 388787402  
5 
5 
6 
1 1672090586  
2 
2 
2 
3 
2 
5 
6 
5 
6 
5 
1 1828902455  
6 
4 
1 2044181649  
4 
5 
1 2121514777  
4 
1 1749638065  
1 2108687300  
2 
6 
6 
6 
1 2022214366  
5 
5 
5 
3 
4 
3 
1 1362381283  
5 
5 
4 
3 
2 
1 1383242556  
4 
1 1400739840  
4 
1 1061914365  
2 
1 543901278  
2 
4 
1 1165156693  
6 
3 
4 
5 
1 143078917  
5 
4 
5 
1 1123638621  
4 
3 
5 
2 
6 
5 
3 
6 
6 
5 
5 
1 239515513  
4 
4 
1 318313806  
6 
2 
6 
3 
4 
3 
1 308229326  
2 
5 
2 
5 
3 
1 633225090  
1 1525203956  
1 593035524  
1 1192023842  
6 
5 
6 
3 
2 
6 
4 
4 
3 
5 
3 
4 
1 720820872  
4 
1 1943690179  
5 
4 
2 
2 
5 
3 
5 
4 
4 
4 
1 1634292565  
6 
2 
3 
2 
4 
1 246225918  
4 
6 
6 
3 
2 
1 305050671  
4 
5 
5 
4 
1 799096259  
3 
5 
6 
5 
2 
6 
3 
4 
3 
5 
1 1246781449  
4 
2 
5 
6 
1 1721460007  
6 
1 1187883661  
6 
5 
4 
2 
2 
4 
5 
4 
4 
2 
5 
3 
4 
5 
4 
1 771388387  
4 
2 
6 
3 
6 
4 
1 1402878815  
2 
1 1084581662  
3 
2 
1 745419516  
6 
2 
3 
3 
3 
3 
3 
3 
6 
3 
4 
1 1005033232  
2 
4 
6 
4 
1 1045785315  
1 620150234  
3 
1 219930867  
6 
4 
4 
5 
1 281544223  
6 
6 
4 
2 
5 
5 
4 
1 2020890074  
3 
2 
4 
3 
5 
3 
2 
4 
5 
6 
5 
5 
2 
5 
1 1281845232  
1 825445501  
2 
6 
1 1038563120  
6 
5 
1 1424924149  
6 
3 
3 
5 
3 
1 1949084123  
6 
2 
6 
4 
5 
6 
4 
5 
2 
6 
1 1278078633  
1 1743237955  
5 
3 
3 
6 
5 
4 
2 
5 
2 
1 109829801  
2 
3 
3 
5 
2 
4 
3 
5 
3 
2 
5 
6 
2 
3 
4 
4 
2 
5 
3 
4 
3 
1 1911303723  
5 
4 
6 
6 
4 
3 
5 
2 
5 
6 
3 
6 
6 
3 
4 
5 
1 1120958263  
2 
5 
2 
2 
4 
6 
6 
5 
2 
1 702865326  
2 
3 
6 
3 
6 
3 
4 
2 
2 
6 
1 955843918  
6 
5 
3 
1 1841779136  
4 
1 499071857  
3 
4 
1 442652835  
3 
6 
5 
1 2088005054  
1 804122528  
2 
1 1241749094  
3 
3 
4 
1 1187302855  
6 
5 
1 378098888  
1 282149108  
4 
6 
2 
5 
6 
5 
2 
3 
2 
4 
6 
3 
5 
5 
5 
4 
4 
4 
4 
5 
4 
4 
2 
1 1958691243  
2 
5 
5 
5 
3 
5 
2 
3 
6 
3 
5 
4 
4 
5 
1 1780977703  
4 
3 
5 
6 
5 
2 
6 
4 
5 
6 
2 
6 
4 
6 
6 
6 
3 
3 
6 
4 
4 
2 
6 
1 1366730770  
5 
5 
3 
3 
3 
2 
3 
3 
5 
1 556627111  
5 
2 
6 
2 
4 
1 638527287  
6 
4 
2 
4 
1 265032437  
6 
2 
2 
4 
3 
6 
4 
1 1176777346  
5 
3 
4 
2 
1 858458154  
4 
6 
1 546576660  
5 
1 1050183772  
6 
5 
1 2140303386  
2 
1 1372022162  
6 
4 
4 
3 
1 2088746892  
6 
4 
6 
2 
3 
3 
4 
4 
4 
4 
1 1417743887  
1 1173622637  
5 
4 
4 
5 
3 
3 
3 
1 1219341878  
2 
2 
2 
1 1013498194  
2 
1 1283452438  
4 
1 983161953  
4 
2 
1 2134456458  
6 
2 
6 
2 
2 
4 
1 1986317764  
6 
6 
5 
5 
6 
5 
3 
5 
1 1939005871  
4 
3 
4 
3 
3 
6 
4 
1 1828751946  
5 
3 
2 
4 
5 
4 
1 337905973  
4 
4 
6 
3 
5 
4 
3 
4 
3 
4 
3 
6 
6 
1 234175059  
2 
5 
2 
4 
6 
1 1769273352  
6 
3 
2 
4 
4 
1 1142028502  
6 
6 
6 
2 
1 1475924153  
3 
3 
5 
6 
3 
4 
4 
1 809092559  
2 
3 
1 1520127390  
5 
2 
5 
2 
5 
5 
2 
6 
4 
4 
5 
5 
2 
5 
3 
6 
5 
1 1758073261  
6 
4 
2 
5 
3 
5 
4 
6 
3 
5 
2 
1 620300154  
6 
5 
4 
5 
3 
5 
6 
4 
4 
5 
4 
3 
5 
1 1153621445  
3 
1 977320384  
3 
1 1176927266  
5 
6 
3 
3 
3 
6 
5 
2 
5 
6 
1 1792148732  
4 
6 
3 
1 1242352821  
3 
5 
2 
3 
6 
4 
1 206220964  
2 
3 
2 
2 
6 
3 
4 
3 
3 
6 
3 
6 
1 503123238  
5 
5 
6 
1 1788929482  
6 
2 
4 
6 
3 
3 
3 
1 1256404736  
5 
2 
1 495942976  
2 
4 
5 
1 1013467996  
6 
4 
6 
4 
3 
2 
1 1197667981  
3 
6 
2 
2 
2 
3 
6 
3 
3 
1 1913686863  
3 
4 
1 39606985  
2 
5 
3 
6 
6 
3 
2 
2 
5 
4 
3 
3 
1 269526211  
2 
