1 1615198990  
3 
2 
2 
2 
5 
3 
6 
3 
6 
1 2047553095  
1 465582199  
5 
4 
1 742076658  
2 
1 1875440827  
1 1517696559  
6 
6 
6 
2 
5 
3 
3 
2 
6 
6 
2 
1 1218870539  
3 
5 
4 
4 
1 499543414  
3 
3 
4 
2 
1 1600759900  
2 
4 
3 
3 
2 
2 
4 
5 
4 
3 
4 
6 
6 
1 303883758  
1 1239544208  
6 
4 
4 
6 
4 
1 1197550179  
6 
4 
5 
5 
5 
4 
1 2131360077  
2 
6 
2 
3 
5 
5 
3 
3 
2 
4 
4 
6 
1 857209571  
1 481555375  
6 
5 
4 
6 
5 
2 
3 
4 
5 
6 
4 
3 
5 
6 
4 
4 
3 
3 
2 
3 
3 
2 
3 
4 
5 
2 
5 
6 
4 
2 
4 
5 
1 1892471582  
6 
2 
6 
5 
1 620457700  
1 798545956  
1 2052052886  
1 1681501615  
3 
3 
1 2109234250  
1 1265119866  
3 
5 
5 
1 324056472  
3 
5 
5 
3 
5 
5 
6 
4 
4 
5 
5 
1 1308305304  
2 
2 
1 300712341  
3 
5 
1 123541072  
4 
5 
3 
2 
2 
3 
3 
6 
1 551578028  
5 
2 
4 
4 
4 
4 
6 
6 
6 
6 
1 1033795590  
5 
6 
4 
5 
2 
2 
3 
4 
3 
6 
2 
1 223096843  
3 
2 
4 
5 
6 
1 348879077  
4 
6 
4 
3 
2 
1 537285058  
1 1838295833  
1 248948524  
5 
4 
2 
6 
2 
3 
3 
6 
1 1002867257  
6 
5 
2 
2 
6 
6 
4 
2 
5 
5 
2 
2 
6 
1 432888843  
6 
1 2124389351  
3 
6 
2 
3 
6 
4 
4 
6 
2 
5 
4 
3 
3 
4 
3 
6 
6 
4 
5 
1 373080168  
5 
4 
1 1651759383  
1 476449118  
2 
3 
4 
2 
6 
1 1973840068  
5 
4 
6 
3 
6 
5 
2 
6 
6 
4 
3 
1 1955643141  
4 
1 1715993326  
4 
1 1023906600  
6 
4 
6 
2 
2 
3 
3 
4 
6 
2 
5 
3 
6 
2 
1 1939519571  
5 
3 
4 
4 
5 
6 
3 
3 
5 
3 
2 
4 
2 
4 
4 
3 
1 425719250  
4 
5 
1 1505461975  
3 
5 
1 1684507505  
3 
3 
1 1046176950  
4 
1 156524283  
3 
4 
1 1589076744  
5 
5 
6 
3 
6 
3 
5 
5 
3 
1 580194917  
1 118274885  
3 
4 
1 706712962  
5 
3 
6 
2 
1 904251390  
2 
6 
1 1426580189  
2 
1 1007425303  
2 
5 
2 
1 1027792462  
2 
6 
5 
3 
4 
1 1978158218  
1 2041220893  
3 
5 
6 
2 
5 
1 1250889305  
6 
2 
3 
2 
2 
1 179553647  
6 
2 
5 
6 
4 
2 
2 
5 
6 
2 
3 
5 
1 431022303  
5 
5 
6 
1 941701490  
6 
2 
1 428502171  
6 
5 
6 
2 
2 
5 
1 1433889560  
3 
6 
5 
4 
4 
3 
6 
5 
3 
6 
4 
5 
4 
3 
2 
6 
2 
4 
2 
3 
5 
4 
2 
1 1374590334  
2 
1 405407874  
6 
2 
5 
5 
4 
6 
3 
4 
6 
4 
4 
2 
4 
6 
4 
2 
3 
6 
5 
2 
2 
4 
5 
2 
4 
2 
3 
4 
6 
5 
4 
6 
5 
5 
6 
4 
5 
2 
5 
2 
4 
6 
3 
1 1806969729  
3 
4 
1 878866069  
1 881856992  
5 
5 
1 1633326149  
3 
1 687025562  
6 
2 
2 
5 
3 
6 
4 
6 
4 
4 
1 450366671  
2 
1 509749101  
5 
1 479061485  
2 
6 
1 876085921  
2 
3 
1 2015211076  
2 
3 
1 16085343  
1 1922262871  
5 
1 24251712  
1 1605162087  
1 354974141  
2 
5 
1 142526597  
2 
4 
5 
6 
3 
3 
1 164391401  
3 
5 
6 
2 
1 1259225531  
4 
3 
1 1569106787  
6 
1 1171816704  
2 
4 
2 
1 139534345  
6 
1 1399781357  
6 
6 
6 
3 
4 
6 
6 
4 
4 
2 
3 
6 
1 1065553949  
3 
1 1390423651  
6 
1 1579335004  
3 
6 
1 1496576252  
6 
4 
1 184641493  
3 
3 
5 
5 
1 2007837175  
4 
5 
1 782982164  
4 
1 1559231827  
6 
1 265761401  
6 
4 
3 
5 
4 
1 442468245  
4 
4 
4 
5 
6 
5 
3 
3 
4 
3 
1 290614248  
5 
6 
2 
2 
5 
5 
4 
6 
4 
4 
1 1147618394  
2 
1 2075794395  
3 
5 
3 
6 
4 
2 
5 
1 977639811  
6 
3 
5 
4 
5 
1 1597985065  
3 
6 
5 
3 
1 438059848  
6 
1 1456701296  
5 
4 
3 
6 
1 326587338  
2 
6 
4 
5 
2 
2 
5 
4 
5 
4 
1 305787277  
5 
1 1472786639  
2 
2 
4 
2 
4 
5 
2 
4 
4 
3 
3 
3 
1 101366561  
3 
1 330038989  
4 
3 
3 
3 
3 
4 
5 
6 
4 
4 
3 
3 
1 930465078  
3 
5 
6 
3 
6 
3 
2 
2 
3 
1 456340702  
2 
3 
5 
1 472565586  
3 
6 
5 
4 
1 1094856479  
3 
3 
5 
2 
3 
6 
4 
2 
6 
5 
3 
6 
4 
4 
2 
5 
6 
5 
1 1715566233  
4 
6 
4 
4 
2 
2 
6 
3 
4 
4 
6 
2 
3 
3 
5 
3 
2 
5 
4 
2 
6 
2 
3 
6 
6 
1 2041672373  
6 
3 
3 
4 
3 
5 
5 
3 
6 
5 
4 
5 
6 
3 
6 
2 
1 119189535  
4 
5 
1 1855100579  
6 
3 
4 
5 
4 
6 
1 1293970082  
5 
4 
1 1184743484  
6 
1 1098040582  
1 725821438  
3 
1 533836088  
1 1282682075  
4 
3 
6 
6 
6 
1 586174965  
3 
4 
5 
6 
2 
2 
3 
3 
5 
5 
5 
5 
1 1316818253  
5 
2 
3 
2 
1 694430255  
6 
6 
3 
3 
5 
4 
3 
6 
3 
6 
3 
5 
4 
1 851936367  
2 
4 
2 
4 
3 
1 1759286498  
2 
2 
2 
3 
3 
6 
4 
3 
1 985044503  
5 
6 
4 
2 
5 
2 
6 
3 
6 
2 
5 
5 
4 
6 
5 
3 
1 1999554761  
1 1687597245  
4 
2 
2 
2 
1 1962684314  
2 
2 
5 
1 1450056178  
5 
4 
5 
4 
2 
4 
4 
5 
2 
4 
6 
4 
6 
2 
2 
6 
1 2125657094  
3 
6 
1 1271901963  
3 
1 1776643516  
3 
6 
1 283960723  
4 
3 
6 
1 597204954  
4 
3 
4 
4 
2 
4 
5 
3 
6 
4 
6 
1 1878010077  
2 
2 
1 613999712  
5 
1 1527670033  
2 
6 
1 186867132  
3 
5 
6 
3 
2 
1 1086565298  
6 
4 
6 
6 
1 475042864  
1 1902433365  
3 
1 980754024  
5 
4 
5 
5 
5 
2 
2 
6 
5 
6 
6 
1 594232400  
5 
4 
3 
6 
6 
1 1610050296  
2 
6 
3 
4 
1 127240458  
3 
5 
5 
5 
6 
6 
4 
3 
1 1778975884  
5 
1 560607230  
6 
5 
3 
5 
2 
2 
2 
4 
3 
3 
3 
2 
3 
4 
5 
3 
3 
2 
6 
5 
2 
4 
1 853061897  
3 
5 
1 165328325  
4 
6 
6 
1 1843289306  
2 
1 1439236862  
2 
3 
2 
3 
5 
3 
1 1482146578  
4 
5 
1 390235913  
6 
5 
6 
3 
4 
4 
3 
3 
4 
5 
5 
1 143689581  
2 
1 1093949428  
1 1375280416  
2 
2 
6 
6 
1 2143244342  
5 
4 
4 
1 634063026  
5 
1 1190481083  
5 
5 
1 1445816872  
2 
4 
3 
1 612236472  
6 
2 
5 
1 314899398  
1 1074976740  
6 
1 896197195  
1 912104352  
1 805503170  
1 1510196907  
5 
4 
6 
1 292290737  
5 
2 
4 
4 
5 
1 992370302  
6 
4 
6 
3 
3 
2 
6 
1 449278557  
3 
4 
4 
1 767333602  
6 
2 
1 747320019  
4 
3 
3 
3 
3 
6 
6 
5 
2 
1 1430032581  
3 
1 1361566002  
2 
6 
3 
2 
1 209886668  
3 
6 
6 
5 
1 1557273040  
6 
6 
2 
5 
3 
5 
1 993058238  
5 
4 
6 
1 770493898  
1 262851289  
3 
5 
1 1158386563  
2 
1 466299556  
4 
2 
1 1702088151  
1 493049493  
3 
3 
5 
6 
4 
6 
6 
2 
4 
1 856535469  
4 
6 
4 
4 
2 
6 
3 
4 
5 
5 
5 
1 1845777733  
5 
6 
6 
3 
1 1586998922  
4 
4 
2 
3 
4 
3 
2 
6 
4 
5 
6 
3 
4 
2 
3 
3 
3 
2 
5 
2 
6 
6 
4 
4 
3 
6 
2 
6 
2 
3 
3 
5 
3 
4 
5 
3 
3 
5 
2 
5 
2 
3 
2 
5 
4 
1 84332238  
3 
4 
3 
3 
5 
4 
4 
2 
6 
2 
6 
5 
4 
4 
5 
1 1841538427  
2 
1 73578300  
2 
6 
5 
1 1274813321  
3 
5 
3 
3 
6 
3 
6 
2 
6 
4 
2 
5 
5 
1 1139871652  
5 
5 
5 
4 
5 
4 
2 
2 
2 
6 
3 
6 
3 
6 
4 
3 
3 
1 685814772  
3 
5 
1 1589712719  
3 
4 
3 
2 
2 
1 67364744  
5 
5 
2 
6 
5 
6 
5 
5 
1 1582011967  
3 
4 
6 
5 
1 354333423  
3 
5 
5 
6 
6 
3 
2 
1 872867914  
4 
3 
5 
5 
1 944725226  
6 
3 
3 
6 
5 
5 
1 646624161  
3 
1 1865238216  
5 
6 
5 
4 
2 
5 
5 
5 
3 
4 
2 
2 
6 
1 1394003783  
3 
5 
3 
2 
3 
2 
5 
2 
5 
5 
6 
3 
5 
1 1413957763  
4 
3 
4 
6 
3 
4 
5 
1 465074588  
3 
6 
6 
4 
6 
3 
6 
1 676552717  
3 
6 
1 628040117  
1 674961256  
4 
1 86342109  
3 
2 
2 
3 
3 
2 
5 
2 
3 
5 
1 1621098355  
2 
5 
1 1445455154  
5 
5 
5 
6 
6 
1 349193398  
6 
3 
4 
3 
4 
4 
4 
6 
5 
3 
3 
2 
3 
3 
2 
3 
6 
3 
6 
3 
3 
5 
1 632001271  
2 
3 
6 
2 
6 
6 
2 
4 
1 1911754711  
6 
3 
4 
4 
3 
4 
5 
1 2051281549  
6 
4 
5 
6 
5 
1 1125050764  
3 
4 
2 
4 
3 
5 
4 
2 
4 
4 
6 
6 
5 
3 
6 
5 
6 
4 
3 
5 
6 
2 
4 
2 
2 
4 
4 
4 
2 
1 620806532  
4 
4 
2 
5 
2 
3 
5 
2 
5 
1 1749575634  
4 
6 
6 
6 
5 
3 
4 
4 
3 
6 
1 564566038  
1 705138770  
5 
5 
3 
2 
2 
5 
5 
5 
2 
6 
4 
4 
1 1443630414  
3 
4 
4 
2 
4 
1 638144338  
4 
2 
4 
2 
5 
2 
6 
1 1979952091  
4 
2 
3 
4 
1 436018418  
5 
2 
3 
2 
6 
2 
5 
4 
4 
5 
3 
1 1323959110  
3 
1 1422181162  
3 
2 
3 
5 
6 
2 
5 
6 
4 
6 
4 
1 503383162  
6 
4 
5 
5 
3 
5 
4 
6 
1 758487429  
5 
6 
3 
3 
1 1776514586  
3 
3 
2 
6 
5 
6 
1 1376251077  
4 
1 1703212655  
1 275655099  
4 
1 1094005645  
6 
2 
1 949732791  
1 1689612862  
5 
1 1559080233  
5 
1 1626285508  
5 
3 
5 
4 
6 
1 170169331  
3 
5 
1 86557841  
1 1712627617  
1 1791267686  
2 
6 
4 
1 1532012996  
2 
6 
6 
1 2061821015  
4 
5 
2 
3 
5 
3 
1 275785309  
6 
4 
5 
5 
4 
1 1296284059  
5 
2 
3 
4 
1 1965618916  
5 
3 
5 
2 
4 
3 
2 
6 
2 
4 
3 
6 
1 1400836074  
4 
2 
3 
3 
6 
1 1917090591  
1 1567710903  
3 
5 
4 
4 
2 
6 
1 1965402112  
4 
1 474745714  
3 
4 
2 
5 
6 
5 
1 863857669  
1 456062803  
6 
3 
4 
3 
2 
2 
2 
1 307214157  
4 
6 
5 
2 
4 
6 
6 
2 
3 
4 
3 
4 
3 
2 
1 1299876087  
5 
6 
4 
6 
4 
5 
4 
5 
3 
5 
5 
4 
6 
5 
1 1780021913  
1 1729395320  
6 
4 
3 
1 1803259249  
6 
6 
1 391025695  
6 
2 
4 
3 
1 1358426258  
3 
6 
2 
3 
1 1032026678  
1 2094238350  
3 
5 
6 
5 
5 
1 1634081357  
5 
6 
3 
1 2126032324  
3 
6 
1 896487493  
3 
6 
1 1176210571  
2 
1 1537628909  
2 
2 
6 
2 
4 
3 
2 
5 
6 
5 
1 375289353  
1 1346379902  
2 
6 
6 
5 
5 
1 1624186751  
1 2087916970  
4 
6 
6 
1 990163940  
4 
6 
5 
1 1008716099  
4 
5 
4 
1 2002254337  
6 
2 
3 
2 
6 
3 
1 1265949250  
5 
2 
1 157516510  
6 
5 
2 
4 
2 
1 1820389606  
1 519301676  
1 2074607101  
4 
2 
4 
5 
1 1240616861  
2 
2 
6 
4 
4 
1 337220140  
3 
6 
5 
2 
4 
4 
5 
1 401869167  
2 
4 
2 
2 
4 
6 
2 
6 
3 
3 
1 2104474530  
4 
1 793282943  
5 
6 
6 
3 
2 
5 
4 
4 
3 
4 
4 
1 709083325  
1 1256866969  
3 
4 
4 
4 
6 
5 
1 425821209  
1 290994997  
1 912642570  
2 
6 
3 
3 
5 
1 816846904  
2 
3 
5 
5 
6 
1 1649421255  
6 
6 
6 
6 
4 
5 
6 
5 
2 
2 
2 
6 
5 
5 
1 1944669249  
5 
2 
4 
5 
1 763601606  
4 
4 
2 
5 
1 1136018964  
5 
3 
5 
6 
5 
2 
3 
3 
5 
5 
5 
4 
3 
3 
4 
5 
3 
3 
6 
5 
1 1923217925  
3 
3 
2 
1 1660089100  
3 
6 
5 
1 164745887  
1 1313363186  
2 
6 
6 
4 
2 
2 
4 
2 
1 2035378453  
2 
4 
6 
6 
3 
6 
1 1511125789  
2 
3 
1 790066289  
6 
2 
1 1975811776  
1 353806081  
2 
5 
2 
1 1798782388  
2 
2 
1 1830582465  
5 
4 
4 
5 
1 1619755331  
5 
3 
2 
4 
3 
2 
3 
4 
4 
1 1956298898  
6 
1 1503488423  
5 
3 
3 
2 
3 
1 2139057007  
3 
6 
2 
3 
5 
5 
4 
1 1883422352  
6 
3 
6 
2 
4 
6 
1 596621636  
6 
6 
4 
2 
3 
2 
5 
1 328793500  
5 
3 
4 
6 
4 
6 
5 
2 
1 137807871  
3 
2 
4 
4 
3 
4 
1 553612518  
5 
2 
1 1122076443  
1 846891196  
2 
3 
2 
6 
4 
6 
5 
1 1810479487  
4 
4 
2 
4 
3 
2 
3 
2 
6 
2 
3 
2 
5 
3 
5 
2 
1 1547897652  
1 1137886193  
4 
1 575638410  
3 
3 
6 
6 
2 
6 
3 
1 217260908  
6 
2 
3 
3 
6 
3 
4 
4 
1 639823800  
2 
5 
2 
3 
4 
5 
3 
2 
2 
6 
2 
3 
4 
3 
4 
3 
1 372824011  
4 
2 
3 
5 
4 
1 980862515  
4 
4 
1 1775842764  
6 
6 
2 
1 148558288  
1 493467967  
1 1940588651  
6 
5 
3 
4 
6 
6 
5 
3 
6 
5 
4 
2 
1 1461921474  
1 381362772  
2 
4 
1 1304230792  
6 
2 
4 
4 
5 
5 
5 
3 
2 
5 
3 
4 
1 104504116  
3 
1 209690900  
2 
4 
4 
6 
2 
2 
2 
1 1658036874  
1 1903286504  
5 
1 2040273366  
2 
6 
4 
5 
4 
2 
1 1130308557  
6 
6 
2 
4 
5 
4 
6 
1 1712101755  
4 
5 
1 1396278141  
6 
1 1121881917  
4 
2 
3 
3 
6 
6 
4 
2 
3 
6 
3 
5 
4 
5 
2 
6 
1 1448040459  
3 
3 
2 
1 1992899778  
2 
4 
1 1450675417  
4 
4 
1 1585848330  
6 
4 
2 
5 
2 
3 
4 
4 
2 
3 
6 
6 
6 
4 
2 
4 
2 
6 
6 
2 
1 399028648  
3 
2 
5 
2 
5 
3 
3 
6 
5 
1 425268212  
4 
1 285255879  
3 
6 
1 62024488  
1 1973165865  
4 
4 
6 
3 
3 
2 
6 
1 1423142072  
1 637662898  
2 
6 
5 
2 
5 
3 
6 
3 
4 
3 
3 
5 
2 
1 42943125  
3 
1 2062965873  
3 
5 
4 
6 
6 
3 
3 
6 
1 1010486909  
2 
1 1023805640  
3 
6 
5 
5 
1 1691324989  
3 
4 
5 
5 
5 
6 
6 
6 
4 
2 
2 
3 
5 
4 
5 
6 
4 
6 
5 
2 
5 
2 
5 
3 
5 
5 
4 
2 
3 
5 
1 1159045197  
1 1517273607  
1 1484429993  
1 473483023  
2 
6 
2 
2 
1 1898636380  
5 
4 
6 
5 
4 
5 
2 
6 
4 
2 
4 
5 
4 
5 
5 
1 641177137  
2 
4 
4 
4 
2 
3 
5 
5 
6 
5 
1 577987139  
5 
3 
4 
4 
1 2108327280  
1 151730363  
1 333789996  
1 2001116998  
3 
3 
1 1282038921  
4 
5 
1 2045891751  
6 
4 
3 
6 
6 
5 
2 
1 1249911492  
6 
5 
6 
4 
4 
1 256437190  
3 
5 
5 
1 1346448562  
4 
6 
4 
4 
2 
1 1095327622  
5 
6 
1 1707112607  
5 
6 
1 784813244  
6 
5 
2 
1 1494356270  
1 2132380819  
6 
2 
1 1070069123  
2 
3 
6 
4 
5 
6 
3 
2 
2 
6 
4 
6 
3 
5 
6 
4 
4 
5 
3 
5 
1 1556380758  
4 
3 
5 
1 1958063036  
2 
3 
6 
2 
5 
3 
1 345727548  
2 
3 
5 
6 
5 
4 
1 46560008  
5 
1 2001006162  
1 261209773  
4 
1 1057046917  
2 
5 
5 
3 
5 
2 
3 
1 877328154  
4 
5 
3 
6 
6 
3 
5 
6 
4 
3 
1 1952534762  
5 
5 
4 
2 
2 
5 
3 
5 
6 
4 
6 
1 68608466  
3 
4 
3 
1 247118114  
3 
6 
1 1289481107  
3 
4 
1 542091490  
3 
2 
4 
3 
3 
3 
6 
2 
5 
3 
1 2145754494  
4 
2 
6 
3 
3 
3 
1 1930658245  
3 
6 
1 1120078629  
3 
1 2106598126  
5 
6 
5 
1 2082388608  
6 
1 1453868625  
5 
5 
2 
2 
6 
4 
5 
4 
5 
1 1960231477  
6 
6 
6 
1 1216943881  
5 
6 
4 
1 1352276728  
5 
2 
5 
1 1062659321  
5 
4 
5 
5 
3 
4 
5 
4 
2 
2 
1 1473381071  
5 
2 
1 551241642  
2 
6 
4 
4 
4 
6 
1 10503295  
2 
4 
6 
6 
4 
4 
6 
5 
4 
5 
6 
1 1033010030  
2 
4 
1 1336054887  
2 
2 
6 
2 
5 
3 
6 
1 1504859565  
3 
6 
6 
4 
5 
6 
3 
1 1017907202  
4 
3 
4 
4 
3 
4 
4 
2 
2 
2 
1 258640362  
1 913756676  
3 
2 
1 828486590  
4 
2 
3 
2 
1 604367910  
4 
3 
2 
5 
3 
1 960316684  
4 
6 
4 
5 
1 682009104  
2 
6 
6 
3 
1 865577683  
3 
5 
4 
1 2017363602  
5 
3 
2 
5 
5 
3 
4 
1 1559337259  
5 
5 
1 670628798  
6 
4 
5 
1 2085972068  
6 
6 
1 1806455373  
6 
2 
5 
3 
2 
6 
5 
1 1960109905  
4 
5 
6 
3 
3 
5 
6 
1 480579910  
1 1804726219  
1 1743284502  
4 
3 
2 
5 
3 
3 
6 
5 
6 
5 
3 
4 
3 
1 1600658540  
5 
2 
3 
1 1763840697  
5 
6 
2 
4 
6 
6 
3 
1 1678189463  
5 
1 907043517  
3 
2 
5 
4 
5 
5 
1 1576588526  
4 
6 
6 
2 
4 
1 747649696  
5 
6 
2 
2 
5 
3 
4 
4 
6 
1 111836598  
4 
1 491764199  
1 73547120  
4 
6 
2 
6 
4 
5 
4 
4 
5 
5 
5 
4 
4 
4 
2 
2 
5 
5 
5 
2 
1 663078240  
6 
2 
3 
6 
6 
6 
4 
3 
6 
2 
2 
6 
6 
3 
3 
6 
5 
2 
5 
3 
3 
4 
4 
5 
4 
3 
2 
4 
6 
2 
3 
1 502267494  
2 
2 
3 
1 1106557150  
5 
1 1999133127  
5 
6 
1 2007127060  
3 
3 
2 
5 
6 
3 
6 
4 
2 
5 
3 
5 
3 
1 2124464352  
2 
3 
3 
6 
4 
3 
5 
3 
1 110289842  
2 
5 
6 
2 
1 773400088  
5 
1 805467295  
6 
6 
3 
1 714657752  
6 
4 
2 
6 
5 
5 
3 
6 
6 
1 1733716772  
3 
5 
4 
2 
4 
5 
2 
5 
3 
4 
6 
6 
1 1487476399  
4 
1 1580235436  
5 
4 
3 
6 
4 
2 
6 
5 
4 
2 
6 
3 
3 
5 
6 
2 
2 
5 
4 
5 
4 
1 1603596726  
6 
3 
3 
4 
5 
4 
5 
5 
1 899330010  
3 
6 
4 
6 
3 
4 
6 
5 
2 
2 
6 
5 
6 
2 
1 103380586  
3 
4 
5 
1 1542085147  
4 
2 
4 
2 
2 
2 
6 
2 
5 
1 558301735  
4 
2 
6 
2 
5 
4 
4 
5 
6 
6 
5 
3 
1 2063490491  
5 
6 
3 
3 
1 2022665057  
6 
3 
5 
6 
1 215544306  
3 
2 
3 
3 
5 
6 
3 
4 
3 
4 
4 
1 1659291346  
4 
1 1475839949  
6 
4 
5 
5 
6 
5 
5 
1 1979385004  
2 
1 1189997161  
5 
5 
6 
2 
4 
4 
2 
3 
2 
5 
3 
4 
5 
6 
3 
3 
4 
2 
4 
4 
3 
4 
5 
4 
2 
2 
4 
3 
5 
5 
3 
2 
5 
5 
4 
4 
3 
4 
2 
5 
4 
4 
5 
5 
5 
5 
5 
1 235399819  
3 
2 
3 
5 
4 
1 1408489882  
2 
1 1937646857  
5 
4 
1 347236417  
6 
5 
6 
2 
2 
2 
4 
2 
2 
3 
5 
4 
2 
1 1900254082  
2 
6 
1 2011193977  
4 
3 
2 
2 
4 
6 
6 
4 
5 
5 
5 
1 1010314657  
1 255037928  
2 
3 
3 
1 970267480  
3 
6 
6 
5 
2 
5 
6 
3 
2 
2 
2 
1 861964137  
5 
5 
2 
6 
6 
1 114681340  
2 
2 
3 
3 
6 
4 
2 
6 
5 
4 
2 
5 
2 
6 
3 
2 
2 
2 
1 947248184  
5 
3 
2 
3 
6 
4 
2 
2 
3 
2 
3 
3 
5 
5 
6 
2 
4 
1 972253979  
4 
3 
5 
4 
2 
1 888081428  
1 1752715479  
5 
2 
6 
3 
1 1686911731  
6 
1 474314553  
2 
5 
4 
3 
6 
1 1092708231  
1 1119663519  
1 2077911279  
6 
6 
5 
3 
4 
5 
2 
1 1992038241  
5 
2 
2 
2 
3 
4 
5 
6 
2 
6 
2 
3 
4 
2 
3 
3 
3 
2 
4 
2 
5 
1 1223044105  
1 1472512778  
1 402856329  
4 
5 
5 
3 
6 
3 
1 1139050949  
4 
1 1347694188  
6 
4 
3 
2 
6 
4 
4 
6 
5 
5 
6 
3 
6 
3 
2 
3 
1 618400635  
2 
4 
5 
2 
5 
5 
2 
1 650858647  
6 
6 
4 
2 
4 
6 
6 
5 
1 676050489  
6 
1 450301991  
2 
3 
5 
3 
5 
2 
3 
2 
2 
5 
5 
2 
5 
2 
4 
2 
4 
3 
5 
5 
3 
1 1840855808  
1 911450308  
5 
2 
3 
1 1858791874  
4 
1 1631019017  
2 
1 1258686725  
1 1611562308  
2 
3 
2 
6 
2 
2 
1 1494729347  
4 
4 
5 
2 
2 
3 
4 
1 121517735  
6 
3 
2 
2 
4 
1 1866600236  
4 
4 
3 
5 
2 
5 
2 
3 
4 
6 
1 317513179  
2 
1 983481872  
1 1981281577  
5 
6 
3 
2 
4 
6 
6 
6 
6 
4 
5 
2 
2 
5 
1 1264761363  
6 
5 
4 
1 1955735851  
1 721879357  
2 
4 
2 
5 
1 869993195  
3 
3 
6 
5 
3 
3 
6 
5 
2 
4 
3 
6 
6 
1 1495163934  
5 
5 
2 
4 
6 
2 
3 
5 
4 
4 
4 
5 
1 1196193910  
5 
3 
6 
4 
6 
3 
1 1962701426  
2 
5 
5 
6 
3 
2 
4 
4 
1 467343806  
6 
1 1126621542  
5 
1 1807256019  
5 
1 1690387911  
3 
6 
6 
1 451650672  
4 
2 
2 
4 
6 
3 
5 
3 
3 
5 
2 
1 62628700  
3 
4 
1 681955212  
1 1799344860  
6 
1 681029336  
6 
5 
3 
5 
4 
2 
2 
4 
1 1332813859  
1 327911702  
5 
1 1131331327  
5 
6 
5 
2 
5 
5 
2 
5 
4 
6 
2 
4 
5 
2 
6 
3 
2 
1 1026186019  
2 
1 1239362010  
4 
1 842639553  
6 
6 
1 509721389  
3 
1 350565088  
6 
4 
2 
3 
2 
3 
6 
2 
1 306718213  
2 
5 
1 2004450736  
4 
6 
5 
6 
5 
1 472082823  
3 
5 
2 
2 
6 
1 25834802  
6 
4 
2 
3 
6 
1 174480267  
6 
1 1455564695  
1 2007116379  
1 1439241630  
6 
6 
3 
5 
6 
1 1263816898  
1 581512088  
5 
5 
4 
5 
3 
6 
6 
6 
5 
3 
2 
1 161751177  
5 
6 
1 611497184  
4 
4 
3 
6 
5 
1 1777705999  
3 
1 2124452603  
6 
5 
6 
5 
6 
1 1078840990  
6 
3 
6 
3 
4 
2 
6 
5 
6 
5 
5 
1 756843893  
4 
6 
3 
4 
3 
2 
4 
2 
2 
3 
3 
1 1784224975  
1 621745254  
4 
1 1208494565  
4 
5 
6 
5 
4 
4 
6 
2 
6 
2 
4 
3 
6 
4 
3 
5 
5 
2 
5 
3 
5 
1 1846853675  
4 
1 1303700466  
2 
4 
4 
2 
1 860355778  
3 
6 
6 
5 
2 
4 
1 380399363  
1 489030678  
2 
2 
3 
4 
4 
4 
3 
2 
6 
1 1188267480  
3 
4 
1 1511730691  
5 
4 
2 
6 
4 
1 1515216697  
3 
6 
3 
1 280145842  
6 
5 
5 
1 206886596  
2 
1 2024938086  
1 630710930  
1 513604810  
6 
6 
1 1881905174  
4 
4 
2 
5 
1 1102793753  
5 
2 
2 
5 
2 
6 
5 
4 
4 
6 
3 
5 
1 539439612  
5 
4 
3 
2 
1 2056385441  
3 
5 
3 
4 
3 
3 
6 
1 410874800  
3 
2 
1 399072343  
1 1348143424  
6 
4 
3 
4 
5 
2 
1 1674691698  
6 
4 
2 
1 980584431  
5 
1 1509894601  
4 
5 
3 
2 
5 
4 
5 
5 
3 
3 
6 
6 
2 
1 138705235  
6 
6 
4 
5 
1 610806782  
4 
4 
5 
1 1486863557  
2 
4 
5 
3 
5 
5 
6 
5 
3 
4 
4 
2 
2 
5 
5 
4 
5 
1 1217546225  
4 
2 
4 
6 
2 
6 
3 
2 
2 
5 
3 
5 
2 
1 1367650675  
4 
6 
1 1123604884  
6 
4 
1 1839291479  
3 
4 
3 
4 
5 
6 
4 
6 
3 
3 
6 
5 
3 
1 428661593  
3 
1 822974911  
3 
5 
1 995508298  
3 
6 
2 
4 
4 
5 
1 1289017371  
1 1203374275  
2 
4 
6 
4 
2 
2 
1 1484538976  
3 
6 
6 
5 
3 
6 
5 
1 329801203  
4 
2 
4 
5 
4 
2 
5 
5 
5 
4 
3 
5 
5 
1 567621318  
3 
1 852272025  
4 
1 609947045  
1 774507914  
3 
6 
5 
2 
3 
6 
3 
1 729726464  
3 
5 
4 
1 1240657976  
2 
4 
6 
1 1288112724  
4 
1 464147990  
1 195968081  
2 
5 
5 
5 
1 1827552336  
4 
6 
6 
5 
6 
6 
2 
4 
5 
3 
3 
1 373049784  
2 
2 
4 
6 
3 
1 606842882  
2 
5 
6 
6 
5 
5 
5 
2 
1 79141031  
2 
1 1721193208  
2 
3 
6 
1 134050932  
2 
6 
2 
3 
5 
6 
2 
5 
1 1059725463  
1 1083604161  
2 
2 
6 
4 
1 272756167  
6 
1 1670532245  
5 
1 422984070  
5 
5 
2 
6 
6 
1 1490302393  
6 
5 
6 
3 
3 
5 
2 
2 
6 
1 890699273  
6 
5 
6 
2 
1 1546588954  
3 
6 
4 
4 
6 
4 
1 1182110224  
1 1319360866  
1 222080218  
5 
3 
3 
5 
6 
1 30134874  
2 
1 460894589  
6 
6 
5 
3 
1 1425454493  
5 
1 1514673850  
4 
6 
1 790695792  
1 1993075811  
4 
3 
5 
3 
4 
5 
6 
3 
5 
3 
1 219462228  
5 
3 
4 
6 
3 
1 1400642837  
6 
5 
6 
4 
1 620100077  
6 
1 949188692  
2 
6 
1 493817165  
1 1908212802  
6 
2 
1 1413336682  
1 689785247  
3 
2 
4 
1 1588281490  
4 
1 1786386466  
1 1296628129  
2 
2 
6 
1 1667422522  
3 
3 
2 
3 
6 
3 
6 
6 
6 
2 
2 
5 
4 
3 
4 
3 
3 
6 
6 
5 
3 
5 
6 
5 
2 
6 
5 
1 1360096026  
2 
5 
3 
5 
5 
2 
2 
4 
5 
5 
6 
6 
5 
1 1430679061  
6 
3 
1 579664337  
1 296216540  
3 
2 
5 
2 
6 
6 
3 
1 1703435229  
6 
4 
2 
2 
1 102712934  
3 
5 
3 
3 
6 
6 
1 719200610  
5 
1 1046253974  
3 
2 
5 
2 
2 
6 
6 
1 993412207  
6 
5 
1 118305917  
1 80880550  
3 
5 
6 
3 
3 
2 
3 
5 
5 
3 
2 
2 
1 165289425  
5 
3 
6 
4 
6 
5 
1 340386135  
5 
4 
3 
6 
3 
5 
6 
6 
5 
5 
2 
6 
3 
5 
3 
4 
6 
4 
4 
2 
2 
4 
2 
6 
3 
5 
5 
2 
5 
3 
2 
6 
6 
4 
6 
1 111015425  
6 
2 
4 
5 
4 
5 
6 
6 
2 
6 
4 
4 
6 
3 
2 
1 626184014  
3 
1 1765840628  
1 1625689275  
4 
1 1416879806  
5 
1 1611432791  
2 
5 
5 
1 1845151503  
6 
1 670038996  
3 
6 
6 
2 
6 
3 
2 
2 
2 
6 
4 
6 
5 
6 
5 
3 
3 
4 
1 84049220  
3 
1 646856547  
1 1163856161  
1 1992262022  
5 
1 2060193230  
6 
2 
3 
4 
6 
3 
5 
6 
4 
6 
3 
6 
4 
5 
2 
5 
2 
1 1853641408  
5 
6 
3 
2 
2 
3 
1 1433059865  
6 
5 
5 
2 
5 
2 
1 1699096048  
2 
5 
4 
6 
4 
2 
4 
3 
5 
4 
2 
2 
3 
3 
2 
6 
4 
4 
6 
6 
6 
4 
4 
2 
3 
3 
3 
6 
3 
3 
3 
6 
4 
2 
1 1002785889  
3 
2 
6 
5 
2 
5 
4 
5 
4 
2 
3 
1 952998739  
6 
4 
1 911708427  
3 
2 
2 
2 
2 
3 
5 
6 
1 285981303  
2 
5 
6 
3 
6 
6 
1 1532663076  
5 
2 
6 
6 
2 
6 
4 
5 
4 
1 1207924967  
6 
5 
2 
1 1989416532  
1 1635376010  
5 
3 
3 
5 
4 
2 
3 
3 
5 
6 
1 1927125577  
6 
6 
4 
4 
2 
4 
4 
2 
6 
1 888186858  
1 481304570  
3 
2 
2 
6 
1 2045431494  
5 
1 969067408  
4 
3 
5 
6 
2 
2 
2 
3 
5 
6 
6 
3 
1 646593995  
5 
4 
4 
4 
2 
5 
3 
4 
6 
3 
5 
5 
3 
5 
1 238333981  
5 
2 
4 
1 1080082833  
6 
2 
3 
6 
5 
3 
1 1272778010  
6 
2 
3 
2 
1 2004174609  
3 
6 
2 
5 
2 
5 
1 558288461  
3 
2 
2 
1 542174168  
2 
2 
2 
2 
6 
3 
6 
3 
6 
6 
1 1468123752  
2 
1 255956316  
5 
4 
6 
3 
1 1212213164  
3 
4 
5 
4 
4 
3 
2 
1 1552172973  
2 
3 
3 
5 
4 
1 902812864  
3 
5 
6 
1 228585678  
3 
3 
3 
2 
4 
6 
1 1396951347  
4 
2 
2 
1 815522446  
6 
1 2082227086  
4 
2 
5 
5 
3 
4 
1 682527564  
6 
4 
2 
4 
6 
1 367134846  
1 937529328  
4 
1 1635526303  
1 1278843273  
4 
3 
6 
4 
5 
5 
2 
2 
1 1223510631  
6 
2 
1 1020705731  
3 
4 
3 
3 
3 
2 
4 
5 
5 
3 
5 
6 
1 339284592  
5 
4 
1 1065443515  
6 
6 
5 
1 508598094  
6 
2 
4 
5 
1 118926522  
5 
3 
4 
1 1953630373  
4 
1 989902664  
4 
6 
5 
3 
2 
2 
1 16874368  
3 
5 
6 
5 
6 
1 775214133  
4 
2 
5 
5 
3 
6 
5 
4 
3 
5 
4 
3 
1 1636496659  
3 
2 
6 
5 
6 
5 
2 
2 
1 255208350  
4 
5 
3 
5 
5 
6 
2 
2 
3 
1 1855296967  
2 
4 
6 
5 
4 
4 
3 
2 
5 
2 
5 
4 
5 
4 
2 
1 761791021  
5 
6 
4 
5 
1 111899311  
4 
1 266101780  
6 
1 1303965190  
5 
3 
4 
1 1580023064  
2 
2 
5 
3 
2 
1 522058096  
4 
6 
5 
6 
5 
2 
5 
1 368694706  
1 984712389  
1 1424870960  
3 
2 
2 
2 
1 597280384  
1 234180088  
4 
6 
1 92909758  
2 
5 
5 
2 
5 
4 
4 
4 
5 
2 
1 532023823  
2 
3 
1 916707653  
6 
2 
3 
5 
1 460044605  
5 
4 
4 
6 
3 
4 
4 
5 
3 
3 
6 
4 
5 
2 
4 
3 
1 1469553151  
4 
1 404750308  
1 1738887878  
2 
1 545580134  
6 
2 
2 
5 
4 
2 
2 
5 
2 
2 
3 
1 1425456040  
1 2078172471  
5 
2 
5 
1 1611023649  
2 
2 
5 
1 1934054134  
4 
5 
3 
2 
1 49615345  
4 
1 1417170374  
2 
3 
4 
4 
3 
1 776473150  
2 
4 
4 
3 
3 
4 
6 
4 
6 
1 66489713  
3 
1 44900859  
3 
4 
2 
3 
6 
5 
2 
1 265486161  
1 321698063  
5 
2 
4 
5 
3 
3 
1 1900197826  
4 
1 1027277183  
6 
3 
6 
1 433597375  
2 
4 
4 
4 
2 
5 
3 
2 
2 
5 
3 
3 
5 
3 
3 
3 
5 
2 
6 
3 
1 18815958  
4 
2 
5 
2 
4 
6 
2 
2 
1 183758725  
6 
1 2013620439  
4 
1 540874055  
3 
6 
2 
1 552453431  
3 
3 
2 
1 850849180  
1 1965745015  
3 
3 
4 
1 1149733816  
4 
3 
2 
5 
1 1085029268  
2 
5 
6 
2 
6 
1 2058654774  
3 
6 
6 
4 
5 
4 
1 1681757639  
1 2001736921  
5 
1 371215731  
2 
6 
1 1003827142  
2 
3 
6 
4 
3 
6 
3 
5 
5 
6 
5 
4 
5 
1 259003582  
4 
1 2110103609  
6 
1 1549407276  
1 1684459622  
4 
3 
6 
3 
2 
3 
4 
6 
1 2040792432  
6 
4 
5 
5 
5 
2 
5 
4 
4 
2 
5 
3 
4 
3 
2 
3 
4 
2 
2 
1 1012947277  
2 
6 
1 1471030108  
1 2090407777  
4 
2 
4 
1 282634003  
1 100019610  
2 
4 
1 9413843  
4 
6 
6 
5 
2 
3 
1 327534862  
2 
1 365505771  
5 
2 
2 
5 
6 
2 
4 
3 
2 
3 
1 331111906  
1 80249041  
4 
1 1392782954  
2 
1 764709281  
6 
5 
4 
2 
4 
4 
4 
1 99064999  
2 
5 
3 
1 1576541679  
1 630846072  
4 
2 
6 
4 
4 
2 
1 639939054  
2 
1 2128995111  
5 
4 
5 
6 
3 
5 
3 
2 
3 
6 
6 
4 
6 
6 
3 
4 
2 
1 1481695252  
6 
1 458200422  
6 
1 1131245279  
1 419240873  
6 
4 
2 
5 
4 
3 
1 369371548  
6 
1 665519270  
6 
6 
3 
3 
4 
3 
1 273494146  
4 
1 740587279  
4 
3 
4 
2 
2 
6 
3 
2 
5 
5 
2 
1 1669346412  
6 
1 532497728  
3 
1 703207240  
4 
1 1071270040  
6 
4 
1 69473702  
2 
1 596516025  
6 
1 2084217317  
4 
1 1540503810  
1 539440154  
5 
4 
3 
6 
1 219367672  
2 
3 
1 1640523420  
3 
4 
1 548853997  
2 
2 
5 
6 
4 
3 
6 
6 
1 546902534  
2 
6 
1 2006029192  
2 
4 
5 
3 
5 
5 
1 879965904  
1 627151575  
4 
2 
5 
1 1251328498  
1 1644675185  
3 
6 
6 
4 
1 726216575  
2 
1 680386530  
2 
4 
1 128037610  
2 
4 
3 
5 
6 
4 
2 
1 1366155629  
3 
2 
2 
2 
4 
4 
6 
2 
4 
4 
5 
1 661897993  
5 
3 
2 
1 1609732862  
1 1824356051  
6 
4 
6 
2 
4 
5 
6 
3 
5 
5 
6 
4 
2 
5 
3 
2 
1 1793143272  
5 
3 
3 
3 
1 2028973735  
4 
1 46243951  
4 
2 
2 
5 
1 311178894  
5 
1 154984234  
6 
2 
2 
1 786831230  
1 1980525306  
5 
6 
3 
4 
6 
5 
3 
6 
4 
5 
5 
3 
5 
6 
3 
5 
5 
4 
4 
3 
1 687481962  
5 
5 
1 1490038471  
5 
1 904311698  
4 
4 
6 
6 
6 
1 756955665  
1 2086554496  
6 
1 841045367  
2 
3 
5 
6 
1 149975827  
3 
3 
6 
1 478511002  
3 
2 
6 
3 
6 
4 
4 
3 
2 
5 
4 
1 1060413039  
2 
6 
1 1790499248  
1 1027365000  
5 
5 
5 
6 
5 
5 
3 
1 1607315573  
4 
2 
6 
4 
4 
1 1649044792  
2 
5 
5 
5 
6 
3 
5 
2 
2 
3 
4 
5 
2 
1 1907330904  
6 
4 
3 
1 86983501  
5 
3 
1 752889642  
6 
2 
2 
1 1404522441  
2 
3 
3 
3 
5 
3 
1 813200076  
6 
1 1433276172  
5 
5 
1 1532560051  
1 31872057  
3 
4 
5 
5 
5 
6 
6 
5 
5 
6 
2 
6 
2 
4 
6 
6 
2 
2 
4 
3 
4 
3 
5 
6 
5 
1 2095174165  
2 
3 
3 
2 
3 
3 
5 
1 994809266  
3 
4 
2 
1 1856228109  
3 
2 
4 
3 
5 
1 1740833789  
6 
1 876299353  
1 1902472060  
1 2052012683  
6 
1 1031283587  
3 
5 
1 541819643  
4 
3 
3 
3 
5 
3 
3 
4 
5 
4 
6 
2 
3 
5 
6 
6 
1 1885054341  
2 
3 
1 1718765550  
6 
3 
6 
1 2031858114  
3 
4 
3 
3 
4 
2 
3 
2 
5 
1 641882391  
5 
4 
2 
5 
5 
4 
5 
6 
5 
6 
2 
6 
2 
6 
3 
3 
1 328237567  
2 
1 1970928962  
6 
3 
2 
5 
6 
1 1482927758  
5 
2 
4 
5 
3 
1 478213394  
4 
4 
2 
1 301956316  
3 
2 
6 
4 
5 
3 
2 
5 
2 
5 
1 395857149  
5 
5 
5 
4 
4 
5 
4 
4 
2 
3 
4 
6 
5 
5 
5 
2 
4 
2 
5 
2 
4 
6 
6 
5 
4 
5 
4 
1 121228994  
3 
6 
6 
6 
3 
4 
5 
5 
4 
6 
6 
2 
4 
5 
2 
2 
1 1329321316  
3 
6 
4 
3 
3 
2 
3 
5 
6 
2 
2 
6 
2 
1 2003172723  
6 
5 
4 
3 
4 
2 
6 
1 1770273786  
4 
6 
6 
1 1089168572  
1 2090156224  
1 375679781  
1 346207366  
4 
1 755872652  
5 
1 1808955953  
4 
6 
4 
2 
2 
5 
3 
3 
6 
4 
3 
2 
6 
3 
4 
2 
4 
1 1878767417  
5 
3 
4 
4 
4 
1 787744709  
5 
6 
2 
6 
5 
3 
6 
4 
1 1756646471  
5 
1 726093035  
1 496489170  
6 
2 
5 
4 
5 
1 1349996612  
2 
3 
6 
4 
2 
5 
1 1602392389  
3 
3 
1 251477583  
3 
1 1254525648  
4 
2 
1 486192328  
3 
2 
6 
4 
5 
2 
6 
5 
4 
5 
2 
3 
2 
5 
1 793297226  
5 
1 992096341  
1 57474230  
1 677671692  
6 
3 
6 
6 
5 
3 
3 
3 
5 
2 
4 
1 1633978733  
5 
3 
2 
1 385711797  
2 
2 
3 
6 
4 
3 
2 
4 
4 
5 
6 
5 
5 
3 
6 
6 
3 
5 
4 
3 
4 
5 
4 
1 501117006  
6 
5 
4 
1 969422843  
3 
6 
5 
6 
2 
2 
1 863925192  
4 
2 
4 
3 
6 
2 
3 
4 
4 
6 
1 803073322  
4 
3 
5 
4 
3 
3 
1 1365279993  
5 
1 985154186  
6 
1 2132394639  
2 
4 
6 
6 
6 
5 
2 
6 
3 
3 
3 
3 
2 
1 1220969068  
1 607944325  
6 
6 
5 
5 
3 
3 
6 
2 
3 
1 1074079563  
5 
4 
4 
4 
3 
3 
6 
1 1163641644  
1 983624106  
2 
1 1420286929  
6 
5 
1 1919514296  
1 645096411  
2 
1 1151570699  
6 
5 
2 
1 559775357  
3 
5 
3 
6 
6 
1 254259234  
1 1877663734  
6 
4 
2 
1 1056264528  
5 
3 
2 
4 
4 
6 
4 
3 
2 
5 
3 
1 1604255847  
1 1332572475  
3 
4 
6 
4 
3 
4 
6 
3 
6 
2 
1 1307742111  
6 
1 711297847  
1 1818764804  
6 
5 
6 
6 
2 
5 
4 
2 
2 
1 2101039337  
4 
4 
2 
3 
5 
1 1703394188  
5 
6 
2 
2 
2 
5 
2 
2 
1 1876239034  
6 
2 
3 
1 631227381  
4 
1 1189889273  
1 114467184  
5 
1 1132344387  
3 
2 
2 
1 11828469  
2 
1 978392376  
5 
3 
6 
6 
1 1935417709  
3 
6 
3 
4 
2 
4 
3 
4 
1 1377108462  
3 
1 1963546562  
6 
4 
2 
6 
3 
4 
3 
5 
4 
5 
5 
5 
5 
5 
3 
4 
5 
6 
5 
6 
5 
5 
2 
5 
3 
6 
3 
6 
1 1920328700  
4 
3 
6 
5 
1 450593882  
5 
3 
2 
3 
4 
5 
2 
5 
1 424007239  
1 846924616  
4 
1 1614235526  
1 1407631345  
1 119727897  
3 
2 
5 
6 
4 
4 
6 
6 
4 
1 1386266174  
1 2052727757  
2 
2 
4 
3 
5 
1 1271298596  
4 
4 
2 
6 
1 1946041531  
6 
3 
6 
4 
1 159503343  
5 
1 1001478683  
4 
5 
6 
3 
2 
6 
4 
1 854822411  
6 
5 
5 
4 
6 
6 
1 1763759190  
2 
2 
3 
2 
5 
4 
4 
2 
4 
6 
3 
6 
2 
2 
1 186567510  
3 
4 
2 
3 
6 
6 
2 
4 
4 
4 
5 
3 
2 
5 
3 
3 
1 15080874  
2 
2 
2 
5 
5 
6 
2 
6 
2 
5 
1 327573389  
5 
1 2005332314  
6 
4 
4 
4 
1 2116120211  
3 
1 2030967578  
3 
2 
1 1734087701  
2 
2 
3 
3 
2 
1 599863944  
1 1073373203  
4 
1 1848554885  
3 
3 
4 
4 
4 
2 
6 
3 
6 
6 
4 
6 
6 
5 
2 
1 1732208331  
1 1085201672  
4 
3 
2 
6 
5 
4 
1 679463613  
4 
2 
6 
4 
3 
5 
5 
6 
1 1520142393  
6 
1 314826486  
6 
6 
1 495526527  
6 
3 
2 
3 
6 
3 
2 
3 
3 
5 
6 
1 1292987445  
4 
6 
6 
6 
1 765420368  
6 
3 
1 919533767  
3 
4 
4 
2 
4 
3 
6 
4 
3 
6 
5 
4 
2 
3 
2 
3 
1 2139912061  
5 
1 232172246  
3 
6 
1 179681464  
1 112156311  
6 
1 1618438420  
4 
5 
3 
5 
4 
3 
6 
3 
3 
3 
1 84925573  
5 
4 
1 1383454907  
1 1416996304  
6 
4 
2 
6 
3 
5 
2 
1 244428917  
2 
4 
2 
6 
4 
1 237449942  
3 
4 
2 
3 
5 
2 
4 
5 
2 
3 
6 
3 
2 
1 124335067  
6 
1 2008188107  
2 
4 
4 
1 424017453  
2 
6 
3 
2 
3 
1 139415942  
2 
3 
2 
2 
1 188277849  
2 
2 
1 281866119  
4 
6 
6 
5 
5 
1 108052505  
2 
2 
5 
5 
6 
5 
4 
4 
6 
2 
4 
3 
3 
2 
5 
5 
5 
2 
2 
4 
5 
5 
1 71761779  
6 
4 
3 
6 
1 2015953820  
2 
5 
1 707916450  
4 
3 
6 
2 
6 
4 
5 
5 
3 
5 
3 
6 
2 
5 
1 1145134982  
6 
2 
3 
6 
5 
2 
3 
5 
3 
3 
4 
1 1717025057  
5 
2 
3 
3 
4 
1 292641133  
2 
6 
3 
4 
4 
2 
4 
1 82853007  
5 
5 
2 
2 
6 
2 
3 
6 
3 
6 
4 
6 
2 
3 
4 
4 
4 
3 
1 249005022  
2 
6 
5 
6 
2 
2 
3 
6 
6 
4 
3 
3 
3 
5 
3 
5 
2 
3 
5 
5 
5 
4 
2 
3 
2 
3 
4 
4 
2 
2 
5 
4 
6 
2 
5 
1 1812783526  
4 
2 
6 
2 
2 
6 
3 
1 397679493  
5 
5 
2 
1 744531550  
5 
1 958287324  
1 1163099862  
6 
6 
6 
3 
2 
2 
1 1664065317  
2 
4 
3 
2 
2 
2 
6 
4 
2 
1 950715737  
2 
2 
4 
4 
3 
5 
4 
2 
2 
1 1395272108  
2 
4 
2 
3 
2 
6 
1 1843746781  
1 1062872048  
3 
6 
4 
2 
2 
1 866226881  
1 1928672355  
2 
3 
2 
2 
4 
6 
6 
4 
3 
5 
3 
3 
3 
2 
3 
5 
6 
1 298843308  
5 
5 
3 
2 
1 135739537  
5 
2 
2 
5 
6 
5 
6 
5 
6 
5 
2 
6 
5 
4 
3 
6 
1 25617624  
4 
4 
6 
2 
5 
5 
2 
5 
4 
3 
2 
4 
4 
2 
2 
2 
2 
6 
4 
4 
5 
1 536293250  
6 
5 
6 
5 
4 
4 
3 
6 
6 
5 
2 
3 
5 
2 
5 
3 
1 260074604  
1 2033805731  
6 
5 
5 
3 
6 
4 
2 
1 960310703  
5 
6 
1 399490546  
6 
5 
3 
5 
3 
5 
5 
3 
2 
6 
6 
5 
3 
6 
6 
5 
3 
2 
3 
2 
6 
2 
6 
5 
3 
3 
2 
1 74599932  
3 
6 
4 
6 
6 
1 1242176823  
6 
6 
5 
5 
3 
4 
3 
3 
3 
2 
1 507543052  
4 
5 
4 
2 
6 
2 
2 
2 
4 
1 146361711  
2 
2 
2 
3 
3 
4 
2 
5 
5 
1 1110646995  
4 
4 
6 
6 
2 
5 
3 
6 
4 
4 
1 1215459502  
3 
1 1291496694  
2 
2 
6 
5 
1 680188405  
6 
5 
3 
5 
4 
3 
1 1508100635  
2 
3 
3 
3 
2 
1 1374349701  
6 
1 929193427  
3 
6 
2 
4 
2 
6 
3 
5 
5 
5 
3 
1 1173400514  
5 
3 
4 
5 
1 1772029194  
2 
5 
4 
4 
3 
1 1673724977  
5 
6 
1 2131687838  
2 
2 
2 
6 
5 
5 
1 787645408  
4 
2 
4 
2 
2 
1 1190306646  
3 
5 
1 934919927  
2 
1 35433869  
5 
6 
2 
1 886569780  
6 
6 
3 
5 
6 
5 
2 
1 1997791976  
5 
1 901660750  
5 
5 
4 
3 
2 
5 
1 667758487  
6 
3 
4 
1 149151636  
3 
3 
3 
1 1037400287  
1 693376111  
3 
1 685444886  
6 
1 1297474891  
4 
4 
2 
4 
6 
5 
6 
5 
5 
3 
2 
6 
5 
1 579698194  
6 
6 
5 
4 
4 
1 1645755590  
5 
6 
1 1696965438  
6 
3 
4 
3 
5 
5 
6 
1 654298127  
5 
2 
3 
6 
4 
3 
1 740448765  
4 
3 
4 
4 
6 
6 
5 
2 
4 
2 
1 57024842  
1 800659838  
6 
2 
4 
2 
3 
6 
2 
1 1851095760  
6 
1 1272484344  
6 
2 
1 2092156532  
4 
1 383800517  
1 633101331  
3 
1 1319022585  
6 
5 
4 
6 
6 
4 
3 
5 
6 
5 
5 
2 
3 
3 
6 
6 
3 
6 
4 
3 
4 
3 
1 1312993945  
4 
3 
4 
4 
5 
2 
6 
5 
2 
1 1806501845  
1 943568132  
6 
2 
6 
1 839235274  
6 
1 1790706035  
1 1731213540  
6 
6 
1 2029541921  
6 
4 
2 
2 
2 
1 578142315  
5 
2 
3 
6 
1 1766647409  
2 
5 
3 
6 
6 
3 
3 
6 
4 
4 
1 768628053  
1 428450643  
2 
2 
4 
4 
4 
1 520824511  
3 
6 
5 
5 
5 
1 1436386540  
6 
2 
1 577602279  
2 
3 
6 
3 
3 
5 
1 1558224798  
6 
3 
2 
4 
6 
6 
4 
1 2129762651  
6 
6 
5 
5 
4 
4 
3 
2 
2 
6 
3 
2 
1 1263047165  
6 
5 
3 
5 
4 
5 
3 
6 
2 
6 
4 
5 
2 
6 
1 708216042  
3 
1 561977197  
2 
3 
6 
5 
5 
4 
6 
2 
2 
3 
2 
2 
2 
3 
2 
5 
1 761319107  
4 
1 257697832  
1 1216275324  
4 
2 
6 
2 
6 
3 
4 
3 
4 
1 1501767872  
5 
3 
5 
5 
2 
1 314722674  
3 
5 
4 
6 
3 
3 
3 
5 
3 
1 2016935163  
5 
2 
6 
6 
6 
4 
4 
4 
6 
5 
5 
4 
5 
3 
1 1205379985  
1 1587207018  
3 
6 
1 1961608047  
3 
3 
3 
3 
4 
1 1589180502  
6 
2 
6 
1 72824701  
3 
5 
5 
3 
2 
2 
4 
2 
3 
2 
6 
4 
2 
6 
2 
3 
3 
4 
6 
1 1133146985  
1 754690799  
2 
4 
4 
1 1879326547  
3 
3 
2 
2 
4 
1 2076715117  
6 
6 
1 1593926074  
5 
1 1522548934  
6 
3 
2 
3 
4 
5 
5 
4 
4 
4 
6 
6 
1 1660445009  
3 
5 
5 
3 
3 
5 
5 
6 
6 
6 
4 
4 
1 1475984347  
2 
4 
5 
6 
1 2100691249  
4 
4 
6 
2 
6 
5 
5 
4 
5 
1 1279608771  
5 
6 
3 
2 
2 
2 
4 
5 
5 
5 
3 
2 
4 
3 
1 97128752  
4 
6 
3 
3 
5 
2 
3 
1 381658244  
1 1800433282  
6 
4 
5 
4 
2 
5 
6 
4 
2 
1 1533515292  
6 
3 
4 
2 
4 
4 
3 
5 
1 959260523  
5 
3 
6 
3 
6 
2 
1 1211174433  
2 
2 
1 1515794295  
1 74824041  
6 
3 
5 
5 
1 1919390475  
1 2077771492  
1 836143148  
3 
2 
3 
4 
2 
3 
1 29604659  
6 
4 
6 
5 
5 
5 
1 1146563169  
2 
1 190427373  
6 
5 
5 
6 
4 
6 
6 
1 344327333  
2 
4 
5 
3 
1 1016014684  
4 
6 
6 
3 
2 
5 
1 1395807358  
4 
6 
2 
6 
4 
4 
6 
3 
5 
1 1931534351  
1 830139083  
4 
5 
1 837504212  
6 
1 2004359052  
1 1963286068  
4 
3 
4 
1 1592195012  
2 
1 1736201951  
6 
1 1892517537  
6 
3 
2 
3 
4 
2 
4 
2 
3 
5 
6 
2 
3 
6 
5 
1 1038637438  
3 
5 
4 
5 
4 
6 
3 
5 
6 
5 
5 
2 
3 
3 
5 
4 
2 
4 
4 
1 1111267238  
5 
4 
1 1405478899  
3 
5 
6 
6 
1 367138137  
6 
2 
4 
2 
4 
1 1064474839  
3 
1 537604022  
6 
2 
1 464266889  
6 
1 1446133084  
2 
2 
4 
3 
1 190553656  
5 
2 
2 
4 
2 
4 
4 
1 1997782181  
2 
5 
4 
3 
3 
5 
2 
4 
1 257909959  
6 
3 
1 1401728089  
6 
1 1366092828  
4 
6 
5 
1 332734000  
6 
1 1173634916  
2 
4 
5 
6 
6 
3 
5 
6 
1 1296380672  
5 
3 
6 
4 
6 
3 
5 
6 
1 1168877149  
6 
3 
1 1203239575  
1 295460193  
1 1359304522  
1 1547566908  
5 
5 
6 
5 
2 
2 
4 
6 
1 1311474877  
5 
3 
6 
3 
1 607628232  
6 
4 
6 
2 
4 
3 
5 
5 
2 
5 
6 
4 
2 
6 
5 
6 
2 
3 
2 
2 
2 
3 
4 
2 
3 
4 
2 
4 
3 
2 
6 
2 
6 
4 
5 
3 
4 
3 
3 
2 
1 1331617611  
3 
5 
5 
1 2141613961  
2 
3 
2 
4 
3 
6 
4 
5 
1 1445132444  
6 
6 
5 
3 
6 
1 1188493016  
5 
5 
4 
5 
1 1957416381  
6 
2 
3 
3 
2 
6 
5 
6 
1 889843808  
4 
5 
1 777211319  
3 
1 1702450271  
2 
2 
1 1928481246  
5 
3 
3 
1 1888478557  
5 
1 960445522  
1 148135735  
1 805469749  
1 1498049544  
3 
2 
6 
6 
3 
1 612402624  
3 
6 
3 
4 
5 
6 
3 
3 
2 
3 
1 104119185  
4 
4 
4 
5 
2 
3 
1 1688603200  
1 462701157  
4 
6 
4 
6 
2 
4 
6 
2 
5 
1 362029144  
5 
5 
2 
2 
1 942847642  
2 
3 
2 
6 
5 
3 
5 
1 1828793985  
5 
6 
4 
1 694763145  
1 2116482558  
1 977691010  
1 1863640294  
2 
1 1172238486  
1 1273151203  
4 
3 
5 
2 
6 
1 1075461168  
5 
5 
4 
5 
4 
1 572321746  
3 
3 
5 
3 
6 
2 
3 
6 
3 
4 
1 437142433  
2 
4 
2 
6 
1 1683089400  
2 
2 
6 
4 
5 
6 
2 
2 
4 
1 1903939358  
1 431272746  
2 
4 
6 
5 
4 
4 
2 
5 
1 980738196  
2 
3 
3 
3 
4 
6 
4 
1 944948726  
6 
3 
2 
3 
3 
5 
4 
1 241205479  
5 
6 
6 
5 
5 
1 1870582005  
1 1722160045  
1 1943655750  
1 1651579603  
1 1463154955  
4 
4 
2 
1 756617624  
3 
1 1799715339  
5 
4 
2 
2 
4 
3 
4 
1 121141056  
1 107183520  
6 
1 264634315  
5 
4 
2 
6 
6 
4 
1 225260241  
2 
2 
1 1795786721  
4 
6 
6 
4 
3 
1 727335473  
2 
5 
4 
1 587289385  
3 
6 
1 591150715  
1 408645810  
6 
4 
3 
2 
4 
5 
1 1282052530  
5 
1 560149625  
6 
2 
4 
1 1386336820  
1 998209176  
5 
2 
5 
4 
2 
1 1732388111  
1 512004376  
3 
3 
5 
3 
4 
4 
1 2073670344  
5 
1 157226210  
5 
5 
6 
2 
5 
5 
1 949146809  
4 
5 
5 
4 
2 
1 1609276096  
6 
1 2061165568  
4 
3 
2 
1 1380419555  
6 
2 
3 
6 
1 442530645  
2 
3 
1 858630646  
5 
3 
5 
5 
5 
6 
1 1621625034  
2 
2 
6 
2 
5 
1 165629002  
6 
2 
5 
3 
5 
6 
2 
3 
5 
1 433307043  
3 
4 
1 1417797137  
3 
6 
6 
5 
3 
3 
2 
1 1817208605  
1 1896461998  
6 
5 
3 
1 26931113  
3 
2 
5 
5 
6 
1 1469440296  
1 2017603054  
4 
5 
6 
2 
6 
1 134114634  
2 
3 
5 
2 
6 
2 
6 
1 1734074612  
2 
4 
6 
4 
1 95379647  
1 1929901355  
1 313926437  
2 
6 
1 682669033  
3 
4 
5 
2 
5 
2 
1 373568422  
2 
5 
6 
5 
3 
5 
2 
6 
6 
6 
3 
3 
4 
6 
2 
1 722572247  
1 1964721563  
4 
6 
2 
5 
6 
3 
4 
3 
3 
6 
3 
3 
5 
6 
4 
1 933718047  
3 
1 2108909068  
6 
6 
4 
2 
3 
3 
6 
4 
4 
2 
3 
3 
5 
6 
2 
6 
6 
3 
2 
2 
5 
1 815447092  
4 
4 
4 
2 
3 
3 
1 518622511  
5 
4 
6 
6 
5 
4 
2 
4 
5 
1 473429796  
1 741633788  
4 
6 
3 
4 
2 
1 675848721  
1 1422576605  
6 
5 
1 203426237  
1 589530641  
6 
1 655512512  
2 
1 645956882  
4 
3 
6 
6 
1 1448161287  
1 129653898  
3 
1 811585884  
5 
2 
3 
1 1881468330  
3 
3 
2 
4 
1 1547451035  
3 
2 
3 
6 
5 
2 
4 
1 481310841  
6 
6 
2 
1 1630446681  
1 1574382149  
4 
1 1950751138  
2 
3 
1 1500566087  
5 
3 
2 
2 
6 
5 
1 1708496783  
4 
3 
2 
6 
2 
2 
1 1537342102  
3 
3 
4 
4 
6 
4 
4 
2 
3 
2 
1 1595945735  
5 
6 
3 
6 
6 
4 
2 
5 
6 
4 
4 
3 
5 
1 1490914490  
1 1851268539  
5 
5 
5 
2 
6 
2 
4 
1 131131120  
1 1864482912  
2 
4 
6 
4 
1 426357138  
2 
6 
2 
2 
2 
5 
3 
3 
1 2095852683  
4 
5 
1 650717311  
3 
3 
1 387782558  
1 763816127  
3 
2 
5 
1 1169339822  
3 
6 
2 
5 
1 861212354  
3 
6 
2 
3 
1 1505449916  
1 1845188543  
3 
6 
4 
6 
5 
5 
4 
3 
6 
4 
5 
4 
5 
2 
5 
2 
3 
1 136305311  
4 
4 
1 1708876153  
6 
6 
5 
6 
4 
6 
1 287235536  
5 
3 
3 
4 
4 
2 
6 
5 
3 
1 791817823  
4 
1 207349387  
6 
4 
4 
2 
2 
4 
2 
4 
2 
3 
5 
4 
3 
4 
3 
1 1735396823  
2 
3 
3 
6 
2 
2 
5 
3 
4 
1 921471722  
5 
6 
4 
3 
6 
6 
3 
2 
6 
5 
5 
6 
2 
5 
6 
2 
4 
2 
1 1018935271  
3 
2 
5 
1 1469381506  
3 
4 
5 
2 
5 
6 
5 
2 
2 
3 
5 
6 
5 
1 321439109  
3 
6 
5 
1 1500246112  
5 
1 952344539  
4 
2 
6 
5 
3 
4 
6 
1 1895821258  
2 
5 
3 
5 
2 
5 
1 1303513602  
5 
2 
6 
5 
3 
1 305426978  
3 
5 
2 
3 
2 
5 
2 
3 
5 
3 
5 
2 
5 
4 
6 
2 
1 1456834393  
1 693372056  
4 
4 
4 
1 1901372713  
1 800265235  
3 
5 
4 
3 
5 
2 
3 
1 397156947  
5 
5 
6 
6 
2 
1 2032503833  
5 
6 
5 
4 
6 
5 
2 
5 
2 
3 
6 
2 
2 
1 517264499  
2 
2 
2 
6 
3 
5 
5 
6 
2 
4 
1 823514086  
3 
2 
4 
6 
1 1980872869  
2 
4 
5 
2 
1 1167981811  
2 
3 
6 
3 
3 
5 
3 
6 
5 
5 
4 
3 
1 1211296644  
2 
3 
3 
4 
2 
1 597205348  
1 189837985  
5 
4 
6 
1 2072508999  
6 
1 2102655264  
3 
2 
2 
5 
5 
4 
3 
6 
5 
5 
2 
6 
1 2035026529  
6 
1 61330662  
4 
1 1664047769  
5 
3 
2 
6 
4 
6 
5 
2 
4 
2 
1 174778417  
4 
3 
6 
3 
1 853148486  
4 
6 
5 
4 
6 
4 
4 
3 
1 1871397156  
3 
1 1910175241  
1 1774620208  
6 
3 
1 742848779  
3 
2 
2 
1 1232073099  
4 
2 
2 
4 
5 
2 
5 
5 
2 
6 
5 
5 
1 2096059317  
4 
6 
6 
4 
4 
6 
6 
2 
2 
5 
3 
2 
2 
5 
3 
2 
2 
4 
1 95611244  
1 36933990  
3 
4 
1 1844396928  
6 
4 
2 
4 
1 1399124846  
3 
1 342360968  
1 1153747673  
1 2092496903  
1 96250034  
2 
6 
6 
5 
4 
3 
5 
1 1954012909  
1 342170202  
1 2128753867  
4 
1 323793760  
6 
1 1165684288  
6 
2 
4 
2 
4 
5 
3 
2 
5 
2 
6 
2 
5 
2 
6 
6 
6 
1 1962143088  
3 
1 1491775571  
2 
2 
6 
2 
1 229497285  
6 
5 
2 
4 
5 
2 
6 
5 
4 
3 
5 
6 
3 
5 
4 
3 
1 411864789  
6 
4 
3 
4 
1 1681613557  
5 
4 
3 
3 
3 
4 
5 
5 
5 
1 154522636  
4 
1 367036405  
6 
4 
6 
2 
1 1569156438  
2 
3 
1 215853298  
6 
1 2031084175  
3 
6 
5 
5 
4 
2 
4 
4 
2 
3 
2 
4 
6 
4 
6 
2 
6 
3 
6 
1 1743934855  
6 
3 
4 
3 
1 1069001784  
6 
5 
5 
4 
1 1754997683  
3 
1 1506626448  
1 696138344  
1 350362815  
4 
6 
4 
3 
4 
5 
3 
4 
4 
5 
4 
5 
5 
3 
6 
3 
2 
5 
3 
6 
4 
2 
1 591215899  
3 
1 644714014  
5 
6 
1 445974059  
5 
5 
4 
2 
6 
2 
4 
1 628149889  
2 
2 
1 341627294  
5 
1 1845098905  
6 
2 
2 
2 
1 970510858  
2 
3 
5 
2 
2 
5 
2 
1 1495374967  
3 
2 
2 
4 
4 
5 
3 
1 1790112160  
1 1066760892  
1 1301904228  
3 
6 
5 
6 
5 
4 
3 
5 
6 
4 
3 
3 
6 
2 
2 
3 
1 2132282363  
2 
6 
1 1048031111  
3 
4 
3 
5 
6 
5 
3 
4 
6 
6 
4 
6 
4 
1 1625697989  
6 
2 
1 1150483003  
6 
1 862690552  
4 
4 
1 969989912  
6 
1 1379980288  
3 
4 
2 
5 
6 
6 
5 
2 
5 
1 1274555341  
2 
5 
5 
1 504119821  
1 1534502924  
2 
1 1641591746  
3 
6 
4 
3 
1 2073276259  
1 1750356223  
5 
3 
2 
2 
1 1525192273  
6 
1 1669727467  
2 
6 
6 
5 
4 
5 
6 
1 671874359  
5 
5 
5 
4 
3 
5 
4 
2 
2 
2 
5 
3 
4 
2 
3 
4 
3 
5 
1 1132706309  
5 
3 
5 
6 
6 
5 
4 
1 1028870267  
4 
4 
6 
1 1368012704  
4 
6 
4 
1 1483069124  
1 1620086167  
1 2012726718  
2 
5 
4 
5 
4 
4 
3 
3 
5 
2 
5 
2 
4 
4 
5 
6 
1 1929043183  
2 
5 
3 
5 
4 
5 
5 
2 
2 
4 
2 
5 
4 
5 
2 
5 
2 
1 100752408  
6 
1 206870364  
1 1626658440  
1 1071263266  
3 
5 
4 
5 
3 
1 1702245331  
2 
1 1269286953  
4 
2 
6 
2 
5 
6 
2 
3 
1 2138024158  
6 
6 
6 
5 
3 
1 856665912  
5 
6 
2 
5 
1 1254085668  
6 
2 
5 
4 
3 
4 
3 
4 
4 
1 1038571622  
4 
3 
4 
3 
6 
2 
5 
2 
1 334880253  
2 
6 
3 
1 257085023  
4 
2 
4 
5 
4 
5 
1 1901262174  
2 
5 
6 
2 
4 
1 1304870165  
2 
6 
3 
6 
1 1637065312  
3 
1 1028333867  
2 
4 
4 
1 1808989987  
2 
1 1024084588  
6 
6 
5 
1 522441965  
5 
6 
4 
2 
3 
6 
6 
1 1734782598  
2 
5 
4 
1 626957163  
3 
6 
4 
6 
3 
3 
1 2047634239  
5 
1 1257026417  
1 1298831523  
1 1032856900  
2 
5 
3 
3 
6 
6 
5 
5 
3 
6 
4 
6 
1 138413037  
6 
6 
1 519360579  
6 
6 
5 
2 
2 
3 
1 368442376  
1 1758499204  
2 
2 
2 
6 
5 
4 
6 
2 
2 
4 
3 
3 
4 
4 
2 
5 
1 384603649  
3 
2 
1 150001911  
4 
3 
4 
2 
5 
1 1859251612  
3 
6 
1 591474013  
4 
3 
1 1776660351  
5 
4 
5 
2 
4 
6 
4 
5 
3 
4 
6 
1 783031231  
1 146235696  
4 
3 
6 
5 
5 
3 
4 
5 
6 
3 
3 
5 
3 
6 
2 
2 
4 
1 898463656  
2 
4 
1 773571741  
1 1002901608  
2 
2 
1 5065676  
2 
5 
2 
2 
1 1812143363  
1 1337781861  
6 
6 
6 
4 
1 262150700  
5 
6 
3 
2 
5 
6 
1 1565921889  
1 495168379  
6 
6 
2 
4 
1 1899216012  
3 
2 
1 446772108  
1 156674718  
6 
5 
6 
1 775816952  
6 
4 
5 
4 
3 
6 
1 969214074  
2 
2 
5 
1 1891457316  
6 
5 
6 
2 
4 
5 
2 
5 
2 
5 
1 1402774116  
6 
2 
6 
1 869364665  
6 
2 
5 
4 
5 
6 
3 
5 
2 
1 1001000086  
6 
3 
5 
3 
2 
5 
5 
1 554121991  
1 1902221565  
2 
1 1139413123  
3 
6 
6 
4 
3 
5 
5 
5 
6 
2 
4 
2 
3 
1 1073482570  
3 
6 
5 
3 
1 123180293  
4 
6 
3 
6 
2 
4 
2 
1 750428679  
4 
1 1458086219  
6 
3 
4 
2 
1 273182204  
1 462196643  
3 
2 
4 
4 
5 
5 
4 
6 
6 
6 
5 
2 
6 
3 
1 2049560232  
2 
2 
2 
2 
2 
3 
2 
1 2049842555  
3 
4 
3 
1 1245227874  
2 
6 
4 
4 
5 
3 
1 48312280  
6 
1 800822564  
1 2018799616  
3 
6 
4 
3 
1 1051213889  
2 
2 
5 
6 
4 
5 
1 805888240  
5 
3 
1 1683459331  
4 
4 
3 
3 
2 
1 241512102  
4 
4 
1 1068038940  
4 
1 1101897573  
4 
3 
5 
2 
1 736680481  
5 
6 
3 
1 819771304  
2 
3 
2 
4 
5 
5 
1 1548669681  
2 
4 
2 
1 893355199  
2 
2 
2 
3 
6 
6 
1 1595588257  
4 
5 
2 
4 
5 
4 
5 
3 
1 370400107  
1 637328868  
5 
1 850878725  
1 1239764772  
4 
3 
5 
4 
6 
6 
1 1638328954  
4 
2 
6 
3 
5 
1 1405000716  
3 
5 
3 
1 994502689  
4 
2 
1 630258429  
6 
5 
4 
5 
2 
1 330999638  
5 
6 
1 1117682982  
2 
4 
2 
2 
6 
3 
3 
6 
4 
3 
6 
5 
4 
3 
4 
1 1380687108  
2 
5 
2 
3 
1 1789085857  
1 1390865186  
5 
4 
3 
3 
6 
1 1842883751  
1 1691162441  
5 
2 
5 
2 
5 
5 
2 
2 
6 
3 
4 
3 
2 
6 
5 
6 
4 
4 
3 
2 
1 1293224094  
6 
2 
4 
5 
1 940627978  
6 
6 
4 
3 
3 
1 1739474721  
3 
4 
6 
1 2094046658  
1 811943946  
5 
4 
1 643204962  
6 
5 
5 
2 
5 
2 
1 752451250  
3 
5 
6 
1 347919629  
2 
2 
6 
2 
6 
2 
1 884717065  
5 
1 1820490191  
3 
1 1449817202  
6 
4 
4 
4 
1 1621397546  
3 
4 
2 
2 
5 
6 
4 
6 
1 492777847  
5 
1 851003236  
5 
4 
2 
2 
2 
5 
6 
3 
6 
2 
2 
3 
1 367269098  
3 
6 
6 
4 
1 2088366104  
3 
5 
2 
5 
6 
4 
1 1221403343  
4 
5 
5 
1 1004597966  
5 
6 
1 791761181  
4 
5 
5 
4 
6 
1 313684468  
2 
4 
1 495443272  
4 
5 
3 
5 
5 
4 
2 
3 
5 
1 49278249  
6 
1 1308187157  
2 
2 
5 
2 
4 
4 
6 
3 
4 
6 
4 
1 1125701701  
6 
5 
1 380277887  
5 
5 
1 278386492  
5 
5 
5 
1 358905161  
2 
3 
3 
5 
5 
1 21880096  
1 1669251678  
6 
5 
6 
3 
3 
6 
1 54305264  
6 
4 
6 
6 
1 1713042537  
4 
6 
6 
3 
5 
2 
3 
3 
3 
3 
2 
4 
6 
1 814992124  
6 
2 
6 
3 
5 
1 994933242  
5 
4 
2 
5 
4 
1 1305033611  
5 
6 
1 761555134  
6 
4 
6 
1 1806877188  
6 
4 
6 
4 
2 
4 
3 
2 
3 
5 
3 
5 
6 
2 
5 
3 
6 
6 
6 
2 
2 
4 
4 
5 
2 
6 
5 
5 
5 
1 1948238573  
5 
6 
3 
2 
4 
3 
4 
4 
5 
6 
6 
6 
2 
5 
1 1514006385  
4 
1 7313170  
6 
3 
3 
3 
2 
2 
3 
6 
2 
4 
4 
6 
6 
5 
4 
3 
2 
6 
6 
3 
3 
2 
5 
5 
4 
2 
6 
4 
4 
4 
5 
5 
3 
6 
4 
4 
5 
3 
5 
2 
6 
1 685471990  
6 
1 1187012928  
3 
5 
5 
3 
3 
6 
2 
3 
6 
1 1457130372  
5 
5 
4 
6 
2 
1 159385889  
1 1679790775  
5 
2 
5 
3 
3 
4 
3 
5 
6 
4 
4 
6 
4 
4 
2 
2 
3 
3 
4 
6 
6 
2 
4 
3 
1 160649960  
1 526654987  
5 
1 1620673232  
2 
3 
6 
2 
6 
2 
4 
4 
3 
5 
4 
5 
3 
4 
4 
1 1382053304  
6 
1 1531252953  
4 
6 
1 264950765  
5 
5 
2 
5 
6 
4 
4 
6 
5 
3 
2 
3 
5 
1 1695737772  
5 
2 
3 
4 
3 
4 
6 
4 
5 
4 
1 2026696225  
6 
1 314229015  
5 
2 
4 
6 
5 
5 
2 
5 
6 
3 
4 
1 856441281  
1 1004914278  
4 
6 
3 
4 
2 
1 694506902  
6 
5 
4 
1 1134827773  
1 1363819439  
2 
5 
5 
2 
2 
5 
3 
5 
1 716386999  
2 
5 
6 
6 
4 
6 
4 
6 
1 656595804  
4 
6 
2 
2 
5 
3 
4 
6 
1 1418124703  
3 
5 
3 
5 
3 
6 
6 
2 
3 
1 281945888  
1 1471587928  
2 
2 
5 
4 
4 
4 
2 
5 
5 
5 
3 
1 265574298  
5 
2 
1 1586979499  
3 
1 85659415  
1 2072451486  
6 
3 
1 1387734425  
5 
4 
4 
5 
2 
4 
6 
2 
4 
5 
4 
3 
2 
6 
2 
3 
6 
2 
4 
1 1599665800  
4 
2 
3 
2 
3 
1 2079764656  
2 
2 
4 
5 
2 
6 
1 2073206415  
4 
4 
6 
5 
5 
6 
2 
3 
1 639195080  
2 
3 
2 
3 
3 
6 
1 1389411381  
4 
6 
5 
6 
2 
6 
5 
3 
6 
5 
5 
3 
5 
2 
5 
6 
2 
2 
2 
2 
3 
2 
1 85108656  
2 
6 
6 
2 
6 
3 
6 
1 171502207  
5 
4 
2 
4 
4 
5 
5 
6 
4 
4 
5 
6 
5 
4 
6 
3 
3 
1 1550061341  
6 
5 
4 
1 611763643  
2 
2 
6 
6 
4 
4 
5 
3 
5 
6 
6 
4 
2 
4 
4 
1 1792175439  
1 784630997  
5 
1 2143016596  
2 
1 2057126205  
1 332885121  
5 
5 
5 
3 
3 
6 
5 
2 
3 
6 
1 2022229173  
1 223871572  
6 
4 
2 
1 1189326403  
5 
5 
1 879659803  
4 
1 918378474  
5 
2 
6 
3 
4 
4 
1 176670528  
4 
2 
3 
3 
2 
3 
2 
5 
4 
6 
5 
6 
2 
2 
6 
6 
2 
2 
1 95995594  
6 
6 
1 1634765473  
2 
6 
2 
2 
6 
5 
6 
4 
6 
4 
1 833266332  
4 
6 
4 
5 
4 
5 
6 
6 
5 
6 
1 1514120298  
1 1916711362  
5 
4 
3 
2 
3 
4 
5 
6 
6 
3 
3 
3 
2 
6 
1 157370613  
3 
6 
2 
4 
2 
3 
4 
5 
5 
2 
4 
3 
6 
4 
2 
2 
3 
6 
3 
3 
2 
2 
1 1779694596  
6 
2 
3 
5 
2 
3 
2 
2 
5 
5 
1 1356207213  
2 
1 243030028  
6 
4 
6 
1 1704662434  
4 
4 
4 
1 596457990  
1 1842695828  
3 
2 
4 
5 
2 
5 
1 1636943443  
4 
3 
4 
6 
2 
5 
4 
1 522180758  
3 
5 
4 
4 
2 
3 
5 
4 
2 
1 334407260  
6 
6 
3 
4 
5 
1 878871176  
1 607289414  
6 
6 
6 
5 
1 505909467  
2 
5 
4 
5 
3 
1 281448869  
1 1219053058  
3 
4 
5 
2 
2 
1 150601259  
6 
5 
6 
2 
3 
4 
2 
5 
3 
6 
2 
6 
3 
3 
2 
2 
2 
4 
2 
1 1066079867  
6 
2 
4 
5 
6 
5 
5 
6 
1 1214586006  
4 
2 
4 
5 
2 
6 
4 
6 
5 
3 
3 
3 
1 60243816  
4 
4 
2 
3 
5 
1 1398964988  
2 
2 
1 1089331532  
6 
1 284115388  
5 
4 
1 440807743  
3 
4 
2 
4 
5 
1 1968991335  
3 
6 
2 
4 
2 
5 
5 
2 
2 
1 1202493862  
2 
2 
1 617478272  
5 
2 
1 2064986930  
1 689775688  
2 
2 
2 
5 
3 
2 
3 
5 
1 1450744604  
2 
2 
2 
6 
5 
6 
4 
6 
3 
5 
6 
3 
5 
3 
1 1431623580  
4 
3 
2 
1 459003402  
5 
5 
1 1608115217  
4 
3 
5 
5 
3 
6 
2 
1 1063834528  
3 
6 
1 1815210615  
1 1851145245  
2 
2 
1 621013314  
3 
5 
3 
3 
2 
3 
3 
6 
6 
1 264184958  
2 
1 1546357425  
5 
2 
4 
3 
2 
3 
4 
2 
1 110473109  
4 
4 
4 
4 
3 
6 
3 
1 786365716  
4 
2 
3 
2 
1 1880764685  
6 
2 
5 
4 
5 
3 
2 
3 
1 989344285  
6 
6 
5 
2 
5 
5 
1 1393655130  
3 
3 
3 
3 
1 239190505  
4 
4 
3 
3 
6 
5 
3 
2 
5 
5 
2 
3 
3 
1 1270793155  
6 
6 
4 
3 
5 
3 
3 
6 
2 
6 
3 
3 
1 465224540  
5 
5 
2 
5 
2 
6 
1 389791764  
3 
2 
1 189389374  
2 
2 
4 
1 1679810547  
6 
3 
1 450035580  
2 
6 
4 
2 
6 
2 
2 
2 
2 
4 
2 
3 
4 
1 1588354362  
4 
6 
3 
5 
6 
4 
1 621658431  
6 
5 
5 
5 
4 
2 
3 
1 734150968  
1 2029162106  
6 
6 
6 
3 
6 
2 
6 
5 
1 443166118  
3 
1 1936644830  
3 
2 
5 
2 
5 
4 
5 
4 
6 
4 
6 
4 
2 
6 
5 
6 
5 
4 
5 
1 499156730  
1 360669400  
1 478936870  
1 1949901334  
1 1792292980  
6 
1 937940272  
1 1410532904  
1 708643860  
1 605667240  
1 1114194501  
3 
3 
2 
4 
5 
3 
5 
6 
1 1329657175  
5 
4 
2 
6 
1 869852198  
6 
3 
5 
2 
1 513068279  
6 
4 
1 1440130284  
5 
5 
2 
3 
4 
5 
1 1656217914  
1 246349316  
5 
3 
5 
4 
2 
5 
1 281990922  
1 902389396  
2 
3 
1 485539821  
4 
3 
1 1552784077  
1 1367613937  
5 
6 
5 
1 875331585  
2 
6 
2 
2 
4 
4 
6 
1 1742173451  
5 
6 
5 
5 
3 
2 
3 
2 
1 899940836  
3 
4 
3 
2 
4 
1 1325367165  
5 
1 1183044165  
5 
6 
6 
3 
4 
4 
2 
3 
6 
1 1521599267  
4 
5 
4 
1 2059518133  
3 
3 
5 
1 1064722623  
5 
4 
3 
5 
3 
5 
6 
5 
4 
5 
4 
6 
4 
5 
2 
5 
1 1964765385  
3 
2 
5 
1 1848679316  
6 
1 1563879353  
2 
4 
4 
6 
5 
5 
4 
5 
6 
1 177951138  
5 
1 180132538  
4 
5 
2 
2 
2 
4 
6 
2 
1 1366297040  
4 
2 
3 
4 
1 1970244118  
5 
2 
5 
3 
5 
4 
2 
5 
1 1118072811  
1 629346296  
2 
4 
4 
1 531404331  
1 1723740051  
4 
1 1743540797  
6 
4 
5 
3 
1 1861061506  
3 
2 
3 
6 
6 
6 
3 
3 
1 446108601  
6 
4 
4 
3 
4 
2 
2 
4 
2 
5 
5 
3 
1 109125428  
5 
4 
6 
6 
4 
4 
6 
5 
2 
5 
2 
3 
1 1153708142  
2 
5 
2 
4 
5 
6 
1 2102326515  
5 
4 
5 
4 
4 
4 
1 355474745  
3 
5 
5 
4 
1 1435699064  
3 
4 
6 
6 
4 
3 
3 
6 
3 
1 857232263  
6 
5 
2 
3 
1 841014566  
2 
5 
3 
3 
2 
2 
2 
2 
5 
5 
3 
6 
4 
3 
2 
2 
2 
6 
5 
4 
6 
2 
2 
5 
6 
4 
6 
5 
4 
3 
3 
2 
5 
1 840999493  
2 
1 77362552  
3 
1 1716346152  
1 435689296  
4 
2 
6 
3 
5 
2 
3 
3 
4 
4 
6 
1 977303388  
1 894229669  
1 1618733462  
3 
5 
6 
1 351419007  
4 
5 
5 
1 806264155  
3 
1 535972437  
4 
5 
5 
2 
1 168700745  
5 
5 
5 
3 
4 
4 
3 
5 
6 
2 
5 
5 
1 507459823  
5 
2 
4 
2 
3 
2 
5 
6 
3 
1 2099851791  
1 346651883  
5 
1 687592361  
1 1318665183  
4 
1 169412353  
1 1805665172  
3 
4 
1 1948011479  
5 
1 700816684  
1 1381921575  
6 
2 
1 1544068628  
5 
3 
5 
2 
5 
3 
3 
3 
6 
4 
2 
6 
5 
2 
3 
6 
2 
2 
1 414394542  
6 
1 1828030176  
5 
