2 
5 
1 931920945  
3 
5 
5 
1 460086303  
4 
2 
2 
1 1821892889  
6 
2 
6 
5 
6 
3 
5 
5 
3 
3 
3 
5 
3 
2 
1 48028544  
2 
6 
3 
5 
5 
6 
4 
1 1265687697  
4 
2 
2 
5 
5 
3 
2 
4 
5 
3 
2 
3 
5 
3 
4 
5 
3 
5 
4 
2 
2 
4 
4 
5 
5 
6 
6 
3 
5 
4 
6 
3 
6 
4 
1 2074249074  
3 
5 
4 
4 
6 
4 
2 
4 
2 
1 1461535670  
5 
4 
6 
2 
4 
3 
1 1208704378  
6 
1 1725148642  
6 
4 
2 
3 
5 
4 
2 
4 
5 
2 
5 
3 
4 
4 
4 
2 
1 943695038  
5 
3 
2 
5 
1 712743439  
1 1823498208  
2 
6 
3 
1 1197555948  
1 115446622  
1 952332470  
6 
1 922749468  
5 
6 
5 
5 
6 
5 
5 
3 
3 
5 
4 
2 
3 
2 
4 
4 
4 
1 1218664377  
1 1078118007  
2 
6 
5 
2 
1 1996164931  
3 
4 
1 1234580861  
4 
4 
6 
5 
5 
3 
3 
1 219441387  
6 
3 
6 
1 1450880740  
4 
4 
1 808935997  
2 
1 991756811  
6 
5 
6 
2 
4 
2 
3 
6 
1 1430205129  
1 201127909  
1 1728936157  
6 
1 844084384  
6 
5 
1 1493279145  
6 
1 1085261397  
5 
3 
6 
3 
5 
4 
3 
2 
5 
4 
1 489183062  
2 
6 
3 
3 
2 
4 
2 
3 
2 
4 
2 
5 
5 
3 
2 
6 
2 
1 277716442  
3 
3 
1 1545347700  
3 
2 
4 
5 
4 
3 
5 
5 
1 163592303  
4 
4 
4 
4 
5 
4 
4 
4 
4 
3 
5 
3 
4 
1 325744986  
4 
6 
1 663551750  
6 
6 
5 
4 
6 
4 
4 
1 90357729  
4 
5 
2 
3 
6 
4 
5 
1 1787280656  
3 
4 
4 
1 1872256128  
1 1815506371  
5 
3 
2 
4 
6 
1 583492046  
3 
3 
4 
3 
6 
4 
2 
2 
6 
4 
5 
6 
2 
6 
5 
6 
1 437515920  
6 
3 
2 
4 
6 
5 
3 
6 
1 1491520931  
1 1781047995  
1 552962542  
5 
2 
4 
5 
6 
4 
4 
5 
1 296369753  
1 556313815  
6 
5 
6 
1 1771626920  
3 
3 
3 
1 1374487760  
2 
6 
5 
3 
2 
3 
1 404995098  
6 
5 
1 858724133  
6 
2 
1 1593929147  
1 1855875838  
2 
3 
2 
2 
1 1667660130  
1 438202311  
6 
2 
3 
3 
5 
2 
4 
6 
1 1138597320  
5 
3 
2 
5 
3 
5 
4 
1 1868788039  
4 
2 
6 
3 
4 
3 
3 
4 
1 19654820  
5 
5 
1 1982681704  
2 
2 
6 
4 
3 
6 
6 
6 
6 
5 
3 
6 
2 
6 
5 
5 
5 
4 
1 1214583536  
6 
4 
5 
4 
2 
3 
3 
1 1104916218  
5 
4 
5 
5 
6 
4 
3 
1 324381118  
5 
6 
6 
2 
4 
6 
1 1492299978  
2 
4 
6 
6 
5 
4 
4 
5 
5 
4 
3 
4 
3 
6 
2 
1 502780270  
3 
6 
2 
3 
2 
3 
4 
1 487973421  
6 
3 
5 
1 1818044964  
1 1166332020  
3 
4 
4 
3 
4 
3 
5 
3 
6 
4 
4 
3 
1 578331150  
3 
6 
4 
3 
5 
5 
1 1457841973  
4 
6 
1 891104501  
1 246353873  
4 
6 
5 
4 
6 
1 2041334019  
2 
2 
2 
1 1328620421  
5 
5 
6 
2 
4 
3 
3 
2 
6 
6 
4 
6 
4 
1 1737874804  
6 
3 
6 
6 
3 
1 1674898366  
2 
1 1881582963  
1 2034244557  
1 83728533  
2 
6 
4 
5 
1 1505726235  
3 
2 
4 
1 1261248669  
2 
3 
3 
2 
2 
6 
3 
1 488723632  
6 
5 
6 
3 
3 
2 
4 
5 
2 
4 
5 
2 
6 
6 
1 216966720  
6 
6 
3 
1 707694169  
1 197115822  
5 
5 
2 
6 
2 
3 
2 
3 
3 
6 
1 1884626850  
3 
2 
6 
6 
3 
2 
3 
3 
2 
1 1145896480  
5 
4 
5 
4 
5 
2 
5 
5 
4 
1 1335713142  
6 
1 1605931241  
2 
1 1165551300  
6 
3 
1 1170911198  
5 
6 
1 673031129  
1 122983870  
5 
2 
4 
5 
2 
3 
4 
3 
6 
1 1495292316  
3 
1 17847459  
1 625764141  
1 1983265737  
3 
3 
2 
6 
5 
1 1835892424  
1 1792096161  
1 414113239  
2 
1 1146250749  
6 
1 535717014  
6 
1 660467112  
6 
4 
2 
6 
4 
3 
6 
5 
6 
5 
3 
2 
2 
6 
1 1040101120  
3 
6 
3 
3 
1 1864337435  
3 
1 250858268  
6 
3 
1 567515839  
5 
3 
6 
5 
5 
4 
4 
5 
3 
3 
2 
5 
4 
3 
4 
3 
3 
4 
4 
4 
1 1598436751  
2 
1 137619177  
6 
1 651244372  
4 
3 
1 956679338  
2 
2 
5 
5 
5 
3 
4 
6 
5 
6 
3 
6 
5 
2 
6 
4 
3 
6 
4 
3 
6 
1 1398867847  
1 1139968004  
5 
1 1173646059  
2 
2 
1 2106562016  
5 
6 
2 
1 1337083827  
1 910789261  
5 
2 
1 1104974848  
5 
2 
4 
4 
1 525313321  
1 369236855  
4 
3 
4 
1 123042500  
1 1696224520  
6 
5 
2 
1 1042267984  
1 246026371  
4 
4 
4 
4 
1 1044033188  
4 
3 
3 
6 
2 
2 
1 1060115444  
4 
3 
6 
4 
6 
6 
6 
4 
1 871790512  
6 
1 879815278  
1 748524220  
2 
3 
5 
4 
4 
3 
6 
5 
1 516403025  
1 1293928517  
1 1894774969  
1 1052120040  
3 
4 
1 1954395630  
6 
1 787392441  
1 768973827  
5 
6 
4 
4 
6 
3 
2 
6 
6 
4 
5 
5 
1 57770250  
1 1354908280  
4 
3 
3 
3 
2 
1 219926930  
4 
5 
5 
6 
4 
6 
3 
5 
3 
4 
1 195389428  
1 2006152653  
4 
6 
5 
6 
6 
6 
3 
2 
1 1176606269  
2 
5 
3 
5 
1 1594257275  
5 
2 
3 
6 
6 
4 
3 
1 998637009  
3 
6 
4 
2 
1 202768680  
4 
3 
1 1553335643  
2 
5 
1 188237188  
2 
2 
4 
5 
1 1113557941  
5 
4 
3 
5 
4 
2 
3 
5 
6 
1 510826843  
5 
1 713550510  
2 
5 
3 
6 
6 
3 
3 
2 
2 
1 1482794796  
3 
3 
5 
3 
4 
6 
3 
5 
2 
2 
5 
3 
2 
5 
2 
6 
3 
6 
4 
5 
4 
2 
2 
4 
1 633869343  
3 
4 
3 
6 
2 
5 
6 
5 
2 
5 
1 262291382  
4 
4 
5 
2 
3 
2 
4 
1 377579133  
4 
5 
6 
1 879895714  
4 
1 1306324570  
3 
2 
2 
2 
5 
2 
6 
3 
5 
4 
1 1437694577  
6 
6 
5 
1 1751686226  
1 38656200  
6 
1 38735149  
5 
4 
1 120605604  
4 
5 
5 
5 
1 1332584718  
6 
5 
5 
4 
4 
4 
5 
6 
5 
1 1933510118  
3 
1 1172725644  
4 
4 
4 
2 
4 
4 
2 
1 1139496700  
3 
2 
6 
4 
3 
3 
3 
6 
6 
3 
2 
3 
1 573418911  
6 
4 
5 
6 
1 1941699471  
5 
4 
6 
3 
3 
6 
2 
1 1197266950  
1 1928327192  
5 
5 
5 
3 
5 
6 
4 
5 
3 
3 
5 
5 
3 
6 
4 
2 
4 
2 
1 14142754  
5 
2 
5 
3 
5 
5 
5 
6 
3 
4 
3 
4 
5 
6 
5 
5 
2 
2 
6 
1 1392656378  
1 1786996197  
1 1190749023  
5 
4 
3 
2 
3 
4 
2 
3 
3 
2 
4 
5 
3 
2 
4 
2 
1 839430005  
3 
1 638149558  
5 
5 
3 
6 
5 
2 
4 
6 
4 
6 
2 
5 
3 
4 
6 
4 
2 
6 
6 
3 
3 
2 
5 
2 
5 
5 
5 
4 
6 
4 
5 
6 
6 
5 
4 
1 1393517703  
5 
4 
1 245282000  
1 826386747  
3 
6 
2 
2 
3 
2 
5 
2 
2 
3 
1 359591996  
6 
3 
3 
1 756108843  
4 
2 
6 
1 1539937257  
4 
1 1842386793  
1 1389978187  
1 1802228639  
3 
1 72482278  
3 
1 122390253  
4 
1 961069561  
4 
6 
5 
3 
1 1510176855  
3 
6 
5 
2 
1 1874076480  
2 
3 
3 
4 
3 
6 
5 
5 
4 
6 
4 
5 
2 
2 
6 
2 
2 
3 
4 
6 
3 
4 
4 
2 
5 
3 
5 
3 
1 999725762  
6 
3 
4 
1 1548912004  
2 
3 
5 
1 1994682084  
1 184826832  
4 
6 
6 
3 
4 
3 
4 
1 1334938474  
6 
2 
6 
4 
2 
3 
2 
2 
4 
3 
3 
5 
6 
2 
2 
1 1019924080  
2 
3 
2 
2 
6 
3 
4 
1 1324323532  
5 
3 
5 
3 
5 
3 
6 
4 
1 1908357385  
6 
5 
4 
6 
5 
6 
3 
3 
2 
5 
3 
1 814139903  
6 
2 
6 
1 374106834  
2 
4 
1 1689200929  
5 
2 
3 
1 828282657  
1 1766763213  
3 
5 
4 
6 
5 
2 
5 
5 
6 
4 
3 
4 
1 1328713478  
4 
3 
3 
4 
2 
6 
3 
6 
2 
1 2019031680  
3 
5 
4 
5 
4 
2 
2 
5 
2 
3 
1 458709570  
3 
2 
5 
5 
2 
4 
4 
3 
4 
3 
2 
5 
1 1966863037  
2 
5 
2 
3 
5 
6 
6 
6 
5 
1 1265065735  
6 
6 
2 
1 703991571  
2 
6 
6 
2 
3 
3 
3 
1 645766136  
6 
6 
4 
1 1624657732  
2 
5 
5 
6 
2 
1 1460100414  
1 38219745  
4 
1 1319560877  
4 
3 
2 
5 
1 702594953  
5 
5 
4 
3 
4 
5 
5 
6 
4 
5 
4 
1 1840448384  
6 
4 
6 
1 1392043155  
4 
2 
6 
2 
3 
1 824985207  
2 
1 654034297  
4 
6 
5 
2 
1 754736362  
3 
1 551578039  
1 1653760059  
5 
2 
5 
1 156164718  
6 
2 
5 
6 
3 
3 
1 398776475  
1 1838586891  
5 
5 
1 1491103192  
4 
4 
3 
5 
6 
3 
5 
2 
3 
6 
1 1418700555  
5 
6 
3 
4 
1 1015426775  
1 1251976929  
4 
3 
5 
2 
5 
1 85356810  
4 
3 
6 
6 
4 
4 
4 
3 
3 
1 1389533610  
6 
5 
6 
3 
5 
1 793694211  
3 
2 
1 913639468  
1 1008813175  
5 
1 2122407689  
4 
3 
5 
4 
2 
5 
2 
3 
2 
1 785187500  
2 
6 
6 
1 1467522745  
5 
5 
3 
1 1941787078  
5 
4 
5 
1 2050253236  
2 
4 
6 
5 
5 
2 
5 
1 24030668  
1 440069566  
1 1527427320  
5 
6 
5 
1 1484131083  
3 
6 
6 
4 
6 
2 
6 
4 
1 478289311  
3 
6 
1 699504549  
5 
1 39242388  
2 
1 171254047  
4 
5 
3 
3 
4 
6 
5 
1 2091547704  
4 
2 
1 864227595  
6 
1 825288345  
3 
3 
1 698800418  
4 
3 
3 
2 
5 
6 
4 
2 
4 
1 1415805634  
6 
5 
5 
3 
5 
4 
4 
5 
2 
1 331564756  
1 854965136  
4 
4 
2 
5 
2 
4 
2 
3 
3 
1 1814582109  
1 22668000  
2 
5 
1 198584680  
1 1085799016  
5 
1 1038094775  
4 
5 
5 
1 1450561609  
1 1171155827  
1 280144737  
4 
5 
1 96772172  
1 2084795295  
4 
1 1288957912  
1 71696214  
1 722499147  
6 
1 608997010  
2 
2 
1 2013483292  
2 
5 
1 625268735  
1 633027678  
3 
1 306069211  
1 5212407  
6 
5 
6 
1 2117158761  
2 
2 
1 784358522  
3 
4 
3 
5 
3 
3 
4 
4 
2 
3 
1 704716956  
6 
6 
6 
3 
3 
4 
3 
5 
4 
5 
1 8917502  
2 
6 
2 
4 
4 
1 955612570  
4 
5 
3 
4 
4 
4 
5 
3 
1 648781012  
2 
3 
1 873145097  
4 
6 
3 
6 
2 
5 
6 
2 
5 
1 1780900915  
3 
3 
3 
5 
4 
4 
6 
4 
5 
3 
2 
4 
5 
6 
5 
3 
2 
6 
2 
4 
6 
5 
4 
3 
4 
2 
1 1347581430  
1 141467084  
2 
5 
4 
4 
2 
5 
6 
3 
3 
1 2112465671  
6 
4 
1 55062918  
1 1956049193  
6 
5 
1 2135133671  
1 253647598  
3 
1 894364562  
1 1025744799  
6 
4 
1 1704209208  
4 
1 2065520389  
6 
2 
3 
4 
6 
4 
3 
5 
6 
6 
4 
4 
6 
3 
2 
1 1305889536  
4 
1 1800981380  
3 
3 
5 
2 
5 
1 2002832036  
4 
3 
6 
2 
6 
5 
4 
5 
1 447363801  
2 
4 
5 
1 1872677594  
4 
6 
3 
4 
6 
6 
3 
4 
3 
3 
4 
2 
1 577847535  
2 
4 
6 
6 
3 
3 
2 
4 
5 
5 
6 
5 
4 
4 
2 
2 
4 
4 
6 
3 
3 
3 
1 1056360811  
3 
4 
3 
1 1738677239  
3 
4 
1 1203116271  
5 
3 
1 1689388489  
2 
1 2044746450  
1 1208328678  
2 
2 
6 
1 1659063603  
1 681621324  
5 
3 
5 
2 
5 
3 
6 
3 
6 
4 
4 
4 
1 1913045635  
4 
6 
4 
2 
2 
2 
4 
5 
2 
5 
1 1667981105  
2 
2 
1 1637233894  
3 
2 
5 
2 
3 
2 
4 
4 
1 414342999  
6 
3 
3 
5 
2 
2 
4 
4 
6 
1 393642554  
3 
1 1270651161  
4 
5 
6 
6 
6 
5 
4 
6 
2 
2 
6 
1 1761924430  
6 
1 535109638  
4 
5 
1 1235633185  
3 
3 
6 
2 
5 
6 
5 
2 
3 
3 
1 1816987348  
4 
2 
3 
1 343675184  
2 
4 
3 
1 1223283208  
4 
2 
3 
1 2070634947  
5 
5 
1 1238039746  
6 
2 
5 
3 
3 
6 
3 
1 101544359  
3 
2 
4 
6 
6 
6 
1 1627360507  
6 
3 
6 
5 
4 
6 
3 
2 
2 
5 
4 
5 
2 
4 
5 
1 1156076487  
3 
4 
2 
1 1407433896  
3 
6 
1 1280858239  
6 
3 
3 
4 
3 
2 
5 
5 
3 
1 1011424875  
1 1854797697  
5 
5 
2 
4 
4 
1 1006052186  
3 
4 
1 1589272410  
3 
2 
4 
4 
2 
6 
5 
5 
3 
4 
1 763674860  
3 
6 
1 597245777  
3 
4 
1 644905033  
6 
3 
5 
2 
3 
6 
2 
3 
1 305579701  
3 
6 
2 
1 494508579  
5 
1 1853233712  
5 
6 
5 
4 
4 
1 1964643304  
3 
5 
4 
5 
5 
2 
4 
6 
5 
6 
3 
4 
5 
3 
6 
2 
1 1176129903  
5 
1 1618795699  
5 
1 1485140761  
3 
6 
2 
2 
6 
6 
4 
6 
2 
1 665880150  
4 
5 
5 
6 
3 
2 
3 
1 2033138698  
6 
5 
6 
5 
1 1878783316  
6 
1 1936531311  
3 
4 
6 
1 1647579480  
4 
5 
3 
2 
2 
6 
6 
6 
1 266409306  
6 
4 
2 
6 
1 1024680848  
4 
6 
4 
2 
5 
3 
2 
3 
4 
4 
3 
6 
5 
6 
6 
2 
4 
5 
5 
2 
1 1317083181  
5 
3 
6 
6 
6 
6 
5 
2 
4 
4 
4 
4 
4 
4 
4 
6 
5 
2 
3 
4 
2 
5 
6 
2 
3 
2 
6 
5 
1 610084490  
4 
6 
1 100480409  
1 1240234480  
1 1848124236  
5 
5 
3 
2 
5 
1 202024768  
1 720111339  
4 
4 
4 
6 
1 856717075  
3 
6 
4 
1 1609458664  
6 
1 2000969578  
3 
3 
6 
5 
1 1868141950  
3 
1 1316772713  
2 
2 
1 859538116  
4 
5 
6 
5 
5 
1 1309930713  
6 
6 
6 
5 
1 2080447573  
5 
3 
5 
6 
6 
1 1456783893  
2 
1 1954835746  
6 
5 
3 
4 
5 
3 
1 238543627  
2 
6 
1 1951292472  
6 
2 
4 
6 
3 
5 
1 1660585810  
4 
6 
4 
3 
1 55703283  
2 
3 
3 
4 
4 
1 979938728  
5 
4 
5 
3 
6 
5 
2 
1 1131897861  
3 
2 
6 
5 
1 1540844045  
1 1645818878  
5 
4 
5 
4 
2 
3 
4 
5 
5 
3 
6 
5 
3 
6 
3 
5 
6 
6 
2 
3 
1 1017552912  
4 
1 1272143713  
3 
6 
1 1434866541  
2 
4 
5 
3 
3 
6 
4 
3 
5 
6 
2 
2 
4 
2 
2 
3 
4 
3 
5 
5 
6 
1 517648744  
6 
2 
2 
1 1538553019  
6 
6 
5 
5 
1 312063742  
2 
4 
5 
6 
6 
2 
3 
6 
3 
2 
6 
4 
5 
5 
2 
5 
3 
3 
3 
5 
5 
6 
5 
2 
3 
4 
4 
3 
1 1834731925  
5 
6 
1 1153862  
3 
1 412544151  
2 
5 
3 
2 
2 
3 
4 
5 
2 
4 
4 
1 927482757  
6 
2 
4 
3 
3 
4 
2 
4 
6 
6 
4 
3 
3 
6 
2 
4 
2 
3 
4 
2 
4 
6 
4 
1 1849278098  
6 
1 614568919  
6 
4 
6 
1 1647594096  
6 
6 
3 
2 
4 
5 
5 
5 
2 
5 
5 
1 558511526  
1 76543936  
6 
5 
4 
5 
2 
6 
3 
3 
6 
2 
4 
1 1501080027  
4 
1 279169828  
5 
3 
1 1393316649  
3 
2 
2 
2 
5 
1 213134495  
4 
3 
5 
6 
5 
2 
5 
6 
6 
1 1589100541  
1 1326280575  
4 
2 
3 
3 
6 
5 
4 
2 
2 
3 
4 
6 
4 
3 
5 
3 
1 1669918389  
5 
1 1396452640  
5 
6 
5 
1 1564824202  
3 
1 1473727213  
2 
2 
3 
1 909554802  
4 
4 
1 1620527485  
4 
4 
1 306182293  
5 
6 
5 
3 
3 
4 
1 2041452664  
3 
6 
2 
6 
3 
4 
2 
1 1013887882  
4 
3 
3 
3 
4 
1 1952001171  
3 
4 
1 911521928  
2 
4 
3 
4 
1 138547947  
3 
3 
2 
6 
2 
2 
3 
5 
1 1239384065  
2 
6 
1 1429170672  
5 
2 
2 
1 1677100967  
6 
3 
2 
3 
1 1551447807  
1 1116418950  
6 
4 
2 
4 
3 
3 
6 
3 
1 1678254829  
1 1963991958  
3 
2 
4 
1 2043901707  
6 
5 
4 
1 1380049279  
4 
5 
1 431077229  
3 
2 
1 1544012156  
6 
2 
2 
6 
4 
3 
2 
4 
3 
6 
6 
2 
5 
4 
4 
5 
5 
1 1938560805  
6 
2 
5 
5 
3 
6 
3 
6 
6 
1 507621165  
4 
3 
5 
6 
1 897608535  
2 
4 
3 
3 
1 70246986  
2 
5 
4 
6 
4 
4 
3 
6 
6 
3 
2 
3 
1 1900937815  
6 
6 
5 
2 
3 
4 
6 
5 
5 
1 1110743030  
2 
1 1659347527  
4 
1 1079734742  
1 633177771  
5 
6 
1 908316519  
5 
3 
2 
3 
5 
3 
6 
2 
2 
5 
6 
1 497075296  
1 2106904985  
5 
5 
5 
2 
2 
5 
4 
5 
6 
6 
4 
1 1817871322  
5 
3 
6 
6 
4 
6 
1 2117602781  
2 
3 
3 
6 
4 
1 265603630  
6 
4 
2 
2 
4 
1 1711840338  
1 984007016  
3 
4 
4 
2 
1 70121154  
2 
4 
4 
5 
3 
2 
2 
3 
4 
6 
3 
2 
4 
3 
6 
5 
2 
1 475878618  
2 
4 
6 
5 
6 
1 1122554963  
3 
3 
6 
1 1309505219  
2 
1 1905049290  
6 
2 
2 
3 
6 
4 
2 
5 
1 652172282  
4 
1 713469378  
2 
2 
6 
3 
1 873984592  
1 182943463  
1 529977688  
3 
5 
2 
2 
4 
6 
6 
6 
2 
5 
3 
1 770402652  
4 
1 1562992743  
1 961054917  
1 166931160  
3 
6 
4 
4 
2 
5 
2 
2 
2 
2 
5 
4 
3 
3 
4 
2 
3 
6 
1 1354069900  
3 
1 1468676083  
5 
4 
1 1064539695  
1 1424316886  
1 1222130250  
3 
6 
1 27799077  
6 
2 
5 
1 936180766  
6 
1 154381344  
6 
4 
3 
4 
6 
6 
1 660976849  
3 
1 1844497285  
2 
4 
5 
1 651456640  
3 
4 
5 
3 
1 620398186  
4 
3 
6 
1 1514884959  
6 
4 
6 
1 621575773  
2 
3 
6 
6 
2 
1 886001816  
3 
2 
5 
5 
4 
2 
1 1079241649  
2 
1 1605582789  
1 956122970  
5 
6 
5 
5 
4 
5 
2 
6 
1 1555120267  
4 
3 
1 580654105  
5 
3 
6 
4 
5 
4 
1 118144541  
1 1312685910  
2 
4 
5 
2 
6 
1 1232826387  
2 
5 
1 831613919  
3 
6 
5 
1 39186854  
5 
5 
5 
2 
6 
2 
6 
2 
3 
6 
4 
2 
6 
5 
4 
6 
3 
1 1415769851  
3 
2 
3 
2 
5 
1 1361591607  
1 809589506  
5 
2 
5 
5 
1 831278946  
6 
2 
4 
5 
5 
1 175162877  
6 
3 
1 976520666  
3 
1 37865198  
5 
4 
3 
4 
4 
5 
5 
3 
2 
1 1643838960  
1 2041060361  
4 
2 
2 
2 
6 
5 
4 
1 1462182085  
2 
2 
4 
5 
3 
3 
4 
2 
4 
3 
1 718485562  
5 
1 2068859439  
6 
6 
2 
2 
3 
5 
2 
2 
3 
2 
3 
3 
3 
3 
4 
6 
1 250879203  
6 
3 
6 
2 
3 
2 
3 
2 
1 872866906  
5 
2 
3 
2 
6 
6 
1 582352640  
5 
2 
6 
2 
2 
1 2095376488  
3 
3 
6 
2 
3 
6 
4 
3 
4 
6 
4 
5 
4 
6 
6 
5 
4 
5 
3 
5 
2 
2 
2 
5 
3 
6 
1 1524323546  
3 
5 
2 
5 
1 1202750826  
6 
4 
3 
5 
6 
2 
1 1462777800  
1 2145899319  
4 
5 
3 
1 2088752642  
6 
4 
1 394535801  
6 
2 
2 
1 1603998461  
4 
1 897391965  
6 
1 1949656069  
3 
1 37168918  
2 
6 
1 1015536506  
2 
1 1114858331  
3 
5 
6 
6 
4 
6 
5 
5 
3 
4 
2 
2 
4 
6 
4 
5 
5 
5 
1 1269995305  
1 1847150426  
6 
1 1154045185  
5 
6 
6 
2 
2 
1 538281508  
4 
6 
1 1061258385  
3 
6 
5 
2 
4 
1 1963634692  
5 
5 
5 
1 1369560454  
3 
1 1236421262  
6 
2 
3 
4 
2 
6 
5 
5 
6 
4 
4 
2 
6 
5 
1 792671710  
4 
2 
5 
3 
3 
1 1407425653  
4 
6 
4 
4 
3 
6 
2 
1 732776574  
6 
2 
5 
4 
5 
4 
3 
4 
2 
3 
1 686248424  
4 
1 722124090  
6 
2 
1 1451262136  
6 
2 
5 
6 
6 
2 
5 
3 
4 
3 
6 
3 
4 
6 
6 
1 607624215  
2 
5 
2 
5 
3 
6 
6 
1 973003293  
4 
1 176645394  
4 
6 
4 
1 1189976855  
4 
6 
1 920896133  
5 
5 
3 
5 
4 
1 1700968940  
4 
2 
3 
1 245244033  
6 
3 
1 236190285  
2 
5 
3 
6 
4 
2 
2 
2 
1 1699384612  
4 
1 186513027  
2 
2 
3 
1 630726087  
5 
1 1155899425  
4 
5 
1 1083904992  
1 432898508  
6 
3 
1 1193068343  
1 2099441499  
6 
5 
2 
6 
2 
5 
5 
5 
2 
3 
1 1547756839  
5 
2 
6 
6 
3 
3 
4 
2 
5 
5 
1 315580000  
1 1799108277  
4 
2 
5 
5 
4 
1 554318376  
2 
4 
5 
6 
5 
4 
2 
6 
6 
4 
4 
4 
2 
2 
6 
3 
3 
2 
2 
4 
6 
4 
6 
6 
2 
5 
5 
3 
5 
4 
6 
6 
2 
4 
4 
2 
4 
3 
5 
4 
2 
3 
5 
1 853861509  
4 
5 
3 
2 
2 
2 
1 712883014  
4 
3 
1 370469420  
2 
1 75938315  
5 
3 
3 
1 1949304277  
1 1163141131  
5 
5 
2 
5 
4 
4 
5 
5 
4 
1 1483363968  
4 
6 
6 
6 
1 534597203  
5 
5 
2 
5 
4 
6 
1 1849389555  
2 
2 
3 
4 
1 58004410  
5 
6 
5 
6 
3 
1 1985859340  
1 309530122  
5 
1 1031007703  
1 15021086  
2 
1 1499506977  
3 
1 1951903837  
2 
3 
3 
2 
6 
6 
2 
3 
4 
5 
5 
2 
2 
1 1715990027  
3 
1 1744751010  
6 
3 
3 
6 
2 
6 
1 40610474  
2 
3 
1 1267890991  
4 
4 
4 
4 
5 
3 
3 
3 
5 
4 
5 
1 1931264037  
4 
2 
5 
3 
1 671336561  
5 
2 
1 276306768  
6 
2 
2 
3 
5 
3 
1 867685382  
3 
5 
2 
3 
2 
2 
4 
1 1104235069  
1 1469375111  
3 
1 819643233  
1 504508260  
3 
3 
2 
2 
2 
4 
2 
6 
4 
6 
4 
5 
2 
5 
1 1784955111  
5 
5 
4 
1 471267862  
4 
2 
4 
6 
6 
2 
1 1058826637  
5 
4 
4 
6 
1 491332972  
4 
2 
6 
6 
4 
5 
2 
3 
2 
3 
1 1184150876  
4 
3 
6 
4 
3 
5 
4 
3 
3 
2 
4 
1 1429296057  
3 
6 
2 
4 
4 
5 
5 
4 
5 
2 
1 567271288  
3 
3 
3 
4 
3 
4 
5 
2 
1 985971505  
2 
5 
2 
5 
4 
4 
3 
3 
2 
1 444953540  
5 
2 
5 
1 2050635256  
2 
4 
2 
2 
3 
4 
2 
2 
5 
2 
4 
5 
2 
6 
2 
2 
3 
5 
3 
2 
1 1520568709  
5 
3 
6 
6 
2 
1 146859447  
5 
6 
6 
1 2108639667  
5 
6 
6 
1 1358944401  
2 
1 456389569  
4 
3 
6 
5 
3 
2 
4 
2 
3 
5 
4 
4 
2 
3 
1 992163722  
2 
3 
5 
1 1373965487  
5 
5 
4 
1 1955896546  
1 796583911  
4 
2 
1 942471866  
2 
4 
3 
2 
1 1553163908  
6 
4 
2 
5 
6 
1 837194386  
5 
6 
3 
2 
6 
3 
6 
1 62879209  
6 
3 
3 
2 
3 
4 
6 
6 
6 
3 
1 1336944298  
1 1508530947  
6 
6 
6 
2 
5 
6 
1 339185977  
4 
1 57146032  
1 465282369  
4 
5 
5 
2 
1 1808561088  
1 876789265  
4 
4 
3 
6 
1 969790629  
3 
5 
6 
3 
1 1446032552  
5 
2 
2 
6 
5 
3 
5 
3 
4 
6 
1 1348057127  
2 
2 
2 
6 
3 
6 
2 
6 
2 
2 
3 
4 
2 
4 
5 
1 2028617266  
5 
1 1937365524  
6 
2 
4 
1 384724355  
3 
2 
3 
5 
5 
4 
2 
4 
4 
6 
6 
1 1310429676  
3 
1 357153164  
4 
1 1370695861  
6 
4 
3 
2 
2 
2 
6 
6 
6 
5 
6 
3 
3 
3 
4 
6 
2 
2 
3 
6 
3 
6 
2 
3 
3 
2 
3 
2 
1 1755383216  
3 
5 
6 
5 
3 
4 
3 
4 
5 
1 260304773  
6 
3 
4 
1 743780922  
6 
5 
5 
2 
6 
2 
6 
2 
5 
2 
1 1902242664  
2 
4 
6 
6 
6 
2 
6 
3 
1 221460792  
3 
5 
6 
5 
1 2102725323  
3 
5 
1 211148585  
1 1213624514  
4 
3 
6 
4 
2 
3 
1 1329207162  
6 
4 
6 
4 
1 19561484  
4 
1 2010208426  
3 
4 
1 124195381  
1 1572725392  
4 
6 
1 699919164  
3 
2 
6 
5 
1 187074590  
3 
3 
3 
3 
2 
4 
4 
3 
1 762186042  
5 
4 
3 
1 60966463  
3 
5 
6 
3 
3 
1 526260568  
2 
1 819332074  
5 
5 
6 
6 
6 
3 
6 
2 
2 
4 
4 
2 
6 
6 
1 526248832  
3 
4 
2 
5 
4 
3 
5 
1 187338008  
6 
6 
6 
2 
3 
3 
4 
3 
2 
3 
4 
6 
1 1696121339  
1 1496039462  
4 
4 
1 1633370560  
3 
5 
5 
2 
1 896694818  
3 
5 
6 
2 
3 
1 1377173080  
2 
3 
3 
3 
5 
5 
1 1423252437  
6 
5 
5 
4 
1 1281419174  
6 
6 
1 540119108  
5 
2 
4 
1 1780405601  
6 
4 
2 
1 504631387  
3 
4 
5 
5 
4 
3 
5 
3 
6 
2 
3 
3 
5 
3 
4 
4 
2 
6 
4 
1 148018677  
4 
4 
3 
2 
3 
3 
4 
1 2040710374  
3 
2 
1 1248412309  
5 
1 2050261341  
2 
1 114687518  
2 
4 
4 
1 1203653984  
6 
4 
2 
3 
6 
6 
4 
6 
5 
5 
4 
6 
1 113926278  
3 
5 
5 
4 
6 
4 
6 
6 
6 
4 
1 1328312033  
6 
3 
5 
3 
4 
6 
6 
5 
2 
2 
5 
1 385377498  
6 
6 
5 
2 
1 133487762  
3 
2 
2 
2 
1 1191036811  
4 
2 
2 
5 
1 509572879  
6 
5 
1 1706213155  
6 
1 1890955975  
6 
5 
2 
5 
2 
1 696647470  
3 
3 
1 320915549  
4 
2 
5 
1 1951922438  
4 
4 
6 
1 1222908038  
4 
3 
1 1140247624  
1 330687623  
1 1410246046  
2 
3 
3 
6 
4 
3 
1 688885315  
6 
5 
3 
6 
4 
6 
1 1826727085  
6 
6 
5 
2 
1 896132959  
3 
3 
1 1585580134  
2 
3 
5 
3 
3 
1 1056416517  
6 
5 
3 
1 171901748  
1 719515660  
5 
1 1596535626  
4 
5 
4 
6 
6 
1 1952307349  
4 
2 
5 
5 
4 
2 
3 
6 
4 
6 
1 1224147047  
3 
5 
6 
1 1744554303  
5 
1 1845534076  
6 
1 325075708  
6 
6 
5 
1 1647331996  
3 
5 
4 
2 
1 1960221594  
2 
1 1528729692  
3 
3 
1 1761258274  
6 
2 
1 1141049979  
5 
5 
3 
1 1914107190  
3 
6 
4 
2 
1 1894746037  
6 
4 
2 
4 
6 
4 
4 
5 
4 
1 184603142  
1 276196422  
5 
4 
6 
4 
6 
2 
2 
3 
6 
6 
4 
3 
1 1453475544  
1 2075559117  
3 
4 
5 
6 
2 
1 972843892  
1 1774391093  
3 
1 1879997908  
5 
5 
2 
6 
4 
6 
5 
5 
5 
5 
3 
2 
1 48268282  
1 767155069  
3 
3 
5 
2 
4 
4 
4 
6 
4 
4 
4 
3 
5 
5 
1 63201883  
6 
6 
6 
4 
2 
6 
3 
5 
2 
5 
1 1458514328  
5 
2 
2 
4 
2 
2 
3 
3 
2 
3 
5 
4 
5 
6 
4 
5 
1 1456040385  
6 
4 
2 
2 
1 1889928968  
4 
6 
1 207163639  
5 
6 
4 
6 
2 
3 
5 
4 
3 
4 
5 
3 
1 894136871  
5 
2 
1 798861837  
5 
6 
3 
5 
5 
2 
4 
1 379065387  
4 
4 
5 
1 1613652531  
5 
4 
4 
1 247913815  
3 
4 
2 
3 
5 
1 183889089  
1 690315930  
2 
2 
5 
1 1992468118  
2 
4 
4 
5 
5 
1 2029423165  
4 
4 
5 
3 
6 
6 
5 
5 
1 1015391638  
6 
5 
3 
5 
1 1492316466  
1 1842161111  
3 
6 
2 
4 
3 
5 
5 
1 396637682  
2 
2 
5 
6 
4 
6 
1 1106091093  
6 
4 
4 
6 
3 
6 
4 
1 835727443  
6 
1 163261224  
3 
1 853353482  
6 
2 
6 
4 
2 
4 
6 
1 1020330585  
4 
3 
6 
3 
4 
4 
6 
3 
2 
6 
6 
2 
4 
6 
2 
3 
6 
5 
6 
6 
2 
3 
6 
3 
2 
5 
2 
2 
4 
1 439457646  
3 
4 
2 
6 
6 
5 
5 
3 
4 
3 
6 
2 
3 
6 
6 
6 
1 159345378  
4 
3 
2 
1 948406055  
4 
5 
2 
5 
4 
4 
3 
1 1412301538  
1 1933736471  
2 
4 
6 
3 
3 
4 
1 680920315  
5 
4 
1 1460569820  
2 
2 
4 
2 
2 
5 
2 
4 
4 
1 553407893  
1 744122198  
3 
1 771600501  
5 
5 
5 
6 
5 
1 2009448278  
6 
3 
2 
6 
4 
4 
3 
5 
5 
6 
2 
3 
6 
5 
4 
4 
4 
4 
3 
3 
5 
5 
6 
5 
6 
6 
1 486567518  
3 
4 
2 
3 
1 978764140  
1 756101501  
1 1285429355  
5 
4 
1 1357829528  
4 
3 
2 
6 
2 
6 
6 
1 222270384  
2 
1 1533343171  
4 
6 
5 
4 
2 
3 
5 
4 
4 
5 
1 1541718617  
1 912586314  
6 
1 1378327641  
2 
5 
5 
3 
3 
3 
6 
6 
2 
3 
3 
5 
3 
1 1423658134  
2 
1 1927977952  
6 
5 
1 723160460  
2 
3 
5 
4 
5 
4 
4 
3 
6 
6 
6 
2 
4 
3 
4 
1 1118335597  
4 
3 
6 
3 
6 
6 
3 
1 177131986  
3 
1 1829251553  
3 
4 
5 
4 
3 
3 
1 1954063040  
4 
1 340393210  
1 535121387  
2 
4 
1 826909978  
4 
5 
3 
6 
4 
6 
4 
2 
5 
5 
4 
6 
5 
1 779850857  
6 
3 
5 
4 
5 
2 
3 
2 
3 
6 
3 
2 
5 
6 
6 
6 
4 
1 694466765  
3 
1 1775316033  
4 
4 
5 
2 
1 44668747  
3 
5 
2 
6 
5 
2 
5 
3 
3 
5 
4 
1 480719588  
3 
1 308752700  
6 
4 
6 
1 1505238568  
6 
6 
5 
2 
6 
1 1034127481  
4 
5 
1 1052874898  
3 
6 
1 129355421  
4 
1 896092111  
2 
5 
6 
3 
4 
3 
6 
4 
4 
3 
4 
5 
4 
5 
5 
1 1539442416  
2 
3 
6 
3 
1 1108119561  
5 
5 
2 
3 
2 
4 
6 
6 
3 
5 
2 
3 
3 
2 
6 
2 
2 
6 
2 
2 
2 
2 
4 
3 
5 
5 
5 
1 1652193612  
3 
4 
6 
5 
5 
1 677388123  
3 
5 
4 
4 
1 318465441  
3 
1 1874463996  
5 
4 
3 
1 63247646  
2 
4 
2 
2 
3 
1 1860184058  
1 639566662  
2 
5 
5 
2 
3 
1 1441575288  
6 
2 
1 1136358544  
2 
4 
5 
3 
2 
5 
6 
3 
1 420060966  
5 
5 
2 
3 
4 
2 
5 
4 
1 17252100  
2 
5 
2 
6 
2 
5 
5 
5 
6 
5 
4 
2 
4 
2 
6 
5 
4 
4 
5 
3 
6 
2 
3 
3 
3 
5 
2 
5 
5 
6 
4 
4 
3 
1 107210494  
6 
4 
2 
6 
1 597192952  
1 1846503653  
1 2061273534  
3 
1 937586163  
6 
1 234141392  
2 
2 
6 
2 
6 
5 
2 
1 740699864  
5 
6 
4 
3 
3 
4 
5 
6 
6 
3 
1 1717437020  
3 
4 
4 
2 
5 
3 
3 
3 
4 
6 
4 
6 
6 
2 
5 
1 928608157  
6 
3 
6 
1 368532249  
4 
6 
1 1762105767  
1 1409327745  
2 
2 
1 677284949  
3 
3 
2 
5 
2 
1 1119860687  
6 
5 
2 
3 
5 
4 
1 295971579  
3 
4 
1 1730159847  
4 
2 
6 
5 
6 
6 
2 
5 
4 
6 
2 
2 
5 
1 1249216108  
1 1192063690  
4 
3 
2 
3 
6 
4 
4 
1 1122118615  
6 
4 
1 209852022  
6 
3 
3 
3 
4 
1 696773655  
2 
1 1799506739  
1 528317463  
2 
4 
5 
4 
5 
2 
3 
4 
5 
1 423754003  
6 
1 1862754385  
3 
3 
5 
3 
3 
1 241017874  
1 1063320666  
2 
4 
2 
5 
4 
2 
4 
3 
5 
4 
1 1156846025  
2 
2 
2 
4 
3 
1 1377376418  
3 
6 
5 
1 1483381632  
4 
6 
1 1174098125  
5 
3 
4 
3 
6 
4 
1 1484586912  
5 
3 
4 
5 
4 
3 
6 
5 
6 
2 
6 
4 
4 
2 
1 2080574585  
6 
4 
3 
4 
2 
3 
5 
3 
6 
5 
2 
1 873118130  
3 
6 
6 
4 
6 
2 
5 
6 
4 
5 
4 
6 
1 1398376799  
4 
3 
2 
6 
6 
2 
2 
1 870677100  
3 
6 
1 1107259522  
1 2139076663  
1 440630472  
3 
6 
6 
3 
1 2035867679  
5 
4 
5 
4 
3 
5 
4 
5 
5 
3 
1 360125265  
3 
2 
4 
5 
5 
6 
2 
1 55252591  
4 
2 
6 
1 1297711777  
3 
6 
6 
5 
5 
5 
3 
5 
1 1037410214  
6 
5 
4 
6 
5 
5 
4 
1 1175113279  
4 
5 
3 
5 
5 
3 
2 
6 
1 1593683356  
2 
3 
5 
1 620086414  
3 
5 
4 
5 
5 
6 
4 
6 
4 
5 
2 
6 
2 
3 
5 
3 
4 
4 
2 
5 
3 
4 
6 
6 
6 
4 
1 276845739  
1 638263398  
2 
2 
3 
6 
1 1742205029  
5 
3 
2 
3 
2 
3 
3 
3 
6 
2 
4 
5 
1 486697761  
6 
2 
3 
1 1335037053  
2 
1 1394228120  
3 
3 
3 
4 
1 1015015225  
3 
4 
4 
2 
3 
2 
4 
6 
3 
1 1758791057  
5 
1 1109498858  
2 
6 
4 
3 
5 
2 
3 
6 
4 
1 1256033099  
4 
4 
3 
5 
1 674628075  
2 
1 118861235  
6 
4 
3 
4 
3 
2 
1 485925869  
6 
4 
4 
1 10526059  
3 
1 1292959361  
1 1970512782  
6 
2 
1 2091100644  
1 18593843  
2 
1 1221405933  
3 
5 
6 
6 
3 
3 
3 
6 
3 
3 
5 
4 
3 
6 
3 
6 
3 
3 
1 814294096  
3 
5 
2 
5 
3 
3 
5 
1 1125853366  
3 
3 
3 
5 
5 
1 1212998948  
6 
6 
1 1254924568  
3 
4 
2 
1 1014237397  
1 1573124213  
4 
1 1310177160  
5 
6 
4 
6 
5 
4 
5 
6 
4 
5 
1 164465526  
2 
1 463050780  
2 
3 
4 
4 
5 
2 
4 
3 
6 
6 
3 
5 
4 
1 337806791  
1 1758148882  
2 
2 
5 
2 
4 
3 
1 1083137194  
4 
4 
4 
4 
3 
1 614652530  
3 
6 
4 
5 
3 
2 
5 
2 
6 
1 248928633  
4 
1 677858575  
6 
4 
1 1101350292  
4 
3 
6 
3 
4 
1 1583965686  
1 2072086696  
1 2116365517  
4 
2 
6 
2 
1 1195273095  
3 
2 
3 
5 
4 
1 1034101906  
4 
6 
1 1224914968  
4 
4 
2 
1 1869901170  
3 
5 
6 
2 
5 
2 
2 
4 
3 
1 1152963141  
4 
5 
4 
1 1710840837  
5 
6 
2 
1 1880427230  
2 
1 298438854  
4 
1 1533869971  
4 
2 
5 
4 
5 
2 
3 
2 
3 
6 
6 
1 1824044226  
5 
1 317032698  
3 
6 
3 
6 
6 
6 
4 
6 
6 
3 
4 
3 
1 607792256  
2 
4 
4 
3 
4 
2 
5 
2 
6 
4 
1 490854675  
2 
5 
1 1442886064  
6 
5 
6 
1 1820791205  
1 1745779243  
2 
6 
4 
5 
1 309639813  
5 
1 1246431770  
6 
5 
6 
1 908472755  
3 
1 474105340  
3 
4 
6 
5 
4 
4 
2 
3 
4 
1 1709482550  
3 
6 
6 
5 
1 1246279546  
2 
6 
6 
3 
5 
2 
2 
5 
1 84770574  
3 
3 
5 
2 
3 
6 
6 
6 
4 
5 
1 645136096  
1 1860932077  
3 
5 
1 333699207  
2 
1 1322994672  
5 
3 
2 
6 
4 
5 
2 
2 
6 
2 
3 
3 
6 
1 814798721  
4 
5 
3 
3 
6 
4 
3 
4 
6 
5 
6 
6 
2 
5 
5 
1 1917664894  
2 
2 
5 
1 1247597720  
5 
1 783680590  
2 
2 
3 
4 
3 
6 
6 
2 
2 
4 
5 
5 
4 
2 
1 965454341  
5 
1 134215978  
6 
1 2008595558  
5 
3 
4 
2 
6 
4 
3 
2 
5 
2 
1 687871864  
6 
5 
6 
1 1287179119  
6 
1 1571952747  
6 
4 
2 
4 
6 
3 
4 
1 420815446  
1 1585617974  
5 
3 
2 
5 
5 
1 958339071  
4 
1 97376024  
5 
3 
1 1902650672  
5 
1 1566131327  
6 
5 
1 588230699  
2 
4 
4 
2 
1 1198053088  
5 
3 
4 
5 
1 1239438884  
2 
3 
5 
5 
5 
4 
3 
5 
3 
3 
3 
5 
5 
3 
1 186526295  
1 1507692901  
1 338387007  
2 
4 
2 
6 
2 
3 
6 
1 1094999050  
2 
3 
1 1981798241  
5 
5 
4 
1 2047869557  
2 
1 193794949  
2 
4 
6 
2 
1 2066568816  
3 
2 
2 
6 
2 
2 
3 
6 
2 
4 
5 
4 
1 545522006  
2 
5 
6 
5 
1 2054727026  
5 
5 
5 
6 
1 252784375  
1 1868516678  
6 
6 
6 
5 
6 
1 722042099  
5 
6 
2 
2 
5 
2 
2 
2 
2 
4 
2 
3 
2 
2 
2 
4 
5 
2 
3 
5 
2 
5 
4 
1 22965621  
4 
1 968630750  
3 
5 
4 
3 
5 
6 
3 
4 
2 
3 
4 
6 
5 
5 
4 
1 1505722689  
6 
1 988419963  
2 
5 
5 
3 
2 
1 1102846728  
3 
3 
2 
4 
2 
4 
2 
4 
5 
4 
4 
4 
3 
5 
5 
5 
3 
3 
4 
1 1366834599  
4 
3 
4 
5 
2 
1 1676291827  
6 
1 242542199  
5 
1 791303698  
5 
4 
3 
2 
1 2097107273  
5 
6 
4 
3 
3 
6 
1 1828160173  
6 
1 1749642769  
5 
5 
2 
6 
4 
6 
3 
4 
1 46999649  
1 1583327197  
5 
4 
1 1168290449  
5 
4 
3 
2 
1 635230349  
4 
2 
1 633896637  
6 
5 
3 
3 
1 260245685  
5 
6 
2 
1 821756644  
1 2141589539  
6 
5 
4 
2 
6 
5 
5 
2 
2 
4 
1 598632692  
3 
1 1916755694  
1 1975904132  
6 
3 
2 
4 
2 
4 
5 
1 499018602  
3 
5 
1 2110550643  
3 
3 
6 
2 
4 
1 1894989300  
6 
2 
2 
3 
5 
2 
3 
5 
3 
4 
4 
1 1044540608  
6 
3 
2 
6 
6 
3 
4 
1 2017794021  
1 290028  
1 765573638  
1 592352472  
3 
5 
1 23255649  
4 
4 
6 
4 
6 
6 
6 
6 
6 
4 
5 
1 1734204388  
5 
6 
4 
4 
6 
6 
6 
4 
5 
6 
5 
4 
4 
2 
5 
6 
1 2098075161  
5 
6 
1 1011675612  
2 
4 
4 
3 
3 
4 
4 
5 
1 689567468  
3 
3 
4 
6 
3 
3 
4 
6 
1 1317426112  
6 
4 
1 540483791  
3 
4 
5 
5 
6 
1 932109667  
3 
1 2108729811  
2 
6 
4 
3 
4 
3 
3 
5 
4 
2 
6 
5 
5 
6 
5 
5 
4 
5 
3 
5 
3 
1 490107416  
2 
2 
4 
2 
3 
5 
3 
3 
2 
2 
4 
5 
5 
6 
5 
5 
3 
5 
3 
5 
5 
6 
4 
4 
1 612786193  
6 
4 
6 
2 
3 
3 
6 
5 
2 
4 
1 1710888932  
1 537107066  
2 
4 
2 
3 
5 
4 
4 
6 
2 
2 
4 
2 
2 
2 
1 48629742  
6 
3 
3 
2 
3 
1 731695733  
4 
2 
2 
2 
2 
2 
6 
4 
3 
3 
6 
6 
6 
5 
6 
6 
4 
4 
5 
3 
1 1172337415  
1 682526380  
3 
2 
5 
3 
5 
6 
1 991941419  
5 
3 
2 
3 
6 
6 
1 1994094059  
2 
5 
5 
5 
6 
4 
4 
2 
6 
2 
1 676632271  
5 
4 
3 
1 1590574111  
4 
4 
6 
6 
3 
6 
3 
4 
3 
5 
5 
3 
6 
1 1763366105  
4 
5 
5 
2 
2 
5 
1 505052755  
1 2089592713  
1 1726433101  
6 
5 
5 
1 252558408  
5 
5 
4 
5 
5 
6 
1 986649673  
6 
6 
6 
5 
3 
5 
3 
2 
1 1596743474  
3 
1 252848436  
2 
6 
6 
6 
3 
3 
6 
3 
5 
1 1752223311  
6 
3 
1 41612299  
6 
4 
4 
6 
1 276104085  
3 
1 1338944051  
4 
5 
4 
4 
1 2139687460  
6 
2 
6 
6 
4 
1 1287779698  
3 
4 
4 
5 
1 2028511519  
4 
4 
5 
2 
4 
3 
1 1309629925  
2 
5 
2 
6 
1 1828263489  
6 
5 
4 
1 813137539  
3 
3 
3 
2 
5 
1 1270876088  
5 
2 
2 
3 
2 
5 
2 
6 
1 170887258  
3 
4 
5 
1 1425923732  
2 
6 
4 
4 
2 
2 
5 
2 
6 
6 
2 
6 
2 
3 
5 
1 834281372  
3 
3 
2 
4 
3 
1 707994324  
4 
1 1474553474  
2 
5 
1 1565977106  
3 
5 
5 
6 
2 
1 1880331739  
3 
1 9596206  
4 
1 410434877  
5 
1 1726942150  
5 
6 
4 
5 
1 686228477  
3 
6 
2 
1 2001008988  
5 
4 
3 
6 
6 
4 
1 1342824607  
1 1191281233  
5 
2 
1 1943118054  
6 
2 
2 
4 
1 921774060  
3 
4 
2 
3 
1 1443839641  
1 782284079  
6 
4 
3 
4 
2 
5 
5 
4 
5 
6 
6 
1 371033887  
6 
4 
1 1696688077  
2 
6 
2 
6 
4 
4 
1 387023743  
1 412646186  
5 
6 
2 
6 
4 
1 1972792162  
5 
4 
2 
6 
2 
3 
4 
6 
4 
4 
5 
3 
4 
2 
2 
3 
5 
6 
5 
3 
3 
6 
3 
5 
4 
3 
3 
3 
2 
6 
4 
5 
2 
2 
3 
5 
6 
6 
5 
2 
3 
1 1725967794  
6 
6 
2 
4 
3 
4 
4 
5 
6 
1 404849998  
6 
2 
2 
2 
4 
5 
2 
5 
4 
3 
6 
5 
2 
5 
4 
5 
5 
4 
2 
4 
4 
6 
3 
2 
2 
3 
1 1113088212  
5 
3 
1 1606995666  
6 
1 1714479923  
1 793868054  
5 
3 
3 
2 
4 
1 272649557  
5 
4 
3 
3 
5 
5 
2 
5 
3 
4 
4 
6 
4 
2 
5 
4 
6 
1 837872363  
3 
5 
3 
2 
3 
5 
5 
3 
4 
6 
5 
5 
4 
6 
1 964755312  
2 
4 
2 
6 
1 1698573289  
5 
4 
4 
2 
3 
4 
5 
5 
2 
6 
2 
2 
5 
6 
4 
2 
1 1672153736  
5 
2 
6 
4 
6 
3 
6 
5 
1 1672749636  
4 
3 
6 
3 
3 
4 
3 
4 
6 
6 
5 
3 
3 
1 1025643115  
3 
3 
2 
1 1090647194  
6 
6 
6 
3 
1 1405597727  
4 
5 
6 
3 
2 
3 
1 1035239322  
6 
6 
1 1501082071  
3 
2 
4 
5 
4 
4 
6 
3 
4 
2 
5 
3 
6 
6 
4 
3 
2 
1 985056229  
2 
6 
5 
1 1721467799  
2 
5 
2 
3 
2 
2 
3 
4 
6 
4 
1 1354607411  
5 
1 180397188  
5 
3 
5 
2 
5 
1 765265384  
3 
5 
1 1150241817  
1 1102171249  
3 
3 
3 
2 
2 
3 
2 
6 
5 
4 
6 
5 
1 61621377  
4 
3 
2 
6 
1 1932525897  
4 
3 
3 
4 
6 
4 
3 
1 1473205136  
6 
3 
2 
2 
3 
6 
4 
2 
3 
3 
2 
1 1758309454  
5 
2 
6 
1 172065992  
2 
3 
2 
4 
5 
4 
6 
5 
1 1885851322  
2 
4 
4 
5 
4 
3 
4 
3 
4 
2 
4 
6 
6 
2 
1 1583617969  
1 1898033786  
2 
1 143217672  
4 
1 549222533  
3 
2 
4 
2 
2 
3 
5 
5 
6 
4 
4 
6 
1 1357545804  
4 
6 
1 1857697596  
4 
5 
2 
5 
6 
2 
2 
4 
4 
1 1343090587  
1 1630195361  
1 548086311  
5 
4 
1 160362251  
4 
4 
6 
5 
4 
4 
1 1181285002  
2 
4 
2 
4 
1 72756399  
1 1833111887  
6 
2 
5 
4 
2 
4 
2 
3 
6 
1 59444470  
2 
5 
4 
6 
6 
2 
6 
2 
3 
4 
2 
5 
5 
4 
2 
4 
4 
2 
4 
6 
6 
3 
4 
1 1163403593  
5 
1 1091225966  
6 
1 1094683792  
5 
3 
4 
5 
1 517002016  
2 
5 
3 
3 
3 
3 
2 
6 
5 
5 
6 
6 
5 
4 
6 
2 
3 
5 
3 
3 
3 
3 
3 
6 
3 
5 
1 2076282195  
6 
1 668667943  
2 
4 
1 1871609428  
1 109195736  
3 
3 
2 
5 
6 
1 1433933328  
4 
1 874367597  
1 1211366985  
2 
1 1495554705  
4 
6 
2 
2 
5 
4 
3 
6 
6 
1 659409846  
3 
2 
3 
5 
6 
6 
6 
4 
4 
1 537088473  
4 
3 
5 
6 
5 
6 
2 
3 
1 1106380512  
1 831475838  
6 
3 
1 275456147  
2 
2 
3 
1 542514833  
6 
4 
5 
4 
3 
1 582025977  
2 
2 
6 
4 
3 
5 
1 418673819  
2 
4 
2 
4 
2 
2 
5 
3 
3 
4 
6 
2 
6 
5 
6 
6 
6 
3 
6 
4 
6 
5 
3 
6 
5 
6 
6 
4 
4 
2 
2 
5 
4 
1 1091737366  
1 1939571781  
2 
1 128887767  
4 
4 
6 
1 287344306  
5 
5 
5 
4 
4 
1 1422283495  
6 
3 
2 
6 
3 
5 
2 
2 
4 
1 676974079  
4 
4 
6 
5 
1 447706557  
6 
2 
3 
5 
1 456084849  
6 
2 
3 
4 
4 
6 
4 
4 
3 
4 
4 
5 
3 
5 
4 
5 
2 
4 
6 
6 
3 
6 
6 
2 
4 
6 
5 
6 
4 
1 749730478  
3 
1 133334797  
4 
2 
4 
1 515529319  
6 
4 
3 
3 
1 1913134072  
5 
6 
5 
1 1224560763  
3 
4 
3 
3 
2 
4 
1 1610213111  
6 
6 
5 
6 
3 
3 
2 
6 
4 
1 282652440  
4 
6 
5 
3 
2 
5 
1 1153359311  
4 
1 131397407  
4 
2 
5 
2 
4 
6 
4 
3 
4 
5 
2 
3 
3 
6 
4 
1 6778220  
4 
2 
4 
5 
1 1262555047  
2 
3 
4 
5 
2 
1 1565330735  
2 
3 
4 
5 
6 
4 
1 881145818  
5 
4 
6 
2 
6 
2 
4 
3 
3 
3 
1 326438384  
2 
3 
5 
1 913401792  
6 
4 
4 
5 
6 
5 
6 
3 
5 
2 
5 
4 
4 
1 1540555664  
4 
5 
3 
1 863526857  
6 
5 
6 
2 
4 
5 
4 
3 
3 
3 
6 
2 
2 
3 
5 
6 
2 
1 2019782304  
5 
5 
4 
6 
1 224547855  
6 
2 
6 
1 1138983004  
3 
1 414813489  
2 
2 
6 
1 806573832  
1 1557656823  
5 
6 
1 1506550856  
1 598661965  
6 
6 
1 1686544591  
3 
5 
2 
5 
1 1793895162  
4 
6 
1 2020945460  
6 
5 
4 
3 
6 
2 
1 216035022  
1 94118071  
4 
3 
1 329546662  
1 965765500  
1 227452868  
5 
5 
6 
4 
4 
3 
3 
2 
5 
2 
5 
6 
4 
6 
1 845075981  
2 
4 
1 731415924  
6 
1 1452013632  
1 307805445  
4 
6 
4 
5 
4 
3 
6 
3 
4 
6 
4 
3 
2 
5 
2 
5 
6 
2 
4 
3 
4 
1 1014068365  
3 
3 
5 
2 
1 457889295  
1 439202852  
3 
2 
1 1020846585  
2 
5 
1 1720444342  
4 
2 
2 
1 2004533587  
5 
4 
1 1901992403  
1 2046882726  
1 770451731  
2 
3 
6 
4 
6 
1 1295064420  
3 
4 
3 
5 
1 762925935  
2 
2 
1 642750388  
3 
1 1519612275  
4 
3 
6 
5 
1 1901908939  
4 
3 
4 
5 
3 
1 1057563877  
3 
2 
5 
6 
6 
1 178702459  
3 
2 
3 
6 
3 
6 
6 
1 1312082114  
4 
1 416631085  
3 
3 
4 
2 
2 
3 
5 
2 
2 
3 
2 
3 
5 
2 
2 
6 
4 
4 
3 
3 
4 
1 777364424  
3 
2 
4 
4 
6 
3 
6 
2 
6 
5 
5 
3 
3 
6 
2 
1 851143057  
2 
2 
5 
5 
4 
2 
5 
4 
6 
3 
5 
1 63042599  
6 
5 
1 650826237  
3 
4 
1 1067178079  
2 
5 
2 
1 157160671  
6 
2 
6 
2 
6 
4 
2 
4 
3 
3 
4 
1 980372899  
6 
2 
3 
6 
1 2032943580  
1 384613539  
5 
2 
1 1825448880  
1 616875856  
6 
4 
5 
2 
3 
1 1836627171  
5 
4 
5 
3 
4 
5 
5 
3 
1 2133254325  
2 
1 1630944221  
2 
4 
3 
2 
1 147032818  
6 
1 424973529  
1 504307159  
2 
6 
3 
4 
1 1867477160  
2 
1 282023468  
3 
2 
5 
4 
1 258815914  
5 
1 1766876238  
4 
3 
5 
5 
4 
1 1052475200  
1 1553880334  
5 
2 
5 
5 
2 
1 382318525  
6 
6 
5 
6 
5 
2 
3 
4 
1 1695225588  
4 
2 
1 926008961  
6 
6 
4 
5 
2 
4 
6 
6 
4 
5 
2 
4 
3 
6 
1 136743816  
3 
4 
4 
5 
6 
2 
6 
6 
6 
3 
4 
4 
4 
6 
2 
5 
3 
1 605305817  
6 
1 1104711420  
6 
4 
2 
4 
2 
4 
2 
6 
1 1448825931  
3 
4 
4 
5 
6 
2 
1 1021936903  
2 
1 1882075845  
5 
4 
2 
1 152485340  
2 
2 
5 
4 
4 
5 
6 
3 
6 
2 
4 
3 
4 
3 
4 
4 
3 
4 
2 
4 
4 
2 
6 
5 
4 
2 
1 1084979502  
6 
4 
3 
6 
5 
2 
6 
4 
4 
1 385418434  
4 
1 1219663420  
3 
2 
6 
2 
3 
2 
3 
4 
4 
1 1242140173  
3 
4 
5 
2 
5 
1 1365791333  
1 1105123352  
5 
4 
1 1626753713  
5 
1 1043756565  
5 
5 
1 1721999208  
4 
1 1315897236  
3 
3 
1 1029527243  
2 
1 1205459782  
3 
2 
1 1462930055  
3 
1 1454500772  
2 
1 1709766941  
4 
5 
1 1182923567  
6 
6 
3 
2 
3 
2 
5 
1 1736524241  
4 
6 
2 
1 1968582855  
1 802316158  
4 
3 
2 
2 
3 
4 
4 
1 641515793  
4 
1 1374979542  
2 
6 
4 
4 
4 
5 
5 
6 
4 
6 
2 
2 
3 
5 
4 
5 
5 
3 
5 
1 1184634683  
4 
5 
5 
3 
5 
4 
6 
4 
4 
3 
2 
6 
3 
6 
5 
4 
1 189257733  
2 
5 
1 153504855  
1 1321378500  
6 
4 
5 
3 
3 
2 
4 
1 794563550  
4 
6 
3 
4 
3 
5 
5 
2 
5 
5 
1 1258216276  
2 
2 
4 
4 
1 622720783  
1 1816500453  
4 
1 992808473  
5 
5 
5 
5 
6 
2 
3 
4 
3 
5 
2 
1 775206123  
6 
1 753996308  
4 
3 
4 
3 
5 
1 1378226907  
4 
3 
1 1994869543  
6 
1 1996136481  
4 
2 
6 
2 
5 
4 
3 
4 
2 
4 
5 
5 
1 596534592  
1 952509247  
5 
3 
4 
6 
4 
1 1475406546  
2 
1 1640291157  
2 
4 
1 527024808  
6 
2 
1 643820135  
6 
4 
3 
4 
2 
6 
4 
6 
1 522334752  
6 
1 1732484590  
2 
3 
6 
6 
3 
4 
6 
6 
3 
6 
4 
3 
3 
2 
5 
4 
3 
6 
5 
6 
5 
2 
1 2106750190  
5 
1 1976835525  
1 1294767883  
1 1142190109  
5 
6 
6 
2 
4 
1 1565876118  
3 
2 
5 
1 1115867090  
1 1944506267  
3 
2 
5 
5 
2 
1 59908263  
3 
3 
2 
4 
6 
6 
5 
2 
5 
6 
5 
4 
6 
1 343362984  
4 
4 
1 981657303  
4 
5 
4 
6 
2 
4 
2 
3 
6 
5 
2 
1 249165996  
1 496867840  
1 155552155  
1 1043729546  
1 1755084116  
4 
3 
6 
4 
3 
5 
1 778272938  
1 712746352  
5 
3 
1 600408941  
6 
5 
5 
1 1553479061  
3 
4 
4 
5 
2 
6 
5 
4 
2 
5 
1 1466742660  
2 
1 1978635848  
3 
2 
5 
1 1400864957  
4 
5 
5 
6 
2 
6 
4 
1 1315395493  
4 
2 
5 
3 
3 
6 
2 
4 
5 
1 427686792  
6 
5 
2 
4 
4 
3 
2 
2 
6 
4 
1 205890556  
1 643318392  
2 
3 
2 
1 2067977949  
3 
5 
2 
1 732915364  
5 
1 1287138527  
1 442829054  
1 317916306  
1 1246405069  
6 
1 272180931  
5 
4 
4 
1 1612684189  
1 241111530  
3 
4 
3 
2 
4 
1 1838057049  
1 581067632  
2 
6 
6 
6 
6 
3 
6 
6 
1 38134150  
6 
1 1897965312  
1 924430616  
2 
2 
4 
3 
3 
4 
5 
4 
5 
5 
4 
2 
6 
5 
3 
4 
3 
2 
1 1019791453  
3 
1 2147131308  
5 
6 
5 
1 1421298456  
2 
3 
2 
5 
2 
1 1175343608  
4 
5 
1 1043377206  
5 
6 
1 1028898924  
5 
1 1953616546  
1 1756123558  
3 
2 
1 1629307865  
2 
2 
5 
3 
1 1359611959  
3 
3 
6 
5 
2 
4 
4 
4 
3 
5 
2 
4 
1 1075382570  
3 
6 
3 
2 
3 
1 1460460065  
4 
6 
3 
2 
2 
5 
4 
5 
3 
6 
4 
5 
6 
1 612993268  
3 
3 
5 
4 
2 
3 
3 
2 
1 243294416  
6 
5 
1 1888146857  
6 
5 
2 
1 818883825  
2 
3 
5 
2 
5 
6 
2 
6 
4 
1 886612808  
4 
6 
5 
5 
4 
4 
3 
3 
2 
5 
2 
3 
4 
1 1808641159  
1 1551799189  
5 
2 
5 
6 
1 26267687  
2 
4 
1 103986565  
2 
3 
6 
6 
4 
1 1869715496  
2 
3 
3 
1 1272672756  
5 
1 376167496  
5 
4 
2 
1 1334916037  
1 1513784286  
6 
2 
3 
5 
3 
1 66740897  
4 
4 
2 
4 
2 
1 1915983669  
3 
3 
4 
5 
1 1551918436  
6 
4 
1 1964706209  
5 
1 692930638  
4 
6 
1 424226241  
5 
1 1964353869  
3 
6 
6 
3 
1 2114229094  
1 1599569849  
1 860247427  
1 995644371  
1 1405702747  
1 468887338  
3 
4 
1 477468588  
2 
2 
1 617831059  
3 
5 
6 
1 1544269908  
5 
1 1937928654  
2 
6 
2 
1 1230824327  
5 
2 
4 
5 
6 
5 
4 
5 
5 
5 
4 
6 
1 1787564324  
1 1678591863  
5 
5 
1 2049708152  
6 
5 
5 
4 
2 
3 
6 
3 
2 
1 526693484  
3 
3 
2 
1 1339749374  
5 
2 
1 1454023694  
5 
3 
6 
2 
2 
4 
4 
6 
1 552961171  
1 1443735939  
3 
1 1176255542  
4 
5 
3 
6 
3 
4 
1 1825633927  
3 
4 
6 
3 
3 
3 
2 
5 
5 
1 1819903435  
5 
6 
2 
1 363687931  
6 
3 
2 
1 1191934566  
2 
4 
6 
3 
3 
3 
1 1886644332  
4 
4 
6 
4 
6 
5 
3 
2 
6 
2 
3 
6 
3 
5 
6 
2 
1 132187953  
4 
6 
3 
1 596369354  
3 
3 
3 
4 
2 
2 
1 1703866893  
2 
4 
1 825118591  
1 1020595596  
2 
3 
1 1520737114  
6 
1 791864037  
2 
4 
3 
6 
6 
5 
4 
3 
1 472681797  
4 
5 
4 
3 
3 
5 
3 
1 233500894  
4 
3 
5 
3 
4 
3 
2 
3 
5 
1 1787508408  
5 
1 1878384545  
6 
5 
4 
4 
6 
2 
4 
4 
4 
6 
3 
5 
4 
5 
2 
5 
4 
5 
5 
5 
5 
2 
2 
6 
1 702388232  
5 
4 
6 
2 
5 
6 
2 
6 
3 
5 
6 
3 
2 
3 
5 
4 
1 117493349  
6 
3 
4 
1 348731956  
5 
4 
3 
1 99174492  
6 
1 2055422003  
2 
4 
2 
2 
5 
1 1579556283  
1 1886738817  
6 
4 
3 
4 
4 
2 
2 
6 
2 
2 
1 1586530218  
3 
5 
5 
1 1481780788  
1 265948653  
1 778795945  
3 
5 
3 
6 
5 
1 788320834  
6 
6 
6 
1 818909825  
3 
2 
4 
2 
2 
5 
3 
1 75048236  
6 
4 
5 
5 
3 
3 
1 1964576376  
2 
2 
6 
6 
5 
4 
1 497060104  
5 
4 
2 
6 
2 
5 
2 
4 
4 
6 
4 
5 
5 
1 1894951672  
1 180780659  
3 
2 
1 1688994670  
3 
1 1634112356  
5 
1 312968612  
4 
5 
6 
1 137880377  
4 
3 
4 
1 1190495602  
5 
3 
6 
3 
5 
6 
1 1138087203  
3 
1 1158475973  
6 
3 
3 
2 
3 
2 
5 
2 
5 
3 
2 
4 
4 
3 
6 
6 
1 563749068  
6 
5 
5 
6 
5 
3 
6 
3 
1 1929951241  
6 
3 
1 1631157770  
1 797249962  
6 
6 
1 1569976001  
4 
4 
5 
3 
4 
1 1362058667  
6 
3 
6 
4 
6 
4 
3 
1 1499638194  
1 1687469350  
5 
2 
3 
4 
4 
3 
2 
4 
4 
1 1710790623  
2 
2 
5 
5 
1 1598812687  
1 1595407705  
2 
2 
3 
3 
6 
1 1142863259  
5 
2 
1 1338067856  
4 
2 
3 
1 1034454276  
3 
6 
5 
4 
1 477160399  
6 
4 
4 
1 1604016509  
3 
5 
5 
3 
6 
2 
1 1813250221  
2 
1 1265481233  
5 
6 
6 
5 
5 
2 
4 
5 
3 
3 
5 
4 
4 
5 
2 
4 
4 
1 275442686  
5 
5 
6 
5 
3 
4 
6 
2 
3 
4 
3 
2 
4 
2 
2 
5 
5 
3 
4 
4 
3 
6 
4 
2 
2 
5 
1 1888298457  
3 
2 
5 
1 1082573961  
3 
6 
4 
6 
5 
3 
5 
4 
5 
6 
6 
3 
6 
1 772502791  
5 
4 
3 
5 
3 
5 
5 
4 
6 
5 
6 
3 
4 
5 
1 1635766481  
2 
3 
3 
2 
3 
6 
1 1263354620  
2 
4 
4 
3 
1 314013813  
5 
1 1122395190  
1 1576323233  
2 
3 
4 
6 
4 
3 
1 451894190  
5 
5 
4 
3 
3 
6 
4 
4 
3 
5 
4 
5 
3 
4 
4 
5 
6 
1 165407144  
3 
3 
4 
2 
2 
1 566926788  
3 
1 1610370163  
3 
1 729156212  
6 
6 
1 349394381  
6 
6 
6 
6 
2 
5 
3 
1 1094044286  
1 1526406175  
6 
2 
6 
3 
2 
1 1919370383  
1 308619305  
6 
4 
3 
2 
1 878560721  
2 
1 1459356085  
4 
5 
6 
4 
6 
4 
1 2019409929  
3 
1 329889760  
1 907280143  
2 
2 
2 
2 
5 
2 
6 
5 
6 
4 
1 1014789540  
5 
1 1667957616  
6 
4 
5 
4 
1 1941734419  
6 
5 
6 
4 
2 
3 
4 
4 
5 
6 
3 
6 
5 
1 1491949939  
4 
4 
2 
1 1124490478  
3 
5 
2 
3 
3 
3 
6 
2 
4 
2 
1 1607500992  
2 
4 
2 
6 
5 
1 609947524  
5 
3 
3 
4 
3 
6 
5 
1 1399933164  
6 
1 1348315801  
6 
3 
3 
2 
5 
3 
5 
1 1692521485  
6 
6 
1 24952307  
5 
3 
6 
6 
4 
6 
2 
4 
6 
2 
1 836598635  
6 
3 
5 
3 
2 
4 
1 808392457  
1 338966121  
2 
2 
1 1958993825  
6 
6 
3 
2 
1 237232042  
5 
2 
5 
3 
5 
3 
4 
5 
6 
1 790860311  
1 2124400969  
4 
4 
2 
5 
2 
3 
1 804158831  
5 
6 
3 
2 
3 
4 
6 
5 
3 
3 
5 
4 
3 
1 253746827  
5 
1 706073533  
5 
1 1153553212  
2 
1 1347791113  
2 
4 
1 84996060  
4 
4 
5 
5 
6 
3 
4 
2 
2 
5 
6 
3 
3 
3 
2 
5 
3 
2 
5 
5 
2 
5 
5 
5 
1 925439947  
3 
1 1656410418  
4 
6 
2 
4 
2 
2 
3 
5 
1 963556782  
4 
6 
1 237312385  
6 
6 
5 
2 
5 
3 
4 
3 
1 1528336699  
4 
6 
4 
5 
6 
2 
1 1293446542  
6 
1 1144592528  
1 395642591  
1 813920511  
1 938843299  
5 
4 
1 1887592530  
1 1938410989  
2 
3 
4 
1 398860643  
4 
6 
4 
3 
6 
6 
1 350056406  
4 
3 
3 
6 
3 
2 
4 
5 
5 
4 
6 
1 1190860505  
1 1747176444  
4 
6 
5 
3 
6 
5 
1 2042577891  
4 
5 
2 
5 
1 1215812813  
2 
5 
2 
5 
2 
5 
6 
4 
1 436291431  
4 
6 
4 
6 
5 
1 703486701  
1 1554778934  
3 
5 
4 
6 
3 
3 
4 
6 
3 
3 
1 247801608  
6 
4 
3 
2 
5 
6 
1 940718743  
5 
6 
4 
1 198155597  
6 
4 
1 224718929  
3 
1 1744877574  
5 
6 
3 
5 
6 
4 
5 
1 451902424  
1 930792463  
2 
5 
3 
6 
4 
6 
5 
6 
1 750947139  
3 
1 1799693537  
3 
5 
4 
6 
1 1015788523  
6 
3 
1 1676387086  
4 
3 
4 
5 
5 
4 
5 
1 1308620308  
1 1979345305  
2 
5 
4 
6 
4 
6 
5 
3 
1 1913699471  
3 
3 
5 
5 
2 
1 689473359  
3 
4 
5 
2 
6 
4 
5 
6 
4 
3 
2 
6 
4 
4 
4 
6 
6 
5 
6 
1 1125308200  
2 
2 
5 
5 
2 
6 
6 
2 
3 
1 910808351  
5 
2 
1 1085115951  
5 
2 
2 
3 
2 
1 1939228711  
3 
5 
5 
5 
1 1849651650  
3 
6 
6 
1 825224833  
4 
4 
1 1730156052  
1 101028645  
3 
5 
5 
2 
2 
5 
2 
4 
4 
5 
4 
3 
3 
6 
6 
6 
5 
3 
1 1175281240  
6 
1 773532909  
3 
3 
4 
5 
1 1848205090  
2 
2 
5 
2 
4 
2 
2 
1 1070375483  
4 
2 
5 
2 
3 
1 1989345722  
1 137012873  
2 
1 1773862184  
1 1396641008  
2 
1 384814482  
5 
1 567097280  
3 
2 
6 
1 1594796606  
1 609533411  
4 
4 
2 
5 
4 
4 
4 
1 164491206  
5 
3 
3 
3 
6 
4 
5 
4 
1 2046699030  
5 
4 
5 
6 
1 1540325874  
3 
6 
2 
6 
1 915438345  
1 1698908920  
3 
4 
3 
2 
1 408630750  
2 
4 
4 
3 
5 
5 
6 
2 
5 
1 444341784  
4 
2 
1 860045580  
3 
5 
2 
6 
6 
3 
1 240492407  
1 210557607  
5 
3 
6 
1 1549518939  
4 
5 
1 1365800607  
3 
4 
4 
1 1121365959  
2 
2 
3 
1 487151242  
6 
6 
5 
6 
3 
6 
2 
4 
5 
5 
4 
3 
4 
1 1157545670  
3 
1 823533961  
1 1312376076  
6 
1 740218074  
2 
3 
5 
5 
3 
4 
5 
5 
5 
1 924562607  
2 
3 
5 
4 
2 
2 
2 
5 
5 
5 
4 
2 
3 
1 340173668  
6 
5 
2 
6 
4 
1 1513750984  
2 
6 
2 
1 625284049  
4 
3 
4 
5 
5 
2 
1 1410549151  
2 
3 
2 
5 
2 
3 
6 
1 1355613058  
4 
5 
4 
6 
5 
4 
6 
3 
1 762296922  
3 
1 1036927688  
1 604770419  
5 
2 
1 1147111404  
2 
6 
4 
4 
6 
5 
2 
5 
2 
1 1604024968  
6 
4 
6 
5 
2 
6 
6 
3 
3 
4 
2 
3 
3 
2 
3 
6 
5 
3 
1 52083377  
4 
5 
6 
1 1756644816  
4 
4 
1 1768516174  
6 
4 
3 
1 2098782407  
2 
1 1149487042  
6 
4 
3 
4 
2 
5 
5 
1 536470872  
3 
3 
4 
6 
2 
2 
6 
5 
3 
4 
1 1650207679  
6 
4 
5 
3 
2 
2 
1 1558117792  
3 
1 980812656  
4 
3 
1 362769611  
5 
1 1798610200  
6 
6 
6 
3 
3 
4 
1 1191370263  
6 
1 1912288551  
5 
2 
3 
6 
3 
5 
4 
2 
4 
6 
1 1016927159  
3 
3 
6 
6 
5 
1 165252574  
1 251956145  
3 
5 
6 
3 
2 
2 
6 
2 
6 
5 
2 
5 
5 
1 26989182  
2 
4 
5 
6 
2 
5 
6 
1 988786536  
5 
5 
5 
2 
3 
1 1564332221  
2 
3 
1 767207256  
6 
3 
4 
5 
4 
5 
3 
5 
4 
3 
1 1913349143  
1 1904505889  
3 
6 
2 
6 
1 133474592  
1 391149544  
5 
5 
6 
6 
6 
2 
5 
6 
2 
5 
1 1167571393  
6 
1 1489087651  
5 
1 1153446466  
1 57015433  
2 
6 
5 
2 
6 
4 
5 
5 
6 
1 2093858070  
4 
1 153074223  
3 
5 
6 
1 1661040401  
5 
2 
2 
2 
6 
4 
5 
3 
6 
3 
3 
6 
5 
5 
5 
2 
4 
2 
4 
5 
6 
4 
5 
6 
1 2145941447  
6 
6 
5 
1 1909719039  
1 1282072927  
5 
2 
5 
1 2097240206  
2 
4 
5 
2 
6 
5 
5 
2 
4 
1 911722433  
4 
2 
4 
3 
5 
3 
6 
4 
5 
1 1818543799  
5 
1 1599964238  
2 
4 
1 322356578  
4 
5 
4 
1 651872807  
1 1962733849  
5 
3 
4 
6 
4 
4 
1 2120966778  
3 
6 
3 
5 
3 
3 
6 
5 
2 
6 
1 1843243071  
5 
1 1727538752  
4 
3 
6 
1 990410289  
5 
5 
6 
4 
1 2008495645  
1 1979494898  
1 1017399471  
4 
6 
6 
6 
1 849798533  
3 
5 
1 1396343471  
5 
1 1784606728  
6 
2 
6 
6 
3 
6 
2 
6 
2 
1 615664028  
6 
1 1153365713  
4 
4 
3 
4 
3 
3 
5 
3 
1 1918081320  
5 
5 
4 
1 1006813572  
5 
6 
4 
6 
2 
3 
4 
4 
4 
2 
6 
5 
6 
3 
1 173453458  
6 
6 
1 1259685323  
4 
3 
5 
1 12776391  
3 
1 230468891  
2 
1 1206059745  
2 
4 
6 
3 
1 165850614  
3 
4 
2 
6 
6 
5 
2 
6 
4 
3 
1 1891509292  
3 
5 
2 
4 
6 
5 
6 
3 
6 
5 
4 
2 
2 
6 
3 
4 
4 
2 
5 
3 
6 
1 1204517544  
5 
2 
3 
5 
2 
5 
1 2075569653  
5 
5 
1 1026098571  
2 
5 
3 
5 
3 
3 
4 
4 
5 
3 
1 1154274103  
5 
3 
6 
2 
3 
2 
1 839808438  
6 
5 
4 
3 
3 
2 
4 
4 
4 
1 697158723  
6 
1 606754693  
6 
3 
6 
1 1162165016  
3 
4 
4 
6 
3 
1 1349031530  
4 
4 
4 
3 
5 
2 
4 
3 
2 
4 
1 422004894  
2 
3 
5 
2 
5 
6 
2 
5 
5 
3 
4 
6 
4 
5 
6 
2 
6 
5 
1 1135648146  
1 1044790953  
6 
2 
4 
3 
5 
1 2059999  
5 
4 
3 
5 
5 
6 
4 
1 2126058436  
6 
3 
6 
5 
4 
1 905802951  
6 
4 
3 
5 
3 
1 1981554897  
4 
3 
5 
2 
6 
6 
5 
3 
1 995974259  
4 
5 
6 
2 
4 
3 
1 1755601484  
3 
4 
2 
6 
4 
6 
1 1230414720  
5 
1 633097339  
4 
5 
1 223781865  
4 
2 
1 236296785  
3 
3 
6 
1 403695012  
6 
4 
5 
4 
4 
6 
3 
2 
4 
1 1230595437  
2 
1 409750243  
6 
5 
4 
4 
4 
5 
6 
2 
6 
6 
2 
4 
3 
2 
5 
6 
5 
5 
4 
3 
3 
2 
2 
2 
2 
4 
6 
4 
4 
5 
3 
4 
5 
4 
5 
6 
2 
3 
5 
6 
4 
6 
3 
6 
5 
2 
5 
2 
3 
4 
2 
6 
3 
2 
3 
5 
2 
6 
4 
4 
6 
6 
5 
4 
2 
4 
3 
6 
5 
3 
6 
3 
1 1663380335  
6 
2 
1 1243371828  
1 640219134  
1 721956433  
3 
6 
4 
2 
2 
1 1409222442  
3 
2 
3 
1 384244778  
1 1926473977  
5 
1 1337308447  
1 1410343350  
6 
3 
6 
2 
3 
4 
3 
1 933264432  
2 
3 
4 
3 
3 
5 
3 
1 29633238  
2 
5 
4 
4 
2 
4 
6 
5 
1 2107502073  
3 
3 
5 
6 
5 
6 
1 1540019125  
3 
2 
1 1191798254  
5 
2 
3 
3 
2 
3 
5 
5 
3 
6 
1 1309049955  
4 
6 
4 
5 
6 
2 
2 
2 
1 1962024020  
4 
2 
1 179962753  
1 206357261  
3 
3 
1 1964084019  
3 
3 
6 
4 
2 
4 
2 
2 
4 
2 
4 
3 
4 
1 158537541  
4 
5 
2 
4 
1 1112160212  
2 
2 
4 
4 
1 1798155268  
2 
1 1154511800  
4 
4 
3 
5 
5 
4 
4 
5 
6 
5 
1 720278048  
1 881086340  
4 
6 
2 
1 1787609140  
5 
6 
2 
1 944059913  
6 
1 1117383126  
2 
2 
2 
5 
3 
3 
6 
4 
5 
6 
5 
2 
6 
3 
2 
1 43820504  
5 
2 
3 
6 
2 
5 
4 
2 
6 
2 
4 
1 27171703  
4 
4 
5 
3 
6 
2 
2 
6 
4 
5 
5 
3 
4 
2 
3 
3 
2 
4 
2 
5 
2 
6 
1 1527133369  
4 
2 
1 1707200839  
2 
3 
3 
1 1270543531  
4 
6 
5 
3 
3 
5 
6 
5 
3 
3 
5 
5 
4 
1 19868856  
4 
4 
2 
2 
5 
2 
3 
5 
1 281673624  
1 532282326  
1 404113634  
2 
2 
5 
1 60663954  
2 
6 
2 
5 
1 1869590773  
4 
6 
3 
1 1814456984  
4 
4 
5 
5 
6 
2 
3 
6 
2 
2 
6 
5 
2 
1 993928386  
3 
3 
2 
4 
6 
3 
4 
5 
5 
4 
1 1899224011  
2 
1 1774475409  
1 386463864  
4 
4 
4 
4 
5 
2 
6 
2 
5 
1 943538618  
4 
2 
6 
3 
4 
2 
3 
2 
6 
4 
3 
4 
5 
1 936041717  
3 
4 
5 
4 
2 
1 201004236  
6 
2 
6 
3 
5 
4 
1 1123501371  
4 
3 
1 1142398978  
1 17604607  
1 1282038912  
6 
5 
1 107075542  
4 
3 
3 
2 
6 
6 
6 
4 
1 1815759875  
3 
4 
1 289067064  
6 
2 
3 
4 
6 
4 
3 
6 
5 
1 827353590  
1 549362567  
4 
1 2076676204  
5 
2 
3 
5 
2 
6 
5 
6 
4 
6 
4 
5 
4 
2 
3 
5 
1 1771413504  
3 
1 1666745693  
6 
4 
6 
1 2120496708  
1 1798585207  
2 
5 
1 1046395415  
5 
1 1680213900  
6 
1 921645090  
4 
1 1066264271  
4 
4 
3 
5 
6 
6 
2 
3 
6 
2 
2 
2 
3 
5 
4 
4 
1 1961887524  
2 
5 
6 
1 1453927416  
4 
6 
2 
1 1470377905  
4 
6 
3 
6 
3 
5 
2 
1 2022551478  
4 
6 
4 
6 
1 1176034542  
6 
4 
2 
5 
1 1137351242  
5 
4 
2 
3 
4 
2 
1 868996217  
6 
6 
4 
3 
2 
4 
6 
2 
3 
4 
5 
2 
2 
4 
3 
1 927774905  
2 
4 
3 
4 
2 
1 764343003  
5 
4 
1 1255460081  
1 1871313523  
2 
5 
6 
3 
5 
1 1700384720  
4 
3 
6 
6 
4 
6 
4 
6 
4 
3 
2 
6 
3 
6 
2 
5 
2 
2 
1 1456464317  
6 
6 
2 
4 
5 
4 
3 
5 
1 847331246  
5 
4 
5 
4 
6 
1 695300050  
3 
4 
1 1474068924  
5 
5 
4 
5 
3 
2 
4 
4 
4 
5 
6 
1 2129370158  
1 802375592  
4 
3 
6 
2 
1 1142345151  
3 
4 
6 
5 
2 
5 
4 
3 
1 270953575  
5 
6 
6 
3 
5 
3 
5 
3 
6 
2 
1 1629729183  
2 
5 
4 
1 1691707718  
2 
4 
1 200146131  
1 1253659039  
5 
4 
1 1210969764  
5 
5 
6 
4 
3 
5 
4 
6 
6 
1 173159192  
4 
3 
1 904760598  
5 
2 
6 
3 
1 109881531  
3 
2 
2 
5 
4 
3 
2 
6 
6 
2 
3 
1 1853373092  
6 
2 
3 
4 
4 
1 1826405688  
2 
4 
3 
3 
4 
5 
4 
6 
6 
3 
1 1176145802  
5 
6 
2 
2 
4 
5 
5 
5 
2 
4 
5 
4 
1 1667776968  
6 
6 
2 
4 
1 1132849457  
2 
1 499040059  
4 
5 
6 
3 
4 
3 
4 
4 
1 1542844799  
2 
4 
2 
1 161400351  
1 1636391301  
6 
2 
4 
3 
4 
1 264357368  
4 
6 
2 
5 
5 
3 
6 
5 
6 
5 
2 
3 
6 
4 
6 
1 1089175256  
5 
4 
4 
1 253250657  
6 
3 
3 
2 
4 
2 
2 
4 
4 
2 
4 
1 1519817449  
4 
6 
5 
6 
6 
3 
3 
6 
6 
2 
4 
5 
6 
1 813005132  
5 
3 
6 
5 
3 
4 
1 1953635377  
5 
6 
5 
3 
4 
1 828798118  
1 1660336378  
3 
1 501451780  
6 
3 
1 155383394  
3 
4 
5 
1 1642222889  
5 
4 
4 
6 
5 
3 
4 
4 
6 
1 1303827372  
3 
3 
6 
2 
2 
4 
4 
2 
5 
1 1297728545  
5 
6 
3 
