3 
6 
3 
3 
6 
6 
5 
4 
1 1223435867  
5 
2 
5 
1 1956462550  
1 921144406  
3 
4 
2 
6 
3 
3 
6 
3 
3 
5 
2 
6 
6 
1 2071943737  
4 
3 
6 
1 255492541  
3 
5 
3 
2 
3 
4 
4 
2 
4 
6 
1 432155592  
1 636420718  
1 1513973480  
4 
1 1850126072  
5 
5 
6 
6 
1 572726572  
5 
3 
5 
1 556526184  
1 120915845  
2 
1 1830880627  
1 307850194  
5 
5 
6 
1 28455528  
5 
5 
2 
1 1629589896  
2 
6 
2 
1 1330038784  
6 
6 
4 
5 
2 
4 
5 
4 
6 
2 
6 
2 
3 
1 1913133698  
4 
4 
3 
1 838892747  
2 
4 
6 
5 
5 
2 
6 
5 
5 
2 
4 
1 1687939337  
3 
1 57384690  
2 
3 
2 
1 1609315485  
2 
4 
6 
4 
3 
2 
1 561309621  
5 
1 2140793890  
1 725341230  
6 
2 
3 
3 
1 575767628  
4 
6 
6 
4 
4 
1 1356761052  
4 
6 
4 
1 1801109133  
5 
6 
4 
1 2074812014  
6 
5 
5 
6 
1 1074870339  
2 
4 
2 
5 
3 
3 
1 1740738895  
5 
3 
1 1150764233  
5 
5 
2 
6 
5 
4 
1 883849241  
2 
4 
2 
5 
2 
1 514399653  
1 1075224322  
1 1139341782  
1 946555245  
3 
3 
4 
2 
1 1711645040  
6 
6 
2 
3 
6 
3 
5 
4 
3 
1 505831614  
6 
1 649197670  
4 
2 
1 136887965  
5 
2 
6 
6 
6 
2 
2 
1 1062357799  
2 
6 
4 
5 
4 
5 
1 770113515  
4 
3 
6 
6 
5 
2 
6 
1 1967768592  
4 
4 
2 
1 1370207993  
3 
4 
3 
6 
1 798569044  
2 
1 1449874840  
4 
6 
2 
4 
2 
2 
5 
3 
4 
3 
2 
2 
2 
1 552763129  
5 
1 564219094  
1 141283939  
3 
2 
3 
2 
2 
6 
6 
4 
3 
2 
3 
1 93218818  
4 
6 
4 
4 
4 
2 
3 
5 
2 
4 
5 
2 
6 
6 
2 
5 
4 
4 
2 
5 
4 
3 
6 
1 621603784  
4 
4 
6 
4 
1 1750599425  
6 
5 
2 
1 654528440  
2 
2 
3 
2 
2 
3 
5 
4 
3 
3 
3 
6 
2 
6 
2 
1 614914026  
6 
5 
6 
5 
2 
3 
4 
6 
5 
1 328457007  
4 
1 1230296068  
6 
2 
4 
4 
4 
1 1971675078  
5 
1 2129566140  
3 
5 
1 1157624434  
4 
2 
5 
5 
1 899061769  
2 
3 
3 
6 
6 
6 
5 
2 
1 1722821387  
5 
1 160905019  
5 
4 
5 
5 
2 
3 
3 
3 
3 
2 
6 
4 
6 
5 
3 
3 
3 
1 1782911010  
3 
6 
3 
3 
1 89737393  
5 
1 1236129341  
2 
2 
6 
4 
1 774769145  
4 
5 
5 
3 
3 
6 
3 
6 
1 1036292638  
1 800290733  
3 
2 
2 
6 
1 1280600759  
4 
4 
3 
2 
2 
3 
1 1685490308  
3 
1 937178698  
6 
5 
4 
2 
4 
5 
1 195474910  
6 
3 
1 308120176  
6 
1 757463642  
6 
4 
4 
4 
4 
2 
2 
5 
6 
2 
3 
5 
1 1565682903  
3 
3 
2 
3 
6 
4 
2 
3 
5 
5 
2 
4 
2 
1 1106689220  
4 
6 
4 
4 
4 
1 59854834  
3 
3 
5 
5 
4 
5 
5 
4 
4 
6 
3 
1 2118446032  
3 
5 
4 
3 
4 
6 
6 
3 
1 1670908314  
5 
6 
6 
3 
5 
2 
1 201138774  
4 
5 
4 
6 
3 
2 
3 
2 
4 
6 
5 
5 
6 
2 
5 
5 
3 
3 
5 
3 
1 64181203  
6 
4 
1 145028450  
1 1951738199  
2 
5 
2 
6 
2 
4 
4 
4 
6 
2 
1 718709643  
4 
3 
4 
2 
2 
1 759942477  
2 
5 
5 
2 
3 
6 
5 
1 132711558  
6 
1 1949005711  
5 
2 
4 
2 
6 
3 
6 
5 
6 
2 
5 
5 
1 584133907  
2 
2 
5 
2 
4 
3 
2 
6 
2 
2 
2 
6 
5 
2 
4 
1 114794050  
3 
1 959146497  
2 
3 
5 
6 
2 
1 1483195677  
4 
2 
4 
3 
2 
4 
2 
4 
1 1837615437  
1 1120051516  
5 
5 
3 
2 
6 
4 
3 
1 1118623039  
2 
2 
6 
1 1927352830  
2 
2 
2 
5 
3 
6 
1 208697209  
6 
6 
5 
5 
5 
4 
5 
1 1893392184  
1 816161821  
6 
4 
2 
5 
4 
2 
3 
3 
5 
5 
6 
3 
1 1008987942  
3 
2 
3 
6 
6 
6 
6 
1 1026509296  
5 
4 
6 
5 
4 
5 
6 
3 
3 
6 
6 
2 
4 
6 
3 
4 
1 354168481  
6 
4 
5 
2 
2 
1 1946166641  
6 
5 
3 
6 
2 
1 1221984206  
3 
5 
4 
1 662288657  
5 
5 
6 
3 
3 
5 
5 
2 
6 
4 
3 
5 
3 
4 
2 
1 556146635  
6 
6 
6 
6 
3 
5 
4 
4 
5 
5 
6 
4 
4 
4 
3 
2 
4 
4 
4 
4 
6 
5 
6 
6 
6 
2 
3 
1 640183462  
5 
1 1768977877  
4 
5 
6 
3 
6 
4 
4 
3 
4 
1 616001470  
3 
5 
6 
3 
6 
2 
6 
1 611145846  
4 
5 
3 
4 
4 
1 1292402543  
1 817140244  
3 
6 
6 
6 
1 675327049  
1 1437430994  
5 
6 
3 
1 621394795  
4 
1 1394036692  
1 49889823  
3 
4 
1 754106353  
3 
1 1195558755  
5 
4 
4 
4 
6 
3 
1 634023730  
1 868900403  
3 
4 
3 
4 
2 
2 
6 
5 
3 
2 
6 
3 
6 
6 
1 7221604  
5 
1 2117219407  
2 
2 
3 
3 
4 
1 559032192  
4 
5 
2 
3 
1 1127273120  
3 
1 1088358799  
1 338901375  
6 
2 
6 
5 
4 
3 
1 1335970329  
5 
3 
1 834267335  
4 
4 
2 
3 
3 
6 
3 
5 
5 
2 
4 
4 
4 
1 1155063196  
6 
6 
3 
1 197474624  
1 1860776631  
3 
5 
1 1509231677  
4 
4 
6 
4 
6 
6 
3 
2 
6 
1 2143641265  
1 935277190  
1 24036687  
6 
5 
6 
5 
2 
4 
3 
2 
5 
3 
6 
2 
4 
6 
3 
1 552304252  
3 
4 
2 
1 1575460652  
2 
1 1793014564  
2 
5 
2 
5 
5 
5 
2 
3 
6 
4 
4 
5 
3 
5 
3 
4 
3 
4 
1 1168305722  
6 
2 
6 
5 
2 
1 39122850  
6 
5 
6 
3 
6 
1 937933460  
6 
2 
1 1985445966  
1 714449900  
3 
4 
1 227880806  
5 
2 
2 
6 
3 
2 
3 
5 
5 
1 459357113  
5 
2 
5 
4 
3 
3 
5 
6 
2 
6 
4 
4 
3 
1 2108486592  
5 
5 
6 
6 
4 
3 
2 
1 277770629  
3 
1 1213463466  
3 
6 
6 
6 
4 
3 
3 
2 
4 
4 
4 
2 
3 
5 
2 
6 
3 
4 
5 
5 
3 
1 1156561700  
5 
6 
3 
2 
2 
6 
5 
3 
3 
4 
6 
2 
5 
5 
5 
2 
4 
2 
3 
2 
2 
5 
4 
2 
6 
3 
5 
5 
1 911794359  
5 
3 
3 
2 
3 
4 
3 
2 
4 
2 
3 
6 
6 
5 
2 
2 
3 
4 
3 
4 
5 
1 2082363869  
2 
2 
5 
6 
3 
1 1163783304  
5 
5 
1 881530119  
2 
4 
6 
2 
4 
1 493912414  
2 
1 143572777  
4 
4 
3 
6 
4 
6 
6 
6 
2 
1 1969888918  
4 
4 
3 
2 
1 832813789  
1 1479543106  
6 
1 656672605  
5 
5 
2 
5 
3 
4 
2 
6 
4 
3 
3 
3 
2 
3 
4 
5 
2 
2 
2 
6 
4 
6 
1 1987876985  
1 1677017730  
6 
2 
6 
1 369965589  
3 
6 
6 
3 
6 
1 1349625014  
3 
1 1673175347  
1 1305242779  
3 
1 1373661701  
6 
5 
3 
1 77995952  
1 733219783  
1 1019192618  
4 
3 
5 
6 
4 
3 
4 
6 
4 
3 
1 1246301674  
4 
5 
2 
5 
4 
3 
1 772342633  
5 
1 1957126078  
1 1084263993  
3 
2 
3 
6 
1 1486792533  
2 
5 
1 37523236  
4 
2 
6 
6 
3 
1 1543621106  
1 1447795478  
6 
1 315293865  
5 
5 
2 
6 
6 
2 
6 
3 
1 609600925  
3 
6 
1 456873530  
1 1227088224  
1 544481146  
3 
2 
3 
2 
2 
5 
3 
2 
3 
6 
5 
4 
5 
6 
1 1620656834  
2 
3 
3 
4 
6 
1 2108618343  
6 
6 
6 
2 
3 
2 
4 
3 
6 
1 1038393560  
5 
5 
6 
5 
5 
5 
6 
4 
2 
3 
6 
5 
5 
5 
2 
1 1764229611  
5 
6 
2 
4 
1 1931023613  
3 
1 1871207349  
5 
1 1096289070  
1 440212571  
6 
4 
6 
6 
6 
1 1711600686  
3 
1 625823152  
5 
6 
1 810178160  
4 
5 
4 
6 
6 
1 913742053  
6 
5 
1 151514852  
4 
4 
1 2115420939  
3 
5 
2 
5 
4 
5 
4 
5 
2 
4 
4 
3 
4 
4 
5 
4 
4 
3 
2 
3 
6 
2 
5 
4 
5 
3 
1 139920106  
4 
4 
5 
5 
1 229510804  
6 
1 701157074  
1 1159112724  
5 
3 
3 
6 
6 
4 
3 
1 1475812478  
5 
6 
6 
4 
5 
2 
2 
4 
5 
5 
1 1473499707  
3 
2 
3 
2 
6 
3 
6 
2 
4 
4 
2 
3 
5 
3 
6 
4 
4 
2 
5 
1 968755154  
4 
3 
2 
1 412592823  
3 
2 
4 
4 
3 
3 
4 
2 
1 812808593  
3 
6 
1 1006278390  
1 1956213930  
3 
1 113120423  
1 1321572255  
6 
2 
4 
3 
3 
1 418331207  
5 
4 
5 
5 
5 
4 
2 
2 
4 
3 
1 569993953  
6 
5 
2 
4 
1 401176832  
1 962812353  
6 
4 
6 
3 
5 
4 
3 
2 
6 
1 43167139  
5 
2 
3 
4 
1 362311527  
3 
2 
5 
4 
5 
4 
4 
6 
3 
6 
6 
1 2001205914  
4 
5 
5 
4 
2 
2 
6 
3 
5 
3 
6 
6 
4 
4 
1 1807396751  
5 
2 
2 
5 
5 
3 
1 145851493  
1 1724929615  
3 
1 756202173  
4 
3 
5 
4 
3 
2 
1 586064064  
6 
3 
2 
3 
6 
5 
2 
4 
2 
6 
4 
2 
6 
4 
1 1289046654  
3 
6 
1 1382025325  
5 
4 
1 1396242224  
5 
2 
2 
2 
2 
4 
2 
5 
6 
6 
2 
1 55305059  
2 
1 1533540177  
6 
4 
5 
2 
6 
3 
2 
3 
4 
6 
6 
3 
5 
4 
2 
3 
6 
4 
6 
1 1364179515  
4 
1 195225165  
1 1763050981  
1 2065336589  
4 
5 
3 
6 
4 
1 1354337890  
1 1091379812  
6 
2 
6 
2 
6 
2 
5 
1 1391352648  
5 
6 
3 
3 
1 175609396  
2 
5 
3 
2 
3 
5 
5 
5 
3 
2 
6 
4 
6 
5 
4 
4 
6 
4 
6 
1 1503972635  
1 56677593  
5 
3 
2 
2 
4 
1 1181887787  
1 1312702917  
6 
1 169798016  
3 
6 
4 
3 
3 
1 355976394  
6 
3 
5 
5 
6 
1 1731034124  
1 739791969  
6 
5 
3 
4 
4 
1 757153226  
3 
1 546362830  
3 
4 
2 
2 
4 
2 
6 
1 782959109  
1 1119464754  
6 
6 
4 
1 400085096  
3 
5 
2 
3 
4 
6 
2 
5 
6 
4 
6 
3 
4 
4 
3 
5 
2 
1 442872212  
4 
5 
3 
4 
2 
4 
1 1265316247  
4 
2 
1 2125014711  
5 
5 
2 
2 
2 
3 
5 
3 
3 
6 
2 
1 1199074385  
1 1851380311  
2 
1 1266577717  
6 
4 
4 
1 433616062  
6 
2 
2 
4 
1 1100138887  
4 
3 
6 
4 
5 
6 
4 
5 
1 1321882776  
1 1967156240  
4 
4 
2 
4 
1 316834754  
4 
4 
1 1517107942  
2 
3 
2 
2 
4 
6 
1 1582723573  
3 
2 
1 234687695  
4 
5 
3 
2 
6 
3 
1 723962184  
3 
5 
1 526619737  
2 
4 
5 
5 
1 1626040343  
1 899571580  
6 
1 2030592373  
3 
5 
3 
5 
4 
5 
5 
6 
1 1682717937  
4 
1 2081459367  
1 1195811642  
2 
4 
5 
2 
4 
1 1852515953  
3 
4 
2 
6 
3 
2 
5 
2 
3 
2 
2 
1 289952114  
5 
6 
3 
3 
4 
6 
4 
4 
6 
6 
1 779362119  
3 
5 
1 444824275  
6 
3 
4 
2 
1 1047105340  
1 1325724949  
3 
3 
1 1227783384  
4 
4 
3 
2 
2 
4 
2 
1 19086446  
1 1725810045  
1 1670655596  
4 
2 
5 
1 1284402693  
1 1703341108  
6 
3 
5 
3 
5 
5 
4 
5 
1 722246333  
2 
6 
6 
1 988299356  
4 
4 
6 
5 
3 
4 
3 
3 
3 
3 
4 
2 
1 822435178  
4 
1 1155862395  
6 
3 
3 
2 
2 
5 
2 
3 
6 
4 
3 
5 
4 
5 
6 
4 
3 
5 
2 
2 
4 
5 
5 
4 
3 
6 
4 
5 
2 
6 
3 
1 2088438243  
5 
4 
3 
5 
1 2144317954  
2 
2 
2 
1 975534987  
2 
4 
3 
2 
4 
6 
3 
4 
6 
6 
2 
1 257789349  
6 
2 
3 
5 
3 
4 
1 1513942248  
1 410774913  
4 
6 
3 
3 
1 492477044  
5 
1 90420784  
2 
5 
2 
6 
4 
3 
3 
4 
6 
5 
2 
2 
6 
2 
1 937394650  
1 2118517388  
3 
3 
5 
5 
4 
5 
3 
1 989992365  
3 
1 820503375  
3 
6 
1 1653751677  
1 923968084  
6 
3 
4 
5 
5 
1 2016315018  
4 
1 1358783982  
4 
4 
2 
4 
5 
3 
2 
4 
6 
4 
5 
1 1213920198  
5 
1 648193489  
6 
3 
6 
2 
1 1803608257  
4 
1 113541891  
6 
2 
1 1973918438  
3 
2 
5 
3 
4 
5 
4 
2 
2 
1 883907993  
1 132628337  
2 
2 
3 
5 
5 
5 
6 
1 1552244835  
1 407079941  
5 
6 
6 
4 
1 1417031031  
6 
6 
5 
1 1108102295  
6 
4 
5 
2 
2 
1 1129326274  
6 
5 
1 257846739  
2 
3 
1 1930537473  
2 
5 
4 
5 
3 
5 
2 
1 137705022  
1 198801335  
3 
4 
5 
1 1927371780  
5 
2 
5 
4 
6 
4 
2 
1 1113240009  
6 
2 
6 
1 456590684  
1 1293830380  
4 
3 
3 
6 
1 1524014922  
4 
4 
6 
6 
3 
4 
2 
5 
4 
6 
1 949067729  
3 
2 
3 
5 
6 
5 
4 
2 
1 1384251165  
4 
4 
4 
1 313925925  
3 
2 
2 
4 
3 
2 
5 
2 
6 
4 
6 
2 
1 920101469  
2 
1 226759882  
3 
2 
5 
6 
5 
2 
6 
5 
2 
1 1134429300  
3 
4 
2 
3 
4 
1 426369498  
2 
5 
3 
1 1150727966  
2 
2 
6 
3 
5 
6 
5 
1 1003260670  
6 
6 
4 
2 
4 
5 
5 
2 
2 
6 
4 
2 
6 
2 
1 1785153480  
2 
4 
2 
1 217164517  
3 
6 
6 
1 1651454159  
5 
1 1441278090  
6 
3 
2 
6 
5 
1 330706408  
4 
3 
2 
2 
1 1477888949  
6 
6 
6 
4 
6 
6 
1 177702435  
4 
5 
1 463334745  
6 
1 882650136  
5 
2 
1 584782377  
1 1880365776  
4 
4 
2 
4 
3 
6 
5 
1 1990752432  
5 
6 
3 
2 
1 1714108651  
1 2138212516  
5 
4 
2 
5 
6 
4 
3 
4 
2 
4 
5 
5 
5 
3 
2 
5 
3 
3 
2 
4 
5 
4 
2 
2 
4 
2 
6 
2 
6 
3 
6 
3 
2 
3 
3 
1 1773806257  
3 
2 
1 1851813673  
5 
2 
6 
2 
4 
2 
3 
5 
6 
2 
4 
2 
3 
1 189530203  
5 
4 
1 1553694389  
6 
2 
1 817570035  
2 
2 
2 
3 
6 
5 
5 
5 
6 
6 
3 
6 
3 
1 646120887  
3 
6 
5 
2 
2 
1 700041122  
3 
2 
2 
2 
3 
4 
6 
6 
6 
3 
6 
5 
3 
2 
1 194101309  
4 
3 
1 1595188616  
5 
5 
1 2084292287  
5 
5 
4 
4 
4 
4 
5 
5 
5 
6 
6 
4 
4 
5 
3 
4 
6 
4 
2 
6 
2 
6 
4 
6 
6 
3 
1 508027234  
4 
2 
1 367806437  
3 
6 
3 
1 163568521  
6 
3 
6 
6 
2 
2 
3 
6 
4 
6 
5 
1 1642456535  
3 
3 
5 
5 
6 
4 
6 
1 794175935  
3 
4 
2 
4 
1 1314296487  
4 
5 
3 
2 
4 
4 
2 
5 
5 
3 
2 
3 
6 
2 
2 
4 
2 
5 
4 
5 
4 
4 
3 
1 498233557  
3 
3 
2 
5 
4 
4 
1 431845768  
5 
3 
1 1531461004  
4 
2 
3 
3 
3 
5 
2 
3 
2 
1 2204069  
2 
5 
3 
5 
5 
1 1873123858  
5 
4 
2 
4 
1 1862167412  
4 
6 
6 
5 
5 
4 
1 1480093018  
1 2050826293  
1 178018510  
6 
3 
4 
4 
4 
4 
5 
4 
5 
1 215259507  
4 
5 
3 
2 
5 
4 
2 
4 
3 
3 
1 488125022  
6 
5 
6 
3 
1 2058384286  
6 
4 
3 
6 
3 
3 
2 
1 58528291  
5 
3 
1 54750026  
4 
2 
6 
4 
3 
2 
1 2049113154  
2 
5 
3 
4 
1 1832334548  
5 
1 1906563699  
2 
1 91159709  
3 
1 1238545290  
1 576650086  
3 
5 
2 
3 
1 737280597  
2 
5 
3 
4 
1 1938586412  
2 
4 
2 
1 770751396  
5 
2 
1 184985565  
1 1875395051  
1 1278778630  
3 
6 
5 
3 
3 
2 
2 
6 
2 
3 
3 
6 
1 552792003  
3 
4 
2 
3 
4 
5 
1 2038963572  
1 773751517  
2 
2 
2 
1 1346967938  
4 
1 1205776411  
4 
4 
5 
6 
3 
1 1271985075  
6 
4 
1 1778813706  
1 589753768  
1 1274189144  
2 
6 
2 
1 1504453916  
6 
2 
3 
1 304437532  
2 
2 
4 
4 
2 
6 
1 606798514  
4 
3 
4 
6 
2 
4 
4 
4 
6 
6 
2 
2 
3 
6 
4 
5 
6 
6 
4 
3 
4 
6 
2 
3 
4 
5 
1 1407796562  
5 
4 
1 482456042  
1 822058021  
4 
5 
4 
1 1895921584  
5 
1 393356681  
6 
3 
3 
3 
6 
2 
6 
6 
3 
3 
3 
2 
6 
3 
5 
6 
3 
5 
2 
3 
1 880586312  
2 
2 
1 1950671610  
1 294986187  
6 
6 
4 
6 
2 
4 
5 
1 565437213  
3 
4 
1 1709751662  
6 
3 
6 
1 386145897  
3 
5 
5 
2 
1 1803982503  
3 
6 
5 
3 
3 
3 
2 
2 
5 
3 
1 138918100  
1 1123426494  
1 1595085267  
6 
6 
5 
4 
6 
1 909669496  
2 
5 
6 
2 
2 
1 1308412059  
2 
5 
6 
1 1322996670  
4 
2 
3 
4 
4 
3 
1 40964479  
5 
3 
3 
3 
4 
1 1861204062  
2 
5 
3 
6 
6 
5 
2 
2 
3 
2 
6 
2 
4 
6 
1 1214476594  
2 
1 814715996  
5 
6 
6 
6 
1 1060688353  
6 
3 
5 
3 
6 
1 272769357  
3 
2 
2 
4 
4 
4 
5 
4 
4 
6 
1 2086701071  
4 
2 
3 
5 
1 692018411  
1 862523125  
4 
3 
3 
6 
5 
3 
3 
1 1213406567  
1 48988680  
4 
5 
6 
1 1166960658  
4 
6 
5 
3 
6 
5 
1 1820205082  
3 
4 
4 
4 
2 
1 1456785242  
3 
5 
3 
5 
1 1649416700  
2 
2 
6 
5 
4 
3 
3 
5 
2 
6 
1 494779455  
1 1205223178  
1 2042773381  
3 
1 1375365768  
5 
4 
4 
3 
3 
6 
4 
1 1008411141  
3 
6 
1 190275921  
5 
6 
1 1940802981  
4 
1 570679155  
4 
1 576421818  
4 
3 
2 
6 
3 
5 
5 
1 1597301836  
3 
3 
3 
1 709597255  
3 
2 
5 
3 
3 
4 
6 
1 1699848312  
5 
4 
5 
2 
4 
2 
3 
2 
3 
4 
1 1044903455  
1 1619266752  
2 
4 
2 
2 
6 
3 
5 
4 
6 
4 
3 
1 860776723  
1 220416477  
1 1660231231  
2 
5 
1 574497138  
3 
2 
4 
2 
5 
6 
6 
2 
2 
6 
4 
2 
1 1434893071  
3 
3 
3 
5 
6 
1 327463579  
1 1635185491  
2 
3 
5 
6 
2 
5 
4 
4 
4 
3 
4 
2 
5 
6 
5 
6 
2 
1 1707662428  
2 
5 
5 
3 
6 
5 
2 
4 
1 266681003  
3 
1 179720254  
1 422701906  
1 1480087570  
2 
6 
3 
2 
1 228708934  
3 
5 
5 
6 
6 
1 1589662564  
4 
4 
5 
5 
4 
4 
5 
6 
4 
6 
2 
1 1152809004  
6 
4 
5 
4 
1 1685494176  
1 1091595616  
2 
2 
1 1647588460  
1 743233707  
3 
1 986885350  
5 
4 
4 
2 
6 
1 875470580  
4 
6 
5 
2 
3 
3 
2 
3 
3 
2 
4 
5 
4 
3 
5 
5 
2 
6 
1 1751644848  
6 
5 
2 
6 
4 
3 
3 
1 1177161271  
5 
3 
2 
4 
1 668789913  
2 
1 174840355  
2 
4 
6 
4 
1 1753583089  
6 
4 
1 118608101  
6 
6 
4 
6 
2 
4 
4 
1 884437610  
2 
1 1305947753  
4 
6 
1 1163511556  
3 
1 356220714  
5 
6 
5 
1 19240828  
5 
4 
1 1383928033  
5 
5 
5 
2 
5 
4 
1 2016451945  
5 
4 
3 
6 
5 
6 
1 593737966  
3 
2 
1 671337456  
6 
2 
1 196431877  
3 
6 
1 81439809  
2 
5 
1 231516236  
2 
1 463112880  
3 
3 
6 
3 
3 
3 
6 
2 
2 
2 
1 261160064  
5 
4 
3 
5 
1 654218142  
5 
6 
5 
5 
3 
3 
4 
2 
2 
6 
3 
1 1943200450  
6 
1 489868998  
1 96397058  
6 
2 
4 
5 
6 
3 
6 
1 948525807  
6 
5 
3 
1 27879527  
3 
4 
1 1187992675  
4 
5 
4 
2 
4 
6 
4 
2 
3 
2 
4 
5 
5 
5 
6 
5 
6 
6 
6 
1 448630619  
4 
2 
3 
5 
2 
4 
2 
6 
4 
3 
3 
4 
4 
6 
2 
5 
5 
6 
1 771113234  
6 
5 
4 
3 
3 
5 
4 
3 
6 
5 
5 
5 
4 
3 
5 
6 
4 
4 
3 
3 
6 
4 
5 
1 27394377  
1 1324101199  
4 
2 
1 375274434  
3 
1 1204555648  
5 
1 1992891112  
2 
3 
5 
2 
3 
2 
1 550114789  
1 810655089  
6 
5 
1 2111499213  
4 
2 
5 
1 1434552399  
2 
2 
1 2116602842  
2 
4 
4 
5 
4 
5 
2 
4 
2 
3 
3 
6 
3 
5 
1 1127527121  
4 
6 
1 1790773114  
5 
3 
6 
1 2135843670  
1 363971506  
5 
1 1659741411  
6 
3 
1 582097989  
4 
4 
1 1035308962  
2 
1 1856173288  
4 
2 
6 
4 
6 
4 
3 
6 
2 
5 
2 
1 663537798  
3 
6 
4 
2 
4 
3 
5 
4 
3 
3 
6 
4 
5 
1 1266825198  
5 
6 
3 
5 
5 
1 171802520  
3 
2 
4 
2 
5 
6 
4 
6 
3 
2 
3 
6 
3 
6 
2 
5 
6 
3 
2 
3 
2 
2 
6 
3 
3 
5 
6 
3 
3 
6 
1 924697862  
1 1921043341  
2 
1 2115002971  
6 
1 1414566861  
1 2017440399  
2 
4 
4 
4 
4 
3 
5 
5 
3 
3 
6 
2 
5 
3 
3 
4 
2 
6 
2 
2 
6 
3 
3 
1 916045130  
5 
4 
2 
5 
4 
2 
3 
4 
3 
2 
1 1442446388  
3 
6 
6 
3 
1 1057949426  
5 
6 
1 1364675749  
2 
2 
1 66075974  
2 
2 
3 
1 1085343803  
1 541293300  
3 
5 
4 
3 
2 
6 
6 
5 
5 
4 
4 
1 441350408  
1 142415803  
1 386700764  
3 
5 
5 
5 
5 
3 
5 
4 
1 991465197  
5 
5 
4 
6 
1 953070892  
4 
1 350716329  
6 
3 
2 
1 278533948  
5 
2 
2 
1 922190086  
6 
1 1478243450  
4 
6 
2 
4 
1 2069307062  
2 
5 
4 
1 910550109  
2 
2 
4 
4 
2 
1 1842214956  
5 
2 
4 
4 
2 
5 
4 
2 
1 1581564826  
3 
6 
2 
5 
5 
1 1492648098  
6 
4 
3 
6 
5 
6 
3 
6 
3 
3 
5 
5 
2 
2 
3 
2 
2 
6 
3 
1 730040270  
4 
4 
5 
3 
3 
1 1290254466  
4 
2 
1 8702248  
1 1996865468  
5 
2 
5 
1 1462056987  
6 
1 933400111  
2 
1 1770425161  
5 
3 
1 1429576310  
1 200483324  
3 
1 1640381913  
6 
4 
4 
5 
2 
1 198137792  
5 
2 
1 1642929712  
6 
6 
6 
1 550847691  
2 
5 
1 1562813541  
5 
3 
3 
1 1709005686  
1 1636191495  
5 
2 
2 
1 2104106841  
1 2872446  
3 
3 
6 
1 1778607298  
4 
3 
2 
1 343323957  
4 
4 
2 
3 
5 
6 
5 
3 
6 
2 
3 
4 
2 
3 
1 994337643  
2 
4 
5 
1 584194543  
1 694040286  
2 
5 
5 
5 
3 
1 1272871591  
4 
5 
3 
6 
2 
1 1506384629  
2 
2 
2 
3 
2 
5 
1 24800088  
2 
2 
5 
5 
3 
5 
6 
3 
4 
6 
1 1194695006  
5 
5 
2 
3 
1 269451090  
6 
1 1867015044  
2 
4 
1 628776184  
4 
6 
3 
3 
5 
1 1762099188  
6 
4 
5 
3 
5 
2 
2 
2 
3 
2 
4 
5 
3 
2 
3 
6 
3 
3 
6 
3 
5 
3 
5 
2 
6 
6 
2 
2 
1 449571666  
4 
1 1919030650  
6 
3 
2 
4 
1 1770801437  
5 
5 
2 
4 
6 
1 298953486  
3 
4 
4 
5 
5 
4 
5 
1 1233603989  
4 
4 
5 
3 
4 
6 
6 
2 
5 
4 
1 556717900  
5 
6 
1 2069378648  
5 
6 
5 
3 
3 
6 
6 
1 515696651  
6 
6 
2 
4 
6 
3 
5 
4 
2 
6 
5 
3 
5 
3 
1 757201224  
1 1562276913  
1 713834443  
4 
3 
5 
1 252647288  
2 
6 
4 
5 
6 
3 
3 
3 
3 
4 
6 
6 
4 
6 
6 
6 
3 
5 
2 
2 
6 
3 
2 
2 
4 
4 
6 
3 
2 
3 
5 
6 
5 
5 
6 
5 
5 
5 
6 
5 
6 
4 
6 
3 
3 
1 2113124604  
4 
2 
5 
4 
1 129164336  
1 1961652974  
3 
5 
4 
4 
4 
5 
4 
6 
4 
4 
2 
6 
3 
2 
5 
6 
6 
1 1601832451  
5 
2 
6 
3 
2 
5 
2 
2 
2 
2 
2 
3 
1 85787529  
4 
1 1964525420  
6 
1 1232956102  
1 429111486  
5 
1 811379415  
1 1817150645  
1 1123151772  
5 
4 
5 
4 
6 
6 
5 
6 
1 2084251006  
5 
3 
4 
5 
1 1176051626  
6 
1 1147951860  
3 
2 
4 
2 
5 
1 1131462364  
3 
3 
4 
5 
5 
1 1445502717  
3 
2 
5 
5 
1 867483256  
6 
2 
4 
5 
3 
1 1760238548  
3 
3 
4 
4 
2 
2 
3 
3 
2 
3 
1 1060118257  
1 1317054922  
5 
1 1531785551  
3 
4 
6 
5 
3 
1 683436046  
3 
6 
6 
4 
5 
4 
2 
5 
6 
4 
2 
2 
4 
5 
2 
3 
1 1616008409  
1 617905892  
6 
3 
3 
6 
3 
3 
4 
2 
1 1240153946  
2 
4 
5 
1 1537903409  
2 
5 
6 
4 
4 
2 
4 
6 
3 
4 
6 
6 
2 
1 1133602544  
3 
2 
2 
4 
1 1997355170  
4 
1 952696674  
6 
6 
4 
5 
1 1847436987  
6 
2 
4 
5 
5 
1 102518810  
3 
3 
3 
2 
4 
2 
6 
2 
3 
3 
4 
1 918337630  
4 
5 
6 
5 
2 
4 
5 
1 1976601324  
2 
5 
5 
5 
5 
5 
5 
5 
1 2064171784  
3 
4 
4 
1 372686434  
5 
2 
6 
3 
5 
2 
1 2062388853  
4 
6 
2 
5 
3 
4 
3 
3 
6 
6 
5 
2 
6 
3 
6 
6 
3 
2 
5 
1 1881213556  
4 
1 1605642536  
2 
3 
5 
5 
2 
3 
6 
1 344016692  
4 
5 
3 
1 545109323  
5 
5 
3 
6 
1 1275309533  
3 
3 
1 1467168464  
4 
2 
3 
2 
6 
4 
6 
5 
1 481876682  
3 
4 
3 
2 
5 
3 
5 
2 
5 
5 
5 
2 
1 303877511  
2 
1 467636677  
1 1613339046  
4 
3 
2 
6 
1 1749380228  
4 
1 1335119933  
2 
3 
6 
4 
2 
6 
3 
6 
4 
6 
4 
6 
4 
6 
4 
5 
3 
2 
4 
2 
5 
4 
2 
4 
2 
3 
2 
4 
3 
1 1226093947  
4 
5 
5 
3 
3 
2 
5 
1 662014838  
5 
6 
3 
1 504691208  
5 
6 
4 
2 
6 
4 
5 
3 
5 
2 
5 
3 
3 
2 
5 
5 
3 
3 
1 610395850  
6 
3 
6 
4 
4 
6 
4 
4 
5 
2 
1 1345450884  
6 
1 2120699617  
1 1228301742  
6 
1 438121183  
5 
4 
5 
1 1511119378  
5 
4 
5 
1 214420638  
1 287992705  
6 
6 
5 
1 316332404  
6 
2 
4 
1 2061857626  
4 
3 
1 390511516  
4 
5 
4 
1 1234670034  
3 
1 1890975302  
6 
6 
4 
4 
3 
5 
6 
1 307199652  
2 
5 
4 
4 
1 1607356468  
2 
1 1805880507  
3 
3 
4 
2 
4 
2 
5 
6 
6 
3 
3 
5 
4 
1 40929561  
4 
6 
3 
2 
3 
6 
3 
1 1065515356  
5 
1 2413551  
5 
3 
3 
3 
2 
4 
4 
2 
6 
5 
5 
2 
3 
4 
4 
5 
4 
4 
3 
2 
2 
5 
2 
5 
5 
5 
4 
2 
5 
6 
3 
6 
2 
3 
2 
4 
2 
3 
4 
1 586038884  
1 193341241  
2 
2 
1 1469582016  
1 1067915566  
4 
6 
6 
3 
6 
3 
1 497218753  
2 
2 
2 
2 
5 
1 1937218693  
5 
6 
6 
3 
6 
4 
4 
4 
3 
3 
1 533770965  
3 
6 
6 
2 
2 
6 
5 
1 99115333  
2 
1 1124854978  
2 
1 1759864912  
2 
4 
1 761130171  
3 
3 
3 
1 1629546186  
5 
4 
3 
1 222777114  
4 
4 
6 
3 
3 
4 
2 
2 
1 2106581056  
1 1602762155  
6 
4 
6 
1 1451078856  
4 
1 397218591  
3 
1 966397885  
6 
5 
4 
3 
6 
6 
6 
1 1665499495  
6 
1 685211296  
1 1282730289  
4 
6 
4 
5 
4 
2 
6 
1 1579873473  
6 
4 
2 
1 1075722812  
6 
5 
2 
3 
1 369916676  
2 
4 
3 
6 
3 
1 1323365127  
2 
4 
6 
3 
5 
5 
3 
5 
6 
1 1382922465  
2 
1 1977273144  
5 
2 
4 
3 
4 
4 
4 
2 
2 
2 
4 
1 981761986  
2 
4 
1 1423852026  
3 
6 
3 
3 
1 895304853  
1 984175538  
4 
2 
1 2009890910  
6 
2 
6 
4 
1 1088646094  
1 306273906  
1 930322829  
2 
5 
5 
4 
6 
3 
1 1585864847  
6 
3 
6 
4 
6 
1 96008951  
2 
4 
3 
3 
3 
2 
3 
2 
6 
3 
5 
2 
6 
5 
2 
6 
5 
6 
3 
2 
6 
5 
3 
2 
2 
6 
2 
5 
5 
3 
6 
2 
6 
2 
4 
1 1464093794  
2 
1 1684980181  
5 
6 
5 
3 
2 
1 1220863929  
5 
2 
3 
4 
5 
1 1076475058  
2 
5 
6 
5 
3 
6 
1 298626704  
1 702926468  
3 
2 
1 1299252172  
3 
6 
1 257724112  
1 158204975  
4 
3 
1 602847380  
4 
3 
2 
2 
4 
4 
4 
1 654942703  
5 
4 
3 
3 
2 
5 
5 
5 
2 
4 
5 
1 1124602861  
3 
6 
4 
2 
3 
4 
6 
6 
4 
6 
3 
3 
2 
6 
5 
2 
2 
3 
5 
3 
1 120863227  
6 
5 
4 
6 
6 
2 
5 
6 
1 1340154000  
4 
1 259849502  
4 
4 
2 
5 
6 
6 
3 
6 
2 
1 1700736700  
3 
4 
4 
2 
1 268393164  
1 629766178  
4 
4 
5 
3 
5 
4 
5 
3 
2 
6 
4 
4 
5 
1 876618179  
2 
3 
1 1651315629  
5 
3 
2 
2 
6 
2 
4 
2 
1 459555675  
6 
2 
3 
4 
5 
6 
2 
1 1858380166  
2 
5 
4 
3 
3 
5 
4 
2 
4 
6 
2 
5 
3 
3 
5 
2 
1 927684007  
3 
1 1354860528  
3 
5 
5 
6 
1 695072056  
6 
4 
1 790091270  
1 296022974  
3 
3 
2 
4 
3 
2 
3 
5 
2 
1 1001345962  
4 
2 
2 
4 
1 1720414099  
6 
4 
5 
2 
2 
3 
3 
6 
1 1881887822  
1 1097354913  
3 
6 
2 
4 
3 
5 
3 
3 
4 
6 
4 
2 
6 
2 
2 
2 
6 
5 
1 1037024245  
5 
6 
2 
1 1419384355  
6 
1 170735194  
2 
3 
6 
1 2113499303  
3 
6 
4 
5 
6 
3 
4 
3 
4 
1 1718011059  
2 
6 
3 
6 
6 
2 
3 
5 
4 
6 
4 
4 
3 
5 
5 
1 873661662  
4 
5 
1 1265267827  
1 1975735172  
5 
5 
6 
4 
5 
5 
1 1031866638  
5 
1 1868115207  
5 
3 
2 
4 
3 
1 483194227  
4 
1 8985851  
2 
1 1988978435  
5 
6 
3 
1 1823348227  
3 
1 268835353  
1 1542231487  
5 
1 2091741392  
4 
5 
4 
2 
3 
6 
2 
5 
2 
1 898601532  
5 
4 
5 
1 271366019  
6 
2 
1 1595573373  
5 
4 
4 
3 
4 
4 
6 
6 
4 
5 
5 
2 
5 
2 
5 
1 1358157207  
6 
1 2129746185  
6 
5 
5 
6 
6 
3 
1 375773733  
2 
1 565534087  
6 
4 
5 
4 
3 
3 
3 
2 
5 
2 
6 
6 
1 677334593  
3 
2 
2 
6 
1 1165865003  
2 
4 
2 
5 
5 
3 
3 
3 
3 
3 
6 
4 
4 
2 
6 
5 
3 
2 
5 
3 
2 
4 
3 
2 
6 
6 
2 
2 
5 
2 
6 
6 
4 
2 
2 
4 
2 
4 
1 861557061  
1 1678680555  
5 
6 
6 
1 738795454  
1 595961235  
3 
3 
3 
5 
3 
5 
4 
3 
2 
6 
6 
5 
2 
4 
5 
4 
4 
3 
1 628551820  
2 
4 
4 
1 1775819699  
3 
1 2015345590  
2 
5 
6 
1 799287014  
3 
5 
4 
5 
3 
3 
5 
4 
2 
4 
3 
5 
6 
2 
2 
1 1741835354  
5 
5 
2 
3 
5 
6 
3 
4 
4 
1 1585873002  
4 
2 
3 
5 
5 
4 
4 
1 1672948677  
6 
2 
6 
1 859619533  
2 
1 1414124526  
4 
6 
2 
5 
1 557331667  
5 
4 
4 
1 580251092  
6 
3 
6 
1 1897318753  
5 
5 
6 
2 
1 566317518  
1 421745879  
5 
1 1573183333  
1 835152871  
5 
3 
3 
5 
2 
5 
3 
4 
4 
6 
2 
1 1963977367  
6 
4 
6 
3 
4 
1 1517441077  
5 
5 
3 
1 1733754403  
3 
3 
6 
4 
5 
4 
4 
6 
5 
1 87859738  
6 
1 965530802  
3 
5 
1 944427962  
5 
5 
1 70122275  
6 
5 
3 
6 
2 
6 
1 1341304535  
6 
1 1509962049  
6 
5 
5 
1 747456868  
4 
3 
3 
4 
4 
1 359685890  
1 224035463  
1 278653775  
3 
5 
5 
4 
5 
3 
6 
5 
2 
4 
5 
2 
5 
5 
5 
2 
3 
1 1098481344  
1 819996698  
6 
5 
5 
6 
1 907205595  
4 
4 
5 
4 
1 726817395  
1 687858641  
5 
1 1706492609  
2 
6 
5 
3 
5 
4 
4 
1 321169101  
3 
6 
4 
1 126247995  
2 
6 
1 1231957638  
1 1180788634  
5 
4 
4 
5 
3 
2 
6 
2 
1 1540372521  
3 
1 1789289305  
2 
4 
6 
2 
5 
5 
6 
6 
2 
4 
1 1761039727  
2 
1 1290207626  
4 
4 
3 
4 
2 
5 
2 
3 
3 
5 
2 
3 
2 
6 
6 
1 208123175  
6 
3 
1 35301958  
1 715907311  
2 
5 
1 1043276047  
4 
3 
5 
2 
3 
5 
2 
1 1999279325  
5 
6 
3 
1 85864740  
4 
3 
2 
1 629546802  
3 
6 
5 
3 
6 
4 
5 
6 
5 
1 2087139063  
6 
6 
3 
3 
4 
3 
2 
3 
6 
1 1051395543  
4 
1 1573974765  
4 
2 
1 9777690  
3 
1 245216430  
1 936453166  
4 
5 
2 
2 
3 
1 757234558  
1 604902321  
5 
6 
3 
6 
6 
2 
6 
2 
4 
4 
2 
5 
5 
4 
3 
6 
4 
2 
6 
4 
2 
2 
6 
4 
1 1160488629  
5 
6 
5 
1 1035888333  
3 
2 
6 
4 
5 
5 
2 
2 
1 1703383665  
5 
4 
6 
4 
4 
2 
6 
5 
2 
6 
5 
4 
6 
5 
4 
3 
1 1980485328  
2 
1 1943093928  
4 
1 282717413  
3 
3 
2 
4 
6 
1 520860321  
2 
3 
2 
6 
4 
5 
4 
3 
4 
3 
4 
1 1502102890  
2 
3 
1 603886514  
2 
1 647108316  
3 
4 
2 
3 
3 
6 
2 
2 
3 
4 
2 
6 
4 
2 
5 
5 
1 586576880  
2 
5 
2 
6 
2 
3 
1 1784675149  
5 
6 
3 
3 
3 
2 
4 
6 
2 
1 39997189  
6 
5 
6 
1 228382538  
1 1398231228  
5 
1 1330204815  
5 
6 
5 
2 
5 
1 436505713  
2 
1 1433533186  
1 2046112127  
5 
2 
2 
4 
1 1479781760  
2 
3 
5 
5 
2 
3 
4 
1 1285328864  
3 
6 
2 
1 2131976867  
2 
5 
6 
1 2109328563  
3 
3 
3 
1 1224984279  
2 
2 
1 1035888762  
4 
4 
3 
3 
5 
4 
6 
6 
4 
3 
4 
1 1535819680  
1 1234761970  
3 
3 
5 
4 
4 
1 1281105193  
2 
1 324789198  
5 
2 
5 
5 
6 
4 
2 
2 
6 
2 
3 
2 
1 1991996528  
4 
6 
5 
6 
4 
4 
1 1886007514  
4 
5 
4 
5 
2 
2 
5 
2 
3 
2 
4 
6 
2 
2 
4 
3 
5 
2 
2 
4 
6 
2 
5 
6 
2 
4 
5 
6 
1 1485277828  
4 
5 
4 
4 
5 
2 
3 
3 
6 
5 
1 880401214  
2 
1 1441907531  
4 
6 
3 
1 1318279508  
4 
4 
1 676011494  
4 
2 
6 
1 1724624944  
3 
2 
6 
5 
4 
5 
2 
4 
4 
6 
4 
3 
6 
3 
3 
3 
1 1839139829  
1 30630736  
3 
6 
6 
2 
1 181027811  
4 
6 
5 
5 
2 
4 
2 
6 
5 
5 
1 338764497  
3 
5 
3 
4 
4 
6 
4 
5 
3 
3 
5 
5 
4 
6 
4 
1 617207617  
1 1965702960  
3 
1 378761686  
6 
5 
2 
1 845590155  
2 
1 1216450540  
2 
3 
2 
2 
1 1708966501  
6 
1 1282095868  
2 
5 
2 
2 
1 502500078  
3 
5 
3 
1 1607594980  
4 
5 
6 
4 
2 
4 
1 614393981  
5 
1 1787828942  
4 
4 
6 
2 
5 
2 
2 
1 1592088200  
6 
4 
6 
2 
1 576238896  
4 
5 
3 
4 
5 
3 
4 
6 
6 
3 
4 
3 
6 
5 
2 
6 
2 
3 
5 
4 
4 
1 865329574  
6 
5 
3 
4 
4 
6 
3 
1 480493314  
4 
3 
6 
6 
2 
5 
2 
3 
4 
4 
6 
1 2112058576  
5 
1 2100091544  
1 1761598507  
3 
1 289364126  
1 1944604424  
2 
1 1500122373  
5 
6 
6 
2 
1 1774641954  
4 
5 
1 677521990  
2 
4 
5 
2 
1 794546257  
2 
2 
3 
3 
6 
5 
2 
5 
3 
1 945437814  
4 
4 
5 
4 
3 
1 1353533485  
3 
6 
3 
1 371687553  
4 
2 
2 
4 
1 637093995  
1 1384164221  
3 
4 
4 
2 
2 
5 
2 
2 
6 
1 552715364  
2 
4 
2 
1 975858492  
6 
2 
3 
6 
2 
4 
3 
6 
4 
6 
4 
6 
4 
3 
4 
5 
5 
1 2001371838  
3 
6 
4 
2 
4 
3 
5 
5 
5 
1 370934676  
4 
1 1354620178  
4 
6 
5 
2 
6 
6 
4 
4 
5 
5 
5 
3 
2 
2 
1 699478345  
3 
5 
1 1587385216  
2 
4 
6 
5 
4 
4 
6 
1 916103032  
2 
1 1981574214  
4 
5 
4 
2 
2 
3 
1 2089885295  
3 
2 
4 
6 
2 
3 
2 
5 
4 
1 376214364  
5 
6 
5 
1 448484547  
4 
6 
4 
2 
4 
4 
3 
5 
4 
4 
3 
2 
6 
1 1730230589  
3 
1 1968302564  
1 1024723443  
1 448076515  
3 
4 
6 
6 
3 
1 301312231  
2 
2 
4 
3 
5 
4 
5 
6 
1 989298371  
6 
4 
1 400684411  
6 
2 
3 
3 
1 2062910738  
4 
6 
4 
1 1278662497  
6 
1 197805188  
2 
4 
3 
6 
3 
1 1415549464  
3 
2 
4 
2 
3 
2 
3 
1 905820804  
6 
3 
2 
3 
2 
5 
4 
5 
1 875327178  
3 
3 
4 
5 
4 
1 62612073  
6 
4 
6 
5 
1 1851258618  
5 
5 
1 81377015  
3 
1 434299626  
5 
6 
3 
6 
1 340868966  
6 
3 
5 
3 
5 
6 
4 
2 
1 1465541237  
5 
4 
5 
5 
2 
6 
6 
5 
3 
5 
4 
2 
6 
6 
4 
4 
1 987014991  
6 
4 
5 
4 
6 
2 
6 
2 
3 
5 
4 
6 
2 
1 1316727458  
5 
4 
1 1319429427  
5 
2 
1 1357949667  
1 523863989  
4 
5 
3 
6 
1 2018907773  
2 
1 797851236  
2 
3 
3 
6 
3 
3 
4 
6 
3 
2 
4 
6 
3 
3 
4 
2 
1 1439967021  
5 
2 
3 
4 
1 1852998339  
2 
3 
5 
6 
3 
2 
2 
5 
2 
1 740252883  
5 
3 
1 1816181385  
6 
4 
5 
6 
3 
1 153999238  
4 
2 
3 
4 
2 
1 322999824  
2 
6 
1 1637000302  
1 1178722681  
1 771076340  
6 
3 
4 
1 1938312533  
6 
6 
2 
5 
2 
6 
4 
2 
6 
4 
5 
1 20537404  
5 
6 
4 
5 
1 1171760751  
3 
2 
1 1853739623  
6 
4 
6 
6 
2 
3 
4 
5 
1 1299199901  
5 
4 
5 
3 
1 1369565939  
2 
3 
6 
5 
6 
6 
6 
3 
5 
3 
6 
5 
5 
6 
6 
2 
4 
5 
1 1121805439  
5 
3 
4 
2 
6 
2 
5 
4 
1 57537057  
5 
4 
5 
3 
1 97409470  
2 
5 
2 
1 1184417512  
5 
1 1908795676  
3 
4 
1 178786485  
3 
1 1618717139  
1 102180994  
5 
4 
5 
1 1644327722  
3 
3 
2 
5 
3 
4 
2 
3 
3 
2 
6 
4 
4 
4 
6 
5 
2 
5 
3 
5 
1 458248482  
5 
2 
4 
2 
3 
2 
4 
4 
5 
1 1418908452  
3 
6 
2 
2 
2 
4 
1 816273502  
2 
6 
2 
3 
3 
5 
5 
5 
3 
2 
4 
1 1816198149  
2 
4 
1 1942772441  
5 
4 
4 
4 
5 
2 
4 
2 
5 
1 687697627  
1 466565737  
6 
4 
2 
6 
3 
2 
5 
6 
6 
1 1235255814  
1 393212318  
1 1206818620  
5 
3 
3 
5 
5 
2 
4 
5 
2 
6 
6 
4 
2 
1 903953552  
5 
3 
3 
2 
2 
3 
6 
6 
2 
6 
3 
4 
1 547211556  
3 
6 
1 1529818445  
4 
6 
1 393470206  
1 1725934237  
3 
4 
4 
2 
4 
4 
3 
2 
5 
3 
6 
1 153411137  
5 
2 
1 184299091  
4 
6 
4 
2 
6 
3 
4 
3 
6 
1 1746471641  
4 
3 
4 
1 1325171888  
4 
4 
1 2038038714  
1 898187894  
1 547254180  
3 
4 
1 1012360506  
3 
2 
4 
6 
1 955724952  
6 
1 644663650  
5 
4 
1 49294370  
3 
1 717036980  
5 
2 
2 
6 
6 
3 
2 
2 
3 
2 
4 
5 
1 823450135  
4 
1 1668011509  
2 
4 
4 
5 
3 
6 
2 
1 819217974  
4 
6 
4 
6 
4 
2 
5 
3 
6 
6 
1 320294210  
1 2126259991  
3 
4 
3 
2 
3 
6 
3 
6 
3 
3 
2 
4 
2 
5 
6 
1 90642778  
5 
3 
4 
3 
1 1136567712  
1 1794974493  
6 
3 
4 
2 
2 
2 
3 
5 
6 
3 
4 
1 2033415220  
4 
4 
1 1824265339  
4 
4 
4 
5 
5 
6 
3 
1 114056582  
2 
4 
3 
3 
5 
3 
2 
4 
6 
6 
4 
6 
5 
2 
3 
4 
1 1121187386  
3 
5 
4 
4 
6 
4 
2 
3 
1 69994009  
3 
5 
6 
2 
6 
2 
2 
6 
5 
4 
6 
2 
5 
3 
3 
2 
4 
1 1320875203  
1 2025140938  
1 617205565  
5 
5 
2 
2 
3 
6 
6 
6 
4 
5 
1 703210000  
4 
5 
6 
3 
4 
2 
2 
5 
5 
6 
5 
6 
3 
3 
3 
2 
1 271127496  
1 195656154  
4 
5 
3 
2 
1 856621137  
1 455426587  
6 
3 
2 
5 
5 
2 
3 
2 
2 
5 
1 1942127795  
1 34309377  
1 345981654  
6 
2 
2 
1 692832041  
6 
5 
3 
5 
1 581563557  
5 
5 
1 1358342160  
4 
2 
4 
2 
1 1648556993  
4 
6 
6 
1 1226227207  
5 
4 
2 
3 
1 1407636530  
3 
3 
6 
1 218110325  
3 
5 
1 2049677343  
2 
2 
2 
6 
6 
4 
3 
2 
5 
4 
5 
1 928164392  
3 
1 1037328299  
1 222487905  
4 
3 
6 
1 906940735  
5 
6 
2 
1 1127971078  
3 
3 
4 
2 
4 
3 
2 
3 
6 
5 
3 
4 
4 
6 
6 
2 
1 1359055617  
6 
3 
5 
4 
6 
3 
5 
4 
6 
2 
5 
2 
3 
6 
1 554431580  
5 
5 
3 
2 
5 
6 
3 
6 
1 1013902650  
2 
1 1035837308  
6 
3 
5 
3 
4 
6 
1 668488163  
6 
2 
4 
2 
5 
2 
6 
2 
1 2135090036  
5 
3 
4 
2 
6 
1 1105831317  
1 1989363366  
4 
3 
2 
2 
6 
2 
4 
2 
1 2012747327  
3 
6 
4 
5 
3 
4 
3 
6 
3 
3 
2 
6 
4 
1 1723036882  
4 
5 
4 
6 
5 
4 
2 
3 
5 
1 545089718  
2 
5 
2 
6 
3 
5 
6 
2 
1 136391175  
4 
6 
3 
5 
1 1918693036  
6 
5 
4 
4 
2 
3 
2 
5 
2 
3 
4 
5 
6 
6 
3 
1 1401710855  
5 
4 
4 
3 
2 
5 
4 
2 
6 
2 
6 
6 
3 
5 
3 
6 
3 
2 
1 591817763  
4 
1 1713337183  
6 
1 1436020232  
3 
3 
5 
2 
2 
3 
1 937799417  
1 258685576  
5 
1 2017583790  
1 148657929  
5 
5 
1 1907242570  
5 
3 
6 
6 
4 
6 
6 
2 
5 
2 
5 
2 
3 
5 
1 1096327349  
3 
2 
3 
1 1556294459  
6 
2 
2 
5 
1 2125352895  
1 998521044  
5 
1 336975203  
5 
4 
6 
4 
4 
6 
1 1015197547  
4 
6 
1 1221008949  
5 
3 
3 
1 1243915939  
5 
2 
2 
1 2143168625  
4 
2 
3 
3 
3 
1 432580918  
3 
1 1798347519  
5 
3 
4 
2 
1 1009587627  
5 
1 1468418226  
6 
2 
3 
2 
1 319352034  
2 
4 
3 
5 
6 
6 
3 
2 
2 
3 
1 997194015  
6 
3 
6 
4 
3 
4 
2 
3 
4 
2 
2 
3 
6 
6 
3 
3 
2 
5 
5 
3 
5 
2 
5 
6 
5 
3 
6 
1 426765895  
1 161231752  
3 
4 
6 
1 862457694  
6 
3 
6 
3 
3 
5 
3 
3 
5 
6 
4 
1 2319129  
6 
6 
4 
6 
6 
6 
5 
2 
4 
3 
3 
3 
3 
4 
3 
4 
5 
3 
4 
3 
5 
2 
5 
3 
1 706321470  
3 
2 
3 
2 
1 998848870  
1 1921012165  
2 
6 
4 
4 
1 2108032325  
3 
5 
3 
5 
5 
2 
4 
3 
4 
3 
4 
3 
1 1590666633  
1 1486865700  
4 
1 1396568910  
3 
5 
3 
1 380982402  
1 1745551277  
4 
5 
5 
4 
4 
1 1266669052  
2 
3 
6 
2 
2 
4 
6 
4 
3 
1 529640331  
5 
1 1505310199  
3 
5 
1 215512753  
2 
4 
4 
4 
1 2085934790  
4 
3 
2 
6 
2 
5 
4 
1 1483179446  
2 
6 
4 
6 
2 
3 
6 
5 
3 
5 
1 1214033798  
4 
4 
3 
4 
3 
6 
5 
2 
1 275426346  
5 
3 
4 
4 
6 
2 
1 350893345  
4 
2 
6 
4 
1 287559099  
6 
6 
1 1519342285  
1 346578322  
6 
1 720140018  
5 
3 
6 
3 
1 1170206156  
2 
4 
2 
6 
2 
3 
1 1356165949  
6 
5 
2 
3 
6 
2 
6 
6 
1 41074596  
5 
5 
2 
2 
1 1489558191  
2 
4 
2 
3 
6 
6 
6 
5 
2 
1 205876317  
3 
1 467840492  
2 
4 
1 1650789943  
4 
6 
5 
5 
5 
5 
1 1068334011  
3 
4 
2 
6 
4 
4 
6 
5 
6 
3 
3 
3 
2 
1 470159621  
2 
5 
6 
3 
6 
1 209627766  
4 
2 
1 2067182881  
4 
5 
2 
2 
5 
4 
3 
3 
3 
4 
4 
5 
6 
1 243688139  
1 170176443  
5 
4 
5 
1 1510365866  
1 1730553839  
3 
2 
4 
2 
1 1566745353  
3 
4 
2 
4 
3 
1 1891348268  
2 
5 
3 
6 
6 
5 
4 
3 
5 
6 
2 
1 1328621468  
3 
1 685930757  
5 
1 273504951  
3 
6 
6 
2 
2 
3 
3 
5 
6 
6 
3 
2 
4 
2 
4 
5 
6 
5 
3 
2 
1 686448019  
2 
4 
1 901443511  
5 
5 
4 
6 
4 
1 211956094  
2 
5 
5 
6 
3 
2 
3 
6 
1 22143818  
1 2115477309  
6 
3 
6 
2 
3 
2 
1 487382440  
1 373037163  
4 
4 
6 
2 
1 255552760  
1 2006724725  
3 
6 
5 
3 
5 
4 
6 
2 
2 
6 
6 
2 
2 
4 
5 
6 
2 
2 
3 
2 
1 719615486  
4 
3 
6 
6 
3 
5 
4 
1 975692778  
1 1029447233  
1 2075781435  
4 
1 1016767375  
5 
1 371521776  
5 
6 
6 
6 
3 
5 
4 
6 
4 
1 134174104  
4 
5 
1 1484607867  
6 
1 2022311720  
6 
1 1202508116  
3 
6 
6 
6 
2 
6 
4 
5 
4 
2 
1 1954767488  
2 
5 
3 
5 
6 
3 
2 
1 84455838  
1 1122207349  
6 
5 
1 50971979  
2 
5 
2 
4 
6 
3 
4 
6 
1 254632281  
3 
2 
6 
2 
2 
6 
1 485089568  
4 
4 
3 
3 
5 
6 
3 
3 
2 
3 
6 
6 
6 
3 
2 
2 
4 
1 1781525819  
6 
2 
4 
1 1821377635  
2 
6 
1 228954188  
2 
4 
6 
4 
5 
6 
6 
3 
6 
5 
3 
1 962663639  
2 
5 
3 
4 
1 359824744  
2 
4 
1 502459140  
6 
5 
1 1649111659  
2 
1 1261268255  
5 
3 
4 
4 
4 
5 
5 
1 714415234  
4 
6 
3 
5 
5 
5 
1 1671255477  
2 
5 
5 
3 
5 
4 
1 1229261916  
4 
4 
2 
4 
6 
2 
4 
3 
5 
2 
6 
5 
5 
4 
4 
3 
1 1201797674  
3 
3 
4 
3 
4 
3 
6 
1 2044292640  
5 
6 
2 
1 1484814677  
5 
5 
2 
6 
3 
5 
2 
3 
6 
2 
2 
2 
5 
1 1061038751  
4 
3 
1 616424478  
4 
2 
6 
3 
6 
1 313023807  
3 
2 
6 
1 2090485984  
1 544722266  
3 
5 
1 1329791182  
1 314524113  
2 
5 
3 
6 
5 
2 
6 
5 
4 
5 
2 
4 
2 
5 
5 
1 678896370  
3 
2 
1 666915401  
2 
3 
1 189352185  
4 
4 
4 
2 
2 
4 
2 
1 1881404486  
2 
3 
1 474199242  
4 
4 
4 
5 
4 
4 
1 273808023  
1 856128188  
5 
1 525171221  
5 
5 
1 528440304  
3 
3 
4 
2 
5 
4 
6 
5 
1 1341217756  
3 
4 
2 
3 
4 
6 
4 
6 
4 
2 
2 
6 
4 
2 
3 
1 159213392  
2 
4 
3 
5 
5 
1 202334291  
4 
6 
6 
6 
2 
5 
4 
4 
3 
4 
4 
1 1570171944  
6 
2 
1 1121877032  
5 
2 
4 
1 562159036  
4 
5 
4 
3 
2 
4 
6 
5 
1 2072631084  
4 
4 
2 
5 
6 
5 
5 
1 623505043  
2 
2 
2 
5 
4 
3 
6 
5 
1 1823427291  
6 
5 
2 
3 
6 
6 
2 
5 
2 
1 639562670  
2 
3 
3 
1 147276872  
2 
3 
2 
2 
5 
6 
3 
6 
4 
3 
5 
1 905205560  
1 1841360344  
3 
4 
5 
6 
1 44085864  
5 
4 
4 
6 
6 
6 
2 
6 
6 
6 
1 242536589  
3 
6 
5 
3 
2 
1 754915447  
5 
5 
5 
5 
4 
4 
1 660510343  
2 
5 
5 
3 
2 
4 
1 555560396  
4 
5 
5 
2 
5 
4 
3 
2 
5 
1 697917784  
3 
1 1205232609  
3 
5 
5 
2 
2 
6 
5 
2 
2 
2 
4 
5 
6 
4 
3 
6 
4 
6 
3 
2 
6 
6 
4 
4 
1 1885351579  
2 
2 
3 
1 1012441897  
4 
5 
5 
4 
2 
2 
5 
6 
6 
4 
5 
6 
4 
2 
4 
5 
6 
5 
1 1884128979  
1 404783332  
3 
2 
4 
2 
2 
2 
5 
1 1201794082  
3 
1 1618049818  
4 
1 878982574  
1 1475602105  
5 
1 326694358  
5 
4 
3 
2 
5 
5 
5 
5 
4 
1 1404153796  
3 
5 
4 
1 2004042409  
1 1667912114  
1 1563367188  
5 
6 
3 
2 
3 
5 
2 
2 
1 58893053  
4 
4 
5 
4 
1 1090600410  
6 
5 
1 537760572  
1 621052089  
6 
3 
6 
4 
4 
4 
2 
5 
1 1015747847  
5 
3 
4 
6 
2 
3 
5 
6 
4 
6 
2 
5 
6 
3 
4 
4 
6 
1 1161265615  
2 
4 
2 
5 
1 296995732  
2 
1 1655310517  
2 
3 
2 
5 
6 
2 
2 
4 
5 
6 
4 
3 
1 1308542487  
3 
5 
4 
3 
1 1202201292  
2 
3 
1 1349187214  
1 1352628352  
4 
6 
1 1444737881  
1 2104102661  
5 
5 
5 
4 
5 
3 
5 
1 2013138695  
4 
3 
6 
2 
1 2000298278  
6 
4 
2 
5 
1 654536797  
2 
1 1070887656  
5 
2 
2 
2 
6 
4 
4 
6 
6 
1 1738166209  
4 
5 
2 
6 
3 
3 
4 
2 
5 
2 
4 
3 
6 
5 
2 
5 
4 
4 
6 
6 
2 
6 
4 
3 
1 1666978694  
2 
3 
3 
2 
4 
6 
5 
6 
6 
6 
2 
5 
3 
6 
1 807532987  
3 
5 
4 
2 
6 
2 
5 
5 
3 
3 
3 
2 
1 2142949541  
5 
6 
4 
6 
6 
3 
5 
1 721289128  
6 
3 
5 
1 278099157  
6 
2 
5 
3 
5 
1 874448468  
4 
2 
3 
5 
1 49407585  
2 
5 
6 
1 604793515  
1 131118616  
2 
6 
2 
4 
4 
3 
4 
6 
3 
1 2053449995  
5 
2 
1 125221981  
1 1694485804  
1 2112343048  
1 1215822392  
5 
5 
2 
2 
2 
3 
5 
3 
6 
3 
2 
5 
2 
3 
6 
6 
1 84762729  
2 
1 585911489  
5 
3 
3 
1 84086591  
3 
5 
6 
5 
1 1246028344  
1 882907221  
6 
6 
5 
1 1739397108  
1 407087184  
3 
3 
5 
1 2085108514  
3 
4 
3 
4 
6 
2 
3 
4 
4 
6 
6 
1 941100674  
4 
6 
2 
1 1759715536  
3 
1 1382362747  
4 
4 
4 
2 
1 897719688  
5 
3 
6 
4 
2 
3 
1 1625370583  
6 
2 
1 1235177377  
2 
6 
6 
6 
5 
3 
3 
6 
4 
3 
1 1552256485  
4 
3 
1 548774591  
2 
2 
5 
4 
5 
1 825859938  
6 
2 
2 
3 
2 
6 
6 
1 1071751532  
2 
2 
2 
6 
2 
2 
6 
4 
6 
6 
1 1356307578  
1 821325832  
4 
1 1793040660  
3 
4 
5 
3 
4 
6 
3 
1 1634406736  
2 
4 
2 
4 
3 
3 
2 
4 
3 
3 
3 
6 
3 
5 
3 
3 
2 
2 
4 
1 1695774300  
5 
5 
4 
3 
5 
4 
4 
1 1842448246  
1 91716603  
4 
3 
4 
2 
2 
5 
2 
2 
4 
4 
6 
3 
3 
2 
3 
4 
6 
6 
6 
1 1826892916  
4 
2 
3 
1 1748414593  
6 
6 
2 
4 
6 
4 
6 
1 216938585  
1 1373895072  
6 
1 1713273993  
1 1432760977  
2 
3 
2 
3 
1 1458657801  
4 
3 
4 
6 
6 
5 
5 
6 
6 
5 
6 
2 
1 151701834  
4 
3 
3 
3 
3 
6 
4 
4 
3 
2 
2 
2 
6 
3 
1 1516847568  
5 
6 
3 
6 
2 
5 
2 
3 
5 
1 557202498  
3 
5 
5 
3 
6 
2 
3 
1 1034609055  
6 
2 
4 
1 1108761028  
2 
2 
5 
3 
5 
1 964289682  
2 
1 972233921  
1 2049861703  
2 
5 
3 
4 
4 
2 
5 
2 
2 
2 
2 
4 
5 
5 
3 
2 
6 
3 
1 576521570  
1 207113021  
4 
5 
5 
6 
4 
1 800097743  
3 
6 
2 
6 
1 54408505  
6 
3 
5 
2 
3 
1 1442290398  
3 
1 204870580  
2 
3 
1 603183096  
2 
1 120666689  
1 1276622112  
6 
1 1959490674  
6 
4 
3 
4 
6 
3 
5 
4 
5 
2 
6 
6 
6 
2 
4 
5 
6 
5 
3 
6 
4 
6 
6 
2 
3 
6 
6 
3 
6 
5 
6 
3 
5 
6 
1 941992521  
6 
4 
6 
2 
5 
6 
1 922179125  
4 
5 
6 
3 
6 
2 
5 
5 
6 
2 
4 
5 
3 
1 1446413762  
3 
3 
2 
1 490283173  
2 
5 
6 
4 
2 
6 
1 617143723  
2 
6 
5 
5 
6 
1 1538130366  
6 
4 
6 
1 169692441  
1 218074668  
4 
4 
3 
4 
5 
2 
4 
3 
4 
5 
1 1755068951  
1 1543587513  
2 
6 
3 
3 
4 
4 
5 
2 
3 
3 
6 
5 
2 
1 1931348661  
3 
4 
2 
1 1040346280  
5 
3 
2 
6 
5 
3 
3 
1 854761667  
3 
4 
2 
1 2083050495  
3 
2 
5 
6 
1 409710200  
1 1411964165  
5 
5 
1 970175902  
2 
2 
4 
4 
4 
6 
4 
2 
1 1518471228  
1 228770199  
3 
1 1942409824  
1 1420849283  
5 
5 
6 
1 805291769  
1 2039197  
4 
3 
2 
1 73463378  
1 859700274  
4 
3 
4 
3 
2 
1 1444329595  
4 
5 
3 
2 
1 278333959  
2 
6 
1 1462883370  
4 
3 
2 
3 
1 1564996284  
4 
1 1554956071  
6 
1 1274890396  
1 359505157  
5 
5 
6 
6 
3 
1 329651548  
6 
1 573820511  
6 
6 
6 
1 849788330  
6 
6 
5 
3 
4 
5 
4 
1 946795271  
1 2111950877  
2 
6 
1 1019480771  
6 
5 
4 
4 
3 
2 
1 1164869939  
2 
3 
4 
4 
2 
4 
1 1719536180  
1 415584637  
1 948734952  
6 
2 
3 
6 
4 
5 
2 
3 
2 
6 
3 
1 612398812  
3 
4 
2 
3 
3 
1 1270346304  
2 
1 884301799  
5 
2 
3 
3 
4 
1 1022109012  
4 
4 
6 
6 
3 
1 534826821  
6 
2 
2 
5 
5 
3 
2 
4 
3 
4 
1 1854477702  
6 
4 
4 
4 
4 
6 
2 
2 
5 
1 393096592  
4 
4 
4 
5 
6 
1 763597020  
1 1649403878  
5 
4 
5 
3 
4 
3 
4 
6 
1 1813945876  
1 1568888789  
4 
5 
6 
1 1651443075  
1 1887409254  
4 
6 
4 
5 
5 
6 
5 
4 
5 
6 
5 
3 
2 
6 
2 
2 
2 
2 
5 
1 281105415  
6 
4 
6 
6 
6 
2 
2 
3 
1 948289022  
6 
4 
4 
1 18259565  
5 
2 
2 
5 
4 
1 1743988785  
6 
2 
4 
4 
5 
6 
1 365801659  
5 
5 
5 
6 
2 
1 1573215637  
1 871395533  
2 
1 725306816  
1 1902867185  
6 
4 
1 1445216044  
1 1575095147  
6 
3 
2 
6 
5 
4 
2 
4 
5 
6 
1 702178809  
4 
6 
6 
2 
1 1409683273  
2 
6 
3 
2 
1 447092270  
5 
2 
4 
6 
2 
6 
2 
4 
4 
3 
2 
2 
1 1867048748  
4 
4 
1 981735805  
2 
1 862676907  
5 
5 
4 
5 
3 
1 668300053  
3 
3 
2 
5 
5 
4 
4 
3 
4 
2 
3 
1 1594134617  
6 
1 2133023211  
3 
5 
5 
6 
4 
3 
6 
6 
6 
2 
1 1552601852  
3 
5 
5 
2 
5 
2 
6 
1 468759981  
1 520366384  
4 
6 
6 
1 1259595906  
4 
6 
3 
1 861856574  
6 
2 
4 
3 
2 
3 
3 
2 
3 
2 
3 
2 
6 
4 
2 
2 
5 
6 
5 
2 
3 
3 
6 
2 
2 
2 
4 
5 
4 
5 
1 1283963404  
1 761516136  
5 
6 
4 
2 
2 
5 
6 
3 
3 
1 528318802  
1 705368545  
4 
4 
5 
1 265475563  
1 268244408  
1 986473960  
2 
6 
4 
1 1213764586  
2 
3 
5 
1 286503974  
2 
6 
6 
6 
6 
2 
6 
4 
3 
3 
5 
6 
6 
6 
5 
6 
3 
6 
1 582979097  
4 
2 
6 
5 
4 
6 
4 
1 1579566245  
2 
2 
2 
1 1859719611  
5 
4 
3 
4 
5 
6 
6 
6 
2 
6 
3 
2 
3 
3 
2 
6 
3 
3 
2 
1 1454374631  
2 
5 
3 
4 
4 
4 
3 
6 
6 
3 
4 
6 
2 
3 
6 
6 
6 
4 
4 
3 
5 
3 
3 
1 157389413  
5 
2 
6 
5 
5 
1 1615103148  
4 
5 
5 
4 
4 
4 
4 
6 
2 
1 752107027  
3 
4 
6 
5 
1 1732484560  
4 
4 
5 
4 
2 
1 169798309  
4 
3 
3 
1 14306653  
5 
2 
4 
5 
1 32093183  
5 
2 
1 2036847058  
3 
3 
6 
4 
1 996042458  
5 
6 
4 
5 
1 894770090  
2 
3 
2 
4 
1 557663463  
6 
3 
3 
2 
3 
1 442693428  
3 
3 
4 
6 
1 880309654  
1 2110265315  
3 
5 
4 
2 
3 
4 
4 
1 911453409  
4 
3 
4 
1 1400676038  
2 
4 
5 
3 
6 
1 1222377574  
4 
6 
2 
3 
2 
6 
2 
4 
4 
4 
4 
2 
5 
4 
2 
3 
4 
3 
4 
2 
5 
6 
3 
4 
1 1773309983  
4 
6 
6 
4 
1 537155795  
4 
2 
1 1983893710  
1 154145137  
5 
2 
2 
1 1242524340  
4 
6 
1 101885626  
5 
1 422389546  
6 
6 
1 81514653  
2 
6 
1 1315650212  
5 
4 
6 
1 708893520  
1 664493750  
4 
5 
4 
2 
5 
1 747732809  
5 
2 
4 
2 
3 
1 421129483  
4 
4 
1 2118868381  
4 
1 905122222  
6 
1 2036232631  
6 
1 723491761  
4 
3 
4 
1 490123135  
2 
5 
5 
6 
2 
3 
2 
4 
1 58547293  
4 
5 
4 
1 737798414  
2 
5 
3 
5 
1 522216318  
5 
4 
3 
4 
6 
4 
2 
3 
6 
4 
5 
5 
6 
6 
2 
6 
1 2095394351  
6 
2 
2 
1 1733840872  
1 1416986408  
5 
1 505574166  
1 29050652  
5 
1 149812414  
5 
3 
2 
3 
5 
5 
1 468355833  
2 
1 940504062  
4 
4 
6 
2 
1 1550488453  
5 
1 1690733407  
4 
6 
1 566330397  
6 
2 
4 
4 
5 
3 
4 
6 
1 2087644248  
3 
3 
5 
6 
4 
2 
3 
6 
2 
2 
4 
4 
4 
6 
5 
2 
5 
5 
6 
4 
5 
3 
3 
3 
3 
3 
6 
3 
2 
3 
3 
5 
2 
5 
4 
3 
5 
3 
3 
3 
2 
4 
1 1527143470  
3 
4 
6 
1 720475535  
4 
5 
4 
1 1182684940  
6 
5 
5 
5 
6 
1 1629029096  
2 
5 
5 
1 1142865081  
3 
1 1264199593  
6 
3 
2 
5 
1 797195660  
1 1851758601  
1 1928693344  
2 
1 1544928469  
6 
3 
1 125404436  
6 
4 
2 
5 
3 
2 
2 
6 
5 
4 
6 
2 
1 1900078077  
5 
3 
6 
4 
4 
5 
5 
4 
2 
5 
5 
2 
5 
6 
1 302567043  
6 
6 
5 
2 
6 
3 
4 
4 
1 14153419  
4 
6 
5 
1 476086190  
3 
2 
4 
1 792690178  
6 
4 
2 
2 
1 72700712  
6 
1 1213884604  
2 
2 
3 
2 
1 1314906496  
6 
3 
1 20611415  
5 
4 
5 
5 
2 
1 800241829  
1 584409257  
4 
3 
3 
3 
5 
2 
3 
6 
3 
4 
5 
6 
4 
5 
4 
6 
2 
2 
1 526185581  
6 
1 829292481  
3 
6 
6 
4 
6 
1 734221671  
1 994541415  
1 1769796543  
6 
2 
6 
3 
4 
4 
4 
5 
3 
6 
2 
6 
6 
3 
3 
3 
6 
1 137226476  
2 
1 537791174  
6 
3 
1 188643293  
3 
3 
2 
1 77387076  
4 
1 2064934644  
5 
2 
4 
1 909118828  
1 1260072017  
2 
6 
6 
4 
2 
3 
6 
2 
6 
4 
3 
4 
3 
1 1546480092  
1 2051983909  
1 376787962  
6 
6 
4 
4 
2 
4 
4 
3 
1 196192104  
5 
1 1756258862  
2 
3 
5 
3 
3 
2 
6 
5 
4 
1 157997658  
2 
2 
6 
3 
4 
4 
6 
1 1741120573  
4 
6 
2 
3 
2 
2 
2 
5 
5 
4 
4 
2 
5 
2 
6 
5 
4 
2 
4 
6 
4 
1 1881663298  
2 
1 2058075736  
6 
5 
4 
3 
6 
3 
4 
6 
5 
6 
6 
3 
2 
6 
1 2043687617  
3 
6 
2 
2 
5 
6 
1 1895816717  
2 
5 
1 386678278  
1 688894147  
6 
4 
5 
1 1968517430  
4 
2 
2 
4 
4 
6 
3 
5 
3 
3 
4 
1 1600562883  
2 
1 2003800644  
1 1989128845  
4 
2 
3 
5 
1 253321064  
4 
5 
1 440726253  
5 
1 367830779  
1 1082613545  
1 1174947924  
1 1362372194  
4 
3 
5 
4 
1 704926441  
5 
1 1312174401  
5 
4 
5 
1 1900163368  
6 
4 
1 893569734  
1 1389561477  
6 
6 
4 
3 
4 
6 
2 
4 
4 
2 
1 1817614365  
5 
1 1802688562  
1 502149846  
1 1216610809  
2 
5 
3 
1 1707188823  
2 
3 
2 
3 
6 
6 
2 
5 
6 
3 
1 878937809  
1 1412802914  
6 
5 
3 
1 1315964037  
2 
2 
3 
1 1036935467  
1 1006439839  
3 
2 
6 
5 
2 
4 
4 
6 
1 1050143687  
2 
3 
3 
2 
3 
2 
5 
6 
3 
3 
4 
1 947527555  
4 
3 
4 
4 
3 
3 
3 
2 
1 902643808  
2 
3 
1 798476756  
2 
1 1334205834  
4 
6 
1 1591537956  
5 
3 
6 
2 
4 
3 
3 
1 619510538  
1 787285069  
4 
2 
6 
6 
2 
5 
4 
4 
1 1447854952  
4 
3 
2 
6 
6 
5 
1 461155736  
3 
3 
1 1040606133  
5 
6 
2 
4 
6 
3 
5 
1 1888581205  
4 
6 
4 
6 
4 
4 
6 
6 
1 828986515  
3 
1 2123219678  
3 
3 
6 
4 
6 
1 916045481  
1 43875061  
4 
1 680662471  
2 
2 
3 
1 80736234  
1 1944038429  
2 
3 
3 
2 
1 1574232205  
2 
3 
6 
6 
1 1470297712  
6 
3 
5 
4 
1 1614169146  
5 
5 
6 
3 
5 
4 
4 
2 
2 
5 
2 
4 
4 
1 1229437119  
4 
5 
5 
2 
4 
6 
3 
4 
3 
5 
4 
3 
1 1972447558  
2 
4 
5 
4 
5 
3 
1 683296308  
2 
4 
5 
3 
3 
2 
5 
1 789142294  
5 
3 
3 
3 
5 
2 
5 
1 703901719  
3 
2 
2 
1 2096099222  
5 
4 
3 
3 
1 2105106331  
4 
3 
3 
2 
1 1740837187  
5 
2 
5 
6 
2 
2 
1 955055413  
3 
6 
3 
6 
1 1007766370  
2 
5 
6 
6 
3 
1 540881094  
2 
4 
5 
6 
4 
2 
6 
2 
5 
3 
6 
2 
6 
4 
5 
5 
5 
5 
6 
6 
1 1857699222  
5 
3 
2 
1 1806243127  
2 
6 
1 1875086928  
2 
5 
2 
2 
3 
1 1301753530  
1 278270017  
2 
5 
3 
2 
3 
1 514888349  
1 602124834  
5 
5 
3 
6 
2 
5 
1 739425753  
4 
4 
5 
4 
5 
5 
2 
1 1555494482  
6 
5 
4 
3 
4 
2 
6 
2 
6 
5 
3 
2 
5 
4 
2 
1 343222391  
3 
5 
4 
1 1568412268  
3 
2 
1 1531230513  
2 
5 
1 1259267872  
3 
2 
1 1612287329  
5 
2 
1 64409336  
4 
3 
5 
3 
3 
2 
3 
5 
6 
6 
5 
1 1340004107  
5 
2 
5 
5 
1 1408842111  
4 
5 
4 
6 
4 
5 
2 
5 
3 
5 
4 
2 
1 1638641542  
1 662818171  
6 
2 
2 
2 
2 
6 
3 
1 875527609  
5 
2 
2 
2 
5 
6 
5 
6 
6 
3 
6 
2 
6 
2 
3 
6 
3 
1 720595013  
2 
2 
3 
4 
2 
5 
1 487782081  
5 
6 
3 
5 
3 
6 
6 
6 
3 
1 1558823917  
4 
3 
3 
6 
6 
6 
1 1509737308  
3 
5 
3 
2 
1 1191683801  
1 1507439491  
1 1467359991  
4 
1 785037340  
3 
4 
4 
1 315011257  
4 
5 
5 
1 327642714  
4 
5 
1 1325918434  
2 
3 
3 
5 
5 
2 
6 
5 
2 
2 
3 
3 
6 
6 
5 
3 
6 
1 25226831  
4 
1 2133885841  
5 
3 
4 
4 
5 
3 
3 
2 
6 
1 1053521715  
4 
4 
6 
3 
3 
1 1326980361  
1 264672210  
4 
6 
6 
6 
4 
3 
3 
2 
2 
4 
5 
4 
5 
6 
1 1568410064  
6 
1 1929105195  
6 
5 
5 
2 
6 
2 
5 
3 
4 
5 
3 
5 
3 
4 
1 1004097964  
6 
1 976420899  
6 
3 
1 124843938  
1 425026584  
3 
2 
1 360167764  
4 
3 
3 
1 1384111810  
1 2037313914  
2 
5 
4 
1 424577100  
3 
6 
3 
3 
1 576632269  
6 
1 1298672377  
3 
5 
4 
5 
5 
3 
4 
1 2063218642  
6 
1 1239450440  
5 
2 
1 26716338  
5 
1 636330008  
5 
5 
3 
5 
4 
6 
3 
3 
1 1727232522  
6 
6 
2 
4 
4 
2 
1 1585540256  
3 
1 2146067316  
6 
3 
1 771432675  
6 
5 
3 
6 
5 
1 945496099  
1 1465943659  
4 
3 
1 1556470015  
4 
3 
2 
3 
5 
6 
5 
1 1260507356  
2 
4 
3 
5 
4 
6 
6 
6 
2 
1 1793586373  
1 734904801  
2 
1 1285734187  
5 
3 
6 
6 
6 
1 1779988566  
1 1788426516  
3 
2 
2 
1 465230900  
6 
3 
2 
3 
4 
2 
2 
1 2044660777  
6 
4 
2 
5 
6 
3 
2 
3 
1 1209352933  
5 
5 
6 
1 246852447  
3 
5 
6 
5 
3 
2 
2 
4 
6 
3 
6 
6 
6 
6 
6 
2 
3 
1 901275093  
5 
6 
3 
5 
1 38290184  
5 
6 
6 
6 
3 
5 
5 
4 
3 
3 
6 
5 
2 
6 
5 
6 
1 371696385  
6 
6 
5 
6 
2 
1 1326301677  
1 398457948  
2 
6 
4 
4 
1 1755808196  
3 
3 
2 
3 
1 1216131943  
2 
4 
6 
3 
2 
1 823035048  
2 
6 
6 
3 
6 
1 184956817  
1 367320672  
4 
3 
1 738770043  
2 
4 
6 
4 
3 
5 
1 1424407258  
2 
5 
2 
4 
1 394037011  
2 
5 
3 
5 
1 1375100051  
4 
4 
5 
4 
4 
5 
1 1004156132  
6 
3 
5 
5 
3 
5 
1 1979577267  
2 
1 1373683719  
2 
2 
3 
3 
5 
1 1775588807  
1 777589718  
2 
4 
3 
3 
6 
6 
2 
3 
3 
6 
1 692143730  
6 
5 
4 
1 1184575174  
4 
3 
4 
1 2038097075  
3 
4 
3 
2 
3 
1 338246456  
3 
4 
2 
5 
2 
3 
2 
6 
1 1919479975  
1 1176347614  
6 
1 2118235022  
4 
6 
1 1560422844  
2 
2 
6 
5 
1 1641578515  
2 
5 
1 2015412151  
6 
3 
3 
6 
2 
2 
3 
2 
6 
2 
3 
1 622292129  
6 
4 
1 1888430962  
2 
5 
2 
3 
5 
1 769203596  
3 
1 660582313  
6 
5 
3 
2 
2 
5 
3 
4 
1 112643700  
1 2095505274  
4 
6 
2 
1 1059040261  
5 
5 
4 
6 
5 
2 
4 
1 1868451896  
5 
1 1164153569  
2 
3 
1 1882075309  
3 
2 
6 
2 
1 2053408713  
5 
1 1531474242  
3 
4 
6 
5 
4 
2 
1 473361704  
2 
4 
4 
4 
2 
1 1330332323  
4 
2 
3 
2 
5 
2 
2 
1 1925511253  
1 1848461755  
3 
1 187004807  
3 
2 
3 
5 
3 
5 
6 
4 
6 
4 
2 
1 1757604872  
3 
6 
4 
1 1074661826  
1 1962593614  
1 387710942  
6 
6 
2 
6 
2 
4 
4 
4 
3 
5 
3 
4 
1 1766805557  
1 999685140  
5 
2 
2 
6 
5 
5 
5 
3 
6 
6 
4 
2 
4 
1 278324369  
6 
3 
5 
2 
5 
2 
5 
3 
3 
4 
2 
1 2105052013  
4 
3 
5 
4 
6 
1 771681468  
3 
1 1454671984  
1 2075803387  
5 
3 
5 
4 
6 
3 
2 
4 
3 
2 
6 
5 
5 
5 
6 
4 
6 
6 
3 
5 
5 
5 
3 
1 184620664  
6 
3 
6 
1 948766851  
3 
1 1943731891  
6 
5 
1 806912793  
6 
1 689714165  
2 
1 565451839  
2 
5 
5 
1 1467495106  
5 
5 
6 
2 
6 
6 
5 
2 
3 
1 802357865  
3 
6 
3 
6 
1 513473465  
6 
1 379051719  
3 
1 523326113  
3 
3 
4 
1 1677627035  
6 
3 
1 113643380  
6 
5 
4 
1 429251179  
6 
2 
1 1061617629  
5 
1 587005085  
3 
4 
1 1759583502  
1 839645234  
6 
6 
1 287983192  
4 
1 1946588310  
3 
4 
4 
6 
1 449766458  
2 
1 1362645019  
3 
6 
3 
5 
1 1761698276  
2 
1 837477400  
3 
3 
1 981966928  
4 
1 613899769  
6 
2 
5 
1 1115801770  
1 939535293  
6 
4 
4 
3 
6 
3 
1 1385581237  
5 
1 422990106  
2 
4 
2 
2 
3 
4 
6 
3 
5 
1 867855032  
4 
1 1570201901  
2 
5 
5 
3 
5 
3 
1 1371756957  
3 
4 
1 664103275  
6 
2 
2 
3 
6 
3 
2 
2 
2 
2 
6 
5 
3 
3 
2 
4 
2 
6 
2 
4 
6 
5 
2 
5 
1 229631046  
3 
5 
2 
4 
3 
5 
5 
6 
1 2061471122  
4 
4 
2 
5 
5 
5 
4 
4 
3 
4 
6 
3 
2 
1 1229555115  
2 
5 
5 
3 
3 
2 
3 
1 1697126152  
4 
2 
1 716345340  
2 
5 
1 1743028580  
1 2076177871  
6 
3 
2 
1 1239671453  
5 
1 1273171967  
5 
3 
1 42337603  
4 
4 
2 
2 
5 
4 
6 
4 
6 
2 
6 
1 1668922632  
3 
4 
4 
2 
6 
4 
6 
5 
4 
3 
1 187305948  
4 
5 
1 629342688  
5 
2 
4 
4 
3 
4 
1 1281022487  
6 
5 
6 
1 1026951182  
6 
4 
2 
3 
4 
4 
3 
1 917325881  
6 
3 
1 1080127149  
2 
4 
5 
3 
5 
5 
5 
1 1476717640  
1 132487252  
6 
1 694341777  
1 166711393  
3 
6 
5 
6 
5 
4 
1 1114454180  
