6 
2 
4 
1 1304269037  
4 
1 779418128  
1 30922475  
2 
6 
4 
1 347405684  
1 1724806767  
6 
5 
2 
1 905255235  
4 
3 
2 
6 
6 
4 
3 
6 
4 
2 
4 
5 
2 
5 
3 
2 
4 
6 
1 1983886004  
6 
5 
4 
1 1122676854  
6 
3 
4 
5 
4 
5 
6 
2 
6 
3 
4 
4 
6 
2 
4 
4 
5 
4 
6 
2 
1 94000227  
2 
6 
4 
6 
1 473095696  
5 
6 
6 
3 
4 
4 
2 
3 
1 173966977  
3 
3 
5 
2 
3 
2 
2 
4 
3 
5 
1 453383822  
5 
2 
2 
2 
3 
2 
5 
6 
1 830188335  
4 
4 
5 
2 
4 
6 
6 
3 
4 
4 
3 
5 
4 
5 
2 
3 
5 
3 
2 
1 2027889693  
4 
6 
4 
5 
3 
1 1515948633  
1 1786788636  
2 
4 
4 
4 
2 
6 
2 
2 
6 
1 993719973  
2 
6 
6 
4 
5 
1 1341005610  
3 
4 
6 
4 
4 
1 1370060355  
5 
1 935567870  
1 87783400  
3 
2 
4 
3 
4 
3 
1 816418653  
1 1809941270  
3 
5 
4 
6 
4 
2 
2 
2 
6 
1 2070935976  
4 
6 
2 
6 
1 759281682  
2 
2 
6 
1 1124974110  
6 
6 
4 
4 
5 
2 
4 
1 2035685282  
4 
5 
5 
3 
1 1411654399  
4 
5 
6 
2 
5 
1 388438724  
1 976077102  
4 
3 
1 735450233  
4 
5 
3 
5 
1 1692707761  
6 
4 
6 
6 
6 
6 
4 
2 
5 
3 
5 
6 
3 
5 
6 
2 
4 
5 
1 1755495231  
5 
6 
6 
3 
1 766372708  
5 
2 
3 
4 
6 
3 
2 
6 
2 
5 
5 
3 
3 
3 
5 
2 
5 
6 
6 
2 
1 2040113446  
4 
6 
6 
4 
3 
1 1332818350  
4 
2 
1 1671627944  
2 
5 
3 
6 
2 
5 
2 
6 
1 1876515802  
6 
4 
5 
5 
6 
2 
3 
1 308011556  
3 
2 
2 
6 
5 
5 
1 1765628171  
1 202127850  
2 
3 
6 
1 481978534  
6 
6 
2 
6 
4 
5 
1 71528345  
3 
6 
2 
6 
2 
6 
2 
6 
2 
2 
1 1032316186  
2 
1 362384579  
5 
5 
5 
6 
3 
1 1587476978  
2 
6 
6 
6 
4 
3 
6 
3 
1 671621174  
2 
3 
3 
6 
1 1356104552  
3 
2 
4 
6 
6 
3 
6 
2 
3 
5 
5 
1 780998941  
3 
6 
2 
1 2041681529  
2 
6 
4 
4 
5 
6 
4 
4 
1 144188774  
3 
6 
3 
4 
2 
3 
1 868782341  
3 
1 710616534  
6 
3 
5 
5 
3 
5 
4 
6 
5 
6 
6 
6 
5 
5 
1 1954130044  
6 
6 
4 
4 
1 792234669  
4 
2 
5 
2 
2 
2 
1 1469898216  
3 
6 
1 931620506  
5 
5 
1 680436303  
2 
2 
3 
6 
1 734068967  
4 
2 
4 
1 1320059230  
1 1656513405  
1 1469519200  
2 
2 
5 
6 
3 
2 
5 
5 
3 
3 
1 865283344  
1 1264524988  
1 88408261  
1 757913142  
2 
6 
5 
6 
1 449859691  
3 
1 1760036205  
4 
5 
4 
1 486945296  
4 
2 
4 
3 
3 
6 
4 
5 
2 
4 
3 
6 
2 
5 
2 
4 
3 
6 
5 
4 
3 
3 
6 
5 
1 757871247  
2 
6 
1 1378180728  
2 
4 
5 
1 689073146  
5 
1 1239849781  
5 
3 
3 
6 
4 
1 1449709073  
1 1721389332  
1 1602234360  
4 
2 
5 
1 889702404  
4 
1 245526858  
5 
4 
2 
6 
4 
1 810855264  
5 
6 
1 1670701345  
1 139724740  
4 
5 
6 
1 955044039  
1 392000038  
3 
6 
5 
5 
5 
5 
6 
2 
1 850341274  
5 
5 
5 
3 
4 
6 
6 
6 
4 
5 
3 
6 
2 
4 
3 
6 
2 
6 
3 
5 
5 
6 
4 
2 
6 
6 
5 
6 
1 761690435  
3 
4 
2 
4 
3 
5 
2 
2 
1 1184234707  
5 
2 
6 
4 
6 
5 
2 
3 
4 
3 
3 
5 
4 
2 
3 
3 
1 172755843  
1 1693310942  
5 
5 
4 
5 
5 
6 
2 
1 1864671010  
5 
4 
5 
3 
2 
1 906824810  
4 
2 
2 
4 
5 
2 
6 
3 
4 
6 
4 
1 865886524  
5 
1 1373700767  
3 
1 228860363  
1 1731169868  
6 
1 490742108  
6 
1 317268624  
1 341599362  
6 
4 
3 
5 
5 
2 
4 
3 
1 940601799  
2 
6 
1 2077304829  
2 
3 
3 
3 
6 
4 
6 
4 
6 
1 828544658  
1 1698473046  
5 
3 
5 
2 
4 
5 
5 
1 1308001909  
4 
4 
5 
1 1517617805  
6 
6 
4 
2 
5 
2 
1 790839180  
3 
2 
3 
2 
5 
5 
1 610227334  
5 
1 1091523489  
6 
4 
4 
6 
2 
5 
1 245589892  
1 1499929738  
3 
2 
5 
6 
1 1337050348  
3 
5 
4 
3 
3 
3 
2 
2 
6 
6 
3 
4 
1 1056445157  
5 
2 
3 
3 
6 
3 
5 
5 
1 1023147435  
3 
4 
1 1476775088  
5 
5 
3 
3 
1 2011489196  
5 
3 
3 
3 
4 
6 
3 
1 1415147473  
6 
1 179632714  
5 
2 
6 
4 
1 625695983  
2 
5 
4 
4 
6 
1 451898532  
6 
6 
3 
2 
1 352388557  
2 
1 171523277  
3 
5 
6 
1 169085894  
3 
4 
2 
2 
2 
4 
3 
1 1259213368  
1 1037409802  
5 
6 
5 
4 
4 
5 
5 
3 
3 
2 
1 1542786662  
3 
6 
2 
2 
4 
1 1488073731  
6 
3 
4 
5 
1 621096022  
5 
3 
3 
4 
2 
4 
4 
6 
5 
3 
6 
2 
1 2033528770  
3 
1 1805342355  
5 
4 
3 
4 
3 
4 
5 
4 
3 
1 962695385  
3 
3 
2 
5 
2 
4 
2 
1 826646921  
6 
5 
2 
5 
4 
3 
3 
2 
1 1735163536  
5 
4 
5 
4 
6 
5 
5 
6 
3 
2 
4 
3 
1 1791240043  
1 377636319  
5 
4 
5 
1 895681797  
1 1161374200  
5 
4 
1 1168475499  
5 
1 1505909131  
4 
6 
5 
3 
1 105414042  
6 
1 1414065392  
3 
3 
6 
2 
1 858355222  
5 
1 1442464390  
4 
3 
5 
1 323026901  
1 1881502657  
4 
3 
5 
1 771755830  
6 
6 
5 
2 
3 
5 
1 187032449  
2 
2 
6 
3 
1 1149166483  
3 
2 
6 
2 
6 
3 
1 951388544  
2 
5 
5 
5 
3 
4 
1 812728432  
6 
4 
6 
2 
1 1601065015  
1 1303777102  
2 
1 984251710  
2 
5 
6 
5 
4 
4 
5 
6 
6 
6 
1 1770150910  
1 415506822  
1 2021661512  
4 
3 
2 
1 1165453924  
2 
5 
2 
6 
2 
1 1903580553  
6 
5 
2 
5 
5 
5 
5 
2 
2 
1 495273886  
5 
2 
3 
6 
4 
4 
1 1051499046  
1 1561439260  
6 
2 
2 
6 
4 
4 
2 
4 
5 
4 
1 1457969271  
4 
2 
1 1878145967  
5 
1 1149119148  
5 
6 
6 
1 1101725667  
5 
5 
5 
4 
4 
3 
5 
6 
3 
5 
5 
4 
6 
3 
4 
4 
6 
5 
2 
2 
3 
5 
6 
3 
2 
5 
6 
5 
5 
2 
5 
1 108298638  
1 2044800945  
6 
2 
1 115616219  
2 
6 
2 
3 
5 
6 
4 
2 
6 
3 
4 
6 
1 1276774138  
5 
5 
1 1403226428  
4 
4 
3 
3 
2 
5 
2 
4 
4 
4 
4 
6 
2 
6 
1 221030261  
3 
5 
6 
6 
2 
2 
4 
1 543355882  
1 114098002  
1 1663494651  
4 
5 
3 
2 
6 
3 
3 
4 
5 
2 
3 
4 
3 
5 
4 
3 
3 
6 
4 
5 
6 
5 
2 
1 866382783  
6 
6 
2 
6 
2 
3 
1 1995600660  
6 
2 
4 
6 
4 
5 
4 
6 
6 
2 
4 
2 
2 
3 
3 
4 
2 
3 
1 287766833  
6 
5 
5 
2 
6 
4 
6 
6 
3 
4 
6 
2 
6 
3 
5 
1 1053415232  
4 
3 
5 
3 
1 997283495  
5 
4 
5 
4 
6 
2 
4 
4 
3 
4 
1 1239155378  
6 
2 
6 
5 
1 1866143664  
4 
6 
4 
5 
3 
5 
1 450864862  
1 395448832  
2 
4 
5 
5 
6 
1 702911726  
6 
5 
3 
6 
1 73532124  
1 810955654  
2 
3 
1 577089590  
2 
5 
6 
2 
3 
4 
4 
6 
5 
6 
3 
1 1238986048  
6 
1 567052559  
5 
4 
6 
1 1072363477  
4 
6 
6 
5 
2 
2 
4 
2 
4 
1 143001446  
1 2128491819  
2 
6 
4 
1 382849100  
3 
3 
3 
3 
4 
1 2021147413  
1 1130127319  
6 
3 
4 
3 
3 
3 
5 
5 
4 
5 
1 1484574767  
3 
5 
2 
5 
1 2129446052  
5 
4 
1 1027444616  
6 
3 
2 
3 
5 
3 
1 1600190987  
6 
3 
6 
6 
3 
1 1258736542  
3 
2 
3 
3 
6 
1 283187396  
4 
3 
4 
6 
3 
5 
6 
1 1821221248  
4 
3 
4 
1 1802092424  
5 
6 
2 
2 
1 397285399  
4 
4 
2 
4 
2 
5 
5 
4 
4 
5 
4 
2 
2 
1 1337232252  
1 520991559  
2 
3 
4 
4 
6 
3 
6 
4 
3 
4 
1 245402411  
1 1624999085  
6 
2 
6 
6 
4 
3 
4 
6 
3 
1 1574406791  
4 
4 
6 
2 
2 
2 
3 
4 
6 
3 
2 
5 
6 
2 
2 
6 
4 
2 
5 
6 
3 
3 
4 
1 1242685906  
3 
4 
5 
6 
3 
3 
2 
6 
3 
5 
5 
5 
6 
2 
3 
4 
5 
4 
6 
2 
3 
1 716670815  
5 
3 
1 1293066807  
2 
4 
5 
5 
3 
4 
5 
3 
6 
4 
6 
2 
2 
2 
3 
3 
2 
3 
5 
6 
1 1693550768  
1 1112119647  
3 
4 
1 1995978534  
6 
5 
6 
1 1767082893  
3 
5 
3 
3 
6 
2 
5 
4 
2 
1 1923075301  
3 
6 
5 
3 
1 425584476  
5 
2 
5 
5 
6 
3 
3 
6 
2 
1 858585293  
1 342644212  
5 
6 
2 
5 
3 
3 
4 
3 
3 
4 
1 1497947953  
1 1001586740  
4 
3 
6 
5 
3 
4 
1 323652383  
1 1880797054  
1 875250505  
3 
6 
1 1453779702  
2 
1 1217888173  
6 
4 
3 
3 
2 
1 857212909  
6 
5 
6 
3 
3 
1 333740670  
1 670595512  
2 
1 2115949451  
5 
6 
6 
3 
3 
2 
6 
1 616928067  
1 344333113  
4 
5 
6 
5 
3 
5 
1 1770558227  
1 1014213466  
5 
6 
4 
4 
6 
6 
6 
3 
5 
1 1681565365  
3 
4 
6 
5 
4 
3 
5 
2 
2 
1 144066138  
2 
2 
4 
4 
2 
4 
2 
2 
5 
1 1259615877  
4 
2 
3 
1 1159080802  
3 
3 
6 
6 
5 
5 
4 
1 1718472929  
2 
1 354818135  
1 1875751618  
6 
3 
3 
5 
6 
4 
2 
6 
3 
1 864056089  
3 
4 
1 2048368903  
6 
6 
2 
1 840387617  
5 
6 
5 
6 
3 
3 
5 
2 
6 
5 
3 
5 
1 712550975  
3 
1 1667968148  
6 
5 
2 
5 
2 
3 
1 615979271  
5 
6 
6 
6 
4 
2 
6 
6 
3 
3 
3 
6 
6 
4 
4 
6 
1 1138135451  
4 
6 
1 379069794  
3 
4 
5 
1 958623483  
4 
3 
5 
1 488599757  
5 
5 
3 
6 
3 
2 
6 
2 
4 
3 
1 1380656534  
3 
5 
1 1282275867  
2 
6 
5 
3 
1 221913163  
3 
4 
4 
5 
5 
5 
4 
1 108423391  
1 588571921  
6 
4 
6 
4 
3 
2 
2 
3 
2 
2 
2 
6 
2 
5 
2 
1 1439801336  
3 
2 
2 
2 
3 
3 
6 
1 965636301  
1 922312592  
6 
5 
2 
5 
6 
5 
2 
3 
5 
1 2110396849  
1 934102104  
3 
6 
4 
4 
5 
5 
2 
5 
4 
4 
4 
4 
3 
5 
5 
6 
1 1539240659  
2 
3 
6 
4 
4 
4 
3 
4 
5 
6 
4 
3 
2 
1 307246314  
2 
3 
2 
5 
4 
2 
3 
3 
4 
1 557176684  
5 
6 
1 405970477  
2 
3 
2 
4 
6 
1 1988811679  
6 
2 
1 701242822  
2 
2 
3 
4 
6 
2 
3 
1 1665586354  
6 
5 
2 
1 1000408833  
5 
1 272232104  
4 
2 
6 
4 
5 
1 2020404489  
5 
6 
4 
1 728676803  
6 
6 
2 
5 
2 
3 
2 
6 
4 
2 
6 
1 1136288193  
2 
5 
3 
3 
5 
6 
4 
6 
1 1921289744  
3 
3 
6 
1 1569064421  
1 1848839168  
3 
6 
3 
6 
4 
5 
2 
4 
3 
6 
5 
2 
6 
5 
3 
1 1441774245  
1 37560044  
6 
5 
2 
1 839490971  
5 
3 
3 
4 
1 1820844039  
2 
5 
5 
4 
3 
5 
2 
2 
3 
4 
4 
3 
6 
6 
6 
1 996183527  
4 
1 1328090728  
3 
6 
5 
5 
4 
5 
2 
6 
6 
4 
3 
3 
4 
4 
4 
4 
2 
4 
3 
1 1054016925  
4 
5 
4 
1 130975746  
5 
1 1550003891  
1 1162440316  
1 719547668  
3 
3 
1 842321580  
3 
2 
1 2128076617  
2 
6 
6 
3 
6 
4 
5 
2 
4 
3 
5 
6 
4 
2 
4 
3 
2 
3 
3 
3 
2 
1 1641860260  
5 
3 
5 
4 
2 
5 
4 
6 
1 805234781  
3 
4 
3 
2 
1 914695074  
3 
6 
2 
5 
6 
6 
3 
1 1033617271  
6 
5 
1 1112481095  
3 
5 
4 
4 
1 1471871758  
1 1439587748  
2 
1 953809126  
6 
3 
6 
1 25630932  
6 
3 
2 
6 
5 
3 
5 
3 
4 
6 
4 
4 
5 
6 
2 
5 
5 
1 957690454  
5 
4 
5 
4 
5 
1 1954217959  
1 297863036  
6 
5 
3 
6 
5 
1 830611295  
1 535411115  
6 
3 
4 
3 
6 
3 
4 
6 
6 
2 
6 
6 
3 
1 1434151229  
4 
6 
4 
5 
1 604417391  
5 
1 2104475536  
2 
5 
2 
3 
3 
4 
1 1135506749  
5 
1 2046191636  
6 
2 
3 
3 
4 
3 
4 
6 
6 
4 
4 
5 
3 
4 
3 
6 
2 
1 2142035580  
6 
4 
6 
5 
1 1974997721  
4 
4 
6 
1 1719552027  
1 990735459  
2 
1 1155604801  
2 
2 
3 
3 
5 
3 
1 626085304  
6 
1 1121711206  
3 
3 
2 
1 558125045  
2 
4 
3 
6 
5 
6 
1 1788525621  
2 
6 
1 1841258874  
3 
5 
1 1400446625  
4 
5 
1 1769118590  
5 
2 
1 1335635486  
5 
3 
3 
6 
5 
4 
6 
2 
2 
3 
5 
2 
4 
2 
6 
1 58197758  
1 536330016  
3 
5 
5 
2 
2 
6 
3 
5 
4 
4 
4 
5 
1 221769109  
1 1170678853  
2 
6 
6 
2 
4 
2 
6 
5 
6 
1 2008201774  
5 
2 
6 
2 
2 
4 
1 1661356857  
4 
1 2124487979  
2 
5 
6 
5 
5 
5 
1 2033832707  
2 
5 
4 
1 471563663  
3 
1 1931222290  
6 
2 
1 184212095  
4 
1 1302174958  
3 
2 
3 
6 
4 
5 
1 319149757  
6 
4 
6 
2 
1 1618363325  
3 
2 
4 
3 
4 
1 1906592349  
5 
3 
6 
6 
1 276141645  
5 
6 
5 
6 
2 
2 
4 
1 606386426  
5 
6 
3 
3 
6 
4 
1 1805300338  
6 
2 
6 
6 
2 
1 270693577  
3 
5 
2 
5 
3 
4 
5 
1 433900499  
1 1377368717  
2 
6 
5 
3 
6 
1 1261429037  
2 
4 
4 
5 
5 
3 
3 
2 
4 
4 
1 1589505301  
6 
2 
6 
5 
6 
3 
6 
5 
3 
6 
2 
3 
4 
2 
6 
1 2003454022  
4 
3 
3 
6 
2 
5 
3 
2 
2 
2 
6 
6 
6 
5 
1 235656595  
3 
6 
2 
1 146698  
1 1644495995  
1 2076915469  
3 
6 
4 
4 
1 1400593323  
3 
3 
1 1266130937  
3 
2 
5 
2 
3 
2 
3 
5 
1 1265067307  
2 
2 
4 
3 
6 
6 
4 
6 
2 
2 
4 
6 
4 
3 
4 
3 
3 
5 
2 
3 
5 
5 
5 
6 
1 1458791081  
4 
3 
3 
3 
4 
3 
1 1802460954  
6 
6 
5 
1 1486836416  
4 
6 
2 
4 
1 481986286  
1 1663179080  
3 
5 
6 
5 
3 
6 
3 
3 
4 
4 
2 
2 
6 
5 
6 
4 
1 1000709625  
1 458990617  
3 
1 1549528139  
1 1472273288  
6 
1 242729259  
5 
3 
4 
1 1733740235  
4 
3 
5 
6 
3 
1 626964598  
1 561879017  
3 
6 
3 
1 1204619912  
4 
1 386073299  
3 
1 838020662  
5 
6 
3 
3 
5 
3 
5 
3 
4 
2 
5 
4 
1 1811006338  
6 
1 43889989  
4 
6 
1 1108714240  
4 
2 
6 
2 
1 97423190  
4 
1 1421258707  
3 
4 
3 
2 
5 
5 
4 
1 222659629  
3 
1 1686928491  
3 
1 1277229081  
6 
5 
6 
6 
2 
4 
1 458316224  
3 
3 
6 
5 
2 
5 
1 1687075189  
6 
2 
5 
6 
4 
1 774241428  
4 
3 
1 387748045  
3 
1 940184864  
4 
5 
6 
5 
5 
6 
6 
6 
3 
1 2040372365  
6 
5 
5 
1 1652815352  
6 
3 
1 251492297  
3 
5 
3 
3 
4 
2 
6 
1 1695349671  
4 
4 
5 
1 992168120  
1 733478583  
4 
2 
1 1211045104  
5 
6 
4 
6 
1 1992877745  
3 
2 
5 
5 
4 
5 
5 
4 
3 
1 1192469200  
1 613089595  
3 
1 1317667385  
5 
6 
2 
4 
4 
6 
4 
3 
3 
5 
5 
1 1435198459  
4 
4 
1 199346182  
2 
1 1944631983  
2 
2 
3 
6 
1 1997077476  
6 
3 
6 
4 
4 
4 
1 1403966094  
2 
5 
4 
1 183221634  
3 
1 687614491  
5 
4 
2 
1 1067488785  
3 
6 
2 
1 227111624  
6 
5 
4 
3 
5 
6 
1 1796328731  
6 
3 
4 
4 
5 
3 
5 
3 
1 1164911975  
6 
3 
3 
2 
6 
1 1648370331  
4 
2 
1 2018988360  
6 
5 
4 
1 704356818  
5 
1 778115764  
1 329820936  
5 
3 
3 
1 243948359  
2 
4 
1 1552357192  
2 
5 
1 717568981  
3 
6 
2 
3 
5 
6 
3 
2 
2 
4 
5 
1 1184133223  
4 
2 
5 
3 
1 1445245909  
4 
5 
4 
3 
1 222900685  
4 
3 
4 
3 
3 
1 1435625520  
1 993111933  
3 
6 
2 
3 
3 
6 
1 1215068805  
5 
2 
1 21620455  
6 
2 
2 
6 
1 56673389  
4 
5 
6 
1 1060462902  
6 
3 
4 
3 
4 
6 
5 
2 
1 1214089655  
1 669762984  
4 
4 
1 230646639  
3 
1 501804466  
3 
1 869109167  
4 
1 27794974  
1 351398295  
5 
3 
4 
1 125591613  
2 
3 
5 
2 
5 
5 
1 211016608  
4 
3 
4 
4 
2 
6 
2 
1 1039012786  
1 1193080398  
1 438128232  
6 
5 
6 
4 
5 
2 
1 687857869  
2 
3 
6 
1 210508725  
3 
3 
1 2086498563  
4 
5 
1 559362581  
6 
4 
2 
5 
3 
2 
6 
1 914865543  
3 
2 
3 
2 
3 
6 
1 717130679  
4 
2 
3 
6 
1 889183517  
4 
6 
1 1158813902  
1 122004223  
2 
1 1606752498  
5 
4 
6 
5 
2 
1 195463477  
2 
2 
5 
6 
5 
3 
6 
6 
4 
4 
5 
2 
6 
2 
1 1567250133  
1 1829653183  
1 1631088997  
1 412878418  
5 
3 
1 897238340  
3 
5 
5 
5 
3 
5 
4 
5 
6 
5 
3 
6 
3 
4 
1 1652709452  
4 
1 469551807  
5 
6 
4 
3 
3 
5 
3 
4 
2 
5 
6 
5 
3 
5 
6 
4 
5 
2 
5 
2 
4 
2 
1 1957701242  
5 
3 
6 
1 719315459  
4 
4 
4 
6 
1 1139314791  
6 
1 40864233  
2 
1 1221119926  
2 
3 
6 
4 
5 
5 
6 
2 
1 2008423958  
3 
5 
1 68659207  
3 
2 
4 
5 
5 
4 
3 
2 
2 
2 
4 
6 
5 
1 1572518221  
2 
1 2134015572  
3 
1 279675815  
3 
1 464047359  
6 
1 1179612322  
6 
3 
5 
2 
4 
2 
4 
4 
5 
5 
1 717804048  
6 
5 
3 
6 
4 
1 1151905228  
1 1390121048  
6 
4 
5 
2 
6 
6 
5 
4 
2 
1 656818963  
2 
6 
3 
1 1711267809  
1 157502943  
2 
2 
1 1373949643  
4 
5 
3 
6 
3 
3 
3 
5 
3 
1 452967678  
3 
5 
3 
6 
2 
5 
2 
5 
2 
3 
5 
6 
5 
3 
4 
5 
3 
4 
6 
4 
5 
3 
6 
4 
2 
3 
5 
5 
2 
4 
4 
3 
5 
6 
6 
5 
5 
3 
4 
1 1316316846  
6 
2 
4 
5 
5 
5 
6 
5 
2 
3 
3 
5 
1 1495953866  
2 
5 
4 
2 
3 
2 
5 
6 
5 
5 
6 
4 
2 
2 
1 2059720176  
3 
1 1511780323  
3 
1 915720351  
2 
6 
2 
6 
1 1741889711  
6 
6 
1 995385673  
3 
3 
5 
2 
3 
2 
1 1328598769  
6 
6 
5 
5 
1 491644403  
3 
5 
5 
3 
2 
2 
6 
5 
2 
6 
5 
3 
2 
2 
4 
2 
6 
6 
2 
4 
2 
5 
2 
6 
6 
2 
2 
4 
3 
4 
2 
3 
1 500611477  
1 1798150576  
4 
3 
2 
2 
6 
3 
2 
5 
1 301861997  
6 
4 
5 
4 
3 
5 
4 
3 
6 
5 
5 
2 
3 
2 
5 
6 
4 
4 
6 
2 
2 
5 
2 
3 
1 1219926937  
4 
4 
5 
3 
6 
3 
4 
1 789981720  
6 
2 
1 342726230  
4 
4 
4 
5 
2 
1 293563215  
5 
6 
6 
5 
2 
6 
5 
2 
4 
1 650922030  
3 
1 411385437  
2 
3 
3 
2 
5 
6 
5 
1 1866081436  
4 
1 637453954  
6 
2 
6 
6 
2 
3 
5 
3 
4 
6 
6 
3 
3 
3 
5 
5 
6 
5 
3 
3 
3 
3 
4 
4 
1 691061252  
4 
6 
2 
6 
6 
2 
5 
4 
1 182645147  
2 
6 
6 
1 1817066277  
3 
2 
3 
6 
6 
2 
1 1408865300  
1 1334550375  
1 1059703677  
4 
5 
1 2065684264  
5 
5 
5 
5 
3 
3 
1 898334536  
3 
2 
1 1217206620  
4 
2 
3 
6 
6 
6 
2 
2 
6 
4 
6 
5 
5 
5 
4 
3 
5 
2 
5 
1 1292150259  
3 
4 
4 
4 
4 
1 1351302214  
6 
6 
1 386039818  
4 
6 
6 
2 
1 640620477  
6 
5 
5 
4 
6 
4 
5 
3 
5 
4 
1 1263538742  
3 
1 1897820142  
2 
4 
6 
6 
4 
5 
5 
1 1556340829  
3 
6 
2 
1 857944805  
5 
1 745722167  
2 
1 737455950  
5 
6 
3 
6 
1 1349589208  
6 
5 
3 
3 
1 1246333644  
1 388122879  
6 
1 1651451205  
2 
1 318776933  
3 
6 
6 
4 
6 
2 
6 
5 
2 
4 
2 
4 
4 
4 
2 
1 1178104599  
2 
4 
1 1994177435  
4 
2 
1 612340148  
4 
4 
1 1829026629  
3 
6 
4 
3 
3 
4 
3 
2 
2 
2 
5 
3 
6 
6 
1 258079224  
3 
2 
6 
1 330937936  
6 
1 318996936  
4 
3 
3 
3 
3 
3 
2 
1 949140476  
5 
1 513583083  
1 2136063213  
2 
5 
5 
5 
1 210522129  
4 
5 
2 
5 
6 
6 
3 
5 
6 
4 
5 
2 
3 
1 1848133458  
2 
5 
5 
4 
4 
6 
1 1048283242  
3 
2 
1 128722745  
1 598984346  
2 
3 
1 118006214  
6 
4 
3 
5 
2 
3 
1 1420873004  
6 
1 1950286560  
4 
3 
1 504046033  
1 2061493481  
5 
1 1066341654  
6 
2 
1 254382527  
1 1470350662  
2 
6 
6 
1 1924286459  
4 
2 
6 
6 
4 
2 
5 
2 
3 
1 1000104694  
1 60322965  
4 
5 
3 
3 
5 
2 
2 
5 
4 
2 
5 
2 
1 1126392019  
2 
4 
2 
1 98954690  
3 
2 
1 448445844  
5 
4 
6 
5 
1 630359576  
5 
2 
3 
2 
6 
3 
1 417731624  
2 
2 
6 
3 
1 1626550443  
5 
1 477053363  
1 1030071772  
5 
5 
1 1308093424  
1 735132587  
5 
5 
2 
3 
1 1361009709  
3 
5 
3 
6 
4 
1 1627090360  
2 
5 
2 
2 
3 
4 
6 
2 
4 
5 
1 1684273064  
4 
2 
3 
2 
2 
6 
1 1874592792  
5 
4 
5 
2 
6 
1 1615669925  
1 1894795193  
5 
3 
4 
2 
5 
6 
6 
3 
3 
2 
5 
3 
4 
1 1575242603  
5 
6 
5 
1 516469519  
4 
1 2023517938  
4 
6 
5 
2 
5 
1 26743301  
5 
6 
2 
2 
6 
3 
3 
3 
2 
2 
5 
3 
5 
1 634475734  
3 
5 
2 
6 
1 1296907294  
4 
6 
1 1977029862  
1 1138521767  
6 
3 
6 
3 
5 
4 
6 
2 
4 
1 1210917127  
1 895887868  
3 
1 1392904294  
3 
2 
1 533784142  
4 
3 
1 672690680  
4 
6 
5 
5 
6 
1 245525340  
5 
5 
4 
6 
5 
5 
3 
3 
2 
2 
2 
6 
1 594107107  
2 
5 
3 
3 
1 1799082699  
4 
6 
5 
1 344480030  
5 
6 
4 
3 
4 
6 
1 1042552951  
6 
5 
5 
5 
4 
4 
1 281958628  
1 762211654  
2 
4 
5 
3 
4 
5 
3 
4 
2 
4 
2 
2 
5 
6 
4 
6 
1 521619746  
1 759011991  
2 
4 
6 
1 1792283427  
6 
3 
5 
2 
1 1829713170  
6 
1 1494144579  
5 
3 
2 
4 
4 
2 
6 
1 1005809488  
4 
5 
6 
1 1309319883  
2 
5 
4 
2 
5 
1 1030933995  
6 
4 
3 
1 732918632  
5 
3 
5 
2 
3 
4 
3 
2 
4 
6 
1 777506160  
5 
4 
4 
3 
5 
2 
6 
6 
4 
6 
5 
1 778245540  
6 
5 
4 
3 
5 
4 
1 160677587  
2 
1 1293975680  
1 654279830  
6 
5 
3 
3 
1 187420889  
6 
2 
3 
1 1928451414  
4 
2 
1 1951187124  
2 
1 16967103  
5 
4 
6 
6 
1 919489533  
6 
3 
6 
5 
5 
6 
5 
6 
6 
4 
1 1014620603  
1 912854971  
3 
3 
3 
4 
5 
3 
5 
3 
1 164910179  
4 
1 1548404745  
3 
3 
1 1585545651  
4 
3 
3 
2 
4 
4 
3 
3 
2 
3 
5 
3 
3 
3 
5 
3 
2 
5 
4 
1 410435519  
1 2142511852  
2 
4 
4 
4 
5 
2 
4 
4 
6 
5 
1 1237144703  
3 
1 754915549  
3 
3 
6 
3 
4 
5 
2 
2 
6 
3 
6 
5 
3 
1 1037581155  
4 
1 1519103331  
1 1517127204  
5 
4 
3 
6 
1 1559200901  
1 130631674  
1 1161926983  
2 
1 1241430424  
2 
3 
4 
5 
4 
5 
6 
2 
1 1624776253  
3 
3 
3 
2 
6 
3 
2 
3 
4 
1 20252823  
3 
3 
6 
3 
1 403266659  
4 
6 
4 
4 
4 
6 
2 
1 508226600  
2 
3 
2 
1 753171455  
2 
1 1180772819  
3 
2 
4 
3 
1 1286472140  
2 
4 
4 
1 913849043  
4 
2 
5 
2 
4 
6 
6 
1 327264851  
3 
4 
2 
1 1940751970  
2 
6 
3 
6 
6 
3 
1 1101269932  
1 108232617  
5 
1 1744455446  
6 
4 
5 
4 
3 
4 
4 
4 
2 
1 1118237035  
5 
4 
4 
2 
4 
5 
6 
4 
2 
5 
5 
5 
2 
4 
1 1027722150  
2 
2 
5 
4 
3 
3 
1 611592402  
4 
4 
6 
1 2031092006  
5 
3 
2 
1 1192632329  
4 
2 
1 12513499  
2 
1 1469154010  
2 
1 1603067848  
6 
1 7541704  
2 
1 558815065  
4 
2 
2 
4 
6 
1 210499750  
3 
1 1045122859  
3 
6 
5 
4 
1 2077918396  
5 
5 
3 
3 
5 
3 
2 
5 
4 
6 
4 
5 
2 
1 1727626954  
3 
5 
5 
5 
1 456840113  
6 
5 
3 
2 
5 
2 
4 
1 61066422  
4 
2 
2 
6 
2 
1 742070289  
6 
6 
6 
1 1698270537  
1 1685842676  
5 
4 
1 762323112  
4 
6 
3 
6 
1 2101537196  
6 
3 
5 
5 
3 
1 46585628  
1 1515494567  
2 
3 
5 
4 
2 
3 
3 
2 
6 
1 1134826367  
5 
3 
5 
4 
2 
3 
6 
5 
5 
3 
1 1333057769  
6 
1 281859962  
2 
5 
6 
5 
1 1462091219  
4 
3 
1 1126326091  
5 
5 
4 
5 
1 1383129894  
2 
2 
6 
3 
2 
4 
4 
4 
1 1570323836  
2 
4 
3 
6 
5 
5 
4 
3 
5 
6 
6 
6 
3 
3 
4 
6 
3 
5 
2 
6 
3 
4 
4 
3 
3 
5 
6 
3 
1 723297890  
4 
5 
6 
3 
3 
3 
2 
3 
2 
3 
3 
2 
6 
3 
4 
5 
3 
2 
5 
5 
6 
6 
1 353883281  
1 450562339  
1 1334890292  
2 
5 
2 
2 
5 
4 
1 237491640  
2 
6 
6 
1 1643194668  
4 
2 
4 
3 
5 
4 
3 
1 1347403791  
1 1706645650  
1 1098778869  
1 1354945495  
4 
1 117977067  
1 1309278619  
3 
3 
6 
1 252584707  
3 
2 
6 
3 
4 
4 
5 
6 
2 
2 
2 
6 
6 
2 
1 48411815  
3 
3 
2 
4 
2 
4 
6 
6 
4 
2 
6 
5 
4 
4 
5 
1 889421925  
5 
4 
6 
6 
6 
2 
5 
3 
1 709424820  
6 
1 109478237  
6 
2 
5 
3 
2 
1 1631492214  
6 
1 260211709  
4 
5 
5 
5 
4 
3 
4 
6 
6 
6 
3 
5 
5 
6 
4 
4 
1 1795320913  
3 
2 
2 
4 
6 
1 246331678  
6 
1 214265257  
3 
4 
5 
5 
3 
5 
1 1841906542  
2 
6 
5 
1 1761826245  
1 1349091624  
6 
6 
4 
1 1027480663  
1 2043686208  
6 
1 663699195  
6 
4 
6 
5 
4 
2 
5 
4 
5 
3 
5 
2 
3 
4 
6 
4 
2 
6 
6 
2 
3 
2 
4 
5 
6 
2 
6 
3 
1 6323106  
5 
5 
4 
3 
5 
6 
6 
6 
5 
1 1279332454  
5 
1 86539384  
3 
4 
4 
1 729620996  
1 1633215736  
6 
2 
3 
4 
1 537101723  
2 
3 
5 
4 
2 
4 
5 
2 
1 2064511288  
3 
5 
3 
3 
1 1870707376  
5 
3 
4 
4 
1 32812743  
6 
1 1264431432  
3 
3 
2 
1 1429869378  
4 
6 
5 
5 
1 1131591612  
5 
3 
6 
5 
4 
4 
4 
4 
1 471893279  
1 1547846445  
2 
3 
5 
2 
5 
6 
5 
6 
1 293386583  
3 
5 
1 724477986  
1 1596258260  
1 1182808508  
1 1433902806  
3 
3 
3 
3 
4 
6 
1 1705736497  
5 
2 
5 
3 
6 
4 
3 
1 666817074  
4 
4 
2 
6 
5 
3 
6 
5 
1 1694114515  
5 
5 
3 
3 
4 
4 
6 
1 1353573763  
4 
5 
2 
3 
5 
3 
4 
6 
3 
5 
2 
3 
1 913148752  
3 
1 1908379772  
2 
2 
1 1047996657  
5 
1 527491350  
3 
1 1109987749  
2 
6 
5 
2 
3 
2 
2 
5 
4 
5 
6 
3 
3 
1 2075477320  
3 
3 
2 
4 
6 
4 
6 
3 
2 
4 
3 
6 
1 423693910  
5 
6 
1 1773686944  
4 
3 
4 
6 
5 
1 2081800426  
2 
1 1703026364  
6 
3 
1 1860226328  
6 
5 
4 
4 
5 
4 
6 
3 
2 
6 
1 663937775  
3 
2 
3 
5 
1 1188758452  
3 
2 
4 
2 
6 
4 
2 
1 249844403  
6 
5 
4 
5 
2 
1 580965415  
4 
2 
1 911982180  
4 
6 
3 
3 
2 
4 
2 
1 282657147  
1 1845396847  
4 
1 194367910  
1 1414248759  
2 
2 
4 
2 
5 
1 169806479  
3 
3 
2 
5 
6 
4 
1 1742214355  
6 
4 
3 
6 
5 
4 
2 
5 
2 
4 
6 
3 
2 
3 
2 
2 
6 
2 
6 
2 
1 1707635343  
1 894284465  
2 
2 
2 
2 
3 
5 
6 
1 1190988967  
4 
1 742960203  
3 
1 180703624  
5 
5 
1 749241817  
6 
6 
5 
4 
2 
5 
2 
1 1409777278  
5 
6 
3 
1 1874818139  
6 
5 
6 
1 2102815580  
2 
5 
2 
6 
3 
6 
2 
4 
5 
1 175442382  
5 
3 
1 1635714264  
6 
4 
5 
4 
2 
4 
3 
3 
5 
1 1003328589  
1 702933732  
4 
6 
3 
4 
6 
5 
5 
6 
3 
5 
5 
5 
1 598218365  
2 
4 
2 
4 
5 
5 
6 
2 
2 
1 931322261  
2 
3 
1 1126627642  
1 224421661  
4 
4 
6 
3 
1 865639039  
6 
1 682170359  
2 
4 
1 2084647990  
5 
1 1529576814  
4 
2 
6 
3 
3 
2 
2 
3 
4 
2 
4 
5 
2 
3 
3 
5 
4 
1 1870928811  
4 
5 
1 187008745  
6 
5 
1 2110542230  
3 
1 635427344  
5 
4 
4 
6 
1 469665892  
4 
3 
3 
3 
5 
2 
4 
5 
5 
4 
4 
3 
3 
5 
6 
3 
3 
3 
1 1808455429  
6 
6 
2 
6 
2 
4 
4 
1 829795254  
6 
5 
2 
6 
5 
6 
4 
5 
2 
3 
2 
4 
5 
5 
4 
4 
1 1883914652  
5 
2 
4 
1 1978261908  
6 
6 
1 424525962  
3 
2 
2 
2 
1 1444066347  
1 725062726  
1 1615514929  
2 
2 
3 
2 
2 
4 
1 39542902  
6 
1 905766350  
1 217273098  
1 1449320180  
1 633100841  
2 
4 
5 
2 
3 
6 
6 
3 
4 
1 172605030  
2 
5 
6 
6 
6 
6 
5 
3 
1 1624762563  
4 
5 
1 121331457  
1 1175933619  
1 180212647  
2 
3 
2 
5 
6 
6 
5 
2 
1 719549822  
2 
3 
5 
2 
3 
6 
5 
2 
2 
3 
1 2107255880  
5 
4 
4 
2 
5 
6 
4 
1 1306840290  
2 
3 
4 
6 
3 
5 
5 
1 943971484  
3 
4 
4 
2 
1 825411272  
2 
3 
1 1989010649  
6 
4 
2 
5 
5 
2 
5 
3 
4 
2 
3 
6 
2 
5 
4 
5 
3 
1 881135826  
4 
6 
6 
1 207504438  
6 
4 
3 
6 
4 
1 1712455812  
4 
3 
2 
4 
2 
1 1068144571  
2 
5 
4 
2 
5 
6 
2 
4 
3 
6 
5 
4 
1 170563020  
5 
6 
4 
2 
5 
1 200399508  
1 1537810464  
5 
4 
3 
6 
6 
2 
4 
3 
2 
3 
6 
5 
2 
1 1979018450  
3 
4 
6 
1 1030194763  
1 1274241468  
4 
2 
3 
6 
5 
2 
3 
1 1809796710  
3 
1 1454720725  
1 570824167  
6 
4 
5 
1 387375788  
1 922752006  
6 
3 
3 
2 
4 
1 610367069  
2 
3 
2 
6 
4 
3 
2 
5 
5 
3 
1 1293142138  
5 
4 
3 
4 
4 
5 
5 
4 
6 
1 1140025105  
1 2059687250  
2 
4 
3 
5 
4 
3 
3 
5 
3 
6 
2 
3 
1 1926242980  
1 1312630135  
2 
4 
3 
6 
6 
6 
5 
1 1536966165  
3 
6 
5 
3 
5 
3 
2 
6 
5 
2 
3 
5 
6 
6 
6 
4 
6 
2 
3 
2 
6 
1 2047574437  
2 
2 
3 
2 
4 
2 
6 
4 
5 
2 
2 
1 341080107  
5 
4 
6 
4 
6 
2 
4 
3 
4 
3 
6 
6 
4 
5 
4 
1 1717178812  
6 
1 619640612  
3 
2 
6 
5 
5 
4 
5 
5 
2 
4 
5 
5 
1 300852339  
2 
5 
1 876535454  
1 1563612096  
4 
5 
3 
4 
1 1126263611  
1 718062455  
3 
6 
1 297264274  
2 
3 
3 
2 
4 
5 
1 1333768050  
3 
2 
3 
2 
5 
2 
5 
1 283034620  
3 
6 
5 
3 
1 1365408845  
1 1504331070  
3 
2 
1 483434128  
5 
4 
1 755735661  
5 
2 
4 
4 
3 
5 
2 
1 1335865872  
5 
4 
2 
2 
1 1513628891  
6 
6 
1 2029977129  
1 998178935  
6 
2 
4 
3 
5 
3 
4 
5 
1 820865968  
4 
1 453317648  
4 
1 1385554723  
5 
5 
1 1743617975  
2 
1 1063684718  
4 
3 
2 
6 
6 
6 
4 
4 
1 531213214  
2 
6 
5 
4 
3 
5 
3 
4 
3 
6 
5 
1 736159432  
2 
4 
4 
5 
2 
4 
1 975888320  
3 
5 
4 
6 
5 
4 
3 
3 
6 
6 
2 
4 
6 
1 309972546  
2 
1 2048789567  
6 
3 
2 
1 365370837  
5 
1 210063335  
2 
6 
1 242386026  
5 
2 
1 2082549649  
5 
3 
5 
6 
6 
4 
2 
2 
3 
3 
1 829703947  
4 
6 
2 
3 
5 
4 
1 543238366  
2 
6 
3 
3 
2 
5 
4 
1 811601456  
3 
3 
1 245832395  
4 
3 
4 
2 
3 
4 
6 
4 
1 1669501977  
1 1529663911  
3 
1 543096669  
5 
6 
4 
1 855786379  
5 
2 
4 
4 
1 1812698531  
1 1908505515  
5 
2 
1 212633802  
2 
1 148649012  
2 
2 
2 
6 
4 
2 
5 
5 
1 516757528  
6 
2 
3 
5 
3 
5 
3 
3 
2 
2 
4 
6 
2 
6 
3 
1 1548499674  
5 
4 
2 
5 
2 
6 
6 
1 1662277903  
5 
4 
4 
5 
6 
2 
2 
3 
5 
6 
5 
5 
2 
5 
1 399251010  
2 
3 
1 399194961  
3 
5 
2 
5 
5 
5 
1 335660224  
3 
3 
5 
2 
3 
5 
1 852568658  
5 
3 
2 
3 
4 
3 
5 
1 1784749685  
2 
5 
5 
6 
3 
4 
3 
1 2079278199  
6 
3 
3 
4 
1 1916253376  
6 
6 
3 
4 
5 
6 
2 
3 
4 
2 
3 
3 
4 
6 
5 
4 
3 
6 
3 
5 
2 
1 168479251  
1 667953983  
6 
2 
2 
3 
4 
1 744658048  
5 
4 
1 478451797  
6 
6 
5 
3 
3 
1 569259902  
5 
1 1110028885  
4 
3 
5 
4 
1 688515132  
3 
3 
3 
2 
4 
4 
1 811645929  
3 
3 
5 
4 
6 
1 1045094887  
1 1518219080  
3 
6 
5 
3 
3 
6 
3 
2 
4 
4 
1 1354884295  
6 
4 
5 
1 1856696343  
5 
5 
3 
4 
3 
2 
1 1764051475  
3 
1 876902624  
6 
2 
5 
4 
2 
6 
1 1238876606  
6 
5 
6 
5 
2 
3 
6 
4 
3 
4 
1 159664497  
6 
6 
1 1732689004  
1 904091490  
3 
1 2068170012  
3 
1 1945322806  
5 
2 
5 
5 
5 
2 
5 
6 
4 
5 
2 
1 1052740502  
1 437443892  
5 
5 
5 
3 
6 
6 
1 1346338832  
1 567534757  
2 
2 
2 
1 836694902  
4 
4 
4 
3 
2 
4 
4 
5 
6 
2 
5 
5 
3 
6 
2 
6 
2 
2 
3 
5 
2 
1 1745533794  
1 903194981  
3 
3 
5 
3 
5 
4 
1 1689263561  
1 1382799831  
1 834989532  
4 
1 1458033289  
3 
3 
5 
3 
3 
1 1551279082  
6 
1 1502943515  
2 
5 
3 
6 
6 
4 
1 55207690  
1 2029730879  
2 
6 
3 
5 
1 2072203418  
5 
2 
2 
2 
5 
2 
3 
3 
5 
3 
2 
1 1165236575  
4 
6 
5 
2 
2 
1 570762363  
1 736365699  
5 
6 
1 62847814  
6 
6 
3 
1 2088981443  
5 
2 
6 
1 2091249994  
1 1919544157  
2 
1 1705549271  
3 
3 
1 820668970  
3 
5 
4 
6 
1 1010937116  
6 
5 
1 1865213768  
3 
3 
2 
2 
5 
5 
2 
2 
4 
6 
3 
4 
2 
2 
3 
5 
6 
5 
2 
5 
4 
3 
2 
5 
5 
4 
3 
3 
6 
2 
2 
1 405874326  
4 
3 
6 
2 
2 
4 
4 
4 
1 1915028606  
2 
1 1785900132  
5 
1 203713484  
3 
1 820285460  
1 75860376  
1 1550052317  
6 
6 
5 
4 
3 
6 
4 
6 
4 
6 
1 1387820217  
5 
1 912555279  
6 
3 
2 
1 1148102463  
6 
1 143531551  
3 
6 
5 
1 454335192  
2 
4 
2 
1 383418646  
1 978521083  
6 
2 
2 
6 
2 
5 
2 
4 
2 
4 
2 
2 
4 
4 
3 
2 
1 1912368481  
1 1934697728  
3 
6 
5 
6 
2 
3 
6 
3 
3 
3 
3 
4 
2 
5 
5 
3 
4 
6 
5 
2 
2 
4 
2 
2 
6 
3 
5 
2 
5 
1 333980951  
1 1967576171  
2 
5 
4 
2 
1 1816944959  
1 258700721  
6 
2 
4 
1 985329099  
1 240223674  
6 
1 995066420  
1 1048176913  
4 
2 
6 
6 
3 
3 
2 
6 
4 
3 
3 
5 
3 
6 
4 
3 
2 
3 
6 
2 
6 
5 
6 
6 
1 181721470  
5 
4 
3 
2 
4 
3 
6 
2 
2 
5 
1 938832766  
2 
4 
2 
1 820237423  
4 
1 1887270741  
6 
2 
2 
2 
2 
5 
6 
5 
3 
1 1759501736  
5 
1 1831174539  
3 
1 1605000861  
4 
3 
4 
6 
4 
5 
5 
2 
6 
2 
3 
4 
3 
1 17892415  
1 1598719497  
6 
5 
3 
6 
6 
1 1243417345  
6 
6 
6 
1 221605899  
4 
2 
3 
3 
6 
2 
2 
1 271521309  
5 
4 
4 
5 
2 
6 
4 
6 
4 
4 
3 
2 
6 
4 
4 
1 1319277721  
2 
2 
2 
1 1771658216  
6 
2 
6 
4 
2 
4 
1 1659341526  
3 
2 
4 
4 
2 
5 
6 
3 
5 
1 84349352  
2 
4 
1 772277031  
2 
3 
4 
5 
2 
4 
5 
6 
3 
1 1802873077  
4 
1 538684544  
4 
3 
3 
5 
5 
5 
3 
5 
2 
1 1155695677  
3 
1 633910513  
3 
3 
6 
4 
6 
3 
6 
2 
6 
5 
1 303569378  
4 
3 
4 
5 
6 
1 942909757  
3 
4 
1 967891464  
2 
2 
5 
5 
4 
1 123661901  
6 
2 
5 
3 
1 612371068  
2 
1 1226592185  
3 
5 
4 
2 
1 1108991000  
5 
4 
1 852594743  
4 
2 
2 
6 
6 
3 
1 74174957  
1 9684266  
6 
4 
4 
2 
1 1034316213  
5 
6 
6 
6 
2 
6 
3 
2 
1 1013007723  
6 
6 
2 
4 
5 
3 
1 829921689  
2 
6 
4 
5 
3 
5 
5 
4 
4 
5 
3 
3 
2 
5 
4 
3 
2 
5 
3 
4 
1 774103306  
1 625025811  
1 513612580  
2 
2 
2 
6 
2 
4 
4 
3 
5 
5 
4 
2 
6 
2 
1 231620519  
5 
1 642918226  
3 
4 
2 
2 
3 
5 
6 
5 
1 2112332077  
5 
1 1475037864  
1 864524126  
1 236369738  
4 
3 
2 
5 
4 
5 
1 646831937  
3 
6 
3 
5 
4 
1 488698694  
1 1895711264  
2 
3 
6 
3 
2 
5 
5 
5 
6 
5 
6 
3 
6 
3 
4 
1 731181290  
5 
4 
1 1260975726  
2 
2 
3 
1 1551100694  
4 
1 1269865834  
3 
6 
1 269187755  
3 
1 37527559  
5 
6 
2 
6 
1 1573435212  
1 1212097513  
1 1005419023  
5 
5 
2 
2 
2 
5 
1 1697097114  
6 
5 
5 
2 
1 1824468581  
5 
6 
3 
6 
5 
6 
6 
3 
3 
1 84527560  
6 
4 
3 
2 
3 
5 
1 658604466  
2 
2 
3 
3 
3 
5 
6 
6 
6 
1 529579676  
3 
1 158702517  
6 
3 
3 
1 668288732  
4 
4 
5 
4 
4 
2 
6 
4 
3 
1 1563895889  
5 
1 1171710240  
1 1498210421  
2 
3 
3 
4 
4 
1 190515547  
5 
6 
1 1796736051  
6 
1 2011823001  
3 
1 422136066  
4 
5 
1 292170630  
5 
5 
3 
4 
1 1976671430  
6 
1 1897173930  
4 
3 
5 
3 
4 
3 
2 
2 
3 
6 
5 
3 
3 
3 
2 
4 
6 
3 
4 
6 
2 
4 
5 
2 
5 
2 
3 
6 
2 
1 1156694756  
3 
5 
3 
2 
5 
2 
6 
1 65557520  
4 
5 
6 
6 
4 
3 
6 
1 396522220  
2 
2 
5 
3 
3 
2 
2 
1 1645393450  
4 
5 
6 
1 1961268785  
4 
2 
5 
3 
4 
1 1127703510  
1 758885528  
6 
2 
2 
5 
6 
6 
5 
4 
3 
3 
1 1364885831  
4 
4 
3 
2 
2 
4 
1 250085696  
5 
2 
5 
3 
5 
1 1028073284  
4 
1 1402413390  
6 
5 
4 
4 
2 
2 
6 
1 1823520909  
6 
3 
5 
4 
2 
1 92687149  
2 
1 260348765  
5 
2 
3 
2 
2 
1 1373134375  
4 
3 
2 
4 
4 
2 
2 
4 
6 
3 
2 
4 
1 1917155730  
2 
3 
1 344876325  
3 
2 
5 
3 
2 
4 
4 
3 
6 
6 
6 
1 2031738841  
3 
1 299251759  
6 
4 
4 
3 
3 
6 
5 
3 
4 
1 503578842  
3 
6 
4 
1 552543926  
2 
6 
5 
4 
4 
5 
2 
4 
6 
5 
5 
5 
3 
2 
5 
6 
1 1863147648  
1 1675289082  
4 
1 2050754347  
6 
4 
3 
4 
5 
1 2053663196  
1 1324541485  
6 
2 
5 
2 
3 
3 
4 
3 
2 
6 
1 1915093701  
1 328315614  
2 
4 
1 1616712115  
2 
5 
5 
3 
6 
4 
1 1744281483  
4 
5 
2 
6 
3 
5 
4 
5 
2 
6 
5 
3 
3 
2 
1 78005897  
3 
4 
1 625923223  
1 1809839004  
4 
3 
5 
2 
6 
2 
1 474528117  
4 
5 
5 
1 123833026  
5 
1 1623624141  
3 
4 
4 
2 
5 
2 
3 
3 
6 
3 
5 
4 
1 1602231627  
5 
5 
2 
5 
6 
5 
5 
4 
2 
2 
2 
6 
2 
1 882718554  
3 
1 841026324  
3 
3 
2 
5 
5 
6 
5 
2 
3 
3 
1 1852317323  
2 
5 
4 
1 1910791838  
6 
3 
2 
6 
6 
6 
6 
5 
1 95956066  
1 1528354584  
6 
1 2003478987  
3 
1 356304831  
4 
3 
1 754005311  
5 
2 
3 
2 
6 
1 1773151070  
2 
1 701181156  
1 638260505  
3 
6 
1 2072402829  
2 
2 
2 
1 1204759998  
1 1190804431  
1 1788066829  
3 
1 732565432  
2 
2 
2 
6 
1 1094075130  
6 
6 
1 1694246377  
5 
6 
1 2057106917  
5 
6 
2 
4 
5 
5 
2 
4 
3 
5 
4 
1 861685183  
3 
3 
5 
3 
3 
3 
3 
2 
2 
5 
1 2022561992  
4 
3 
6 
1 1526335385  
4 
4 
4 
5 
3 
3 
2 
3 
6 
4 
2 
3 
1 458483019  
1 2100567889  
6 
6 
2 
2 
3 
3 
3 
3 
5 
1 4774960  
4 
3 
6 
5 
1 120838375  
5 
6 
6 
2 
5 
4 
5 
1 427612358  
1 128607986  
1 1744462516  
5 
6 
2 
2 
6 
4 
1 2029843985  
3 
6 
2 
6 
2 
2 
6 
5 
6 
4 
1 1011326541  
6 
1 438005192  
2 
6 
2 
4 
2 
4 
4 
2 
1 1734677660  
1 774634731  
3 
3 
3 
6 
3 
4 
5 
3 
1 533961258  
4 
3 
4 
1 1115548597  
3 
5 
1 630630071  
3 
1 890266089  
6 
4 
5 
2 
2 
3 
2 
1 1869553908  
1 256297493  
2 
4 
2 
5 
1 1591447245  
6 
4 
1 360330765  
1 181216674  
4 
4 
4 
5 
5 
6 
2 
2 
2 
1 648723595  
6 
3 
4 
1 1551135196  
2 
4 
6 
3 
1 1969283503  
5 
2 
2 
3 
4 
6 
1 1381289027  
2 
6 
5 
6 
3 
4 
2 
2 
4 
3 
1 497726679  
4 
2 
3 
1 1516046233  
3 
6 
6 
2 
6 
3 
1 1290912296  
6 
5 
1 1359411862  
1 1391124577  
1 669764033  
3 
3 
2 
2 
2 
1 1817894881  
5 
5 
4 
4 
2 
2 
5 
3 
1 1344208818  
6 
2 
2 
5 
4 
6 
3 
1 674538994  
1 1938733256  
6 
1 1771821176  
1 803146980  
5 
4 
4 
1 1535712124  
6 
1 1654181513  
6 
2 
2 
5 
3 
6 
4 
3 
4 
4 
5 
6 
1 1814473521  
5 
1 1973717316  
6 
3 
3 
1 1241375525  
3 
6 
2 
4 
5 
3 
6 
6 
2 
4 
2 
4 
2 
4 
1 441624605  
5 
1 360194926  
2 
2 
6 
1 209440474  
6 
6 
3 
6 
1 1072254676  
5 
5 
5 
2 
4 
6 
6 
4 
2 
1 1250461015  
4 
1 2078994383  
2 
3 
1 1328552169  
6 
3 
6 
5 
2 
6 
6 
4 
1 694424612  
2 
1 291841500  
2 
3 
1 1509768843  
1 1343148207  
3 
3 
1 1842976697  
4 
1 1331568698  
2 
1 576953586  
5 
3 
6 
2 
1 193219728  
4 
2 
3 
1 700131283  
6 
6 
4 
2 
5 
4 
2 
5 
1 1867865883  
6 
6 
6 
4 
4 
2 
5 
1 1552631590  
5 
1 2091255860  
2 
5 
2 
5 
3 
3 
2 
1 390146268  
5 
6 
5 
2 
1 1223042824  
3 
6 
3 
2 
6 
6 
3 
4 
2 
5 
4 
5 
2 
4 
5 
2 
4 
2 
3 
2 
4 
4 
5 
5 
3 
6 
4 
3 
5 
2 
2 
6 
4 
6 
3 
3 
3 
5 
1 1287981030  
5 
5 
4 
6 
3 
1 1064685262  
6 
2 
4 
4 
2 
4 
5 
2 
4 
4 
3 
4 
6 
3 
2 
6 
3 
5 
1 1014292432  
6 
3 
5 
2 
4 
5 
1 912318558  
6 
4 
1 1867832243  
4 
1 402520909  
6 
2 
6 
3 
6 
1 419016423  
2 
4 
6 
3 
1 1534822116  
4 
6 
5 
6 
5 
4 
3 
5 
4 
1 228754577  
4 
6 
5 
6 
5 
2 
6 
1 1660391949  
1 1976446721  
5 
1 588949504  
6 
3 
2 
1 1869832423  
6 
1 901217749  
5 
5 
3 
1 1839410519  
6 
4 
3 
3 
4 
5 
6 
6 
3 
5 
2 
4 
6 
5 
5 
4 
6 
6 
5 
3 
3 
4 
5 
2 
4 
6 
3 
2 
1 1801343158  
5 
5 
6 
5 
1 82286270  
5 
6 
3 
5 
2 
5 
4 
4 
3 
6 
5 
3 
1 386351484  
1 2093184659  
6 
6 
4 
6 
5 
1 1592055113  
4 
5 
2 
6 
1 1729499691  
1 1788677708  
2 
4 
5 
6 
3 
2 
2 
3 
5 
3 
6 
3 
5 
3 
1 776140164  
5 
4 
2 
3 
1 158969630  
4 
1 1981897436  
3 
6 
4 
5 
6 
4 
2 
2 
4 
4 
3 
6 
4 
6 
6 
2 
6 
3 
4 
6 
1 1476271447  
5 
1 2026835513  
5 
3 
2 
5 
5 
3 
2 
1 1387045378  
1 1420043660  
5 
1 269498133  
1 462604554  
3 
4 
5 
3 
1 560541042  
5 
1 1334183396  
5 
3 
1 1476896987  
2 
2 
1 1472859601  
3 
2 
3 
5 
1 1054531991  
2 
1 1879417896  
3 
3 
4 
4 
3 
3 
5 
4 
6 
6 
6 
4 
4 
4 
4 
5 
4 
1 1891876024  
5 
6 
6 
5 
4 
5 
3 
2 
2 
5 
6 
3 
4 
2 
4 
1 441870459  
1 2108172473  
6 
2 
3 
5 
5 
4 
1 1404784325  
5 
5 
1 270833533  
6 
1 549638329  
4 
2 
2 
5 
1 1127133101  
3 
6 
2 
1 1172051282  
3 
4 
4 
6 
5 
1 241565201  
6 
3 
2 
5 
5 
6 
5 
4 
4 
5 
5 
2 
2 
6 
5 
1 780992611  
4 
2 
3 
3 
2 
2 
2 
2 
4 
1 1254337553  
6 
2 
6 
5 
5 
2 
4 
6 
4 
2 
4 
4 
1 627916685  
1 726693622  
1 698909018  
3 
4 
1 209932728  
3 
3 
4 
6 
2 
5 
6 
3 
1 367887682  
5 
6 
4 
6 
2 
2 
2 
5 
5 
5 
3 
1 1475049182  
2 
3 
6 
2 
1 368902358  
3 
6 
3 
6 
3 
1 202301470  
4 
5 
4 
3 
4 
3 
6 
6 
2 
3 
5 
1 803836982  
2 
2 
2 
1 248254223  
4 
3 
2 
4 
1 1589346849  
4 
5 
5 
1 76396994  
2 
1 517752357  
3 
3 
3 
3 
6 
5 
5 
1 2051951403  
3 
5 
1 636938036  
5 
3 
6 
1 1851935753  
5 
1 1381364742  
2 
1 2109797637  
3 
2 
6 
5 
5 
6 
2 
6 
4 
3 
1 758984096  
4 
4 
2 
2 
4 
5 
5 
2 
5 
1 1113298990  
5 
3 
4 
5 
5 
4 
4 
2 
3 
5 
2 
5 
1 1854190014  
5 
6 
2 
2 
6 
2 
3 
1 1200854555  
3 
5 
1 1073987816  
5 
1 1111490691  
2 
2 
4 
5 
3 
4 
6 
2 
6 
6 
2 
6 
3 
3 
3 
3 
3 
6 
2 
4 
4 
5 
1 1471688088  
3 
2 
2 
5 
5 
1 1623626145  
1 91140144  
6 
6 
6 
1 496255723  
5 
3 
2 
6 
3 
2 
2 
1 1865191346  
5 
2 
6 
1 872132756  
6 
1 1750593276  
4 
6 
4 
6 
2 
3 
4 
2 
3 
4 
2 
2 
3 
6 
6 
2 
2 
2 
6 
3 
2 
2 
4 
6 
6 
3 
5 
3 
6 
5 
4 
3 
5 
2 
1 345624383  
4 
3 
3 
6 
5 
5 
6 
3 
1 1598826378  
3 
3 
3 
4 
4 
2 
5 
3 
4 
2 
4 
2 
6 
3 
2 
2 
6 
3 
4 
6 
5 
2 
6 
1 302018646  
6 
6 
2 
2 
5 
3 
1 555557112  
5 
4 
5 
2 
5 
1 1966714061  
4 
3 
6 
3 
2 
5 
6 
6 
3 
4 
3 
5 
5 
3 
6 
3 
6 
2 
1 1777067829  
2 
5 
6 
1 924459470  
6 
3 
6 
6 
3 
5 
6 
4 
2 
4 
6 
3 
2 
5 
3 
2 
1 21531883  
4 
3 
6 
5 
1 433421163  
4 
3 
5 
1 1172713694  
6 
1 1610878732  
2 
2 
3 
4 
5 
4 
4 
5 
1 509818157  
4 
2 
5 
2 
3 
6 
2 
6 
2 
6 
1 1690466051  
5 
5 
1 1515346488  
2 
2 
2 
3 
2 
1 1146756193  
4 
1 1394918156  
4 
6 
4 
5 
5 
5 
4 
2 
1 749227582  
4 
2 
3 
4 
4 
1 1109070183  
6 
2 
3 
3 
3 
2 
1 6418604  
1 1862526573  
1 815776549  
2 
5 
5 
6 
3 
6 
6 
1 1207273159  
3 
6 
6 
1 789030741  
3 
6 
4 
5 
3 
5 
5 
6 
3 
5 
1 1927267240  
3 
3 
3 
4 
4 
2 
6 
5 
1 531477600  
6 
6 
3 
1 265173238  
3 
5 
1 2018407385  
6 
5 
4 
4 
2 
4 
6 
4 
1 1027733323  
3 
6 
2 
4 
3 
1 2130364585  
1 743056493  
3 
1 630842951  
3 
6 
2 
6 
1 328505320  
6 
5 
4 
3 
4 
4 
5 
6 
3 
4 
2 
6 
2 
1 194399223  
6 
6 
4 
1 932861597  
4 
1 884062432  
2 
4 
1 13629636  
2 
4 
2 
1 562445778  
5 
1 1808521903  
5 
6 
2 
6 
6 
5 
2 
2 
1 35161520  
3 
6 
6 
1 995866941  
3 
4 
4 
6 
6 
1 833751949  
2 
5 
4 
4 
4 
6 
6 
3 
5 
6 
3 
6 
4 
4 
6 
6 
4 
5 
4 
1 1646040252  
6 
1 1505685098  
3 
4 
5 
3 
1 376734352  
2 
3 
2 
4 
1 1013903092  
6 
3 
5 
5 
5 
4 
6 
4 
5 
1 504957644  
2 
3 
2 
4 
2 
5 
3 
2 
3 
6 
2 
3 
2 
3 
2 
3 
3 
1 1771652508  
1 1763130675  
5 
1 1614027827  
2 
6 
3 
6 
3 
5 
2 
5 
6 
1 1778071112  
6 
4 
1 1478173600  
6 
2 
4 
5 
4 
3 
5 
5 
6 
1 282320728  
6 
6 
4 
1 837860623  
4 
4 
1 119720693  
6 
6 
1 62104320  
1 1369338223  
6 
3 
2 
4 
5 
2 
5 
2 
2 
5 
2 
1 384893931  
1 2080511705  
5 
4 
2 
3 
2 
4 
5 
5 
6 
1 249587898  
3 
5 
6 
5 
4 
4 
2 
5 
4 
3 
5 
4 
5 
1 367774868  
5 
1 676084550  
2 
1 880430849  
2 
5 
5 
1 696280189  
1 870483774  
3 
4 
1 1813292447  
4 
4 
3 
2 
5 
6 
4 
6 
5 
1 1580342621  
1 884113410  
4 
6 
2 
1 228254577  
1 1241380876  
1 919274930  
3 
2 
3 
4 
2 
1 1224121519  
3 
2 
4 
1 2075132825  
3 
4 
5 
6 
2 
6 
5 
1 417831535  
1 582322969  
6 
1 304383529  
1 1431734627  
4 
1 1087280613  
3 
2 
3 
1 2076036037  
6 
1 1047381654  
1 553824792  
3 
2 
3 
6 
4 
2 
6 
3 
1 1706623501  
2 
6 
5 
5 
1 378071606  
2 
1 836145520  
4 
4 
3 
3 
5 
3 
5 
4 
5 
2 
4 
4 
2 
5 
4 
1 397000477  
6 
6 
6 
3 
6 
5 
1 497792299  
2 
3 
1 898249841  
5 
6 
5 
5 
1 1766338700  
5 
1 882686231  
4 
6 
2 
5 
1 831277898  
3 
3 
5 
3 
1 2015926599  
4 
5 
4 
6 
3 
3 
6 
1 1250461099  
3 
6 
4 
1 1507362449  
5 
4 
5 
1 748873800  
3 
6 
3 
1 1946741288  
4 
6 
4 
5 
3 
6 
2 
4 
1 230362575  
5 
6 
2 
2 
3 
5 
2 
2 
1 414682599  
3 
1 1379600262  
5 
5 
4 
6 
1 1114475985  
6 
6 
1 642937177  
1 473497490  
6 
2 
3 
2 
1 2033750916  
4 
4 
3 
3 
2 
1 1867058696  
1 401146668  
4 
6 
1 304098803  
2 
5 
3 
1 301898017  
5 
4 
2 
6 
1 705530197  
2 
6 
6 
3 
5 
6 
1 1735833430  
2 
6 
1 1389178631  
3 
6 
2 
1 634082587  
3 
3 
6 
4 
4 
6 
3 
5 
2 
5 
5 
3 
5 
6 
2 
4 
5 
6 
6 
6 
3 
3 
6 
5 
6 
1 635731437  
3 
6 
4 
1 1943003423  
4 
2 
2 
5 
6 
5 
2 
2 
1 193222440  
2 
1 1013803043  
6 
5 
4 
5 
2 
2 
5 
4 
3 
5 
2 
4 
2 
3 
4 
4 
6 
5 
4 
5 
1 631665296  
6 
6 
4 
4 
2 
3 
3 
1 590222917  
2 
5 
5 
5 
2 
1 1511595343  
6 
2 
3 
1 1529915137  
6 
4 
5 
3 
6 
1 209077970  
1 246797926  
4 
1 213709387  
5 
1 77520921  
4 
6 
6 
4 
5 
5 
2 
4 
2 
2 
4 
5 
6 
2 
3 
2 
2 
3 
1 1497259025  
5 
1 1721071836  
1 826394721  
3 
3 
4 
2 
4 
2 
6 
6 
3 
4 
3 
3 
4 
1 1296516666  
1 1951434411  
6 
6 
3 
2 
5 
6 
5 
5 
2 
5 
2 
6 
3 
4 
5 
4 
6 
3 
3 
6 
2 
3 
4 
6 
1 1241077321  
1 528633280  
6 
4 
4 
1 918426749  
2 
2 
6 
6 
3 
3 
4 
6 
2 
3 
3 
2 
1 1884014498  
1 1002130770  
5 
1 804694017  
3 
2 
4 
3 
1 1603589546  
6 
2 
6 
5 
6 
2 
3 
6 
6 
4 
2 
5 
1 1403277438  
6 
6 
6 
5 
2 
5 
1 1108792820  
2 
1 1905487563  
2 
2 
3 
5 
2 
4 
5 
6 
4 
5 
1 2108807636  
3 
1 697142602  
1 1147182546  
1 595406575  
6 
4 
4 
5 
4 
4 
2 
2 
1 1332874039  
3 
3 
3 
5 
3 
3 
1 942702322  
1 788629015  
6 
2 
4 
5 
6 
1 199193435  
2 
5 
5 
4 
1 1574367618  
6 
4 
2 
1 1378851933  
1 1710788778  
1 956799107  
4 
6 
5 
5 
4 
2 
3 
3 
1 1587929903  
4 
6 
1 1957586704  
2 
4 
1 1170508494  
3 
2 
1 1665450824  
6 
6 
1 1307362081  
1 744096683  
5 
5 
3 
4 
1 344361897  
2 
4 
3 
4 
3 
5 
1 456395099  
2 
4 
2 
5 
3 
2 
6 
1 548047446  
1 1585439218  
6 
4 
6 
1 985028379  
1 1466474195  
3 
5 
5 
1 1321970068  
5 
6 
1 1987159150  
6 
3 
6 
2 
2 
6 
5 
1 123684564  
1 778075966  
4 
3 
1 1242952940  
6 
6 
3 
4 
5 
5 
4 
3 
3 
2 
1 1232477384  
6 
4 
2 
3 
3 
1 536079882  
2 
2 
1 1204276928  
4 
2 
6 
4 
5 
6 
2 
1 1929619987  
5 
5 
3 
3 
2 
1 1683262428  
5 
2 
2 
6 
4 
1 1799683503  
1 1115010378  
5 
1 478481102  
5 
5 
5 
6 
1 440828871  
1 1314203813  
4 
1 2052848720  
5 
2 
6 
5 
1 1819680804  
5 
6 
6 
3 
2 
3 
3 
3 
6 
3 
6 
1 877508943  
4 
2 
2 
4 
4 
3 
5 
6 
1 862164179  
2 
4 
2 
5 
2 
6 
3 
1 1260127059  
5 
3 
2 
4 
5 
4 
5 
2 
5 
6 
5 
4 
6 
1 687611999  
4 
3 
6 
5 
5 
5 
3 
5 
5 
3 
6 
2 
2 
6 
3 
3 
4 
6 
4 
2 
4 
1 2032672674  
4 
6 
4 
5 
6 
1 778094235  
1 1994974081  
1 629285709  
2 
2 
5 
2 
3 
1 1122456132  
6 
2 
3 
2 
3 
6 
6 
1 303885532  
4 
3 
2 
1 1177333155  
3 
2 
2 
5 
5 
1 560411703  
3 
3 
5 
3 
3 
6 
2 
4 
6 
2 
2 
4 
4 
4 
6 
5 
5 
1 1288913912  
5 
2 
5 
4 
4 
5 
4 
5 
6 
5 
6 
1 496323703  
6 
5 
1 1882381771  
4 
5 
6 
4 
3 
5 
2 
1 1128589414  
1 620008267  
1 512974090  
6 
6 
2 
4 
3 
3 
2 
1 224058706  
6 
3 
2 
2 
5 
1 1852485652  
1 1049053972  
4 
4 
4 
1 1428335635  
6 
5 
5 
4 
2 
2 
2 
3 
4 
3 
2 
6 
1 1634621991  
3 
6 
4 
6 
2 
2 
2 
4 
6 
3 
4 
4 
4 
2 
5 
6 
2 
4 
2 
5 
1 584832752  
1 1080535490  
1 602148721  
5 
5 
3 
6 
1 1063313855  
3 
5 
4 
5 
2 
3 
5 
4 
5 
4 
6 
3 
2 
6 
5 
5 
5 
2 
6 
6 
6 
1 1521364361  
1 1916352535  
3 
5 
1 968678927  
1 1193561517  
3 
3 
5 
5 
4 
4 
5 
4 
2 
6 
6 
6 
1 646377830  
1 1830843107  
1 306204928  
5 
4 
6 
2 
5 
4 
3 
5 
3 
4 
5 
1 1333989830  
6 
4 
3 
3 
2 
2 
2 
2 
6 
4 
6 
5 
4 
5 
3 
4 
1 1716032133  
2 
1 1084299163  
3 
4 
4 
3 
5 
2 
5 
4 
6 
5 
6 
6 
6 
3 
3 
3 
2 
2 
4 
2 
4 
3 
2 
1 1181480263  
2 
5 
5 
4 
1 197834194  
4 
3 
2 
3 
5 
3 
1 59271648  
5 
4 
4 
3 
5 
1 1485365795  
2 
5 
4 
3 
4 
5 
2 
5 
2 
3 
3 
6 
2 
2 
1 1375167349  
1 619683351  
4 
2 
2 
6 
5 
6 
3 
6 
3 
5 
5 
1 626796059  
4 
5 
6 
6 
5 
3 
6 
5 
4 
3 
1 1871491052  
5 
1 354581474  
4 
2 
5 
3 
3 
3 
6 
5 
5 
1 1755385473  
4 
2 
6 
4 
6 
2 
2 
5 
3 
3 
1 344015672  
1 867555564  
5 
3 
4 
6 
1 1979444180  
2 
4 
2 
1 49017676  
1 1916609536  
6 
5 
4 
3 
6 
3 
2 
3 
5 
2 
6 
5 
6 
4 
1 1260296167  
6 
1 1683639667  
6 
1 353958641  
6 
4 
2 
2 
3 
5 
1 193348009  
6 
4 
4 
1 138304740  
6 
4 
1 1417272496  
6 
6 
6 
4 
3 
3 
1 1714712371  
5 
4 
2 
4 
3 
1 2054657275  
2 
2 
5 
3 
2 
1 238467775  
1 760790240  
2 
5 
3 
4 
3 
1 553551458  
4 
4 
4 
3 
4 
3 
4 
3 
5 
3 
4 
4 
1 2069310882  
3 
3 
6 
6 
3 
2 
5 
5 
1 1066995169  
3 
4 
4 
5 
5 
3 
1 1887541288  
5 
3 
6 
6 
2 
6 
2 
5 
3 
4 
6 
2 
2 
4 
3 
5 
6 
2 
6 
5 
2 
6 
1 1637859367  
5 
4 
5 
4 
5 
5 
3 
5 
3 
6 
2 
5 
2 
5 
4 
2 
6 
6 
2 
3 
5 
3 
4 
4 
2 
3 
2 
6 
4 
2 
6 
2 
2 
6 
6 
4 
2 
5 
2 
2 
5 
6 
4 
5 
3 
6 
1 3810684  
1 921537903  
5 
2 
3 
6 
1 1835693561  
2 
6 
2 
1 63082332  
3 
5 
5 
3 
1 259420050  
3 
5 
4 
4 
4 
5 
6 
3 
5 
4 
5 
6 
2 
1 1063377263  
3 
3 
1 682765683  
4 
4 
3 
3 
3 
5 
2 
3 
2 
4 
6 
5 
2 
2 
6 
3 
2 
5 
5 
5 
5 
4 
6 
6 
3 
1 886216110  
2 
2 
4 
1 787384667  
6 
6 
4 
2 
6 
1 1037347158  
4 
2 
4 
1 494117935  
3 
2 
3 
4 
6 
3 
2 
6 
2 
4 
5 
4 
1 1131400339  
4 
5 
6 
4 
3 
4 
4 
4 
1 1904902722  
2 
3 
1 326078467  
3 
1 1180418015  
4 
6 
1 1674028611  
5 
3 
1 1586374634  
6 
4 
6 
2 
4 
6 
4 
4 
2 
1 716574034  
5 
4 
1 2027987252  
3 
3 
6 
6 
5 
6 
4 
6 
3 
5 
4 
2 
4 
5 
5 
6 
4 
5 
1 1779722644  
1 854878775  
3 
2 
6 
5 
6 
2 
3 
4 
6 
5 
1 1297776100  
4 
2 
4 
2 
5 
1 1346951367  
3 
5 
5 
4 
6 
4 
5 
6 
4 
1 762052402  
3 
1 1536243875  
2 
1 2107741607  
6 
6 
3 
6 
4 
6 
2 
6 
1 1315603860  
2 
1 1458071110  
2 
6 
3 
2 
1 1027253128  
1 1055661500  
5 
3 
1 948446829  
1 1031063813  
6 
3 
2 
1 1977199403  
2 
6 
6 
4 
3 
4 
3 
3 
3 
3 
1 636656743  
2 
2 
1 1094146145  
2 
6 
2 
4 
4 
1 89135806  
1 1700034006  
5 
2 
3 
5 
3 
4 
6 
5 
6 
2 
5 
6 
6 
1 1776911829  
6 
2 
4 
5 
6 
2 
5 
4 
3 
3 
2 
6 
1 975351916  
6 
1 339935025  
6 
5 
4 
2 
4 
5 
1 666775339  
4 
2 
6 
3 
4 
3 
5 
5 
5 
1 1469469851  
2 
6 
4 
1 1471335365  
5 
2 
4 
1 424194413  
5 
6 
4 
5 
6 
2 
1 1795548319  
5 
5 
4 
4 
6 
6 
3 
2 
1 504269732  
6 
6 
1 2098223024  
1 1234439305  
2 
5 
6 
3 
6 
6 
1 1220843767  
5 
5 
2 
5 
5 
4 
3 
6 
4 
3 
1 1978726628  
2 
3 
2 
5 
3 
3 
2 
6 
3 
5 
2 
1 866678301  
1 2075722542  
2 
3 
3 
6 
4 
5 
3 
6 
5 
3 
3 
2 
3 
3 
6 
2 
4 
2 
2 
2 
2 
3 
4 
1 1129019080  
1 66146020  
6 
3 
1 690291296  
6 
4 
1 517779308  
2 
6 
3 
4 
2 
3 
3 
3 
6 
4 
6 
6 
4 
3 
4 
1 26403980  
2 
4 
5 
1 2005895157  
5 
3 
4 
5 
1 1975850418  
4 
1 1053657108  
4 
5 
6 
4 
1 914073009  
4 
1 776813599  
4 
5 
3 
3 
5 
1 2084720921  
6 
5 
2 
6 
1 743788765  
5 
5 
1 1413470342  
2 
4 
4 
2 
1 1031383419  
4 
6 
5 
5 
1 832924571  
5 
6 
1 966020700  
2 
1 660811600  
2 
6 
5 
1 1808276487  
5 
6 
1 1305955726  
3 
3 
4 
1 1327586939  
2 
3 
1 1130262690  
4 
2 
5 
5 
4 
3 
4 
4 
5 
5 
2 
4 
3 
6 
2 
2 
4 
6 
3 
2 
3 
3 
3 
1 629807443  
1 1751781352  
4 
5 
3 
3 
2 
2 
2 
3 
1 778327361  
6 
2 
4 
6 
2 
3 
1 1134077175  
3 
3 
3 
3 
2 
5 
1 1702520729  
2 
1 2012766667  
6 
4 
2 
2 
5 
3 
2 
3 
2 
4 
4 
4 
3 
2 
3 
5 
5 
3 
3 
2 
5 
5 
2 
4 
4 
1 207437294  
6 
1 1533763709  
1 731961320  
2 
4 
6 
4 
3 
4 
2 
1 135676188  
2 
4 
5 
4 
5 
6 
2 
3 
3 
3 
3 
4 
1 515299142  
2 
3 
5 
2 
1 798107341  
3 
2 
1 825967485  
5 
5 
2 
1 1033078450  
1 824511321  
6 
6 
5 
2 
1 684378994  
4 
1 861445220  
1 1878168429  
2 
1 1598452003  
4 
1 1638258819  
6 
2 
6 
4 
4 
2 
1 1815405703  
6 
6 
5 
4 
5 
6 
1 194757120  
2 
5 
1 904245514  
5 
1 699305474  
6 
4 
2 
2 
6 
4 
6 
6 
3 
6 
4 
5 
5 
2 
1 1027681691  
5 
4 
1 1870266214  
6 
6 
4 
5 
5 
1 1360117074  
2 
2 
5 
4 
4 
5 
4 
1 688474530  
2 
2 
6 
2 
6 
6 
2 
1 1028738292  
4 
4 
6 
6 
1 540220365  
1 1818737221  
4 
5 
5 
2 
3 
2 
2 
3 
5 
2 
1 1658545735  
5 
1 144518069  
4 
5 
1 449580934  
2 
2 
6 
3 
1 645139263  
2 
6 
3 
1 1847038798  
6 
1 314863953  
1 852576557  
5 
4 
2 
4 
2 
2 
6 
2 
4 
1 1233318860  
2 
6 
4 
3 
1 1046825274  
5 
4 
4 
5 
1 988252746  
5 
2 
2 
1 1748618002  
4 
1 1844932615  
2 
5 
2 
3 
6 
1 1814220231  
1 634212804  
2 
1 521960288  
6 
4 
1 351115577  
1 1495658024  
6 
6 
4 
4 
2 
1 252645069  
4 
2 
4 
4 
3 
3 
6 
4 
1 1949567580  
4 
2 
4 
6 
1 986433195  
4 
5 
6 
6 
6 
5 
2 
6 
1 2068050772  
6 
6 
5 
2 
5 
3 
6 
6 
2 
5 
5 
1 2144324701  
3 
5 
6 
6 
6 
4 
2 
1 1890678709  
3 
3 
3 
1 619872598  
3 
6 
1 1024522744  
3 
3 
1 1613461276  
4 
6 
5 
3 
6 
5 
4 
6 
6 
4 
4 
1 1979989672  
1 1712997275  
1 494715920  
3 
2 
2 
6 
4 
4 
1 372726389  
4 
5 
1 1384250848  
4 
5 
6 
2 
3 
4 
2 
4 
5 
4 
4 
4 
6 
4 
1 5778008  
1 517244459  
1 1833831782  
2 
6 
5 
2 
4 
2 
2 
6 
1 650917271  
3 
4 
3 
4 
1 216799609  
2 
5 
1 1212088  
1 1503493828  
6 
4 
6 
6 
3 
5 
4 
3 
6 
3 
1 1450118469  
4 
6 
5 
1 1048037362  
6 
3 
5 
6 
5 
6 
3 
5 
4 
5 
6 
1 344262926  
5 
6 
1 1051252823  
3 
6 
6 
2 
6 
5 
3 
4 
4 
1 745486329  
6 
5 
3 
1 10999509  
6 
4 
2 
4 
6 
3 
6 
4 
4 
4 
6 
6 
5 
2 
1 1685465627  
3 
6 
1 1267446617  
2 
6 
6 
5 
4 
1 362115086  
2 
4 
3 
3 
4 
2 
1 1033640003  
2 
3 
4 
3 
3 
3 
5 
3 
6 
1 1520091686  
6 
3 
1 164199019  
1 2020073199  
5 
4 
3 
5 
1 1440658811  
4 
1 161040072  
3 
4 
6 
1 1763268260  
1 2060531409  
2 
6 
3 
3 
2 
5 
5 
4 
2 
2 
2 
1 1185562816  
4 
2 
3 
3 
5 
1 1229245888  
1 1893037434  
5 
6 
3 
6 
1 751076443  
3 
5 
3 
3 
5 
5 
1 1723961809  
4 
3 
1 118280175  
6 
2 
1 2135327291  
5 
1 1729739817  
4 
1 635524634  
4 
4 
5 
2 
6 
3 
4 
5 
1 1821675426  
6 
5 
3 
3 
2 
4 
2 
4 
6 
3 
1 233173440  
5 
2 
6 
5 
2 
1 852324244  
2 
6 
3 
4 
3 
2 
1 1822887514  
6 
5 
1 1736667268  
6 
4 
6 
2 
3 
5 
1 154959065  
2 
6 
3 
3 
3 
1 723441228  
1 2080930195  
2 
2 
5 
2 
6 
4 
6 
5 
3 
4 
2 
4 
2 
6 
4 
6 
4 
2 
3 
5 
5 
1 1206211889  
4 
4 
3 
3 
5 
3 
4 
1 1468927557  
1 2091929704  
6 
1 744193868  
6 
5 
4 
5 
5 
6 
4 
2 
1 588890526  
1 306561143  
5 
1 1777833872  
2 
2 
2 
5 
5 
3 
3 
4 
5 
4 
6 
1 2108982212  
6 
4 
4 
4 
3 
2 
6 
1 470760162  
3 
6 
3 
3 
6 
3 
2 
6 
5 
2 
6 
4 
3 
3 
6 
5 
2 
5 
4 
6 
3 
5 
3 
3 
5 
5 
1 1650423423  
4 
2 
4 
2 
6 
2 
5 
3 
6 
2 
3 
5 
1 1402157375  
1 631800234  
2 
3 
6 
1 1266208035  
6 
3 
1 1315205137  
5 
3 
5 
5 
6 
4 
5 
2 
6 
4 
2 
6 
5 
6 
3 
4 
1 1817363050  
4 
4 
3 
4 
6 
6 
5 
3 
2 
3 
2 
1 347970276  
3 
1 1060758923  
3 
3 
1 420955846  
2 
6 
6 
3 
4 
3 
3 
4 
1 2071932085  
3 
6 
2 
1 1179039098  
1 408799489  
6 
1 1654188254  
1 1814563733  
6 
3 
3 
2 
6 
6 
2 
2 
3 
5 
5 
6 
4 
3 
4 
5 
4 
1 82991267  
2 
6 
2 
4 
3 
3 
5 
2 
2 
4 
1 1887361694  
2 
3 
3 
1 519404329  
6 
4 
6 
3 
3 
2 
2 
1 1905878781  
4 
2 
6 
3 
3 
3 
6 
2 
1 1476545314  
5 
2 
1 674363394  
2 
4 
2 
3 
2 
6 
6 
5 
1 481836361  
4 
5 
3 
1 1409991861  
6 
1 1880575283  
5 
5 
1 1950763918  
6 
1 1354437918  
1 477285504  
4 
1 392170796  
3 
2 
6 
2 
5 
5 
4 
2 
6 
2 
5 
6 
6 
1 1660999061  
1 107635728  
2 
4 
4 
3 
4 
3 
1 353669361  
6 
4 
6 
5 
5 
5 
2 
1 2131759223  
2 
1 1758059151  
1 1755826736  
2 
3 
2 
1 616075809  
3 
2 
3 
6 
2 
6 
4 
4 
6 
1 876783538  
4 
5 
1 923548225  
3 
3 
4 
3 
3 
3 
4 
5 
3 
5 
6 
1 285955211  
4 
1 1224753814  
1 1984307148  
4 
6 
5 
1 706911057  
3 
2 
3 
3 
4 
4 
3 
3 
5 
2 
4 
1 1149202251  
1 1015862599  
1 1115710547  
2 
1 655906857  
5 
2 
6 
5 
2 
5 
4 
2 
2 
4 
4 
5 
2 
3 
5 
5 
5 
1 682942684  
4 
1 1198701814  
4 
4 
3 
1 395784903  
4 
2 
2 
6 
2 
2 
4 
3 
2 
5 
4 
1 1202347013  
5 
6 
2 
6 
1 957096948  
2 
2 
2 
6 
3 
5 
2 
6 
4 
3 
5 
6 
5 
3 
4 
4 
5 
5 
3 
6 
5 
2 
1 1872330218  
6 
6 
3 
6 
3 
3 
2 
2 
1 1876710407  
3 
2 
5 
2 
6 
1 1438933309  
5 
1 1134838431  
1 1609802043  
5 
5 
3 
4 
1 1242213580  
2 
4 
1 341792701  
6 
6 
1 2087087547  
2 
1 1634384376  
2 
5 
6 
6 
4 
1 2002791762  
6 
1 47239627  
2 
2 
4 
2 
6 
2 
3 
3 
5 
1 1988053737  
1 1987067337  
5 
1 1805298778  
1 1596396826  
4 
5 
1 455659498  
3 
5 
1 534598668  
6 
2 
1 372461403  
5 
4 
4 
5 
1 741614710  
3 
6 
4 
1 1759352483  
6 
2 
1 209284904  
6 
1 1448525767  
5 
5 
1 761071086  
4 
5 
1 1225147503  
6 
6 
2 
