5 
3 
3 
6 
4 
1 397869472  
1 1301845837  
6 
6 
3 
4 
5 
1 1991570861  
3 
2 
4 
5 
4 
3 
3 
1 1343262461  
5 
2 
4 
2 
5 
5 
6 
1 1309798673  
4 
2 
3 
3 
1 1267257661  
4 
5 
5 
6 
4 
2 
5 
4 
5 
6 
6 
1 1097508741  
2 
2 
3 
3 
6 
5 
3 
1 887397851  
6 
5 
2 
5 
4 
5 
4 
3 
1 1004131093  
6 
4 
6 
5 
4 
4 
3 
5 
4 
4 
5 
6 
1 2103423975  
4 
4 
3 
6 
6 
2 
1 248254587  
1 441547377  
1 208103170  
3 
4 
3 
1 1303074389  
5 
1 1484411585  
4 
6 
2 
3 
4 
1 470001324  
1 34093912  
2 
2 
1 922856162  
2 
6 
5 
1 488688284  
3 
2 
1 1999056001  
5 
6 
6 
1 585707597  
6 
5 
1 655446647  
6 
6 
6 
6 
2 
4 
3 
1 993468594  
6 
3 
2 
1 1278081073  
1 1197532503  
3 
6 
6 
6 
4 
3 
3 
3 
3 
6 
1 2094026934  
4 
5 
5 
6 
3 
3 
6 
5 
3 
5 
4 
4 
5 
2 
4 
3 
6 
5 
2 
2 
6 
1 209891189  
5 
2 
3 
6 
4 
6 
5 
3 
1 564109495  
3 
6 
4 
4 
4 
6 
6 
1 2091996200  
2 
1 902083635  
4 
1 458766132  
6 
6 
6 
4 
1 342382024  
4 
1 56445824  
1 302853345  
5 
5 
3 
4 
3 
1 1685644486  
6 
6 
5 
3 
4 
1 1366244497  
4 
4 
3 
5 
1 1570111006  
3 
3 
1 635669579  
2 
2 
6 
5 
4 
4 
4 
6 
4 
4 
6 
4 
2 
4 
5 
2 
4 
5 
6 
6 
2 
3 
5 
3 
3 
1 106158701  
4 
4 
3 
4 
2 
4 
1 426758452  
6 
4 
2 
4 
5 
3 
6 
2 
5 
4 
2 
4 
4 
4 
2 
1 591609906  
5 
6 
6 
3 
3 
4 
5 
3 
5 
5 
4 
4 
5 
2 
5 
1 354413288  
4 
1 868305829  
6 
5 
2 
4 
4 
4 
4 
3 
1 799713076  
6 
5 
5 
6 
4 
5 
1 1657487677  
4 
6 
6 
6 
3 
5 
4 
2 
6 
2 
4 
2 
2 
1 205233767  
4 
3 
5 
1 1269714400  
5 
1 1691581590  
5 
5 
4 
1 1128089929  
4 
3 
2 
4 
6 
5 
3 
3 
1 1758402684  
5 
4 
1 1543153943  
4 
2 
5 
6 
2 
6 
5 
1 1713797526  
2 
2 
3 
1 266365683  
4 
6 
4 
3 
2 
1 389138889  
2 
1 844394952  
3 
2 
2 
1 1463898187  
4 
6 
2 
6 
6 
2 
4 
1 335682176  
4 
2 
6 
4 
1 1054286141  
2 
3 
1 2028007682  
4 
6 
1 280194728  
3 
6 
5 
3 
4 
1 1956369776  
5 
4 
6 
4 
1 339290166  
1 622576753  
5 
3 
6 
3 
1 2012815600  
6 
5 
1 642143512  
4 
4 
1 160737591  
6 
1 1231576450  
4 
4 
5 
1 64770870  
1 796407170  
6 
1 1337735151  
3 
2 
2 
5 
4 
2 
3 
2 
5 
2 
4 
3 
5 
1 491529322  
3 
5 
3 
1 1388017076  
1 1692148439  
5 
4 
5 
3 
5 
1 1359835152  
4 
4 
6 
2 
5 
2 
4 
6 
1 40246504  
2 
1 1202152468  
1 1565068919  
3 
2 
3 
5 
4 
1 1309960904  
6 
2 
3 
6 
4 
4 
3 
6 
3 
5 
1 746250410  
6 
4 
5 
3 
4 
3 
5 
6 
1 545675200  
5 
1 920879940  
1 141920706  
6 
3 
2 
4 
5 
3 
2 
4 
6 
5 
2 
4 
2 
5 
6 
1 111989079  
5 
4 
5 
5 
4 
6 
2 
4 
1 1187245623  
4 
4 
4 
1 531059595  
3 
3 
2 
3 
3 
4 
6 
2 
4 
1 956384031  
5 
2 
1 503660162  
2 
3 
2 
5 
6 
1 866741771  
1 2010670172  
1 384184196  
6 
4 
6 
1 1146936500  
4 
1 1819556301  
6 
3 
1 723474363  
4 
1 1769513253  
2 
2 
4 
5 
3 
6 
1 1684888253  
3 
4 
6 
4 
1 1365617875  
6 
1 1930250844  
1 768981055  
6 
6 
2 
5 
4 
3 
6 
2 
5 
5 
2 
4 
5 
5 
5 
5 
1 1430388745  
4 
1 579174366  
4 
4 
4 
2 
6 
2 
3 
5 
5 
3 
6 
5 
2 
6 
2 
2 
6 
5 
6 
6 
5 
2 
3 
2 
3 
1 2106716206  
2 
5 
3 
3 
6 
6 
3 
1 1921918068  
6 
4 
5 
3 
3 
3 
4 
4 
5 
4 
1 1967191442  
4 
6 
4 
3 
3 
2 
4 
6 
3 
6 
3 
6 
3 
4 
3 
2 
4 
5 
6 
1 1651380997  
5 
4 
4 
4 
1 1134269572  
6 
1 2007437946  
4 
5 
3 
5 
3 
3 
2 
1 706049818  
3 
6 
3 
4 
1 551854843  
6 
3 
3 
5 
4 
1 1169915202  
2 
5 
4 
4 
6 
6 
1 1452300228  
6 
5 
4 
1 1097530043  
4 
1 2090795142  
4 
5 
6 
3 
3 
1 1594220934  
5 
4 
5 
5 
1 1209519122  
3 
5 
3 
4 
4 
1 1130557117  
2 
4 
5 
2 
6 
1 2125280530  
1 18419505  
5 
6 
5 
3 
5 
3 
3 
5 
1 1634217280  
3 
6 
6 
1 844538653  
6 
5 
4 
5 
2 
2 
6 
3 
2 
6 
3 
5 
4 
5 
5 
3 
3 
1 2029089678  
3 
5 
5 
5 
2 
2 
4 
4 
6 
5 
5 
4 
2 
4 
4 
1 2018401476  
4 
6 
1 1991475153  
5 
5 
4 
6 
4 
2 
5 
4 
6 
2 
1 1701162331  
3 
2 
1 594392191  
2 
3 
5 
6 
1 1613504758  
3 
3 
3 
4 
5 
6 
1 1238566936  
6 
5 
2 
6 
3 
6 
3 
6 
5 
5 
1 1960010066  
2 
6 
3 
6 
1 1396271954  
5 
6 
6 
5 
2 
5 
5 
5 
2 
4 
1 2007547992  
6 
4 
1 1242915164  
6 
5 
3 
5 
6 
4 
1 1975446320  
4 
2 
3 
4 
6 
6 
3 
1 1966780550  
2 
4 
5 
6 
5 
2 
5 
3 
3 
5 
1 1017349584  
5 
2 
2 
5 
4 
3 
3 
6 
5 
6 
3 
1 1795154114  
1 1470677900  
4 
1 4135508  
2 
5 
2 
1 1655108412  
4 
4 
3 
3 
3 
2 
1 29244070  
3 
2 
4 
5 
1 555990351  
3 
6 
5 
4 
5 
6 
2 
2 
4 
4 
4 
6 
6 
1 677539966  
1 1481544298  
6 
4 
4 
1 1653520394  
1 620851460  
3 
4 
6 
6 
3 
1 928281585  
4 
1 715555869  
1 1751408578  
5 
2 
2 
4 
6 
4 
6 
1 906078467  
1 733975374  
5 
6 
6 
5 
1 1238142210  
6 
1 1750617120  
5 
6 
4 
4 
1 615581404  
1 1109060038  
3 
5 
3 
6 
6 
2 
6 
1 1594608626  
6 
6 
5 
5 
6 
4 
6 
5 
2 
5 
3 
5 
5 
4 
5 
2 
1 169260087  
2 
5 
2 
4 
4 
1 1703452230  
4 
2 
1 1060629736  
6 
6 
5 
1 1407827024  
1 1515978648  
1 309418043  
4 
4 
6 
2 
3 
1 1267891368  
1 611410164  
1 137380715  
1 1087188270  
5 
5 
6 
6 
1 1628759748  
3 
2 
2 
1 1932534830  
5 
5 
5 
2 
3 
3 
4 
3 
5 
5 
4 
6 
3 
1 410382522  
2 
1 1632895256  
1 1440159594  
5 
6 
3 
1 439626592  
2 
6 
6 
1 41401959  
6 
4 
4 
3 
3 
1 2117699561  
4 
2 
3 
1 1921170891  
6 
1 1694922354  
6 
4 
6 
2 
5 
2 
3 
3 
4 
1 591067373  
1 701968828  
4 
3 
5 
1 262994575  
3 
1 194992303  
6 
6 
4 
4 
4 
1 1608047295  
1 996969949  
5 
4 
6 
5 
6 
5 
3 
4 
1 1433134513  
4 
6 
6 
1 1211180767  
3 
3 
4 
6 
1 1612551354  
2 
4 
3 
2 
1 394710904  
3 
6 
6 
4 
4 
3 
5 
3 
3 
6 
3 
4 
5 
3 
5 
4 
2 
1 658305745  
4 
4 
3 
3 
5 
3 
5 
3 
4 
2 
3 
6 
2 
3 
4 
1 1781811441  
5 
5 
4 
3 
5 
5 
6 
5 
2 
1 2098163134  
1 1718935482  
4 
4 
6 
5 
5 
4 
5 
4 
6 
4 
1 1042154817  
6 
1 1466658134  
6 
4 
3 
5 
4 
6 
2 
4 
5 
3 
6 
5 
5 
6 
5 
1 2028353525  
2 
4 
1 162562537  
6 
2 
5 
2 
5 
2 
6 
1 2078068299  
1 18250592  
6 
4 
4 
5 
4 
6 
2 
6 
4 
2 
2 
4 
5 
2 
3 
4 
6 
3 
2 
5 
6 
3 
4 
3 
2 
2 
6 
4 
2 
2 
5 
1 1249750808  
3 
6 
3 
2 
2 
2 
6 
1 1559344399  
6 
2 
3 
6 
5 
5 
5 
2 
2 
4 
1 1950785422  
2 
2 
5 
3 
2 
5 
4 
5 
5 
4 
2 
4 
6 
6 
2 
3 
5 
6 
6 
4 
6 
5 
1 1660133330  
3 
1 1044756008  
5 
5 
4 
5 
4 
6 
1 1243461369  
3 
5 
1 2099759923  
1 1086157967  
5 
3 
1 1213677282  
1 1873447166  
5 
3 
4 
2 
3 
4 
2 
1 633596673  
5 
1 1804744655  
2 
5 
3 
6 
5 
6 
1 427932346  
4 
1 896591248  
3 
6 
1 1999736959  
1 2035979641  
2 
1 1893561198  
2 
3 
4 
4 
3 
6 
1 1285387824  
6 
5 
1 1099676760  
3 
1 1358628904  
3 
1 1680098728  
5 
5 
5 
2 
4 
2 
4 
4 
2 
1 1757982506  
6 
6 
5 
4 
3 
4 
1 992956697  
2 
4 
4 
3 
6 
2 
5 
1 1630778214  
2 
3 
2 
4 
4 
2 
1 1329434340  
6 
2 
2 
4 
4 
2 
1 2035111515  
5 
1 949952701  
5 
2 
1 1210304217  
4 
3 
5 
5 
2 
1 50190404  
4 
4 
2 
2 
5 
5 
2 
1 880537352  
4 
5 
5 
1 1228554809  
5 
4 
2 
1 1299941212  
4 
1 292398103  
4 
1 1031856584  
2 
2 
5 
2 
1 812590895  
4 
5 
1 1337154111  
2 
3 
6 
5 
1 127834305  
2 
4 
5 
3 
4 
6 
4 
5 
6 
2 
1 764867170  
4 
6 
5 
3 
5 
3 
4 
4 
1 275828431  
4 
5 
3 
3 
2 
4 
6 
2 
3 
1 1341511587  
5 
3 
6 
1 490830688  
3 
3 
4 
1 909425104  
1 998772594  
4 
1 918763034  
6 
5 
1 1806016353  
5 
1 851025905  
5 
3 
2 
1 807259027  
5 
2 
5 
1 1552093903  
6 
6 
4 
4 
4 
3 
3 
5 
1 2136413730  
4 
5 
3 
4 
4 
3 
3 
6 
4 
4 
6 
6 
3 
1 1906935787  
1 763239159  
1 1669028810  
6 
2 
6 
1 1517434645  
3 
1 1756195856  
3 
4 
2 
5 
3 
6 
5 
2 
5 
1 1152323377  
6 
3 
6 
4 
5 
5 
2 
3 
5 
3 
2 
2 
1 699385337  
3 
5 
6 
6 
1 1643823723  
1 2102276078  
1 1909689554  
3 
1 1694014128  
1 835329782  
5 
3 
3 
6 
3 
1 990760716  
4 
1 846471692  
4 
5 
4 
3 
3 
3 
5 
4 
3 
6 
2 
6 
5 
1 1127727885  
5 
6 
6 
3 
5 
1 2022617300  
1 1659062587  
2 
6 
5 
4 
6 
5 
1 317398349  
4 
1 2967957  
2 
5 
1 276446109  
5 
3 
4 
3 
6 
4 
1 593226780  
3 
6 
3 
1 1344479544  
3 
4 
3 
3 
3 
5 
1 767276797  
2 
4 
2 
5 
5 
1 1502651884  
6 
3 
3 
6 
4 
6 
1 195768490  
1 1686039831  
2 
5 
6 
5 
6 
2 
5 
6 
2 
6 
6 
2 
2 
1 1161184589  
6 
4 
5 
2 
4 
5 
2 
2 
2 
6 
6 
5 
5 
5 
3 
3 
1 1046794396  
3 
6 
4 
3 
5 
4 
5 
2 
5 
5 
4 
2 
3 
4 
6 
3 
6 
3 
3 
3 
3 
5 
4 
3 
4 
2 
4 
1 345815210  
5 
6 
1 565794844  
3 
6 
5 
5 
1 1035724478  
2 
5 
1 105267350  
6 
3 
3 
3 
1 1329034003  
4 
3 
3 
6 
3 
6 
1 557269640  
6 
3 
5 
4 
6 
3 
6 
1 1622701995  
5 
3 
3 
5 
6 
2 
2 
5 
4 
6 
6 
5 
6 
3 
3 
6 
5 
4 
2 
4 
2 
5 
3 
6 
3 
3 
2 
4 
1 937746212  
3 
2 
5 
3 
6 
4 
3 
4 
1 1709593017  
6 
6 
2 
2 
3 
1 174603685  
4 
2 
6 
3 
5 
2 
6 
6 
5 
2 
2 
6 
3 
1 434086287  
4 
6 
6 
3 
2 
6 
3 
4 
5 
2 
6 
5 
6 
2 
1 1664385447  
3 
5 
4 
3 
6 
2 
3 
2 
3 
2 
5 
2 
2 
3 
2 
3 
5 
1 2084293239  
6 
2 
1 2128100415  
1 352231581  
3 
1 927570307  
4 
6 
2 
6 
6 
3 
3 
4 
5 
4 
2 
1 827088460  
4 
5 
2 
3 
5 
5 
2 
2 
3 
5 
5 
1 1479959467  
4 
6 
5 
5 
1 802703959  
6 
4 
2 
1 338667399  
6 
6 
4 
3 
2 
3 
3 
6 
5 
5 
6 
4 
2 
4 
4 
1 1797357816  
3 
3 
5 
6 
1 805671916  
5 
1 615113509  
3 
5 
1 243100948  
4 
3 
3 
5 
1 2667812  
5 
5 
5 
4 
5 
4 
3 
4 
6 
6 
3 
5 
5 
3 
6 
2 
3 
3 
6 
2 
4 
1 1382390306  
2 
4 
1 1745752832  
1 198436303  
5 
6 
3 
5 
1 920946490  
2 
5 
3 
5 
4 
6 
4 
1 759453774  
5 
3 
5 
1 1245230699  
6 
6 
6 
4 
6 
3 
1 1266761700  
6 
3 
2 
2 
6 
4 
5 
2 
1 1325248618  
4 
5 
1 133471529  
4 
5 
4 
3 
1 1372029050  
4 
6 
2 
5 
5 
4 
2 
2 
5 
6 
4 
1 506798974  
5 
4 
3 
3 
1 690741169  
4 
1 847247398  
1 1444545186  
2 
2 
1 252850539  
2 
2 
4 
1 1021851083  
3 
4 
1 1878631473  
6 
5 
3 
3 
6 
1 1917235986  
5 
5 
2 
1 958660674  
5 
6 
5 
2 
5 
5 
1 1859248241  
2 
2 
2 
4 
2 
6 
5 
2 
1 121983920  
6 
1 1886230982  
4 
1 538853053  
3 
4 
6 
5 
5 
1 1601943387  
5 
3 
2 
2 
2 
1 541451293  
3 
3 
4 
2 
5 
3 
3 
6 
2 
5 
3 
4 
5 
6 
5 
2 
1 877520452  
2 
2 
2 
6 
1 1251817555  
4 
2 
6 
4 
5 
5 
6 
2 
5 
1 1347123210  
1 1492633961  
1 1494918503  
2 
3 
1 1349791022  
4 
2 
4 
1 727540620  
5 
6 
2 
6 
2 
1 1093187687  
4 
6 
5 
2 
3 
3 
2 
2 
2 
6 
5 
1 1548227325  
4 
5 
4 
1 1648487110  
6 
2 
5 
3 
1 1852641461  
5 
4 
4 
2 
2 
5 
1 645974376  
3 
4 
5 
5 
3 
4 
4 
6 
4 
2 
1 767765162  
2 
2 
3 
3 
3 
6 
5 
6 
2 
3 
2 
3 
4 
3 
3 
1 1030406432  
1 779445905  
5 
6 
3 
1 2139794213  
4 
5 
4 
5 
1 1537205406  
5 
2 
2 
4 
1 1470187075  
1 839557963  
2 
4 
4 
6 
4 
4 
4 
3 
1 834266944  
3 
2 
2 
6 
6 
3 
2 
6 
6 
2 
5 
6 
5 
4 
2 
4 
4 
1 1723037614  
3 
2 
2 
6 
4 
3 
3 
1 1861409046  
3 
4 
1 565414769  
6 
1 1492789952  
5 
2 
2 
1 672586072  
5 
6 
4 
2 
4 
1 277179362  
6 
6 
3 
1 1614773872  
4 
1 411333406  
4 
1 816032415  
4 
3 
3 
4 
5 
1 1069233611  
2 
6 
6 
1 952784700  
1 1693552868  
2 
5 
4 
4 
4 
3 
2 
4 
6 
1 173567518  
1 152424262  
4 
5 
1 1038703181  
4 
1 1668486021  
2 
6 
4 
6 
5 
3 
4 
1 1502215284  
4 
3 
3 
2 
4 
3 
3 
6 
2 
3 
5 
4 
2 
3 
3 
4 
5 
1 1766243801  
4 
3 
2 
3 
4 
6 
4 
1 614190061  
2 
5 
3 
2 
3 
2 
4 
5 
3 
3 
6 
4 
6 
4 
2 
1 902958962  
3 
4 
2 
6 
4 
6 
2 
6 
1 1267247263  
6 
3 
2 
6 
5 
2 
3 
6 
6 
2 
6 
6 
6 
1 319347874  
5 
6 
4 
6 
3 
4 
6 
3 
6 
4 
6 
2 
4 
1 1548933338  
2 
4 
5 
4 
1 2035012426  
3 
5 
1 1349754306  
5 
2 
4 
2 
5 
6 
5 
1 180895596  
1 2027322991  
1 739476064  
2 
1 1651082671  
2 
3 
2 
6 
2 
3 
1 719397306  
6 
3 
6 
5 
1 1573743008  
5 
6 
4 
3 
4 
5 
4 
2 
5 
6 
1 1226636637  
5 
1 433322704  
2 
2 
4 
2 
3 
6 
5 
5 
4 
3 
4 
1 2139157778  
2 
3 
2 
1 571942941  
2 
1 1105908776  
6 
6 
2 
4 
2 
1 268853492  
5 
6 
1 39233166  
3 
6 
3 
4 
2 
2 
4 
1 1517242183  
2 
5 
1 1084885908  
5 
2 
1 1108466777  
6 
6 
6 
4 
2 
6 
3 
5 
2 
2 
3 
4 
6 
1 322543235  
1 630955128  
5 
1 1282034296  
4 
4 
3 
5 
4 
3 
3 
6 
1 474967497  
4 
2 
3 
3 
3 
1 1669658309  
4 
4 
3 
5 
2 
6 
3 
5 
4 
6 
6 
4 
6 
6 
5 
6 
2 
1 803036669  
5 
1 1977182781  
1 1288418463  
1 1417226730  
5 
4 
5 
3 
4 
4 
2 
3 
3 
6 
4 
5 
5 
5 
1 732658095  
3 
6 
5 
4 
6 
3 
4 
2 
1 408182078  
5 
2 
6 
3 
5 
2 
1 1736574605  
3 
2 
2 
6 
5 
5 
6 
1 134107786  
6 
6 
5 
6 
2 
1 295710856  
3 
2 
1 938845263  
5 
6 
4 
4 
4 
2 
4 
1 315003382  
1 175550199  
5 
1 1678321328  
6 
3 
4 
5 
6 
5 
6 
6 
4 
1 1966086053  
4 
4 
1 894947505  
6 
4 
4 
1 1104580688  
4 
3 
4 
2 
4 
2 
3 
1 1045239042  
5 
3 
5 
6 
2 
1 1328270209  
2 
6 
4 
4 
3 
5 
6 
1 1096254818  
2 
4 
1 1617181983  
1 286695338  
4 
5 
4 
2 
4 
6 
6 
4 
3 
5 
3 
1 1365108311  
3 
3 
1 1656415149  
6 
5 
2 
1 1803937521  
3 
2 
6 
3 
6 
5 
5 
6 
5 
2 
2 
5 
6 
3 
6 
6 
4 
4 
6 
1 302510571  
4 
6 
3 
3 
6 
4 
2 
2 
3 
1 617398279  
3 
5 
6 
3 
2 
3 
1 2126480756  
2 
5 
6 
5 
3 
5 
6 
5 
6 
2 
2 
4 
1 933465699  
5 
3 
5 
1 1899432575  
6 
3 
3 
4 
5 
4 
1 453964605  
4 
6 
3 
4 
4 
2 
4 
4 
4 
6 
1 455640360  
2 
4 
1 554985596  
1 283663738  
3 
2 
5 
2 
6 
6 
2 
5 
4 
2 
3 
2 
5 
4 
4 
5 
1 1744058823  
4 
3 
3 
4 
1 1972212327  
3 
5 
3 
2 
1 1016321834  
5 
6 
5 
6 
4 
6 
2 
6 
5 
4 
6 
2 
6 
3 
2 
1 4757254  
5 
6 
1 1561303284  
6 
1 1150429620  
4 
6 
6 
4 
4 
3 
6 
4 
2 
6 
4 
6 
3 
4 
3 
2 
2 
6 
2 
5 
1 300468110  
5 
4 
3 
3 
4 
4 
5 
3 
4 
1 352664899  
6 
6 
2 
6 
3 
3 
4 
4 
2 
4 
6 
6 
4 
3 
2 
2 
2 
6 
4 
1 1465433002  
5 
4 
5 
1 476018310  
3 
5 
5 
6 
6 
6 
6 
4 
4 
5 
3 
1 2030986227  
6 
5 
1 1284035407  
1 1370965815  
5 
1 988083268  
4 
3 
1 181790801  
2 
6 
4 
6 
1 551752377  
5 
6 
1 2084338086  
2 
2 
1 1798972784  
2 
6 
4 
2 
2 
1 838447715  
3 
2 
2 
2 
2 
3 
5 
3 
4 
2 
2 
3 
1 1301962749  
5 
6 
2 
5 
5 
4 
5 
3 
2 
5 
2 
6 
2 
4 
4 
6 
3 
1 1307904286  
4 
6 
3 
3 
3 
3 
3 
6 
5 
1 494901588  
4 
3 
5 
3 
1 1604473320  
4 
4 
5 
4 
3 
2 
1 1925302565  
5 
2 
1 473898696  
4 
5 
1 390455371  
6 
1 1677251492  
4 
6 
1 927863301  
6 
3 
3 
1 846095732  
4 
2 
3 
4 
6 
2 
1 84753440  
3 
6 
3 
5 
5 
2 
3 
6 
3 
2 
4 
3 
4 
4 
4 
6 
5 
3 
3 
4 
6 
2 
4 
3 
4 
4 
5 
4 
3 
3 
5 
6 
3 
1 1211527039  
3 
6 
5 
3 
5 
3 
6 
6 
1 442670907  
2 
1 2056965767  
6 
6 
2 
2 
4 
2 
6 
6 
5 
4 
3 
1 80365225  
5 
2 
5 
3 
6 
3 
6 
6 
2 
4 
4 
6 
2 
2 
6 
6 
3 
4 
6 
6 
3 
5 
4 
1 447428161  
5 
2 
4 
2 
5 
2 
6 
3 
2 
3 
1 1470785403  
1 1230794845  
5 
6 
2 
1 747896272  
4 
4 
4 
4 
5 
3 
4 
6 
3 
3 
6 
4 
5 
2 
4 
3 
4 
5 
1 1823450303  
2 
4 
6 
3 
4 
4 
5 
6 
2 
1 548744199  
2 
4 
5 
5 
4 
3 
2 
3 
3 
4 
1 1223914582  
5 
2 
1 1706952882  
3 
1 1832779606  
5 
5 
1 447396749  
4 
4 
2 
2 
3 
1 547552502  
2 
3 
6 
1 2014570407  
3 
4 
4 
4 
6 
3 
2 
3 
6 
1 999149126  
6 
2 
6 
2 
1 484406941  
2 
5 
3 
3 
4 
4 
4 
4 
3 
5 
3 
4 
5 
6 
2 
1 1666059544  
4 
3 
4 
1 1837596841  
5 
5 
5 
1 1786369690  
2 
6 
1 826480182  
2 
5 
6 
2 
2 
1 185014781  
5 
5 
2 
2 
3 
1 1243359363  
6 
2 
4 
2 
6 
3 
1 604299099  
2 
1 658913477  
5 
6 
3 
5 
4 
3 
4 
6 
2 
5 
3 
5 
6 
6 
3 
4 
4 
4 
5 
2 
6 
1 1633814734  
1 134066943  
6 
6 
2 
6 
1 1586776778  
1 332426818  
5 
1 218820383  
3 
1 650820170  
3 
1 775097726  
5 
2 
2 
6 
2 
5 
4 
4 
5 
6 
4 
4 
6 
1 128302503  
5 
3 
3 
5 
2 
6 
3 
6 
4 
1 731185395  
3 
2 
6 
4 
1 1222525887  
1 1599087906  
4 
4 
3 
3 
2 
5 
6 
5 
5 
1 1961980241  
5 
6 
6 
2 
3 
5 
2 
1 1970422159  
2 
2 
3 
3 
2 
3 
2 
4 
3 
2 
1 1275054561  
5 
6 
5 
5 
1 363240792  
1 1046853093  
6 
3 
3 
4 
3 
3 
4 
1 834523796  
5 
3 
5 
3 
3 
6 
3 
5 
2 
4 
2 
2 
2 
6 
1 48536751  
1 1494249843  
1 1382076298  
4 
1 2063107158  
4 
6 
6 
4 
3 
4 
3 
4 
1 345915321  
2 
3 
6 
1 1866483239  
4 
6 
5 
6 
6 
6 
3 
4 
1 1581683054  
1 36028515  
1 1505369282  
1 260679588  
1 221043296  
5 
5 
5 
5 
3 
5 
5 
5 
4 
1 601244997  
6 
4 
4 
4 
3 
4 
6 
5 
6 
6 
2 
2 
3 
3 
4 
4 
4 
2 
5 
6 
3 
6 
5 
4 
4 
1 864978687  
3 
6 
1 879956774  
6 
3 
4 
6 
4 
5 
6 
6 
5 
2 
1 87576083  
5 
5 
2 
3 
2 
5 
4 
5 
2 
4 
4 
2 
5 
1 999045630  
1 319249904  
6 
1 420002902  
6 
1 1217866014  
1 970070074  
3 
5 
1 1195100628  
5 
4 
2 
4 
6 
3 
6 
4 
4 
2 
4 
2 
3 
3 
5 
1 1346168517  
2 
5 
1 1701255470  
3 
1 270142867  
6 
3 
1 797772775  
2 
2 
6 
5 
3 
4 
5 
4 
3 
2 
3 
1 1515752063  
6 
1 93081379  
1 2072827337  
3 
6 
1 1878992855  
4 
6 
3 
2 
3 
4 
4 
6 
3 
3 
5 
5 
2 
4 
2 
3 
3 
5 
5 
1 1139934472  
6 
3 
3 
2 
4 
2 
1 759867485  
6 
1 1927529606  
2 
6 
4 
2 
5 
4 
4 
5 
2 
4 
6 
4 
2 
6 
1 486700667  
6 
2 
3 
3 
2 
2 
4 
5 
4 
2 
6 
2 
3 
2 
6 
4 
4 
6 
6 
2 
1 2141943783  
2 
1 1843153117  
5 
5 
1 832615989  
1 1860943375  
2 
4 
1 1277352523  
2 
6 
5 
3 
2 
4 
5 
6 
6 
6 
5 
4 
3 
2 
1 868644504  
6 
5 
1 1218829009  
6 
2 
4 
3 
3 
3 
2 
6 
2 
3 
1 1538032112  
6 
3 
4 
2 
1 1089687800  
2 
4 
1 1820074006  
3 
3 
1 255527151  
1 1969644574  
4 
6 
3 
2 
3 
4 
5 
4 
4 
5 
4 
3 
2 
6 
1 1907650089  
1 1254572782  
3 
4 
1 141410831  
3 
6 
2 
1 180169343  
6 
3 
4 
6 
6 
4 
3 
3 
3 
2 
1 324955148  
3 
2 
5 
6 
1 1111480905  
3 
1 1375269971  
1 1671123665  
1 665252727  
2 
4 
1 1645412839  
5 
6 
5 
6 
4 
2 
3 
3 
4 
5 
4 
5 
2 
4 
4 
4 
2 
6 
6 
6 
3 
6 
6 
2 
6 
5 
4 
5 
1 321412792  
2 
5 
3 
2 
4 
3 
2 
1 33521142  
3 
6 
5 
4 
4 
3 
1 1738494218  
1 246756481  
3 
5 
4 
4 
1 1912513998  
3 
3 
2 
1 730945042  
5 
2 
2 
6 
3 
4 
6 
3 
5 
1 1006623966  
4 
5 
6 
2 
1 1692559956  
6 
4 
1 1217645710  
2 
5 
5 
6 
4 
4 
1 1001084102  
1 1388229425  
3 
2 
6 
3 
3 
6 
3 
1 2050261699  
1 714543829  
3 
3 
6 
3 
1 518098301  
3 
5 
1 771422555  
5 
4 
5 
2 
1 1933372838  
6 
4 
4 
4 
4 
6 
5 
1 2056130413  
5 
5 
1 1861110355  
5 
3 
6 
5 
1 1605963196  
5 
6 
2 
3 
3 
5 
1 164173916  
5 
5 
3 
1 1683271282  
1 1366129637  
2 
6 
1 1418746698  
6 
4 
4 
5 
4 
6 
6 
2 
4 
5 
1 1824682113  
6 
2 
5 
3 
1 1546298981  
4 
4 
5 
5 
5 
3 
2 
2 
2 
6 
1 1743701846  
6 
5 
1 788679370  
6 
1 774085304  
6 
2 
5 
4 
2 
5 
5 
2 
3 
3 
2 
6 
1 1267341863  
2 
3 
3 
3 
6 
3 
4 
6 
2 
5 
1 1453932098  
3 
2 
4 
2 
2 
3 
2 
1 272014495  
6 
4 
3 
3 
1 1588754656  
3 
4 
5 
2 
3 
4 
4 
2 
5 
5 
1 1487453240  
6 
2 
4 
3 
5 
4 
2 
4 
4 
2 
6 
3 
1 2010508713  
4 
4 
3 
4 
6 
5 
4 
4 
5 
2 
2 
2 
2 
5 
3 
6 
2 
1 1835511137  
6 
2 
1 1252483590  
1 593970108  
2 
2 
6 
1 694651456  
5 
2 
1 797559899  
6 
3 
4 
1 1811615818  
5 
3 
5 
3 
3 
5 
3 
3 
1 1695735558  
3 
5 
4 
2 
6 
3 
4 
5 
1 38305676  
4 
5 
6 
6 
6 
5 
6 
6 
2 
2 
6 
5 
5 
6 
3 
3 
6 
3 
6 
3 
3 
1 1714393869  
1 262795739  
2 
2 
2 
4 
1 556403977  
6 
5 
1 338332776  
6 
6 
3 
6 
5 
2 
4 
2 
2 
5 
2 
2 
4 
2 
1 48684929  
6 
5 
2 
3 
4 
2 
3 
3 
4 
2 
2 
2 
3 
3 
1 465050742  
1 51959483  
4 
3 
4 
4 
2 
4 
6 
1 1654648125  
2 
2 
4 
3 
6 
2 
5 
5 
5 
3 
6 
3 
1 629224659  
6 
6 
4 
5 
6 
4 
4 
4 
5 
5 
2 
1 1735230765  
5 
2 
4 
1 873294114  
1 2047971357  
1 1412429230  
4 
4 
2 
5 
6 
5 
1 272109447  
3 
4 
3 
3 
1 1644189556  
3 
4 
5 
1 53624953  
5 
6 
2 
5 
2 
3 
2 
1 1046194752  
5 
2 
4 
5 
3 
6 
6 
2 
6 
4 
5 
1 764047771  
6 
2 
5 
4 
3 
3 
3 
4 
4 
2 
2 
6 
6 
1 1507557051  
1 1318209247  
1 205318779  
3 
2 
4 
5 
2 
3 
6 
6 
2 
6 
1 847526643  
2 
5 
3 
4 
5 
4 
1 1181234313  
5 
5 
2 
2 
3 
4 
3 
5 
2 
4 
4 
2 
4 
2 
2 
5 
2 
5 
6 
5 
6 
6 
5 
5 
2 
3 
4 
4 
4 
2 
2 
3 
6 
2 
5 
6 
3 
1 2040829917  
1 2100010234  
6 
1 1775204421  
5 
6 
2 
5 
3 
1 587997725  
3 
3 
2 
2 
6 
1 750086485  
4 
2 
3 
4 
2 
4 
1 1439336591  
1 136249635  
5 
6 
3 
1 788392161  
2 
4 
3 
6 
1 1006246812  
3 
2 
6 
5 
4 
5 
4 
2 
3 
5 
3 
3 
2 
5 
3 
4 
2 
2 
6 
4 
3 
3 
1 399045374  
3 
6 
3 
5 
2 
6 
3 
1 1344796139  
2 
5 
4 
6 
5 
2 
3 
3 
1 1344579588  
3 
4 
5 
2 
2 
5 
5 
3 
4 
2 
1 447730303  
5 
6 
6 
5 
6 
3 
2 
1 1809846881  
4 
1 1396539071  
1 2102378428  
4 
3 
1 291587892  
5 
2 
1 984286189  
6 
3 
4 
3 
2 
5 
5 
2 
3 
6 
5 
1 828188894  
3 
3 
2 
6 
4 
3 
6 
2 
4 
2 
5 
1 192075602  
3 
1 249231771  
5 
2 
6 
3 
5 
1 1100298342  
1 1836265158  
5 
3 
5 
3 
3 
4 
1 302856724  
6 
6 
1 2146493094  
5 
2 
1 452829281  
4 
2 
2 
5 
1 1810413775  
3 
4 
1 1317218693  
5 
1 658148061  
1 510456771  
2 
4 
6 
1 350969358  
2 
5 
4 
2 
5 
1 551494330  
4 
6 
5 
3 
1 462983357  
4 
2 
2 
5 
4 
2 
5 
5 
1 2126173779  
1 1139492055  
6 
6 
4 
5 
2 
2 
4 
1 1213069842  
1 1418026722  
4 
2 
4 
3 
5 
2 
3 
3 
2 
6 
3 
2 
2 
2 
6 
5 
5 
6 
6 
2 
1 1275741690  
1 2001462003  
1 276789886  
3 
3 
3 
5 
1 1674787064  
2 
4 
3 
5 
3 
2 
1 1198774494  
5 
2 
4 
5 
5 
4 
4 
3 
1 1621369474  
6 
3 
1 2122517367  
1 861137728  
3 
2 
2 
5 
2 
2 
4 
2 
5 
3 
5 
2 
5 
6 
5 
1 870424898  
6 
4 
6 
4 
5 
3 
4 
6 
3 
5 
2 
2 
3 
6 
1 2077412147  
1 1152725620  
2 
3 
3 
6 
5 
1 1854711087  
2 
2 
3 
6 
2 
3 
4 
2 
4 
4 
3 
3 
4 
4 
2 
5 
4 
4 
3 
4 
3 
5 
4 
5 
6 
3 
6 
6 
6 
2 
1 758117393  
2 
4 
4 
1 1344801222  
2 
1 2103942858  
5 
3 
2 
5 
5 
1 1858415735  
5 
1 1033582732  
1 259315935  
3 
4 
2 
2 
4 
5 
3 
3 
1 1857425181  
4 
6 
6 
3 
6 
6 
2 
3 
6 
1 1486412014  
2 
6 
3 
6 
4 
1 2069729710  
6 
5 
6 
1 1027160227  
4 
1 2144560075  
5 
2 
3 
5 
6 
5 
1 432702833  
6 
5 
3 
4 
5 
5 
2 
2 
5 
6 
4 
3 
1 1378129585  
5 
3 
4 
5 
3 
1 548570757  
6 
6 
1 895686190  
1 1356819717  
6 
1 1688062812  
4 
3 
3 
6 
5 
2 
3 
5 
6 
6 
6 
4 
4 
1 2108756032  
1 627362791  
4 
4 
4 
4 
2 
5 
4 
5 
1 816320854  
5 
5 
1 1962734388  
6 
3 
3 
3 
3 
1 904152678  
4 
2 
6 
6 
6 
4 
2 
2 
3 
3 
4 
2 
3 
3 
6 
1 343624270  
5 
3 
5 
2 
5 
1 1014025234  
3 
3 
3 
5 
2 
6 
3 
1 378038504  
2 
2 
2 
3 
6 
4 
2 
3 
3 
5 
2 
6 
6 
3 
3 
6 
2 
3 
5 
1 318657989  
1 1875162962  
1 1248463402  
6 
6 
4 
1 248586488  
5 
5 
5 
4 
4 
5 
1 880404935  
4 
2 
3 
5 
2 
1 955690841  
6 
5 
3 
3 
2 
3 
1 1006703881  
5 
4 
6 
4 
6 
6 
2 
4 
2 
2 
2 
3 
1 77722509  
5 
4 
4 
4 
3 
2 
5 
2 
5 
3 
3 
4 
4 
5 
1 912150052  
5 
3 
4 
3 
4 
1 717635969  
3 
3 
4 
4 
4 
2 
2 
1 1111305242  
5 
3 
1 1171465987  
3 
3 
2 
1 427577502  
5 
3 
1 450233608  
1 1093712049  
5 
5 
5 
2 
4 
2 
6 
1 1454737729  
2 
2 
3 
2 
5 
4 
2 
3 
6 
3 
5 
5 
6 
4 
4 
5 
2 
4 
1 447310035  
6 
4 
4 
2 
3 
2 
3 
1 1526414883  
3 
3 
6 
4 
4 
4 
1 685383667  
3 
5 
5 
2 
4 
4 
2 
2 
3 
4 
1 995880792  
2 
2 
6 
5 
6 
2 
6 
4 
3 
6 
6 
3 
4 
4 
4 
4 
6 
5 
5 
3 
2 
5 
2 
1 274617425  
5 
4 
3 
5 
1 2042203384  
6 
5 
6 
5 
3 
4 
4 
1 536459956  
6 
4 
1 235889810  
4 
2 
3 
6 
2 
1 522082527  
2 
4 
3 
1 1352780810  
3 
3 
4 
2 
1 51140550  
4 
1 1426235205  
3 
6 
6 
3 
1 1696405080  
2 
3 
4 
6 
6 
5 
3 
5 
2 
4 
2 
3 
5 
6 
6 
2 
4 
5 
6 
2 
3 
2 
5 
5 
2 
6 
6 
1 1065165784  
3 
1 1804273710  
5 
2 
6 
3 
2 
3 
4 
2 
2 
5 
2 
6 
1 2015063069  
1 792845099  
3 
2 
1 905253464  
1 116165909  
6 
5 
3 
6 
6 
1 1673250034  
5 
6 
6 
2 
1 1860944306  
4 
5 
3 
4 
6 
3 
4 
5 
6 
5 
3 
1 1122869790  
2 
5 
6 
6 
4 
4 
5 
2 
5 
1 1750972543  
4 
5 
3 
3 
3 
4 
5 
1 625610710  
2 
4 
6 
2 
1 1840505759  
4 
6 
4 
5 
5 
5 
4 
2 
2 
3 
4 
4 
1 714794137  
5 
1 1797076697  
6 
3 
1 120599614  
6 
3 
5 
4 
1 1165027745  
3 
5 
2 
2 
4 
5 
2 
5 
1 743305098  
2 
4 
3 
2 
2 
2 
5 
2 
3 
3 
2 
6 
2 
1 1575337343  
3 
4 
5 
3 
5 
2 
1 1612337780  
3 
5 
4 
1 122236333  
6 
3 
3 
3 
4 
6 
4 
4 
3 
6 
3 
1 113237362  
3 
3 
1 460734924  
5 
5 
4 
5 
2 
1 396853759  
1 7957098  
4 
4 
5 
6 
2 
2 
6 
1 997194880  
1 632743569  
5 
2 
2 
4 
4 
4 
6 
5 
5 
4 
5 
3 
2 
5 
2 
3 
5 
2 
4 
6 
4 
4 
6 
2 
3 
5 
3 
5 
4 
3 
5 
1 530039626  
6 
4 
2 
1 202492042  
5 
6 
4 
4 
2 
3 
3 
6 
4 
4 
5 
3 
5 
6 
5 
6 
5 
2 
6 
3 
2 
5 
6 
6 
4 
3 
2 
3 
4 
2 
4 
3 
6 
4 
5 
1 683884119  
4 
3 
3 
4 
1 1956274831  
1 1898897122  
4 
1 1749049903  
2 
1 1613064893  
6 
1 1766476543  
4 
1 394411354  
3 
6 
3 
5 
6 
1 370834710  
2 
6 
4 
2 
1 1882642452  
6 
4 
3 
6 
4 
2 
4 
3 
4 
1 2067661388  
1 84295368  
2 
5 
3 
2 
5 
4 
4 
2 
1 858028595  
2 
2 
6 
1 1671150284  
6 
2 
2 
4 
4 
2 
2 
5 
6 
2 
2 
4 
3 
2 
4 
4 
5 
6 
6 
6 
2 
3 
4 
6 
6 
4 
6 
2 
1 709906078  
3 
5 
4 
5 
2 
4 
4 
6 
5 
3 
5 
4 
6 
2 
2 
4 
4 
5 
5 
4 
6 
3 
2 
4 
1 551050706  
1 238460773  
5 
1 359499127  
2 
5 
1 671650320  
4 
5 
6 
2 
3 
3 
5 
2 
6 
1 1403488519  
4 
4 
1 1102804225  
2 
2 
3 
5 
6 
2 
2 
4 
1 99504016  
1 868342651  
4 
2 
2 
2 
2 
5 
3 
2 
1 1225040559  
1 212741378  
1 1329077576  
1 1621894318  
5 
4 
6 
2 
5 
4 
1 220698477  
3 
4 
4 
1 178788808  
4 
2 
1 107154239  
1 750738103  
3 
5 
4 
1 381280851  
6 
2 
6 
1 791038358  
6 
5 
1 559529286  
1 132694325  
6 
1 392604613  
5 
2 
2 
3 
5 
3 
1 25110532  
3 
1 1899170869  
1 787015968  
5 
1 395945242  
3 
1 1634329673  
5 
5 
6 
6 
4 
4 
3 
1 707193708  
1 480240610  
3 
5 
3 
1 344874620  
6 
5 
6 
2 
5 
6 
2 
4 
3 
1 230860344  
3 
4 
1 1190146688  
3 
4 
5 
3 
4 
3 
4 
5 
1 895925327  
5 
5 
5 
6 
5 
6 
5 
1 469321118  
2 
2 
6 
3 
5 
1 1549645815  
3 
6 
4 
6 
4 
3 
5 
2 
1 1567575647  
3 
5 
4 
4 
2 
3 
4 
4 
5 
2 
4 
5 
6 
2 
6 
6 
2 
6 
3 
1 1872809637  
6 
3 
3 
3 
1 504966392  
2 
1 1667079663  
1 593668640  
2 
4 
6 
4 
4 
6 
2 
3 
4 
1 1730006951  
5 
5 
4 
2 
2 
1 1879821042  
3 
1 1922746216  
4 
4 
1 1204417621  
2 
1 2100519519  
6 
5 
2 
4 
4 
5 
1 2101535025  
6 
6 
5 
1 1311571860  
4 
2 
6 
5 
4 
4 
5 
6 
5 
4 
1 703773974  
3 
1 335332228  
1 2102610218  
2 
2 
1 1263303260  
6 
2 
3 
2 
2 
6 
2 
2 
4 
5 
2 
6 
6 
3 
4 
5 
2 
6 
5 
1 468026553  
6 
2 
6 
1 347731184  
4 
4 
3 
4 
5 
2 
6 
2 
1 1288413792  
2 
6 
3 
5 
1 219713774  
4 
5 
4 
3 
5 
1 1134747152  
2 
6 
4 
1 1684359034  
2 
2 
3 
6 
1 1854043448  
1 1841940860  
2 
4 
2 
4 
2 
3 
5 
2 
3 
3 
2 
5 
2 
3 
4 
6 
6 
5 
1 17115996  
4 
2 
1 51434420  
4 
1 2072801205  
4 
1 1207262684  
3 
4 
1 947359747  
5 
4 
3 
5 
4 
5 
6 
3 
2 
2 
1 394638675  
6 
3 
6 
1 609424851  
2 
4 
1 367451747  
4 
1 119964664  
2 
2 
5 
1 1114391244  
5 
5 
6 
4 
6 
3 
6 
2 
2 
4 
6 
1 2034531410  
6 
4 
5 
3 
6 
5 
5 
1 713633304  
4 
2 
6 
1 696914547  
1 1766868804  
2 
3 
1 488895873  
1 1901332169  
2 
3 
5 
2 
4 
3 
2 
4 
1 1719904675  
6 
5 
6 
4 
4 
2 
6 
1 442947250  
6 
6 
1 1065420381  
3 
1 276195001  
6 
2 
3 
4 
4 
6 
3 
1 778279478  
2 
5 
6 
3 
1 1020546952  
2 
4 
4 
3 
6 
3 
1 1539498262  
3 
2 
6 
5 
2 
4 
4 
4 
5 
5 
5 
2 
2 
4 
3 
1 1246306031  
3 
1 1368278136  
2 
3 
6 
4 
2 
3 
5 
2 
2 
6 
2 
2 
3 
2 
2 
4 
1 680428406  
2 
1 1466019806  
3 
1 355541640  
5 
3 
6 
6 
2 
3 
2 
2 
5 
2 
5 
1 217303793  
3 
6 
4 
4 
3 
4 
5 
3 
3 
4 
2 
1 1172579606  
4 
1 49998852  
6 
4 
2 
2 
6 
1 234419789  
1 1224014026  
1 2122800057  
2 
5 
1 1441682474  
4 
2 
6 
1 23890126  
5 
4 
3 
2 
1 369955084  
6 
2 
6 
6 
2 
4 
3 
1 2051107325  
2 
1 391341873  
5 
5 
2 
2 
1 489919748  
3 
6 
4 
5 
5 
1 1018014921  
3 
6 
6 
5 
6 
6 
1 278389635  
2 
2 
2 
3 
5 
5 
3 
3 
2 
6 
4 
1 1203553053  
4 
1 1714929469  
2 
1 2045258440  
5 
1 1692448926  
4 
5 
4 
4 
1 1468777990  
1 1617679467  
3 
3 
2 
6 
2 
3 
4 
6 
6 
6 
1 2135396176  
6 
3 
2 
6 
2 
2 
2 
5 
2 
6 
5 
3 
2 
5 
1 386714723  
4 
1 1893874469  
2 
5 
2 
5 
4 
2 
2 
3 
6 
1 766192006  
5 
1 1407261675  
2 
5 
5 
3 
3 
6 
1 1285889083  
4 
6 
6 
5 
2 
6 
1 2012498037  
2 
2 
3 
1 628056163  
3 
3 
6 
6 
5 
6 
3 
6 
4 
1 1966317489  
6 
3 
5 
3 
1 1331034195  
3 
2 
5 
4 
4 
1 983597803  
4 
6 
3 
5 
5 
2 
5 
5 
5 
2 
4 
2 
3 
5 
6 
5 
6 
1 36137634  
6 
4 
6 
5 
3 
3 
2 
1 356130153  
2 
4 
3 
2 
3 
5 
3 
3 
5 
1 1033596656  
6 
6 
3 
5 
4 
3 
2 
5 
2 
4 
5 
2 
5 
6 
5 
3 
2 
2 
2 
2 
6 
4 
3 
6 
6 
5 
2 
4 
2 
4 
2 
6 
5 
2 
4 
6 
1 270557424  
1 1580144180  
2 
2 
5 
5 
5 
3 
1 1008913065  
4 
6 
4 
2 
5 
6 
4 
3 
5 
1 1712239898  
1 1604034306  
2 
4 
4 
4 
6 
5 
5 
6 
3 
1 1378868150  
2 
2 
4 
1 1615863575  
1 1995376179  
6 
4 
2 
3 
1 1868787898  
2 
6 
2 
3 
3 
6 
3 
4 
4 
3 
3 
2 
4 
6 
3 
1 486394849  
4 
5 
1 126282166  
1 924857303  
6 
4 
1 53840670  
2 
3 
1 24056958  
4 
2 
4 
3 
1 469822581  
4 
3 
2 
2 
1 1522618660  
5 
6 
3 
3 
4 
6 
6 
2 
5 
3 
4 
2 
2 
1 1641736426  
4 
6 
6 
4 
5 
5 
5 
1 457735109  
5 
2 
6 
6 
6 
6 
2 
2 
4 
1 1909333383  
6 
1 1388127247  
3 
5 
2 
6 
4 
4 
4 
3 
3 
1 1223927115  
3 
5 
2 
4 
4 
1 1169111411  
3 
5 
2 
4 
1 526532682  
4 
5 
3 
4 
6 
6 
1 1088941505  
2 
3 
1 1797167574  
3 
6 
2 
3 
3 
5 
6 
6 
1 345366523  
4 
1 272492052  
6 
6 
5 
3 
6 
2 
1 633281730  
4 
3 
5 
6 
5 
6 
2 
5 
4 
1 381504158  
1 628622206  
4 
3 
5 
5 
5 
6 
4 
4 
3 
5 
5 
2 
6 
1 1666878386  
5 
6 
6 
5 
5 
5 
3 
1 652061582  
5 
6 
1 61282738  
2 
3 
6 
5 
4 
3 
5 
2 
1 528307803  
4 
5 
2 
6 
2 
1 216817832  
1 1665317044  
3 
4 
4 
4 
1 1907175953  
1 1832681407  
4 
1 1513209575  
5 
5 
5 
3 
1 1628480204  
2 
4 
4 
3 
6 
3 
3 
5 
6 
1 171592608  
1 1639491741  
5 
2 
1 405853859  
5 
6 
5 
6 
1 225433278  
2 
1 1663548700  
4 
4 
4 
2 
2 
3 
1 875676441  
5 
5 
6 
2 
3 
1 1748051938  
3 
2 
3 
2 
2 
5 
3 
2 
4 
1 1157801478  
1 1333411550  
1 1509901674  
1 398445077  
6 
2 
5 
6 
2 
2 
6 
1 409855018  
4 
4 
5 
3 
5 
5 
6 
1 531529437  
5 
5 
6 
1 924977759  
5 
4 
2 
2 
6 
2 
1 1498796523  
1 181213363  
4 
5 
4 
4 
6 
5 
4 
5 
2 
4 
5 
2 
4 
1 1270344282  
4 
1 1771288575  
4 
2 
4 
1 814495093  
5 
4 
6 
3 
4 
1 1651848440  
2 
5 
2 
6 
3 
3 
1 252427133  
5 
6 
4 
4 
3 
3 
2 
1 333889831  
3 
1 156426374  
2 
2 
2 
3 
3 
6 
5 
6 
1 313709871  
3 
3 
1 862197635  
3 
6 
1 373244206  
5 
5 
5 
2 
1 1979026915  
2 
6 
2 
3 
2 
2 
3 
2 
6 
5 
5 
1 621889940  
3 
2 
6 
1 58441966  
1 1344752842  
1 102886496  
5 
5 
6 
4 
1 230034574  
5 
6 
3 
2 
4 
6 
4 
5 
2 
4 
2 
4 
5 
5 
3 
6 
6 
2 
3 
4 
2 
1 836760936  
5 
6 
6 
5 
6 
2 
6 
3 
6 
2 
2 
3 
6 
1 508740356  
4 
4 
2 
5 
2 
4 
3 
2 
2 
5 
6 
2 
2 
6 
6 
6 
1 455467853  
6 
2 
5 
3 
6 
6 
6 
2 
2 
3 
4 
5 
4 
6 
5 
3 
6 
1 352825988  
6 
5 
6 
1 1384416797  
4 
2 
4 
1 56036143  
3 
2 
5 
1 1510627466  
2 
4 
4 
4 
4 
3 
1 570344699  
3 
3 
2 
3 
4 
2 
4 
5 
4 
3 
2 
1 1565937817  
6 
3 
1 1909072543  
4 
4 
2 
4 
6 
5 
2 
5 
3 
5 
5 
6 
3 
4 
4 
1 980199717  
6 
3 
2 
6 
4 
4 
3 
4 
6 
3 
6 
6 
3 
3 
1 2097467254  
6 
4 
5 
1 686566654  
5 
2 
3 
5 
1 331512592  
1 131196970  
1 1956910936  
3 
4 
3 
5 
4 
3 
4 
3 
1 2102801168  
4 
4 
3 
2 
4 
1 945692063  
6 
6 
2 
5 
6 
4 
3 
4 
4 
5 
5 
2 
2 
2 
1 1461275729  
4 
6 
5 
5 
3 
3 
5 
3 
5 
3 
6 
2 
5 
4 
4 
4 
3 
3 
1 207744653  
1 1279581895  
6 
4 
3 
2 
3 
3 
4 
3 
1 1617702103  
5 
2 
5 
3 
6 
4 
5 
6 
6 
4 
3 
4 
4 
3 
1 521454525  
3 
6 
6 
6 
5 
3 
4 
3 
5 
5 
6 
3 
5 
2 
1 2141779530  
2 
3 
4 
3 
5 
3 
5 
1 1990946310  
2 
5 
6 
1 352997792  
4 
5 
2 
4 
4 
2 
1 616185822  
5 
5 
2 
2 
6 
2 
4 
4 
2 
6 
5 
4 
3 
2 
4 
3 
6 
6 
6 
5 
2 
3 
4 
2 
6 
2 
5 
5 
3 
2 
1 2049388276  
5 
4 
6 
5 
4 
4 
3 
3 
5 
1 1697750635  
2 
2 
3 
1 719072319  
2 
3 
3 
1 131939202  
5 
6 
4 
3 
1 387027923  
5 
6 
5 
4 
1 1227812675  
2 
5 
4 
1 587407055  
3 
1 739853911  
6 
4 
1 464745824  
4 
1 643443199  
1 102997729  
2 
5 
4 
1 1035090523  
4 
6 
4 
4 
4 
4 
6 
5 
2 
2 
3 
3 
3 
6 
6 
6 
1 61897368  
6 
2 
6 
5 
6 
3 
4 
2 
1 2012070272  
4 
4 
4 
6 
5 
2 
1 2015290241  
1 11880975  
2 
4 
3 
2 
5 
6 
2 
1 551153278  
1 199319185  
2 
1 143077945  
6 
1 360580566  
6 
3 
5 
1 154636705  
5 
4 
4 
1 1088770008  
1 1821856295  
6 
6 
1 362381359  
5 
3 
3 
2 
3 
5 
4 
3 
2 
3 
6 
6 
6 
5 
5 
2 
1 220868255  
4 
5 
3 
4 
3 
5 
2 
3 
5 
2 
2 
5 
3 
4 
6 
6 
6 
6 
4 
5 
4 
6 
3 
5 
1 1292074751  
6 
5 
3 
1 883835884  
2 
1 215164137  
4 
2 
6 
1 1135537413  
5 
5 
3 
5 
3 
5 
1 1236833676  
5 
5 
3 
1 831349960  
6 
6 
4 
3 
5 
4 
4 
3 
4 
1 1037442041  
3 
2 
2 
6 
2 
6 
6 
3 
6 
3 
5 
4 
3 
2 
6 
2 
4 
4 
2 
5 
6 
3 
1 787100663  
2 
6 
6 
2 
5 
5 
5 
3 
5 
6 
4 
4 
3 
1 1550422279  
2 
6 
1 1169381243  
5 
2 
3 
6 
1 1174128586  
5 
3 
6 
1 630751306  
1 1756788299  
2 
3 
4 
2 
1 1913982497  
5 
2 
6 
4 
4 
5 
5 
6 
1 1095497130  
5 
5 
1 252747850  
6 
5 
6 
2 
4 
5 
1 2016980226  
6 
6 
2 
6 
1 2130587653  
6 
2 
6 
6 
2 
3 
6 
2 
5 
1 314645218  
6 
2 
4 
6 
3 
1 1881566850  
2 
2 
3 
2 
5 
2 
6 
1 1998394246  
2 
4 
4 
2 
4 
2 
4 
5 
1 326526193  
2 
4 
2 
1 285236480  
6 
4 
4 
6 
2 
1 50229784  
5 
3 
2 
1 469604138  
3 
1 645817047  
3 
5 
3 
5 
4 
3 
6 
2 
4 
1 204866489  
3 
4 
4 
2 
1 1558374147  
5 
3 
4 
3 
4 
1 320189694  
5 
4 
6 
5 
5 
1 567247848  
2 
1 1779242402  
3 
1 1612264445  
4 
5 
4 
1 1451083732  
4 
5 
2 
1 1994406540  
4 
1 600318210  
4 
6 
1 540433761  
3 
3 
4 
6 
2 
6 
6 
4 
1 678272852  
1 1637760251  
6 
5 
1 1327534424  
1 81211483  
5 
2 
2 
1 659657847  
6 
1 354179363  
3 
4 
1 711962789  
1 268962498  
1 120678212  
4 
5 
4 
5 
3 
3 
2 
1 1807459919  
3 
1 521710348  
4 
3 
4 
3 
3 
2 
1 2137658439  
5 
3 
2 
6 
6 
3 
2 
3 
6 
2 
5 
1 1790563924  
3 
5 
3 
5 
5 
2 
3 
1 836355566  
4 
6 
4 
4 
5 
3 
6 
2 
6 
1 1871741641  
6 
2 
1 1641474523  
6 
2 
4 
1 1162881760  
6 
5 
4 
4 
6 
1 9494474  
6 
5 
3 
1 1691704307  
1 1632485898  
5 
1 655311521  
6 
5 
3 
5 
6 
3 
2 
5 
3 
6 
1 1896570796  
5 
4 
6 
4 
5 
2 
5 
4 
3 
1 1043376397  
3 
1 975501215  
6 
1 316334997  
5 
1 675135152  
1 440282013  
4 
2 
5 
3 
2 
1 1767418729  
1 522058044  
3 
2 
2 
6 
6 
1 1040600223  
5 
6 
4 
4 
5 
3 
2 
2 
1 160368842  
6 
1 1200330896  
5 
5 
1 530876827  
5 
1 1487903267  
5 
1 1281542379  
5 
5 
6 
4 
6 
1 1190534674  
5 
3 
6 
5 
3 
6 
2 
6 
2 
5 
5 
2 
5 
6 
1 1842082630  
3 
1 1993505168  
4 
5 
1 1459497172  
1 1962760842  
4 
1 1653481439  
4 
5 
1 1981207520  
4 
5 
5 
1 1952935633  
6 
2 
5 
5 
5 
1 1296561715  
1 670079438  
5 
2 
4 
3 
2 
5 
6 
2 
6 
5 
3 
1 1677193627  
3 
6 
4 
4 
1 790552590  
3 
1 1832961198  
1 1686688101  
4 
1 334773249  
6 
2 
3 
3 
3 
3 
4 
3 
5 
1 1317963449  
4 
3 
1 194515974  
4 
4 
5 
1 83860398  
3 
6 
6 
2 
5 
1 213856198  
2 
3 
1 1170017189  
6 
1 400195395  
3 
1 888991350  
4 
6 
3 
2 
3 
3 
1 1610299202  
4 
2 
1 20130476  
3 
2 
2 
3 
6 
5 
2 
1 1411049394  
5 
3 
3 
2 
3 
5 
1 503415778  
5 
5 
2 
2 
5 
5 
5 
2 
6 
3 
4 
5 
2 
4 
5 
3 
6 
3 
4 
2 
4 
5 
4 
1 180499319  
4 
5 
2 
5 
1 463896642  
2 
5 
1 1034292605  
4 
5 
6 
4 
4 
6 
2 
2 
1 1668402586  
6 
5 
2 
4 
3 
1 1745439021  
6 
3 
5 
2 
2 
6 
1 77343631  
4 
1 1363001568  
4 
4 
1 1591460541  
1 1536840803  
4 
2 
4 
5 
4 
4 
3 
6 
6 
6 
1 1178278762  
6 
3 
2 
5 
3 
2 
4 
6 
5 
1 1097458332  
4 
6 
1 1370564675  
2 
2 
2 
3 
1 983730748  
1 246536400  
2 
3 
1 2040644113  
2 
6 
4 
2 
1 513440727  
4 
1 1037088990  
4 
1 1726121664  
4 
6 
5 
1 52645180  
2 
1 1371862240  
5 
6 
5 
6 
1 896601465  
1 247161154  
3 
2 
1 1455722638  
1 1110457663  
5 
3 
3 
2 
3 
1 1417178343  
2 
2 
2 
2 
2 
5 
2 
4 
3 
1 1855918033  
4 
1 1999449014  
5 
6 
2 
5 
6 
5 
6 
3 
2 
5 
6 
3 
3 
3 
4 
2 
2 
1 879993898  
1 1876048509  
5 
3 
6 
1 1263014760  
3 
3 
3 
5 
2 
3 
5 
6 
1 1383409676  
1 2056547828  
2 
6 
5 
2 
4 
1 1726911403  
5 
3 
6 
2 
2 
3 
2 
2 
2 
4 
1 270218633  
4 
2 
1 1577466766  
3 
6 
1 1324866776  
5 
5 
1 347562264  
4 
2 
3 
1 792984686  
4 
6 
6 
1 768843670  
2 
6 
2 
4 
4 
4 
2 
3 
3 
3 
4 
6 
6 
3 
1 1884403067  
3 
5 
1 1971263449  
3 
6 
6 
2 
3 
3 
6 
5 
2 
2 
4 
5 
3 
2 
1 1866302002  
4 
5 
3 
1 1107484094  
2 
6 
5 
2 
2 
1 807510549  
4 
1 2112838402  
5 
1 1000644559  
4 
6 
3 
2 
3 
5 
5 
4 
3 
6 
4 
6 
6 
4 
4 
3 
6 
3 
4 
2 
1 1320951276  
6 
3 
5 
2 
5 
4 
6 
4 
2 
2 
3 
1 1002443745  
4 
4 
4 
4 
5 
2 
2 
6 
5 
5 
4 
5 
6 
3 
2 
5 
2 
1 579282575  
3 
4 
3 
1 1373596456  
2 
6 
1 226822337  
1 1475884040  
4 
1 1620757610  
3 
6 
6 
5 
1 1682544975  
1 438858056  
3 
6 
5 
5 
6 
1 890452305  
3 
4 
4 
5 
3 
3 
3 
2 
4 
4 
1 1390979360  
6 
3 
3 
5 
1 290823422  
4 
4 
3 
3 
6 
6 
4 
2 
2 
4 
1 1770446203  
5 
1 1119544221  
4 
3 
6 
5 
2 
6 
2 
6 
2 
4 
6 
2 
5 
6 
6 
5 
2 
4 
2 
5 
6 
6 
1 1553838182  
5 
4 
5 
5 
6 
6 
2 
6 
5 
5 
5 
4 
4 
6 
3 
5 
6 
1 1006372231  
4 
4 
5 
3 
1 1028608402  
4 
6 
4 
2 
6 
3 
1 1133265937  
1 1276590864  
1 458591520  
3 
2 
4 
4 
4 
1 310649066  
3 
5 
3 
4 
4 
5 
1 1624153128  
6 
3 
4 
2 
5 
6 
1 1251576207  
6 
2 
5 
6 
2 
2 
5 
3 
2 
4 
5 
3 
2 
2 
4 
1 1079492736  
5 
3 
6 
4 
1 1361072547  
6 
6 
2 
5 
1 1075356008  
5 
3 
3 
4 
4 
3 
4 
6 
2 
1 798311090  
5 
4 
6 
3 
2 
4 
5 
2 
4 
1 321072993  
4 
3 
3 
4 
2 
2 
1 1882866557  
1 763665845  
5 
2 
3 
1 1321717553  
3 
2 
6 
2 
2 
4 
6 
1 1056334185  
1 1766109590  
5 
4 
2 
4 
1 1901000128  
3 
2 
2 
2 
6 
4 
4 
3 
5 
6 
1 282446993  
1 1992931927  
2 
3 
4 
4 
5 
6 
6 
4 
3 
5 
1 1229400521  
2 
2 
4 
3 
5 
6 
1 1903204603  
1 1527993254  
3 
6 
5 
1 1668258577  
5 
3 
3 
2 
5 
1 646173260  
1 771488966  
5 
5 
2 
2 
6 
2 
1 1959081999  
6 
4 
4 
5 
6 
5 
3 
1 269135816  
4 
4 
4 
2 
1 1891033187  
6 
3 
5 
2 
5 
1 1365436533  
3 
4 
3 
1 1275508047  
5 
2 
6 
4 
1 772157941  
3 
3 
2 
3 
1 351218823  
5 
3 
1 404615264  
4 
4 
4 
3 
2 
4 
1 1230749462  
5 
6 
6 
1 661867889  
2 
3 
2 
1 2028768392  
6 
2 
5 
1 334842021  
3 
6 
5 
1 1741360625  
4 
6 
5 
3 
1 1242357292  
5 
3 
1 1410198029  
3 
6 
4 
4 
6 
6 
1 392188067  
3 
5 
4 
4 
3 
1 1563430285  
1 1145580938  
1 1155853912  
2 
2 
1 737664190  
1 54431475  
2 
2 
3 
1 774479854  
5 
6 
5 
3 
3 
1 491180671  
6 
3 
5 
5 
2 
2 
6 
1 336878468  
1 619928133  
6 
3 
2 
1 1720581192  
1 92599423  
4 
4 
3 
3 
6 
2 
3 
2 
1 437739  
3 
3 
3 
5 
6 
1 1241356121  
3 
5 
3 
1 738772683  
2 
3 
3 
4 
5 
5 
2 
4 
4 
1 771926705  
4 
6 
2 
6 
3 
6 
6 
5 
2 
6 
6 
1 1052954472  
4 
2 
1 1007908499  
5 
5 
3 
4 
4 
1 515476245  
2 
1 270907357  
6 
1 135932899  
6 
6 
1 1287634186  
3 
3 
2 
2 
5 
3 
2 
3 
4 
3 
1 622126180  
1 540548163  
3 
3 
1 370900000  
5 
5 
6 
1 1283994069  
2 
5 
3 
3 
1 421832907  
6 
2 
5 
3 
4 
5 
3 
2 
4 
3 
2 
1 705742021  
2 
3 
1 877871046  
5 
3 
3 
2 
5 
6 
2 
4 
2 
2 
6 
3 
5 
3 
6 
6 
4 
3 
6 
6 
1 1664190199  
2 
5 
2 
2 
3 
5 
4 
3 
2 
3 
6 
2 
1 2115940050  
4 
2 
1 1270059114  
2 
2 
4 
5 
6 
2 
3 
3 
2 
6 
4 
6 
1 1080136837  
1 1114037340  
5 
5 
2 
4 
2 
2 
5 
4 
5 
1 278429378  
2 
5 
5 
1 1817801027  
2 
6 
2 
1 1168468815  
2 
2 
1 1052909233  
1 161498050  
2 
3 
1 1505347283  
2 
1 1672837366  
5 
6 
6 
1 1882079242  
1 1597946706  
6 
5 
4 
5 
4 
1 1673275106  
6 
3 
6 
6 
5 
5 
1 975951715  
2 
5 
1 189235742  
3 
5 
4 
5 
6 
3 
4 
5 
4 
4 
3 
5 
3 
2 
6 
2 
3 
4 
4 
2 
6 
4 
3 
6 
5 
3 
2 
5 
6 
4 
5 
5 
3 
3 
5 
6 
5 
6 
2 
3 
5 
1 297718163  
2 
2 
4 
5 
3 
2 
1 2028906187  
4 
6 
6 
3 
5 
1 1197144241  
1 813194408  
3 
4 
2 
6 
2 
3 
5 
2 
1 152329897  
6 
2 
2 
5 
4 
2 
1 1333077140  
5 
6 
4 
2 
2 
1 2100828595  
2 
2 
3 
6 
1 774456077  
1 1873625303  
2 
5 
5 
1 324244947  
5 
3 
2 
3 
3 
2 
1 2058450147  
2 
4 
3 
4 
6 
1 147974563  
6 
4 
4 
6 
5 
6 
3 
5 
4 
6 
2 
4 
3 
4 
2 
5 
4 
1 1029986969  
3 
6 
2 
3 
4 
5 
6 
4 
5 
1 788837545  
1 1812164762  
2 
6 
5 
6 
5 
3 
5 
4 
3 
4 
4 
4 
4 
5 
5 
6 
3 
6 
1 998443371  
3 
5 
2 
5 
3 
6 
1 2058896659  
6 
4 
3 
5 
5 
3 
2 
4 
5 
2 
5 
2 
1 744817951  
1 2112480712  
4 
1 189842390  
3 
3 
2 
5 
1 415135331  
3 
1 1133465879  
2 
6 
5 
4 
5 
3 
1 1242751623  
1 576633381  
5 
6 
2 
4 
6 
3 
5 
6 
6 
4 
1 491329515  
1 768105341  
1 311228976  
3 
3 
3 
4 
4 
2 
5 
3 
1 2089276221  
5 
1 293896799  
6 
2 
1 1287180691  
6 
1 131028315  
6 
4 
2 
2 
6 
6 
1 591614963  
4 
5 
3 
2 
3 
5 
5 
3 
2 
4 
1 1168603231  
3 
3 
3 
4 
3 
6 
5 
1 1328172557  
6 
6 
6 
3 
6 
2 
5 
5 
6 
5 
6 
1 1404809371  
3 
2 
1 1320933128  
3 
5 
5 
2 
5 
6 
6 
2 
2 
6 
5 
4 
3 
2 
6 
3 
2 
3 
4 
5 
3 
6 
5 
1 513766049  
3 
2 
1 1358154318  
1 2095389205  
3 
2 
2 
4 
3 
6 
3 
2 
6 
5 
6 
1 239907705  
4 
5 
1 1682399266  
1 2006355704  
4 
2 
6 
5 
4 
4 
1 387882268  
2 
3 
1 564902587  
1 647709602  
5 
6 
3 
5 
4 
2 
6 
5 
2 
6 
4 
4 
4 
6 
6 
3 
1 52563382  
3 
4 
1 1563345958  
6 
5 
5 
6 
4 
4 
4 
4 
3 
1 559122613  
6 
5 
3 
4 
3 
5 
4 
3 
4 
4 
3 
3 
3 
2 
2 
5 
5 
5 
1 797381334  
3 
3 
2 
3 
1 1528343022  
3 
1 748965003  
2 
5 
1 1212516665  
3 
3 
1 514325254  
3 
1 1991716626  
1 1789150046  
4 
2 
5 
1 1005654769  
5 
6 
4 
1 612338320  
6 
6 
1 2100379022  
5 
5 
6 
3 
2 
2 
5 
5 
5 
2 
2 
2 
2 
3 
1 947447342  
4 
4 
1 906235119  
1 1240076066  
5 
6 
3 
6 
6 
3 
3 
1 1078475658  
3 
3 
2 
5 
6 
2 
2 
1 1497850082  
2 
5 
2 
6 
5 
2 
3 
5 
6 
1 261195649  
4 
6 
4 
3 
1 259164567  
4 
3 
4 
3 
6 
1 755175806  
2 
2 
2 
2 
5 
5 
3 
3 
1 1582128777  
3 
4 
6 
3 
1 772930616  
2 
5 
1 2113330124  
1 1530034334  
5 
4 
4 
5 
2 
2 
2 
6 
4 
5 
5 
5 
2 
1 1012838321  
4 
1 1648245742  
3 
4 
5 
1 1388906391  
2 
6 
3 
4 
6 
5 
2 
1 1400720589  
4 
2 
1 65664681  
5 
2 
2 
3 
6 
4 
2 
3 
3 
5 
5 
5 
4 
2 
5 
6 
3 
5 
5 
5 
4 
2 
1 2036615993  
1 1453283972  
1 1629010640  
4 
1 448254958  
2 
4 
6 
3 
6 
4 
5 
1 103181658  
3 
3 
4 
2 
3 
3 
5 
4 
3 
6 
1 1009870014  
1 1197219962  
6 
3 
2 
6 
2 
6 
5 
5 
3 
1 1315698323  
2 
6 
2 
3 
3 
6 
1 1524195268  
3 
4 
5 
4 
5 
2 
1 1041452940  
6 
2 
1 957364721  
1 382366389  
4 
2 
5 
6 
1 1653791260  
3 
6 
2 
1 910260096  
4 
6 
2 
2 
2 
2 
4 
3 
5 
6 
4 
5 
1 1329813732  
2 
5 
5 
2 
2 
3 
1 412542732  
4 
6 
3 
2 
3 
3 
4 
6 
6 
4 
6 
2 
6 
6 
5 
5 
5 
1 2852514  
5 
3 
3 
2 
1 260805742  
3 
4 
2 
1 1910392814  
5 
6 
5 
4 
2 
1 264048163  
1 519970309  
3 
5 
6 
6 
3 
5 
2 
1 518084972  
6 
6 
4 
3 
2 
5 
5 
6 
1 1846176940  
1 1292900925  
3 
5 
1 483931449  
6 
5 
2 
4 
4 
3 
3 
3 
4 
3 
4 
1 1228727626  
3 
3 
2 
6 
5 
6 
6 
5 
3 
2 
6 
2 
4 
6 
2 
4 
5 
4 
3 
4 
1 158255599  
5 
3 
1 2132177191  
2 
6 
5 
5 
2 
2 
3 
3 
6 
4 
2 
5 
1 470150369  
3 
1 1558976188  
4 
6 
3 
3 
5 
3 
6 
6 
3 
3 
5 
2 
5 
5 
6 
1 50358225  
3 
2 
1 359282714  
2 
2 
4 
6 
6 
2 
1 864776512  
5 
5 
4 
4 
5 
4 
5 
5 
4 
6 
5 
5 
4 
6 
4 
6 
6 
5 
4 
2 
3 
2 
2 
2 
5 
4 
2 
5 
3 
3 
1 1679368865  
6 
1 807537673  
3 
3 
4 
3 
4 
3 
3 
6 
6 
6 
4 
6 
3 
4 
4 
5 
6 
2 
1 967958170  
4 
4 
4 
5 
6 
6 
4 
6 
1 541755231  
4 
2 
3 
6 
3 
1 2004757635  
5 
5 
3 
2 
3 
6 
1 136172845  
3 
4 
1 2065950500  
2 
2 
5 
6 
5 
3 
5 
6 
6 
3 
4 
1 898726927  
1 1093537567  
6 
4 
2 
6 
6 
3 
1 300833241  
5 
4 
1 405034540  
5 
5 
6 
3 
3 
5 
1 2003797663  
5 
6 
4 
4 
5 
5 
2 
5 
4 
5 
1 1630646973  
3 
4 
6 
2 
5 
1 817577272  
4 
5 
2 
6 
1 2006650177  
5 
3 
2 
4 
3 
6 
5 
2 
1 1891452715  
1 580486438  
6 
1 123214692  
3 
1 263939376  
3 
4 
6 
4 
5 
1 1098571411  
4 
5 
6 
6 
6 
2 
1 1969391632  
3 
4 
3 
4 
2 
4 
3 
5 
1 1556840302  
3 
5 
4 
2 
2 
2 
2 
2 
2 
1 1582502860  
4 
2 
5 
1 1050635610  
1 1715095901  
4 
2 
5 
3 
3 
4 
3 
2 
3 
5 
5 
3 
4 
4 
1 1567196403  
3 
1 1520785980  
2 
3 
4 
3 
4 
4 
4 
6 
2 
4 
5 
3 
2 
6 
3 
2 
2 
2 
6 
6 
6 
3 
4 
3 
5 
2 
3 
1 1126588441  
3 
3 
5 
5 
5 
4 
1 1617554628  
1 1880068694  
1 1991364954  
5 
4 
5 
2 
2 
6 
3 
3 
4 
5 
5 
6 
6 
3 
3 
2 
4 
4 
1 1149439845  
3 
6 
5 
2 
1 540122719  
5 
1 811839476  
3 
3 
3 
1 1691195077  
2 
2 
1 397396706  
6 
1 948012322  
4 
6 
6 
4 
2 
5 
5 
1 1609661929  
2 
3 
4 
6 
6 
3 
5 
3 
2 
3 
5 
1 1296123634  
1 2041549889  
1 1910495170  
1 1701158174  
4 
1 1897863904  
4 
2 
5 
1 1393658496  
1 371251798  
6 
2 
1 1757030433  
2 
4 
3 
3 
2 
3 
5 
6 
2 
5 
1 1137627563  
5 
2 
1 951738236  
1 1880245125  
3 
4 
6 
3 
4 
5 
3 
6 
2 
4 
6 
4 
1 1401566940  
2 
5 
2 
3 
4 
5 
1 2050309647  
3 
3 
2 
6 
2 
1 1702153109  
6 
5 
1 810923594  
4 
3 
3 
5 
3 
2 
2 
3 
4 
4 
2 
3 
5 
5 
4 
6 
6 
3 
3 
4 
6 
5 
2 
6 
2 
2 
3 
6 
6 
2 
5 
5 
4 
6 
6 
1 1485328859  
3 
3 
1 605305071  
1 378535847  
1 905041615  
1 2126091051  
6 
4 
1 1505124288  
2 
6 
1 375112595  
4 
1 1858676098  
6 
2 
4 
3 
5 
3 
4 
6 
4 
5 
1 1349005594  
3 
5 
4 
3 
1 1524552441  
3 
3 
6 
5 
1 251315169  
6 
2 
2 
1 13361423  
1 1068263870  
5 
6 
4 
4 
3 
1 648711876  
5 
1 961373745  
1 530442151  
5 
4 
4 
4 
3 
5 
3 
5 
5 
3 
1 1944835510  
6 
5 
3 
2 
5 
6 
1 855439986  
3 
5 
2 
1 293453673  
5 
6 
4 
2 
6 
1 1498510036  
4 
2 
3 
5 
4 
5 
2 
3 
2 
6 
4 
4 
5 
2 
1 605820242  
5 
1 1687112169  
5 
6 
4 
2 
2 
3 
3 
3 
1 1869761834  
3 
6 
2 
1 215367027  
1 677256085  
4 
4 
4 
1 674016422  
2 
4 
5 
6 
6 
2 
6 
4 
2 
4 
4 
3 
6 
3 
2 
4 
5 
1 2095612152  
2 
6 
5 
4 
1 2078823025  
3 
4 
2 
4 
6 
1 576842422  
4 
6 
3 
3 
3 
1 1650281613  
4 
1 742262971  
1 2062171281  
5 
1 108103036  
2 
3 
4 
6 
5 
4 
4 
3 
5 
5 
6 
6 
4 
3 
4 
3 
1 1120798818  
5 
3 
5 
4 
1 819729248  
6 
6 
6 
5 
2 
4 
4 
4 
1 86710440  
6 
1 478439458  
2 
1 1194841844  
1 1945386538  
1 1827445053  
2 
4 
4 
2 
1 571910637  
2 
2 
5 
1 49218059  
3 
5 
3 
5 
6 
4 
6 
6 
2 
4 
3 
4 
1 1840806476  
4 
6 
2 
4 
5 
3 
6 
3 
6 
4 
5 
4 
6 
2 
5 
1 1640174507  
3 
5 
4 
6 
2 
4 
2 
2 
5 
3 
6 
4 
5 
3 
4 
4 
4 
5 
5 
6 
6 
1 697929935  
6 
2 
3 
6 
3 
1 654696573  
5 
3 
2 
5 
1 23133010  
1 495281797  
5 
4 
2 
5 
2 
1 1510136559  
6 
1 316586683  
5 
1 1993791833  
1 2115956801  
5 
2 
5 
2 
6 
1 2003698853  
2 
4 
4 
3 
2 
3 
5 
6 
3 
5 
1 1716070019  
6 
5 
3 
2 
3 
4 
5 
6 
4 
2 
2 
4 
6 
5 
1 183840180  
1 533471290  
4 
1 242602794  
4 
3 
6 
6 
3 
4 
5 
3 
1 131968684  
3 
6 
5 
2 
3 
5 
6 
6 
5 
4 
2 
3 
6 
2 
1 464810667  
5 
2 
3 
1 819445216  
1 1782250297  
3 
2 
5 
4 
2 
4 
4 
3 
6 
5 
2 
3 
3 
6 
3 
5 
5 
2 
4 
1 1207073638  
5 
4 
2 
5 
1 734132849  
2 
1 1890353333  
6 
2 
3 
6 
1 180388808  
4 
4 
3 
4 
1 1553862098  
2 
4 
3 
5 
2 
3 
3 
6 
1 1977063773  
1 658828266  
5 
5 
5 
1 601220294  
2 
6 
3 
1 1774966663  
4 
4 
3 
2 
4 
1 338789671  
2 
6 
5 
2 
5 
3 
4 
4 
4 
2 
3 
2 
1 1173130931  
2 
2 
5 
5 
5 
1 1824184723  
4 
2 
3 
6 
5 
3 
3 
6 
5 
1 32112499  
1 665821790  
2 
5 
2 
1 374631010  
2 
5 
5 
1 686809072  
6 
2 
2 
4 
6 
2 
3 
4 
3 
3 
3 
6 
3 
6 
1 688954800  
4 
6 
6 
1 869912808  
2 
5 
1 49461983  
6 
4 
6 
1 1005541483  
6 
2 
5 
4 
2 
2 
3 
4 
2 
1 716220993  
5 
1 17935136  
5 
2 
5 
6 
6 
4 
2 
4 
3 
3 
1 861756688  
1 284807365  
1 201775316  
2 
5 
6 
5 
4 
3 
5 
4 
1 1395227978  
3 
2 
2 
3 
4 
4 
4 
1 527410159  
6 
1 333744000  
1 1860038645  
5 
6 
5 
4 
5 
3 
5 
5 
6 
1 1346855375  
3 
3 
6 
5 
4 
3 
3 
4 
2 
2 
1 2115994297  
5 
3 
6 
5 
1 919628635  
4 
4 
1 2080988224  
5 
4 
3 
1 1858863983  
2 
1 1100017443  
2 
4 
1 1487366674  
2 
4 
1 1688444108  
3 
1 1758845710  
2 
3 
5 
2 
4 
1 2088586968  
2 
6 
4 
3 
6 
2 
4 
2 
3 
1 1315927124  
3 
5 
5 
2 
2 
1 2097635381  
2 
4 
4 
4 
4 
6 
2 
5 
3 
1 1114234251  
6 
5 
3 
2 
1 992628199  
2 
6 
3 
4 
5 
5 
2 
3 
6 
3 
1 2129747881  
3 
1 1780056041  
1 1367259209  
5 
5 
1 669073305  
2 
5 
2 
3 
2 
6 
1 321527193  
3 
1 89688369  
1 718535289  
5 
5 
5 
2 
5 
6 
6 
6 
1 1327068677  
5 
1 805909363  
2 
1 736470425  
3 
6 
5 
1 41341717  
3 
6 
5 
2 
3 
2 
1 1090716728  
3 
2 
6 
3 
6 
5 
3 
2 
1 938245742  
4 
4 
1 1436569696  
1 1618126887  
5 
3 
1 1271989742  
5 
6 
3 
5 
1 1149124693  
5 
5 
6 
4 
3 
6 
3 
5 
3 
5 
2 
2 
3 
2 
1 817498614  
2 
2 
1 1240500392  
5 
1 2068753329  
5 
5 
3 
1 751003190  
5 
5 
6 
2 
6 
6 
2 
2 
1 951880727  
5 
6 
3 
3 
1 1021287124  
6 
2 
4 
4 
3 
4 
5 
5 
2 
6 
2 
1 90886217  
5 
4 
6 
6 
3 
1 492841187  
4 
2 
2 
1 632649186  
4 
3 
3 
3 
1 31989537  
3 
5 
2 
4 
1 1808768311  
1 582800920  
1 1146223789  
3 
4 
1 653912862  
5 
6 
3 
1 565065153  
2 
4 
5 
5 
2 
2 
1 778796182  
2 
1 2021172072  
6 
4 
4 
4 
3 
2 
1 1234138458  
1 1100323376  
1 2110860441  
6 
5 
5 
5 
1 1952673747  
6 
3 
6 
6 
2 
1 279908405  
5 
6 
2 
5 
2 
3 
3 
4 
1 769286156  
4 
1 541660525  
2 
6 
1 321250122  
6 
5 
4 
1 1860002884  
1 1479906267  
5 
6 
3 
3 
6 
5 
2 
1 1757819818  
1 1330646123  
3 
3 
5 
5 
1 604412361  
2 
6 
5 
1 759460864  
6 
2 
2 
4 
2 
6 
2 
5 
2 
1 661089  
5 
4 
4 
6 
6 
5 
1 1844912753  
4 
6 
2 
5 
5 
6 
5 
4 
5 
5 
4 
3 
4 
5 
4 
3 
3 
6 
5 
3 
6 
1 680730545  
1 751664280  
1 649309832  
2 
5 
1 1702017669  
2 
5 
3 
6 
5 
3 
3 
6 
4 
4 
1 842550497  
1 1142151020  
4 
4 
2 
1 187183208  
3 
2 
4 
3 
6 
3 
3 
6 
4 
5 
6 
4 
4 
3 
3 
4 
1 874540034  
1 803435683  
1 769984128  
3 
4 
4 
4 
2 
2 
3 
4 
1 2020763823  
6 
4 
2 
5 
3 
3 
2 
3 
1 1457348546  
4 
2 
6 
4 
5 
2 
1 1335049281  
6 
1 652076358  
2 
1 1331036970  
1 421704091  
2 
2 
6 
3 
1 1752399734  
5 
6 
2 
5 
2 
2 
4 
1 1294413763  
5 
6 
5 
3 
1 226894191  
5 
4 
3 
1 2032308139  
1 2063699920  
1 768554716  
5 
1 206074613  
1 1776219156  
3 
5 
2 
4 
3 
1 100977335  
3 
3 
1 1963894432  
2 
2 
1 959381632  
6 
5 
1 705389696  
6 
2 
5 
2 
2 
4 
4 
1 575871648  
2 
5 
2 
6 
1 960042721  
3 
1 402818802  
2 
2 
4 
3 
6 
3 
2 
1 1256602193  
6 
3 
1 1711707001  
6 
6 
3 
6 
6 
1 1052128634  
3 
2 
3 
1 811136214  
6 
6 
6 
4 
3 
4 
3 
6 
2 
1 406773850  
4 
3 
2 
5 
3 
3 
1 46796006  
4 
4 
2 
1 998319422  
6 
3 
6 
3 
5 
2 
5 
6 
1 1281313885  
3 
5 
1 850231690  
3 
4 
2 
4 
2 
1 1768303550  
3 
4 
2 
4 
3 
3 
5 
4 
4 
5 
2 
5 
6 
1 1154594060  
5 
3 
4 
4 
5 
6 
4 
3 
4 
3 
1 160096588  
2 
1 955869183  
2 
4 
3 
4 
5 
2 
2 
4 
1 1806670418  
5 
2 
2 
3 
2 
5 
3 
3 
4 
1 1491133558  
3 
6 
2 
4 
1 1377573275  
5 
4 
2 
1 1411586504  
6 
6 
3 
5 
3 
1 638063673  
1 1604467466  
5 
3 
3 
3 
3 
2 
6 
2 
6 
4 
1 1296410995  
3 
4 
4 
3 
6 
5 
2 
2 
3 
5 
1 554279945  
6 
1 225538534  
1 1502485609  
5 
6 
3 
5 
5 
2 
1 183015454  
2 
2 
3 
5 
3 
4 
5 
6 
1 326515869  
5 
5 
