1 313990497  
3 
5 
3 
4 
1 1400405279  
5 
3 
4 
4 
3 
6 
5 
4 
5 
5 
1 1799753488  
3 
2 
6 
3 
6 
1 1990106874  
3 
4 
2 
4 
2 
2 
3 
3 
6 
4 
3 
2 
5 
5 
3 
4 
3 
1 908962121  
2 
5 
4 
4 
3 
3 
5 
2 
2 
4 
4 
3 
4 
1 1857977119  
2 
1 1892398582  
5 
6 
6 
6 
5 
6 
5 
3 
4 
3 
5 
6 
6 
6 
1 1272845201  
6 
6 
1 600983257  
6 
4 
6 
4 
5 
5 
5 
5 
6 
3 
5 
6 
4 
5 
2 
3 
2 
4 
6 
1 1122671026  
4 
3 
6 
4 
6 
4 
3 
3 
3 
4 
3 
3 
6 
6 
3 
6 
2 
3 
3 
6 
6 
3 
3 
1 624294324  
2 
3 
4 
3 
4 
3 
3 
1 95156711  
2 
2 
3 
5 
6 
1 126483348  
1 649472201  
1 2128057438  
1 1375539704  
2 
2 
6 
2 
3 
1 1435908662  
1 402161585  
2 
1 1017211327  
6 
3 
3 
3 
4 
6 
3 
5 
1 1668285365  
6 
1 1606893733  
1 1430511915  
4 
5 
2 
6 
1 807734893  
3 
6 
2 
6 
6 
3 
3 
2 
5 
1 248596660  
6 
1 1141107071  
6 
2 
6 
2 
4 
2 
2 
4 
5 
1 1532142982  
1 575267490  
2 
3 
5 
4 
3 
6 
4 
1 925395244  
5 
1 542111482  
4 
1 967163667  
1 355252192  
6 
5 
4 
2 
3 
1 856101979  
4 
3 
3 
5 
3 
3 
2 
4 
6 
5 
5 
2 
1 220085298  
1 7522032  
5 
5 
6 
1 698725206  
6 
5 
3 
3 
2 
2 
4 
2 
1 1129047419  
5 
3 
5 
6 
3 
4 
6 
4 
1 1865499151  
2 
3 
5 
4 
2 
6 
2 
4 
1 443640140  
4 
5 
3 
5 
6 
5 
3 
2 
5 
1 254408973  
2 
3 
5 
3 
4 
3 
5 
6 
5 
3 
2 
6 
5 
5 
1 318998760  
2 
5 
5 
3 
5 
4 
6 
3 
6 
5 
4 
2 
2 
5 
5 
3 
5 
6 
3 
2 
3 
5 
1 1566311167  
4 
1 878703297  
3 
6 
6 
3 
1 414155472  
2 
6 
5 
4 
6 
4 
6 
3 
5 
4 
3 
3 
5 
5 
6 
1 1692794515  
3 
5 
6 
4 
3 
6 
1 1528175498  
1 394729262  
2 
4 
5 
1 920850571  
1 816600512  
3 
6 
5 
5 
4 
5 
2 
4 
6 
6 
4 
3 
4 
6 
2 
4 
4 
6 
4 
2 
5 
2 
2 
6 
3 
1 796890847  
3 
2 
3 
5 
5 
5 
1 1938061899  
3 
2 
1 337402229  
6 
2 
2 
1 256300932  
5 
1 1221090166  
4 
2 
5 
3 
2 
3 
1 1145137122  
1 504897592  
5 
1 214713589  
2 
1 529796456  
5 
2 
4 
5 
2 
5 
4 
5 
1 1080165082  
2 
4 
6 
4 
5 
4 
1 1140108833  
4 
4 
3 
3 
1 1071907938  
6 
4 
3 
1 2047328750  
5 
1 1495361026  
2 
3 
4 
2 
6 
4 
2 
4 
5 
1 1928009918  
1 119930400  
5 
2 
5 
5 
5 
3 
5 
2 
2 
1 1502883058  
6 
2 
5 
4 
3 
6 
2 
1 479251476  
2 
3 
2 
1 1248977820  
4 
1 1220898562  
3 
4 
4 
5 
5 
2 
4 
1 922891616  
4 
6 
2 
5 
3 
4 
1 1503386793  
4 
4 
6 
5 
2 
6 
4 
4 
2 
1 1539897322  
4 
6 
4 
2 
4 
4 
1 341719135  
5 
1 234606442  
5 
1 1954052794  
6 
6 
1 2034513650  
2 
1 1762781940  
2 
2 
5 
5 
5 
5 
5 
6 
6 
6 
3 
3 
1 201298408  
4 
5 
1 807880574  
3 
3 
6 
3 
4 
3 
1 431898804  
4 
1 998189256  
2 
1 598458825  
4 
3 
4 
2 
2 
3 
2 
1 769301033  
5 
2 
1 1254490188  
3 
4 
5 
3 
4 
3 
3 
5 
3 
3 
5 
6 
5 
2 
2 
6 
1 1819548991  
2 
4 
3 
3 
4 
1 1914438155  
3 
4 
2 
5 
4 
5 
5 
4 
1 1759387781  
5 
6 
4 
5 
4 
6 
3 
1 2034262580  
3 
2 
2 
3 
4 
4 
4 
5 
5 
1 296750963  
3 
3 
3 
2 
4 
4 
4 
2 
6 
2 
3 
1 692069215  
4 
3 
4 
1 1026887766  
6 
3 
3 
2 
2 
5 
2 
6 
6 
4 
6 
5 
2 
2 
1 1368658902  
1 591914317  
3 
2 
2 
3 
5 
1 374765144  
3 
1 1149185172  
1 711844718  
6 
4 
6 
3 
3 
4 
6 
4 
5 
3 
6 
4 
6 
4 
1 1877648202  
5 
3 
6 
6 
4 
4 
2 
6 
2 
6 
1 1628436648  
6 
6 
6 
4 
3 
1 1960822538  
5 
6 
5 
5 
6 
2 
5 
6 
2 
3 
3 
2 
3 
4 
1 951063116  
5 
5 
4 
1 403844616  
6 
2 
2 
2 
2 
5 
5 
2 
2 
3 
5 
3 
3 
6 
3 
5 
2 
5 
2 
2 
1 1316725683  
5 
4 
2 
2 
2 
5 
5 
4 
6 
2 
6 
6 
3 
5 
6 
1 343476791  
3 
3 
3 
2 
2 
4 
1 745563752  
4 
4 
4 
4 
5 
4 
4 
6 
1 1551332125  
3 
3 
5 
6 
2 
5 
1 150045937  
2 
5 
5 
4 
5 
3 
1 632593754  
5 
5 
2 
5 
5 
2 
1 1166630417  
2 
6 
3 
2 
3 
6 
1 351344346  
1 1440474328  
1 1598529221  
1 1349533602  
2 
1 2038933153  
6 
4 
2 
5 
2 
5 
3 
4 
5 
5 
1 220346606  
1 456540142  
4 
4 
5 
5 
1 1710998496  
4 
6 
6 
3 
4 
2 
2 
2 
6 
3 
5 
1 2134784761  
1 68444275  
3 
4 
6 
5 
6 
4 
3 
3 
5 
3 
3 
3 
4 
3 
6 
4 
5 
1 1597777429  
1 284052076  
3 
6 
5 
5 
2 
6 
1 760513491  
6 
5 
1 477181547  
6 
1 1652710978  
3 
3 
4 
6 
4 
3 
6 
5 
2 
3 
1 1352427808  
4 
2 
1 851946691  
6 
6 
1 654412502  
3 
5 
6 
1 2064272526  
4 
3 
3 
6 
6 
2 
6 
5 
1 582111245  
4 
5 
4 
1 135365502  
4 
2 
5 
1 1877611416  
4 
3 
2 
2 
3 
5 
2 
6 
4 
2 
2 
2 
4 
2 
4 
6 
1 1533174362  
1 539210119  
6 
6 
6 
5 
5 
6 
5 
5 
3 
1 1046853451  
2 
3 
1 1876651153  
3 
3 
6 
2 
6 
5 
2 
1 1284773871  
2 
2 
2 
6 
1 450701928  
3 
4 
3 
2 
6 
3 
2 
5 
3 
3 
5 
6 
2 
6 
2 
1 2026697090  
2 
5 
5 
3 
1 1917367625  
3 
2 
3 
5 
2 
2 
1 1617332345  
5 
5 
3 
3 
6 
5 
1 230557788  
2 
5 
4 
5 
1 1210358306  
5 
2 
3 
4 
5 
3 
5 
1 1068377918  
6 
1 1580091390  
2 
3 
3 
4 
2 
3 
2 
5 
5 
6 
4 
4 
5 
4 
3 
1 1101807811  
2 
3 
5 
3 
6 
6 
5 
2 
3 
5 
3 
2 
3 
6 
3 
4 
6 
5 
2 
4 
3 
6 
3 
2 
5 
1 1288724524  
4 
5 
2 
4 
2 
4 
4 
4 
2 
5 
2 
4 
4 
5 
1 2036631533  
6 
3 
1 665322660  
4 
5 
2 
3 
5 
4 
4 
6 
2 
1 1276025637  
6 
5 
5 
5 
6 
2 
4 
2 
2 
6 
5 
6 
1 2105075808  
1 115616441  
4 
5 
2 
2 
1 1560077714  
2 
5 
1 718105651  
3 
4 
4 
3 
1 592797988  
3 
6 
1 1065305044  
1 2070533460  
4 
4 
3 
4 
2 
5 
5 
2 
5 
2 
1 1444744679  
6 
5 
4 
6 
4 
4 
3 
2 
2 
1 1719717547  
2 
2 
4 
5 
6 
1 1987322338  
3 
1 2026855924  
4 
5 
4 
3 
1 1855083049  
1 1717450107  
1 1412546638  
5 
1 246809520  
5 
1 616819910  
6 
5 
2 
5 
2 
5 
5 
5 
3 
1 1141714143  
5 
4 
1 1531583391  
4 
4 
1 1067521839  
5 
1 1020927586  
4 
3 
1 1301467369  
3 
6 
6 
5 
1 537370536  
2 
3 
2 
2 
6 
5 
3 
5 
4 
1 1251485374  
4 
3 
4 
5 
3 
1 364342027  
5 
1 1605748455  
3 
2 
1 684093117  
6 
6 
6 
2 
5 
1 1466149838  
5 
5 
4 
4 
2 
3 
3 
4 
2 
6 
3 
1 746989331  
5 
6 
6 
1 573241002  
4 
3 
2 
2 
2 
6 
5 
2 
1 2131472498  
6 
3 
2 
4 
1 2023014969  
4 
6 
1 530833162  
5 
5 
6 
6 
4 
1 99605291  
1 1435609035  
5 
4 
4 
2 
4 
3 
4 
6 
4 
3 
5 
2 
1 1248938814  
3 
2 
6 
2 
6 
2 
4 
2 
3 
4 
5 
1 692403279  
1 353430431  
3 
2 
5 
3 
5 
5 
5 
6 
4 
2 
6 
2 
2 
1 1171988626  
2 
1 2137147958  
5 
2 
2 
4 
4 
1 2073147978  
2 
2 
2 
1 1011827316  
4 
5 
6 
5 
2 
6 
4 
3 
2 
2 
6 
6 
2 
2 
6 
3 
4 
2 
5 
3 
4 
3 
2 
4 
2 
6 
1 2016520235  
5 
4 
1 1780747380  
4 
3 
2 
5 
6 
5 
1 581793775  
3 
3 
5 
5 
2 
4 
4 
2 
2 
5 
4 
4 
2 
5 
2 
1 1281583225  
5 
1 2027556900  
2 
3 
6 
2 
4 
1 1198613686  
1 275813721  
1 1411656644  
5 
3 
4 
1 118651877  
5 
4 
5 
1 1296741307  
2 
2 
1 565640365  
1 656022413  
1 400743033  
4 
6 
5 
4 
4 
3 
5 
3 
5 
4 
3 
2 
6 
3 
6 
3 
3 
4 
1 929982392  
6 
6 
6 
3 
4 
2 
6 
1 114287220  
3 
1 1084836150  
5 
3 
3 
1 248648582  
3 
1 861276552  
6 
3 
3 
1 1658077152  
2 
4 
5 
3 
5 
6 
5 
1 232637433  
4 
6 
6 
1 736807873  
2 
6 
3 
5 
1 41426667  
4 
2 
1 332242724  
4 
4 
4 
1 24933260  
4 
5 
2 
3 
5 
3 
5 
2 
5 
1 1290365481  
1 1024646004  
3 
1 378363691  
4 
4 
6 
5 
4 
2 
4 
5 
4 
6 
4 
3 
3 
4 
6 
1 314870459  
1 1014310314  
4 
4 
1 304028022  
5 
2 
6 
6 
2 
6 
4 
1 1326697775  
6 
6 
5 
3 
4 
5 
6 
2 
6 
4 
5 
4 
4 
6 
1 883346901  
5 
4 
3 
2 
1 2084775402  
6 
6 
3 
5 
4 
6 
1 1908491551  
1 17446479  
5 
3 
5 
3 
5 
2 
6 
1 1964848654  
4 
1 959621589  
5 
6 
6 
2 
6 
4 
6 
6 
4 
6 
4 
5 
1 293260200  
3 
5 
1 1229021650  
6 
3 
5 
3 
2 
4 
6 
2 
3 
4 
2 
5 
4 
1 1078273466  
5 
1 1590001507  
3 
6 
6 
4 
1 1794662015  
2 
2 
2 
6 
2 
4 
2 
4 
4 
6 
5 
1 1734295879  
4 
4 
5 
2 
1 1990744540  
5 
6 
3 
3 
2 
3 
1 577160759  
2 
6 
2 
6 
4 
6 
4 
6 
6 
5 
6 
6 
2 
3 
1 1848583100  
3 
4 
6 
6 
4 
2 
4 
3 
3 
1 928097043  
3 
1 825809342  
4 
1 562376004  
4 
2 
2 
1 438690547  
2 
3 
1 1058446775  
2 
2 
5 
1 1299183877  
1 480117214  
6 
4 
2 
4 
2 
1 1390689499  
6 
6 
6 
6 
6 
5 
3 
5 
2 
4 
4 
6 
5 
1 1324117137  
6 
1 1770482695  
1 267851855  
3 
1 1702480828  
6 
2 
4 
3 
3 
3 
6 
3 
6 
1 2085353154  
5 
6 
4 
4 
6 
4 
1 1282162170  
4 
4 
6 
5 
4 
5 
5 
1 2006508850  
4 
3 
6 
4 
3 
1 1264567282  
6 
6 
6 
6 
3 
4 
3 
5 
3 
6 
6 
6 
5 
5 
2 
5 
1 18025423  
5 
5 
2 
3 
3 
4 
5 
6 
2 
1 1943800604  
5 
5 
4 
5 
1 1025575185  
2 
4 
3 
5 
1 35471902  
4 
5 
5 
1 1761165611  
2 
4 
5 
6 
1 1985196774  
3 
3 
3 
4 
5 
6 
5 
4 
6 
1 328732102  
4 
1 842703613  
1 915986592  
4 
2 
5 
1 1918733609  
3 
5 
1 489881981  
5 
5 
2 
1 502798823  
5 
6 
4 
3 
1 1761994502  
4 
1 1067042740  
4 
1 203898275  
4 
3 
1 542607897  
5 
2 
2 
6 
2 
5 
6 
1 1892852082  
4 
6 
6 
6 
1 766274279  
6 
6 
3 
1 981298444  
3 
5 
3 
1 803815209  
3 
4 
4 
3 
2 
2 
1 2065458156  
1 1461415659  
1 47021061  
3 
3 
6 
1 1242091645  
3 
2 
5 
3 
5 
4 
3 
2 
1 1084414706  
5 
4 
5 
1 314872916  
6 
2 
4 
2 
3 
4 
2 
3 
5 
4 
2 
1 797088826  
2 
3 
2 
4 
2 
4 
5 
1 1022284213  
2 
3 
3 
4 
3 
5 
2 
6 
3 
1 1597035086  
3 
3 
5 
5 
5 
1 656114028  
6 
1 139367847  
4 
6 
4 
1 1615060510  
4 
4 
4 
4 
6 
3 
4 
2 
6 
4 
5 
4 
1 452430985  
2 
2 
2 
5 
4 
5 
5 
3 
5 
2 
5 
5 
4 
1 1164943032  
3 
4 
1 1650532412  
4 
6 
4 
6 
5 
3 
1 66112948  
3 
4 
6 
6 
6 
6 
2 
6 
3 
5 
6 
1 1002656158  
4 
4 
1 1979264515  
5 
5 
2 
2 
2 
1 908816561  
5 
6 
5 
6 
2 
6 
3 
6 
1 1918642750  
3 
4 
2 
2 
2 
4 
6 
2 
1 1750514476  
2 
1 1398698542  
5 
6 
2 
2 
1 273957925  
4 
1 1365025330  
4 
2 
4 
5 
2 
4 
2 
4 
1 318257635  
4 
2 
3 
2 
6 
2 
1 477856201  
3 
3 
6 
1 1907633227  
1 63626069  
2 
4 
5 
5 
3 
4 
2 
6 
6 
3 
5 
3 
6 
4 
1 1244130480  
6 
5 
1 741448024  
2 
6 
4 
6 
1 867441279  
1 1162104989  
4 
3 
4 
5 
3 
4 
3 
4 
2 
5 
5 
2 
5 
2 
1 55380035  
5 
1 914462340  
4 
1 256712986  
1 1139794741  
1 1229335256  
2 
5 
6 
1 1053801812  
1 14595306  
3 
5 
6 
6 
3 
5 
4 
5 
1 678886695  
5 
3 
6 
5 
5 
3 
4 
6 
5 
2 
5 
4 
2 
6 
4 
4 
5 
1 1709915841  
3 
5 
3 
6 
1 153963153  
2 
6 
3 
3 
1 146463557  
1 14863178  
4 
4 
1 1318906185  
6 
6 
2 
2 
3 
5 
6 
3 
5 
3 
1 1796995969  
6 
2 
3 
6 
2 
3 
4 
3 
4 
6 
4 
4 
3 
1 80976126  
6 
3 
5 
6 
1 174078695  
2 
2 
4 
1 1628776836  
2 
2 
5 
3 
3 
3 
5 
2 
4 
6 
5 
2 
3 
5 
3 
5 
5 
4 
4 
4 
5 
5 
2 
1 989792687  
2 
6 
4 
2 
2 
4 
4 
6 
3 
4 
5 
6 
1 2092721445  
4 
2 
2 
2 
5 
6 
1 1231807665  
1 241007582  
4 
5 
1 219195723  
1 449349347  
2 
5 
6 
5 
4 
1 559265217  
1 697051924  
5 
3 
5 
6 
6 
1 209498927  
1 622891286  
1 1941182404  
4 
3 
4 
1 950946951  
2 
2 
2 
1 1490332565  
6 
3 
5 
1 955803745  
3 
4 
5 
1 1006326986  
2 
4 
1 257311257  
6 
1 1212516732  
3 
3 
4 
5 
2 
4 
1 2146121727  
3 
1 1486646514  
1 118834896  
2 
4 
2 
5 
2 
2 
6 
1 13233386  
1 18049561  
1 1828750737  
1 167196539  
4 
1 164513118  
3 
1 1843613915  
5 
5 
4 
2 
2 
5 
3 
1 1486102725  
3 
5 
6 
6 
6 
6 
5 
2 
2 
4 
4 
3 
4 
6 
4 
2 
3 
6 
5 
4 
2 
4 
4 
6 
4 
4 
5 
1 1961509087  
6 
1 1924590041  
1 1660181420  
5 
6 
3 
5 
6 
1 1442802276  
3 
2 
2 
5 
4 
2 
1 766899081  
6 
3 
3 
4 
2 
4 
4 
3 
2 
2 
5 
5 
2 
3 
4 
5 
1 1605419218  
1 527126293  
1 1007906663  
5 
2 
6 
5 
2 
4 
6 
1 1824614941  
6 
1 976475640  
1 1567171880  
4 
3 
3 
6 
6 
3 
6 
2 
6 
3 
5 
1 374183217  
4 
5 
2 
5 
6 
4 
3 
4 
1 1185974567  
1 42579518  
1 167881973  
6 
6 
1 2136921518  
1 1532912084  
6 
5 
3 
4 
3 
6 
1 1123685719  
2 
2 
3 
6 
5 
2 
4 
3 
4 
6 
3 
4 
5 
5 
5 
6 
4 
4 
1 995764856  
6 
4 
5 
5 
3 
1 1790223341  
5 
6 
3 
3 
4 
3 
2 
6 
1 188718803  
1 994402936  
3 
3 
4 
5 
2 
2 
6 
5 
2 
3 
1 1129386207  
2 
6 
6 
5 
6 
5 
1 307553699  
3 
5 
3 
2 
3 
4 
6 
3 
5 
6 
5 
4 
5 
4 
3 
3 
4 
3 
3 
6 
6 
5 
4 
4 
4 
5 
6 
5 
5 
6 
2 
6 
6 
5 
3 
2 
3 
3 
1 1007636322  
2 
2 
1 1147435768  
1 2136304437  
5 
4 
5 
2 
1 1174832861  
2 
6 
4 
5 
1 1311948886  
2 
1 1832434704  
3 
4 
5 
5 
2 
6 
4 
4 
2 
6 
4 
6 
2 
1 513451938  
1 1125974326  
3 
3 
2 
4 
6 
5 
5 
1 1609541098  
3 
6 
4 
6 
6 
3 
5 
2 
2 
6 
3 
3 
6 
6 
4 
1 26149711  
2 
5 
3 
6 
2 
3 
5 
4 
4 
5 
1 421292954  
4 
3 
1 228956531  
1 1631568929  
2 
6 
2 
1 948419247  
2 
4 
3 
1 1236863194  
5 
4 
2 
6 
6 
1 1308700222  
1 1924894887  
6 
6 
1 656551426  
6 
2 
3 
2 
3 
1 1682883439  
5 
2 
3 
6 
4 
1 963385807  
2 
3 
3 
2 
3 
5 
1 699130944  
2 
4 
2 
3 
2 
1 1850765412  
4 
2 
3 
3 
1 952823677  
4 
1 84559380  
4 
5 
4 
1 826967483  
4 
2 
6 
1 1948588534  
5 
5 
5 
6 
6 
5 
5 
6 
5 
1 1874782722  
1 1015686286  
5 
6 
4 
5 
2 
2 
3 
3 
3 
6 
5 
2 
6 
4 
3 
6 
6 
3 
3 
6 
1 795507822  
3 
2 
4 
1 856685281  
1 1323239986  
3 
6 
5 
2 
2 
6 
6 
4 
1 1803144144  
6 
3 
6 
5 
6 
4 
3 
2 
6 
6 
6 
4 
3 
3 
6 
2 
1 2004121050  
5 
1 1312060775  
3 
5 
1 830493357  
5 
4 
4 
5 
2 
6 
6 
2 
2 
2 
5 
5 
4 
4 
3 
1 1168586288  
2 
5 
4 
2 
6 
2 
5 
4 
2 
2 
4 
4 
1 997011831  
2 
5 
6 
3 
4 
1 1343945296  
5 
5 
1 147076966  
4 
1 459069281  
4 
3 
5 
4 
1 1370095007  
4 
3 
6 
3 
5 
4 
3 
2 
4 
1 568369920  
3 
1 688025812  
1 854180288  
2 
1 1516789167  
5 
4 
2 
3 
4 
6 
2 
2 
3 
5 
4 
2 
2 
6 
5 
2 
3 
4 
2 
2 
1 1924889006  
4 
6 
2 
2 
2 
2 
3 
1 15396862  
3 
2 
3 
3 
2 
2 
1 1294200407  
4 
5 
1 433956784  
6 
2 
4 
4 
1 1698280301  
3 
6 
1 110102566  
4 
6 
4 
1 1133087729  
2 
6 
3 
6 
3 
6 
1 1401562065  
1 1062926243  
1 1217647109  
1 81045901  
1 864031129  
5 
4 
6 
5 
6 
5 
6 
4 
1 944946183  
5 
3 
5 
3 
2 
4 
4 
2 
5 
6 
5 
3 
6 
6 
4 
4 
2 
5 
3 
3 
6 
6 
6 
3 
5 
3 
4 
3 
6 
3 
1 1096732187  
4 
4 
4 
4 
4 
3 
5 
4 
6 
4 
3 
4 
4 
2 
5 
4 
2 
4 
4 
6 
3 
2 
3 
5 
4 
1 1659538951  
1 1801631465  
4 
1 272488525  
5 
5 
5 
2 
1 1315199447  
3 
3 
1 1658268867  
1 1584549300  
2 
5 
1 2145692805  
6 
5 
4 
2 
6 
1 679371507  
5 
3 
1 434077484  
6 
1 1342154453  
6 
5 
2 
1 826448474  
2 
1 893146765  
2 
2 
2 
3 
4 
5 
1 564765812  
4 
4 
3 
3 
6 
4 
1 1394818394  
4 
1 1581172578  
6 
1 1418946100  
6 
3 
1 764123914  
5 
4 
2 
5 
2 
4 
1 1358577936  
3 
4 
2 
4 
3 
2 
2 
5 
4 
2 
5 
6 
4 
5 
5 
4 
6 
3 
3 
3 
6 
1 1434342962  
5 
4 
1 2058324321  
4 
4 
4 
3 
6 
2 
4 
4 
6 
6 
1 1792534721  
1 985139615  
4 
5 
3 
5 
2 
6 
4 
1 20943239  
2 
6 
5 
3 
3 
2 
6 
3 
3 
4 
4 
5 
2 
6 
4 
2 
5 
2 
5 
2 
4 
2 
5 
2 
2 
4 
3 
3 
2 
4 
2 
3 
5 
3 
5 
2 
1 778138802  
6 
5 
3 
4 
4 
1 239218032  
6 
1 1083869482  
6 
5 
2 
2 
2 
3 
2 
4 
1 1995785911  
6 
5 
3 
4 
4 
3 
5 
3 
1 320263933  
4 
2 
2 
2 
1 1947900612  
3 
4 
2 
5 
3 
5 
6 
2 
1 793248447  
2 
6 
4 
5 
5 
2 
2 
5 
4 
2 
5 
6 
5 
2 
4 
5 
1 1416996121  
5 
2 
3 
2 
1 1459955915  
6 
3 
5 
2 
5 
5 
2 
6 
5 
1 447396264  
4 
2 
2 
1 1689484646  
1 627671715  
4 
1 2105665131  
3 
6 
3 
3 
1 1126550299  
6 
6 
6 
2 
4 
5 
5 
3 
4 
5 
1 625880872  
5 
4 
2 
1 637552990  
4 
4 
5 
2 
4 
3 
5 
5 
1 1560627783  
3 
1 1968035325  
3 
3 
1 1464001464  
6 
4 
2 
4 
1 306290900  
5 
6 
2 
2 
1 385317489  
2 
2 
5 
3 
6 
1 711336211  
6 
1 1887463478  
6 
2 
4 
5 
3 
5 
3 
2 
5 
1 1804263589  
6 
4 
6 
2 
6 
4 
4 
2 
2 
6 
6 
6 
5 
3 
5 
5 
2 
1 1475460125  
6 
6 
4 
6 
5 
1 1098557767  
6 
1 1091122903  
4 
2 
4 
4 
1 1386300798  
1 743608840  
5 
4 
5 
1 2076262518  
4 
4 
5 
2 
4 
5 
2 
1 1407244037  
1 1521747642  
1 167996902  
5 
5 
6 
1 343629871  
4 
4 
1 1370049905  
4 
6 
1 488260836  
3 
3 
4 
1 144046835  
1 15814704  
1 1905256957  
5 
3 
1 1604002751  
3 
6 
4 
2 
4 
1 463210968  
3 
4 
3 
1 1447257955  
4 
6 
6 
4 
2 
6 
4 
5 
5 
6 
6 
4 
6 
6 
3 
3 
6 
2 
5 
4 
2 
5 
5 
5 
5 
6 
4 
5 
5 
3 
6 
6 
6 
3 
1 84190818  
3 
3 
4 
4 
1 421392451  
1 426324606  
5 
3 
3 
5 
5 
5 
4 
2 
5 
3 
2 
3 
3 
6 
4 
5 
3 
1 710071690  
2 
6 
3 
3 
6 
2 
2 
1 1058945442  
3 
5 
6 
6 
6 
3 
2 
5 
3 
3 
4 
5 
1 1986952389  
3 
5 
4 
5 
4 
6 
1 530623367  
5 
6 
5 
3 
1 375463258  
5 
5 
4 
5 
2 
2 
3 
6 
3 
3 
1 145759642  
3 
5 
3 
1 915940856  
1 1086799469  
5 
1 2033223120  
2 
5 
3 
2 
5 
6 
3 
6 
2 
5 
5 
6 
3 
1 572720797  
6 
5 
3 
6 
2 
4 
6 
5 
2 
6 
1 414775946  
1 984297239  
4 
5 
6 
2 
4 
2 
3 
4 
2 
6 
3 
3 
4 
1 1663843700  
4 
5 
4 
3 
4 
2 
1 1801076744  
4 
2 
2 
6 
5 
6 
3 
6 
3 
5 
3 
2 
6 
5 
5 
4 
5 
1 1727906079  
2 
1 1592622570  
4 
6 
4 
6 
3 
1 1060837133  
2 
4 
3 
2 
5 
2 
2 
2 
5 
4 
5 
1 1102170073  
2 
3 
4 
5 
6 
6 
3 
4 
6 
6 
2 
4 
6 
4 
4 
1 1760619472  
5 
2 
1 1404467005  
1 324736331  
4 
5 
5 
2 
2 
4 
6 
4 
3 
5 
2 
5 
2 
6 
1 101396660  
4 
2 
3 
3 
2 
1 1548513840  
5 
5 
6 
5 
3 
1 340551035  
3 
6 
3 
4 
4 
2 
1 2006653617  
1 1005032943  
2 
6 
6 
6 
3 
3 
3 
4 
1 803762004  
1 1306427925  
1 1089223761  
6 
4 
3 
2 
2 
6 
5 
6 
5 
4 
3 
6 
6 
1 1225154455  
6 
4 
1 1732752531  
5 
5 
1 1799295451  
1 136616249  
3 
3 
5 
4 
6 
3 
6 
5 
6 
2 
2 
5 
4 
3 
2 
4 
2 
5 
5 
2 
2 
5 
6 
1 1572221273  
5 
2 
6 
5 
1 182435170  
4 
3 
6 
6 
4 
2 
2 
4 
1 512079508  
3 
6 
6 
3 
6 
4 
6 
4 
5 
6 
6 
6 
2 
6 
4 
4 
1 1717980915  
3 
3 
1 1098376026  
1 1598878977  
1 1603720387  
3 
2 
1 1671096823  
4 
3 
2 
6 
6 
1 2013654924  
3 
3 
3 
6 
4 
5 
3 
3 
6 
6 
2 
3 
5 
6 
2 
5 
6 
2 
2 
5 
1 440533979  
2 
3 
5 
4 
2 
2 
2 
1 1187456875  
2 
1 1667248020  
2 
5 
4 
6 
6 
6 
3 
3 
4 
6 
3 
2 
3 
1 20956410  
5 
2 
4 
2 
1 632595797  
1 580601506  
2 
4 
3 
1 1123126484  
5 
2 
2 
5 
1 245731622  
4 
3 
6 
5 
4 
2 
2 
3 
5 
1 1985068511  
2 
2 
5 
6 
1 1447862815  
5 
3 
1 347128282  
4 
3 
5 
6 
3 
2 
3 
5 
2 
6 
6 
1 1386098703  
2 
2 
5 
5 
1 1788413850  
3 
1 206298252  
2 
6 
1 243647999  
3 
2 
5 
5 
2 
5 
1 444692206  
6 
5 
3 
2 
4 
6 
3 
1 1512726177  
1 1332871760  
3 
1 1669846662  
2 
2 
3 
1 1097995060  
5 
5 
4 
6 
5 
1 984683564  
2 
4 
1 1806462911  
1 522732685  
4 
1 1167118734  
4 
3 
1 171058771  
5 
4 
1 93229952  
6 
2 
2 
4 
6 
2 
1 118011113  
4 
2 
5 
4 
3 
1 1769937749  
2 
6 
6 
4 
3 
4 
2 
1 1696950340  
5 
1 1789107936  
3 
3 
5 
6 
5 
2 
6 
1 1636109025  
5 
1 2137484319  
3 
5 
6 
2 
4 
6 
3 
2 
5 
5 
2 
3 
6 
4 
1 829081164  
2 
6 
4 
5 
4 
1 1155873397  
6 
6 
5 
2 
6 
3 
4 
5 
1 10957081  
2 
6 
5 
1 1461676961  
2 
1 1736474903  
1 1134083565  
6 
5 
1 1707408583  
2 
4 
1 1574059766  
5 
3 
6 
4 
5 
4 
5 
2 
4 
5 
3 
2 
5 
6 
1 434462732  
2 
6 
1 2054536866  
3 
2 
2 
6 
2 
5 
2 
3 
4 
4 
4 
6 
3 
4 
1 812674822  
1 75392935  
1 113351470  
1 1056322821  
1 520085141  
5 
2 
2 
1 1626077647  
2 
6 
4 
2 
5 
6 
4 
5 
4 
2 
5 
1 241710933  
5 
2 
6 
3 
5 
4 
1 42448155  
4 
2 
4 
3 
6 
3 
3 
6 
4 
2 
2 
5 
1 576589059  
2 
6 
2 
5 
4 
2 
5 
3 
5 
6 
2 
2 
6 
1 1226394497  
1 1848911067  
5 
1 1099321745  
3 
5 
4 
5 
6 
5 
4 
4 
1 246029584  
5 
1 2019969838  
2 
3 
1 1192551697  
3 
3 
6 
1 364040697  
3 
2 
2 
3 
1 1642423939  
3 
6 
6 
5 
4 
2 
3 
5 
4 
2 
3 
2 
5 
4 
6 
4 
2 
2 
2 
1 742018389  
6 
5 
1 5664985  
2 
4 
3 
5 
3 
2 
2 
4 
6 
2 
3 
6 
4 
2 
4 
2 
6 
4 
6 
2 
3 
6 
6 
1 1131049316  
5 
4 
1 732019060  
4 
4 
4 
2 
1 834746149  
5 
1 139439066  
1 742976142  
1 148939463  
6 
1 1875913969  
4 
5 
5 
5 
4 
4 
6 
4 
2 
1 1877059707  
5 
2 
6 
3 
6 
2 
2 
1 1856348046  
1 1302490088  
4 
6 
2 
1 164038792  
2 
5 
5 
2 
6 
3 
6 
1 1763401264  
4 
5 
4 
6 
2 
5 
2 
2 
5 
3 
5 
6 
1 2115164910  
5 
2 
5 
4 
2 
2 
4 
1 239431727  
5 
3 
5 
2 
4 
4 
1 1876752734  
1 1024004083  
6 
2 
6 
5 
1 759516868  
2 
3 
3 
1 1355346733  
2 
5 
5 
2 
6 
6 
6 
3 
6 
3 
6 
3 
3 
2 
4 
4 
6 
3 
1 1265715016  
6 
2 
3 
3 
2 
3 
3 
3 
2 
1 801965024  
1 1931935793  
1 344625866  
2 
3 
1 503392443  
2 
6 
3 
5 
1 883773890  
4 
4 
2 
5 
2 
6 
3 
4 
3 
3 
5 
2 
4 
4 
4 
3 
6 
2 
1 590655450  
6 
5 
6 
6 
6 
3 
3 
1 375878633  
1 2076325587  
5 
1 954696147  
5 
1 2018302573  
4 
5 
6 
2 
2 
2 
6 
3 
2 
4 
1 670860329  
1 960361132  
1 1001868241  
2 
2 
3 
5 
4 
2 
3 
3 
2 
3 
5 
6 
4 
2 
2 
6 
4 
1 1402879389  
3 
3 
6 
5 
6 
5 
2 
3 
2 
4 
4 
3 
6 
5 
4 
3 
4 
3 
4 
1 1795107282  
5 
3 
4 
6 
4 
4 
4 
5 
5 
1 1141307307  
2 
3 
3 
4 
6 
6 
2 
2 
6 
4 
5 
5 
6 
1 2145855531  
4 
1 1944046745  
1 869737629  
6 
5 
2 
3 
4 
1 1875431591  
3 
3 
6 
6 
4 
6 
4 
5 
6 
6 
3 
1 1652911143  
4 
3 
4 
3 
6 
2 
2 
5 
2 
1 24744069  
4 
3 
5 
3 
5 
2 
2 
6 
5 
5 
5 
2 
6 
3 
5 
4 
5 
1 2039470383  
2 
4 
1 1268828760  
3 
5 
2 
4 
5 
3 
2 
2 
1 2139908979  
3 
6 
5 
1 131418462  
4 
3 
3 
2 
5 
1 998097846  
2 
5 
1 1016429414  
2 
2 
2 
6 
6 
4 
4 
2 
1 890935330  
4 
2 
2 
3 
4 
5 
5 
3 
6 
5 
5 
3 
1 205960932  
1 134660782  
3 
2 
2 
4 
5 
3 
3 
3 
6 
4 
3 
6 
3 
2 
5 
6 
4 
6 
5 
5 
5 
4 
2 
5 
3 
2 
5 
3 
4 
6 
6 
2 
3 
2 
3 
4 
2 
5 
4 
1 1692900354  
5 
2 
5 
5 
3 
2 
2 
5 
5 
1 2137896725  
3 
3 
3 
4 
4 
4 
5 
6 
3 
2 
5 
1 479286648  
6 
1 48809149  
2 
1 874186967  
4 
1 1069942098  
3 
6 
3 
1 424687783  
2 
6 
5 
3 
1 803028906  
6 
5 
3 
5 
5 
6 
3 
3 
6 
4 
1 2024638245  
1 295506708  
3 
3 
4 
1 1473889235  
4 
2 
4 
1 837515730  
3 
3 
5 
5 
2 
5 
1 1297374949  
6 
1 729284977  
4 
3 
6 
4 
5 
3 
2 
5 
2 
2 
3 
5 
4 
4 
5 
2 
6 
2 
2 
2 
4 
1 485139364  
2 
6 
1 291198609  
4 
5 
1 727656860  
1 281702461  
5 
3 
4 
3 
5 
5 
2 
5 
4 
4 
5 
1 1160936238  
2 
6 
4 
4 
4 
6 
6 
5 
4 
5 
3 
6 
1 455604803  
6 
2 
6 
5 
1 1934613604  
5 
4 
6 
2 
1 1185680307  
2 
6 
2 
6 
3 
4 
2 
3 
4 
3 
1 347591538  
6 
3 
4 
3 
5 
2 
1 1055958716  
3 
3 
2 
5 
6 
2 
6 
1 1178105638  
4 
3 
3 
6 
1 479010000  
2 
1 2054056563  
3 
4 
4 
6 
4 
3 
1 47051404  
3 
2 
6 
1 1369945331  
2 
6 
1 112533847  
6 
1 181712186  
1 915362037  
2 
6 
4 
2 
6 
6 
6 
3 
2 
3 
2 
1 102946924  
2 
6 
3 
5 
2 
2 
2 
3 
2 
4 
2 
1 660998835  
6 
6 
4 
3 
3 
3 
4 
5 
3 
4 
2 
5 
5 
2 
2 
4 
5 
1 964171187  
5 
2 
3 
3 
5 
1 977133891  
2 
2 
5 
6 
4 
6 
3 
1 1730940933  
2 
4 
4 
3 
5 
1 1388858970  
1 1780162797  
4 
1 1608095531  
4 
1 1684365678  
3 
3 
1 1106568385  
4 
5 
1 298127613  
2 
6 
2 
3 
6 
1 834256979  
6 
1 1835853362  
1 783266977  
1 1125455588  
3 
5 
4 
5 
4 
6 
1 416026574  
4 
5 
6 
5 
3 
4 
3 
2 
2 
3 
6 
1 1064969438  
1 138908178  
6 
3 
4 
1 871631378  
5 
6 
1 852099394  
1 1324588485  
4 
2 
3 
3 
4 
5 
6 
2 
6 
5 
2 
4 
2 
3 
6 
6 
6 
4 
6 
4 
4 
6 
6 
4 
3 
6 
6 
1 1219222916  
4 
5 
6 
6 
4 
5 
5 
6 
4 
6 
1 1908058111  
2 
1 355210475  
1 1698232917  
2 
1 1814631026  
5 
3 
5 
2 
5 
2 
1 402261879  
2 
4 
3 
4 
1 920694600  
2 
3 
4 
5 
6 
3 
2 
4 
4 
5 
1 1927164873  
4 
1 583974066  
4 
2 
4 
6 
2 
4 
2 
6 
4 
3 
4 
3 
2 
1 1836056637  
4 
1 2030111797  
1 1244972901  
5 
4 
3 
3 
4 
5 
4 
2 
4 
4 
2 
5 
1 652744176  
6 
6 
5 
5 
1 859762040  
3 
5 
5 
5 
3 
6 
4 
5 
4 
4 
1 828430186  
2 
2 
2 
1 2041603146  
2 
4 
5 
2 
5 
5 
6 
5 
6 
4 
1 492441189  
2 
2 
4 
4 
2 
5 
3 
6 
4 
5 
2 
3 
1 289042069  
5 
1 1578485176  
5 
3 
4 
3 
6 
1 1599009574  
5 
2 
1 587169682  
4 
5 
6 
2 
3 
1 265258508  
6 
6 
4 
2 
3 
4 
6 
1 1287379288  
6 
2 
3 
2 
4 
2 
3 
1 1370436659  
2 
5 
6 
2 
6 
3 
2 
6 
5 
2 
6 
5 
6 
6 
5 
6 
1 1390714096  
2 
2 
2 
1 1703405863  
2 
3 
6 
5 
2 
4 
5 
3 
2 
1 287922449  
2 
6 
1 1529622275  
5 
4 
4 
5 
4 
2 
6 
5 
3 
5 
3 
2 
5 
3 
2 
6 
5 
4 
6 
4 
1 427553593  
3 
5 
2 
1 1140021844  
1 706727112  
1 1646776509  
5 
5 
4 
1 900596307  
1 1061937588  
5 
2 
6 
5 
4 
2 
2 
5 
2 
1 1197525778  
6 
2 
6 
5 
6 
1 567743685  
2 
2 
3 
6 
4 
6 
2 
1 1464199467  
2 
3 
5 
2 
6 
5 
5 
1 2118220378  
2 
4 
6 
6 
4 
3 
2 
4 
4 
2 
5 
5 
4 
1 347424910  
6 
5 
4 
5 
4 
4 
2 
2 
3 
6 
4 
4 
1 2048173533  
5 
2 
6 
6 
3 
1 1806793368  
5 
6 
4 
6 
5 
2 
6 
6 
4 
5 
5 
5 
1 230053059  
1 1145662786  
1 312053896  
1 1089815099  
1 1974092973  
1 206173395  
3 
6 
6 
5 
4 
5 
6 
1 1582256288  
2 
6 
6 
6 
4 
2 
5 
1 115651394  
4 
1 1784658571  
4 
3 
3 
3 
4 
2 
3 
5 
3 
6 
3 
6 
3 
3 
4 
6 
6 
5 
3 
5 
3 
3 
2 
5 
6 
3 
4 
2 
2 
6 
3 
6 
3 
6 
4 
4 
6 
6 
4 
1 1033782215  
6 
6 
3 
1 702821077  
6 
5 
6 
2 
3 
5 
1 2049917079  
1 173677855  
5 
2 
4 
5 
3 
2 
5 
2 
5 
5 
5 
1 2073257736  
1 1293147528  
1 1877083718  
3 
4 
4 
4 
5 
2 
1 213696538  
6 
5 
6 
5 
5 
4 
6 
1 675286155  
5 
6 
1 157153663  
4 
3 
6 
5 
4 
3 
3 
3 
6 
1 1353718382  
2 
6 
4 
4 
3 
1 1382013267  
6 
2 
2 
6 
6 
3 
2 
4 
6 
6 
2 
4 
2 
5 
2 
2 
6 
2 
4 
4 
1 1803930173  
2 
3 
6 
3 
6 
6 
5 
4 
6 
2 
5 
2 
6 
2 
6 
3 
2 
6 
5 
5 
2 
4 
1 106831041  
4 
6 
6 
3 
6 
1 296467207  
4 
2 
5 
5 
5 
2 
5 
5 
1 853972303  
5 
2 
6 
4 
5 
5 
5 
6 
1 674574726  
5 
6 
4 
1 1760666675  
5 
5 
2 
1 824709034  
1 1021999636  
3 
3 
2 
2 
2 
1 1661356560  
1 484018754  
1 1252052695  
2 
3 
4 
4 
4 
6 
5 
6 
1 659535699  
3 
1 796072650  
4 
2 
3 
5 
4 
6 
5 
5 
1 194384146  
2 
1 486145024  
6 
5 
1 1002246045  
3 
5 
6 
4 
5 
1 1776640434  
6 
3 
1 601796418  
2 
2 
4 
1 639420969  
2 
4 
2 
6 
5 
5 
2 
2 
2 
2 
4 
5 
5 
5 
3 
3 
1 662939001  
4 
2 
6 
1 1304617495  
6 
4 
1 541854400  
2 
1 836616857  
5 
3 
1 1230391584  
6 
4 
3 
1 1835001928  
3 
6 
5 
4 
5 
5 
6 
1 566216927  
5 
1 1444088122  
4 
3 
2 
5 
6 
6 
1 362804435  
6 
6 
4 
6 
6 
2 
4 
2 
2 
3 
6 
5 
2 
4 
4 
4 
5 
3 
3 
5 
6 
1 723370591  
4 
1 650322856  
6 
2 
5 
4 
5 
3 
2 
4 
1 1744817703  
6 
1 379817116  
6 
6 
6 
6 
4 
3 
4 
1 757153897  
1 2041284910  
2 
3 
6 
1 1233789419  
1 1431728623  
5 
1 1654467937  
1 2058498453  
3 
5 
4 
3 
3 
3 
6 
6 
6 
6 
6 
2 
6 
2 
6 
2 
4 
5 
1 306244611  
1 1168340850  
2 
1 395033559  
5 
3 
2 
1 1558297306  
1 1827876549  
1 1191106210  
6 
4 
4 
2 
2 
1 1752681452  
3 
1 166537925  
5 
3 
1 45868607  
5 
2 
2 
2 
3 
5 
4 
6 
4 
3 
5 
5 
5 
2 
1 1381838238  
4 
5 
6 
2 
3 
5 
1 768334343  
3 
1 685289576  
4 
5 
1 2044777240  
4 
1 2072951839  
3 
3 
6 
1 1227143977  
1 733910449  
4 
1 1155859775  
2 
5 
2 
5 
1 914662257  
4 
2 
4 
4 
5 
3 
5 
1 1300127376  
4 
3 
4 
1 452464249  
5 
6 
3 
1 1277466693  
5 
2 
1 2023497967  
4 
3 
6 
5 
4 
4 
4 
4 
5 
1 1102787105  
4 
2 
3 
5 
1 874800748  
3 
6 
4 
2 
1 255831435  
3 
5 
5 
6 
4 
3 
3 
3 
5 
3 
5 
4 
1 1859941002  
6 
1 768602010  
1 1489620855  
2 
6 
1 1144185977  
2 
2 
3 
5 
2 
5 
3 
4 
3 
5 
1 275586300  
2 
4 
5 
4 
1 1400635660  
2 
4 
3 
1 1450430588  
3 
2 
2 
6 
2 
4 
5 
2 
1 1443927150  
1 1795669220  
4 
3 
1 861244246  
5 
3 
6 
1 1124320051  
6 
4 
3 
5 
1 839291782  
2 
3 
2 
5 
1 466442050  
3 
4 
2 
3 
2 
1 1290857976  
6 
4 
1 885160389  
6 
6 
1 1848280288  
4 
3 
5 
1 2059192319  
1 1570449966  
4 
6 
5 
5 
2 
6 
1 1745573880  
1 1984660510  
1 650110295  
6 
3 
2 
4 
5 
3 
6 
5 
5 
2 
5 
3 
2 
5 
2 
1 332000681  
5 
5 
3 
3 
6 
2 
3 
3 
5 
1 993036637  
3 
1 1564772552  
2 
5 
1 1632128058  
5 
1 1445500886  
4 
3 
3 
2 
4 
6 
6 
2 
3 
4 
3 
5 
4 
3 
5 
6 
5 
6 
4 
5 
1 694755597  
2 
5 
2 
5 
2 
1 1508142377  
4 
3 
5 
2 
4 
2 
1 400804343  
6 
6 
4 
4 
4 
5 
2 
4 
3 
5 
6 
2 
3 
2 
6 
4 
6 
4 
3 
2 
2 
6 
2 
5 
3 
5 
4 
4 
4 
4 
6 
5 
4 
1 1569556345  
5 
2 
3 
1 1763973813  
3 
4 
5 
1 113261697  
6 
1 190674708  
5 
3 
2 
3 
1 1106111020  
1 1257447674  
1 466261008  
5 
2 
6 
3 
4 
3 
4 
1 359263032  
5 
2 
2 
5 
1 560394614  
5 
1 1910188158  
6 
6 
4 
4 
1 7448604  
2 
5 
1 1421638860  
3 
6 
6 
1 887024561  
5 
1 846740386  
6 
4 
5 
5 
4 
5 
3 
5 
2 
3 
6 
2 
2 
1 1888080910  
2 
1 30398889  
5 
6 
4 
6 
4 
5 
5 
1 1731900776  
3 
6 
3 
5 
4 
5 
6 
3 
3 
3 
5 
3 
1 1588877551  
1 2089591208  
6 
6 
6 
3 
6 
6 
1 1154867094  
4 
5 
5 
4 
1 1186967783  
2 
4 
6 
3 
2 
1 1926768071  
2 
5 
2 
3 
2 
4 
6 
5 
5 
1 1804977389  
5 
5 
5 
3 
5 
4 
4 
4 
2 
4 
3 
3 
3 
6 
6 
2 
1 1518968465  
5 
6 
1 772321060  
5 
6 
4 
4 
6 
4 
3 
3 
4 
6 
3 
3 
2 
3 
5 
2 
3 
5 
2 
3 
4 
3 
2 
1 1222266293  
3 
6 
1 1003612875  
5 
4 
4 
2 
3 
2 
3 
6 
6 
2 
5 
2 
3 
5 
2 
2 
2 
2 
5 
6 
4 
2 
5 
4 
3 
5 
6 
5 
6 
2 
3 
2 
2 
3 
6 
4 
3 
2 
4 
2 
4 
5 
5 
6 
2 
5 
5 
1 70338299  
5 
2 
2 
5 
6 
2 
5 
6 
5 
6 
6 
6 
2 
6 
1 1917021891  
2 
4 
4 
4 
3 
5 
5 
4 
3 
1 364271604  
5 
6 
4 
4 
3 
5 
3 
4 
1 471142642  
6 
5 
1 1339094588  
6 
1 2128245417  
3 
5 
3 
6 
1 584404340  
6 
1 1529769296  
2 
4 
6 
3 
2 
4 
5 
1 1086872789  
5 
5 
2 
4 
5 
1 1841852014  
2 
2 
2 
4 
3 
4 
4 
6 
1 1996030304  
3 
3 
5 
5 
5 
5 
2 
4 
5 
3 
6 
3 
2 
5 
6 
3 
6 
1 1446135822  
4 
1 254762981  
6 
3 
3 
3 
1 1758734814  
1 1453584426  
2 
1 1676401841  
4 
1 498275727  
1 152841165  
2 
6 
5 
4 
1 1416999104  
5 
2 
4 
2 
5 
2 
2 
1 528674616  
5 
3 
1 1884741941  
1 858393007  
2 
4 
6 
4 
1 470782177  
2 
1 892125387  
5 
1 2045360790  
6 
4 
3 
4 
5 
6 
6 
6 
1 250066600  
4 
1 549619128  
3 
3 
2 
4 
5 
1 1416845607  
1 1022387660  
1 1771885421  
5 
1 272974834  
4 
1 1092725959  
5 
2 
1 1541423664  
6 
6 
1 637246439  
4 
2 
1 1563868602  
4 
2 
2 
1 733034605  
4 
3 
2 
3 
4 
4 
6 
5 
5 
2 
5 
2 
1 618008208  
3 
3 
3 
2 
5 
1 789294  
6 
6 
4 
5 
5 
4 
2 
2 
4 
2 
1 115320253  
4 
2 
6 
6 
3 
5 
6 
2 
5 
6 
3 
5 
5 
1 1704880998  
3 
1 1842641308  
2 
5 
3 
3 
1 2111350558  
2 
6 
1 1003533172  
5 
4 
4 
2 
1 2097404289  
3 
4 
6 
6 
4 
1 1722601724  
6 
6 
2 
3 
6 
2 
3 
6 
6 
5 
5 
2 
5 
1 309633950  
4 
2 
6 
6 
5 
3 
2 
2 
1 1626322483  
3 
5 
1 73393804  
6 
2 
3 
4 
2 
4 
6 
5 
4 
2 
1 462475115  
2 
3 
3 
3 
5 
3 
5 
3 
6 
1 895837939  
1 602068420  
1 199733408  
3 
5 
2 
1 1754230946  
2 
2 
2 
6 
1 1072850597  
4 
2 
2 
1 1091858795  
4 
4 
1 1652108088  
3 
4 
2 
1 1322917197  
2 
1 1641477923  
1 921470048  
5 
1 197821210  
4 
2 
6 
1 1265879697  
1 1194444882  
4 
3 
5 
5 
5 
2 
6 
2 
3 
4 
1 1290547169  
6 
4 
6 
4 
2 
4 
3 
1 659819713  
5 
4 
5 
5 
6 
1 1831691321  
6 
6 
2 
1 706932123  
6 
6 
1 1392854318  
6 
3 
3 
3 
5 
3 
2 
2 
1 302215882  
2 
2 
5 
3 
6 
2 
4 
3 
1 707721417  
2 
6 
5 
2 
1 1508174572  
1 2007096880  
5 
5 
5 
1 402879078  
4 
6 
3 
6 
3 
5 
4 
1 1472041482  
5 
6 
1 863146404  
1 352799719  
3 
5 
6 
5 
4 
1 1047159558  
1 1172780354  
4 
1 1979122202  
4 
1 1120553362  
4 
6 
1 1635255470  
3 
4 
6 
3 
1 727476493  
3 
1 1722621783  
1 1834988878  
4 
2 
2 
1 334223791  
2 
3 
5 
5 
5 
1 647988732  
1 779364026  
4 
2 
4 
5 
5 
6 
5 
5 
5 
3 
1 1986331880  
2 
4 
3 
2 
2 
4 
2 
5 
3 
2 
5 
4 
5 
3 
3 
4 
6 
5 
2 
3 
5 
1 1970905930  
1 273358301  
6 
5 
3 
4 
6 
4 
2 
6 
2 
1 760318280  
1 21243492  
6 
4 
4 
6 
3 
2 
5 
2 
1 1539237998  
2 
3 
2 
2 
1 1954763162  
5 
2 
6 
1 1311790661  
6 
6 
3 
2 
6 
5 
3 
4 
5 
3 
4 
6 
5 
6 
4 
6 
6 
1 51574064  
1 1638970836  
4 
2 
3 
4 
6 
6 
6 
1 2018722785  
6 
2 
1 1444428382  
1 1941186718  
1 578960554  
3 
4 
4 
6 
4 
4 
4 
6 
6 
1 805119306  
3 
1 1800799950  
5 
4 
1 981839632  
2 
2 
3 
1 129677140  
3 
1 516462706  
3 
4 
4 
6 
3 
6 
2 
4 
5 
6 
3 
5 
1 1334639352  
1 1176836699  
6 
1 1689243060  
6 
1 1166277906  
5 
2 
6 
3 
1 149906413  
4 
4 
4 
5 
6 
3 
1 1177014882  
5 
6 
6 
1 1893754400  
2 
1 1872528196  
3 
5 
4 
4 
6 
4 
2 
2 
1 864520113  
6 
1 80494543  
2 
1 373033281  
3 
6 
3 
3 
4 
1 1643884139  
1 2066826423  
2 
2 
3 
4 
5 
5 
4 
1 196455563  
5 
2 
6 
3 
3 
2 
1 1917242440  
4 
2 
6 
5 
2 
3 
1 679661055  
5 
6 
3 
4 
3 
3 
3 
6 
5 
1 217699055  
1 1308996791  
6 
4 
3 
3 
5 
6 
4 
1 486940570  
5 
1 1529489716  
5 
6 
3 
2 
2 
5 
1 1360570855  
2 
4 
4 
2 
3 
5 
2 
5 
5 
2 
3 
4 
6 
1 2125911406  
1 1400728853  
6 
1 657515589  
2 
4 
3 
5 
4 
2 
4 
2 
1 1919614476  
5 
1 1979689408  
3 
4 
6 
5 
4 
3 
2 
1 1462634896  
6 
1 1572930778  
4 
6 
1 814045392  
5 
2 
1 1592312036  
2 
5 
5 
6 
2 
1 2089393484  
4 
1 1201096  
6 
3 
2 
4 
4 
6 
1 621665087  
1 1631152896  
3 
5 
5 
6 
1 1167479003  
3 
5 
2 
6 
4 
2 
2 
2 
5 
4 
5 
3 
1 771571501  
4 
2 
1 660684131  
4 
5 
2 
4 
2 
2 
3 
1 913749755  
5 
5 
1 496616049  
4 
1 1525204244  
2 
5 
5 
4 
3 
1 994244298  
5 
6 
6 
5 
5 
1 869649330  
1 1021604735  
5 
2 
4 
1 913587074  
3 
3 
3 
2 
6 
5 
3 
3 
5 
5 
1 1066104893  
1 791363527  
2 
1 1593248129  
3 
3 
2 
4 
1 1283803948  
4 
4 
6 
6 
5 
3 
2 
3 
6 
4 
1 2100360318  
1 2080188699  
4 
1 665810017  
1 1313447525  
5 
6 
5 
3 
3 
1 2058616457  
5 
1 2066538870  
2 
3 
2 
4 
5 
4 
4 
3 
5 
3 
5 
5 
3 
3 
3 
1 1970963115  
5 
4 
5 
4 
3 
2 
6 
3 
2 
5 
2 
1 1830747285  
6 
3 
6 
2 
2 
4 
4 
5 
3 
3 
1 1898744630  
6 
4 
1 1286114363  
6 
1 1256194415  
6 
6 
3 
3 
5 
1 565306375  
5 
6 
2 
2 
3 
6 
5 
6 
3 
3 
4 
2 
2 
5 
3 
3 
1 730942751  
2 
2 
1 1198104251  
3 
3 
1 566507471  
2 
6 
3 
2 
6 
4 
4 
6 
2 
5 
4 
4 
4 
4 
3 
2 
4 
5 
2 
3 
6 
2 
5 
3 
1 1352607839  
3 
3 
3 
2 
1 681773500  
2 
1 1733986474  
3 
3 
1 2124179340  
6 
1 1342457631  
3 
3 
2 
4 
2 
1 500252581  
1 473311741  
5 
5 
6 
1 720178227  
4 
5 
5 
2 
5 
3 
5 
5 
4 
3 
3 
3 
1 1494496880  
5 
5 
4 
2 
6 
5 
3 
5 
6 
2 
5 
1 1342961072  
2 
2 
6 
1 1741782962  
1 260600306  
4 
2 
6 
5 
2 
3 
1 261582317  
5 
6 
5 
2 
5 
5 
2 
5 
4 
2 
4 
5 
3 
2 
1 385662841  
3 
1 1853848435  
3 
3 
2 
4 
6 
2 
4 
6 
2 
4 
2 
4 
4 
4 
1 1545386266  
6 
3 
5 
3 
2 
5 
2 
5 
3 
5 
1 338539512  
5 
1 1786553487  
3 
4 
5 
4 
1 63712635  
2 
1 1651987037  
1 1697686296  
3 
4 
2 
3 
5 
4 
5 
4 
3 
4 
1 2130251505  
6 
1 1475466504  
3 
5 
1 1380949934  
4 
1 1881512488  
6 
4 
6 
6 
2 
6 
2 
4 
4 
4 
4 
6 
5 
5 
5 
6 
2 
6 
2 
3 
2 
2 
2 
5 
1 614097219  
3 
6 
2 
6 
1 489660701  
3 
3 
5 
5 
2 
6 
4 
3 
2 
3 
3 
4 
6 
2 
4 
5 
1 299335215  
2 
2 
6 
6 
5 
5 
4 
2 
2 
5 
2 
6 
2 
4 
2 
6 
2 
3 
4 
5 
4 
2 
6 
1 1345039971  
2 
5 
5 
4 
1 1687764953  
2 
6 
2 
6 
5 
4 
1 865842686  
1 550164162  
5 
4 
3 
2 
3 
4 
2 
6 
1 222054805  
5 
6 
1 452345513  
6 
2 
1 526859854  
6 
2 
2 
3 
3 
6 
1 1564512436  
1 952598094  
4 
1 1000171595  
1 137207015  
3 
4 
2 
2 
4 
2 
4 
4 
1 299611326  
2 
5 
3 
6 
1 195649019  
4 
1 1878989977  
3 
5 
6 
4 
4 
4 
2 
1 560211632  
6 
1 457231337  
5 
6 
2 
1 117169170  
1 266576420  
5 
5 
4 
4 
6 
3 
1 2002617603  
3 
2 
1 455708682  
6 
5 
4 
4 
1 2053129907  
2 
5 
1 2066330238  
3 
4 
6 
5 
3 
4 
2 
4 
6 
6 
6 
2 
6 
4 
5 
2 
5 
6 
3 
1 2107695720  
4 
3 
4 
5 
5 
5 
6 
2 
2 
1 1603332555  
4 
2 
6 
4 
5 
4 
2 
5 
2 
2 
4 
6 
3 
4 
4 
2 
6 
6 
4 
5 
5 
2 
4 
4 
4 
2 
2 
4 
4 
1 2049098095  
5 
2 
3 
5 
3 
1 1435678576  
5 
2 
4 
1 836798841  
5 
5 
4 
1 1783126935  
1 2049775796  
1 1326459543  
5 
2 
6 
6 
6 
4 
5 
1 2082462150  
2 
3 
3 
6 
3 
1 1247332119  
6 
5 
6 
1 866740848  
2 
2 
3 
3 
2 
3 
2 
4 
2 
3 
3 
5 
2 
5 
5 
1 800821189  
6 
3 
1 1797496281  
4 
1 1088795653  
4 
1 1253166702  
5 
4 
6 
6 
4 
2 
4 
3 
4 
4 
6 
3 
5 
6 
5 
1 176872487  
2 
2 
5 
2 
1 505824441  
2 
3 
6 
5 
2 
2 
2 
2 
4 
3 
5 
2 
2 
1 58281148  
2 
3 
6 
6 
2 
5 
4 
6 
1 1177044082  
3 
4 
4 
1 643031456  
6 
5 
3 
2 
2 
6 
3 
5 
3 
2 
5 
5 
2 
6 
4 
1 357892475  
3 
5 
1 1372693102  
3 
4 
2 
5 
2 
4 
4 
3 
5 
1 374537785  
5 
5 
4 
2 
6 
4 
6 
1 918104107  
1 1829924439  
3 
1 491706955  
3 
5 
6 
3 
5 
4 
5 
6 
1 1184680527  
5 
6 
4 
4 
1 1685058394  
6 
5 
5 
6 
2 
1 947415638  
2 
5 
4 
5 
4 
4 
6 
5 
1 1090326786  
1 1603904984  
1 907627710  
2 
3 
3 
5 
5 
1 546175694  
6 
6 
4 
3 
3 
1 1505519431  
2 
5 
4 
6 
4 
3 
6 
3 
4 
5 
2 
4 
6 
1 195822638  
1 1382974535  
3 
4 
3 
4 
6 
1 1141162719  
1 98114786  
6 
5 
2 
6 
3 
5 
2 
5 
3 
6 
6 
5 
5 
3 
6 
2 
5 
3 
1 561950430  
1 1076141221  
2 
1 1345446905  
2 
4 
2 
2 
4 
4 
2 
1 1428691278  
3 
4 
6 
6 
3 
3 
6 
4 
2 
5 
1 1876962410  
5 
3 
6 
2 
4 
1 995459538  
3 
5 
5 
1 370003283  
2 
5 
6 
2 
6 
3 
4 
2 
5 
1 982645464  
6 
1 1172332025  
6 
6 
2 
5 
4 
2 
4 
4 
6 
3 
2 
2 
4 
5 
5 
2 
5 
1 875827724  
3 
2 
1 1040926613  
3 
3 
1 201892460  
4 
3 
3 
5 
6 
2 
5 
2 
3 
1 1518859180  
3 
6 
2 
4 
2 
5 
5 
3 
4 
5 
3 
4 
3 
2 
1 1398819088  
6 
6 
4 
5 
3 
3 
5 
2 
4 
3 
2 
4 
4 
2 
5 
2 
3 
3 
5 
2 
3 
5 
2 
6 
1 1574585562  
3 
6 
1 1893396965  
4 
1 169439547  
6 
4 
6 
6 
4 
2 
1 1257026353  
5 
1 237620273  
1 1354120075  
3 
1 794601099  
2 
3 
5 
3 
4 
3 
6 
4 
4 
6 
4 
5 
4 
1 1185035911  
3 
3 
5 
2 
1 296963213  
2 
2 
2 
3 
1 251022435  
4 
2 
2 
5 
1 2092663621  
5 
3 
3 
1 843138907  
4 
1 1756541866  
2 
2 
5 
4 
2 
5 
3 
2 
2 
6 
6 
5 
3 
1 141002611  
1 78629795  
6 
6 
1 750220937  
1 239117398  
4 
3 
3 
4 
3 
4 
3 
4 
3 
5 
6 
6 
1 640580225  
6 
3 
1 1826362159  
5 
6 
3 
4 
3 
6 
6 
2 
5 
6 
3 
3 
5 
5 
3 
4 
3 
2 
4 
4 
4 
6 
6 
5 
4 
4 
1 1584564303  
2 
5 
1 2069271504  
2 
4 
5 
2 
6 
2 
2 
1 1555840921  
3 
3 
5 
2 
4 
2 
4 
5 
1 432540194  
2 
4 
6 
6 
2 
4 
2 
1 291791139  
3 
5 
3 
6 
3 
6 
3 
1 391002738  
1 1604872219  
5 
1 1167618864  
3 
2 
5 
5 
3 
6 
5 
1 1431929351  
3 
1 1806764679  
1 538994396  
2 
5 
1 683264791  
3 
2 
4 
4 
5 
4 
1 1233866593  
2 
4 
2 
5 
5 
4 
2 
6 
3 
1 284907714  
3 
4 
4 
2 
4 
6 
4 
2 
3 
4 
4 
4 
2 
4 
5 
5 
2 
3 
3 
3 
2 
4 
1 852704338  
3 
4 
5 
5 
5 
4 
2 
3 
3 
2 
4 
6 
4 
2 
2 
2 
1 343409298  
6 
2 
3 
5 
3 
6 
1 522527987  
1 59340765  
1 1138010397  
5 
2 
4 
1 1707563898  
1 356303979  
3 
3 
5 
6 
3 
3 
6 
3 
2 
2 
3 
6 
1 1389032832  
1 1652743871  
2 
1 1199442886  
4 
5 
2 
1 998091051  
4 
4 
3 
3 
1 1793746482  
2 
2 
3 
3 
1 1278072681  
6 
6 
1 1748311988  
2 
1 2032863880  
5 
5 
3 
6 
3 
3 
4 
3 
4 
3 
1 1918652907  
1 1427190499  
1 1469944536  
6 
4 
5 
6 
6 
5 
4 
4 
3 
2 
3 
1 1840440763  
3 
2 
3 
5 
5 
6 
6 
3 
2 
6 
1 835547773  
4 
1 1902484730  
5 
6 
5 
1 2132231902  
5 
4 
5 
4 
1 1226550511  
3 
5 
1 1359873301  
5 
2 
6 
5 
4 
3 
2 
4 
6 
5 
6 
6 
1 1152367118  
6 
1 510996214  
5 
3 
3 
6 
5 
5 
4 
1 1019154333  
6 
5 
1 1691361515  
2 
1 1194261005  
2 
3 
6 
1 105537278  
3 
3 
6 
6 
6 
1 1976269229  
2 
6 
4 
4 
3 
6 
5 
4 
6 
3 
1 2046965343  
5 
2 
1 448946577  
2 
4 
5 
4 
2 
6 
4 
6 
4 
3 
4 
5 
5 
1 351313568  
6 
1 2106306109  
3 
3 
2 
5 
3 
4 
4 
2 
1 1586956974  
3 
3 
5 
2 
6 
4 
4 
4 
1 2058877466  
5 
3 
5 
1 315126440  
3 
6 
6 
2 
2 
6 
4 
1 828506159  
2 
4 
1 1564137689  
6 
5 
6 
4 
1 1514569326  
2 
5 
2 
5 
3 
2 
4 
6 
1 1826597210  
4 
6 
4 
5 
3 
5 
2 
6 
1 1210400523  
4 
3 
6 
3 
1 645158360  
1 1427425550  
5 
2 
2 
3 
1 1095780756  
4 
1 416327619  
5 
1 707132402  
5 
5 
2 
1 418241644  
1 109284734  
4 
6 
5 
6 
4 
1 1542680175  
6 
5 
6 
3 
2 
3 
3 
5 
2 
3 
5 
5 
1 173242726  
1 94032988  
6 
4 
3 
1 621747038  
4 
6 
2 
3 
1 1533116027  
3 
6 
2 
6 
3 
5 
5 
2 
3 
1 1246400107  
2 
6 
1 1132743252  
1 404786712  
2 
4 
2 
4 
2 
5 
4 
1 790277974  
4 
4 
4 
5 
2 
3 
6 
5 
2 
1 179520609  
2 
1 510323991  
3 
4 
5 
2 
6 
6 
3 
3 
3 
3 
2 
2 
1 619063555  
6 
2 
1 79002304  
1 959270568  
6 
6 
1 970377123  
5 
3 
6 
1 37824765  
1 398743894  
4 
5 
4 
5 
3 
1 881770941  
5 
4 
4 
1 352951205  
4 
5 
3 
1 1227250053  
4 
1 298424982  
2 
3 
6 
1 1867520532  
5 
6 
1 906363615  
4 
4 
5 
6 
3 
2 
4 
5 
4 
1 1508825505  
3 
1 365195244  
4 
2 
5 
4 
3 
1 186305518  
2 
4 
1 457122613  
3 
3 
4 
5 
2 
6 
4 
3 
1 781522863  
6 
5 
2 
1 893437920  
5 
5 
3 
5 
6 
2 
5 
1 875364257  
1 890807597  
5 
6 
6 
1 288634447  
2 
3 
3 
6 
6 
3 
2 
2 
5 
6 
5 
5 
1 1048606983  
3 
5 
3 
3 
6 
2 
2 
1 984840585  
4 
1 910381485  
3 
4 
5 
4 
4 
2 
6 
6 
1 434239363  
3 
1 83757044  
2 
2 
4 
6 
1 2043124737  
2 
6 
2 
2 
3 
1 839026075  
5 
2 
1 874035018  
4 
6 
2 
4 
1 75161698  
6 
4 
3 
2 
4 
2 
5 
3 
6 
2 
1 1349350066  
1 1493098573  
4 
1 154164002  
5 
4 
5 
1 161136986  
6 
5 
5 
3 
5 
5 
4 
4 
3 
2 
6 
1 315992048  
6 
5 
5 
3 
2 
3 
3 
1 191988768  
4 
2 
3 
4 
4 
2 
3 
3 
1 559880881  
1 1197762989  
2 
3 
4 
5 
2 
4 
4 
2 
3 
2 
1 544939973  
4 
5 
6 
6 
2 
1 1787130934  
6 
2 
5 
4 
2 
5 
1 1496187971  
6 
2 
3 
6 
5 
1 264976857  
1 546010902  
3 
6 
6 
5 
1 857529829  
2 
6 
2 
5 
4 
6 
5 
1 630172101  
3 
4 
4 
4 
2 
1 732316420  
6 
1 1314652442  
4 
5 
1 1411694964  
4 
5 
5 
2 
4 
2 
2 
1 1625754340  
3 
3 
6 
5 
6 
1 42533052  
3 
4 
2 
3 
4 
2 
2 
1 155018913  
6 
1 1914388787  
6 
6 
4 
6 
3 
2 
3 
5 
2 
6 
5 
4 
4 
6 
2 
2 
6 
1 1091140035  
3 
2 
5 
1 1139859499  
3 
6 
5 
5 
6 
1 677286624  
2 
2 
2 
2 
1 1525379398  
3 
6 
1 1223616543  
3 
6 
1 572927713  
6 
6 
5 
3 
5 
3 
3 
4 
2 
6 
6 
6 
4 
5 
4 
5 
1 216921826  
4 
5 
1 2097651562  
5 
2 
1 648089411  
2 
3 
5 
6 
1 1566271892  
4 
5 
6 
6 
4 
1 1443266487  
4 
6 
4 
3 
5 
5 
1 802253413  
4 
3 
4 
6 
5 
3 
4 
1 1727408879  
6 
6 
2 
6 
4 
2 
3 
1 1759258536  
5 
1 994242181  
6 
2 
5 
2 
3 
6 
3 
5 
3 
3 
3 
3 
3 
6 
3 
4 
3 
4 
3 
3 
3 
2 
3 
4 
3 
5 
1 139806112  
1 809537877  
6 
4 
3 
2 
1 1539182155  
6 
2 
3 
3 
4 
6 
3 
3 
6 
3 
3 
3 
3 
4 
1 1926937046  
3 
6 
6 
6 
4 
4 
1 158242201  
4 
4 
2 
2 
4 
1 1804159012  
3 
1 325464300  
2 
2 
6 
6 
2 
2 
2 
3 
4 
1 1015772030  
4 
2 
6 
2 
1 286847466  
5 
5 
4 
6 
2 
5 
5 
5 
5 
6 
5 
6 
5 
1 1057780720  
4 
3 
1 182940824  
3 
4 
1 1698542430  
4 
4 
1 536051412  
4 
2 
4 
2 
3 
4 
4 
1 225473876  
5 
6 
2 
5 
3 
4 
2 
4 
1 1853561344  
2 
2 
2 
2 
3 
2 
4 
1 302956551  
6 
1 1316613912  
5 
5 
4 
1 845937195  
3 
1 980243175  
1 694509662  
1 2069553738  
1 1553170888  
4 
4 
6 
1 911431488  
3 
3 
3 
5 
4 
3 
4 
2 
6 
6 
3 
1 2019721652  
2 
2 
1 53776651  
3 
3 
4 
4 
4 
3 
1 330219733  
6 
3 
4 
6 
3 
6 
3 
4 
4 
3 
4 
5 
3 
1 1315504492  
4 
5 
1 856030065  
6 
4 
1 2057628612  
1 927279380  
1 1850272246  
3 
1 49951076  
2 
5 
1 1736817257  
1 1241970753  
3 
1 1976888122  
6 
3 
5 
4 
1 1895059458  
6 
2 
4 
4 
5 
1 898646118  
6 
3 
1 154868775  
2 
5 
1 763347840  
1 1185493584  
1 1212649495  
3 
4 
3 
5 
6 
6 
1 946288665  
1 736552366  
5 
6 
2 
4 
3 
3 
3 
6 
5 
5 
2 
2 
3 
2 
3 
2 
5 
5 
3 
2 
3 
4 
3 
4 
1 1748700908  
5 
2 
6 
2 
5 
1 1171762541  
3 
4 
1 442630062  
1 2051657459  
6 
3 
2 
4 
6 
2 
4 
1 340892805  
6 
2 
3 
4 
6 
5 
1 1288567257  
6 
3 
4 
4 
4 
1 884416987  
1 1035402468  
1 1210637348  
5 
3 
6 
5 
2 
3 
5 
4 
6 
1 290104227  
5 
5 
4 
6 
1 1946833956  
1 1082875352  
5 
4 
2 
5 
1 343880879  
3 
4 
5 
4 
1 129570041  
2 
6 
5 
5 
6 
6 
5 
5 
5 
3 
2 
2 
6 
5 
6 
6 
3 
1 250896196  
1 1199910944  
3 
3 
4 
1 39715005  
1 1178175576  
2 
5 
1 902699542  
3 
4 
6 
1 89666081  
2 
4 
5 
2 
5 
4 
5 
4 
6 
5 
1 767509186  
5 
6 
1 2144670296  
2 
5 
3 
4 
6 
1 2066554204  
4 
4 
5 
6 
2 
2 
3 
1 515084996  
5 
5 
5 
6 
3 
1 895832766  
1 73939331  
3 
4 
6 
2 
5 
3 
2 
2 
6 
1 1278432837  
3 
1 2081326350  
4 
1 1286588826  
1 77237854  
6 
2 
5 
5 
3 
3 
6 
2 
4 
3 
3 
6 
4 
4 
2 
3 
5 
4 
4 
1 670395068  
4 
3 
6 
1 887806086  
6 
3 
2 
4 
5 
5 
3 
4 
6 
2 
4 
5 
5 
3 
2 
1 1249000395  
3 
4 
5 
2 
1 1113025131  
6 
3 
1 791979898  
3 
6 
5 
3 
4 
4 
1 1589893201  
5 
1 254108740  
3 
6 
1 1676396885  
2 
3 
6 
4 
2 
6 
3 
1 477812021  
3 
4 
5 
3 
3 
4 
6 
6 
2 
6 
3 
3 
1 1464746088  
3 
5 
2 
3 
1 1966501112  
3 
2 
5 
5 
4 
5 
2 
4 
3 
4 
3 
6 
3 
3 
1 277162329  
4 
5 
4 
1 400137793  
6 
2 
6 
6 
4 
5 
3 
1 162898343  
5 
5 
6 
4 
2 
4 
6 
5 
6 
4 
6 
6 
6 
3 
5 
1 406732371  
5 
3 
4 
5 
3 
6 
3 
3 
5 
5 
3 
1 651033989  
6 
5 
4 
1 1362809287  
1 446447376  
3 
3 
3 
3 
2 
6 
5 
6 
3 
2 
1 1829209566  
3 
5 
2 
5 
5 
3 
4 
5 
2 
1 118025182  
1 536113458  
1 449235104  
4 
3 
6 
1 115211830  
1 455184014  
1 964320100  
2 
6 
2 
1 1011044596  
4 
3 
1 529123345  
1 95269289  
5 
2 
6 
4 
3 
3 
5 
3 
6 
4 
2 
1 944887298  
2 
2 
4 
2 
5 
2 
6 
5 
4 
6 
5 
6 
2 
4 
5 
4 
4 
2 
1 1815712171  
2 
6 
1 172507143  
4 
3 
3 
6 
2 
2 
5 
1 1615282366  
3 
1 556034610  
6 
5 
5 
2 
4 
6 
3 
6 
3 
3 
2 
5 
3 
3 
1 1421507539  
5 
3 
6 
2 
5 
1 580823849  
5 
4 
2 
6 
1 1348014508  
6 
3 
3 
5 
1 863917092  
4 
5 
4 
2 
1 834932590  
5 
4 
5 
4 
1 876927745  
2 
5 
3 
2 
3 
1 1341729113  
2 
4 
3 
1 152195030  
4 
3 
1 695945209  
3 
1 1618891442  
2 
3 
4 
3 
5 
6 
5 
5 
2 
3 
1 552332823  
3 
6 
6 
3 
6 
6 
2 
4 
4 
4 
6 
4 
4 
4 
5 
4 
5 
3 
1 858843553  
6 
5 
5 
6 
2 
4 
3 
5 
3 
1 2025623813  
4 
4 
1 1203366813  
6 
3 
2 
5 
1 74169192  
2 
1 324587542  
6 
4 
2 
1 885092731  
3 
4 
5 
3 
5 
6 
6 
4 
2 
2 
3 
3 
6 
4 
5 
4 
2 
1 192194374  
2 
2 
1 860701000  
1 1334327835  
4 
1 307406204  
2 
4 
4 
6 
4 
5 
4 
3 
3 
1 1315885014  
6 
2 
1 151164287  
2 
6 
2 
3 
3 
2 
1 1318450800  
4 
3 
5 
2 
6 
3 
5 
5 
4 
5 
1 1845008359  
2 
1 246433577  
5 
4 
5 
5 
6 
3 
3 
3 
1 115854450  
5 
1 1513236882  
2 
3 
4 
6 
3 
5 
5 
6 
1 418940720  
2 
3 
1 1731136817  
2 
3 
2 
5 
6 
6 
5 
2 
4 
1 2069271492  
3 
4 
3 
4 
6 
5 
6 
6 
3 
4 
6 
3 
3 
3 
4 
4 
1 1840448259  
3 
5 
2 
6 
1 164477018  
6 
1 1269802352  
2 
2 
3 
1 556881703  
4 
3 
2 
6 
5 
2 
5 
6 
1 999409608  
5 
1 2146730097  
4 
6 
1 1898610816  
2 
3 
4 
3 
1 1151604639  
3 
2 
2 
4 
3 
2 
3 
4 
6 
1 695191659  
2 
6 
6 
6 
4 
1 1370018611  
1 1703937462  
6 
3 
3 
6 
1 1554035212  
2 
3 
2 
4 
3 
2 
3 
2 
3 
3 
2 
3 
2 
5 
6 
2 
4 
6 
6 
5 
2 
6 
5 
6 
4 
4 
3 
4 
4 
1 1248158776  
2 
3 
6 
1 759820627  
2 
6 
1 1628204404  
6 
5 
6 
6 
3 
6 
3 
3 
1 1572746318  
1 1644913358  
2 
1 1820398779  
4 
3 
6 
6 
4 
6 
3 
3 
6 
5 
1 285963670  
5 
1 831757545  
3 
3 
1 2127804983  
1 1601848684  
3 
4 
1 982921833  
2 
5 
4 
1 1298772136  
5 
4 
5 
2 
4 
5 
5 
3 
3 
5 
1 1299373395  
3 
5 
4 
1 1229355410  
4 
5 
4 
2 
1 1414626586  
2 
3 
2 
5 
3 
5 
2 
6 
5 
3 
2 
5 
5 
4 
2 
1 665126630  
5 
1 1648296130  
5 
1 998279755  
1 586914474  
3 
5 
5 
6 
3 
6 
1 1341260742  
6 
6 
3 
4 
2 
3 
5 
6 
3 
2 
3 
5 
4 
5 
2 
3 
4 
6 
4 
6 
1 1162756774  
2 
5 
2 
3 
5 
6 
5 
4 
1 1856716827  
1 1898142445  
1 14682734  
6 
5 
5 
4 
4 
6 
6 
1 1855963276  
2 
6 
2 
2 
2 
3 
6 
5 
4 
4 
3 
1 1649269614  
4 
6 
3 
4 
3 
5 
3 
2 
2 
3 
6 
3 
6 
4 
4 
3 
6 
2 
1 1166287373  
3 
2 
2 
6 
6 
5 
4 
2 
6 
1 403671287  
2 
4 
2 
2 
5 
2 
3 
2 
6 
4 
1 871804577  
5 
4 
6 
6 
6 
6 
6 
3 
4 
4 
5 
5 
3 
5 
1 722741188  
6 
2 
5 
2 
1 1957706499  
3 
1 2119963353  
4 
1 1482561815  
3 
4 
6 
1 1438427256  
1 1545226024  
3 
6 
1 979991526  
1 1111342387  
4 
3 
6 
6 
1 1831189694  
6 
3 
4 
3 
4 
3 
5 
6 
2 
1 1811749071  
1 1091663722  
4 
5 
4 
6 
6 
5 
4 
6 
3 
4 
2 
1 1285554731  
3 
1 647187256  
4 
3 
2 
4 
1 242952210  
3 
6 
4 
5 
1 437444478  
2 
5 
4 
5 
1 1876542666  
5 
4 
3 
2 
1 1657578797  
1 1102571108  
6 
6 
5 
1 1377355149  
2 
2 
6 
6 
5 
4 
6 
2 
6 
3 
6 
3 
6 
2 
1 508374904  
6 
6 
2 
5 
4 
6 
1 1689485583  
2 
2 
5 
6 
6 
3 
3 
2 
2 
6 
5 
1 571132243  
5 
2 
5 
3 
4 
1 1671131678  
6 
5 
1 1398718762  
3 
2 
3 
1 321791040  
6 
2 
2 
5 
3 
4 
1 1685814413  
1 1107198390  
6 
4 
3 
4 
4 
4 
6 
6 
1 1971060654  
5 
1 704618138  
3 
3 
6 
6 
2 
4 
2 
2 
4 
3 
3 
6 
2 
3 
6 
2 
4 
3 
3 
5 
5 
2 
5 
3 
2 
3 
2 
4 
4 
3 
3 
4 
5 
5 
2 
6 
3 
3 
5 
6 
5 
6 
2 
4 
6 
2 
2 
1 1510869678  
3 
2 
5 
1 695381583  
2 
1 1427359326  
3 
4 
5 
4 
1 1321092529  
5 
3 
6 
1 667861289  
6 
5 
5 
1 762437494  
5 
3 
2 
4 
4 
4 
6 
6 
2 
3 
1 612036137  
6 
2 
4 
4 
1 65603665  
3 
6 
6 
2 
4 
6 
4 
1 1742429020  
6 
5 
6 
4 
4 
4 
3 
2 
1 1723378524  
6 
6 
4 
5 
5 
2 
3 
5 
6 
4 
1 1896793359  
4 
5 
1 1406694443  
3 
6 
6 
1 667558599  
1 1034864442  
2 
4 
2 
4 
6 
5 
3 
1 2053881700  
2 
6 
2 
2 
5 
1 910510809  
6 
1 1472308921  
2 
3 
1 1782940718  
1 420605958  
1 427396381  
6 
6 
1 1012812219  
3 
2 
5 
3 
1 928980863  
6 
2 
5 
6 
3 
3 
3 
6 
6 
2 
3 
3 
4 
1 2116881964  
6 
3 
2 
6 
4 
2 
4 
2 
4 
4 
4 
5 
3 
3 
3 
4 
1 1583944462  
4 
2 
1 452628893  
1 1368117078  
5 
2 
3 
2 
4 
6 
5 
5 
1 1905735503  
2 
5 
6 
6 
2 
5 
6 
4 
6 
1 2138443306  
3 
6 
3 
4 
1 327831821  
5 
2 
2 
3 
1 1729312509  
5 
5 
6 
4 
4 
1 695577797  
3 
5 
5 
1 1838701499  
6 
4 
1 277210445  
1 2122937123  
2 
2 
3 
1 1012310380  
1 945071734  
1 737890969  
6 
5 
3 
6 
6 
2 
6 
2 
5 
2 
1 1624346518  
4 
1 1010675399  
6 
6 
1 332836341  
2 
3 
2 
3 
4 
4 
2 
6 
3 
1 1200241394  
3 
2 
6 
2 
4 
2 
3 
1 759985110  
3 
1 1739530785  
2 
6 
2 
4 
5 
1 1867799993  
1 1794849553  
3 
3 
3 
6 
3 
3 
3 
4 
5 
2 
4 
6 
1 1645928837  
6 
1 630827155  
4 
1 1119674826  
3 
3 
2 
3 
3 
1 1281385907  
2 
2 
1 1051433113  
1 1547071207  
6 
6 
3 
1 146714479  
1 1980413976  
2 
1 1516469524  
6 
4 
2 
6 
3 
6 
5 
5 
3 
2 
3 
4 
6 
4 
5 
3 
6 
6 
6 
4 
1 1730658941  
3 
4 
2 
2 
4 
1 285559222  
3 
6 
1 737102954  
3 
2 
3 
6 
2 
1 1488910796  
4 
1 276518880  
6 
5 
5 
3 
6 
2 
5 
5 
1 1064934775  
2 
2 
4 
2 
5 
4 
2 
4 
4 
4 
4 
5 
5 
1 1070739658  
5 
3 
3 
3 
5 
2 
3 
5 
1 972096677  
3 
3 
6 
3 
5 
2 
6 
6 
6 
5 
6 
5 
1 756152626  
2 
2 
3 
4 
2 
6 
1 1347950103  
4 
2 
1 947550153  
2 
6 
1 1768463007  
2 
5 
1 145538189  
2 
3 
5 
2 
2 
4 
5 
6 
2 
3 
3 
2 
3 
1 1685441122  
2 
6 
1 1245325877  
5 
6 
1 1156213588  
3 
2 
2 
5 
4 
4 
6 
2 
4 
1 2018277464  
2 
2 
2 
4 
1 298083623  
5 
4 
5 
3 
3 
1 1916198698  
4 
1 1610324601  
5 
4 
6 
5 
6 
3 
1 18399969  
3 
6 
5 
1 1563564603  
1 1108769790  
6 
1 649227124  
1 535755781  
1 242672049  
4 
4 
5 
6 
3 
1 1700660237  
3 
2 
5 
3 
3 
5 
5 
6 
5 
4 
4 
1 2082826989  
3 
2 
1 389386528  
1 1533590566  
3 
4 
4 
4 
1 1451812865  
1 2120045470  
1 1819149788  
2 
2 
2 
5 
2 
2 
1 41432171  
1 1461472618  
1 2095668668  
2 
3 
4 
6 
6 
2 
4 
4 
2 
6 
5 
5 
6 
4 
3 
2 
3 
2 
5 
3 
2 
2 
2 
5 
4 
3 
5 
3 
6 
3 
2 
1 1106366947  
6 
1 384728628  
2 
2 
2 
3 
5 
1 920281698  
4 
5 
2 
4 
2 
5 
3 
4 
6 
3 
2 
2 
4 
3 
6 
1 1862519573  
6 
5 
6 
4 
1 1732678731  
1 1867831851  
2 
3 
5 
3 
4 
6 
2 
6 
3 
6 
3 
1 1483498932  
4 
6 
4 
5 
3 
6 
1 1878216920  
3 
3 
1 1405789325  
4 
3 
5 
6 
4 
4 
3 
4 
6 
2 
6 
3 
6 
1 581341161  
1 886946860  
5 
6 
4 
4 
5 
4 
6 
3 
3 
2 
4 
4 
5 
1 1276583141  
1 879424785  
1 655661911  
5 
3 
1 739424094  
3 
