2 
6 
6 
6 
2 
4 
6 
6 
3 
4 
2 
6 
6 
6 
3 
6 
4 
5 
2 
6 
1 313990497  
3 
2 
5 
6 
3 
1 1400405279  
2 
4 
3 
4 
4 
6 
5 
6 
4 
1 1799753488  
5 
2 
5 
1 1990106874  
2 
6 
5 
1 908962121  
4 
1 1857977119  
3 
5 
5 
5 
4 
4 
6 
4 
1 1892398582  
1 1272845201  
4 
4 
5 
2 
3 
5 
5 
3 
5 
6 
6 
3 
1 600983257  
3 
3 
1 1122671026  
3 
6 
4 
6 
1 624294324  
4 
1 95156711  
5 
3 
4 
6 
5 
1 126483348  
6 
6 
6 
1 649472201  
3 
3 
4 
2 
6 
5 
3 
3 
4 
3 
3 
1 2128057438  
1 1375539704  
4 
2 
3 
2 
3 
3 
4 
5 
5 
5 
5 
6 
6 
6 
2 
4 
3 
4 
6 
3 
4 
2 
6 
6 
4 
5 
5 
1 1435908662  
5 
5 
2 
5 
1 402161585  
1 1017211327  
5 
6 
4 
1 1668285365  
6 
4 
4 
4 
2 
6 
1 1606893733  
2 
5 
6 
6 
6 
2 
1 1430511915  
5 
6 
2 
3 
2 
5 
5 
5 
1 807734893  
5 
4 
2 
4 
2 
6 
4 
2 
5 
5 
5 
4 
6 
4 
5 
4 
2 
6 
4 
2 
5 
5 
1 248596660  
3 
6 
3 
2 
1 1141107071  
1 1532142982  
4 
4 
2 
3 
4 
2 
3 
2 
1 575267490  
2 
2 
5 
2 
3 
1 925395244  
1 542111482  
5 
5 
4 
4 
1 967163667  
5 
5 
6 
6 
1 355252192  
6 
1 856101979  
2 
5 
4 
1 220085298  
2 
5 
2 
5 
6 
1 7522032  
2 
1 698725206  
1 1129047419  
2 
4 
2 
6 
5 
4 
6 
6 
3 
5 
1 1865499151  
6 
6 
2 
2 
2 
6 
2 
3 
6 
2 
1 443640140  
4 
6 
5 
5 
4 
6 
5 
2 
2 
4 
4 
5 
6 
2 
1 254408973  
4 
3 
3 
3 
6 
4 
4 
5 
1 318998760  
6 
6 
4 
3 
1 1566311167  
6 
2 
2 
1 878703297  
3 
2 
3 
5 
3 
2 
5 
1 414155472  
2 
4 
3 
3 
2 
1 1692794515  
6 
5 
6 
4 
1 1528175498  
6 
6 
6 
3 
3 
5 
5 
6 
2 
2 
5 
5 
4 
5 
4 
1 394729262  
6 
6 
4 
1 920850571  
1 816600512  
5 
5 
2 
3 
6 
4 
6 
2 
4 
5 
6 
4 
2 
3 
2 
6 
1 796890847  
2 
5 
5 
4 
6 
1 1938061899  
2 
3 
4 
6 
6 
5 
4 
2 
1 337402229  
3 
3 
5 
1 256300932  
6 
4 
2 
1 1221090166  
4 
4 
2 
2 
6 
4 
5 
4 
1 1145137122  
1 504897592  
3 
3 
2 
4 
4 
6 
4 
5 
4 
4 
5 
2 
6 
5 
6 
6 
5 
5 
4 
1 214713589  
1 529796456  
1 1080165082  
4 
6 
5 
2 
5 
4 
1 1140108833  
3 
1 1071907938  
4 
3 
6 
1 2047328750  
2 
3 
1 1495361026  
3 
5 
4 
3 
1 1928009918  
3 
1 119930400  
6 
1 1502883058  
6 
3 
6 
4 
4 
4 
1 479251476  
5 
4 
1 1248977820  
5 
1 1220898562  
6 
6 
2 
5 
1 922891616  
3 
3 
5 
6 
1 1503386793  
5 
2 
2 
5 
4 
1 1539897322  
6 
5 
6 
6 
2 
2 
6 
5 
3 
2 
4 
5 
6 
6 
1 341719135  
2 
2 
2 
5 
1 234606442  
4 
5 
2 
4 
3 
3 
5 
2 
6 
5 
2 
1 1954052794  
6 
5 
2 
5 
3 
4 
1 2034513650  
3 
4 
6 
2 
3 
6 
1 1762781940  
6 
4 
5 
5 
1 201298408  
3 
6 
3 
5 
1 807880574  
4 
6 
5 
6 
3 
5 
3 
2 
4 
1 431898804  
1 998189256  
5 
3 
5 
1 598458825  
6 
4 
1 769301033  
5 
5 
4 
4 
1 1254490188  
1 1819548991  
3 
3 
3 
2 
6 
1 1914438155  
1 1759387781  
6 
4 
5 
2 
1 2034262580  
4 
1 296750963  
2 
1 692069215  
1 1026887766  
4 
3 
6 
1 1368658902  
3 
6 
1 591914317  
1 374765144  
1 1149185172  
4 
3 
6 
6 
4 
6 
3 
6 
6 
3 
1 711844718  
3 
3 
1 1877648202  
6 
1 1628436648  
3 
4 
5 
5 
6 
4 
6 
4 
1 1960822538  
1 951063116  
1 403844616  
6 
2 
2 
6 
2 
6 
5 
3 
3 
2 
1 1316725683  
1 343476791  
5 
1 745563752  
5 
6 
1 1551332125  
2 
2 
6 
3 
5 
6 
1 150045937  
4 
2 
1 632593754  
6 
4 
5 
3 
4 
4 
5 
1 1166630417  
4 
3 
4 
1 351344346  
5 
6 
2 
6 
3 
2 
5 
6 
5 
6 
2 
4 
1 1440474328  
4 
3 
4 
6 
5 
2 
3 
6 
6 
5 
5 
3 
6 
1 1598529221  
4 
1 1349533602  
6 
3 
1 2038933153  
5 
6 
5 
2 
1 220346606  
1 456540142  
2 
3 
5 
4 
3 
4 
5 
5 
3 
1 1710998496  
1 2134784761  
3 
1 68444275  
6 
4 
1 1597777429  
2 
3 
4 
6 
6 
1 284052076  
2 
3 
2 
5 
1 760513491  
1 477181547  
6 
2 
1 1652710978  
4 
4 
1 1352427808  
4 
4 
2 
5 
6 
3 
5 
2 
3 
3 
6 
4 
4 
2 
4 
5 
2 
5 
6 
3 
2 
3 
3 
5 
6 
2 
3 
2 
4 
3 
2 
4 
3 
2 
2 
6 
5 
6 
2 
6 
2 
2 
6 
1 851946691  
4 
3 
6 
1 654412502  
2 
1 2064272526  
2 
1 582111245  
6 
4 
2 
6 
3 
1 135365502  
3 
3 
5 
4 
3 
3 
4 
3 
6 
6 
4 
1 1877611416  
3 
3 
5 
3 
4 
4 
2 
5 
3 
3 
3 
1 1533174362  
1 539210119  
1 1046853451  
2 
2 
3 
3 
4 
6 
6 
5 
1 1876651153  
5 
2 
5 
4 
3 
1 1284773871  
2 
1 450701928  
1 2026697090  
4 
3 
6 
5 
6 
1 1917367625  
1 1617332345  
4 
3 
5 
6 
3 
1 230557788  
4 
5 
2 
2 
3 
6 
3 
1 1210358306  
4 
1 1068377918  
1 1580091390  
2 
6 
2 
3 
6 
4 
6 
2 
1 1101807811  
3 
3 
5 
4 
6 
2 
6 
6 
1 1288724524  
6 
1 2036631533  
5 
4 
5 
3 
6 
2 
1 665322660  
4 
3 
6 
2 
6 
3 
6 
5 
5 
3 
3 
5 
1 1276025637  
6 
4 
3 
1 2105075808  
2 
2 
2 
4 
2 
3 
2 
2 
3 
6 
2 
4 
6 
2 
4 
6 
2 
3 
1 115616441  
3 
3 
1 1560077714  
1 718105651  
4 
3 
5 
4 
6 
6 
1 592797988  
2 
2 
3 
1 1065305044  
3 
1 2070533460  
6 
6 
5 
3 
6 
1 1444744679  
6 
1 1719717547  
6 
5 
6 
2 
1 1987322338  
1 2026855924  
4 
6 
4 
6 
2 
5 
6 
5 
3 
2 
2 
3 
5 
2 
5 
3 
4 
5 
6 
6 
3 
6 
1 1855083049  
3 
4 
1 1717450107  
2 
4 
3 
2 
5 
2 
4 
6 
2 
2 
1 1412546638  
2 
6 
5 
6 
4 
3 
3 
6 
1 246809520  
4 
2 
2 
1 616819910  
6 
1 1141714143  
2 
6 
3 
2 
3 
4 
6 
6 
4 
1 1531583391  
4 
5 
1 1067521839  
4 
2 
6 
2 
5 
5 
3 
3 
2 
3 
2 
6 
5 
4 
3 
4 
2 
1 1020927586  
1 1301467369  
5 
2 
2 
3 
5 
6 
3 
6 
1 537370536  
5 
2 
1 1251485374  
4 
6 
3 
2 
4 
1 364342027  
2 
6 
3 
1 1605748455  
5 
4 
4 
3 
6 
6 
4 
1 684093117  
1 1466149838  
6 
6 
2 
2 
4 
4 
4 
2 
1 746989331  
3 
5 
2 
4 
5 
3 
3 
4 
5 
5 
6 
5 
2 
4 
5 
5 
5 
5 
1 573241002  
1 2131472498  
6 
5 
4 
4 
5 
3 
1 2023014969  
3 
6 
5 
1 530833162  
4 
6 
2 
3 
5 
4 
1 99605291  
5 
5 
5 
2 
5 
3 
6 
5 
4 
3 
2 
3 
6 
3 
2 
2 
6 
4 
3 
3 
6 
6 
2 
5 
3 
2 
1 1435609035  
1 1248938814  
2 
2 
5 
2 
1 692403279  
4 
1 353430431  
1 1171988626  
2 
5 
5 
1 2137147958  
2 
1 2073147978  
6 
4 
2 
3 
2 
3 
1 1011827316  
5 
3 
4 
3 
2 
4 
6 
1 2016520235  
6 
2 
4 
5 
6 
6 
2 
1 1780747380  
5 
6 
1 581793775  
5 
1 1281583225  
5 
4 
3 
2 
4 
3 
2 
4 
4 
3 
4 
3 
4 
5 
6 
4 
2 
3 
5 
3 
3 
5 
2 
1 2027556900  
3 
3 
1 1198613686  
4 
4 
3 
2 
6 
1 275813721  
6 
4 
2 
5 
5 
6 
2 
6 
3 
3 
1 1411656644  
5 
6 
1 118651877  
4 
6 
6 
2 
5 
6 
6 
1 1296741307  
6 
2 
4 
4 
1 565640365  
5 
3 
2 
1 656022413  
3 
6 
3 
4 
2 
5 
3 
4 
3 
3 
5 
6 
6 
2 
2 
3 
3 
4 
6 
3 
1 400743033  
1 929982392  
3 
4 
4 
2 
6 
2 
4 
1 114287220  
1 1084836150  
1 248648582  
4 
5 
1 861276552  
5 
6 
3 
3 
1 1658077152  
6 
1 232637433  
1 736807873  
6 
4 
3 
2 
2 
1 41426667  
5 
4 
2 
1 332242724  
1 24933260  
2 
5 
2 
6 
1 1290365481  
3 
5 
2 
4 
1 1024646004  
3 
5 
3 
1 378363691  
5 
2 
4 
2 
2 
3 
6 
2 
2 
3 
1 314870459  
3 
6 
4 
5 
4 
4 
6 
4 
1 1014310314  
2 
3 
6 
3 
6 
6 
1 304028022  
1 1326697775  
3 
6 
5 
5 
5 
4 
1 883346901  
3 
6 
1 2084775402  
3 
4 
5 
3 
2 
6 
1 1908491551  
6 
1 17446479  
3 
1 1964848654  
3 
6 
4 
1 959621589  
4 
1 293260200  
1 1229021650  
1 1078273466  
5 
3 
2 
1 1590001507  
6 
4 
3 
5 
4 
3 
4 
1 1794662015  
6 
3 
1 1734295879  
2 
1 1990744540  
3 
1 577160759  
2 
5 
6 
5 
5 
2 
2 
3 
4 
2 
5 
5 
2 
6 
6 
6 
4 
1 1848583100  
5 
6 
1 928097043  
3 
4 
4 
4 
5 
5 
6 
1 825809342  
5 
4 
5 
3 
5 
4 
5 
6 
1 562376004  
3 
2 
4 
5 
1 438690547  
5 
5 
5 
6 
4 
1 1058446775  
6 
6 
5 
6 
5 
4 
5 
6 
5 
3 
4 
2 
6 
6 
5 
4 
6 
3 
2 
2 
2 
5 
4 
6 
4 
5 
5 
1 1299183877  
6 
3 
4 
5 
4 
2 
2 
5 
2 
6 
2 
5 
4 
4 
1 480117214  
1 1390689499  
1 1324117137  
1 1770482695  
1 267851855  
3 
6 
4 
6 
4 
3 
1 1702480828  
1 2085353154  
1 1282162170  
6 
4 
4 
2 
1 2006508850  
1 1264567282  
4 
4 
4 
4 
6 
1 18025423  
5 
6 
3 
3 
4 
4 
3 
6 
1 1943800604  
2 
5 
4 
2 
6 
5 
4 
4 
3 
6 
1 1025575185  
6 
5 
5 
1 35471902  
6 
2 
2 
4 
1 1761165611  
5 
1 1985196774  
2 
5 
1 328732102  
5 
5 
3 
5 
5 
4 
3 
5 
6 
1 842703613  
2 
5 
3 
6 
3 
6 
5 
4 
4 
1 915986592  
5 
4 
5 
6 
3 
2 
2 
5 
1 1918733609  
4 
1 489881981  
1 502798823  
6 
5 
3 
1 1761994502  
1 1067042740  
4 
4 
5 
4 
5 
3 
1 203898275  
6 
2 
3 
3 
4 
3 
5 
6 
5 
3 
3 
5 
4 
1 542607897  
1 1892852082  
5 
2 
4 
2 
4 
5 
1 766274279  
1 981298444  
5 
3 
3 
5 
5 
6 
5 
3 
1 803815209  
3 
2 
5 
6 
4 
6 
2 
4 
3 
4 
6 
1 2065458156  
6 
4 
6 
5 
3 
6 
1 1461415659  
5 
5 
2 
5 
3 
1 47021061  
2 
5 
3 
1 1242091645  
4 
6 
3 
3 
4 
1 1084414706  
2 
1 314872916  
5 
6 
5 
5 
1 797088826  
3 
5 
2 
4 
1 1022284213  
4 
6 
6 
6 
2 
4 
2 
3 
4 
5 
4 
5 
6 
5 
2 
2 
6 
2 
1 1597035086  
4 
6 
6 
4 
2 
5 
5 
2 
1 656114028  
3 
2 
5 
4 
4 
2 
3 
3 
5 
4 
5 
1 139367847  
2 
4 
4 
4 
6 
4 
2 
5 
2 
6 
4 
6 
6 
1 1615060510  
2 
1 452430985  
5 
5 
1 1164943032  
2 
1 1650532412  
5 
4 
3 
4 
3 
6 
2 
2 
6 
3 
5 
6 
2 
5 
6 
3 
2 
2 
1 66112948  
3 
1 1002656158  
2 
2 
4 
4 
3 
6 
3 
4 
1 1979264515  
1 908816561  
6 
1 1918642750  
4 
3 
5 
4 
5 
1 1750514476  
5 
2 
3 
3 
3 
6 
4 
4 
2 
6 
5 
2 
5 
1 1398698542  
5 
2 
6 
6 
2 
5 
1 273957925  
5 
1 1365025330  
6 
6 
4 
2 
5 
3 
4 
6 
5 
5 
5 
6 
4 
6 
1 318257635  
5 
4 
2 
6 
3 
4 
1 477856201  
4 
6 
6 
5 
1 1907633227  
1 63626069  
2 
4 
5 
6 
4 
3 
4 
6 
5 
5 
4 
4 
3 
3 
1 1244130480  
2 
5 
2 
2 
1 741448024  
5 
2 
4 
6 
1 867441279  
1 1162104989  
4 
3 
3 
5 
2 
6 
6 
3 
2 
5 
6 
6 
2 
5 
4 
1 55380035  
1 914462340  
2 
4 
6 
4 
4 
2 
4 
1 256712986  
1 1139794741  
6 
4 
4 
5 
2 
3 
1 1229335256  
5 
1 1053801812  
6 
1 14595306  
2 
1 678886695  
3 
2 
5 
5 
3 
5 
5 
1 1709915841  
5 
4 
3 
6 
3 
1 153963153  
3 
2 
6 
3 
6 
3 
1 146463557  
1 14863178  
2 
1 1318906185  
3 
4 
1 1796995969  
6 
3 
4 
6 
3 
5 
3 
2 
4 
2 
2 
1 80976126  
6 
1 174078695  
1 1628776836  
3 
2 
4 
2 
4 
5 
1 989792687  
2 
5 
2 
4 
2 
4 
2 
4 
2 
1 2092721445  
3 
2 
6 
3 
3 
1 1231807665  
2 
3 
6 
5 
4 
5 
6 
4 
2 
3 
2 
3 
6 
6 
1 241007582  
5 
4 
6 
3 
2 
3 
2 
3 
6 
3 
5 
6 
1 219195723  
2 
2 
3 
5 
3 
5 
3 
4 
6 
3 
6 
1 449349347  
3 
4 
1 559265217  
3 
3 
1 697051924  
3 
6 
6 
5 
4 
2 
5 
1 209498927  
6 
1 622891286  
4 
5 
3 
3 
4 
5 
3 
2 
2 
6 
5 
1 1941182404  
3 
3 
1 950946951  
1 1490332565  
3 
4 
5 
1 955803745  
4 
6 
1 1006326986  
2 
6 
6 
3 
3 
1 257311257  
5 
1 1212516732  
4 
2 
1 2146121727  
1 1486646514  
6 
2 
3 
3 
3 
6 
5 
3 
5 
6 
1 118834896  
1 13233386  
2 
2 
4 
1 18049561  
1 1828750737  
5 
1 167196539  
1 164513118  
4 
3 
4 
3 
5 
2 
4 
4 
5 
6 
2 
4 
1 1843613915  
5 
4 
1 1486102725  
2 
1 1961509087  
4 
6 
1 1924590041  
2 
1 1660181420  
2 
5 
1 1442802276  
2 
3 
2 
4 
2 
1 766899081  
5 
1 1605419218  
4 
1 527126293  
2 
4 
3 
4 
6 
5 
2 
1 1007906663  
3 
5 
4 
4 
4 
3 
5 
4 
4 
4 
2 
6 
2 
4 
4 
6 
4 
6 
2 
2 
6 
6 
1 1824614941  
5 
2 
3 
1 976475640  
1 1567171880  
4 
1 374183217  
2 
4 
6 
4 
2 
4 
1 1185974567  
2 
1 42579518  
3 
1 167881973  
5 
4 
1 2136921518  
6 
1 1532912084  
1 1123685719  
3 
1 995764856  
1 1790223341  
4 
3 
4 
2 
3 
4 
5 
5 
4 
1 188718803  
1 994402936  
4 
1 1129386207  
4 
1 307553699  
4 
5 
1 1007636322  
5 
3 
2 
4 
1 1147435768  
4 
5 
6 
2 
4 
6 
1 2136304437  
1 1174832861  
5 
4 
2 
3 
2 
1 1311948886  
5 
4 
4 
2 
6 
3 
4 
3 
6 
3 
4 
2 
5 
1 1832434704  
1 513451938  
1 1125974326  
1 1609541098  
5 
3 
2 
4 
1 26149711  
5 
5 
2 
6 
2 
5 
6 
4 
4 
5 
1 421292954  
3 
2 
3 
6 
4 
4 
5 
5 
4 
1 228956531  
1 1631568929  
3 
3 
2 
3 
2 
2 
6 
6 
1 948419247  
5 
2 
6 
2 
3 
2 
6 
5 
2 
3 
6 
1 1236863194  
6 
4 
3 
3 
3 
2 
6 
3 
6 
4 
3 
2 
6 
2 
4 
4 
1 1308700222  
5 
1 1924894887  
6 
5 
2 
1 656551426  
5 
3 
3 
2 
6 
3 
5 
3 
2 
1 1682883439  
3 
1 963385807  
6 
2 
1 699130944  
3 
6 
6 
5 
4 
6 
1 1850765412  
3 
3 
4 
1 952823677  
1 84559380  
3 
4 
2 
2 
3 
6 
1 826967483  
1 1948588534  
4 
5 
2 
5 
6 
6 
3 
3 
2 
1 1874782722  
5 
6 
4 
6 
4 
5 
4 
2 
1 1015686286  
2 
5 
4 
2 
3 
6 
3 
4 
4 
4 
1 795507822  
5 
5 
3 
2 
3 
2 
5 
2 
5 
4 
6 
6 
5 
2 
4 
5 
3 
5 
5 
1 856685281  
3 
6 
5 
3 
1 1323239986  
6 
2 
6 
6 
2 
2 
1 1803144144  
1 2004121050  
2 
5 
4 
3 
1 1312060775  
3 
4 
5 
2 
5 
1 830493357  
6 
3 
1 1168586288  
5 
6 
4 
6 
5 
5 
6 
6 
4 
3 
3 
6 
1 997011831  
6 
6 
6 
1 1343945296  
5 
1 147076966  
6 
2 
4 
3 
2 
2 
5 
4 
5 
5 
1 459069281  
4 
2 
6 
6 
6 
5 
3 
1 1370095007  
3 
5 
6 
4 
4 
5 
4 
3 
3 
4 
1 568369920  
5 
4 
1 688025812  
4 
3 
3 
3 
2 
5 
4 
4 
4 
3 
6 
1 854180288  
2 
4 
6 
4 
1 1516789167  
2 
1 1924889006  
6 
4 
4 
6 
4 
1 15396862  
6 
5 
1 1294200407  
6 
2 
2 
4 
2 
6 
1 433956784  
6 
5 
2 
2 
2 
3 
1 1698280301  
6 
1 110102566  
4 
5 
4 
4 
6 
4 
5 
3 
1 1133087729  
4 
3 
1 1401562065  
6 
2 
6 
1 1062926243  
4 
1 1217647109  
6 
1 81045901  
3 
3 
6 
6 
2 
4 
1 864031129  
2 
3 
4 
4 
3 
1 944946183  
1 1096732187  
6 
3 
5 
2 
1 1659538951  
6 
1 1801631465  
5 
2 
3 
4 
1 272488525  
3 
4 
4 
2 
2 
1 1315199447  
6 
5 
5 
4 
6 
6 
2 
6 
6 
5 
6 
1 1658268867  
6 
3 
5 
5 
1 1584549300  
1 2145692805  
2 
6 
2 
3 
4 
3 
4 
4 
5 
1 679371507  
5 
6 
4 
2 
5 
1 434077484  
5 
3 
6 
5 
4 
5 
1 1342154453  
2 
6 
4 
1 826448474  
2 
6 
4 
4 
1 893146765  
6 
5 
5 
2 
1 564765812  
2 
1 1394818394  
1 1581172578  
1 1418946100  
6 
2 
1 764123914  
3 
6 
1 1358577936  
1 1434342962  
4 
6 
5 
5 
3 
5 
5 
6 
5 
5 
1 2058324321  
3 
6 
3 
5 
6 
4 
6 
5 
3 
1 1792534721  
6 
2 
3 
4 
3 
1 985139615  
3 
1 20943239  
4 
5 
4 
1 778138802  
4 
5 
5 
1 239218032  
3 
4 
4 
5 
5 
3 
2 
4 
4 
5 
1 1083869482  
1 1995785911  
1 320263933  
5 
3 
4 
5 
3 
6 
2 
5 
5 
5 
3 
4 
4 
4 
3 
6 
1 1947900612  
4 
3 
1 793248447  
6 
6 
1 1416996121  
2 
4 
5 
2 
3 
6 
6 
1 1459955915  
5 
1 447396264  
4 
5 
1 1689484646  
3 
1 627671715  
4 
2 
4 
5 
1 2105665131  
5 
2 
6 
2 
5 
3 
5 
6 
4 
2 
6 
2 
4 
3 
1 1126550299  
5 
5 
2 
1 625880872  
2 
5 
1 637552990  
6 
6 
6 
2 
2 
4 
2 
1 1560627783  
3 
3 
2 
5 
4 
1 1968035325  
4 
1 1464001464  
6 
6 
5 
6 
5 
1 306290900  
1 385317489  
4 
6 
4 
3 
4 
4 
6 
1 711336211  
6 
6 
4 
1 1887463478  
3 
3 
6 
3 
5 
3 
2 
4 
1 1804263589  
3 
3 
2 
4 
1 1475460125  
4 
6 
1 1098557767  
6 
3 
6 
6 
5 
5 
1 1091122903  
5 
2 
3 
2 
1 1386300798  
2 
5 
5 
2 
5 
1 743608840  
2 
2 
5 
4 
5 
3 
1 2076262518  
1 1407244037  
6 
3 
3 
3 
4 
4 
2 
2 
6 
4 
5 
3 
2 
1 1521747642  
1 167996902  
4 
3 
4 
2 
4 
3 
1 343629871  
2 
5 
4 
2 
3 
2 
6 
2 
5 
3 
2 
1 1370049905  
3 
3 
5 
5 
3 
5 
3 
1 488260836  
5 
3 
5 
4 
3 
4 
4 
1 144046835  
5 
2 
5 
3 
5 
5 
3 
4 
5 
3 
3 
5 
5 
4 
1 15814704  
3 
5 
2 
3 
3 
2 
6 
4 
1 1905256957  
5 
2 
2 
4 
4 
6 
6 
6 
5 
2 
3 
6 
4 
5 
3 
6 
5 
4 
5 
3 
2 
2 
6 
6 
6 
2 
3 
1 1604002751  
3 
4 
3 
1 463210968  
3 
1 1447257955  
6 
2 
4 
5 
4 
6 
6 
5 
1 84190818  
3 
3 
2 
1 421392451  
5 
6 
5 
2 
2 
1 426324606  
3 
6 
2 
1 710071690  
2 
3 
6 
4 
6 
2 
3 
4 
1 1058945442  
3 
6 
2 
4 
4 
5 
1 1986952389  
6 
2 
3 
2 
1 530623367  
4 
5 
6 
1 375463258  
1 145759642  
2 
1 915940856  
4 
5 
5 
4 
4 
2 
4 
2 
6 
3 
2 
1 1086799469  
2 
5 
6 
1 2033223120  
6 
4 
1 572720797  
6 
2 
1 414775946  
3 
1 984297239  
5 
2 
3 
1 1663843700  
3 
5 
6 
2 
4 
6 
5 
3 
2 
6 
2 
5 
4 
1 1801076744  
5 
1 1727906079  
2 
5 
3 
5 
1 1592622570  
3 
6 
3 
1 1060837133  
5 
5 
3 
4 
6 
3 
4 
6 
6 
5 
1 1102170073  
4 
1 1760619472  
4 
1 1404467005  
1 324736331  
1 101396660  
5 
1 1548513840  
2 
3 
4 
6 
5 
2 
4 
2 
2 
1 340551035  
3 
4 
5 
2 
3 
3 
2 
1 2006653617  
3 
1 1005032943  
4 
2 
3 
2 
3 
3 
6 
1 803762004  
2 
4 
6 
1 1306427925  
5 
1 1089223761  
5 
6 
4 
4 
3 
5 
2 
2 
5 
3 
3 
4 
4 
6 
3 
5 
4 
1 1225154455  
5 
2 
2 
5 
4 
5 
6 
2 
3 
3 
1 1732752531  
3 
2 
4 
1 1799295451  
1 136616249  
3 
1 1572221273  
1 182435170  
5 
6 
4 
1 512079508  
2 
4 
6 
6 
6 
1 1717980915  
5 
4 
1 1098376026  
1 1598878977  
6 
4 
3 
6 
3 
4 
6 
6 
2 
5 
5 
1 1603720387  
3 
5 
3 
3 
2 
6 
4 
5 
1 1671096823  
2 
4 
4 
3 
6 
4 
4 
6 
5 
1 2013654924  
6 
2 
1 440533979  
1 1187456875  
6 
1 1667248020  
5 
3 
2 
2 
6 
3 
3 
4 
2 
6 
6 
6 
3 
2 
6 
4 
1 20956410  
2 
2 
5 
3 
1 632595797  
6 
6 
4 
5 
2 
4 
1 580601506  
3 
4 
4 
1 1123126484  
4 
3 
4 
4 
1 245731622  
2 
2 
6 
6 
6 
5 
2 
6 
4 
2 
2 
5 
6 
2 
1 1985068511  
4 
1 1447862815  
6 
6 
4 
5 
2 
5 
4 
6 
2 
1 347128282  
6 
5 
2 
1 1386098703  
6 
5 
5 
6 
5 
1 1788413850  
6 
6 
5 
5 
2 
4 
2 
4 
4 
1 206298252  
1 243647999  
5 
2 
3 
5 
4 
5 
5 
4 
6 
6 
6 
2 
2 
5 
6 
2 
2 
2 
4 
2 
1 444692206  
5 
4 
3 
3 
6 
6 
6 
5 
5 
3 
6 
4 
4 
2 
3 
5 
1 1512726177  
1 1332871760  
2 
6 
2 
3 
2 
2 
6 
3 
3 
2 
1 1669846662  
6 
1 1097995060  
4 
4 
3 
6 
3 
1 984683564  
4 
1 1806462911  
2 
3 
4 
1 522732685  
4 
5 
1 1167118734  
4 
3 
2 
6 
1 171058771  
3 
4 
6 
4 
6 
3 
1 93229952  
6 
5 
2 
5 
6 
2 
4 
6 
1 118011113  
3 
3 
4 
3 
2 
4 
5 
4 
3 
3 
5 
2 
2 
4 
1 1769937749  
5 
5 
5 
6 
3 
6 
5 
3 
6 
3 
4 
5 
1 1696950340  
1 1789107936  
6 
6 
2 
3 
6 
6 
5 
4 
2 
1 1636109025  
6 
2 
6 
6 
6 
4 
4 
3 
5 
2 
5 
3 
3 
6 
6 
1 2137484319  
4 
5 
5 
2 
1 829081164  
5 
2 
6 
3 
3 
6 
2 
6 
1 1155873397  
2 
3 
1 10957081  
4 
6 
6 
3 
2 
1 1461676961  
1 1736474903  
2 
3 
6 
2 
4 
1 1134083565  
2 
5 
4 
6 
6 
1 1707408583  
5 
5 
3 
5 
6 
5 
3 
3 
2 
4 
4 
2 
1 1574059766  
6 
5 
3 
6 
2 
6 
4 
2 
6 
5 
6 
1 434462732  
3 
5 
5 
3 
4 
3 
6 
5 
1 2054536866  
4 
5 
2 
2 
4 
1 812674822  
3 
6 
3 
3 
3 
6 
1 75392935  
4 
3 
5 
3 
4 
6 
5 
4 
5 
6 
3 
4 
4 
1 113351470  
1 1056322821  
2 
1 520085141  
3 
5 
3 
2 
5 
3 
1 1626077647  
3 
6 
1 241710933  
4 
1 42448155  
1 576589059  
3 
6 
1 1226394497  
2 
3 
5 
4 
6 
2 
5 
4 
1 1848911067  
2 
3 
5 
2 
3 
3 
1 1099321745  
2 
4 
1 246029584  
5 
4 
1 2019969838  
1 1192551697  
2 
1 364040697  
2 
1 1642423939  
2 
3 
6 
1 742018389  
1 5664985  
5 
4 
1 1131049316  
6 
5 
4 
4 
5 
1 732019060  
5 
1 834746149  
6 
3 
5 
3 
2 
3 
6 
4 
2 
3 
6 
3 
2 
5 
5 
4 
1 139439066  
1 742976142  
4 
1 148939463  
3 
3 
2 
5 
6 
4 
6 
6 
6 
3 
5 
3 
4 
2 
6 
3 
4 
3 
3 
1 1875913969  
5 
1 1877059707  
5 
4 
3 
1 1856348046  
3 
6 
1 1302490088  
5 
3 
4 
1 164038792  
4 
6 
4 
6 
4 
5 
3 
3 
1 1763401264  
6 
6 
1 2115164910  
4 
6 
3 
4 
3 
1 239431727  
2 
5 
3 
1 1876752734  
1 1024004083  
3 
5 
3 
2 
4 
3 
1 759516868  
6 
5 
6 
5 
4 
2 
4 
3 
2 
3 
1 1355346733  
5 
6 
1 1265715016  
3 
2 
5 
1 801965024  
6 
6 
4 
1 1931935793  
5 
2 
6 
2 
1 344625866  
3 
4 
1 503392443  
1 883773890  
2 
1 590655450  
4 
3 
5 
1 375878633  
2 
1 2076325587  
3 
2 
1 954696147  
4 
4 
1 2018302573  
4 
3 
4 
1 670860329  
3 
1 960361132  
3 
4 
5 
4 
2 
2 
1 1001868241  
4 
2 
6 
1 1402879389  
5 
4 
1 1795107282  
4 
1 1141307307  
5 
5 
5 
2 
2 
6 
6 
5 
3 
3 
2 
2 
1 2145855531  
6 
3 
4 
6 
6 
4 
3 
3 
6 
2 
3 
3 
6 
6 
3 
1 1944046745  
4 
1 869737629  
1 1875431591  
2 
3 
4 
4 
2 
5 
5 
3 
4 
5 
1 1652911143  
4 
1 24744069  
6 
1 2039470383  
3 
3 
4 
6 
2 
3 
1 1268828760  
1 2139908979  
3 
2 
6 
6 
1 131418462  
3 
6 
3 
6 
1 998097846  
1 1016429414  
2 
5 
1 890935330  
6 
6 
1 205960932  
6 
2 
2 
3 
5 
3 
1 134660782  
2 
4 
3 
3 
3 
5 
2 
6 
6 
5 
6 
6 
1 1692900354  
2 
1 2137896725  
5 
3 
1 479286648  
5 
1 48809149  
3 
2 
5 
1 874186967  
3 
6 
5 
3 
1 1069942098  
5 
2 
6 
2 
3 
2 
6 
4 
1 424687783  
5 
3 
4 
2 
1 803028906  
6 
2 
3 
1 2024638245  
3 
2 
5 
1 295506708  
4 
1 1473889235  
2 
5 
1 837515730  
6 
3 
2 
1 1297374949  
4 
3 
3 
6 
5 
2 
2 
6 
1 729284977  
1 485139364  
3 
6 
2 
2 
4 
3 
5 
6 
1 291198609  
4 
3 
4 
6 
1 727656860  
5 
5 
2 
3 
2 
4 
5 
1 281702461  
5 
4 
1 1160936238  
5 
6 
2 
5 
5 
4 
5 
1 455604803  
2 
1 1934613604  
3 
4 
6 
6 
5 
1 1185680307  
4 
5 
6 
5 
4 
5 
3 
5 
4 
1 347591538  
4 
4 
5 
5 
1 1055958716  
6 
2 
2 
1 1178105638  
2 
1 479010000  
2 
5 
4 
6 
5 
2 
4 
1 2054056563  
6 
2 
4 
4 
4 
3 
4 
6 
2 
6 
1 47051404  
6 
4 
1 1369945331  
1 112533847  
1 181712186  
5 
4 
1 915362037  
5 
1 102946924  
3 
5 
3 
2 
5 
2 
6 
1 660998835  
1 964171187  
4 
6 
3 
2 
1 977133891  
1 1730940933  
2 
6 
4 
6 
6 
1 1388858970  
5 
6 
4 
6 
4 
2 
6 
4 
5 
3 
5 
3 
4 
4 
5 
1 1780162797  
6 
2 
6 
3 
1 1608095531  
2 
4 
3 
2 
2 
3 
2 
3 
6 
3 
5 
2 
3 
6 
5 
3 
1 1684365678  
2 
3 
2 
6 
6 
3 
4 
5 
5 
4 
5 
5 
4 
4 
3 
4 
6 
2 
5 
1 1106568385  
5 
4 
4 
6 
2 
5 
5 
3 
4 
5 
3 
3 
3 
4 
3 
4 
6 
6 
1 298127613  
3 
4 
6 
4 
4 
4 
1 834256979  
6 
5 
4 
1 1835853362  
6 
2 
1 783266977  
4 
2 
6 
6 
5 
6 
2 
6 
1 1125455588  
3 
2 
4 
3 
1 416026574  
4 
3 
6 
5 
2 
3 
4 
6 
6 
1 1064969438  
5 
4 
2 
5 
3 
2 
6 
1 138908178  
3 
5 
1 871631378  
5 
3 
3 
3 
3 
3 
6 
4 
3 
1 852099394  
2 
4 
1 1324588485  
2 
4 
1 1219222916  
4 
2 
5 
5 
3 
3 
2 
1 1908058111  
3 
1 355210475  
1 1698232917  
5 
1 1814631026  
4 
1 402261879  
6 
6 
3 
3 
6 
1 920694600  
6 
4 
4 
2 
1 1927164873  
1 583974066  
5 
1 1836056637  
1 2030111797  
2 
5 
6 
5 
1 1244972901  
4 
4 
2 
1 652744176  
6 
4 
1 859762040  
6 
4 
4 
3 
6 
5 
4 
4 
2 
5 
2 
2 
4 
3 
2 
1 828430186  
6 
6 
1 2041603146  
5 
2 
6 
5 
6 
2 
1 492441189  
5 
3 
6 
6 
1 289042069  
6 
5 
4 
3 
6 
1 1578485176  
2 
3 
5 
4 
4 
4 
2 
5 
4 
4 
2 
1 1599009574  
1 587169682  
3 
1 265258508  
6 
3 
6 
5 
2 
4 
1 1287379288  
4 
4 
4 
4 
1 1370436659  
2 
6 
4 
2 
5 
5 
2 
2 
4 
2 
3 
4 
5 
2 
1 1390714096  
5 
6 
3 
4 
1 1703405863  
6 
5 
6 
4 
1 287922449  
5 
6 
5 
3 
2 
5 
2 
4 
2 
6 
5 
6 
5 
6 
4 
6 
4 
2 
3 
5 
6 
6 
6 
3 
4 
3 
6 
1 1529622275  
5 
1 427553593  
5 
2 
2 
4 
6 
3 
6 
1 1140021844  
2 
3 
4 
4 
3 
2 
1 706727112  
2 
4 
6 
1 1646776509  
6 
3 
4 
6 
5 
6 
6 
3 
2 
5 
4 
5 
3 
1 900596307  
2 
5 
1 1061937588  
2 
3 
2 
6 
2 
5 
5 
1 1197525778  
6 
1 567743685  
5 
3 
6 
6 
2 
6 
2 
6 
1 1464199467  
4 
4 
3 
5 
6 
5 
5 
6 
1 2118220378  
3 
2 
5 
6 
2 
2 
3 
3 
6 
4 
5 
2 
1 347424910  
1 2048173533  
4 
5 
5 
2 
4 
4 
4 
3 
1 1806793368  
4 
2 
2 
6 
2 
6 
5 
3 
3 
1 230053059  
3 
1 1145662786  
1 312053896  
3 
5 
6 
6 
5 
1 1089815099  
6 
2 
3 
2 
1 1974092973  
2 
1 206173395  
3 
6 
2 
2 
6 
3 
1 1582256288  
6 
2 
6 
1 115651394  
5 
1 1784658571  
6 
5 
1 1033782215  
6 
3 
3 
3 
3 
2 
1 702821077  
6 
2 
5 
2 
4 
6 
3 
5 
2 
5 
5 
2 
2 
6 
4 
5 
5 
2 
1 2049917079  
5 
3 
3 
2 
5 
5 
2 
5 
3 
4 
2 
5 
5 
2 
5 
4 
2 
3 
4 
3 
3 
2 
6 
2 
1 173677855  
2 
6 
1 2073257736  
5 
4 
4 
6 
4 
4 
5 
5 
4 
5 
1 1293147528  
5 
6 
1 1877083718  
4 
2 
5 
2 
4 
4 
4 
5 
2 
5 
6 
1 213696538  
4 
2 
5 
1 675286155  
4 
5 
3 
4 
4 
2 
6 
5 
3 
4 
4 
1 157153663  
3 
5 
3 
2 
3 
1 1353718382  
6 
6 
2 
2 
2 
5 
1 1382013267  
2 
6 
1 1803930173  
4 
5 
5 
6 
4 
6 
2 
2 
4 
5 
5 
1 106831041  
1 296467207  
5 
6 
6 
2 
3 
5 
1 853972303  
6 
4 
4 
5 
2 
4 
5 
2 
5 
3 
6 
1 674574726  
1 1760666675  
5 
4 
5 
4 
1 824709034  
3 
3 
2 
6 
2 
2 
3 
3 
4 
5 
3 
5 
3 
6 
2 
2 
6 
1 1021999636  
2 
4 
1 1661356560  
6 
1 484018754  
5 
2 
1 1252052695  
3 
3 
5 
6 
3 
4 
6 
1 659535699  
6 
6 
3 
2 
3 
5 
5 
4 
2 
6 
6 
6 
3 
3 
6 
5 
2 
6 
6 
2 
5 
3 
5 
6 
6 
3 
4 
3 
2 
4 
4 
3 
3 
5 
4 
4 
5 
4 
3 
2 
1 796072650  
2 
4 
5 
3 
1 194384146  
6 
4 
4 
4 
3 
1 486145024  
2 
2 
6 
3 
1 1002246045  
1 1776640434  
5 
4 
3 
1 601796418  
1 639420969  
4 
1 662939001  
2 
3 
1 1304617495  
2 
6 
6 
1 541854400  
3 
1 836616857  
4 
4 
4 
4 
1 1230391584  
2 
4 
2 
3 
4 
5 
5 
2 
2 
6 
1 1835001928  
3 
5 
3 
2 
5 
6 
1 566216927  
1 1444088122  
3 
1 362804435  
1 723370591  
1 650322856  
4 
5 
2 
4 
1 1744817703  
1 379817116  
6 
5 
6 
6 
2 
2 
5 
1 757153897  
1 2041284910  
3 
5 
3 
1 1233789419  
2 
5 
5 
4 
4 
6 
4 
1 1431728623  
5 
4 
2 
4 
3 
5 
1 1654467937  
6 
3 
1 2058498453  
5 
2 
4 
6 
2 
2 
6 
6 
1 306244611  
3 
5 
3 
3 
4 
6 
2 
2 
4 
2 
3 
2 
4 
5 
3 
5 
2 
4 
4 
2 
4 
6 
4 
2 
6 
2 
1 1168340850  
3 
6 
1 395033559  
5 
1 1558297306  
5 
1 1827876549  
4 
3 
5 
5 
2 
6 
1 1191106210  
3 
5 
5 
6 
4 
2 
4 
3 
4 
5 
2 
2 
6 
1 1752681452  
3 
1 166537925  
3 
2 
3 
3 
5 
4 
2 
1 45868607  
4 
5 
6 
6 
6 
1 1381838238  
3 
2 
4 
1 768334343  
3 
2 
6 
6 
1 685289576  
1 2044777240  
6 
1 2072951839  
1 1227143977  
5 
2 
3 
1 733910449  
5 
3 
2 
2 
3 
1 1155859775  
1 914662257  
1 1300127376  
3 
1 452464249  
4 
3 
4 
6 
5 
1 1277466693  
5 
3 
6 
1 2023497967  
1 1102787105  
5 
6 
4 
3 
3 
2 
5 
5 
5 
4 
6 
5 
3 
6 
1 874800748  
5 
2 
3 
1 255831435  
5 
6 
6 
5 
4 
2 
2 
4 
3 
1 1859941002  
6 
4 
3 
2 
2 
4 
2 
3 
5 
2 
6 
1 768602010  
4 
3 
2 
5 
1 1489620855  
5 
6 
2 
4 
6 
6 
1 1144185977  
1 275586300  
6 
1 1400635660  
1 1450430588  
3 
6 
2 
3 
4 
1 1443927150  
5 
2 
2 
1 1795669220  
6 
4 
5 
3 
5 
3 
6 
6 
4 
5 
5 
2 
3 
4 
1 861244246  
4 
3 
2 
1 1124320051  
5 
5 
5 
3 
3 
6 
1 839291782  
2 
2 
6 
6 
1 466442050  
6 
5 
3 
2 
4 
3 
2 
1 1290857976  
5 
4 
4 
6 
5 
2 
2 
6 
5 
6 
4 
5 
6 
6 
2 
6 
5 
3 
6 
3 
3 
4 
4 
5 
2 
3 
1 885160389  
6 
3 
2 
6 
3 
6 
5 
2 
6 
6 
5 
3 
4 
1 1848280288  
5 
3 
4 
4 
2 
6 
3 
2 
1 2059192319  
2 
2 
3 
4 
4 
5 
6 
6 
3 
4 
2 
5 
1 1570449966  
6 
4 
1 1745573880  
1 1984660510  
4 
3 
6 
6 
5 
5 
3 
6 
4 
2 
1 650110295  
5 
4 
1 332000681  
4 
3 
6 
3 
2 
4 
4 
4 
1 993036637  
2 
3 
2 
2 
2 
3 
2 
4 
6 
2 
5 
2 
1 1564772552  
6 
3 
2 
2 
3 
5 
4 
2 
2 
3 
4 
6 
2 
5 
4 
1 1632128058  
1 1445500886  
3 
4 
5 
5 
1 694755597  
1 1508142377  
3 
1 400804343  
1 1569556345  
3 
6 
3 
4 
6 
2 
1 1763973813  
1 113261697  
2 
4 
1 190674708  
4 
4 
3 
3 
5 
1 1106111020  
4 
5 
2 
4 
4 
3 
4 
6 
2 
2 
3 
2 
2 
3 
3 
5 
4 
3 
1 1257447674  
5 
2 
1 466261008  
3 
6 
4 
5 
4 
3 
4 
5 
3 
4 
6 
6 
2 
4 
5 
3 
4 
1 359263032  
1 560394614  
5 
3 
3 
6 
5 
1 1910188158  
4 
3 
6 
6 
6 
4 
4 
5 
2 
5 
1 7448604  
1 1421638860  
4 
5 
6 
3 
4 
4 
2 
1 887024561  
3 
4 
6 
5 
4 
3 
6 
6 
3 
1 846740386  
3 
1 1888080910  
2 
1 30398889  
1 1731900776  
4 
5 
5 
2 
5 
6 
3 
3 
6 
4 
2 
2 
3 
6 
3 
3 
4 
5 
6 
6 
3 
2 
6 
3 
2 
3 
4 
6 
5 
3 
4 
1 1588877551  
5 
3 
1 2089591208  
4 
2 
2 
1 1154867094  
1 1186967783  
2 
4 
1 1926768071  
4 
1 1804977389  
4 
2 
4 
2 
4 
4 
1 1518968465  
4 
6 
5 
1 772321060  
4 
1 1222266293  
2 
1 1003612875  
2 
4 
4 
3 
1 70338299  
6 
4 
3 
4 
2 
1 1917021891  
5 
4 
4 
1 364271604  
3 
3 
4 
6 
1 471142642  
5 
6 
3 
1 1339094588  
4 
2 
1 2128245417  
2 
4 
1 584404340  
5 
3 
4 
4 
4 
6 
5 
6 
6 
6 
3 
5 
4 
4 
1 1529769296  
3 
3 
5 
2 
2 
4 
5 
3 
6 
5 
2 
4 
6 
5 
4 
1 1086872789  
5 
2 
4 
4 
5 
3 
6 
3 
2 
1 1841852014  
4 
3 
5 
1 1996030304  
1 1446135822  
4 
3 
4 
2 
5 
3 
4 
4 
1 254762981  
1 1758734814  
4 
4 
4 
5 
5 
3 
1 1453584426  
4 
3 
4 
3 
1 1676401841  
5 
6 
5 
5 
4 
5 
4 
5 
1 498275727  
4 
4 
4 
2 
4 
1 152841165  
4 
5 
5 
1 1416999104  
6 
1 528674616  
4 
1 1884741941  
3 
5 
6 
3 
3 
4 
6 
1 858393007  
5 
4 
4 
4 
1 470782177  
1 892125387  
3 
2 
6 
5 
3 
6 
3 
4 
6 
2 
1 2045360790  
2 
5 
1 250066600  
1 549619128  
1 1416845607  
3 
2 
2 
6 
2 
6 
4 
1 1022387660  
5 
2 
1 1771885421  
1 272974834  
2 
2 
1 1092725959  
1 1541423664  
6 
3 
2 
5 
2 
1 637246439  
2 
1 1563868602  
6 
4 
3 
3 
4 
6 
3 
2 
2 
1 733034605  
5 
2 
2 
6 
3 
5 
6 
1 618008208  
6 
5 
2 
5 
6 
3 
6 
5 
3 
2 
1 789294  
5 
4 
4 
2 
2 
1 115320253  
3 
3 
2 
1 1704880998  
4 
5 
6 
4 
1 1842641308  
3 
5 
5 
6 
3 
2 
6 
2 
3 
5 
4 
4 
4 
1 2111350558  
5 
1 1003533172  
1 2097404289  
5 
1 1722601724  
2 
6 
2 
4 
5 
6 
2 
4 
4 
5 
2 
4 
5 
1 309633950  
1 1626322483  
3 
6 
1 73393804  
1 462475115  
5 
1 895837939  
2 
5 
2 
1 602068420  
2 
4 
6 
2 
4 
3 
1 199733408  
3 
6 
6 
5 
1 1754230946  
5 
5 
5 
6 
3 
5 
5 
2 
6 
4 
4 
5 
1 1072850597  
5 
6 
6 
2 
6 
6 
6 
5 
6 
4 
6 
5 
6 
4 
2 
2 
1 1091858795  
4 
5 
4 
3 
4 
4 
1 1652108088  
3 
2 
1 1322917197  
3 
2 
4 
1 1641477923  
5 
2 
4 
1 921470048  
3 
2 
6 
4 
3 
3 
1 197821210  
3 
3 
5 
5 
4 
5 
4 
1 1265879697  
4 
6 
1 1194444882  
3 
5 
5 
6 
4 
6 
1 1290547169  
3 
4 
3 
2 
5 
4 
5 
4 
3 
6 
5 
3 
5 
6 
2 
3 
2 
2 
6 
3 
6 
4 
2 
6 
2 
2 
6 
4 
6 
6 
6 
1 659819713  
2 
5 
3 
6 
4 
4 
6 
1 1831691321  
5 
6 
6 
6 
2 
3 
3 
1 706932123  
4 
3 
2 
2 
2 
3 
6 
4 
6 
2 
6 
5 
2 
4 
3 
3 
3 
3 
4 
4 
4 
4 
1 1392854318  
4 
5 
2 
6 
5 
2 
3 
6 
4 
3 
6 
1 302215882  
3 
3 
4 
5 
3 
2 
2 
4 
3 
5 
6 
2 
1 707721417  
3 
5 
1 1508174572  
3 
1 2007096880  
4 
3 
3 
6 
5 
3 
5 
5 
5 
6 
4 
6 
6 
3 
4 
3 
2 
3 
1 402879078  
6 
3 
4 
4 
3 
1 1472041482  
2 
1 863146404  
6 
1 352799719  
5 
2 
6 
3 
6 
5 
3 
4 
5 
6 
1 1047159558  
5 
6 
3 
6 
4 
4 
6 
2 
1 1172780354  
5 
4 
4 
2 
2 
4 
2 
5 
3 
2 
2 
5 
4 
5 
4 
4 
2 
1 1979122202  
4 
4 
5 
4 
6 
6 
6 
2 
5 
5 
2 
6 
1 1120553362  
1 1635255470  
6 
3 
3 
3 
5 
5 
3 
4 
2 
2 
6 
5 
4 
5 
2 
3 
5 
5 
5 
4 
1 727476493  
2 
4 
2 
6 
4 
5 
2 
3 
5 
1 1722621783  
6 
5 
3 
5 
1 1834988878  
1 334223791  
2 
4 
2 
3 
2 
3 
3 
4 
3 
1 647988732  
5 
5 
1 779364026  
3 
6 
2 
4 
3 
1 1986331880  
6 
6 
5 
5 
2 
3 
5 
3 
3 
2 
4 
4 
2 
2 
2 
2 
2 
2 
4 
3 
5 
4 
5 
2 
6 
6 
1 1970905930  
4 
2 
4 
3 
5 
6 
4 
2 
5 
4 
4 
3 
2 
3 
6 
4 
1 273358301  
5 
5 
2 
1 760318280  
5 
4 
2 
1 21243492  
5 
1 1539237998  
4 
3 
1 1954763162  
5 
2 
5 
2 
5 
3 
6 
5 
6 
1 1311790661  
6 
3 
1 51574064  
6 
3 
2 
4 
5 
1 1638970836  
1 2018722785  
5 
2 
5 
2 
4 
2 
4 
6 
5 
3 
3 
1 1444428382  
3 
6 
2 
2 
1 1941186718  
3 
4 
2 
6 
1 578960554  
2 
3 
3 
1 805119306  
6 
6 
1 1800799950  
5 
2 
3 
6 
3 
1 981839632  
4 
2 
3 
5 
4 
3 
6 
5 
1 129677140  
2 
4 
3 
4 
5 
5 
6 
2 
1 516462706  
6 
2 
5 
2 
3 
4 
4 
3 
6 
2 
5 
3 
1 1334639352  
3 
1 1176836699  
2 
6 
1 1689243060  
3 
1 1166277906  
2 
2 
4 
4 
3 
3 
5 
1 149906413  
5 
4 
2 
2 
5 
4 
6 
4 
2 
4 
5 
4 
6 
1 1177014882  
2 
5 
1 1893754400  
4 
5 
5 
5 
1 1872528196  
1 864520113  
3 
2 
2 
1 80494543  
6 
5 
4 
1 373033281  
2 
3 
4 
5 
4 
5 
5 
4 
1 1643884139  
1 2066826423  
2 
5 
3 
2 
5 
2 
5 
6 
6 
5 
1 196455563  
5 
6 
4 
3 
5 
4 
2 
2 
4 
5 
4 
1 1917242440  
4 
5 
3 
6 
5 
5 
6 
3 
6 
5 
1 679661055  
1 217699055  
4 
6 
5 
2 
4 
4 
5 
2 
2 
4 
2 
3 
6 
5 
6 
3 
6 
3 
1 1308996791  
5 
4 
3 
4 
3 
2 
2 
2 
5 
2 
3 
6 
4 
5 
1 486940570  
5 
1 1529489716  
3 
2 
1 1360570855  
4 
1 2125911406  
4 
2 
6 
3 
2 
4 
2 
3 
6 
6 
6 
1 1400728853  
6 
3 
1 657515589  
1 1919614476  
5 
1 1979689408  
3 
6 
2 
5 
6 
4 
6 
5 
1 1462634896  
5 
3 
1 1572930778  
2 
5 
2 
3 
4 
1 814045392  
3 
5 
3 
1 1592312036  
4 
5 
2 
2 
5 
3 
4 
3 
3 
5 
5 
4 
3 
2 
3 
5 
2 
6 
6 
1 2089393484  
2 
6 
1 1201096  
2 
3 
1 621665087  
5 
4 
2 
6 
3 
2 
3 
3 
1 1631152896  
6 
6 
6 
1 1167479003  
4 
2 
2 
4 
1 771571501  
2 
2 
5 
2 
4 
4 
4 
1 660684131  
5 
2 
5 
4 
4 
1 913749755  
3 
1 496616049  
2 
2 
4 
6 
4 
2 
4 
5 
4 
5 
2 
6 
6 
5 
3 
1 1525204244  
6 
4 
1 994244298  
4 
1 869649330  
3 
4 
3 
2 
4 
2 
1 1021604735  
3 
6 
1 913587074  
6 
5 
1 1066104893  
3 
5 
3 
4 
6 
2 
2 
3 
2 
2 
1 791363527  
2 
4 
2 
3 
6 
1 1593248129  
5 
5 
2 
1 1283803948  
6 
3 
5 
6 
6 
5 
5 
6 
2 
2 
3 
4 
2 
3 
2 
2 
5 
6 
1 2100360318  
4 
2 
1 2080188699  
6 
5 
4 
5 
2 
6 
4 
3 
3 
2 
6 
3 
1 665810017  
2 
2 
6 
5 
2 
2 
4 
4 
4 
6 
1 1313447525  
3 
2 
5 
3 
1 2058616457  
3 
3 
4 
6 
6 
6 
3 
1 2066538870  
3 
2 
3 
6 
5 
5 
4 
5 
6 
5 
4 
1 1970963115  
5 
6 
2 
6 
6 
6 
4 
3 
5 
1 1830747285  
6 
6 
1 1898744630  
5 
2 
6 
4 
5 
3 
5 
6 
2 
1 1286114363  
1 1256194415  
5 
6 
5 
6 
5 
3 
5 
3 
3 
3 
6 
5 
3 
2 
3 
1 565306375  
1 730942751  
6 
4 
5 
4 
2 
3 
4 
4 
6 
2 
2 
4 
4 
5 
1 1198104251  
1 566507471  
6 
5 
4 
5 
6 
3 
4 
3 
2 
5 
3 
4 
5 
3 
4 
1 1352607839  
6 
1 681773500  
3 
6 
1 1733986474  
3 
5 
1 2124179340  
5 
2 
4 
5 
4 
4 
6 
3 
1 1342457631  
3 
3 
4 
5 
2 
4 
2 
3 
5 
3 
4 
6 
1 500252581  
2 
6 
6 
6 
4 
1 473311741  
6 
4 
3 
6 
1 720178227  
3 
6 
5 
4 
1 1494496880  
6 
4 
5 
6 
1 1342961072  
3 
1 1741782962  
4 
6 
3 
2 
6 
1 260600306  
2 
5 
2 
6 
6 
6 
3 
4 
3 
1 261582317  
1 385662841  
1 1853848435  
5 
4 
3 
6 
2 
2 
1 1545386266  
2 
3 
4 
6 
3 
5 
2 
2 
1 338539512  
4 
6 
5 
3 
3 
4 
6 
4 
5 
1 1786553487  
5 
2 
3 
4 
6 
4 
5 
5 
4 
4 
5 
3 
6 
2 
5 
2 
3 
1 63712635  
2 
6 
4 
2 
3 
1 1651987037  
2 
3 
4 
5 
6 
2 
2 
1 1697686296  
4 
4 
5 
6 
2 
2 
3 
1 2130251505  
6 
5 
6 
4 
6 
5 
5 
4 
1 1475466504  
6 
5 
4 
1 1380949934  
2 
1 1881512488  
1 614097219  
5 
4 
1 489660701  
5 
5 
6 
4 
2 
3 
4 
1 299335215  
5 
5 
6 
1 1345039971  
3 
6 
1 1687764953  
6 
5 
3 
5 
6 
4 
4 
1 865842686  
2 
3 
6 
5 
2 
5 
4 
3 
3 
6 
2 
3 
6 
6 
1 550164162  
1 222054805  
6 
4 
1 452345513  
4 
3 
1 526859854  
4 
4 
1 1564512436  
1 952598094  
5 
5 
2 
2 
4 
5 
6 
5 
1 1000171595  
4 
1 137207015  
4 
5 
6 
1 299611326  
4 
4 
6 
2 
6 
6 
4 
4 
5 
1 195649019  
2 
1 1878989977  
5 
4 
4 
1 560211632  
3 
2 
5 
5 
3 
2 
5 
2 
4 
5 
2 
5 
3 
1 457231337  
3 
2 
3 
6 
1 117169170  
2 
1 266576420  
2 
3 
5 
4 
4 
4 
2 
6 
3 
1 2002617603  
4 
1 455708682  
4 
1 2053129907  
2 
4 
3 
3 
5 
1 2066330238  
2 
4 
5 
5 
4 
5 
3 
5 
4 
5 
6 
6 
5 
2 
5 
2 
2 
5 
5 
1 2107695720  
3 
6 
5 
1 1603332555  
4 
5 
5 
3 
2 
1 2049098095  
4 
2 
2 
5 
3 
6 
3 
5 
3 
1 1435678576  
4 
1 836798841  
5 
1 1783126935  
6 
5 
1 2049775796  
5 
3 
3 
4 
3 
5 
6 
6 
2 
4 
3 
1 1326459543  
2 
1 2082462150  
5 
4 
2 
6 
1 1247332119  
3 
3 
4 
4 
1 866740848  
6 
5 
4 
3 
4 
4 
4 
1 800821189  
1 1797496281  
6 
5 
5 
5 
5 
1 1088795653  
4 
1 1253166702  
6 
3 
1 176872487  
1 505824441  
1 58281148  
2 
3 
4 
3 
5 
4 
6 
2 
5 
5 
2 
1 1177044082  
5 
3 
3 
2 
2 
5 
2 
3 
4 
1 643031456  
3 
5 
4 
6 
3 
6 
1 357892475  
5 
2 
1 1372693102  
3 
3 
2 
3 
6 
5 
4 
3 
3 
6 
2 
4 
3 
4 
2 
4 
4 
4 
3 
6 
4 
1 374537785  
2 
1 918104107  
4 
1 1829924439  
3 
5 
6 
1 491706955  
1 1184680527  
5 
1 1685058394  
3 
1 947415638  
5 
2 
3 
6 
4 
1 1090326786  
5 
5 
1 1603904984  
6 
5 
4 
1 907627710  
1 546175694  
6 
2 
5 
5 
5 
5 
2 
1 1505519431  
4 
6 
6 
2 
2 
3 
4 
2 
2 
4 
5 
2 
3 
3 
1 195822638  
3 
2 
4 
2 
3 
4 
2 
1 1382974535  
6 
5 
6 
1 1141162719  
5 
6 
4 
6 
5 
2 
5 
5 
6 
3 
1 98114786  
3 
4 
1 561950430  
5 
4 
6 
6 
6 
4 
3 
5 
4 
6 
2 
1 1076141221  
2 
6 
4 
4 
3 
2 
2 
1 1345446905  
4 
1 1428691278  
3 
6 
4 
3 
1 1876962410  
2 
1 995459538  
2 
6 
2 
1 370003283  
2 
4 
4 
5 
1 982645464  
6 
5 
4 
3 
2 
4 
3 
3 
3 
1 1172332025  
5 
1 875827724  
2 
1 1040926613  
5 
1 201892460  
6 
1 1518859180  
1 1398819088  
2 
2 
3 
3 
3 
5 
5 
5 
2 
2 
6 
6 
2 
6 
2 
6 
5 
3 
3 
2 
5 
5 
6 
1 1574585562  
5 
3 
6 
1 1893396965  
2 
4 
3 
6 
6 
5 
1 169439547  
4 
6 
1 1257026353  
6 
1 237620273  
5 
4 
1 1354120075  
4 
6 
5 
6 
4 
6 
5 
4 
2 
1 794601099  
3 
6 
6 
4 
5 
3 
4 
1 1185035911  
6 
3 
2 
2 
1 296963213  
4 
4 
2 
1 251022435  
6 
2 
5 
6 
6 
1 2092663621  
5 
2 
3 
1 843138907  
5 
3 
2 
6 
5 
3 
1 1756541866  
2 
6 
1 141002611  
2 
5 
4 
2 
3 
6 
1 78629795  
1 750220937  
3 
1 239117398  
2 
1 640580225  
6 
5 
4 
3 
2 
4 
6 
6 
1 1826362159  
4 
2 
5 
5 
5 
6 
2 
3 
4 
1 1584564303  
5 
3 
6 
6 
4 
3 
5 
4 
4 
1 2069271504  
3 
5 
3 
6 
5 
3 
4 
5 
2 
1 1555840921  
2 
2 
4 
3 
6 
1 432540194  
4 
6 
2 
1 291791139  
3 
1 391002738  
3 
2 
2 
1 1604872219  
6 
5 
2 
3 
3 
1 1167618864  
2 
1 1431929351  
5 
2 
4 
5 
6 
3 
3 
5 
1 1806764679  
2 
2 
1 538994396  
6 
6 
2 
6 
3 
4 
2 
2 
1 683264791  
1 1233866593  
6 
4 
6 
6 
5 
4 
6 
3 
3 
6 
4 
5 
1 284907714  
3 
2 
3 
3 
1 852704338  
6 
6 
4 
5 
4 
6 
4 
2 
3 
2 
1 343409298  
2 
6 
6 
6 
4 
1 522527987  
2 
1 59340765  
4 
4 
1 1138010397  
6 
2 
1 1707563898  
4 
4 
4 
6 
6 
4 
3 
2 
1 356303979  
6 
3 
2 
2 
6 
1 1389032832  
1 1652743871  
3 
6 
1 1199442886  
4 
4 
3 
3 
5 
1 998091051  
3 
6 
3 
4 
5 
4 
5 
2 
2 
2 
1 1793746482  
1 1278072681  
5 
3 
2 
4 
6 
3 
2 
3 
3 
4 
3 
2 
6 
2 
6 
2 
5 
1 1748311988  
5 
4 
6 
2 
2 
5 
2 
4 
6 
3 
4 
5 
6 
6 
5 
1 2032863880  
4 
4 
4 
5 
5 
4 
3 
4 
1 1918652907  
4 
4 
5 
3 
3 
6 
2 
4 
5 
4 
2 
6 
5 
1 1427190499  
5 
2 
6 
1 1469944536  
1 1840440763  
3 
2 
2 
6 
5 
4 
2 
3 
6 
4 
1 835547773  
2 
5 
6 
6 
4 
2 
2 
1 1902484730  
5 
4 
5 
5 
1 2132231902  
3 
6 
4 
2 
2 
4 
3 
2 
1 1226550511  
1 1359873301  
3 
6 
6 
2 
1 1152367118  
2 
3 
1 510996214  
5 
5 
5 
1 1019154333  
4 
4 
5 
6 
6 
1 1691361515  
5 
6 
4 
2 
2 
5 
3 
3 
4 
2 
2 
4 
1 1194261005  
4 
3 
1 105537278  
3 
5 
2 
1 1976269229  
4 
4 
5 
3 
5 
6 
5 
1 2046965343  
5 
3 
2 
6 
2 
1 448946577  
6 
2 
6 
3 
3 
4 
2 
2 
4 
2 
3 
5 
5 
1 351313568  
6 
4 
5 
1 2106306109  
5 
2 
6 
2 
3 
4 
1 1586956974  
6 
5 
4 
5 
5 
4 
4 
6 
5 
3 
2 
2 
4 
6 
3 
5 
3 
1 2058877466  
3 
5 
6 
3 
2 
2 
4 
5 
6 
1 315126440  
1 828506159  
1 1564137689  
6 
5 
3 
6 
6 
2 
4 
4 
4 
6 
4 
2 
1 1514569326  
5 
1 1826597210  
6 
6 
5 
2 
6 
2 
6 
5 
4 
3 
3 
1 1210400523  
2 
6 
5 
6 
5 
1 645158360  
5 
5 
2 
3 
4 
3 
6 
4 
3 
2 
2 
1 1427425550  
6 
3 
3 
6 
2 
2 
2 
1 1095780756  
5 
4 
1 416327619  
4 
6 
6 
4 
1 707132402  
6 
2 
1 418241644  
5 
6 
5 
5 
1 109284734  
6 
2 
4 
6 
1 1542680175  
6 
2 
3 
4 
3 
3 
3 
5 
2 
2 
3 
3 
1 173242726  
4 
3 
3 
2 
6 
3 
3 
1 94032988  
3 
1 621747038  
5 
2 
6 
3 
5 
4 
2 
3 
4 
6 
2 
1 1533116027  
2 
3 
6 
1 1246400107  
5 
3 
5 
2 
1 1132743252  
2 
6 
5 
5 
4 
4 
5 
2 
6 
1 404786712  
4 
4 
1 790277974  
5 
3 
6 
3 
2 
4 
6 
4 
4 
5 
3 
3 
6 
1 179520609  
1 510323991  
6 
2 
4 
2 
1 619063555  
6 
2 
5 
6 
6 
4 
6 
3 
5 
4 
5 
5 
3 
3 
3 
1 79002304  
5 
5 
3 
2 
5 
6 
4 
3 
6 
3 
2 
3 
2 
4 
1 959270568  
4 
4 
6 
1 970377123  
1 37824765  
5 
2 
5 
2 
1 398743894  
6 
6 
1 881770941  
4 
1 352951205  
4 
5 
1 1227250053  
2 
5 
5 
3 
4 
4 
1 298424982  
4 
5 
1 1867520532  
3 
6 
1 906363615  
1 1508825505  
5 
4 
5 
2 
3 
6 
4 
2 
2 
3 
4 
6 
4 
4 
1 365195244  
2 
2 
5 
1 186305518  
6 
2 
3 
5 
5 
1 457122613  
4 
5 
2 
3 
4 
6 
2 
5 
4 
6 
1 781522863  
3 
2 
4 
5 
2 
6 
1 893437920  
1 875364257  
4 
1 890807597  
2 
6 
1 288634447  
5 
2 
5 
4 
2 
6 
2 
2 
2 
6 
2 
2 
1 1048606983  
3 
5 
3 
1 984840585  
2 
2 
2 
1 910381485  
6 
5 
2 
1 434239363  
2 
4 
6 
4 
5 
3 
4 
6 
3 
2 
4 
5 
1 83757044  
2 
6 
6 
4 
1 2043124737  
6 
5 
5 
4 
2 
5 
5 
2 
3 
1 839026075  
2 
2 
4 
1 874035018  
2 
1 75161698  
1 1349350066  
2 
4 
1 1493098573  
2 
3 
2 
1 154164002  
5 
3 
4 
4 
4 
6 
5 
5 
3 
4 
4 
1 161136986  
4 
1 315992048  
2 
3 
5 
3 
4 
4 
1 191988768  
3 
3 
3 
5 
6 
2 
6 
3 
5 
2 
1 559880881  
6 
6 
2 
4 
6 
6 
4 
1 1197762989  
3 
1 544939973  
1 1787130934  
2 
5 
3 
1 1496187971  
5 
4 
6 
3 
1 264976857  
3 
6 
3 
4 
3 
4 
5 
2 
1 546010902  
4 
1 857529829  
5 
6 
4 
3 
5 
5 
6 
2 
4 
6 
2 
2 
2 
4 
2 
4 
3 
3 
4 
5 
4 
6 
1 630172101  
1 732316420  
1 1314652442  
3 
6 
3 
5 
1 1411694964  
3 
4 
5 
4 
6 
5 
5 
5 
6 
3 
6 
3 
4 
2 
5 
5 
6 
5 
5 
1 1625754340  
3 
3 
3 
1 42533052  
6 
6 
6 
2 
5 
1 155018913  
6 
5 
1 1914388787  
1 1091140035  
1 1139859499  
2 
6 
3 
6 
4 
6 
6 
1 677286624  
6 
4 
1 1525379398  
2 
5 
4 
6 
4 
3 
1 1223616543  
2 
4 
4 
4 
3 
2 
6 
1 572927713  
1 216921826  
5 
6 
1 2097651562  
6 
1 648089411  
1 1566271892  
3 
4 
6 
2 
4 
1 1443266487  
4 
2 
2 
5 
3 
2 
5 
3 
6 
2 
6 
1 802253413  
5 
3 
2 
4 
2 
4 
5 
1 1727408879  
4 
3 
3 
1 1759258536  
4 
6 
1 994242181  
4 
5 
1 139806112  
5 
4 
6 
3 
6 
2 
5 
5 
4 
6 
1 809537877  
4 
1 1539182155  
4 
1 1926937046  
4 
3 
3 
2 
4 
1 158242201  
1 1804159012  
4 
5 
6 
2 
1 325464300  
1 1015772030  
6 
5 
1 286847466  
4 
6 
4 
3 
4 
6 
6 
6 
6 
2 
3 
5 
4 
3 
6 
2 
3 
3 
6 
3 
6 
5 
5 
5 
2 
3 
4 
1 1057780720  
4 
4 
3 
3 
4 
3 
2 
6 
4 
2 
1 182940824  
5 
5 
4 
2 
4 
5 
2 
6 
1 1698542430  
3 
4 
4 
2 
1 536051412  
4 
5 
3 
2 
3 
3 
1 225473876  
1 1853561344  
3 
6 
3 
5 
1 302956551  
2 
3 
3 
5 
2 
5 
6 
1 1316613912  
1 845937195  
3 
3 
5 
6 
4 
1 980243175  
5 
2 
3 
3 
2 
3 
4 
4 
2 
1 694509662  
2 
2 
4 
3 
3 
1 2069553738  
1 1553170888  
2 
2 
4 
3 
6 
4 
2 
2 
3 
2 
6 
2 
2 
1 911431488  
6 
1 2019721652  
6 
6 
1 53776651  
4 
2 
6 
6 
3 
3 
5 
4 
4 
5 
6 
1 330219733  
4 
5 
5 
2 
5 
4 
1 1315504492  
4 
1 856030065  
6 
2 
6 
1 2057628612  
4 
3 
6 
1 927279380  
4 
3 
6 
1 1850272246  
5 
1 49951076  
4 
2 
2 
3 
5 
4 
1 1736817257  
2 
5 
1 1241970753  
2 
4 
1 1976888122  
2 
2 
6 
1 1895059458  
5 
6 
6 
3 
5 
3 
2 
2 
6 
2 
2 
3 
2 
4 
5 
2 
4 
4 
5 
6 
4 
6 
6 
1 898646118  
4 
5 
4 
3 
4 
4 
1 154868775  
1 763347840  
1 1185493584  
1 1212649495  
2 
4 
3 
4 
1 946288665  
6 
2 
1 736552366  
2 
3 
6 
4 
2 
5 
2 
2 
2 
4 
6 
3 
3 
6 
2 
1 1748700908  
4 
4 
5 
6 
5 
3 
1 1171762541  
2 
6 
6 
2 
3 
1 442630062  
1 2051657459  
5 
2 
2 
5 
3 
2 
5 
1 340892805  
1 1288567257  
1 884416987  
3 
2 
5 
1 1035402468  
3 
6 
1 1210637348  
3 
5 
1 290104227  
4 
1 1946833956  
6 
1 1082875352  
2 
4 
2 
2 
4 
3 
5 
3 
4 
2 
2 
6 
6 
5 
5 
3 
6 
1 343880879  
4 
5 
2 
6 
6 
4 
2 
4 
1 129570041  
5 
2 
1 250896196  
2 
4 
4 
6 
6 
3 
1 1199910944  
5 
2 
4 
6 
4 
2 
2 
3 
3 
4 
2 
4 
3 
4 
5 
5 
1 39715005  
2 
2 
6 
2 
2 
1 1178175576  
1 902699542  
5 
1 89666081  
2 
1 767509186  
1 2144670296  
5 
6 
3 
3 
3 
6 
1 2066554204  
4 
5 
4 
5 
1 515084996  
6 
6 
6 
2 
1 895832766  
3 
1 73939331  
3 
1 1278432837  
6 
5 
1 2081326350  
3 
1 1286588826  
6 
6 
4 
1 77237854  
5 
3 
2 
2 
3 
3 
4 
5 
6 
5 
3 
3 
1 670395068  
2 
4 
5 
2 
1 887806086  
6 
4 
1 1249000395  
5 
1 1113025131  
3 
5 
5 
4 
3 
4 
6 
4 
1 791979898  
5 
4 
5 
5 
2 
6 
4 
6 
5 
3 
3 
1 1589893201  
2 
3 
2 
4 
1 254108740  
1 1676396885  
1 477812021  
3 
4 
1 1464746088  
3 
6 
3 
6 
5 
3 
3 
6 
3 
4 
4 
6 
3 
2 
1 1966501112  
6 
3 
1 277162329  
3 
5 
3 
6 
4 
3 
1 400137793  
5 
4 
2 
6 
5 
3 
6 
2 
3 
5 
2 
4 
2 
4 
2 
4 
5 
2 
1 162898343  
4 
3 
5 
5 
4 
5 
1 406732371  
1 651033989  
3 
1 1362809287  
2 
6 
1 446447376  
2 
4 
6 
1 1829209566  
5 
4 
2 
1 118025182  
4 
3 
3 
6 
3 
4 
1 536113458  
4 
4 
4 
4 
4 
2 
6 
2 
4 
4 
6 
4 
2 
3 
4 
6 
4 
2 
1 449235104  
6 
1 115211830  
6 
3 
2 
4 
2 
6 
5 
1 455184014  
5 
4 
3 
4 
5 
3 
4 
1 964320100  
5 
1 1011044596  
5 
6 
4 
1 529123345  
6 
1 95269289  
1 944887298  
3 
2 
1 1815712171  
2 
2 
4 
6 
2 
3 
2 
5 
6 
2 
5 
1 172507143  
2 
1 1615282366  
6 
4 
6 
2 
4 
2 
3 
3 
6 
3 
6 
2 
4 
1 556034610  
2 
3 
2 
4 
3 
5 
4 
3 
3 
1 1421507539  
3 
3 
6 
1 580823849  
5 
3 
3 
1 1348014508  
5 
4 
2 
2 
1 863917092  
2 
6 
1 834932590  
1 876927745  
3 
3 
1 1341729113  
1 152195030  
3 
5 
5 
5 
3 
6 
4 
5 
6 
4 
2 
5 
2 
4 
6 
2 
2 
5 
2 
5 
6 
4 
2 
3 
2 
5 
1 695945209  
5 
3 
3 
2 
2 
5 
4 
6 
2 
5 
3 
3 
4 
1 1618891442  
5 
5 
3 
3 
3 
1 552332823  
6 
3 
2 
5 
6 
3 
6 
2 
5 
4 
3 
5 
2 
3 
3 
3 
2 
5 
5 
1 858843553  
5 
5 
1 2025623813  
3 
2 
2 
5 
2 
5 
4 
5 
1 1203366813  
6 
5 
5 
3 
5 
1 74169192  
3 
2 
4 
5 
2 
2 
4 
6 
2 
1 324587542  
1 885092731  
3 
5 
2 
5 
1 192194374  
6 
1 860701000  
5 
1 1334327835  
1 307406204  
4 
1 1315885014  
3 
2 
4 
4 
4 
1 151164287  
4 
5 
4 
3 
1 1318450800  
5 
3 
5 
2 
5 
4 
5 
1 1845008359  
6 
4 
3 
4 
2 
3 
3 
4 
4 
1 246433577  
2 
5 
3 
3 
6 
1 115854450  
2 
1 1513236882  
1 418940720  
5 
5 
5 
5 
3 
5 
5 
1 1731136817  
2 
4 
6 
2 
6 
2 
2 
6 
4 
5 
3 
4 
5 
3 
3 
1 2069271492  
3 
6 
2 
4 
6 
6 
4 
3 
6 
1 1840448259  
1 164477018  
2 
2 
1 1269802352  
5 
6 
3 
4 
1 556881703  
3 
5 
4 
3 
6 
1 999409608  
3 
5 
5 
2 
1 2146730097  
4 
5 
6 
6 
1 1898610816  
6 
1 1151604639  
3 
6 
3 
5 
4 
1 695191659  
1 1370018611  
5 
1 1703937462  
3 
1 1554035212  
4 
6 
6 
4 
5 
1 1248158776  
6 
4 
6 
1 759820627  
4 
1 1628204404  
1 1572746318  
6 
4 
6 
4 
4 
6 
2 
5 
1 1644913358  
4 
3 
1 1820398779  
5 
1 285963670  
1 831757545  
3 
5 
5 
1 2127804983  
5 
2 
4 
5 
2 
3 
1 1601848684  
1 982921833  
2 
5 
4 
1 1298772136  
5 
6 
3 
3 
2 
5 
2 
2 
4 
6 
5 
6 
3 
6 
4 
1 1299373395  
5 
3 
4 
2 
5 
4 
1 1229355410  
2 
4 
4 
4 
4 
2 
2 
6 
2 
5 
5 
1 1414626586  
3 
1 665126630  
2 
4 
6 
2 
5 
3 
1 1648296130  
2 
1 998279755  
6 
3 
4 
1 586914474  
1 1341260742  
6 
1 1162756774  
4 
5 
2 
3 
6 
3 
1 1856716827  
3 
2 
3 
3 
4 
2 
1 1898142445  
5 
3 
1 14682734  
2 
3 
6 
5 
4 
2 
1 1855963276  
3 
3 
6 
2 
5 
1 1649269614  
3 
3 
6 
5 
1 1166287373  
2 
2 
1 403671287  
2 
6 
1 871804577  
3 
5 
1 722741188  
6 
3 
2 
2 
2 
5 
2 
6 
6 
6 
3 
5 
4 
1 1957706499  
5 
2 
5 
2 
2 
2 
1 2119963353  
6 
5 
2 
1 1482561815  
6 
1 1438427256  
4 
2 
1 1545226024  
3 
2 
5 
3 
5 
3 
1 979991526  
1 1111342387  
4 
4 
5 
3 
2 
2 
6 
4 
4 
1 1831189694  
1 1811749071  
1 1091663722  
1 1285554731  
4 
4 
3 
3 
2 
4 
2 
6 
3 
1 647187256  
1 242952210  
3 
2 
5 
3 
4 
6 
2 
5 
1 437444478  
2 
4 
4 
5 
5 
5 
1 1876542666  
6 
2 
1 1657578797  
6 
5 
4 
1 1102571108  
4 
5 
4 
4 
2 
6 
6 
5 
3 
4 
1 1377355149  
5 
4 
6 
5 
2 
2 
1 508374904  
6 
3 
3 
3 
6 
3 
2 
3 
5 
2 
4 
4 
3 
4 
5 
5 
2 
5 
3 
3 
4 
6 
6 
3 
4 
6 
1 1689485583  
6 
4 
2 
3 
2 
3 
3 
5 
2 
4 
6 
5 
6 
4 
2 
3 
2 
5 
4 
1 571132243  
2 
3 
1 1671131678  
6 
6 
6 
1 1398718762  
4 
3 
3 
5 
6 
6 
4 
1 321791040  
2 
1 1685814413  
2 
6 
2 
2 
1 1107198390  
1 1971060654  
4 
5 
6 
6 
1 704618138  
6 
5 
6 
6 
5 
4 
1 1510869678  
6 
1 695381583  
5 
5 
6 
3 
1 1427359326  
6 
1 1321092529  
4 
1 667861289  
3 
1 762437494  
4 
1 612036137  
5 
2 
2 
3 
6 
5 
1 65603665  
6 
1 1742429020  
3 
3 
1 1723378524  
2 
5 
3 
4 
1 1896793359  
3 
2 
4 
5 
4 
4 
4 
6 
5 
4 
6 
1 1406694443  
4 
4 
2 
5 
6 
5 
6 
1 667558599  
6 
3 
6 
4 
4 
4 
2 
6 
6 
5 
6 
2 
1 1034864442  
3 
6 
5 
3 
1 2053881700  
4 
4 
3 
6 
6 
2 
3 
2 
6 
3 
4 
1 910510809  
2 
1 1472308921  
1 1782940718  
6 
1 420605958  
5 
5 
5 
3 
4 
5 
3 
2 
5 
4 
1 427396381  
2 
4 
6 
3 
6 
5 
6 
5 
3 
6 
2 
5 
4 
6 
3 
3 
3 
2 
5 
2 
3 
5 
5 
6 
6 
1 1012812219  
4 
1 928980863  
4 
3 
5 
5 
4 
2 
6 
4 
1 2116881964  
1 1583944462  
3 
2 
5 
1 452628893  
2 
4 
3 
2 
6 
3 
2 
1 1368117078  
2 
1 1905735503  
1 2138443306  
3 
6 
5 
6 
6 
2 
6 
4 
3 
3 
2 
5 
2 
5 
4 
1 327831821  
5 
6 
5 
2 
3 
1 1729312509  
1 695577797  
4 
5 
1 1838701499  
3 
1 277210445  
5 
5 
1 2122937123  
1 1012310380  
3 
3 
3 
2 
1 945071734  
5 
1 737890969  
1 1624346518  
5 
3 
5 
5 
4 
6 
6 
1 1010675399  
4 
2 
5 
4 
1 332836341  
2 
4 
4 
4 
3 
2 
6 
2 
5 
3 
6 
2 
3 
5 
3 
5 
1 1200241394  
3 
6 
2 
5 
5 
6 
3 
3 
2 
5 
5 
5 
5 
5 
2 
2 
3 
3 
4 
3 
6 
3 
6 
5 
2 
1 759985110  
2 
1 1739530785  
2 
5 
4 
5 
2 
3 
4 
4 
6 
3 
5 
5 
4 
6 
2 
4 
3 
1 1867799993  
2 
6 
2 
2 
3 
5 
1 1794849553  
3 
3 
3 
6 
2 
2 
5 
4 
2 
4 
5 
3 
3 
6 
3 
4 
5 
1 1645928837  
2 
1 630827155  
1 1119674826  
3 
6 
1 1281385907  
4 
3 
5 
3 
2 
3 
6 
4 
5 
4 
3 
6 
5 
6 
1 1051433113  
3 
6 
1 1547071207  
2 
3 
6 
5 
5 
2 
3 
3 
3 
2 
2 
6 
6 
4 
5 
3 
2 
2 
2 
5 
1 146714479  
2 
3 
4 
2 
2 
5 
4 
1 1980413976  
3 
3 
4 
5 
5 
1 1516469524  
2 
2 
2 
1 1730658941  
2 
4 
3 
6 
2 
5 
3 
2 
1 285559222  
2 
6 
4 
3 
3 
4 
3 
6 
3 
1 737102954  
4 
6 
3 
1 1488910796  
6 
3 
5 
1 276518880  
2 
4 
4 
5 
3 
5 
5 
4 
1 1064934775  
4 
5 
6 
3 
5 
6 
4 
6 
5 
4 
3 
5 
6 
1 1070739658  
5 
6 
5 
6 
5 
2 
6 
3 
6 
5 
5 
3 
2 
3 
2 
2 
3 
6 
5 
6 
2 
5 
1 972096677  
5 
2 
3 
1 756152626  
3 
4 
3 
3 
5 
5 
1 1347950103  
4 
5 
3 
6 
2 
5 
5 
1 947550153  
4 
5 
6 
6 
6 
1 1768463007  
1 145538189  
3 
3 
5 
6 
5 
5 
6 
4 
5 
5 
5 
3 
6 
1 1685441122  
6 
3 
2 
3 
1 1245325877  
2 
4 
2 
1 1156213588  
2 
5 
4 
4 
2 
6 
2 
5 
4 
4 
2 
4 
5 
6 
5 
1 2018277464  
1 298083623  
2 
6 
3 
6 
2 
2 
6 
5 
5 
2 
6 
1 1916198698  
5 
6 
1 1610324601  
2 
4 
4 
5 
4 
5 
4 
1 18399969  
1 1563564603  
5 
2 
5 
5 
1 1108769790  
3 
1 649227124  
5 
4 
6 
1 535755781  
4 
4 
3 
5 
6 
2 
5 
1 242672049  
2 
3 
5 
6 
3 
4 
4 
3 
2 
2 
6 
4 
6 
6 
2 
1 1700660237  
4 
5 
6 
2 
3 
4 
4 
1 2082826989  
5 
6 
3 
6 
3 
3 
1 389386528  
2 
4 
4 
3 
1 1533590566  
5 
4 
4 
4 
3 
2 
3 
2 
2 
1 1451812865  
5 
1 2120045470  
1 1819149788  
4 
4 
6 
4 
6 
5 
4 
5 
5 
5 
5 
4 
3 
6 
2 
5 
6 
3 
4 
2 
4 
2 
5 
4 
6 
2 
2 
1 41432171  
4 
1 1461472618  
4 
6 
4 
5 
1 2095668668  
6 
2 
3 
1 1106366947  
6 
4 
3 
5 
2 
5 
1 384728628  
6 
4 
4 
1 920281698  
4 
2 
1 1862519573  
2 
5 
3 
2 
3 
3 
2 
4 
4 
1 1732678731  
5 
5 
4 
6 
5 
5 
5 
1 1867831851  
2 
4 
5 
2 
2 
1 1483498932  
1 1878216920  
5 
1 1405789325  
2 
6 
5 
5 
1 581341161  
4 
5 
3 
4 
4 
1 886946860  
2 
2 
5 
1 1276583141  
4 
5 
4 
5 
6 
6 
6 
3 
5 
2 
1 879424785  
6 
4 
1 655661911  
3 
5 
5 
3 
4 
5 
2 
2 
6 
2 
3 
2 
6 
1 739424094  
2 
5 
3 
2 
3 
4 
3 
5 
6 
1 897824754  
1 71742866  
5 
6 
2 
4 
4 
3 
4 
2 
6 
5 
1 1848193884  
6 
6 
1 1547051878  
3 
2 
4 
3 
4 
5 
1 607498648  
6 
2 
4 
4 
2 
4 
4 
1 2090865934  
4 
2 
2 
6 
4 
5 
2 
2 
1 1100228467  
5 
4 
1 542841989  
1 332768814  
5 
1 486335385  
1 1994654854  
5 
6 
4 
5 
6 
5 
1 305330636  
5 
5 
6 
1 158001525  
4 
4 
5 
5 
2 
2 
3 
5 
5 
3 
3 
3 
5 
1 2036087025  
3 
6 
2 
5 
5 
1 1766803255  
3 
4 
5 
2 
5 
4 
4 
3 
4 
6 
3 
4 
5 
4 
5 
5 
3 
5 
1 106186546  
1 994970324  
3 
5 
1 4048235  
1 1026468244  
1 710006250  
4 
1 1736726967  
4 
3 
2 
3 
6 
5 
5 
4 
5 
3 
1 746816447  
2 
6 
6 
2 
1 46021534  
2 
5 
4 
5 
4 
6 
3 
3 
1 1467460239  
3 
1 5122124  
3 
4 
2 
1 627362696  
5 
3 
3 
6 
5 
5 
3 
1 206923452  
1 1281705266  
2 
3 
1 1506787481  
2 
3 
6 
4 
2 
4 
5 
1 862585363  
2 
3 
1 2021129360  
3 
3 
6 
5 
4 
6 
2 
4 
5 
2 
6 
6 
6 
5 
3 
5 
1 257128587  
2 
4 
6 
2 
6 
6 
5 
5 
3 
4 
1 934328229  
3 
5 
3 
3 
5 
6 
6 
1 1721839597  
4 
3 
5 
4 
4 
6 
4 
3 
3 
2 
1 1804180465  
4 
4 
5 
3 
4 
3 
3 
4 
6 
3 
4 
