4 
4 
4 
3 
5 
6 
6 
5 
2 
2 
2 
6 
4 
3 
3 
4 
3 
4 
2 
1 1694322765  
5 
3 
5 
5 
1 1338384199  
2 
3 
3 
5 
4 
4 
6 
4 
1 1390573199  
5 
1 1800747551  
2 
6 
6 
1 39782857  
4 
5 
6 
6 
2 
3 
5 
3 
6 
4 
6 
6 
6 
5 
3 
4 
1 391877677  
3 
4 
5 
1 1153170049  
4 
5 
1 1829750736  
2 
1 1296407247  
2 
3 
3 
4 
6 
2 
6 
4 
2 
2 
1 1113891381  
4 
5 
2 
4 
2 
3 
2 
3 
3 
3 
6 
5 
5 
2 
4 
1 718185239  
1 1084042067  
4 
5 
4 
4 
5 
4 
5 
4 
3 
6 
6 
4 
3 
1 971938127  
4 
4 
1 1282698356  
6 
5 
6 
1 918066511  
3 
1 1893690027  
4 
4 
1 1587737523  
4 
2 
5 
1 552191919  
1 244663970  
6 
6 
3 
3 
3 
6 
1 483665890  
6 
6 
5 
2 
6 
6 
6 
6 
4 
2 
4 
5 
5 
2 
3 
3 
6 
1 1424701510  
5 
3 
4 
6 
5 
2 
2 
2 
1 1008088221  
3 
1 141567629  
3 
3 
6 
2 
5 
4 
3 
1 686063561  
3 
4 
5 
4 
5 
5 
4 
2 
1 1896723127  
4 
1 1196056168  
4 
2 
5 
6 
6 
2 
1 1070652330  
1 158593163  
5 
4 
6 
5 
1 577758463  
6 
3 
3 
6 
6 
1 643159150  
4 
3 
6 
1 700619485  
3 
4 
1 124597580  
6 
5 
1 1981543350  
2 
2 
4 
4 
2 
3 
1 2091192684  
1 1925345132  
3 
3 
2 
2 
3 
6 
2 
3 
1 2021326207  
1 335586713  
2 
3 
4 
3 
2 
5 
2 
6 
4 
3 
4 
6 
6 
1 931031533  
2 
2 
5 
5 
3 
3 
2 
4 
4 
5 
1 1703593295  
6 
4 
2 
3 
1 1631993960  
1 2044922914  
4 
6 
6 
2 
6 
4 
3 
4 
2 
1 274294886  
1 568552379  
3 
5 
3 
4 
1 869377393  
5 
6 
2 
4 
5 
1 1556993242  
4 
6 
4 
3 
2 
5 
2 
1 1486618891  
5 
5 
5 
6 
6 
5 
2 
2 
1 615583772  
4 
6 
4 
1 997247117  
1 2038810810  
3 
6 
5 
4 
4 
4 
4 
1 860247742  
1 1480913007  
6 
2 
4 
3 
3 
4 
4 
2 
3 
1 1316028672  
6 
4 
5 
6 
4 
2 
3 
6 
3 
3 
3 
1 1868335963  
6 
1 1622480637  
2 
4 
3 
1 2002092233  
6 
5 
4 
4 
6 
2 
2 
3 
6 
4 
1 1617575442  
2 
1 671053157  
6 
2 
5 
6 
1 925260915  
2 
4 
2 
2 
5 
2 
6 
3 
6 
2 
3 
1 1776168606  
3 
3 
1 1248811621  
4 
6 
3 
2 
2 
4 
6 
3 
1 1568420066  
3 
6 
4 
3 
5 
5 
4 
5 
4 
3 
6 
2 
6 
4 
5 
3 
4 
6 
4 
2 
1 329304443  
4 
4 
3 
6 
3 
1 1373409201  
3 
6 
6 
5 
3 
1 1402479768  
1 273013479  
3 
3 
3 
2 
4 
3 
6 
1 1151270685  
6 
1 1276322327  
4 
6 
4 
1 608600192  
2 
2 
5 
4 
6 
3 
1 2082302218  
3 
6 
4 
5 
6 
2 
3 
2 
2 
1 832431974  
2 
6 
6 
4 
1 93110504  
6 
3 
4 
4 
5 
4 
4 
6 
1 1979741484  
4 
3 
5 
2 
3 
6 
2 
4 
1 1106726860  
2 
5 
6 
3 
1 661662884  
1 701635229  
5 
2 
2 
3 
1 516236454  
4 
5 
6 
6 
6 
4 
6 
5 
1 798127  
5 
4 
3 
6 
6 
3 
1 1317219001  
6 
5 
6 
4 
4 
5 
3 
3 
3 
4 
6 
1 1513483571  
2 
4 
6 
3 
1 2039608937  
3 
1 29983095  
3 
2 
2 
4 
3 
4 
1 846912930  
6 
6 
2 
1 1208153961  
4 
5 
2 
6 
2 
2 
3 
6 
2 
6 
4 
2 
2 
2 
2 
4 
1 1898319058  
1 321909919  
1 1062762547  
1 1368410853  
3 
3 
2 
1 992963077  
5 
1 1988023462  
1 997095811  
3 
5 
3 
2 
2 
3 
1 94291050  
6 
6 
3 
3 
2 
1 1408959880  
5 
5 
3 
1 1326400254  
4 
1 1467700251  
3 
4 
5 
1 663956000  
6 
4 
4 
4 
2 
2 
5 
6 
3 
1 1599413733  
3 
3 
5 
5 
1 471487289  
5 
3 
4 
2 
1 1940278327  
5 
1 60530277  
2 
1 406305859  
2 
3 
2 
1 625226653  
3 
1 153640781  
3 
3 
2 
3 
5 
4 
4 
6 
1 238563696  
5 
3 
4 
2 
3 
4 
6 
4 
4 
3 
4 
3 
5 
5 
6 
4 
3 
3 
4 
6 
2 
5 
1 1731953513  
4 
1 815303665  
2 
2 
1 940198925  
1 100706319  
2 
1 816101792  
3 
6 
6 
2 
5 
2 
3 
2 
3 
5 
2 
4 
5 
4 
2 
4 
6 
2 
1 109934279  
1 1614189890  
6 
2 
2 
2 
3 
4 
5 
5 
5 
1 708227081  
2 
3 
1 139917374  
2 
5 
4 
3 
5 
3 
3 
3 
5 
2 
6 
6 
3 
2 
1 313619173  
2 
3 
4 
2 
1 1916381043  
3 
1 2038236433  
6 
6 
4 
6 
4 
4 
1 635529092  
2 
5 
5 
6 
6 
3 
1 831659942  
1 1259163638  
4 
3 
3 
6 
2 
2 
6 
1 1628492169  
6 
6 
3 
6 
5 
2 
3 
2 
2 
3 
3 
5 
3 
2 
4 
4 
4 
3 
3 
5 
5 
1 672199756  
1 108775801  
3 
5 
2 
6 
2 
4 
3 
1 1722783219  
2 
2 
4 
6 
1 2081159637  
5 
6 
1 1435176055  
3 
5 
2 
6 
5 
6 
6 
1 1042999823  
2 
3 
1 597631989  
3 
2 
5 
3 
5 
1 887106140  
5 
4 
4 
5 
3 
2 
5 
5 
4 
4 
1 1514487112  
4 
5 
4 
6 
4 
6 
4 
6 
4 
4 
6 
6 
6 
4 
5 
2 
3 
4 
6 
6 
4 
1 390426669  
6 
2 
2 
3 
2 
4 
2 
3 
3 
5 
5 
2 
5 
3 
3 
6 
3 
4 
2 
6 
6 
5 
5 
5 
4 
1 947636417  
6 
5 
3 
5 
2 
3 
1 1920792971  
3 
6 
3 
5 
3 
2 
1 1015653322  
4 
3 
4 
6 
4 
5 
5 
6 
2 
5 
6 
3 
3 
5 
1 1101277198  
4 
5 
5 
6 
4 
5 
6 
6 
3 
2 
2 
6 
3 
3 
6 
2 
5 
1 11873019  
4 
5 
4 
1 600123188  
5 
1 1916580864  
3 
5 
2 
6 
3 
3 
1 952071945  
5 
6 
3 
2 
2 
3 
2 
4 
4 
5 
3 
5 
2 
4 
2 
2 
6 
4 
5 
6 
3 
3 
3 
2 
1 700829507  
4 
1 585199008  
6 
4 
4 
4 
1 1062006224  
4 
2 
1 167535750  
1 1293426090  
1 1201923598  
6 
6 
1 481154923  
1 1062323485  
6 
6 
1 1092676383  
3 
5 
3 
5 
5 
4 
4 
4 
5 
1 1116684015  
1 1893983427  
2 
6 
3 
2 
6 
5 
5 
4 
4 
1 204356373  
2 
6 
3 
3 
1 597692537  
4 
5 
2 
2 
1 418699535  
4 
4 
2 
3 
3 
4 
6 
5 
3 
1 313132174  
5 
5 
6 
6 
6 
1 172992108  
2 
1 352375524  
3 
2 
6 
1 1748308229  
6 
3 
1 1215991931  
4 
2 
2 
4 
4 
1 950007514  
5 
4 
5 
1 487930721  
4 
5 
1 582995395  
4 
4 
3 
2 
4 
1 1340434183  
1 1435567138  
4 
5 
4 
5 
3 
6 
6 
4 
5 
6 
3 
4 
2 
1 356304719  
2 
1 208603857  
5 
3 
4 
3 
1 389360689  
2 
3 
5 
3 
5 
1 368177738  
4 
6 
6 
2 
3 
5 
6 
5 
2 
4 
4 
3 
2 
5 
2 
3 
2 
2 
4 
4 
5 
5 
2 
3 
4 
3 
2 
1 808727045  
2 
6 
5 
5 
5 
3 
6 
5 
4 
1 158457905  
4 
3 
6 
5 
2 
1 1320249683  
3 
4 
6 
1 1509556553  
6 
2 
6 
5 
2 
1 743656913  
4 
4 
1 234772259  
6 
2 
6 
5 
2 
5 
2 
6 
1 1677092303  
5 
2 
4 
3 
5 
4 
2 
6 
2 
4 
2 
3 
3 
4 
3 
1 2037083003  
2 
3 
1 1436695858  
3 
5 
3 
5 
2 
1 10763578  
5 
6 
3 
5 
4 
5 
6 
1 951922840  
4 
2 
4 
6 
1 381888593  
2 
5 
2 
3 
1 1127447593  
3 
5 
1 698422619  
6 
6 
1 586244967  
1 1725140130  
2 
4 
4 
4 
5 
6 
4 
4 
3 
5 
5 
1 1117122155  
3 
4 
6 
5 
3 
2 
6 
4 
1 899377141  
4 
1 1898132239  
5 
4 
3 
3 
3 
1 1469497679  
4 
4 
3 
1 500201723  
5 
2 
2 
4 
1 966640522  
1 272021545  
4 
4 
3 
6 
1 988132444  
2 
2 
6 
5 
1 1549635918  
6 
1 1612455728  
2 
3 
3 
6 
1 276215935  
5 
6 
6 
3 
5 
5 
1 1905940637  
6 
4 
5 
1 1821059586  
3 
3 
3 
2 
5 
5 
6 
3 
4 
2 
6 
4 
6 
6 
1 665576624  
3 
6 
1 126634727  
6 
5 
5 
6 
5 
6 
5 
4 
4 
5 
6 
3 
3 
4 
2 
4 
5 
2 
3 
6 
1 482302983  
5 
2 
6 
1 824034529  
1 1446884411  
6 
1 1991859536  
6 
1 1567691442  
2 
3 
3 
6 
3 
1 1681656670  
3 
5 
4 
6 
6 
5 
2 
1 1521468191  
5 
2 
4 
3 
4 
2 
2 
5 
3 
6 
5 
6 
3 
2 
4 
1 1457290798  
2 
6 
3 
6 
4 
6 
5 
4 
2 
3 
2 
1 970868880  
5 
2 
5 
3 
2 
1 1532231769  
3 
1 261729990  
6 
4 
6 
5 
3 
1 1352757474  
3 
4 
1 512195715  
6 
2 
1 960152610  
3 
4 
1 1939002441  
6 
2 
2 
5 
1 89852197  
2 
2 
5 
4 
6 
2 
2 
1 2077274765  
5 
3 
6 
6 
1 690895934  
5 
2 
3 
1 1987984436  
6 
3 
1 1399288796  
1 1191097657  
6 
6 
3 
5 
4 
1 807141311  
4 
5 
5 
4 
6 
4 
6 
5 
4 
2 
6 
1 1671310342  
1 31746454  
4 
4 
1 209293581  
5 
3 
4 
6 
3 
4 
6 
6 
3 
4 
4 
1 1136282422  
3 
1 307962389  
4 
4 
2 
5 
4 
1 2115234218  
2 
2 
3 
3 
2 
1 809858360  
5 
6 
4 
4 
1 973539013  
4 
5 
6 
2 
1 94385297  
2 
6 
1 1292161344  
4 
2 
6 
1 1797573542  
6 
1 1541269708  
2 
2 
5 
6 
3 
1 1136537232  
5 
1 1217781336  
2 
4 
4 
3 
4 
5 
6 
3 
3 
3 
1 1075442731  
5 
4 
6 
5 
5 
5 
5 
1 510521776  
4 
2 
5 
4 
6 
1 527588486  
3 
3 
2 
4 
2 
2 
2 
1 2046311611  
3 
6 
5 
4 
3 
4 
4 
5 
4 
6 
1 2042753545  
3 
4 
1 789318477  
1 1251585437  
1 407465612  
2 
2 
6 
6 
1 1749471087  
4 
4 
2 
1 1043104230  
3 
3 
4 
2 
1 497317810  
6 
3 
5 
2 
2 
3 
6 
4 
5 
3 
6 
3 
3 
4 
5 
6 
4 
5 
3 
5 
2 
6 
3 
3 
2 
6 
6 
2 
6 
5 
3 
6 
6 
1 1679262204  
1 1734000165  
5 
3 
1 337818598  
5 
6 
2 
1 931067352  
6 
3 
6 
3 
5 
3 
4 
1 777614174  
3 
4 
2 
2 
3 
3 
5 
1 1144959909  
6 
6 
6 
5 
5 
1 454894046  
6 
4 
4 
2 
6 
6 
3 
6 
5 
6 
6 
2 
5 
6 
1 809360628  
5 
5 
2 
6 
5 
4 
5 
3 
6 
5 
5 
2 
2 
5 
3 
6 
4 
5 
5 
3 
5 
3 
3 
6 
4 
3 
6 
5 
5 
6 
6 
4 
1 1354253490  
3 
5 
1 1591176469  
6 
2 
4 
1 1117323017  
4 
4 
3 
6 
1 1322004060  
4 
3 
5 
5 
2 
3 
6 
1 253551181  
6 
4 
5 
6 
6 
2 
2 
6 
3 
6 
2 
4 
4 
1 2090862030  
3 
6 
4 
4 
2 
1 1416389358  
1 1545712525  
6 
2 
1 1740951924  
6 
2 
6 
1 810175418  
4 
5 
3 
6 
6 
4 
1 534766110  
4 
1 811249613  
3 
1 1885618149  
3 
5 
5 
2 
2 
1 1045287886  
5 
2 
4 
2 
6 
1 1338838099  
4 
5 
5 
2 
2 
6 
5 
6 
2 
4 
6 
1 1784446113  
1 940557783  
5 
2 
1 2128156576  
2 
2 
5 
4 
6 
3 
3 
1 888547902  
6 
5 
1 1348023396  
3 
4 
1 1730144015  
4 
6 
4 
1 1931652133  
1 1845341206  
5 
1 1261922571  
5 
3 
2 
5 
1 1518168650  
3 
1 35676156  
4 
1 45506276  
4 
6 
5 
5 
5 
6 
1 148299176  
2 
6 
6 
4 
5 
1 1180636066  
3 
2 
5 
3 
2 
5 
2 
6 
4 
6 
5 
2 
6 
4 
6 
1 500400322  
5 
4 
3 
3 
2 
3 
6 
2 
3 
5 
6 
2 
4 
4 
6 
1 957659805  
4 
2 
2 
1 387405908  
6 
5 
1 2091576791  
6 
3 
6 
6 
6 
4 
2 
4 
2 
5 
2 
4 
6 
6 
6 
5 
1 2074982822  
3 
5 
4 
6 
6 
5 
2 
3 
3 
3 
6 
5 
1 1709409969  
2 
5 
1 197644325  
5 
5 
1 2018361205  
6 
2 
1 978315679  
3 
2 
4 
6 
1 1743356850  
5 
1 1611829481  
2 
6 
4 
3 
3 
4 
2 
6 
4 
6 
2 
6 
2 
3 
1 1788491097  
2 
2 
2 
4 
4 
5 
5 
1 130639312  
2 
4 
2 
2 
2 
3 
5 
3 
1 275595446  
4 
2 
6 
1 1526625599  
3 
5 
1 1175927198  
6 
1 1614433546  
6 
5 
6 
6 
6 
1 1163588064  
4 
2 
4 
6 
4 
6 
6 
6 
1 2116484982  
2 
4 
3 
5 
2 
2 
5 
2 
2 
1 1595106474  
6 
5 
4 
2 
4 
1 2052135966  
6 
1 1317024730  
2 
5 
6 
3 
3 
2 
5 
1 1177766842  
3 
4 
4 
6 
6 
4 
4 
4 
1 1836304451  
6 
1 1014882288  
2 
1 292205765  
2 
4 
6 
5 
3 
3 
5 
3 
4 
2 
4 
2 
4 
4 
2 
1 1206989453  
5 
2 
4 
3 
6 
4 
4 
1 1050558444  
4 
4 
4 
6 
1 337712041  
3 
2 
6 
6 
2 
5 
6 
4 
1 1355288630  
6 
4 
4 
2 
1 83710862  
2 
4 
6 
4 
4 
5 
1 838112364  
5 
1 165464787  
3 
3 
1 471116771  
4 
4 
5 
6 
6 
5 
6 
1 782205507  
4 
1 92963961  
4 
5 
1 33043092  
5 
4 
3 
2 
6 
2 
2 
6 
4 
1 979849832  
2 
5 
3 
5 
5 
6 
2 
3 
4 
2 
2 
6 
2 
6 
1 2111325166  
2 
6 
5 
5 
6 
4 
5 
5 
3 
2 
6 
1 1011358771  
1 575723035  
3 
4 
2 
1 1575671000  
6 
6 
2 
6 
3 
6 
5 
3 
6 
6 
3 
5 
1 652366220  
3 
6 
1 706362347  
2 
4 
6 
1 1851266446  
2 
2 
1 31508171  
5 
2 
4 
5 
5 
3 
1 1882289546  
6 
6 
5 
3 
2 
1 1318216344  
6 
6 
3 
5 
1 1195096235  
3 
6 
4 
1 1851290880  
6 
2 
4 
1 765839171  
1 1099748554  
6 
6 
5 
1 1020831962  
5 
3 
4 
5 
4 
5 
6 
2 
5 
6 
3 
3 
5 
6 
6 
1 1943606013  
4 
5 
1 788569357  
3 
5 
3 
3 
1 2035714250  
3 
1 88328130  
4 
5 
5 
1 1995558811  
1 938789046  
1 426040172  
2 
2 
5 
1 1203363793  
3 
3 
4 
3 
3 
1 1022499909  
6 
5 
5 
6 
3 
1 1264152536  
1 1368828580  
6 
5 
5 
1 1493616680  
2 
2 
2 
4 
2 
4 
2 
1 2046358043  
3 
6 
2 
5 
2 
2 
1 1461792541  
2 
4 
6 
2 
6 
6 
4 
3 
4 
6 
5 
6 
4 
3 
6 
2 
6 
4 
2 
4 
5 
3 
2 
6 
3 
3 
2 
1 1526659772  
2 
3 
4 
1 878724228  
4 
3 
6 
1 1425634060  
2 
1 390534895  
4 
4 
1 1454447263  
6 
5 
1 853821412  
1 1042901115  
1 13325962  
4 
4 
6 
6 
2 
6 
1 557604210  
5 
6 
3 
1 1074409287  
4 
6 
5 
2 
5 
3 
2 
6 
5 
1 1895615508  
2 
1 1875820555  
3 
6 
4 
4 
4 
1 122021874  
2 
3 
6 
5 
5 
2 
6 
6 
3 
3 
2 
3 
2 
4 
5 
5 
1 1599422740  
2 
1 494176078  
2 
5 
5 
4 
2 
5 
3 
5 
5 
5 
1 1221770428  
6 
1 472771054  
5 
6 
2 
3 
2 
1 290298443  
3 
2 
1 2010339786  
2 
2 
6 
2 
4 
4 
1 361001656  
2 
3 
1 378626573  
6 
5 
1 1858414949  
3 
2 
3 
4 
1 1299790703  
2 
5 
3 
3 
3 
2 
4 
2 
2 
1 804666745  
6 
4 
5 
5 
6 
4 
5 
6 
4 
1 914295094  
5 
4 
4 
6 
4 
1 174806964  
6 
1 2068819281  
6 
2 
2 
1 135640026  
6 
3 
5 
2 
5 
6 
4 
4 
2 
2 
4 
3 
6 
5 
6 
5 
3 
1 1668423644  
2 
4 
6 
4 
6 
6 
1 1967693677  
3 
2 
4 
5 
5 
6 
6 
1 1597432567  
4 
3 
4 
6 
1 1047599768  
3 
5 
1 698934257  
5 
1 875582979  
6 
3 
4 
1 1438134663  
4 
5 
5 
2 
4 
6 
6 
3 
5 
3 
3 
6 
4 
1 5897872  
5 
4 
2 
5 
5 
4 
3 
1 1729404391  
5 
2 
1 333552130  
3 
5 
5 
2 
2 
3 
2 
2 
5 
2 
4 
1 19223834  
1 139524954  
5 
2 
2 
3 
4 
6 
1 1407961417  
6 
1 1914839343  
4 
1 2015345509  
2 
3 
2 
1 1529983292  
4 
1 1366778435  
4 
2 
1 362037939  
6 
1 604270072  
4 
5 
5 
5 
2 
3 
1 1839549490  
5 
6 
6 
3 
3 
5 
4 
2 
2 
2 
3 
1 652336382  
3 
4 
2 
2 
5 
5 
6 
6 
6 
1 467126210  
3 
6 
2 
3 
1 53067498  
3 
5 
2 
6 
6 
3 
6 
3 
5 
2 
5 
5 
2 
6 
6 
2 
6 
4 
1 1030962955  
4 
1 178057511  
6 
5 
1 1352858201  
6 
6 
1 1835629701  
1 1092352605  
6 
3 
4 
3 
5 
6 
1 1527665165  
2 
5 
1 1756965334  
4 
3 
4 
3 
6 
3 
4 
6 
1 1227992631  
1 1048605161  
6 
5 
5 
3 
6 
3 
4 
4 
3 
1 1577175363  
1 677941551  
1 2096204929  
5 
1 128625972  
3 
2 
4 
4 
4 
6 
4 
2 
2 
3 
3 
4 
4 
2 
4 
6 
6 
5 
3 
6 
5 
3 
2 
5 
4 
3 
3 
3 
1 1553524530  
2 
6 
2 
2 
1 1386855944  
4 
3 
5 
2 
5 
6 
4 
5 
2 
3 
4 
3 
2 
1 134523844  
2 
5 
1 1135445274  
2 
6 
1 1720408075  
1 153747679  
1 1274970228  
1 980885844  
2 
4 
1 2068587022  
6 
6 
1 1142832089  
1 363385488  
3 
5 
2 
3 
3 
2 
2 
5 
5 
1 1287881809  
6 
4 
4 
5 
3 
4 
1 1504870028  
2 
2 
5 
1 967655561  
3 
5 
4 
1 979947651  
1 9722762  
4 
4 
2 
2 
2 
1 1434781771  
4 
4 
2 
5 
6 
3 
1 1033015150  
5 
1 1040685717  
5 
4 
4 
5 
2 
3 
1 1612839283  
6 
3 
1 238389703  
1 728831770  
4 
6 
4 
6 
1 557708240  
5 
2 
2 
5 
5 
5 
4 
4 
1 1766054869  
2 
4 
5 
1 338313457  
3 
3 
1 1785700872  
3 
2 
2 
6 
4 
1 667176382  
2 
5 
2 
2 
1 1915488820  
5 
2 
2 
2 
3 
6 
4 
5 
4 
2 
1 316158775  
1 615897664  
2 
2 
4 
4 
2 
4 
1 2044114793  
2 
4 
6 
4 
1 1869683305  
6 
1 2002753608  
1 31154989  
2 
4 
6 
2 
5 
5 
5 
2 
2 
4 
5 
1 857644931  
1 1575678035  
4 
5 
1 184902668  
1 2132615159  
3 
5 
3 
2 
3 
6 
6 
5 
3 
5 
2 
4 
6 
2 
2 
3 
5 
5 
1 409080232  
3 
2 
4 
6 
4 
4 
3 
6 
1 106006042  
2 
1 1127963600  
6 
5 
5 
3 
4 
1 772465720  
2 
5 
1 1393887852  
1 485349980  
6 
4 
4 
5 
4 
2 
1 1740121281  
3 
6 
4 
6 
6 
3 
1 226351855  
2 
4 
2 
5 
5 
6 
3 
2 
5 
6 
1 495072742  
6 
1 1027419405  
4 
2 
4 
2 
2 
4 
6 
2 
6 
6 
6 
1 1259367005  
4 
6 
6 
1 1535758460  
4 
4 
3 
4 
1 492775040  
5 
2 
4 
1 1497756709  
5 
5 
2 
1 117106582  
1 1050483280  
3 
1 1116327930  
1 455420039  
2 
3 
3 
1 688700504  
3 
5 
5 
2 
1 1783504312  
1 223425212  
5 
4 
5 
2 
3 
4 
6 
3 
6 
3 
2 
6 
2 
5 
6 
6 
2 
1 1004859279  
5 
6 
6 
4 
3 
1 251918328  
4 
5 
1 120056357  
3 
6 
3 
3 
5 
5 
1 727058937  
5 
1 107188289  
1 151211346  
1 1584703868  
1 1682866324  
6 
5 
4 
1 336114015  
5 
5 
2 
1 1569835380  
1 2091946556  
6 
3 
4 
4 
3 
6 
2 
1 442120057  
2 
5 
2 
2 
3 
6 
5 
1 550315332  
1 716928629  
3 
4 
4 
4 
4 
5 
6 
6 
2 
5 
4 
2 
2 
1 1836007909  
2 
4 
3 
5 
6 
5 
6 
6 
4 
1 1035665313  
2 
6 
1 309566262  
2 
4 
2 
3 
2 
6 
1 2062359765  
6 
3 
5 
1 1530738055  
4 
6 
3 
4 
5 
1 1336985667  
1 1174243122  
1 919012867  
3 
5 
2 
1 1829760707  
2 
6 
3 
6 
4 
1 524516183  
4 
6 
6 
1 1036119450  
5 
4 
2 
1 732760340  
1 1640844113  
5 
4 
5 
1 1491539489  
2 
5 
3 
3 
5 
1 1421460844  
3 
3 
3 
2 
4 
3 
5 
4 
3 
6 
5 
3 
5 
6 
2 
3 
1 1276864778  
3 
2 
6 
5 
2 
6 
3 
3 
1 1714964701  
5 
2 
1 278836476  
2 
2 
2 
5 
6 
5 
3 
3 
6 
4 
5 
4 
6 
5 
1 1528783106  
1 1835021058  
4 
5 
5 
3 
2 
5 
1 1005895413  
4 
5 
6 
3 
2 
2 
2 
6 
4 
1 1635971395  
1 1986232405  
4 
1 443115633  
5 
2 
6 
5 
1 1171354072  
6 
1 174862772  
5 
5 
1 2012951013  
3 
5 
5 
4 
4 
1 1115816980  
6 
1 616982829  
6 
2 
1 415782698  
2 
4 
5 
3 
6 
6 
6 
3 
2 
2 
5 
4 
6 
2 
1 1832745609  
6 
1 305507091  
5 
6 
4 
4 
1 1451448011  
2 
2 
3 
2 
2 
3 
6 
2 
4 
5 
3 
4 
1 2142311872  
5 
4 
4 
3 
3 
3 
3 
4 
3 
4 
4 
2 
5 
4 
6 
6 
3 
6 
1 220383208  
4 
1 834702418  
3 
4 
3 
3 
3 
5 
3 
6 
5 
4 
2 
5 
2 
2 
1 1331813891  
2 
2 
5 
1 1394626330  
3 
5 
6 
4 
4 
2 
2 
2 
4 
6 
4 
6 
4 
6 
2 
4 
6 
6 
4 
1 1753715286  
1 1014090951  
2 
2 
3 
4 
3 
2 
6 
4 
5 
1 1919142514  
6 
5 
6 
6 
5 
2 
2 
6 
4 
2 
1 642351088  
3 
4 
3 
2 
3 
4 
5 
4 
2 
5 
3 
3 
4 
6 
2 
5 
6 
3 
2 
4 
2 
5 
1 1746851291  
2 
3 
5 
6 
3 
4 
1 1412502979  
1 2133890577  
5 
6 
2 
5 
6 
3 
2 
1 1020828487  
1 541884109  
6 
5 
4 
1 1701371631  
3 
5 
1 1299664963  
6 
2 
5 
4 
5 
6 
2 
6 
4 
1 2070667216  
6 
2 
5 
5 
3 
5 
6 
3 
3 
4 
3 
2 
1 1388909041  
6 
3 
1 158076728  
4 
4 
3 
6 
2 
3 
3 
4 
1 1559154963  
4 
6 
6 
4 
1 1227657798  
1 601192362  
5 
4 
4 
4 
1 583025387  
3 
1 1402520570  
3 
4 
2 
5 
6 
4 
1 466659727  
5 
2 
3 
5 
5 
5 
6 
4 
1 1698842368  
6 
3 
5 
3 
4 
6 
4 
2 
5 
6 
6 
4 
6 
4 
5 
1 2019503400  
2 
2 
1 882442425  
2 
2 
4 
4 
2 
1 1384104329  
2 
6 
2 
3 
4 
5 
6 
3 
6 
6 
6 
3 
1 177526843  
4 
5 
4 
1 186406788  
4 
5 
3 
3 
3 
3 
4 
4 
1 1378932553  
3 
6 
1 397910051  
1 1021109207  
6 
4 
3 
4 
5 
1 563262797  
1 1792536381  
5 
1 627340845  
6 
2 
3 
2 
4 
4 
5 
5 
1 1577353748  
5 
4 
3 
4 
6 
5 
4 
5 
5 
6 
3 
4 
1 1564195247  
6 
3 
6 
5 
3 
1 1269691933  
2 
6 
4 
2 
1 1176721391  
5 
4 
4 
6 
4 
3 
5 
5 
2 
4 
4 
6 
2 
6 
5 
5 
1 829214579  
3 
6 
6 
6 
6 
2 
2 
5 
6 
3 
4 
5 
5 
4 
4 
4 
3 
2 
1 1256098862  
2 
4 
1 50066230  
6 
5 
2 
5 
5 
5 
1 1371098688  
4 
5 
1 809986845  
2 
6 
1 1349731194  
2 
5 
3 
2 
1 1294282256  
6 
3 
2 
5 
2 
5 
6 
6 
4 
6 
3 
6 
5 
5 
4 
4 
1 51412239  
4 
5 
5 
2 
2 
5 
3 
5 
5 
5 
1 1507807922  
4 
1 705953572  
6 
1 1279070037  
6 
5 
1 2109000284  
6 
4 
6 
2 
1 1288978959  
4 
4 
5 
3 
6 
2 
3 
3 
6 
1 534106960  
4 
6 
5 
4 
2 
2 
1 428176364  
3 
5 
4 
1 840337679  
1 406126712  
3 
3 
2 
3 
6 
2 
3 
6 
5 
4 
5 
2 
4 
6 
2 
5 
1 1310618789  
1 76958361  
5 
2 
3 
4 
6 
5 
2 
1 583653555  
2 
3 
3 
5 
6 
5 
4 
3 
2 
4 
6 
1 1497025578  
3 
6 
5 
5 
2 
1 1455890914  
6 
2 
4 
6 
1 981563606  
6 
6 
3 
6 
3 
5 
1 370651137  
4 
2 
5 
6 
6 
2 
5 
6 
1 2019153711  
5 
1 626616339  
2 
1 997991982  
6 
3 
5 
1 1449023811  
4 
5 
4 
5 
1 43327939  
3 
1 120200267  
2 
1 478261554  
5 
3 
2 
1 872542518  
2 
3 
1 1376299129  
1 528327785  
3 
4 
1 96157558  
5 
2 
5 
3 
6 
5 
5 
5 
1 38802327  
4 
2 
1 1878058979  
5 
5 
2 
6 
3 
2 
2 
3 
1 1390439815  
2 
6 
4 
6 
2 
6 
5 
5 
1 90214566  
2 
4 
3 
2 
6 
6 
3 
3 
1 1238383253  
3 
1 2096393387  
2 
6 
3 
1 1369284603  
3 
1 1199899890  
1 1237888698  
3 
6 
6 
4 
3 
3 
4 
5 
3 
6 
2 
3 
3 
4 
5 
6 
4 
2 
5 
3 
3 
1 1903391563  
1 1628076254  
6 
2 
4 
1 2078226378  
3 
5 
1 162034627  
1 791211395  
4 
3 
1 7701091  
3 
1 745688182  
1 140753325  
6 
5 
3 
2 
2 
1 1463592005  
3 
6 
1 1727251788  
4 
1 511404462  
1 1335262069  
5 
6 
6 
4 
4 
6 
5 
2 
5 
6 
1 206384480  
4 
4 
6 
1 1509396444  
4 
5 
4 
2 
4 
6 
5 
5 
6 
6 
4 
4 
3 
2 
2 
5 
4 
4 
4 
1 636802232  
4 
3 
1 249712419  
1 1629596711  
4 
5 
4 
2 
4 
3 
6 
6 
1 1115063787  
6 
4 
4 
1 1122254937  
1 858412193  
1 1643391572  
4 
3 
4 
1 1218412495  
6 
1 897214520  
3 
2 
5 
6 
4 
1 1373966903  
5 
4 
4 
2 
5 
6 
5 
3 
6 
5 
4 
5 
6 
2 
2 
1 461368662  
1 987429086  
6 
5 
3 
2 
1 464866508  
5 
6 
2 
1 410278401  
3 
6 
4 
6 
1 209230041  
3 
4 
5 
3 
3 
5 
1 1664766398  
6 
5 
2 
3 
3 
4 
4 
6 
1 1648167100  
4 
2 
2 
1 2112621605  
2 
5 
4 
4 
4 
1 1145359004  
6 
2 
5 
5 
4 
2 
1 1578909830  
4 
4 
4 
5 
3 
4 
5 
6 
2 
2 
6 
2 
6 
3 
4 
3 
4 
1 127172584  
6 
4 
4 
4 
6 
4 
3 
4 
2 
3 
3 
5 
6 
2 
5 
2 
1 1936570400  
6 
1 1586610921  
3 
2 
4 
1 872860767  
3 
2 
1 2077323725  
5 
5 
1 902719278  
2 
2 
5 
6 
5 
6 
2 
5 
4 
1 452628907  
3 
5 
6 
1 441244540  
1 90497699  
6 
5 
6 
2 
6 
3 
2 
3 
4 
1 659013387  
4 
1 1950640984  
2 
6 
5 
2 
4 
6 
1 727299932  
3 
2 
3 
5 
5 
3 
1 908725806  
6 
3 
4 
3 
2 
2 
3 
5 
5 
5 
4 
6 
1 1432754048  
5 
3 
6 
3 
3 
5 
5 
2 
4 
6 
5 
6 
6 
2 
6 
1 1842363719  
2 
1 2030980743  
1 143682593  
4 
3 
4 
5 
3 
3 
3 
5 
2 
6 
6 
5 
4 
3 
4 
1 1338271643  
6 
5 
4 
2 
2 
5 
6 
4 
4 
1 1101909591  
2 
1 1040897113  
6 
6 
5 
1 564754898  
6 
4 
4 
6 
2 
4 
6 
6 
5 
4 
1 1563278253  
1 2028326199  
6 
6 
2 
1 1029621406  
6 
6 
5 
3 
2 
2 
1 1973556655  
6 
5 
2 
4 
3 
3 
6 
2 
5 
4 
2 
6 
6 
2 
5 
5 
2 
6 
6 
3 
4 
4 
3 
6 
5 
5 
6 
3 
3 
5 
5 
4 
6 
2 
2 
1 90072592  
2 
2 
5 
6 
6 
5 
5 
5 
5 
6 
5 
2 
2 
6 
5 
1 546904157  
4 
3 
1 1474240107  
1 55210549  
1 1692263161  
6 
3 
4 
6 
2 
6 
6 
6 
2 
4 
4 
2 
3 
5 
5 
4 
3 
6 
5 
3 
1 905666289  
4 
2 
4 
2 
5 
2 
6 
4 
4 
1 182383134  
6 
2 
5 
3 
3 
2 
4 
5 
4 
2 
3 
1 1481349913  
1 344793562  
5 
2 
2 
6 
4 
3 
6 
5 
2 
1 1055243901  
5 
1 1411189991  
5 
3 
6 
6 
5 
6 
3 
4 
4 
1 1247512840  
1 1507872808  
4 
4 
1 1852434531  
1 1338010540  
3 
6 
5 
2 
4 
1 19402548  
2 
6 
3 
6 
5 
2 
6 
2 
6 
1 1655591867  
3 
4 
5 
3 
6 
2 
3 
2 
6 
6 
1 2065310472  
6 
4 
6 
3 
6 
2 
4 
5 
2 
4 
5 
1 928128354  
4 
1 940862267  
2 
2 
4 
5 
5 
5 
6 
1 1760190543  
1 811625450  
2 
4 
2 
3 
3 
4 
5 
5 
5 
3 
2 
4 
2 
1 1084544860  
4 
5 
6 
2 
4 
2 
1 950978538  
4 
5 
4 
2 
3 
6 
6 
5 
3 
3 
6 
5 
2 
3 
6 
2 
1 1913535041  
4 
6 
4 
3 
6 
4 
3 
3 
1 2125441973  
5 
2 
1 1515733436  
3 
2 
5 
6 
1 1329329646  
4 
6 
3 
5 
5 
4 
1 2006284524  
4 
6 
6 
5 
1 397871194  
5 
3 
6 
5 
3 
5 
2 
2 
2 
2 
5 
2 
5 
1 1155402653  
2 
3 
2 
1 2096357117  
4 
6 
2 
1 944775351  
5 
1 482159112  
3 
3 
2 
5 
2 
3 
1 4084018  
6 
2 
6 
2 
6 
5 
3 
1 489554865  
4 
5 
5 
3 
6 
4 
3 
1 1387825401  
4 
1 186467152  
2 
3 
4 
1 1970904778  
3 
5 
5 
2 
5 
1 1732618963  
6 
4 
4 
5 
4 
2 
2 
3 
4 
6 
6 
1 1241711053  
5 
4 
4 
6 
3 
6 
6 
1 1234611121  
4 
4 
4 
2 
6 
6 
1 832648156  
5 
5 
4 
3 
2 
5 
5 
5 
6 
1 602100214  
3 
3 
4 
4 
2 
2 
3 
5 
1 939562004  
4 
4 
6 
4 
6 
2 
3 
5 
3 
3 
3 
3 
1 23175048  
6 
5 
4 
6 
5 
2 
4 
2 
5 
6 
1 621502762  
6 
5 
1 447670224  
1 2088485520  
4 
1 1549631116  
5 
5 
3 
1 1388532491  
4 
5 
6 
2 
5 
4 
6 
3 
3 
5 
6 
4 
2 
4 
2 
2 
4 
1 1701192415  
2 
2 
1 213772918  
5 
3 
3 
5 
1 325593704  
4 
1 504687305  
2 
1 2127307959  
1 303552029  
5 
6 
2 
3 
5 
5 
6 
2 
2 
6 
1 2020420741  
4 
4 
4 
2 
3 
3 
6 
5 
1 1309153958  
1 162352906  
2 
4 
1 270808287  
1 317072963  
3 
3 
6 
3 
2 
6 
5 
6 
1 111226375  
1 1215583639  
3 
2 
4 
1 799232076  
5 
3 
2 
6 
1 115310393  
6 
1 1705138504  
1 39573829  
1 301777546  
2 
6 
2 
4 
6 
4 
4 
4 
6 
6 
6 
4 
2 
4 
4 
4 
2 
5 
3 
4 
5 
2 
4 
4 
5 
2 
5 
1 1528559634  
1 1772192793  
1 1543488599  
2 
3 
4 
6 
3 
6 
1 615687108  
1 457357301  
1 2145588813  
2 
1 1555249112  
4 
2 
1 480532349  
1 619607927  
3 
1 2002919336  
2 
1 421534221  
4 
5 
4 
3 
4 
1 21755396  
1 1243968180  
4 
1 2122726636  
5 
2 
5 
3 
6 
4 
4 
3 
2 
4 
6 
5 
4 
6 
6 
3 
4 
1 235528314  
5 
5 
3 
1 1569561884  
6 
2 
5 
4 
4 
4 
2 
1 479930293  
4 
2 
2 
1 215352626  
6 
6 
5 
5 
2 
5 
5 
6 
4 
5 
1 1873113913  
2 
4 
4 
6 
1 352867386  
3 
5 
1 1524506584  
3 
2 
6 
1 2035466819  
1 623675673  
3 
6 
1 1841579547  
1 2146693194  
4 
1 1839259312  
3 
4 
5 
1 493327975  
5 
5 
5 
2 
6 
3 
2 
6 
2 
5 
1 114519940  
5 
6 
6 
3 
2 
2 
5 
3 
1 1396914168  
4 
3 
5 
3 
4 
1 532901805  
6 
4 
3 
1 416297486  
6 
3 
4 
5 
1 777990155  
2 
5 
4 
3 
5 
2 
6 
5 
4 
3 
4 
4 
6 
6 
3 
6 
6 
4 
3 
4 
4 
4 
1 157610950  
5 
2 
2 
1 1959786085  
2 
5 
1 1393677263  
4 
3 
2 
3 
1 614968251  
6 
6 
4 
1 1957891251  
5 
4 
3 
5 
1 801442727  
1 1095500600  
1 430015530  
5 
2 
6 
3 
3 
2 
5 
1 656878416  
4 
1 1517034821  
5 
1 451770926  
1 1900846596  
2 
3 
2 
1 1492277809  
2 
4 
5 
3 
3 
1 687299241  
3 
6 
1 1322924832  
1 1972208102  
2 
2 
6 
4 
3 
3 
1 902651867  
6 
5 
2 
6 
4 
5 
3 
2 
3 
6 
1 1048555097  
5 
6 
3 
5 
3 
3 
4 
6 
3 
4 
1 177591840  
5 
1 279674803  
4 
2 
4 
6 
4 
1 936538269  
1 801267513  
5 
6 
1 2121254350  
5 
2 
1 935747815  
1 493043178  
1 467098678  
1 1050267755  
1 1889957346  
6 
2 
5 
1 1000000483  
5 
1 1466565241  
4 
5 
2 
3 
2 
6 
6 
5 
4 
2 
5 
1 520463853  
5 
2 
1 1157611433  
2 
3 
1 1278867679  
1 1914141116  
5 
3 
1 1772579684  
3 
2 
3 
6 
4 
6 
3 
6 
6 
3 
1 1089275282  
4 
3 
2 
2 
3 
2 
2 
5 
6 
2 
1 568100196  
5 
2 
6 
3 
2 
6 
4 
2 
4 
3 
3 
5 
5 
4 
3 
4 
3 
3 
5 
4 
1 720596636  
1 1519290812  
5 
5 
2 
3 
5 
3 
2 
6 
6 
2 
5 
3 
1 1224978612  
2 
4 
2 
6 
4 
6 
6 
2 
4 
4 
2 
1 90147809  
3 
1 1971061739  
1 978341560  
2 
5 
5 
2 
6 
1 1582425618  
3 
3 
3 
5 
6 
5 
3 
1 510877332  
3 
3 
4 
5 
2 
5 
4 
6 
4 
3 
5 
2 
6 
2 
1 153782744  
3 
2 
1 1407150072  
6 
1 1413529199  
4 
3 
4 
1 1202337841  
4 
2 
3 
5 
2 
1 1584741912  
3 
5 
4 
2 
1 1693204002  
3 
4 
4 
2 
1 2138876110  
4 
3 
3 
5 
2 
4 
6 
2 
2 
4 
1 238525777  
2 
2 
1 1666974704  
5 
3 
4 
1 927140278  
5 
2 
5 
6 
6 
1 731568955  
5 
2 
4 
4 
2 
1 2134073382  
5 
2 
4 
5 
5 
2 
1 1977408033  
5 
1 474042654  
4 
5 
5 
5 
4 
6 
4 
6 
2 
6 
2 
3 
3 
3 
3 
5 
4 
4 
3 
2 
1 986590217  
4 
5 
4 
5 
6 
6 
5 
4 
2 
3 
6 
5 
3 
1 1296489627  
1 994506507  
4 
1 2144201650  
3 
4 
1 427873658  
1 761163976  
6 
3 
5 
6 
5 
6 
4 
6 
5 
5 
2 
6 
2 
2 
2 
3 
2 
4 
3 
2 
1 1769297686  
6 
4 
4 
1 1517148940  
5 
3 
3 
3 
3 
3 
2 
4 
4 
1 1329264172  
2 
4 
2 
3 
2 
5 
1 342410674  
2 
2 
2 
5 
6 
2 
1 888956104  
2 
4 
5 
3 
6 
5 
1 406759136  
1 432558483  
5 
3 
3 
4 
6 
5 
1 712534195  
3 
5 
6 
4 
4 
1 1385100696  
5 
2 
6 
6 
1 2014984101  
3 
4 
6 
6 
3 
1 1223411527  
5 
1 1538883440  
5 
6 
6 
1 1274650525  
5 
4 
1 489457078  
4 
3 
5 
4 
6 
5 
1 593737633  
1 711908789  
3 
6 
4 
4 
5 
2 
5 
2 
3 
1 35177432  
6 
6 
6 
3 
2 
3 
1 585130096  
3 
1 950434567  
3 
6 
2 
1 1702152137  
4 
6 
5 
3 
4 
5 
2 
6 
4 
2 
1 1512270374  
5 
2 
4 
3 
3 
2 
3 
5 
4 
1 1682003522  
3 
4 
4 
5 
3 
5 
5 
5 
1 1688741871  
3 
4 
6 
1 1342194759  
1 8562528  
3 
6 
4 
6 
6 
1 527848441  
1 491200738  
6 
1 1003069036  
4 
1 524566443  
6 
6 
1 919074396  
6 
5 
6 
1 1764233012  
5 
5 
3 
3 
3 
2 
1 146380482  
5 
2 
1 288739688  
6 
6 
1 946013536  
5 
6 
3 
3 
3 
6 
3 
2 
4 
2 
1 488791156  
3 
2 
1 1177695793  
4 
4 
5 
6 
1 1352772672  
3 
3 
1 921349640  
3 
1 1890229988  
1 590389720  
2 
1 788850093  
1 966157868  
6 
1 2129273160  
3 
2 
3 
1 2063500619  
3 
1 1455614946  
1 575527145  
4 
3 
3 
6 
2 
3 
1 627925760  
5 
5 
6 
1 1490792379  
4 
3 
3 
6 
5 
1 1160657241  
5 
2 
1 1578360327  
4 
2 
3 
1 1045460868  
1 525443967  
4 
5 
6 
6 
3 
6 
2 
5 
4 
5 
4 
4 
4 
2 
3 
6 
5 
5 
6 
1 1112880202  
5 
3 
2 
2 
2 
1 586719091  
3 
5 
1 1867638727  
1 1121442730  
2 
4 
5 
2 
1 1114567532  
4 
6 
4 
5 
2 
2 
2 
6 
5 
4 
2 
1 211355817  
5 
6 
2 
6 
5 
5 
3 
1 2124511766  
1 1639133976  
1 1130430214  
1 1741261130  
4 
6 
2 
4 
1 1785514458  
1 1419169902  
6 
2 
2 
6 
2 
6 
1 539791018  
3 
5 
1 126821966  
5 
1 449382047  
6 
1 1892563690  
3 
5 
1 1048171606  
1 192128388  
3 
6 
1 335469762  
2 
1 1837021700  
3 
6 
2 
2 
6 
5 
5 
4 
2 
4 
5 
5 
4 
1 1158286256  
2 
3 
3 
4 
2 
3 
2 
5 
5 
5 
5 
3 
5 
1 317259274  
1 1753038671  
2 
2 
6 
5 
6 
3 
4 
1 466417554  
5 
4 
2 
1 892786420  
6 
5 
5 
4 
4 
5 
2 
2 
3 
1 233480783  
5 
4 
4 
6 
4 
1 1957209933  
2 
1 2053443661  
2 
1 1811841111  
4 
2 
5 
3 
1 855187153  
2 
1 431403981  
2 
3 
2 
2 
3 
5 
4 
2 
2 
2 
3 
2 
2 
5 
1 777237665  
4 
4 
6 
2 
4 
5 
4 
5 
2 
2 
1 1441906245  
3 
1 151559060  
2 
3 
6 
4 
1 1898680395  
5 
5 
3 
6 
3 
6 
2 
1 408990129  
1 362914877  
4 
2 
4 
5 
5 
6 
5 
6 
6 
2 
5 
5 
3 
5 
1 1875708514  
4 
2 
1 2048124105  
6 
2 
5 
3 
5 
5 
4 
1 1493345091  
1 1469485996  
3 
6 
3 
5 
2 
4 
3 
1 1686154915  
3 
4 
6 
5 
6 
2 
2 
1 765031346  
5 
3 
3 
1 2009277015  
3 
2 
6 
4 
4 
1 1812976882  
4 
4 
5 
4 
5 
6 
4 
6 
3 
5 
5 
6 
4 
6 
4 
5 
3 
6 
1 1214413393  
1 1754357057  
3 
2 
1 713664840  
2 
2 
5 
4 
5 
6 
2 
4 
4 
2 
3 
3 
6 
6 
3 
2 
2 
2 
5 
6 
3 
2 
3 
1 1406541781  
1 2089826820  
2 
4 
1 403202892  
3 
5 
5 
3 
5 
4 
2 
2 
5 
5 
5 
5 
5 
5 
4 
4 
4 
1 417344389  
2 
6 
5 
4 
1 259602446  
5 
3 
6 
4 
1 8757915  
2 
3 
5 
4 
5 
1 883761944  
1 1152388866  
5 
3 
5 
4 
5 
4 
6 
3 
4 
3 
2 
6 
5 
5 
1 242238699  
3 
6 
2 
6 
1 693488229  
2 
4 
3 
6 
3 
1 1058348880  
5 
4 
4 
2 
1 2054079810  
3 
5 
1 1548675383  
4 
1 1489752861  
6 
6 
1 683833827  
4 
2 
5 
5 
4 
5 
6 
6 
3 
2 
1 843097980  
2 
2 
6 
2 
5 
5 
6 
5 
6 
4 
3 
4 
2 
5 
6 
3 
6 
4 
1 1641311921  
3 
5 
4 
3 
5 
1 435030574  
4 
3 
1 1252088109  
5 
1 2004226798  
6 
1 163255440  
5 
1 1152728567  
5 
6 
5 
2 
3 
5 
1 1350088242  
3 
3 
2 
6 
4 
3 
1 1632741437  
2 
6 
2 
1 691399834  
1 2115119588  
5 
3 
6 
5 
3 
3 
6 
3 
3 
5 
1 1494534804  
1 356893068  
2 
5 
1 1182049333  
2 
2 
1 1101408213  
6 
2 
1 1070557909  
1 441107467  
1 1043751385  
1 1473760801  
1 858451856  
2 
5 
3 
1 1303353832  
2 
2 
2 
6 
4 
6 
2 
4 
2 
1 1482518717  
5 
2 
6 
2 
5 
4 
5 
1 1742213800  
1 308259050  
6 
6 
6 
4 
1 1724757416  
4 
4 
2 
5 
4 
3 
3 
4 
2 
3 
4 
1 288218382  
4 
2 
6 
3 
1 1366607930  
6 
3 
5 
3 
5 
4 
6 
6 
5 
2 
4 
6 
6 
6 
4 
4 
1 1631353578  
5 
6 
3 
3 
1 1836893765  
5 
1 708877143  
1 167703757  
6 
6 
1 532508097  
6 
3 
5 
1 202705416  
3 
5 
6 
5 
1 602734331  
5 
5 
1 1784596206  
1 59448567  
3 
3 
6 
1 765989772  
6 
6 
1 789841125  
5 
3 
5 
2 
4 
6 
1 1409536809  
6 
5 
5 
2 
6 
4 
2 
5 
4 
2 
4 
1 251247561  
2 
3 
4 
3 
5 
2 
2 
5 
1 1481240960  
6 
3 
3 
1 1377172749  
2 
5 
5 
5 
1 1745782365  
1 1838134028  
4 
2 
5 
5 
6 
6 
4 
2 
1 411738434  
2 
4 
2 
1 699706930  
6 
3 
1 761208289  
2 
4 
3 
6 
4 
5 
5 
5 
3 
4 
4 
5 
2 
5 
1 852845901  
6 
5 
6 
5 
2 
5 
1 1743458316  
3 
2 
2 
4 
4 
5 
1 87485443  
6 
6 
4 
5 
2 
2 
6 
2 
5 
3 
6 
2 
5 
6 
3 
5 
3 
4 
5 
1 1711297758  
5 
1 899328500  
5 
4 
5 
6 
2 
3 
3 
1 1570004160  
4 
3 
2 
3 
3 
2 
1 1306027910  
5 
4 
6 
3 
1 1207587550  
5 
4 
1 1147277928  
6 
3 
2 
1 1594246292  
6 
5 
4 
3 
3 
1 426711833  
5 
5 
1 631147858  
3 
6 
5 
3 
3 
4 
3 
3 
4 
4 
2 
1 1283656409  
3 
1 1135588976  
3 
1 798851615  
2 
2 
3 
5 
5 
5 
6 
4 
4 
5 
3 
1 1816164506  
4 
6 
1 1338294393  
1 1401585946  
6 
2 
1 1453277065  
5 
2 
3 
5 
1 1397742960  
5 
2 
4 
3 
3 
4 
2 
1 20092070  
3 
2 
3 
1 95634542  
6 
1 659796121  
4 
5 
3 
2 
2 
5 
4 
2 
5 
4 
4 
2 
4 
4 
4 
1 271339631  
1 1576875502  
3 
5 
3 
5 
6 
2 
2 
2 
5 
4 
1 2036968870  
1 2017121996  
5 
5 
1 1267525883  
1 301223656  
3 
2 
1 569345279  
6 
5 
5 
6 
1 2028734172  
3 
2 
4 
5 
1 1154069558  
4 
3 
2 
2 
6 
1 165319947  
2 
6 
1 2116219615  
3 
5 
5 
6 
3 
4 
6 
1 717883668  
6 
2 
1 1064648447  
6 
4 
3 
5 
6 
2 
5 
4 
6 
3 
1 1538740127  
1 2023911578  
6 
3 
3 
1 124752349  
1 538534407  
3 
2 
3 
5 
4 
4 
5 
4 
5 
5 
6 
5 
3 
5 
2 
1 1470674223  
4 
5 
6 
2 
4 
2 
2 
4 
5 
3 
5 
1 551464182  
4 
1 1169682265  
1 606846984  
5 
2 
3 
5 
6 
2 
1 1687053159  
3 
5 
2 
6 
2 
4 
5 
1 1968533880  
1 275527843  
1 877863904  
5 
2 
5 
6 
2 
5 
1 1222636179  
3 
1 1728804908  
6 
4 
1 128123216  
4 
1 1242728249  
2 
4 
4 
3 
5 
5 
5 
1 1824439450  
2 
5 
6 
5 
5 
6 
5 
6 
2 
2 
1 787919337  
2 
5 
4 
1 1514067881  
6 
1 1253831305  
5 
6 
3 
6 
2 
5 
1 677404559  
3 
6 
5 
1 1383706229  
4 
2 
1 373873540  
4 
2 
1 978628215  
4 
2 
6 
5 
3 
6 
3 
4 
6 
2 
3 
2 
4 
4 
2 
5 
6 
3 
4 
2 
5 
5 
6 
6 
1 1953051508  
3 
4 
5 
6 
4 
4 
6 
5 
5 
4 
4 
6 
2 
5 
1 255124064  
1 2132697773  
5 
5 
1 2118371455  
1 223860032  
1 703097793  
6 
1 1035536254  
3 
1 1762600159  
3 
1 579525724  
1 1160288604  
5 
1 153650919  
1 2050199947  
1 1711752786  
2 
3 
2 
4 
5 
1 1323333184  
2 
2 
3 
1 509563283  
4 
2 
4 
6 
4 
1 1251322297  
4 
5 
2 
6 
3 
6 
2 
3 
1 1144383417  
5 
4 
2 
1 785091126  
5 
5 
1 2129186201  
1 219535948  
4 
3 
5 
2 
3 
4 
1 366412386  
4 
1 109825769  
4 
1 1462264197  
3 
6 
4 
1 43368189  
2 
5 
1 897745106  
5 
6 
2 
6 
6 
1 828848430  
1 1297199494  
6 
3 
1 1575149665  
1 65071012  
1 1671073034  
5 
6 
5 
2 
5 
4 
4 
1 406294233  
2 
2 
1 2018122520  
2 
2 
1 1926197098  
1 391508358  
1 1989010328  
6 
6 
6 
4 
6 
3 
4 
1 2573482  
4 
2 
5 
5 
6 
5 
2 
1 1094606152  
2 
5 
3 
3 
2 
2 
3 
6 
6 
6 
5 
3 
6 
2 
6 
6 
4 
5 
1 877062934  
6 
4 
4 
1 1765173642  
2 
5 
3 
5 
4 
4 
3 
6 
2 
5 
2 
4 
1 1674131876  
4 
1 2037351538  
3 
4 
6 
2 
5 
5 
1 1918824561  
1 1576848175  
2 
6 
6 
2 
5 
5 
4 
2 
1 1601620677  
4 
3 
4 
2 
6 
4 
1 1094674097  
3 
5 
4 
3 
6 
4 
3 
3 
5 
6 
3 
5 
2 
1 2086411458  
1 705459326  
6 
4 
5 
6 
5 
3 
3 
3 
6 
4 
6 
4 
4 
3 
5 
6 
2 
3 
6 
4 
4 
4 
3 
6 
5 
1 91573866  
3 
2 
6 
5 
3 
1 724018937  
4 
5 
4 
6 
3 
2 
4 
3 
1 687161880  
2 
4 
3 
3 
2 
2 
5 
4 
1 311109814  
2 
3 
3 
6 
3 
6 
1 1090431323  
4 
1 796987649  
3 
6 
5 
2 
6 
5 
1 1773374012  
5 
6 
5 
1 1133799512  
5 
1 1694732756  
3 
1 454738794  
5 
5 
4 
5 
3 
4 
6 
4 
6 
2 
6 
1 283515358  
5 
5 
6 
5 
2 
4 
2 
4 
1 1122398773  
6 
2 
6 
4 
6 
3 
6 
3 
4 
1 519809806  
2 
4 
6 
6 
6 
6 
4 
5 
4 
5 
4 
1 1954588392  
5 
2 
4 
4 
6 
6 
2 
3 
2 
5 
1 1528693006  
2 
2 
5 
3 
3 
6 
3 
1 390448679  
5 
6 
4 
1 1733301843  
2 
3 
6 
5 
2 
1 1920201365  
5 
2 
3 
4 
6 
5 
4 
2 
3 
6 
3 
3 
6 
5 
2 
1 231975359  
1 1735875325  
2 
1 867323869  
3 
1 1109038293  
2 
5 
6 
1 1353565319  
2 
3 
4 
4 
5 
1 393972097  
2 
4 
1 998906184  
5 
3 
1 1124906232  
6 
5 
6 
1 1970820272  
4 
3 
6 
3 
2 
2 
4 
3 
3 
2 
5 
4 
2 
5 
4 
4 
4 
1 453043213  
5 
4 
6 
5 
1 72096682  
6 
4 
4 
5 
1 1909748082  
2 
1 1158502539  
1 163670548  
1 486283371  
5 
4 
5 
4 
2 
6 
3 
1 1845664419  
1 474780363  
5 
3 
5 
1 1576714695  
4 
6 
1 495168421  
2 
4 
1 100670727  
3 
6 
2 
5 
6 
6 
1 563030559  
5 
3 
5 
5 
6 
5 
6 
4 
2 
1 42417529  
4 
5 
1 555409521  
6 
1 846545918  
4 
6 
1 1164816302  
5 
6 
4 
2 
1 1075219328  
5 
2 
1 653650662  
4 
2 
6 
4 
1 546025661  
5 
5 
1 1465668007  
3 
1 239468857  
6 
5 
3 
5 
2 
1 318743378  
3 
2 
2 
6 
1 1697643366  
4 
4 
2 
5 
1 1975344183  
2 
3 
5 
3 
6 
3 
3 
5 
2 
1 1186067247  
6 
2 
3 
2 
2 
2 
3 
2 
6 
3 
3 
1 659198011  
1 1181425854  
4 
6 
6 
3 
2 
2 
1 1580039344  
6 
3 
6 
6 
3 
3 
2 
2 
6 
3 
3 
2 
4 
4 
1 1658104195  
3 
3 
2 
3 
4 
2 
1 158848439  
6 
5 
5 
4 
5 
3 
2 
3 
3 
2 
4 
3 
5 
5 
3 
5 
4 
5 
3 
3 
6 
5 
3 
3 
2 
4 
4 
5 
5 
5 
3 
4 
3 
4 
3 
2 
5 
3 
3 
5 
5 
4 
6 
1 1403375968  
6 
5 
5 
4 
6 
1 2111147408  
4 
2 
1 230945121  
3 
4 
6 
6 
1 1165640402  
4 
4 
2 
1 1122166300  
3 
1 394615669  
1 1651923774  
3 
5 
1 820347071  
2 
3 
1 869396032  
3 
2 
3 
6 
6 
3 
6 
6 
6 
3 
4 
1 1081154821  
3 
5 
4 
2 
6 
1 1315515492  
4 
3 
5 
6 
3 
4 
1 970066759  
1 1644185380  
4 
2 
6 
4 
3 
5 
1 1357933021  
2 
3 
3 
3 
4 
6 
4 
5 
5 
5 
1 1525476281  
5 
3 
5 
6 
4 
4 
2 
2 
6 
4 
2 
1 343247650  
5 
4 
6 
2 
4 
4 
1 375265676  
5 
4 
5 
4 
3 
4 
4 
3 
5 
1 453211961  
3 
4 
3 
1 996898313  
4 
2 
5 
5 
2 
5 
5 
5 
3 
6 
2 
5 
3 
4 
2 
2 
6 
6 
3 
6 
3 
6 
4 
5 
5 
1 921291337  
1 1918879968  
2 
1 1236367170  
2 
6 
6 
6 
2 
3 
5 
3 
5 
1 1240034715  
2 
3 
5 
6 
5 
2 
1 1469039686  
2 
2 
2 
6 
1 1064227705  
2 
1 278618314  
6 
1 2128237697  
2 
6 
5 
6 
1 98169912  
4 
4 
5 
4 
3 
6 
6 
3 
5 
5 
6 
5 
6 
3 
5 
4 
4 
4 
4 
6 
1 1858657658  
1 1638858245  
4 
1 257018351  
4 
2 
5 
3 
3 
2 
1 1114549978  
3 
1 1602522005  
2 
5 
5 
6 
1 487963472  
5 
3 
4 
1 132706732  
5 
1 577204657  
6 
4 
6 
5 
2 
2 
1 882579141  
2 
6 
4 
5 
6 
2 
3 
5 
6 
3 
3 
2 
4 
4 
5 
3 
1 1784630506  
3 
5 
4 
1 1397551729  
4 
3 
2 
1 1751975174  
6 
3 
2 
4 
6 
2 
5 
1 718301679  
1 565583573  
5 
4 
4 
3 
5 
6 
2 
2 
2 
3 
2 
5 
6 
5 
3 
4 
4 
4 
6 
5 
3 
4 
3 
1 574558285  
4 
4 
2 
1 215003412  
4 
3 
3 
5 
4 
2 
4 
6 
6 
6 
4 
4 
1 1923516595  
6 
3 
3 
2 
6 
4 
4 
6 
1 2100034566  
3 
4 
5 
1 558251062  
4 
5 
4 
2 
3 
2 
1 151298623  
6 
6 
6 
6 
4 
4 
1 405762879  
5 
1 1555149375  
2 
1 1072589960  
5 
2 
6 
4 
3 
5 
1 177159199  
4 
3 
1 644032898  
3 
6 
1 165141027  
5 
6 
3 
6 
6 
2 
5 
6 
3 
6 
6 
3 
5 
3 
6 
5 
1 1646198885  
6 
6 
5 
4 
3 
3 
6 
1 1708260603  
1 443759341  
5 
1 1626952935  
5 
3 
6 
3 
2 
1 1806430515  
3 
3 
4 
2 
2 
6 
2 
1 154933351  
3 
3 
6 
3 
6 
5 
2 
4 
3 
6 
6 
1 1118327532  
4 
6 
3 
1 2063448866  
3 
4 
1 1269483329  
5 
3 
1 573365889  
1 403928690  
4 
4 
1 1402190061  
4 
4 
3 
4 
2 
5 
1 1150570547  
6 
2 
2 
5 
1 1286507832  
4 
3 
1 1039336920  
1 400638628  
4 
5 
5 
3 
2 
2 
1 890999358  
2 
4 
2 
3 
6 
5 
4 
3 
3 
6 
2 
4 
3 
5 
5 
4 
4 
4 
1 1757638599  
2 
6 
1 966222201  
1 1465557643  
2 
6 
6 
3 
2 
3 
2 
5 
5 
6 
3 
4 
4 
5 
5 
6 
4 
6 
3 
2 
5 
3 
5 
1 1972642011  
3 
3 
3 
6 
1 742255148  
2 
4 
1 1418108562  
4 
1 383409426  
1 893553771  
1 1823871441  
1 1938558801  
1 1966143731  
6 
4 
1 2001030641  
5 
5 
1 435108051  
5 
4 
3 
5 
4 
2 
3 
2 
3 
2 
4 
4 
6 
5 
1 2131284758  
6 
4 
1 1499745878  
4 
5 
2 
2 
2 
6 
6 
4 
6 
1 2143368655  
6 
3 
2 
3 
4 
1 427560451  
1 979215165  
6 
6 
5 
3 
2 
3 
2 
1 1802315522  
2 
3 
5 
2 
1 582493802  
1 2097542697  
2 
3 
2 
5 
3 
5 
5 
4 
1 1718280741  
6 
3 
3 
5 
2 
5 
1 1851977131  
6 
2 
3 
2 
4 
3 
1 523424939  
5 
1 2122209431  
6 
4 
5 
2 
3 
2 
1 1106683545  
1 1673995486  
4 
2 
4 
2 
2 
4 
1 1261233615  
5 
6 
6 
1 2146020465  
3 
1 2074634114  
2 
1 4749325  
6 
5 
4 
5 
5 
3 
1 1756175416  
4 
6 
2 
4 
4 
6 
4 
4 
5 
5 
3 
6 
2 
2 
6 
6 
1 893372667  
3 
4 
6 
2 
4 
5 
4 
5 
3 
4 
2 
5 
5 
4 
2 
1 1470306969  
2 
4 
4 
3 
2 
6 
4 
1 1581333780  
5 
4 
2 
3 
5 
5 
5 
4 
1 1635627816  
1 740931883  
2 
3 
3 
1 1964743206  
6 
4 
5 
3 
6 
5 
2 
6 
6 
5 
3 
6 
6 
1 381697939  
3 
2 
1 417319676  
2 
1 1755818359  
1 200358023  
5 
5 
1 270866669  
6 
6 
5 
2 
1 43442763  
5 
6 
2 
2 
5 
6 
3 
6 
6 
6 
6 
1 184159133  
1 1770612548  
6 
6 
6 
3 
4 
4 
5 
3 
6 
6 
3 
2 
3 
1 39327770  
4 
4 
5 
6 
3 
2 
2 
3 
6 
5 
5 
6 
5 
1 611719585  
2 
3 
3 
6 
3 
2 
4 
1 602344065  
4 
4 
2 
5 
1 1841643292  
1 1194213387  
1 552403115  
6 
1 1412440385  
4 
1 898706871  
6 
5 
3 
1 1075828054  
3 
1 1387166169  
2 
1 2005390416  
5 
6 
2 
1 602339892  
3 
4 
4 
5 
1 500916136  
4 
4 
5 
3 
5 
4 
2 
4 
2 
6 
6 
4 
3 
6 
1 2003927233  
6 
6 
6 
3 
4 
5 
5 
1 529490358  
4 
6 
3 
5 
4 
5 
6 
5 
6 
2 
1 505665462  
4 
3 
5 
5 
6 
3 
6 
1 1612619001  
6 
3 
3 
6 
6 
1 1422863025  
2 
1 1975972431  
2 
3 
6 
1 1046469133  
2 
5 
1 911007193  
6 
6 
5 
5 
4 
3 
3 
4 
4 
4 
4 
1 569420666  
1 863728691  
2 
6 
5 
2 
5 
1 1292705133  
5 
6 
1 986740342  
5 
2 
1 472063403  
6 
2 
4 
4 
3 
3 
5 
6 
1 1493063156  
6 
4 
2 
4 
2 
6 
4 
5 
5 
4 
1 1257607012  
4 
3 
2 
1 515506166  
6 
1 1677222289  
2 
2 
5 
5 
6 
4 
2 
2 
3 
2 
4 
5 
2 
2 
4 
6 
2 
2 
1 880735912  
5 
3 
5 
5 
6 
6 
4 
1 554833936  
6 
2 
2 
5 
6 
4 
6 
1 141458226  
2 
3 
5 
3 
1 1483079977  
3 
6 
2 
2 
3 
2 
4 
6 
4 
1 248993580  
6 
5 
6 
6 
3 
1 1335671614  
2 
1 2035483092  
4 
1 1661433966  
3 
3 
4 
2 
4 
6 
3 
1 86894837  
2 
4 
4 
1 963827498  
3 
6 
5 
2 
3 
2 
5 
3 
1 901116487  
4 
2 
5 
2 
3 
5 
5 
3 
5 
5 
4 
3 
3 
5 
4 
3 
5 
4 
1 2092285253  
3 
3 
3 
3 
4 
5 
2 
5 
5 
1 1566167390  
3 
6 
5 
6 
4 
5 
1 1402032623  
4 
1 1948728838  
1 2095657748  
2 
2 
2 
3 
1 1907698085  
3 
5 
6 
3 
5 
5 
6 
6 
6 
4 
4 
2 
3 
4 
3 
5 
2 
5 
1 1413864191  
6 
4 
1 1371037126  
6 
5 
4 
5 
3 
1 1736186868  
5 
5 
3 
2 
6 
5 
6 
3 
1 312849677  
5 
5 
5 
6 
5 
2 
2 
1 134560671  
2 
3 
3 
5 
5 
1 158123886  
6 
2 
3 
5 
1 1176578368  
1 1427265804  
3 
2 
4 
6 
1 1144864229  
2 
2 
3 
3 
3 
6 
1 1648641771  
2 
5 
4 
3 
2 
6 
4 
5 
5 
5 
6 
1 772845312  
2 
5 
2 
5 
1 254987593  
1 16664289  
3 
2 
5 
1 302583954  
2 
6 
2 
3 
4 
3 
4 
2 
5 
5 
2 
6 
5 
6 
2 
2 
4 
5 
3 
6 
2 
3 
6 
4 
4 
6 
1 1135723505  
1 571498225  
6 
4 
6 
6 
6 
4 
5 
6 
4 
2 
6 
5 
4 
5 
5 
2 
5 
4 
6 
2 
5 
3 
3 
2 
3 
2 
1 444042180  
3 
2 
4 
3 
1 471319834  
3 
5 
2 
2 
3 
1 820491806  
2 
2 
5 
2 
5 
6 
3 
5 
3 
1 1779713794  
2 
3 
6 
5 
3 
1 359319279  
1 334442124  
4 
3 
5 
4 
6 
1 1866608631  
2 
5 
1 1323146777  
2 
2 
5 
4 
6 
3 
1 1235558611  
5 
6 
3 
5 
2 
2 
2 
1 1811410236  
5 
1 741830520  
1 490107586  
2 
4 
5 
5 
6 
3 
1 1612655426  
6 
5 
5 
3 
1 690004620  
2 
2 
4 
5 
6 
6 
6 
3 
1 250322024  
6 
5 
5 
3 
5 
5 
4 
1 879035970  
2 
4 
1 2061041746  
4 
5 
4 
5 
2 
5 
5 
2 
1 1986508892  
1 1191885647  
2 
5 
2 
3 
6 
3 
1 48118770  
3 
2 
2 
6 
5 
2 
1 2144632779  
1 220980367  
3 
6 
2 
1 1475384574  
6 
6 
4 
1 1142013360  
4 
5 
2 
1 1869622139  
4 
1 100746239  
4 
3 
6 
5 
4 
1 1397000953  
4 
2 
1 1886286428  
3 
3 
1 403330193  
4 
5 
5 
2 
2 
2 
5 
4 
2 
1 385240810  
4 
5 
4 
4 
4 
1 310301006  
6 
6 
3 
3 
2 
5 
1 847372373  
2 
2 
5 
6 
5 
5 
5 
6 
3 
4 
5 
1 856560644  
4 
6 
2 
1 1130792812  
3 
1 479602520  
6 
2 
2 
3 
3 
2 
6 
5 
1 1215879923  
5 
4 
3 
6 
1 1465234936  
2 
2 
1 198727503  
5 
6 
5 
5 
1 391543053  
5 
5 
5 
1 553309899  
6 
2 
5 
5 
6 
5 
5 
2 
4 
6 
6 
3 
1 2010137740  
1 1133373573  
5 
6 
2 
4 
1 1043417485  
4 
3 
2 
4 
3 
6 
5 
6 
4 
6 
1 1475309518  
2 
5 
6 
1 1823378193  
6 
4 
2 
2 
2 
5 
3 
6 
4 
5 
5 
2 
4 
5 
6 
2 
3 
6 
5 
2 
6 
6 
5 
3 
6 
3 
5 
2 
1 1293739509  
4 
6 
6 
3 
2 
1 206861840  
1 1736936292  
5 
3 
6 
5 
3 
4 
4 
1 1132764754  
1 1398747487  
4 
6 
3 
1 1785055062  
1 1129913885  
6 
1 1619727855  
6 
1 1112955988  
3 
2 
6 
6 
5 
1 124443597  
4 
6 
5 
3 
1 1341866346  
6 
5 
5 
1 1213702227  
3 
3 
2 
5 
2 
2 
5 
5 
5 
1 1521444550  
6 
6 
2 
3 
5 
2 
3 
5 
6 
4 
4 
4 
4 
3 
4 
3 
2 
5 
3 
6 
6 
4 
6 
6 
5 
2 
2 
1 1080669126  
3 
4 
2 
3 
4 
4 
1 1617032420  
1 1906685360  
3 
6 
4 
1 1390970132  
4 
3 
3 
5 
2 
5 
5 
4 
1 316921146  
5 
4 
3 
2 
4 
5 
6 
3 
4 
4 
1 615762356  
2 
2 
6 
5 
6 
2 
1 374279296  
2 
2 
1 796523666  
6 
1 1831642280  
4 
4 
4 
6 
4 
1 1839514232  
5 
5 
1 995251169  
2 
5 
5 
6 
2 
5 
6 
5 
4 
5 
6 
5 
4 
6 
6 
6 
3 
3 
1 75701685  
4 
2 
5 
6 
2 
1 245340483  
4 
4 
2 
4 
1 857905261  
2 
4 
4 
6 
2 
1 1209075258  
6 
6 
3 
2 
1 1288757969  
1 185731132  
2 
4 
1 884969803  
2 
3 
1 435013830  
4 
1 392592972  
3 
1 474422447  
4 
5 
1 1567778584  
3 
4 
3 
2 
4 
5 
2 
3 
5 
6 
2 
6 
4 
4 
5 
3 
6 
5 
6 
6 
3 
2 
2 
5 
2 
4 
5 
5 
1 1791340460  
6 
6 
5 
4 
1 111993861  
2 
2 
4 
1 550208821  
3 
2 
2 
2 
6 
6 
4 
6 
3 
2 
1 1263584667  
3 
4 
4 
6 
6 
6 
6 
4 
1 1224949850  
5 
5 
3 
1 674652418  
5 
6 
4 
3 
2 
1 457967365  
1 291168429  
4 
5 
1 48613320  
5 
1 1538636491  
1 1908200850  
4 
1 1955298680  
5 
1 782122976  
6 
4 
1 77638348  
5 
4 
2 
6 
2 
5 
6 
6 
5 
2 
3 
3 
4 
2 
3 
1 423577389  
1 1156402272  
2 
6 
4 
2 
1 874162014  
4 
6 
6 
4 
1 107736021  
4 
3 
4 
2 
3 
5 
3 
5 
1 848432857  
1 1869413183  
4 
5 
3 
4 
3 
1 183437706  
6 
2 
6 
6 
2 
1 1093773340  
1 579834797  
1 1392512964  
6 
6 
1 235047661  
5 
6 
2 
2 
6 
2 
1 765565929  
2 
4 
1 129999119  
1 670061492  
3 
4 
1 1158158901  
5 
4 
3 
4 
6 
3 
3 
1 604421567  
2 
3 
1 90356428  
6 
5 
5 
2 
3 
4 
2 
1 802015713  
5 
4 
1 716415428  
2 
3 
1 640565250  
1 2065600380  
5 
6 
4 
1 1941365278  
4 
1 1315217668  
5 
4 
5 
2 
6 
1 376084097  
1 85050060  
3 
3 
1 1363830989  
1 1914720589  
6 
2 
1 1993250910  
5 
4 
1 1171646021  
5 
3 
4 
6 
3 
5 
5 
6 
6 
6 
6 
1 549359917  
4 
1 2070889258  
4 
4 
5 
1 1595223410  
4 
6 
5 
3 
3 
2 
1 1705762189  
2 
2 
1 797567624  
2 
3 
6 
1 1702959431  
5 
2 
4 
1 406711398  
5 
6 
6 
2 
5 
6 
2 
3 
3 
5 
1 519497159  
2 
4 
2 
5 
4 
4 
3 
1 1886397137  
5 
2 
5 
5 
1 1500484739  
5 
1 1099331956  
6 
1 1131426453  
6 
3 
4 
4 
5 
6 
6 
5 
6 
2 
6 
6 
2 
6 
2 
6 
2 
3 
6 
3 
6 
5 
1 1735532400  
1 1864897885  
6 
1 1261425573  
1 258110244  
3 
4 
6 
6 
4 
5 
4 
3 
4 
5 
4 
4 
1 875573139  
5 
3 
2 
3 
4 
5 
3 
6 
5 
2 
5 
4 
2 
2 
2 
1 1865847140  
3 
6 
4 
4 
6 
5 
1 348466673  
1 1677588852  
1 434778920  
6 
5 
3 
3 
1 989031923  
6 
1 1595705585  
1 228660551  
6 
2 
2 
2 
5 
5 
3 
6 
1 156765943  
4 
1 1971789682  
3 
4 
6 
2 
6 
3 
5 
4 
2 
6 
2 
2 
3 
5 
6 
2 
4 
1 313710611  
3 
5 
6 
3 
3 
5 
2 
5 
1 1520596932  
4 
2 
5 
3 
6 
3 
4 
2 
1 1739026623  
5 
4 
4 
2 
3 
5 
1 159477873  
3 
5 
4 
1 544759306  
1 140902892  
3 
3 
4 
6 
4 
2 
4 
1 82883483  
1 2139982716  
1 1846665082  
5 
6 
3 
6 
5 
2 
5 
6 
6 
4 
6 
2 
3 
2 
1 880451107  
5 
3 
5 
4 
2 
4 
4 
1 1695458500  
3 
3 
5 
6 
6 
2 
1 105892832  
4 
5 
5 
3 
1 1399948266  
6 
1 1434371989  
3 
6 
5 
3 
1 1606377571  
3 
4 
1 351796575  
5 
4 
1 418314795  
1 1194426324  
5 
1 69210812  
1 1679740368  
1 1452536568  
1 944783951  
3 
4 
2 
2 
6 
5 
5 
2 
6 
6 
3 
2 
4 
1 1398103860  
4 
1 1801003241  
6 
5 
1 474889156  
5 
4 
1 1832882780  
1 642551516  
1 2070594741  
4 
1 2061543331  
6 
3 
6 
3 
3 
4 
5 
4 
5 
5 
6 
5 
4 
5 
2 
1 799317460  
3 
3 
1 1894900775  
5 
6 
5 
1 227770294  
1 172430744  
1 1486443751  
6 
1 387248167  
2 
4 
4 
5 
1 717190050  
2 
5 
1 1627346643  
6 
3 
1 470131650  
2 
2 
4 
6 
6 
5 
1 709689119  
3 
3 
4 
6 
6 
4 
5 
4 
2 
3 
6 
2 
4 
4 
1 1326528077  
3 
3 
3 
1 1350582757  
1 257663971  
2 
6 
5 
3 
6 
2 
2 
4 
6 
2 
3 
3 
6 
6 
4 
5 
3 
5 
6 
5 
1 1432420910  
1 603047376  
4 
5 
6 
4 
2 
5 
2 
5 
6 
2 
4 
4 
2 
6 
6 
2 
2 
5 
4 
3 
6 
4 
5 
4 
5 
2 
2 
5 
6 
3 
1 1692035960  
4 
4 
1 891314833  
4 
1 954843951  
1 2110350755  
2 
2 
1 2085741157  
6 
4 
1 1024054763  
1 1642607475  
4 
4 
2 
3 
1 1390794078  
6 
1 1968838715  
2 
5 
1 893227687  
6 
2 
4 
5 
2 
5 
1 1044313671  
4 
2 
2 
6 
4 
3 
4 
6 
5 
4 
3 
5 
2 
2 
5 
5 
6 
1 296244223  
3 
1 578626820  
3 
4 
1 1686865188  
3 
3 
6 
5 
4 
4 
2 
6 
5 
4 
5 
4 
2 
3 
1 219355316  
4 
6 
2 
3 
4 
1 492686503  
4 
2 
3 
6 
3 
6 
5 
4 
3 
4 
3 
2 
3 
5 
2 
1 338699000  
4 
6 
6 
3 
6 
6 
5 
6 
1 2114256091  
4 
3 
6 
3 
4 
1 720456798  
3 
2 
2 
5 
1 511129744  
6 
3 
4 
1 1453216194  
1 1107704965  
2 
4 
1 1228319795  
1 933079190  
6 
2 
3 
2 
6 
4 
2 
1 1577836616  
3 
4 
6 
6 
3 
3 
6 
1 1938008914  
2 
6 
6 
1 112123619  
3 
2 
4 
2 
3 
5 
1 780935725  
1 48189237  
2 
3 
4 
2 
6 
3 
5 
4 
5 
3 
2 
3 
6 
4 
6 
1 1544544529  
3 
2 
6 
3 
1 1383983101  
4 
1 1740225197  
3 
3 
1 288375715  
3 
5 
1 191343404  
3 
2 
4 
1 1703092305  
1 226633224  
6 
3 
1 1215398168  
5 
3 
4 
3 
6 
5 
4 
2 
6 
2 
1 1198216132  
4 
6 
3 
5 
5 
1 1617427302  
6 
1 1036753235  
3 
5 
5 
6 
2 
5 
4 
2 
1 2091443820  
2 
1 514257326  
2 
5 
6 
3 
5 
6 
1 1332997458  
6 
2 
4 
2 
4 
5 
4 
4 
6 
4 
6 
1 522586992  
3 
2 
5 
3 
3 
4 
4 
2 
4 
2 
5 
1 53638866  
3 
6 
5 
3 
5 
6 
5 
2 
4 
1 1552352774  
1 1015273495  
4 
6 
6 
4 
3 
4 
3 
3 
3 
3 
2 
3 
4 
6 
3 
1 392337866  
4 
6 
4 
2 
6 
3 
5 
2 
6 
3 
2 
5 
4 
3 
5 
2 
3 
3 
5 
4 
3 
1 1519125217  
5 
6 
4 
5 
1 1735730293  
2 
4 
4 
1 903467610  
4 
2 
1 824857764  
3 
2 
4 
6 
5 
6 
3 
3 
1 695951611  
6 
4 
1 2131787405  
4 
1 1757936954  
2 
4 
1 126304579  
2 
4 
5 
6 
1 1922312671  
5 
5 
2 
2 
6 
2 
3 
6 
3 
3 
5 
4 
3 
5 
2 
1 1870060573  
1 907240304  
1 1970501908  
4 
4 
3 
6 
1 1267121455  
5 
2 
2 
6 
4 
6 
2 
4 
1 143739758  
4 
1 1563243458  
3 
5 
4 
6 
5 
5 
6 
6 
6 
3 
1 1555497170  
4 
6 
2 
4 
4 
1 335083162  
3 
3 
5 
6 
6 
6 
6 
4 
5 
6 
2 
4 
3 
4 
2 
4 
3 
5 
4 
3 
3 
6 
4 
5 
6 
5 
4 
3 
1 1118852115  
5 
1 1782130394  
4 
2 
2 
2 
1 1550481330  
4 
4 
3 
3 
2 
6 
4 
3 
6 
6 
4 
3 
4 
1 169584599  
4 
4 
6 
5 
3 
3 
1 1252074049  
4 
1 439750917  
3 
1 113544771  
2 
3 
2 
1 1766331375  
2 
6 
3 
5 
5 
3 
2 
5 
6 
3 
6 
6 
4 
1 1772748375  
2 
6 
5 
6 
4 
6 
1 636131763  
6 
2 
1 1819970241  
3 
1 1177617501  
4 
2 
2 
1 1651405259  
1 64824459  
5 
1 549259071  
4 
1 1239651904  
6 
5 
6 
2 
1 968292069  
1 1374116835  
4 
4 
2 
3 
6 
6 
2 
4 
5 
4 
3 
3 
1 1935603515  
4 
6 
6 
1 952595827  
6 
6 
4 
5 
4 
6 
4 
4 
5 
5 
6 
1 984570141  
1 2061908094  
4 
6 
6 
4 
1 727424850  
3 
5 
1 707147066  
4 
2 
1 821664751  
4 
3 
6 
1 550443111  
1 1974268521  
1 965404509  
6 
1 2113686569  
3 
5 
5 
6 
3 
2 
6 
2 
6 
4 
3 
4 
2 
4 
5 
1 1382282043  
3 
4 
3 
6 
5 
3 
1 1300487671  
6 
6 
1 1085055036  
1 1016928790  
1 703485354  
6 
1 1254639635  
6 
1 121519191  
6 
4 
5 
6 
3 
1 1143236271  
1 1368184407  
4 
4 
1 1887850566  
4 
2 
2 
4 
5 
6 
6 
6 
4 
6 
5 
2 
3 
2 
2 
5 
1 768500999  
3 
3 
5 
3 
2 
3 
4 
5 
3 
6 
3 
3 
5 
5 
1 2004316170  
3 
5 
6 
1 1560337159  
4 
1 1946118500  
5 
5 
4 
2 
2 
4 
6 
4 
1 1508237781  
3 
1 1625161618  
3 
3 
6 
4 
4 
1 347893923  
5 
3 
6 
6 
4 
4 
6 
4 
4 
2 
1 600406038  
3 
5 
6 
5 
5 
6 
4 
6 
1 445970039  
6 
2 
2 
6 
1 1722010758  
5 
4 
2 
2 
5 
4 
3 
6 
5 
5 
2 
3 
2 
1 388525905  
4 
1 1398565866  
2 
4 
4 
6 
6 
2 
2 
3 
4 
3 
3 
5 
2 
2 
3 
6 
4 
2 
1 559097251  
5 
4 
5 
2 
1 302950352  
5 
6 
6 
5 
2 
5 
2 
1 2125990717  
2 
1 1266244318  
6 
5 
4 
1 1124615103  
1 528950180  
4 
4 
6 
3 
6 
3 
3 
1 1093029191  
1 2090019612  
5 
1 495153101  
5 
6 
1 327827587  
1 1243023635  
3 
5 
6 
3 
5 
1 1580208137  
6 
1 1344756377  
1 1946508989  
4 
4 
5 
6 
6 
4 
3 
2 
6 
6 
3 
6 
1 687364124  
4 
5 
1 1466275568  
1 942261613  
2 
5 
3 
1 2055548531  
3 
1 1206642486  
2 
4 
6 
5 
1 1710762612  
2 
5 
5 
3 
2 
1 1912381054  
1 619495997  
6 
4 
5 
2 
5 
6 
4 
5 
3 
1 1509397464  
4 
3 
5 
2 
5 
3 
1 1273135187  
4 
3 
4 
4 
1 97173967  
6 
6 
6 
6 
6 
4 
5 
3 
5 
2 
4 
2 
5 
6 
6 
2 
4 
6 
1 1857291388  
6 
4 
2 
6 
4 
1 1873541225  
5 
6 
3 
4 
5 
5 
4 
2 
3 
3 
4 
3 
3 
1 543144006  
4 
5 
5 
6 
3 
6 
6 
5 
5 
6 
2 
1 1431818498  
2 
1 114583483  
4 
1 1941709873  
2 
4 
2 
3 
1 1990915750  
5 
5 
1 417533835  
1 1920216942  
4 
3 
2 
6 
1 1109676420  
1 1542148938  
2 
3 
5 
6 
2 
1 301683474  
2 
2 
1 55221963  
1 1484684902  
3 
6 
6 
6 
2 
3 
5 
6 
1 796836575  
3 
2 
3 
4 
2 
1 383049550  
3 
6 
4 
5 
5 
5 
2 
6 
4 
4 
5 
3 
4 
3 
6 
2 
4 
6 
4 
6 
2 
5 
2 
2 
5 
2 
2 
1 580224889  
3 
5 
2 
2 
1 229561064  
5 
5 
6 
6 
4 
6 
1 1727805927  
1 379250231  
6 
5 
2 
3 
6 
4 
6 
6 
4 
3 
1 916925188  
6 
2 
6 
3 
2 
1 1046597847  
4 
4 
6 
3 
5 
1 1321511844  
4 
1 824990072  
4 
4 
5 
6 
2 
6 
2 
4 
4 
6 
5 
4 
5 
3 
6 
6 
4 
3 
5 
2 
6 
2 
3 
5 
1 105756685  
5 
5 
3 
1 884790808  
4 
3 
4 
2 
5 
2 
1 589887478  
1 725252682  
2 
1 246704624  
2 
1 1863022665  
3 
5 
3 
6 
6 
3 
5 
6 
3 
1 822426649  
6 
2 
5 
1 2103996012  
6 
4 
4 
5 
3 
6 
4 
4 
2 
4 
2 
2 
3 
2 
