4 
6 
1 1291745428  
6 
6 
3 
4 
4 
6 
5 
4 
3 
5 
6 
2 
6 
3 
2 
4 
3 
4 
2 
2 
5 
4 
3 
6 
4 
3 
4 
5 
1 1017399944  
6 
3 
3 
2 
6 
1 858719065  
2 
3 
1 911639911  
5 
4 
4 
1 574940425  
3 
6 
1 1890764126  
3 
1 1934865709  
3 
4 
2 
5 
6 
2 
6 
3 
4 
2 
3 
2 
1 2063445340  
1 882096679  
6 
1 1359135670  
5 
3 
2 
3 
4 
6 
3 
2 
2 
4 
2 
1 1113656209  
6 
1 1254363773  
2 
5 
3 
6 
2 
5 
1 180143648  
1 185680663  
4 
2 
5 
2 
5 
4 
6 
3 
5 
4 
4 
5 
6 
4 
1 583920879  
3 
4 
6 
6 
1 1336696446  
6 
4 
6 
4 
2 
2 
3 
4 
2 
1 422868455  
1 607535372  
3 
4 
6 
2 
4 
4 
2 
5 
5 
5 
4 
3 
6 
3 
4 
6 
1 1706601867  
1 664073209  
3 
1 94348523  
4 
4 
6 
3 
6 
3 
1 1635417889  
2 
1 925283361  
5 
5 
4 
3 
1 1884543036  
1 1631089799  
4 
2 
1 1456217189  
4 
5 
6 
6 
2 
2 
4 
3 
5 
5 
2 
2 
4 
2 
3 
1 1057256222  
5 
5 
2 
5 
2 
6 
4 
6 
3 
3 
3 
4 
5 
1 1727931867  
6 
3 
3 
2 
3 
6 
3 
6 
1 1169682544  
6 
5 
1 584926473  
1 1179620430  
5 
3 
1 313944324  
6 
4 
6 
4 
5 
3 
6 
4 
3 
3 
1 1602326417  
1 2038339495  
2 
2 
4 
4 
1 1225584235  
5 
2 
3 
3 
5 
2 
2 
2 
3 
5 
4 
3 
2 
4 
4 
5 
2 
6 
2 
5 
3 
3 
2 
2 
4 
5 
4 
2 
3 
2 
2 
1 29783194  
2 
1 1781619974  
1 1012966296  
4 
4 
5 
2 
2 
1 2093228534  
4 
1 516233005  
3 
1 224618319  
3 
1 1059401096  
4 
5 
5 
1 1770596779  
6 
1 404761967  
6 
4 
1 1245081759  
5 
2 
2 
3 
1 207034010  
6 
4 
4 
6 
6 
3 
5 
1 1741458413  
3 
4 
3 
5 
5 
4 
1 1667950215  
1 814569382  
5 
1 1300576632  
1 184539776  
5 
5 
2 
1 908917905  
5 
1 788510873  
4 
5 
3 
6 
1 1109823137  
3 
3 
2 
3 
3 
4 
2 
3 
3 
5 
6 
4 
4 
4 
1 645977294  
2 
3 
4 
1 272117024  
2 
6 
5 
4 
4 
5 
6 
1 418556678  
1 1703233516  
5 
1 2000048892  
5 
1 1588239222  
5 
1 140676341  
6 
5 
3 
4 
5 
6 
6 
2 
4 
3 
6 
5 
2 
3 
5 
1 1032185674  
4 
3 
4 
1 1902183546  
6 
1 1743002758  
5 
4 
1 923041521  
4 
5 
2 
6 
5 
2 
4 
2 
2 
1 980284134  
3 
4 
3 
6 
1 1772785952  
1 557177847  
6 
5 
1 1993250430  
5 
4 
4 
6 
2 
6 
1 1718530839  
5 
4 
1 1073410853  
3 
2 
1 70385101  
4 
5 
3 
6 
3 
2 
3 
1 630448287  
6 
3 
3 
4 
3 
5 
1 696523984  
1 475147068  
2 
4 
4 
6 
4 
6 
1 1875530046  
1 903557994  
4 
5 
2 
6 
6 
4 
2 
6 
1 69121833  
6 
1 1395996613  
1 1718127376  
1 1369698466  
2 
4 
1 1580536390  
4 
2 
5 
4 
5 
3 
3 
6 
1 479561633  
5 
2 
5 
2 
3 
2 
6 
6 
2 
1 10725691  
2 
2 
2 
1 542875879  
6 
2 
2 
1 1125538927  
6 
3 
5 
1 282842716  
3 
3 
6 
4 
1 961432558  
1 681288795  
3 
6 
5 
6 
5 
4 
1 135407960  
1 402188132  
6 
4 
6 
6 
1 821965136  
2 
2 
5 
3 
1 1167593634  
3 
6 
4 
6 
5 
3 
3 
4 
6 
1 156888031  
4 
1 417484246  
1 2090635155  
3 
4 
5 
2 
4 
6 
4 
2 
4 
5 
1 1137172165  
6 
1 42786551  
2 
5 
3 
4 
5 
3 
5 
1 500329355  
1 982938947  
6 
5 
2 
5 
2 
4 
6 
3 
2 
6 
4 
4 
1 1761317390  
3 
2 
4 
6 
5 
4 
1 1573740208  
2 
5 
1 1053324049  
4 
3 
2 
4 
1 244282029  
1 122780544  
6 
6 
4 
6 
2 
2 
1 1528471117  
3 
4 
1 2119812075  
4 
1 1026338538  
4 
1 1597592951  
5 
5 
6 
5 
3 
4 
5 
5 
3 
3 
5 
5 
3 
5 
6 
4 
1 1368325041  
1 596982266  
2 
4 
4 
3 
4 
3 
5 
3 
1 819807769  
5 
6 
3 
1 801377783  
2 
2 
2 
1 1076543899  
6 
2 
5 
3 
5 
4 
1 830533460  
4 
1 1344253662  
3 
4 
2 
1 54599179  
4 
1 1113376176  
4 
6 
6 
2 
5 
2 
3 
6 
4 
1 158202572  
6 
3 
2 
2 
1 735887974  
6 
5 
6 
3 
2 
5 
3 
4 
4 
4 
3 
2 
6 
1 1248784136  
3 
4 
5 
2 
6 
4 
1 560390705  
6 
4 
4 
6 
2 
6 
4 
6 
6 
3 
2 
3 
2 
1 1557853111  
3 
1 268894122  
6 
5 
6 
2 
2 
3 
1 717278736  
2 
3 
5 
1 1975337357  
3 
5 
4 
1 212045630  
5 
4 
2 
1 1854450901  
2 
2 
4 
1 2018123908  
1 712374985  
6 
6 
2 
4 
4 
6 
1 689906200  
2 
6 
4 
3 
5 
5 
1 1631957650  
5 
5 
1 138631545  
6 
2 
1 1743230249  
2 
1 1876239679  
2 
3 
2 
5 
2 
4 
2 
1 261412089  
4 
1 1124217719  
1 1848568107  
6 
6 
1 1287750627  
6 
6 
5 
1 574327022  
5 
4 
3 
4 
4 
2 
6 
5 
5 
2 
4 
4 
5 
4 
4 
6 
6 
6 
2 
2 
1 1069409500  
2 
4 
1 1884732893  
6 
4 
4 
2 
5 
2 
6 
2 
5 
4 
5 
4 
3 
4 
2 
5 
1 1394134791  
2 
1 1870787283  
4 
2 
2 
2 
5 
4 
5 
3 
6 
2 
6 
6 
6 
2 
4 
5 
3 
2 
2 
2 
6 
6 
3 
1 813793144  
4 
6 
4 
3 
5 
2 
2 
6 
3 
2 
1 77184603  
5 
4 
5 
2 
6 
3 
6 
5 
6 
3 
2 
5 
4 
4 
3 
1 1067557297  
4 
4 
4 
4 
2 
6 
5 
5 
1 868392323  
4 
4 
4 
6 
1 1190560780  
3 
6 
2 
2 
2 
1 1225759870  
6 
3 
1 1604280298  
5 
3 
2 
6 
2 
1 291861268  
6 
6 
1 1786150575  
6 
3 
1 1014649761  
2 
1 560755391  
2 
6 
1 355945663  
1 842503470  
4 
6 
4 
4 
5 
2 
5 
3 
1 772801021  
2 
4 
6 
4 
1 62912916  
6 
6 
5 
5 
2 
6 
4 
3 
1 713143731  
4 
3 
3 
4 
1 1485176006  
6 
2 
6 
6 
4 
1 752819116  
3 
4 
3 
1 197617733  
6 
5 
1 1623807551  
3 
4 
6 
2 
6 
5 
2 
3 
5 
6 
1 348565718  
6 
5 
6 
4 
2 
3 
4 
3 
3 
5 
3 
5 
6 
3 
3 
6 
4 
3 
3 
6 
3 
1 2073857413  
1 1885219640  
6 
4 
1 1472783437  
2 
2 
3 
2 
5 
3 
5 
4 
5 
4 
5 
1 1774941872  
1 1025486619  
4 
1 2047110459  
2 
6 
3 
3 
2 
1 696867724  
4 
3 
1 762735864  
3 
3 
6 
5 
3 
4 
5 
2 
1 1293761602  
2 
1 420171359  
4 
1 1576529008  
3 
6 
1 1370946205  
6 
1 1487728656  
4 
4 
1 297437684  
6 
4 
3 
3 
2 
2 
6 
1 414023337  
2 
2 
2 
4 
6 
4 
2 
4 
1 566004878  
6 
5 
1 1901717982  
4 
6 
3 
1 705884606  
2 
6 
1 204671805  
6 
2 
5 
5 
2 
3 
2 
3 
2 
6 
5 
6 
4 
5 
1 768884095  
1 1266639997  
3 
5 
3 
1 560617468  
1 1611387565  
1 2039441018  
3 
5 
1 623530384  
2 
6 
3 
3 
2 
3 
3 
2 
3 
6 
4 
1 177047648  
2 
6 
2 
6 
6 
4 
4 
5 
2 
4 
4 
2 
5 
3 
5 
2 
5 
4 
4 
5 
3 
4 
1 1377133376  
2 
1 1376349501  
4 
3 
2 
5 
3 
1 374665382  
3 
5 
4 
6 
2 
3 
1 853457279  
4 
4 
1 1724915219  
5 
2 
1 301039147  
2 
4 
4 
2 
4 
3 
4 
1 591193271  
2 
5 
4 
2 
2 
1 1050215008  
3 
4 
4 
5 
5 
5 
4 
3 
1 2075981019  
6 
4 
5 
2 
5 
5 
3 
3 
1 1616679890  
3 
5 
3 
2 
1 949841819  
4 
2 
2 
1 625365095  
2 
3 
5 
5 
6 
4 
6 
3 
2 
5 
4 
3 
3 
6 
1 231932106  
3 
5 
5 
2 
2 
4 
4 
5 
4 
1 96119773  
3 
6 
2 
2 
2 
4 
4 
5 
6 
3 
1 1045536454  
4 
4 
1 1808461114  
1 1467065978  
3 
2 
6 
5 
5 
5 
6 
5 
5 
1 385781462  
2 
3 
2 
2 
1 2105898798  
6 
2 
2 
1 1881089316  
5 
4 
4 
6 
4 
4 
3 
5 
1 951786341  
3 
5 
2 
5 
4 
6 
4 
5 
3 
5 
4 
2 
4 
1 1860133132  
2 
5 
2 
6 
5 
5 
3 
1 439490274  
2 
2 
3 
1 1156458146  
2 
3 
1 481533579  
3 
4 
2 
6 
6 
4 
5 
3 
1 1706130271  
3 
2 
3 
3 
5 
5 
2 
3 
5 
3 
3 
1 1717075615  
4 
4 
6 
5 
6 
3 
3 
2 
1 2092921145  
3 
6 
2 
1 1598087641  
6 
1 193122351  
5 
6 
6 
1 122485145  
3 
4 
4 
3 
3 
5 
4 
3 
6 
2 
6 
5 
6 
6 
6 
1 827737369  
4 
4 
2 
3 
3 
5 
4 
2 
3 
2 
2 
6 
6 
5 
6 
4 
1 1569471852  
5 
6 
2 
1 497150527  
6 
2 
1 1681194648  
4 
5 
1 1146903423  
2 
3 
4 
3 
6 
6 
2 
1 798189674  
5 
2 
4 
5 
6 
3 
6 
1 124904271  
6 
2 
1 49634783  
6 
4 
3 
6 
2 
2 
6 
4 
6 
4 
1 726687045  
4 
2 
6 
6 
5 
1 1741584161  
1 999476602  
3 
6 
5 
2 
2 
6 
1 1352052140  
3 
2 
1 1973516267  
5 
5 
3 
3 
2 
2 
3 
6 
1 1095596375  
6 
3 
5 
3 
6 
5 
4 
4 
1 250104946  
5 
6 
6 
1 1634493733  
1 415178706  
5 
2 
6 
3 
2 
3 
3 
5 
5 
1 635886409  
3 
4 
2 
2 
5 
4 
6 
2 
2 
5 
2 
6 
1 1592908884  
3 
3 
4 
6 
2 
3 
2 
5 
4 
6 
4 
5 
2 
6 
5 
2 
2 
2 
1 148784374  
1 1587672750  
6 
4 
1 1305558368  
3 
5 
1 588274648  
2 
6 
2 
5 
4 
6 
5 
3 
3 
4 
1 596647248  
6 
3 
5 
6 
6 
3 
6 
3 
3 
5 
3 
1 1787091948  
1 146921271  
5 
4 
4 
2 
2 
4 
3 
2 
6 
4 
5 
4 
1 166239215  
4 
2 
3 
4 
6 
5 
5 
1 1732529445  
3 
5 
2 
4 
4 
6 
5 
4 
6 
2 
5 
1 1745008912  
1 359361567  
5 
4 
4 
6 
4 
6 
5 
5 
2 
1 1855014590  
1 425262633  
5 
6 
6 
4 
6 
5 
3 
3 
3 
4 
6 
3 
6 
6 
1 1928833419  
4 
6 
3 
4 
3 
1 204681470  
4 
2 
3 
6 
5 
1 2106457281  
6 
2 
1 928253195  
4 
6 
6 
3 
6 
1 1002871144  
2 
6 
4 
2 
4 
1 83877904  
3 
1 977887978  
4 
3 
5 
1 1729558190  
2 
3 
5 
5 
2 
5 
4 
4 
3 
3 
1 1825462065  
2 
1 1977364581  
4 
1 934126682  
4 
3 
5 
6 
1 1651494684  
1 925477308  
1 1184231629  
2 
1 1138504769  
1 1340656014  
2 
4 
1 1820118038  
6 
2 
3 
4 
5 
2 
2 
3 
1 583930005  
1 1489440388  
1 1260307140  
1 1889488374  
6 
5 
1 2077715036  
5 
2 
4 
3 
1 1856954388  
4 
6 
6 
5 
6 
3 
3 
3 
2 
2 
3 
3 
5 
5 
3 
6 
2 
4 
5 
2 
1 1529096674  
5 
5 
6 
2 
3 
3 
4 
3 
4 
1 77152659  
6 
6 
5 
2 
2 
2 
3 
2 
6 
6 
6 
5 
3 
4 
5 
4 
2 
3 
4 
3 
6 
4 
4 
2 
3 
4 
5 
4 
2 
6 
1 2023193604  
4 
4 
4 
2 
4 
3 
5 
4 
1 1114142471  
6 
2 
2 
3 
3 
1 1822161571  
3 
5 
1 235071523  
4 
3 
2 
1 821673413  
5 
4 
3 
3 
2 
2 
3 
2 
6 
1 99940556  
4 
3 
2 
5 
3 
2 
2 
2 
4 
1 16421294  
1 1026354883  
3 
5 
3 
2 
4 
1 58914189  
2 
5 
4 
6 
6 
3 
3 
3 
3 
2 
5 
5 
3 
3 
5 
6 
5 
6 
3 
5 
2 
1 944674489  
5 
1 2029226028  
3 
5 
1 142792093  
4 
4 
4 
4 
1 1922562468  
2 
5 
1 1611300570  
1 1968254158  
4 
6 
3 
2 
6 
4 
5 
5 
2 
5 
5 
6 
2 
3 
4 
5 
5 
5 
4 
3 
5 
4 
4 
2 
1 1752443401  
3 
3 
3 
4 
3 
4 
6 
6 
1 397943604  
5 
3 
5 
1 1472265194  
4 
2 
6 
5 
4 
5 
4 
3 
3 
4 
1 530437061  
1 1582175233  
2 
5 
1 463286316  
6 
6 
2 
5 
3 
3 
3 
5 
6 
3 
1 1871093076  
1 1254809623  
2 
6 
6 
1 1047216321  
3 
3 
4 
5 
1 1213049816  
2 
1 367633115  
6 
6 
6 
1 789221047  
1 1143281205  
4 
5 
4 
1 77103856  
4 
1 170834073  
2 
6 
2 
1 1220433864  
5 
6 
1 2100297460  
5 
6 
2 
2 
2 
3 
4 
2 
3 
5 
3 
1 1284976544  
2 
3 
6 
2 
5 
5 
3 
4 
3 
6 
6 
6 
4 
6 
5 
4 
3 
2 
3 
2 
4 
5 
2 
5 
3 
5 
6 
2 
3 
5 
2 
5 
3 
6 
1 895111788  
6 
3 
3 
1 187885335  
5 
2 
6 
4 
4 
2 
3 
3 
4 
6 
4 
2 
2 
1 2106649958  
5 
6 
2 
4 
4 
3 
1 995052344  
6 
1 204306629  
5 
6 
1 985521193  
1 1053966534  
6 
1 1148981119  
4 
4 
5 
4 
2 
1 867263573  
4 
1 1196758627  
3 
3 
3 
2 
2 
5 
3 
1 924059939  
3 
1 331080495  
5 
2 
6 
2 
1 1017529138  
2 
6 
6 
1 529019692  
5 
6 
1 729024100  
1 342310684  
2 
4 
5 
4 
3 
2 
4 
4 
1 1059456753  
2 
5 
2 
2 
3 
3 
3 
4 
1 163715685  
6 
5 
6 
5 
1 805597000  
4 
2 
3 
3 
4 
1 783066181  
4 
1 1418525309  
2 
2 
3 
4 
2 
2 
6 
5 
2 
2 
1 1852813322  
4 
2 
4 
3 
2 
1 1996115998  
4 
5 
2 
6 
1 1786158424  
1 494550721  
1 991913555  
5 
1 1863262280  
4 
1 665384795  
5 
5 
2 
5 
4 
4 
5 
5 
6 
4 
3 
6 
5 
3 
2 
1 64863771  
4 
2 
4 
5 
3 
3 
5 
1 1816076092  
5 
5 
2 
1 1950361339  
4 
4 
3 
5 
5 
1 959975559  
5 
4 
3 
1 2003961427  
4 
3 
4 
1 1909527649  
2 
6 
3 
1 1955027904  
5 
3 
4 
3 
6 
1 60784409  
6 
3 
3 
5 
3 
5 
5 
5 
4 
6 
4 
4 
1 747565195  
4 
5 
2 
5 
6 
4 
3 
5 
3 
2 
2 
1 861510790  
5 
5 
5 
3 
5 
1 1209765528  
3 
1 1614828768  
4 
4 
1 2058269417  
6 
1 2133825467  
4 
4 
1 1945909264  
2 
5 
4 
5 
3 
5 
6 
5 
4 
5 
5 
4 
6 
6 
4 
5 
6 
5 
6 
5 
5 
3 
2 
3 
2 
4 
6 
5 
4 
3 
3 
1 928314907  
5 
2 
5 
5 
5 
2 
6 
6 
1 515361511  
4 
3 
1 527449716  
6 
5 
2 
1 1270625592  
6 
2 
2 
4 
2 
1 1574818264  
6 
3 
6 
2 
3 
1 691165401  
5 
6 
3 
5 
3 
5 
1 2076222592  
1 210400798  
3 
4 
4 
4 
4 
2 
2 
2 
4 
1 2109690710  
4 
3 
5 
5 
6 
6 
2 
4 
6 
3 
6 
5 
1 1781552266  
6 
2 
6 
3 
2 
4 
4 
4 
5 
1 59033148  
5 
5 
3 
5 
3 
3 
5 
5 
1 1748365487  
2 
5 
4 
5 
5 
1 128619340  
2 
6 
6 
4 
1 1050946703  
1 1464144119  
3 
6 
5 
6 
5 
5 
1 794004135  
3 
3 
4 
3 
5 
3 
3 
6 
6 
1 1115810474  
5 
2 
1 1132736564  
1 596881826  
6 
1 2075786034  
1 989214343  
6 
6 
4 
2 
3 
2 
5 
6 
2 
5 
3 
3 
4 
3 
5 
4 
2 
2 
1 358925828  
2 
1 1883330290  
4 
5 
4 
6 
4 
1 1049998752  
5 
4 
1 1106491023  
4 
1 597357432  
6 
4 
2 
2 
5 
5 
6 
2 
6 
3 
2 
2 
2 
4 
2 
3 
3 
2 
4 
5 
6 
4 
3 
5 
2 
4 
4 
2 
2 
6 
4 
2 
1 112280632  
3 
6 
3 
1 573836143  
5 
3 
5 
1 508143201  
4 
1 98622451  
5 
1 372261759  
5 
4 
5 
1 1436458109  
3 
1 613983962  
1 899711475  
3 
5 
6 
2 
3 
2 
6 
6 
3 
6 
6 
6 
5 
4 
3 
1 559600053  
2 
3 
3 
3 
3 
3 
6 
3 
3 
4 
5 
6 
4 
3 
4 
1 41318579  
1 1590876877  
4 
6 
4 
5 
3 
5 
5 
2 
1 488338997  
1 251719377  
1 1553083939  
2 
5 
5 
1 122407616  
5 
2 
1 310752525  
1 1153965778  
2 
6 
1 251026956  
3 
4 
1 1361699228  
1 470626250  
6 
4 
5 
3 
1 1045031091  
3 
4 
5 
4 
2 
4 
2 
3 
3 
4 
5 
3 
1 330026054  
1 1603362814  
4 
6 
1 1641912917  
2 
3 
2 
2 
4 
6 
3 
3 
4 
3 
5 
5 
1 258328440  
6 
1 445093509  
6 
3 
6 
2 
6 
4 
2 
5 
4 
4 
6 
4 
5 
4 
5 
4 
4 
2 
5 
1 2000838745  
5 
4 
6 
5 
3 
3 
3 
1 2141658730  
3 
1 1495092262  
2 
5 
2 
2 
3 
6 
6 
2 
4 
3 
2 
3 
6 
3 
3 
1 959846120  
1 591532514  
3 
3 
1 1607372894  
2 
4 
3 
6 
2 
6 
6 
4 
4 
6 
1 1533682264  
5 
2 
3 
1 1099675716  
3 
4 
5 
6 
4 
4 
3 
3 
4 
3 
3 
2 
3 
2 
4 
2 
5 
1 1705995346  
5 
2 
1 1905944023  
4 
6 
6 
1 388650177  
4 
5 
4 
6 
2 
2 
3 
4 
1 172495660  
4 
3 
5 
5 
6 
5 
2 
4 
5 
2 
6 
2 
4 
6 
4 
3 
6 
6 
3 
5 
6 
2 
3 
1 658171851  
4 
6 
2 
3 
2 
6 
2 
6 
6 
2 
5 
5 
3 
2 
3 
6 
2 
3 
3 
3 
6 
2 
4 
2 
3 
6 
2 
2 
3 
1 948250230  
2 
3 
4 
5 
2 
2 
6 
2 
2 
6 
6 
3 
6 
3 
1 213814239  
3 
4 
5 
3 
6 
1 101565080  
1 1436589227  
3 
3 
1 465533616  
1 1654649019  
1 1558996843  
6 
6 
1 776286141  
5 
2 
3 
4 
5 
4 
5 
6 
2 
6 
4 
5 
5 
4 
2 
1 661131150  
3 
6 
6 
1 1810023799  
3 
5 
5 
2 
2 
3 
4 
2 
1 2137985369  
1 1131757400  
1 707571242  
4 
1 320527776  
3 
1 587636566  
3 
3 
5 
6 
5 
2 
5 
3 
5 
4 
2 
4 
5 
3 
2 
3 
5 
6 
1 202000512  
1 578856216  
3 
5 
4 
2 
4 
3 
3 
2 
4 
3 
2 
2 
5 
3 
3 
1 1032730075  
2 
2 
1 55355609  
6 
2 
5 
1 573031299  
2 
2 
2 
4 
3 
4 
2 
2 
5 
5 
1 380338689  
4 
6 
6 
4 
4 
3 
1 1015201730  
4 
5 
3 
5 
5 
6 
1 1164563813  
4 
6 
2 
2 
2 
3 
2 
2 
1 1987711584  
1 401400346  
4 
1 116755881  
1 1546223282  
1 159860721  
3 
6 
5 
4 
3 
3 
5 
4 
6 
6 
6 
1 505406058  
6 
1 1718718942  
2 
5 
5 
2 
3 
5 
4 
2 
4 
5 
1 818032572  
3 
1 1453656288  
4 
5 
4 
6 
1 1932533182  
4 
4 
3 
6 
2 
6 
4 
3 
2 
3 
4 
2 
4 
5 
1 919597652  
3 
6 
4 
6 
1 742761868  
5 
6 
6 
3 
2 
2 
3 
1 250583150  
4 
2 
2 
4 
6 
3 
1 426763024  
4 
6 
5 
4 
2 
2 
3 
1 154275063  
6 
5 
6 
6 
1 1026869292  
1 1087894174  
2 
4 
2 
1 1964298863  
1 1017371013  
3 
3 
2 
6 
3 
2 
6 
1 72167926  
6 
5 
1 524386457  
6 
4 
2 
3 
2 
4 
3 
5 
5 
6 
5 
4 
2 
5 
4 
2 
1 1337898789  
6 
4 
4 
2 
3 
3 
6 
1 659804492  
3 
3 
1 726386969  
4 
1 1916755006  
4 
4 
1 1692534567  
4 
5 
1 781742579  
3 
5 
6 
1 342302657  
3 
3 
1 2072873257  
5 
6 
4 
3 
1 1796944309  
4 
3 
5 
5 
3 
2 
4 
3 
6 
2 
5 
2 
2 
4 
3 
1 1506866470  
3 
5 
5 
6 
6 
2 
3 
1 1913101193  
1 50861007  
6 
4 
1 1623622352  
2 
5 
4 
3 
5 
3 
3 
5 
1 1311840827  
3 
6 
2 
2 
5 
3 
5 
6 
2 
2 
3 
5 
1 210721728  
6 
4 
2 
2 
6 
1 2129028410  
4 
1 883076121  
5 
4 
1 1028754301  
3 
4 
1 1435201051  
6 
2 
4 
3 
1 668125655  
6 
4 
3 
3 
1 1948351953  
3 
6 
4 
6 
4 
2 
1 30479271  
4 
6 
6 
1 918708806  
1 227631329  
3 
3 
5 
1 184754334  
5 
2 
6 
1 1945578098  
6 
2 
2 
1 1315525503  
3 
2 
2 
3 
4 
4 
4 
3 
6 
2 
1 1569549  
2 
3 
5 
3 
1 815465463  
4 
6 
5 
2 
3 
2 
1 1387693429  
2 
5 
1 525956007  
1 5880605  
4 
2 
2 
3 
6 
5 
3 
5 
6 
5 
6 
5 
3 
5 
3 
6 
5 
1 2047497921  
6 
1 1252342976  
1 1922635611  
1 1592548841  
4 
6 
5 
3 
6 
3 
4 
6 
4 
5 
5 
5 
2 
5 
3 
3 
3 
4 
4 
6 
3 
5 
3 
2 
6 
3 
3 
6 
1 2034085555  
3 
4 
2 
5 
3 
2 
6 
5 
6 
4 
2 
3 
1 117454620  
3 
2 
6 
4 
1 1517938450  
4 
3 
5 
1 1683546216  
4 
4 
4 
4 
5 
6 
1 1624321090  
1 1283555995  
4 
6 
3 
1 1734407223  
1 1100459794  
5 
2 
6 
5 
6 
3 
1 447913174  
4 
3 
1 1945128952  
4 
5 
3 
2 
4 
6 
2 
6 
3 
2 
2 
5 
5 
3 
1 1082004557  
1 1330989295  
6 
2 
4 
6 
4 
5 
3 
1 826399605  
4 
4 
4 
3 
5 
1 369721960  
5 
6 
1 1999114951  
6 
5 
6 
3 
5 
4 
3 
3 
6 
6 
6 
3 
6 
2 
6 
6 
3 
5 
1 627267910  
1 400201231  
3 
5 
2 
3 
1 770340109  
4 
6 
3 
6 
2 
6 
1 854899240  
5 
3 
6 
3 
6 
1 584955565  
5 
3 
6 
1 568434559  
6 
2 
4 
6 
2 
6 
3 
2 
2 
5 
1 22941095  
3 
3 
6 
6 
1 586525115  
4 
2 
5 
6 
4 
1 1383900022  
6 
4 
4 
6 
2 
3 
1 1410634525  
2 
3 
1 1112481122  
3 
5 
6 
2 
6 
3 
5 
6 
6 
2 
4 
4 
2 
3 
4 
1 1389780627  
2 
5 
3 
4 
2 
4 
3 
2 
6 
2 
3 
5 
6 
2 
2 
4 
5 
6 
6 
5 
4 
6 
4 
5 
6 
3 
2 
1 1310648798  
5 
6 
3 
5 
3 
5 
2 
2 
6 
5 
5 
6 
5 
4 
4 
6 
1 217340450  
5 
4 
1 1164932590  
4 
6 
6 
6 
5 
4 
4 
5 
1 755713991  
1 103942358  
3 
1 1282387210  
3 
1 126168793  
5 
3 
2 
5 
6 
5 
5 
6 
4 
1 1787488574  
5 
5 
5 
3 
2 
6 
6 
3 
2 
5 
6 
3 
5 
5 
5 
3 
4 
1 759224653  
1 1409724788  
1 1374412150  
2 
6 
4 
4 
5 
2 
2 
4 
6 
1 1859684447  
1 1857637962  
3 
3 
5 
6 
4 
6 
2 
4 
6 
6 
3 
3 
4 
3 
3 
5 
1 1172057454  
2 
1 794205356  
6 
5 
4 
6 
4 
5 
5 
3 
4 
3 
4 
1 1041143610  
5 
4 
3 
6 
5 
1 1998457059  
5 
5 
6 
5 
5 
6 
3 
6 
5 
2 
2 
2 
1 1163927316  
5 
5 
2 
5 
6 
5 
2 
2 
3 
6 
5 
2 
1 892774913  
2 
2 
3 
1 478241321  
6 
6 
3 
1 1564128547  
2 
2 
2 
1 1663115022  
1 1333140561  
4 
2 
5 
1 1600465  
2 
5 
1 84065933  
3 
5 
1 1356081657  
3 
6 
4 
2 
2 
6 
2 
6 
2 
2 
4 
1 588125580  
6 
6 
3 
4 
2 
1 1467965955  
1 619232534  
4 
3 
2 
4 
1 1700606702  
6 
2 
6 
3 
6 
4 
6 
1 710262935  
1 1929881332  
6 
3 
6 
2 
2 
2 
2 
3 
4 
3 
3 
5 
4 
3 
1 1917947152  
3 
4 
5 
6 
1 1875195525  
3 
4 
6 
1 538111676  
5 
4 
3 
2 
2 
4 
1 2021889510  
4 
1 1010099088  
5 
5 
3 
3 
6 
2 
5 
2 
3 
2 
5 
2 
5 
5 
2 
5 
5 
1 664280469  
2 
6 
1 1661894437  
1 1769323741  
2 
2 
4 
6 
4 
2 
4 
4 
2 
6 
5 
6 
6 
4 
5 
2 
1 2074005258  
6 
1 888822939  
5 
3 
5 
5 
2 
4 
2 
4 
5 
5 
2 
3 
5 
6 
5 
2 
3 
1 1481524540  
3 
1 1784159572  
4 
4 
4 
1 2060880393  
6 
6 
4 
4 
6 
5 
4 
2 
4 
5 
5 
4 
1 128246249  
3 
1 677819534  
6 
1 1911853804  
5 
6 
4 
6 
6 
1 1292173565  
5 
2 
6 
3 
4 
4 
2 
4 
2 
2 
2 
2 
3 
3 
5 
4 
3 
1 1570594447  
1 242611477  
3 
6 
6 
2 
3 
3 
6 
1 708818465  
2 
1 1086225821  
5 
2 
3 
6 
2 
6 
1 1575752039  
3 
4 
4 
4 
1 710418930  
6 
2 
1 1170291754  
5 
5 
1 784350048  
5 
6 
3 
5 
4 
3 
6 
4 
6 
6 
1 1298544510  
3 
1 490774062  
5 
3 
4 
5 
3 
1 1403582582  
6 
1 851667564  
1 1201036997  
5 
3 
4 
5 
4 
3 
5 
4 
5 
5 
4 
4 
3 
6 
5 
3 
3 
3 
2 
4 
6 
1 1185980266  
5 
6 
5 
3 
4 
4 
5 
5 
3 
4 
2 
6 
3 
1 622131068  
6 
6 
6 
1 928748874  
1 1724091942  
3 
3 
6 
2 
6 
6 
6 
5 
3 
1 496536931  
3 
2 
4 
2 
5 
5 
5 
3 
3 
2 
1 1938847962  
2 
5 
4 
1 240888764  
3 
1 10947720  
1 1560688055  
1 167410374  
3 
6 
1 899770659  
6 
2 
6 
5 
6 
3 
3 
3 
5 
3 
5 
3 
2 
1 894728948  
4 
2 
2 
2 
6 
4 
3 
4 
2 
2 
6 
4 
1 1951569946  
4 
3 
1 813167404  
4 
4 
6 
3 
5 
3 
6 
1 1022975197  
2 
2 
4 
2 
5 
4 
6 
6 
5 
4 
6 
1 481905833  
6 
5 
4 
5 
4 
3 
2 
4 
3 
2 
5 
5 
5 
3 
1 577537560  
5 
6 
3 
2 
1 167665114  
3 
4 
6 
6 
2 
3 
6 
1 2052500280  
3 
6 
1 820149037  
2 
5 
4 
5 
2 
1 876483579  
4 
3 
6 
6 
3 
4 
2 
1 991242454  
3 
4 
2 
5 
5 
3 
3 
2 
1 248417428  
6 
2 
1 1586902509  
2 
6 
3 
1 14050560  
5 
3 
5 
6 
5 
2 
6 
1 1032767476  
2 
4 
2 
1 737963371  
6 
2 
6 
3 
6 
4 
6 
1 504824622  
3 
2 
6 
2 
6 
6 
6 
2 
1 288866410  
1 1589630935  
4 
1 1705861619  
1 1474846677  
6 
4 
5 
1 64278356  
3 
1 487126846  
6 
2 
1 1051454971  
2 
2 
2 
1 560815287  
2 
3 
3 
4 
2 
5 
2 
1 278491160  
3 
1 1292343735  
6 
6 
3 
2 
3 
4 
5 
6 
4 
6 
4 
5 
5 
6 
6 
6 
6 
3 
3 
1 571763007  
6 
4 
5 
3 
6 
3 
3 
1 1839179216  
4 
4 
5 
6 
6 
3 
3 
1 1459754109  
4 
5 
3 
1 1471533666  
3 
1 586424516  
6 
3 
6 
1 1263840408  
5 
4 
1 137217422  
5 
3 
1 1609399713  
2 
6 
4 
4 
5 
2 
6 
2 
2 
3 
2 
4 
2 
6 
1 1745746241  
4 
5 
4 
5 
5 
6 
5 
3 
3 
3 
2 
2 
2 
4 
4 
2 
6 
4 
1 714754982  
1 1777064827  
3 
5 
4 
2 
5 
2 
3 
4 
1 1650762873  
3 
5 
3 
1 1534904019  
2 
6 
1 506064759  
2 
2 
2 
3 
3 
1 494521679  
4 
1 1783321448  
1 2092967268  
6 
5 
3 
4 
5 
4 
5 
2 
6 
3 
6 
2 
5 
1 508572240  
5 
5 
6 
3 
6 
6 
2 
6 
5 
1 668605276  
6 
4 
2 
4 
3 
5 
5 
5 
4 
5 
5 
2 
6 
5 
6 
4 
4 
4 
3 
5 
5 
3 
2 
6 
1 683446992  
3 
3 
1 1013396862  
6 
6 
6 
3 
1 957471687  
1 125594279  
1 571774834  
3 
6 
6 
1 284834716  
2 
3 
2 
4 
5 
5 
1 189872635  
1 1058901680  
6 
3 
2 
2 
4 
4 
5 
5 
6 
6 
5 
2 
1 1336289687  
1 750687922  
5 
3 
6 
1 1337392840  
1 481149775  
3 
6 
6 
6 
1 1322450929  
3 
3 
3 
1 1029088408  
5 
4 
1 1940903884  
6 
5 
2 
1 646500947  
3 
1 1615512924  
3 
3 
6 
5 
3 
2 
5 
5 
4 
2 
5 
6 
1 1057260644  
6 
4 
2 
3 
2 
1 783718369  
3 
4 
3 
4 
4 
5 
2 
4 
1 1077428989  
1 655523237  
2 
1 1498473351  
3 
2 
5 
2 
2 
6 
3 
3 
3 
2 
6 
5 
6 
2 
2 
5 
1 707010169  
4 
4 
3 
6 
1 158802463  
2 
6 
2 
6 
2 
2 
5 
1 885893723  
1 1213074928  
3 
1 653324142  
3 
6 
2 
4 
1 521731523  
3 
6 
3 
5 
1 1158558548  
2 
2 
2 
2 
4 
6 
1 1161896382  
6 
5 
5 
2 
2 
5 
6 
4 
2 
6 
5 
3 
3 
5 
3 
1 1190336799  
6 
4 
1 1842005540  
1 27809597  
1 324838  
4 
1 1967599820  
4 
1 599584431  
4 
4 
6 
5 
2 
4 
4 
6 
4 
1 285159554  
5 
3 
5 
3 
1 9988807  
6 
1 1658486111  
6 
3 
6 
1 1621449242  
4 
5 
2 
6 
1 760676730  
3 
6 
1 848395303  
4 
3 
2 
4 
6 
2 
6 
1 2102599017  
5 
5 
4 
2 
6 
3 
2 
1 2083127659  
4 
1 1877483712  
4 
1 1896019253  
5 
2 
1 582144959  
3 
3 
2 
2 
5 
3 
3 
3 
6 
5 
3 
3 
2 
5 
4 
5 
5 
4 
2 
4 
5 
2 
4 
6 
2 
5 
6 
5 
4 
1 1345512988  
5 
1 805796250  
1 1365863328  
3 
4 
3 
3 
3 
2 
1 275458330  
2 
1 1461319487  
1 716853032  
5 
4 
6 
3 
3 
6 
4 
3 
6 
6 
1 982468499  
2 
3 
1 1620121950  
4 
3 
5 
5 
2 
4 
4 
3 
5 
3 
2 
4 
1 1602746755  
4 
6 
2 
3 
2 
3 
5 
5 
1 48059779  
4 
1 125962445  
2 
1 2124478278  
5 
3 
1 1206618327  
6 
6 
3 
3 
1 1287858827  
5 
2 
1 1167331429  
2 
2 
3 
6 
2 
5 
1 901140220  
3 
6 
6 
3 
3 
6 
6 
5 
1 1315668424  
6 
4 
4 
2 
5 
2 
6 
5 
5 
4 
4 
5 
6 
5 
4 
3 
1 1167656268  
4 
4 
4 
1 721256392  
5 
5 
2 
3 
2 
4 
5 
3 
1 1915252855  
6 
5 
2 
5 
3 
6 
6 
4 
6 
3 
2 
6 
4 
2 
5 
1 1452815822  
2 
3 
3 
1 731245199  
3 
4 
6 
2 
3 
1 1426255318  
3 
5 
3 
2 
2 
4 
2 
1 926781416  
5 
3 
1 1491921929  
2 
6 
4 
5 
1 127166974  
4 
5 
4 
4 
3 
5 
5 
4 
5 
1 881896785  
2 
5 
5 
6 
3 
1 1427565941  
2 
6 
2 
4 
1 2004650686  
3 
3 
5 
1 630432391  
4 
4 
2 
6 
1 2009710900  
6 
5 
2 
3 
6 
3 
3 
5 
3 
4 
5 
6 
2 
5 
2 
6 
5 
6 
5 
1 1202680026  
4 
4 
2 
2 
5 
6 
5 
4 
1 1436228641  
4 
1 1228090580  
1 1478138356  
4 
2 
2 
5 
1 750064480  
2 
3 
5 
5 
1 1944943612  
2 
4 
1 313123207  
2 
4 
2 
2 
6 
3 
3 
2 
2 
6 
6 
4 
4 
6 
1 222702783  
2 
6 
1 1400206719  
1 361182986  
6 
1 348665228  
6 
5 
1 1377201349  
5 
4 
6 
5 
6 
1 1567801314  
5 
3 
6 
3 
4 
1 1636524055  
4 
2 
5 
3 
1 397049131  
2 
4 
5 
5 
2 
2 
3 
5 
4 
2 
6 
4 
1 321457886  
5 
4 
2 
4 
3 
4 
5 
3 
5 
6 
1 804708832  
2 
5 
1 1564705399  
6 
6 
2 
2 
1 1042714278  
5 
2 
4 
5 
6 
1 572478039  
3 
2 
5 
3 
3 
6 
3 
1 870037573  
5 
2 
5 
6 
1 1773959477  
1 1998733358  
5 
3 
4 
2 
5 
4 
2 
2 
4 
3 
3 
2 
2 
1 1796818990  
5 
2 
1 1118397759  
4 
5 
4 
6 
4 
6 
1 2125900332  
3 
5 
1 531232127  
4 
6 
5 
6 
5 
2 
3 
3 
5 
6 
2 
2 
2 
1 398480052  
1 1983067370  
1 1161664518  
5 
5 
6 
5 
1 260707304  
2 
5 
4 
6 
5 
4 
5 
2 
1 1038263748  
4 
1 450409511  
4 
5 
5 
3 
6 
6 
3 
4 
2 
3 
4 
5 
6 
1 1488797884  
4 
5 
5 
4 
5 
5 
1 368918457  
6 
1 1200473992  
3 
1 1286257849  
4 
4 
5 
5 
4 
6 
2 
1 682041664  
2 
3 
4 
1 1423176775  
2 
1 538980920  
1 1043224651  
6 
4 
3 
1 1771842003  
1 1916182270  
6 
5 
3 
2 
6 
6 
2 
1 463542317  
4 
2 
2 
3 
5 
5 
5 
6 
4 
4 
5 
1 1260882410  
1 165747753  
1 785000203  
3 
3 
1 2065591242  
4 
3 
1 1730453152  
4 
4 
6 
1 1827714481  
2 
3 
2 
5 
1 490585634  
1 453007077  
3 
2 
2 
5 
5 
1 1454190310  
3 
2 
1 341835344  
2 
2 
3 
4 
3 
6 
3 
3 
2 
3 
1 102342419  
6 
4 
1 425104421  
2 
3 
2 
3 
3 
3 
6 
6 
5 
2 
1 320252028  
6 
2 
2 
5 
2 
3 
4 
4 
4 
5 
4 
5 
5 
2 
1 633574547  
6 
6 
6 
5 
4 
5 
1 823584473  
5 
1 155835750  
1 1795239065  
1 1084291777  
5 
5 
1 1194099498  
5 
5 
4 
2 
1 98164929  
6 
6 
6 
1 425606014  
3 
3 
4 
3 
1 1563017955  
5 
1 1298638921  
1 1711863863  
6 
1 97575972  
4 
5 
4 
2 
3 
1 574332048  
6 
3 
6 
1 103361135  
5 
4 
2 
1 1140800623  
1 198690403  
6 
6 
2 
1 2019543405  
5 
5 
2 
5 
3 
1 1604342940  
2 
5 
3 
6 
4 
6 
3 
1 1459572813  
5 
2 
2 
6 
3 
2 
1 37807510  
1 241859495  
4 
3 
4 
2 
2 
4 
4 
2 
2 
2 
3 
4 
5 
2 
1 1377680408  
1 1768260662  
3 
3 
1 2069573976  
3 
4 
3 
6 
3 
3 
5 
4 
4 
6 
4 
2 
3 
4 
6 
6 
4 
3 
1 1868266042  
2 
2 
2 
3 
6 
5 
1 73784092  
4 
1 1376280638  
6 
2 
2 
2 
4 
2 
1 62617738  
6 
2 
2 
6 
1 176126511  
5 
6 
6 
5 
5 
2 
6 
6 
2 
3 
5 
1 1801385060  
3 
1 382869766  
6 
1 809701058  
1 477485885  
4 
3 
3 
4 
2 
4 
1 538705516  
1 457456476  
6 
5 
6 
4 
3 
1 1561777663  
1 1732805014  
5 
3 
2 
5 
2 
5 
3 
4 
5 
3 
3 
6 
1 555621405  
3 
4 
6 
3 
1 1987383677  
2 
1 1148339322  
1 1854260326  
5 
4 
4 
1 1551763892  
5 
4 
3 
2 
6 
3 
5 
3 
1 1245915294  
3 
3 
1 281108726  
6 
4 
5 
6 
1 1655125027  
5 
3 
4 
3 
6 
2 
5 
6 
6 
2 
5 
4 
1 239232269  
2 
3 
3 
3 
3 
3 
1 479799129  
4 
6 
1 1527184785  
3 
6 
1 1843575209  
1 1939371942  
2 
2 
4 
4 
5 
6 
3 
3 
5 
3 
3 
5 
6 
6 
2 
5 
5 
1 1564992295  
6 
4 
1 2085434704  
3 
2 
2 
3 
2 
3 
3 
2 
5 
3 
4 
2 
2 
4 
1 1169568702  
3 
4 
6 
1 1185769310  
5 
2 
5 
5 
6 
1 2007525032  
5 
4 
2 
4 
5 
4 
6 
6 
2 
3 
1 890351096  
5 
4 
2 
5 
2 
1 1259553402  
6 
2 
3 
5 
4 
2 
4 
2 
6 
4 
3 
2 
3 
5 
5 
5 
5 
2 
3 
6 
2 
3 
2 
3 
1 1236322022  
2 
6 
5 
6 
2 
2 
4 
3 
3 
3 
2 
2 
5 
5 
6 
6 
1 952968834  
2 
1 1435679913  
4 
4 
2 
4 
4 
5 
1 890223434  
1 1335838600  
6 
4 
2 
5 
2 
3 
1 97897324  
6 
2 
6 
3 
4 
4 
1 1367709320  
2 
4 
3 
6 
5 
5 
5 
6 
5 
1 1874544116  
5 
5 
1 555353800  
2 
3 
1 782003335  
5 
3 
3 
4 
4 
4 
5 
6 
1 1459865483  
5 
4 
1 1110975205  
2 
1 621903364  
3 
1 460721157  
3 
6 
1 817751883  
1 26183608  
4 
5 
1 1706636451  
4 
3 
2 
2 
4 
6 
3 
1 1098860609  
2 
2 
4 
2 
1 1681308635  
5 
5 
5 
2 
5 
6 
1 1945868720  
4 
1 1578659738  
1 1061009772  
4 
2 
4 
1 1641960281  
4 
5 
5 
2 
6 
4 
2 
6 
3 
4 
3 
6 
1 1370548032  
2 
2 
3 
6 
4 
1 478518420  
2 
6 
4 
6 
4 
1 1579911337  
6 
4 
5 
3 
1 392633087  
6 
2 
1 1664287730  
5 
6 
1 1439952721  
2 
6 
1 1282984183  
2 
2 
6 
4 
5 
6 
4 
6 
2 
5 
2 
6 
2 
4 
2 
6 
4 
5 
5 
1 776357484  
1 528791095  
4 
5 
6 
5 
2 
2 
1 88469370  
3 
3 
4 
1 64553749  
4 
2 
6 
5 
1 1419014530  
4 
5 
3 
5 
3 
5 
5 
1 1424307970  
5 
4 
4 
1 162451073  
1 639240202  
5 
3 
1 1151368439  
2 
2 
4 
1 717804873  
3 
3 
4 
5 
2 
6 
3 
6 
3 
3 
6 
1 1421243537  
4 
5 
3 
6 
3 
3 
2 
6 
4 
1 463750274  
5 
6 
1 1828780078  
4 
6 
5 
4 
1 2043146901  
3 
3 
6 
3 
1 924471431  
3 
2 
2 
4 
6 
2 
4 
3 
3 
4 
3 
6 
6 
1 499048313  
3 
5 
3 
3 
4 
5 
3 
4 
1 2069330509  
3 
3 
5 
1 483624234  
5 
2 
3 
1 1597908922  
3 
5 
6 
1 1603155496  
6 
3 
1 282009306  
2 
6 
6 
4 
4 
1 1029085012  
5 
4 
2 
6 
6 
6 
2 
5 
6 
4 
1 516681621  
3 
1 1923969587  
6 
4 
2 
2 
1 252149397  
6 
5 
6 
1 995200041  
6 
6 
3 
4 
3 
2 
2 
4 
5 
1 1356397276  
1 644782484  
1 512004123  
4 
5 
2 
5 
2 
6 
2 
1 648866349  
6 
3 
3 
5 
2 
5 
4 
1 1927766667  
3 
1 1288361607  
4 
6 
3 
5 
6 
6 
1 1177657444  
6 
4 
1 2016236037  
2 
1 1352915356  
1 449188326  
3 
3 
3 
6 
6 
1 1293060360  
2 
1 1515366430  
3 
4 
2 
5 
3 
2 
1 1088428528  
6 
6 
5 
2 
5 
3 
3 
3 
4 
5 
4 
4 
4 
6 
4 
1 296945151  
6 
3 
4 
5 
1 85687655  
3 
5 
5 
2 
2 
3 
5 
6 
1 362188417  
4 
3 
1 760695425  
5 
1 1914467734  
6 
2 
4 
4 
4 
6 
4 
6 
4 
5 
3 
6 
6 
3 
6 
6 
3 
2 
5 
4 
1 257851670  
5 
2 
3 
4 
1 1685166856  
4 
3 
2 
6 
1 266032399  
2 
3 
3 
4 
6 
4 
3 
6 
4 
4 
1 179698531  
1 21307442  
3 
6 
5 
3 
5 
4 
2 
2 
2 
2 
5 
6 
1 1863941322  
2 
1 1782854028  
3 
5 
4 
2 
1 303316748  
6 
4 
4 
1 745542686  
2 
3 
4 
4 
3 
5 
4 
5 
5 
6 
3 
5 
6 
6 
4 
6 
6 
4 
2 
4 
5 
4 
1 152052001  
4 
3 
6 
5 
2 
5 
1 79802687  
2 
6 
1 997692083  
6 
6 
4 
1 1147252042  
3 
3 
2 
4 
4 
1 1436199963  
5 
2 
6 
4 
5 
2 
6 
5 
6 
1 1642474567  
1 1659256165  
1 2085066312  
3 
2 
5 
6 
1 1422757587  
2 
5 
5 
5 
1 800134124  
1 1115240108  
2 
4 
6 
2 
3 
4 
5 
5 
1 1291509976  
5 
5 
3 
1 5565832  
6 
4 
1 1564428435  
5 
5 
6 
4 
4 
6 
1 437086688  
5 
4 
2 
3 
4 
1 1520932262  
1 505373315  
5 
3 
2 
3 
6 
1 734031839  
5 
5 
5 
1 1606619918  
3 
6 
1 867561733  
5 
1 1494727264  
6 
6 
5 
5 
5 
2 
3 
3 
2 
3 
4 
6 
5 
3 
3 
5 
1 1373604004  
5 
4 
2 
1 1125413403  
4 
1 1032410472  
1 1639636403  
3 
3 
2 
4 
3 
3 
5 
2 
3 
5 
6 
5 
5 
1 1305111935  
6 
4 
4 
2 
3 
3 
6 
6 
2 
2 
2 
6 
3 
3 
5 
6 
4 
5 
1 1053717914  
3 
5 
2 
5 
2 
1 1356094077  
4 
4 
6 
2 
2 
6 
2 
6 
6 
1 940482315  
6 
1 1357034662  
6 
6 
3 
6 
6 
3 
6 
6 
4 
4 
1 2101636764  
2 
1 1092534316  
4 
4 
4 
3 
4 
4 
5 
1 1436837349  
1 951845199  
4 
2 
4 
4 
4 
5 
1 92302710  
6 
5 
6 
1 725553664  
3 
4 
4 
3 
4 
3 
2 
3 
4 
3 
3 
6 
6 
3 
6 
6 
2 
5 
4 
6 
3 
3 
4 
5 
4 
6 
3 
2 
2 
2 
2 
4 
1 446836119  
6 
1 1751558875  
5 
2 
6 
3 
6 
4 
1 663136328  
5 
4 
6 
1 1869593706  
5 
4 
4 
5 
4 
2 
3 
6 
1 404209351  
6 
3 
4 
1 1778376437  
6 
3 
1 1013620034  
4 
4 
5 
3 
4 
4 
4 
1 409775183  
1 1195321224  
2 
2 
4 
3 
1 1450706723  
6 
6 
3 
3 
6 
6 
3 
3 
6 
2 
6 
2 
2 
4 
1 1930707446  
3 
1 1700694539  
1 37254914  
5 
5 
1 1389843716  
1 420772624  
1 1531982179  
6 
2 
2 
5 
5 
1 615964072  
6 
6 
2 
1 1546186028  
1 416909003  
6 
5 
5 
2 
4 
2 
6 
4 
5 
4 
6 
4 
4 
2 
3 
6 
5 
5 
6 
4 
4 
5 
3 
4 
3 
2 
1 108116827  
6 
6 
5 
1 703814315  
3 
6 
1 1470626918  
6 
4 
2 
4 
2 
5 
3 
3 
4 
6 
2 
3 
1 1464210905  
6 
6 
5 
4 
6 
4 
4 
1 1644296630  
3 
4 
1 680177932  
6 
6 
2 
5 
1 1418364021  
4 
5 
5 
1 589347298  
2 
4 
4 
5 
6 
5 
2 
5 
1 2117015282  
4 
3 
4 
5 
3 
4 
3 
6 
6 
3 
3 
6 
3 
1 222725572  
5 
5 
4 
2 
5 
2 
6 
2 
4 
5 
5 
6 
6 
6 
5 
4 
3 
2 
6 
2 
3 
2 
1 681650008  
6 
2 
3 
6 
2 
4 
1 695085298  
1 669561691  
4 
5 
5 
2 
5 
5 
6 
6 
1 285725235  
5 
6 
1 1358221627  
2 
2 
1 391671749  
2 
6 
4 
5 
4 
1 689934586  
2 
3 
4 
1 989114416  
1 1405291784  
5 
2 
4 
6 
5 
2 
6 
1 1099709769  
6 
3 
1 36951992  
3 
2 
6 
2 
2 
3 
3 
2 
4 
1 708514859  
3 
5 
6 
3 
6 
1 882933567  
5 
5 
2 
4 
4 
5 
1 1737646531  
1 745769773  
2 
3 
2 
4 
3 
1 125293635  
6 
2 
2 
4 
1 10935508  
3 
6 
6 
5 
4 
1 130268304  
4 
3 
3 
5 
4 
1 741257707  
4 
3 
5 
4 
2 
2 
2 
3 
5 
3 
3 
1 1557121536  
2 
4 
3 
6 
3 
5 
6 
6 
3 
6 
5 
5 
4 
5 
3 
6 
6 
3 
3 
6 
2 
5 
2 
2 
4 
4 
1 547177308  
6 
6 
4 
1 849374535  
2 
3 
2 
4 
2 
6 
4 
2 
6 
2 
2 
2 
5 
5 
5 
3 
6 
5 
4 
3 
1 113452203  
4 
5 
6 
5 
4 
2 
2 
4 
4 
3 
4 
1 2017804226  
3 
4 
2 
6 
3 
4 
4 
6 
2 
6 
1 166101792  
4 
2 
6 
6 
4 
5 
5 
2 
1 1757748833  
6 
3 
1 550498510  
4 
4 
2 
6 
2 
5 
3 
3 
4 
5 
4 
4 
6 
1 1584465813  
4 
1 199612483  
6 
4 
6 
5 
6 
3 
4 
5 
4 
5 
2 
6 
4 
6 
4 
6 
6 
3 
5 
4 
2 
1 520030144  
2 
5 
2 
6 
5 
3 
2 
6 
2 
5 
6 
3 
1 1807191385  
6 
4 
6 
5 
6 
2 
3 
5 
4 
3 
3 
4 
1 881262491  
5 
4 
6 
5 
2 
5 
1 1215115443  
3 
5 
1 329269429  
6 
2 
5 
4 
1 1166987726  
6 
3 
5 
5 
4 
5 
1 425853422  
2 
6 
2 
5 
2 
6 
6 
6 
5 
1 720941178  
2 
2 
1 1856922312  
4 
3 
1 1414967838  
3 
1 2126232962  
4 
5 
3 
6 
4 
3 
1 809148433  
4 
5 
2 
5 
1 1451919830  
2 
5 
5 
4 
2 
1 687264173  
1 1692082001  
1 1042082713  
6 
4 
1 1433033947  
5 
2 
4 
4 
4 
4 
2 
5 
4 
6 
1 1817375636  
6 
2 
6 
4 
1 1053018221  
5 
1 1563302251  
1 411149696  
1 462656109  
2 
3 
3 
5 
3 
1 2110479559  
2 
2 
3 
5 
5 
5 
5 
1 1260524231  
5 
3 
3 
2 
3 
1 576108312  
6 
6 
5 
5 
2 
6 
4 
6 
6 
2 
4 
1 1980800137  
5 
5 
5 
6 
1 1426626023  
3 
3 
1 186373497  
5 
3 
5 
6 
5 
4 
5 
6 
5 
6 
2 
3 
3 
6 
4 
2 
1 383815000  
5 
1 863608188  
3 
3 
6 
5 
5 
3 
4 
3 
6 
6 
5 
2 
5 
1 385985980  
5 
2 
2 
6 
3 
3 
5 
5 
1 903845144  
5 
3 
2 
6 
2 
2 
5 
4 
4 
5 
1 523315925  
3 
4 
3 
5 
1 1267248471  
3 
2 
4 
2 
4 
5 
2 
3 
3 
6 
3 
3 
2 
2 
2 
6 
3 
1 2118960587  
4 
2 
5 
6 
5 
2 
1 852585354  
4 
4 
4 
3 
2 
5 
3 
3 
4 
4 
5 
6 
6 
4 
4 
2 
2 
5 
1 286752549  
3 
3 
6 
4 
6 
5 
2 
3 
1 397330361  
5 
2 
1 1573526533  
4 
3 
3 
1 2143674861  
1 1812298199  
5 
6 
5 
5 
1 1552275847  
4 
1 805339647  
6 
6 
3 
5 
3 
6 
5 
3 
6 
4 
2 
5 
3 
5 
1 1116734381  
1 92056373  
5 
1 349938000  
3 
1 11333447  
4 
3 
4 
6 
6 
3 
3 
1 1525090320  
2 
1 19829988  
5 
1 1064351668  
3 
1 940908923  
3 
3 
2 
6 
1 430979684  
4 
4 
3 
2 
3 
4 
3 
5 
4 
4 
2 
4 
1 1527007778  
4 
6 
4 
3 
1 903904835  
3 
6 
6 
1 1691503915  
6 
3 
3 
6 
6 
6 
5 
3 
1 2103116090  
5 
4 
3 
2 
5 
6 
1 737221324  
6 
3 
2 
3 
2 
3 
4 
2 
4 
1 970646290  
3 
5 
4 
2 
5 
6 
3 
2 
6 
1 142005940  
3 
6 
4 
2 
2 
2 
2 
1 1121036324  
3 
5 
2 
2 
5 
6 
3 
3 
3 
3 
1 1834254478  
5 
4 
3 
3 
1 527991920  
1 2024881469  
2 
4 
3 
2 
4 
3 
6 
6 
1 210086756  
2 
6 
4 
6 
1 1795240392  
6 
2 
5 
3 
6 
6 
5 
5 
2 
3 
4 
2 
4 
6 
2 
5 
4 
3 
6 
3 
5 
2 
4 
2 
5 
5 
2 
4 
6 
4 
4 
4 
6 
5 
4 
1 1996358408  
2 
3 
5 
5 
6 
4 
6 
1 1062672110  
6 
6 
1 2081992941  
2 
6 
1 246205122  
1 488714995  
2 
2 
5 
2 
3 
5 
1 2078184155  
6 
3 
1 2058503321  
2 
2 
5 
6 
1 2040990843  
2 
2 
2 
6 
6 
1 736040154  
6 
2 
2 
4 
2 
2 
1 1027754055  
1 2133047216  
5 
1 1085978154  
4 
1 1039087502  
2 
2 
3 
3 
6 
4 
5 
2 
4 
5 
2 
4 
2 
2 
6 
6 
5 
5 
2 
4 
6 
5 
1 1510653888  
6 
4 
6 
3 
3 
2 
5 
3 
3 
3 
2 
4 
3 
3 
6 
2 
4 
5 
3 
1 1105808142  
6 
6 
6 
2 
5 
3 
4 
5 
1 2103439170  
5 
4 
2 
1 304079163  
1 1536787827  
5 
2 
4 
2 
3 
4 
5 
3 
2 
6 
3 
3 
3 
3 
3 
3 
3 
4 
4 
4 
5 
1 1482963300  
6 
6 
4 
4 
1 1207983998  
6 
5 
5 
3 
2 
2 
1 1080808094  
6 
6 
4 
2 
6 
4 
5 
5 
3 
2 
2 
6 
6 
6 
3 
5 
2 
3 
1 1438595743  
4 
4 
3 
1 1945205323  
1 2051454385  
5 
1 1580601683  
3 
2 
6 
3 
4 
4 
5 
4 
6 
1 918757999  
6 
3 
1 1738225215  
5 
1 2108593603  
5 
3 
3 
4 
1 796155820  
4 
6 
3 
2 
3 
2 
1 1948311971  
2 
5 
5 
2 
2 
4 
3 
3 
2 
5 
5 
4 
4 
5 
4 
2 
2 
6 
6 
4 
1 1756350347  
2 
4 
5 
3 
6 
2 
5 
5 
5 
5 
2 
4 
2 
2 
3 
1 645030581  
1 863500434  
1 1690859641  
5 
3 
5 
3 
1 891235703  
6 
5 
5 
4 
1 1352215429  
1 1621560148  
6 
3 
4 
2 
4 
6 
6 
6 
5 
3 
3 
6 
2 
2 
6 
1 802255376  
6 
3 
4 
5 
6 
2 
5 
3 
2 
4 
6 
5 
4 
6 
5 
6 
1 1245722624  
3 
1 210116654  
6 
4 
2 
2 
6 
4 
5 
4 
6 
1 1830009431  
3 
6 
6 
2 
1 1231286192  
3 
1 1296094808  
3 
2 
1 721613285  
6 
3 
5 
5 
3 
2 
2 
2 
2 
2 
2 
2 
1 594456432  
6 
4 
2 
5 
1 254419302  
1 677568808  
2 
6 
1 898535596  
1 1791207129  
3 
4 
1 13048460  
1 2106519594  
4 
3 
4 
4 
2 
5 
3 
4 
2 
6 
6 
4 
4 
3 
4 
4 
1 724531576  
3 
6 
2 
3 
3 
2 
1 1451644203  
3 
1 1904241269  
3 
4 
1 628502313  
4 
2 
6 
6 
3 
2 
3 
3 
3 
3 
5 
6 
5 
6 
5 
1 884762238  
4 
3 
5 
1 675515621  
3 
4 
5 
5 
5 
2 
2 
6 
2 
2 
3 
3 
1 219243880  
6 
5 
4 
3 
6 
1 845872194  
4 
4 
1 1471671441  
5 
4 
1 20072204  
3 
6 
3 
3 
4 
1 454738893  
4 
3 
2 
5 
2 
3 
6 
2 
4 
6 
4 
2 
1 2116702022  
2 
3 
4 
6 
2 
2 
4 
6 
6 
6 
6 
2 
1 883572638  
5 
4 
3 
1 2145598534  
3 
5 
4 
2 
3 
2 
2 
4 
3 
2 
3 
5 
3 
6 
6 
2 
3 
1 860454077  
4 
1 88304419  
3 
6 
3 
5 
1 1619675034  
6 
5 
2 
3 
2 
4 
3 
3 
4 
6 
4 
6 
2 
1 1662709454  
1 1334027044  
3 
6 
4 
4 
2 
5 
3 
4 
1 1829791688  
5 
4 
5 
1 1345235237  
1 417829588  
2 
2 
5 
1 978402848  
5 
5 
5 
1 2066848523  
6 
3 
5 
1 1012286021  
2 
2 
4 
5 
5 
6 
6 
2 
5 
4 
6 
2 
1 1232822151  
1 596933683  
1 1910821617  
4 
6 
1 876545632  
3 
5 
3 
2 
1 609982143  
1 1869857563  
5 
5 
6 
1 1601077208  
1 2061626347  
1 1626615185  
1 82095873  
6 
4 
3 
2 
2 
4 
2 
2 
5 
1 798904937  
3 
5 
4 
1 154647158  
2 
5 
2 
3 
3 
6 
4 
3 
2 
5 
1 301339754  
5 
2 
3 
3 
4 
1 1644777131  
6 
6 
4 
2 
1 1626318599  
5 
1 321411958  
2 
2 
2 
3 
2 
2 
5 
3 
1 2099516025  
5 
6 
4 
3 
1 1595536974  
2 
2 
5 
5 
6 
2 
6 
3 
1 1204984596  
4 
1 2097630911  
1 308507403  
6 
3 
6 
4 
6 
5 
5 
2 
1 1293289015  
4 
3 
3 
5 
6 
3 
6 
4 
6 
2 
5 
5 
4 
5 
3 
6 
6 
2 
2 
2 
3 
4 
5 
3 
2 
1 1569822298  
2 
6 
1 1971216857  
5 
3 
2 
6 
4 
2 
3 
1 479832411  
3 
6 
3 
4 
4 
1 1252130338  
3 
3 
5 
1 1168968447  
6 
2 
3 
6 
3 
4 
1 897662000  
2 
1 83049539  
3 
3 
4 
4 
2 
2 
1 1088333322  
3 
1 1909948021  
5 
1 1315871690  
2 
4 
4 
1 1685267005  
4 
4 
5 
1 1673285990  
6 
6 
3 
2 
5 
6 
6 
6 
1 44933674  
4 
5 
3 
6 
5 
2 
3 
2 
1 147765500  
6 
1 1395659905  
2 
3 
2 
4 
2 
6 
4 
1 1646010883  
6 
3 
2 
5 
1 61908199  
5 
2 
5 
5 
5 
3 
4 
2 
4 
5 
5 
5 
3 
2 
6 
3 
3 
4 
2 
5 
4 
1 874791442  
5 
6 
5 
6 
6 
3 
4 
5 
3 
5 
2 
2 
1 1728106756  
4 
3 
1 860813137  
5 
6 
1 1029438600  
2 
4 
3 
4 
1 2029446510  
2 
3 
6 
1 358106620  
1 508273552  
4 
5 
4 
1 203374820  
6 
1 310138997  
5 
4 
4 
3 
6 
3 
5 
5 
3 
3 
4 
6 
5 
1 2103810526  
1 1408359416  
5 
3 
1 260286261  
4 
6 
2 
3 
6 
1 264834281  
3 
2 
2 
4 
2 
2 
5 
6 
3 
3 
4 
1 554164784  
2 
6 
2 
5 
2 
5 
2 
2 
3 
4 
5 
4 
6 
4 
3 
5 
2 
6 
3 
5 
4 
5 
4 
4 
4 
6 
3 
3 
3 
6 
6 
5 
5 
3 
3 
5 
5 
4 
2 
3 
1 1830108559  
2 
1 88567491  
1 1033997195  
6 
6 
1 934755249  
5 
4 
2 
1 1257535938  
2 
2 
6 
6 
5 
3 
5 
6 
1 1931659195  
5 
4 
3 
6 
1 1017804788  
1 198385612  
1 1694123568  
4 
5 
3 
2 
5 
2 
4 
2 
1 186192830  
6 
2 
6 
5 
4 
6 
5 
2 
6 
3 
5 
4 
3 
1 1883652617  
5 
2 
2 
1 1219925910  
1 231126505  
3 
5 
3 
2 
5 
3 
5 
5 
6 
3 
4 
5 
3 
1 2031418117  
3 
4 
6 
1 468102168  
2 
2 
3 
3 
5 
3 
1 1877137388  
1 2093326317  
4 
4 
4 
4 
1 1342893610  
5 
5 
4 
3 
2 
4 
1 1457760496  
3 
4 
2 
5 
4 
2 
5 
1 806655806  
4 
3 
4 
6 
1 224848563  
4 
1 1339723359  
6 
1 1164762426  
5 
6 
1 733122115  
1 1543098179  
1 1474901424  
5 
6 
6 
1 689448993  
2 
3 
5 
4 
4 
6 
3 
1 803973948  
2 
6 
3 
5 
2 
2 
5 
3 
3 
1 1735187685  
5 
6 
4 
5 
5 
1 954283274  
2 
5 
3 
6 
4 
1 1358138732  
2 
5 
3 
1 1417812596  
2 
1 1042850765  
3 
6 
3 
2 
4 
4 
4 
5 
1 244652279  
4 
5 
6 
1 205084197  
4 
3 
4 
4 
5 
4 
6 
5 
4 
1 152903055  
6 
2 
1 28827827  
5 
6 
4 
6 
5 
2 
6 
5 
3 
6 
4 
2 
3 
6 
6 
4 
3 
4 
2 
2 
1 1222888986  
5 
1 351288667  
4 
4 
6 
5 
6 
6 
6 
1 1722951395  
4 
1 1409081816  
6 
3 
1 87457636  
2 
6 
5 
6 
3 
4 
3 
5 
2 
1 795393658  
1 1640208321  
6 
3 
5 
6 
1 2118875754  
6 
6 
5 
5 
1 1263495826  
4 
6 
3 
6 
6 
1 1369862061  
2 
4 
1 2064718423  
2 
3 
4 
2 
2 
4 
6 
3 
6 
6 
2 
5 
6 
5 
4 
5 
1 458905788  
1 680138910  
1 723890581  
3 
3 
3 
2 
6 
3 
1 683754351  
3 
3 
4 
2 
6 
5 
6 
4 
1 2019862269  
3 
5 
6 
4 
4 
3 
2 
1 1888653007  
1 1416876466  
6 
4 
6 
4 
4 
6 
1 1415476800  
1 1216070783  
2 
4 
4 
1 2106325459  
3 
4 
6 
6 
3 
1 71967100  
1 803774820  
5 
6 
6 
3 
1 913125086  
1 1430105832  
1 74103768  
3 
5 
6 
5 
4 
2 
2 
6 
2 
1 1955975851  
2 
5 
2 
4 
3 
2 
5 
2 
1 1674758112  
1 279187966  
6 
1 2108878907  
4 
2 
6 
3 
1 1703585939  
6 
2 
3 
4 
3 
1 1502076952  
3 
1 312683926  
2 
5 
1 1279053686  
5 
3 
1 763675120  
1 400141563  
2 
5 
2 
1 2074447344  
1 256399794  
5 
5 
3 
1 371533669  
2 
6 
6 
3 
2 
5 
2 
6 
2 
3 
1 1190459522  
3 
1 1626261855  
1 288768444  
5 
6 
1 1649365311  
6 
4 
5 
1 158917117  
5 
5 
4 
6 
4 
2 
1 1012659025  
6 
1 185636014  
3 
4 
4 
5 
2 
1 31295738  
5 
4 
4 
3 
5 
5 
1 753828384  
2 
3 
5 
4 
1 1602512481  
1 1446772539  
6 
1 1969899168  
4 
5 
1 1561354292  
6 
6 
4 
6 
4 
4 
2 
2 
3 
3 
4 
4 
3 
6 
4 
2 
4 
1 1518739639  
6 
1 626190340  
3 
1 326995730  
2 
3 
4 
4 
4 
5 
1 801361824  
2 
3 
6 
3 
1 700294109  
4 
5 
3 
2 
1 135487934  
4 
3 
5 
2 
6 
4 
3 
4 
6 
3 
6 
6 
4 
3 
4 
1 328636288  
1 979482075  
4 
2 
3 
5 
1 96883193  
4 
2 
2 
5 
4 
5 
3 
1 2032222227  
2 
3 
6 
2 
5 
5 
5 
3 
4 
6 
3 
5 
4 
5 
6 
2 
3 
1 334075379  
5 
6 
4 
1 409567119  
2 
1 1163792265  
6 
1 1097750499  
5 
5 
3 
3 
4 
2 
5 
2 
4 
3 
3 
3 
2 
6 
1 809708682  
4 
4 
4 
4 
5 
2 
6 
3 
6 
5 
3 
3 
2 
6 
3 
4 
4 
4 
2 
4 
4 
4 
6 
6 
6 
2 
5 
2 
6 
6 
3 
3 
5 
4 
3 
2 
4 
1 1090755962  
4 
4 
1 1354150293  
3 
5 
4 
4 
3 
4 
3 
4 
4 
5 
6 
1 1181242351  
6 
2 
4 
4 
3 
6 
6 
1 133731836  
4 
1 832928501  
2 
6 
2 
2 
3 
1 1470010795  
2 
6 
2 
5 
2 
1 1783097147  
4 
6 
2 
3 
2 
4 
3 
3 
4 
5 
6 
3 
5 
2 
3 
1 991845618  
3 
1 335186172  
2 
6 
4 
6 
4 
3 
2 
6 
5 
5 
5 
5 
6 
1 1968733162  
6 
2 
1 1023141357  
2 
3 
3 
4 
6 
3 
4 
5 
6 
2 
3 
4 
5 
3 
2 
4 
6 
2 
4 
4 
5 
6 
4 
6 
3 
5 
6 
5 
2 
1 1089014557  
4 
3 
2 
1 1423761995  
1 322430248  
6 
3 
2 
3 
1 911430077  
2 
3 
4 
5 
5 
2 
6 
6 
3 
4 
5 
5 
5 
5 
2 
2 
4 
1 837632639  
4 
5 
1 1841169887  
1 1537620417  
5 
5 
4 
2 
5 
4 
3 
1 1164628370  
4 
1 495048063  
3 
1 90430878  
2 
1 1300116304  
4 
4 
6 
4 
5 
3 
3 
6 
4 
6 
4 
2 
1 823684351  
1 1069912953  
1 1396999497  
1 708422930  
5 
1 1403988332  
5 
1 1806566616  
5 
6 
1 1872215196  
2 
1 354255184  
2 
5 
2 
2 
6 
6 
5 
6 
1 468791651  
4 
4 
4 
1 815487510  
1 1708405477  
3 
5 
6 
5 
1 1650034002  
6 
2 
6 
5 
2 
3 
6 
1 949219346  
6 
6 
3 
1 393850330  
3 
4 
6 
6 
2 
4 
3 
5 
4 
1 972561150  
1 584832846  
4 
6 
5 
4 
5 
5 
4 
2 
3 
2 
3 
6 
5 
2 
1 1385695949  
3 
3 
1 1307747322  
6 
4 
5 
6 
3 
4 
3 
4 
4 
2 
1 406082360  
1 261353658  
5 
1 249278231  
4 
2 
2 
1 1829844355  
2 
2 
6 
1 583783906  
2 
4 
2 
4 
4 
1 1160708308  
6 
1 519993346  
3 
5 
1 277470145  
3 
1 550845078  
4 
5 
1 1684621716  
2 
1 772518209  
5 
1 641275956  
5 
5 
5 
1 837254372  
3 
4 
2 
2 
6 
5 
2 
6 
3 
1 1596202560  
2 
1 1711188910  
1 86770221  
1 157141843  
1 967693594  
6 
5 
4 
3 
3 
5 
6 
2 
4 
3 
5 
1 1893336838  
4 
3 
4 
2 
3 
2 
3 
2 
5 
4 
2 
2 
6 
6 
5 
4 
6 
6 
3 
2 
3 
4 
1 2029357039  
3 
1 1321948778  
1 214644841  
5 
1 697360901  
3 
1 882870608  
1 1864678843  
6 
5 
1 1646580247  
3 
5 
3 
6 
6 
5 
5 
4 
1 1276720938  
2 
4 
6 
1 689756345  
3 
5 
4 
1 83929445  
2 
2 
3 
5 
6 
1 514933239  
5 
4 
3 
1 1997503668  
3 
1 490011805  
3 
2 
3 
5 
5 
1 776286897  
4 
4 
6 
5 
3 
1 99298251  
1 172372512  
3 
4 
5 
5 
1 1360070803  
4 
3 
3 
4 
3 
3 
1 1260006560  
4 
5 
2 
2 
6 
4 
2 
2 
2 
1 692365859  
6 
6 
2 
1 1637540949  
6 
4 
5 
6 
4 
3 
1 1810851638  
3 
2 
1 229503927  
4 
3 
2 
5 
1 262575510  
3 
4 
4 
4 
2 
4 
4 
1 304643946  
1 1066758300  
1 1858778070  
3 
3 
6 
4 
6 
6 
6 
6 
6 
5 
4 
3 
1 2015832856  
5 
1 1153528521  
4 
1 2015919913  
4 
5 
3 
3 
6 
6 
3 
6 
1 836042803  
1 899381711  
2 
3 
2 
3 
5 
4 
6 
6 
5 
6 
3 
2 
1 1897793304  
6 
5 
4 
5 
4 
1 10507933  
3 
1 1114026552  
6 
1 447670557  
6 
2 
6 
1 893378541  
6 
2 
2 
6 
3 
5 
2 
6 
3 
1 831221748  
5 
4 
3 
1 2094250805  
3 
3 
3 
5 
6 
5 
5 
3 
2 
2 
6 
4 
6 
2 
3 
3 
1 22615832  
3 
2 
6 
5 
6 
3 
6 
1 1520978093  
5 
3 
4 
1 30696602  
1 537549071  
2 
4 
6 
2 
1 1370998113  
6 
2 
3 
3 
3 
3 
2 
1 520708408  
4 
1 1313835969  
5 
4 
1 1470296365  
5 
4 
2 
4 
3 
5 
4 
5 
1 693080920  
3 
4 
4 
1 526423124  
3 
3 
6 
4 
5 
3 
6 
1 582819277  
3 
6 
6 
3 
6 
1 1385446779  
5 
2 
3 
3 
5 
5 
3 
3 
3 
3 
3 
2 
6 
3 
2 
3 
4 
1 16480425  
2 
3 
6 
2 
2 
1 246187267  
1 1614950707  
6 
1 279055935  
2 
4 
4 
4 
1 550831213  
4 
5 
6 
4 
1 534225359  
4 
1 2137834006  
5 
2 
1 419180422  
6 
4 
1 1687753880  
4 
6 
4 
3 
2 
1 2006270271  
4 
5 
2 
4 
5 
6 
6 
3 
4 
1 1255223225  
5 
4 
4 
3 
4 
6 
1 439651944  
1 1756579928  
2 
6 
2 
5 
6 
6 
2 
2 
3 
2 
1 1265731158  
4 
5 
5 
3 
6 
4 
6 
4 
4 
4 
3 
2 
4 
5 
1 1553678496  
4 
2 
3 
3 
4 
3 
6 
5 
6 
6 
6 
3 
1 56766837  
4 
1 11626052  
5 
2 
5 
3 
6 
3 
1 237416596  
2 
5 
1 3533994  
3 
1 34241884  
3 
5 
1 1758394690  
4 
4 
2 
1 34230597  
5 
6 
5 
1 571790955  
3 
3 
1 981909155  
2 
6 
1 554939005  
5 
3 
2 
1 1885626924  
6 
3 
5 
5 
2 
4 
4 
2 
3 
5 
6 
2 
6 
4 
2 
4 
1 304721872  
5 
1 1248019925  
3 
5 
4 
4 
4 
3 
6 
6 
3 
5 
1 264566401  
1 887541149  
3 
5 
2 
2 
1 485983057  
3 
5 
5 
6 
1 281046826  
3 
5 
6 
4 
2 
4 
2 
5 
6 
1 1133728416  
6 
4 
6 
3 
2 
4 
5 
6 
2 
3 
5 
5 
1 2100933764  
2 
2 
5 
2 
6 
5 
3 
5 
3 
6 
4 
5 
3 
4 
3 
5 
3 
2 
5 
6 
2 
6 
6 
2 
1 560102762  
6 
3 
5 
1 1684559630  
4 
6 
5 
1 487675475  
2 
6 
2 
6 
1 550453120  
3 
4 
2 
4 
5 
5 
4 
6 
5 
5 
4 
2 
3 
2 
1 2103740052  
3 
1 27945707  
5 
4 
3 
2 
3 
4 
6 
3 
3 
1 409239743  
2 
5 
2 
3 
5 
5 
2 
2 
1 1211479629  
2 
4 
6 
5 
6 
5 
1 467597651  
5 
3 
1 18336023  
2 
4 
5 
1 329727139  
1 2021276148  
6 
1 75102861  
5 
3 
5 
6 
6 
5 
5 
4 
4 
6 
5 
5 
2 
6 
6 
4 
2 
1 341353191  
1 111209096  
2 
4 
5 
3 
3 
3 
6 
5 
1 78636855  
6 
5 
6 
2 
6 
4 
1 375595075  
3 
1 1869603786  
6 
2 
1 112867452  
4 
5 
5 
4 
1 947386031  
6 
3 
3 
2 
1 704029294  
5 
1 667806457  
5 
3 
2 
2 
6 
3 
4 
5 
1 685529307  
3 
5 
3 
3 
3 
6 
4 
6 
5 
2 
4 
5 
6 
2 
5 
6 
1 1008751166  
6 
4 
3 
6 
4 
1 1915826383  
1 950095708  
4 
4 
4 
1 1896292316  
2 
5 
6 
4 
2 
2 
1 254325792  
2 
1 1231142535  
3 
4 
5 
1 882537084  
3 
5 
1 207775908  
2 
5 
4 
6 
3 
2 
2 
4 
6 
6 
6 
1 1791245297  
6 
4 
5 
5 
6 
5 
6 
1 419613066  
6 
3 
2 
4 
3 
1 695451383  
1 194214769  
2 
4 
6 
5 
3 
6 
3 
4 
3 
1 375869470  
1 723397090  
1 603454512  
5 
2 
2 
6 
6 
1 1587349099  
2 
1 1190994742  
3 
2 
4 
1 621790536  
3 
2 
4 
2 
5 
1 1917076239  
3 
1 1064787242  
1 696893397  
1 110945782  
4 
4 
2 
5 
4 
1 1175996338  
6 
6 
5 
4 
3 
2 
6 
5 
3 
5 
1 775530252  
4 
1 486540858  
4 
4 
3 
1 898116477  
6 
1 888397705  
3 
4 
6 
3 
6 
4 
2 
4 
3 
6 
5 
2 
5 
1 1433926889  
4 
6 
6 
3 
2 
1 1602145771  
1 1556204162  
2 
6 
3 
2 
3 
5 
4 
6 
2 
1 2119456196  
5 
3 
1 463413289  
3 
4 
3 
6 
4 
5 
2 
5 
6 
1 1324546897  
1 922068257  
3 
1 212221957  
3 
3 
2 
6 
5 
5 
6 
6 
6 
5 
4 
2 
4 
2 
5 
4 
1 1578872689  
4 
4 
1 5727144  
3 
1 1094759042  
2 
3 
4 
3 
1 1786648597  
2 
2 
6 
3 
5 
1 1796972441  
1 1514372108  
5 
3 
4 
6 
2 
5 
3 
5 
3 
2 
2 
1 334616332  
4 
6 
5 
6 
3 
6 
5 
3 
3 
3 
3 
6 
2 
4 
2 
2 
6 
2 
1 1991187210  
1 1890241579  
1 1058013423  
1 447158074  
3 
6 
5 
3 
6 
5 
1 1330107030  
5 
4 
1 101524517  
1 1068948610  
1 1099699621  
1 1166311759  
4 
3 
1 1765842007  
6 
5 
2 
2 
6 
1 1210645404  
5 
4 
4 
6 
6 
1 194824449  
4 
6 
1 393888612  
1 1697186262  
6 
3 
6 
3 
4 
3 
3 
6 
4 
6 
5 
6 
3 
5 
3 
1 1092940926  
5 
5 
3 
4 
4 
3 
3 
2 
2 
1 1282286317  
4 
2 
1 983629503  
1 547603049  
1 691006831  
6 
3 
3 
3 
4 
3 
1 955602051  
3 
6 
5 
6 
2 
5 
6 
5 
4 
5 
3 
3 
6 
4 
2 
2 
2 
4 
1 1011016339  
1 2015553729  
6 
2 
3 
1 1877670308  
2 
2 
2 
1 1223238296  
2 
2 
3 
5 
1 1446942770  
2 
3 
3 
2 
2 
2 
5 
5 
3 
5 
6 
2 
6 
4 
2 
1 1883397452  
6 
2 
3 
4 
6 
6 
3 
2 
5 
5 
3 
4 
1 170513690  
2 
5 
1 1086107720  
4 
2 
6 
1 1532886245  
5 
4 
2 
2 
3 
1 1684885799  
4 
2 
2 
4 
4 
4 
3 
4 
1 1420724052  
6 
3 
4 
5 
4 
2 
1 1376589807  
5 
5 
6 
5 
1 1427643730  
3 
3 
4 
3 
1 331253827  
3 
6 
5 
2 
2 
5 
5 
2 
5 
4 
5 
4 
5 
3 
5 
1 1823747882  
5 
6 
3 
1 610267112  
1 432778344  
5 
6 
1 745212844  
2 
5 
5 
4 
2 
6 
3 
6 
4 
3 
3 
3 
6 
4 
3 
5 
2 
2 
2 
4 
1 1709966734  
4 
4 
6 
2 
5 
2 
5 
5 
1 1599090103  
6 
3 
1 363571204  
2 
3 
3 
1 773128490  
2 
3 
1 1793914553  
5 
4 
1 757459816  
6 
2 
3 
5 
2 
5 
2 
5 
2 
5 
1 322831104  
6 
1 739371831  
3 
1 2039746133  
1 1306460607  
3 
5 
3 
1 1286974881  
5 
1 583269316  
1 114579010  
2 
1 150507572  
1 451339397  
1 1992249319  
5 
2 
5 
2 
3 
6 
4 
4 
4 
1 1373745868  
4 
4 
1 1898282168  
6 
1 1728163123  
6 
1 1544259559  
4 
3 
3 
1 836906240  
2 
1 1113565721  
2 
2 
6 
6 
3 
1 1081661710  
6 
6 
1 110146644  
5 
4 
2 
3 
3 
4 
1 342671880  
6 
1 361821792  
6 
1 441400472  
4 
1 18936114  
1 972088904  
5 
3 
5 
6 
2 
5 
4 
6 
6 
6 
1 874178816  
5 
2 
1 764148959  
5 
1 534571990  
1 325785272  
1 1127720163  
1 1307700480  
2 
3 
1 2119699825  
6 
5 
1 1885179979  
3 
3 
3 
5 
1 1630531584  
2 
4 
6 
2 
2 
1 711588008  
1 1777442464  
4 
6 
1 789508543  
1 1998562889  
4 
1 213228132  
6 
6 
1 904087554  
4 
2 
6 
6 
5 
3 
1 1586813  
1 664567530  
6 
2 
4 
5 
5 
2 
3 
6 
1 748853225  
6 
6 
5 
6 
2 
4 
2 
6 
6 
1 1375332682  
2 
6 
6 
6 
4 
2 
6 
6 
3 
5 
6 
2 
4 
3 
6 
4 
6 
6 
3 
6 
6 
5 
5 
2 
4 
2 
3 
4 
6 
1 415366050  
6 
5 
3 
1 329532700  
5 
4 
1 772108593  
1 1252272290  
6 
2 
4 
2 
1 1443098421  
4 
5 
2 
5 
1 1853770303  
5 
4 
5 
5 
6 
3 
4 
1 1362418934  
5 
5 
3 
6 
1 1785770302  
3 
5 
3 
4 
3 
5 
3 
6 
6 
1 68108447  
6 
6 
5 
3 
1 1803819406  
1 1804706416  
1 1040197351  
1 530514575  
4 
1 421371727  
2 
6 
2 
5 
2 
2 
2 
2 
1 1574769342  
4 
2 
5 
3 
4 
1 856299847  
6 
4 
5 
2 
2 
5 
2 
2 
2 
1 1549091890  
2 
5 
1 734986174  
1 828516024  
1 1286788221  
3 
6 
6 
5 
4 
3 
5 
2 
3 
4 
2 
3 
1 218034111  
3 
3 
6 
2 
1 1540104032  
3 
3 
3 
3 
3 
2 
6 
2 
1 916747037  
5 
1 1007542654  
1 1391183274  
3 
5 
6 
1 1129975170  
5 
2 
5 
6 
5 
3 
1 1911630208  
2 
2 
1 1392770087  
1 1794542700  
3 
5 
3 
3 
4 
4 
3 
3 
4 
5 
4 
1 512999785  
2 
4 
6 
6 
1 620619121  
3 
1 62425102  
2 
2 
3 
3 
2 
4 
6 
3 
5 
3 
6 
4 
5 
3 
1 842532486  
4 
5 
1 1392727714  
4 
6 
3 
6 
1 1314697392  
4 
2 
5 
3 
2 
2 
2 
3 
5 
4 
6 
6 
1 138147259  
5 
1 1099014369  
5 
1 529632678  
2 
5 
5 
5 
6 
4 
6 
6 
2 
1 1923917561  
1 1167122816  
1 185968437  
6 
2 
3 
6 
1 1581140330  
6 
3 
2 
1 59836520  
2 
5 
3 
4 
1 716483012  
6 
2 
6 
2 
6 
3 
3 
6 
3 
3 
2 
4 
2 
2 
6 
5 
4 
1 2002512057  
1 1634605862  
5 
1 1572782859  
2 
5 
1 1404120300  
2 
4 
2 
1 222108388  
6 
2 
5 
2 
3 
4 
1 253815235  
6 
2 
5 
4 
4 
5 
5 
4 
1 543424873  
5 
5 
4 
2 
4 
3 
4 
2 
3 
5 
2 
3 
4 
5 
4 
3 
6 
1 440142499  
3 
4 
4 
3 
1 1793919267  
5 
3 
1 1460171911  
3 
1 1447685154  
4 
6 
