6 
2 
1 73527025  
3 
5 
3 
1 1343307085  
1 1308135676  
5 
2 
2 
3 
4 
4 
4 
5 
5 
2 
2 
5 
3 
5 
4 
3 
4 
4 
6 
5 
1 1511692822  
4 
5 
5 
1 6919571  
3 
6 
6 
5 
5 
4 
1 1636876778  
4 
5 
6 
2 
3 
5 
4 
2 
3 
3 
2 
3 
4 
5 
4 
3 
6 
2 
6 
4 
5 
4 
4 
2 
3 
1 1812044224  
1 301165936  
2 
3 
6 
2 
1 281294032  
2 
6 
6 
3 
1 2083041758  
1 119421375  
1 1567082798  
1 401911888  
2 
2 
4 
1 628276239  
2 
4 
5 
4 
1 1580775722  
5 
3 
3 
1 2058518425  
3 
6 
3 
6 
4 
5 
6 
4 
5 
1 906615607  
1 1798454285  
2 
3 
2 
6 
5 
4 
4 
4 
5 
3 
5 
1 1212848802  
3 
5 
6 
2 
6 
4 
3 
6 
6 
3 
5 
1 2051326355  
2 
5 
4 
4 
4 
2 
2 
5 
3 
3 
5 
1 709874536  
4 
2 
5 
1 1020423383  
3 
6 
1 516429152  
4 
4 
6 
1 1844407682  
4 
2 
5 
4 
5 
4 
1 1447349810  
1 1274117863  
5 
5 
1 703979353  
5 
3 
5 
6 
3 
1 1249561777  
2 
4 
2 
4 
1 1959029808  
5 
5 
2 
1 1124646509  
3 
3 
3 
4 
2 
1 1090110992  
1 2032556833  
3 
1 320469946  
4 
6 
5 
1 250763021  
5 
3 
1 1396766007  
4 
6 
4 
5 
4 
6 
1 327389518  
5 
2 
2 
5 
5 
3 
5 
1 1887639799  
3 
5 
1 1061326584  
6 
1 628555454  
2 
1 21450183  
1 996884694  
3 
5 
1 747976829  
2 
4 
6 
5 
4 
6 
5 
2 
3 
5 
1 1588532981  
4 
1 1398796583  
4 
6 
4 
2 
5 
2 
5 
1 1376253068  
3 
5 
6 
2 
6 
4 
5 
3 
1 1021825056  
2 
2 
6 
1 1309831360  
1 135385027  
1 672795693  
4 
1 375196515  
2 
5 
2 
1 39227735  
3 
2 
3 
5 
6 
5 
6 
3 
2 
4 
4 
4 
4 
4 
5 
2 
3 
3 
5 
2 
3 
4 
4 
1 1382670230  
5 
4 
3 
4 
1 1395619898  
5 
4 
5 
4 
6 
1 555656887  
4 
5 
5 
4 
4 
4 
6 
4 
3 
2 
5 
6 
1 1079594264  
4 
3 
4 
4 
2 
2 
3 
2 
5 
1 695486060  
3 
6 
5 
4 
4 
3 
2 
1 1829774750  
3 
2 
5 
6 
5 
3 
6 
1 1783573617  
1 1945047838  
5 
4 
2 
2 
6 
3 
1 1641320910  
3 
5 
3 
2 
2 
3 
2 
2 
6 
4 
4 
1 760736478  
6 
3 
3 
2 
1 887675182  
1 1526394095  
6 
1 1081206424  
2 
2 
4 
1 1138438203  
2 
3 
6 
1 775676454  
2 
6 
3 
3 
4 
5 
3 
1 1408595942  
5 
6 
4 
5 
4 
1 878594355  
2 
1 1837003038  
5 
3 
1 2037151396  
2 
2 
2 
3 
1 900044538  
6 
2 
5 
2 
1 686404085  
3 
3 
6 
2 
1 637644577  
4 
4 
5 
4 
5 
3 
5 
3 
2 
3 
4 
3 
1 341093872  
3 
2 
5 
3 
5 
6 
6 
4 
5 
4 
1 2085200668  
3 
1 2013897646  
1 1362918928  
3 
5 
2 
6 
6 
6 
3 
4 
4 
3 
6 
1 1247548380  
4 
6 
2 
6 
4 
3 
4 
5 
2 
3 
2 
3 
2 
2 
3 
6 
5 
3 
1 1799025  
4 
1 2035714621  
2 
6 
2 
3 
5 
3 
3 
6 
1 1622744895  
5 
6 
3 
3 
2 
5 
2 
2 
5 
4 
3 
3 
6 
1 41026760  
4 
6 
1 1270901203  
1 870881146  
1 596683647  
3 
5 
6 
2 
3 
1 203011819  
4 
3 
4 
3 
5 
6 
5 
6 
2 
5 
6 
6 
1 1566367206  
4 
3 
5 
1 278974749  
3 
5 
6 
3 
5 
4 
2 
5 
1 1986585436  
1 1363931396  
4 
2 
3 
3 
5 
6 
6 
4 
2 
1 1920295659  
4 
4 
3 
6 
6 
2 
2 
4 
2 
6 
5 
6 
6 
1 599838266  
3 
5 
4 
5 
1 104122931  
2 
3 
3 
6 
6 
3 
1 1299206106  
5 
1 1681044691  
5 
4 
4 
2 
1 1242561134  
3 
2 
1 2074882561  
3 
5 
5 
3 
1 942156985  
4 
4 
3 
2 
5 
3 
1 2121155489  
5 
4 
6 
3 
6 
5 
3 
5 
6 
4 
1 1764401951  
4 
3 
1 831824734  
1 873716380  
1 303322388  
2 
4 
4 
5 
6 
2 
1 1469469311  
5 
6 
4 
4 
2 
5 
5 
5 
2 
6 
1 1214810252  
6 
6 
1 241039408  
4 
4 
2 
1 1335883309  
5 
6 
5 
3 
1 430245532  
4 
6 
1 1488587789  
3 
4 
1 1337682335  
2 
1 318476505  
3 
5 
4 
5 
4 
1 963849036  
5 
5 
4 
6 
1 1378709095  
5 
2 
4 
6 
3 
5 
5 
6 
2 
1 1589377709  
5 
3 
1 1834730182  
3 
4 
2 
3 
1 1975392743  
3 
1 1792389528  
3 
2 
4 
3 
5 
6 
5 
6 
2 
5 
4 
1 1253613741  
5 
1 106883844  
5 
4 
5 
1 1631491317  
5 
6 
3 
1 470061489  
3 
1 2027179504  
1 83845935  
1 574184420  
6 
3 
4 
3 
4 
5 
5 
4 
1 1178901962  
6 
1 1764890626  
5 
4 
4 
4 
4 
5 
5 
6 
5 
4 
2 
1 1816745555  
2 
4 
2 
3 
1 1106300875  
1 559563964  
5 
2 
6 
5 
1 1790417396  
3 
3 
6 
5 
1 723219179  
5 
6 
5 
2 
3 
1 1391388698  
5 
3 
6 
2 
1 516650128  
1 1026541567  
2 
3 
1 713374361  
2 
1 1731460380  
4 
5 
1 1267580976  
6 
4 
2 
3 
6 
3 
2 
2 
5 
4 
4 
6 
1 2049257671  
4 
6 
3 
6 
1 14222264  
6 
3 
5 
1 608685117  
6 
5 
3 
5 
5 
3 
4 
6 
1 1239456358  
5 
2 
2 
5 
5 
3 
3 
2 
6 
3 
1 332698770  
3 
4 
6 
5 
2 
2 
3 
3 
6 
2 
4 
4 
2 
6 
3 
4 
5 
6 
5 
4 
5 
3 
5 
5 
3 
1 1572534153  
4 
5 
1 470681805  
5 
4 
2 
3 
2 
1 1922076479  
1 1259780688  
3 
4 
1 298590900  
4 
2 
2 
4 
3 
3 
5 
5 
1 1566982359  
4 
4 
1 365910781  
5 
3 
6 
5 
5 
6 
2 
4 
6 
6 
6 
1 405474745  
2 
3 
2 
4 
6 
1 1050990028  
4 
3 
2 
2 
2 
2 
1 835972270  
2 
6 
2 
4 
3 
5 
6 
1 285170601  
5 
5 
3 
2 
5 
4 
5 
2 
1 1134835964  
6 
4 
4 
4 
6 
5 
3 
1 1410156691  
1 1464072563  
2 
1 752242942  
5 
2 
3 
5 
1 1079418598  
4 
6 
2 
1 422889791  
4 
2 
6 
5 
2 
6 
4 
2 
4 
4 
1 1311806906  
5 
1 722352346  
5 
4 
1 1146108970  
3 
3 
3 
2 
1 555711956  
3 
6 
1 1239002475  
1 25166889  
1 1269086318  
1 822979207  
3 
4 
6 
1 1292747865  
6 
6 
2 
3 
1 1170860341  
6 
1 837201472  
2 
5 
6 
3 
5 
4 
1 1901432982  
5 
4 
1 262833051  
5 
2 
6 
3 
1 1169900242  
5 
2 
2 
3 
5 
6 
5 
3 
3 
4 
6 
4 
6 
3 
6 
5 
1 1326483488  
5 
5 
2 
1 733514856  
4 
6 
4 
1 944493073  
4 
3 
6 
2 
5 
3 
2 
2 
1 438780528  
4 
2 
2 
4 
2 
3 
5 
3 
1 1032105757  
4 
1 363991784  
1 804691309  
3 
2 
2 
3 
4 
5 
4 
4 
1 1437580502  
3 
6 
2 
4 
4 
5 
2 
2 
4 
4 
5 
4 
6 
5 
3 
1 1414981813  
1 1640663579  
5 
6 
5 
4 
5 
1 1722751103  
6 
4 
4 
3 
3 
1 402334129  
4 
6 
3 
4 
1 903336622  
2 
6 
5 
1 1039340018  
6 
5 
5 
5 
3 
2 
6 
6 
2 
2 
3 
2 
2 
1 1154577071  
2 
2 
2 
1 1982755220  
6 
3 
3 
3 
2 
6 
3 
4 
4 
4 
3 
1 1462229809  
1 318900330  
2 
3 
5 
4 
3 
6 
1 557623919  
1 460855131  
4 
4 
1 874612286  
2 
4 
4 
2 
6 
1 1796626394  
5 
2 
1 486022021  
2 
2 
4 
2 
2 
6 
1 2143698604  
5 
2 
5 
4 
1 472121953  
4 
2 
2 
5 
3 
3 
3 
5 
3 
6 
5 
3 
1 1778769886  
2 
2 
3 
6 
4 
4 
6 
1 1167075297  
2 
6 
2 
3 
1 1309323425  
2 
6 
5 
5 
4 
4 
3 
3 
6 
5 
6 
4 
3 
2 
5 
6 
1 1532719221  
1 1429908348  
2 
1 331740019  
4 
4 
5 
6 
1 711719061  
2 
4 
6 
6 
6 
3 
3 
4 
4 
2 
1 15939557  
6 
4 
1 1276233092  
6 
4 
6 
1 1150499589  
1 1048045314  
3 
1 1640224877  
1 1955190898  
2 
6 
5 
3 
4 
4 
3 
4 
1 338142168  
3 
1 907723042  
2 
2 
4 
5 
3 
6 
4 
2 
6 
2 
2 
5 
1 1448370829  
2 
3 
3 
1 2060893271  
6 
6 
1 1310057171  
4 
2 
1 204223804  
5 
4 
6 
5 
3 
2 
5 
2 
5 
1 952749641  
1 317150594  
6 
6 
2 
2 
1 39495376  
5 
6 
5 
1 267495803  
1 636050924  
3 
3 
5 
2 
6 
6 
3 
1 597119295  
6 
2 
4 
5 
4 
1 728350934  
3 
4 
3 
6 
6 
3 
1 1510663211  
3 
3 
2 
1 246262041  
1 1214372955  
3 
3 
5 
3 
4 
2 
4 
1 1506878167  
3 
4 
1 718383995  
5 
5 
3 
4 
4 
4 
3 
1 845659194  
1 526469817  
1 2027707420  
5 
3 
1 230894767  
2 
6 
3 
5 
5 
3 
2 
4 
1 1956378165  
3 
2 
3 
4 
2 
5 
2 
2 
1 211963792  
6 
6 
1 942613828  
3 
6 
5 
2 
6 
4 
4 
3 
1 1972317722  
6 
6 
5 
4 
2 
2 
5 
4 
6 
5 
4 
1 1488196884  
5 
6 
4 
1 2093113417  
4 
2 
2 
3 
6 
1 872879388  
6 
2 
4 
4 
4 
4 
3 
4 
5 
3 
2 
5 
4 
1 980938113  
5 
6 
4 
4 
1 1900820667  
2 
6 
1 1211021556  
1 1888661155  
1 1201707848  
1 1124431179  
2 
1 1051234678  
3 
3 
5 
4 
5 
6 
4 
5 
3 
3 
2 
2 
1 1405931652  
3 
2 
6 
5 
4 
6 
6 
2 
1 2077180821  
2 
6 
4 
4 
1 1368385273  
4 
3 
4 
4 
4 
6 
4 
2 
6 
6 
5 
6 
6 
2 
2 
6 
1 1445427029  
2 
4 
2 
1 197192976  
1 2004436197  
2 
4 
3 
6 
5 
4 
3 
3 
6 
6 
2 
1 2042546324  
3 
3 
6 
2 
6 
3 
6 
2 
4 
6 
4 
4 
4 
1 925543910  
2 
6 
2 
3 
6 
2 
1 1367615760  
1 141324718  
6 
4 
5 
6 
3 
3 
2 
4 
2 
6 
2 
4 
6 
1 2139916866  
5 
6 
3 
3 
2 
4 
2 
2 
1 727010280  
3 
4 
1 859708713  
3 
3 
1 838092412  
2 
2 
6 
2 
5 
6 
1 1253480097  
1 739932485  
6 
1 1068987179  
4 
5 
1 1062374614  
4 
3 
4 
2 
3 
4 
6 
2 
5 
4 
3 
2 
1 951896277  
6 
3 
1 2011601007  
2 
2 
1 887208689  
1 292609514  
2 
2 
4 
5 
6 
6 
1 1957230776  
2 
5 
3 
2 
5 
1 1760088077  
2 
4 
4 
5 
3 
6 
2 
6 
1 1273547627  
2 
2 
3 
5 
5 
1 1710567795  
5 
1 823625986  
3 
4 
5 
6 
3 
2 
6 
5 
5 
1 1014725135  
6 
5 
4 
2 
5 
4 
6 
6 
4 
5 
6 
4 
4 
3 
3 
3 
6 
3 
6 
3 
3 
2 
5 
4 
6 
5 
1 764791995  
3 
6 
1 1948057165  
3 
4 
1 2065959813  
3 
3 
6 
5 
5 
1 23240000  
5 
3 
6 
3 
2 
3 
5 
6 
3 
1 1877754338  
3 
3 
6 
6 
4 
1 1286861438  
2 
1 1468667029  
3 
1 2074947314  
4 
3 
1 1143813988  
4 
4 
5 
6 
3 
1 1363729705  
4 
4 
1 853007577  
6 
2 
6 
1 363946100  
2 
2 
1 1505054423  
6 
6 
4 
2 
4 
4 
6 
3 
2 
5 
2 
3 
2 
4 
1 845440795  
4 
1 1090956380  
1 217279488  
3 
2 
5 
6 
5 
3 
6 
5 
6 
6 
1 1683533207  
1 196952829  
1 957211974  
2 
5 
3 
3 
2 
6 
6 
5 
2 
5 
6 
1 605036738  
1 1259327444  
4 
5 
6 
1 1909108251  
4 
4 
3 
6 
3 
2 
1 469154097  
6 
4 
4 
2 
3 
6 
5 
5 
1 2146536133  
3 
6 
4 
6 
3 
6 
4 
6 
6 
4 
5 
4 
4 
5 
5 
5 
6 
1 54234117  
6 
6 
1 278901225  
1 1759140562  
4 
1 1327781745  
6 
5 
5 
4 
2 
4 
4 
1 1989469020  
2 
1 435282900  
3 
1 195023232  
1 606777367  
5 
5 
2 
5 
6 
3 
5 
5 
6 
2 
4 
6 
2 
2 
1 235856418  
5 
5 
2 
5 
2 
6 
3 
2 
2 
5 
3 
6 
3 
1 113499397  
4 
3 
6 
2 
3 
1 630017367  
3 
3 
5 
5 
1 2113610756  
6 
2 
2 
6 
2 
2 
4 
1 1400360836  
3 
6 
5 
6 
4 
4 
5 
6 
1 2098684396  
2 
1 2041074423  
2 
3 
6 
5 
4 
6 
3 
3 
3 
2 
5 
2 
3 
5 
1 396691176  
6 
3 
6 
3 
6 
2 
5 
2 
3 
4 
5 
6 
3 
5 
5 
4 
3 
2 
2 
4 
1 1314930454  
6 
6 
6 
6 
1 746598352  
6 
3 
1 760637276  
5 
5 
5 
2 
3 
3 
6 
6 
2 
6 
6 
1 672501229  
5 
4 
4 
5 
2 
1 1592039147  
5 
5 
1 1851593657  
3 
6 
5 
6 
3 
2 
5 
3 
5 
1 889780718  
1 1128088706  
3 
1 2048546486  
3 
4 
4 
4 
5 
5 
5 
3 
2 
5 
2 
4 
5 
2 
4 
4 
3 
5 
3 
3 
5 
5 
3 
5 
4 
4 
6 
6 
4 
4 
4 
1 1846992692  
5 
6 
5 
1 1733125444  
1 1160390282  
3 
5 
4 
4 
3 
6 
5 
6 
1 1608617295  
1 54795893  
1 1159442767  
1 1662851413  
1 333697118  
4 
5 
6 
1 771099682  
6 
1 843149510  
3 
2 
5 
6 
4 
5 
3 
6 
6 
2 
5 
5 
1 175682490  
5 
2 
3 
2 
1 1206382582  
1 1038172742  
4 
2 
5 
4 
5 
3 
2 
5 
2 
2 
2 
1 782459857  
4 
1 1442239000  
1 1151672139  
5 
4 
4 
5 
6 
3 
3 
1 1412477225  
5 
2 
4 
2 
6 
4 
3 
1 1408366109  
3 
1 404549327  
2 
3 
1 1363677973  
3 
2 
6 
6 
3 
5 
4 
5 
4 
5 
5 
6 
4 
2 
2 
4 
6 
4 
2 
6 
5 
5 
1 1301956884  
6 
1 801240503  
3 
4 
2 
3 
1 531124779  
4 
1 2048555236  
1 1561877780  
6 
6 
1 1203626009  
6 
5 
6 
4 
3 
1 1493110735  
4 
3 
6 
1 1265987789  
1 2093406727  
2 
5 
6 
2 
2 
2 
5 
1 473715793  
6 
6 
4 
3 
4 
2 
2 
1 1167050627  
6 
4 
6 
2 
1 1792915771  
6 
5 
2 
6 
1 59357589  
4 
5 
4 
5 
2 
1 179957262  
4 
2 
6 
4 
6 
1 1254049418  
6 
3 
2 
1 114153482  
6 
2 
4 
2 
1 1339400029  
1 769417183  
2 
2 
1 447850600  
2 
6 
5 
5 
5 
6 
3 
4 
6 
4 
4 
2 
3 
4 
3 
1 2110499711  
5 
1 1612566693  
2 
2 
5 
6 
6 
6 
2 
1 623533090  
5 
3 
4 
2 
6 
3 
4 
1 1169398646  
2 
3 
4 
6 
1 503255787  
1 1405992947  
6 
4 
3 
2 
3 
5 
6 
6 
6 
4 
5 
4 
3 
6 
1 464153998  
4 
5 
4 
2 
1 1654927927  
6 
6 
6 
2 
3 
2 
1 670986524  
3 
3 
2 
2 
1 1872520107  
1 2059477254  
4 
3 
5 
1 2034664498  
1 1026993343  
3 
2 
1 713234110  
4 
6 
3 
2 
6 
1 418305629  
2 
1 928064931  
3 
2 
3 
3 
5 
3 
2 
6 
1 127628242  
4 
5 
4 
5 
6 
4 
3 
1 1621931638  
3 
1 273692018  
4 
5 
1 1393616031  
4 
6 
4 
2 
1 1567854717  
2 
3 
3 
1 747407811  
6 
3 
2 
5 
6 
4 
2 
2 
6 
4 
1 413183010  
4 
6 
5 
3 
2 
4 
3 
2 
5 
5 
5 
2 
2 
6 
5 
2 
3 
3 
5 
5 
1 1213286840  
6 
4 
5 
6 
3 
3 
5 
3 
4 
4 
5 
3 
6 
6 
2 
5 
4 
2 
2 
1 806765400  
2 
1 593140272  
5 
3 
5 
4 
5 
5 
2 
2 
2 
1 319852611  
2 
3 
4 
6 
6 
3 
1 920918882  
3 
4 
3 
5 
4 
6 
1 1932540302  
1 1089269794  
3 
1 1368769482  
5 
6 
2 
1 1895556365  
1 554352840  
3 
1 1992302572  
2 
2 
6 
6 
2 
1 917471363  
3 
5 
6 
1 1057608627  
1 1250811872  
1 1381625362  
2 
2 
1 565052906  
2 
3 
6 
4 
6 
6 
6 
2 
6 
4 
3 
2 
6 
5 
2 
3 
4 
2 
1 1921798396  
5 
2 
2 
3 
4 
6 
5 
1 1106661821  
1 477046513  
2 
4 
4 
5 
3 
2 
5 
1 1808979246  
6 
3 
1 2133655165  
5 
3 
2 
6 
3 
2 
6 
3 
2 
4 
3 
3 
6 
1 1190280623  
6 
3 
6 
6 
6 
3 
4 
5 
1 79801228  
2 
6 
4 
3 
5 
2 
5 
2 
3 
5 
6 
3 
3 
4 
6 
2 
3 
1 914236448  
4 
3 
2 
6 
3 
1 1317908865  
3 
3 
4 
1 1701732866  
2 
3 
2 
5 
3 
1 1187928467  
5 
2 
3 
6 
6 
4 
1 564041248  
3 
6 
5 
3 
1 1122103936  
5 
3 
2 
5 
6 
2 
6 
6 
1 1935336278  
1 977224258  
6 
5 
6 
3 
4 
4 
5 
3 
3 
6 
2 
2 
4 
5 
4 
2 
4 
5 
2 
3 
3 
1 187907128  
3 
5 
3 
1 594618031  
6 
2 
5 
6 
2 
3 
5 
4 
3 
3 
2 
2 
3 
2 
5 
2 
2 
2 
5 
5 
4 
1 1570364531  
4 
5 
5 
3 
2 
3 
3 
5 
4 
4 
4 
2 
3 
1 507759739  
1 1515536913  
4 
2 
2 
5 
1 1355421185  
6 
6 
1 1597029534  
1 736822748  
6 
3 
3 
1 1103493902  
4 
4 
5 
6 
4 
1 3898726  
6 
6 
2 
6 
2 
5 
6 
3 
5 
6 
3 
4 
2 
2 
4 
2 
6 
2 
5 
4 
2 
1 581641672  
5 
2 
3 
1 2020965266  
1 1061507353  
2 
6 
2 
3 
2 
6 
5 
3 
6 
4 
2 
2 
4 
6 
6 
6 
5 
1 1832453544  
1 1255106980  
5 
5 
6 
3 
4 
3 
5 
4 
3 
6 
4 
4 
1 1626560260  
6 
2 
6 
4 
3 
6 
5 
1 1606768293  
5 
3 
4 
6 
5 
3 
4 
2 
4 
1 214285153  
1 2103606773  
1 1268263891  
4 
5 
6 
2 
1 200456670  
6 
5 
5 
2 
2 
5 
3 
6 
4 
6 
1 1146403748  
3 
4 
2 
2 
6 
5 
1 1348065119  
5 
1 1114693119  
2 
4 
5 
4 
4 
3 
2 
2 
5 
2 
1 316828965  
1 902314338  
3 
1 155137938  
6 
2 
5 
5 
3 
3 
3 
1 880870213  
5 
5 
1 2024418274  
6 
1 2090474216  
5 
3 
2 
3 
6 
5 
1 1858094471  
3 
2 
5 
5 
5 
2 
5 
5 
3 
4 
6 
6 
6 
1 64841754  
5 
5 
5 
3 
2 
3 
4 
6 
3 
2 
3 
5 
1 537608599  
3 
5 
6 
2 
1 1280975354  
1 572601494  
2 
5 
2 
4 
3 
1 2053145513  
5 
2 
1 488912891  
6 
3 
6 
3 
3 
3 
1 22147380  
1 642484613  
6 
1 1592406794  
1 26046106  
2 
4 
6 
1 1224126285  
3 
5 
2 
6 
2 
4 
6 
2 
2 
4 
3 
2 
1 1465888412  
1 1087553459  
5 
6 
4 
2 
4 
2 
5 
5 
4 
3 
3 
1 909096182  
1 573511744  
4 
3 
5 
6 
6 
3 
2 
1 566630071  
5 
3 
5 
3 
1 368380827  
3 
5 
3 
1 787796897  
5 
5 
3 
4 
1 522753196  
5 
6 
4 
5 
4 
2 
1 1636644718  
5 
5 
2 
3 
2 
1 988253568  
6 
1 1669156944  
6 
5 
4 
3 
1 837226190  
1 2102946687  
1 1985985909  
5 
4 
2 
5 
3 
2 
1 1739540528  
6 
1 110600977  
3 
6 
2 
4 
2 
1 719372474  
6 
1 1616475154  
6 
3 
6 
1 53591545  
6 
2 
1 429983298  
6 
4 
6 
3 
2 
4 
1 1681316908  
1 591200145  
3 
6 
5 
5 
2 
4 
5 
1 1710958652  
5 
1 106434754  
1 496862010  
6 
5 
1 52387896  
3 
2 
3 
6 
6 
5 
1 128582134  
3 
2 
1 1139346623  
2 
3 
2 
6 
5 
6 
1 1644794690  
6 
2 
5 
3 
5 
2 
2 
2 
6 
2 
5 
3 
3 
2 
3 
2 
4 
4 
6 
3 
5 
2 
3 
6 
2 
6 
3 
1 154628240  
4 
5 
3 
5 
5 
2 
2 
3 
4 
4 
2 
6 
4 
5 
2 
2 
6 
3 
6 
6 
6 
5 
1 215989260  
1 963199454  
4 
5 
1 1242181700  
1 1125085442  
1 1536711198  
4 
6 
2 
1 1808811771  
6 
5 
1 1493466269  
6 
1 177024447  
5 
2 
1 184081320  
2 
4 
2 
6 
2 
2 
6 
4 
3 
2 
4 
6 
5 
6 
3 
5 
1 982627340  
4 
4 
3 
1 1165278015  
5 
1 1853238264  
1 1819853530  
1 1120741054  
3 
1 1691740526  
2 
1 1411910410  
4 
2 
6 
3 
6 
4 
2 
6 
5 
1 1231342031  
1 263629352  
6 
4 
2 
2 
1 880901916  
1 1284933577  
3 
4 
3 
5 
5 
5 
3 
2 
5 
3 
5 
3 
1 693612650  
2 
1 414735176  
5 
5 
4 
1 1876133722  
3 
1 257087655  
2 
5 
2 
4 
4 
3 
6 
6 
3 
2 
2 
3 
5 
6 
2 
5 
2 
2 
4 
4 
3 
3 
6 
2 
6 
3 
1 521169931  
4 
4 
2 
3 
1 225512084  
4 
3 
5 
2 
4 
4 
6 
3 
5 
6 
2 
3 
3 
3 
3 
1 309475551  
4 
3 
6 
2 
1 649752065  
6 
3 
3 
5 
5 
4 
3 
3 
2 
2 
3 
6 
2 
1 1364858707  
2 
6 
5 
3 
3 
3 
3 
4 
3 
6 
2 
2 
3 
2 
3 
1 1954270241  
3 
3 
4 
4 
6 
1 804380306  
6 
3 
5 
5 
2 
2 
5 
3 
6 
1 1580847967  
6 
2 
3 
1 769986047  
6 
2 
1 2046562006  
1 558449762  
4 
5 
4 
4 
2 
2 
5 
3 
1 159213597  
3 
1 1707890129  
1 2051916031  
5 
2 
4 
6 
4 
6 
3 
4 
6 
1 336238044  
2 
1 1891971449  
2 
5 
5 
6 
1 887059723  
4 
5 
5 
2 
6 
5 
1 1501516060  
2 
6 
2 
4 
4 
1 1597726066  
5 
3 
2 
2 
2 
5 
1 559429605  
3 
1 474773466  
4 
5 
2 
6 
5 
1 1141982944  
2 
1 1971340015  
5 
5 
3 
4 
4 
1 1706115498  
3 
5 
5 
1 1405612296  
6 
2 
5 
5 
1 704758283  
3 
3 
6 
4 
1 843565427  
6 
4 
2 
6 
2 
1 2099224947  
3 
2 
2 
5 
1 1119493460  
4 
2 
2 
6 
4 
2 
4 
5 
2 
6 
3 
1 572215501  
6 
1 208828954  
3 
2 
1 1640663391  
4 
1 797727585  
3 
3 
3 
1 518304505  
4 
1 142931808  
4 
1 15102644  
5 
4 
3 
2 
3 
1 325091098  
2 
2 
2 
6 
2 
6 
2 
2 
5 
5 
3 
4 
5 
4 
2 
1 947312114  
2 
4 
3 
1 1595950611  
3 
6 
3 
2 
6 
6 
2 
1 1095077145  
2 
6 
1 846390472  
2 
1 6916725  
3 
5 
4 
2 
1 1254290742  
3 
6 
5 
6 
3 
4 
1 406796954  
6 
4 
5 
3 
6 
3 
5 
5 
1 2058832757  
6 
1 1590528786  
1 151284755  
6 
5 
2 
4 
2 
6 
1 798408832  
5 
6 
6 
3 
4 
1 944561198  
2 
1 1749010821  
6 
2 
6 
4 
4 
6 
3 
6 
3 
4 
1 1357838438  
4 
5 
6 
3 
2 
1 1419334665  
5 
3 
5 
4 
3 
4 
5 
2 
2 
5 
1 743510117  
5 
6 
5 
6 
6 
6 
3 
4 
6 
6 
4 
2 
3 
3 
6 
5 
6 
2 
1 1181694805  
4 
2 
1 977966515  
5 
2 
2 
6 
5 
3 
2 
3 
4 
4 
3 
4 
5 
1 1638766  
1 1886453089  
1 1821531942  
2 
3 
5 
2 
2 
5 
1 2100863713  
4 
4 
6 
6 
1 858462901  
1 246263795  
1 162209019  
6 
4 
3 
4 
6 
1 351642644  
3 
6 
2 
6 
3 
2 
4 
2 
3 
1 1043991380  
1 680513524  
6 
6 
1 494574452  
4 
2 
3 
6 
5 
5 
4 
2 
6 
3 
4 
6 
5 
5 
2 
6 
3 
4 
3 
6 
2 
3 
4 
3 
2 
3 
6 
6 
1 1059094024  
2 
1 1005604622  
5 
1 1441886567  
2 
6 
1 507560987  
5 
4 
1 2100681767  
2 
1 140793391  
3 
4 
5 
6 
3 
5 
3 
4 
2 
6 
6 
1 514477713  
4 
5 
3 
4 
2 
4 
3 
2 
1 1207488861  
2 
6 
3 
4 
3 
3 
3 
6 
5 
5 
2 
2 
3 
5 
1 547590345  
1 425826822  
4 
2 
2 
2 
3 
4 
6 
5 
6 
6 
6 
5 
4 
1 650533999  
2 
1 698875101  
5 
5 
1 1224235654  
6 
4 
3 
3 
3 
4 
2 
1 1595095198  
3 
3 
1 300402274  
4 
2 
6 
3 
6 
5 
6 
4 
1 434590444  
3 
5 
6 
3 
2 
5 
5 
3 
5 
1 866946215  
5 
3 
2 
6 
1 1043912392  
2 
5 
5 
3 
6 
3 
5 
4 
3 
2 
4 
5 
6 
3 
3 
2 
4 
3 
2 
3 
1 1616285250  
4 
4 
2 
2 
3 
2 
1 1844912730  
5 
1 1045551158  
4 
6 
5 
1 1355254691  
1 1518961024  
4 
1 998931223  
4 
1 66233944  
4 
6 
3 
3 
4 
4 
5 
2 
2 
4 
6 
1 1765224819  
6 
1 1161140242  
4 
3 
2 
5 
1 417876588  
1 661732551  
2 
3 
4 
3 
1 1841653766  
4 
2 
5 
3 
1 912451040  
2 
3 
1 1720826575  
6 
2 
5 
1 699774740  
1 206853959  
5 
2 
4 
6 
2 
3 
5 
5 
5 
3 
4 
4 
5 
2 
1 80903914  
1 652972859  
3 
6 
6 
6 
6 
3 
4 
1 347647351  
5 
1 595381627  
4 
4 
6 
1 1860461720  
4 
6 
4 
2 
2 
4 
6 
3 
1 895237696  
1 1021208449  
4 
4 
6 
5 
5 
3 
4 
2 
4 
4 
1 363512071  
5 
3 
1 1594112797  
1 97960456  
6 
6 
5 
6 
1 1958607269  
4 
1 1894515072  
2 
2 
2 
3 
1 532550900  
3 
5 
5 
4 
4 
5 
3 
2 
3 
6 
2 
4 
1 678069836  
3 
3 
6 
3 
5 
2 
1 790943816  
1 1352502  
1 375498918  
5 
4 
2 
1 1836494974  
3 
6 
2 
3 
1 1356607193  
6 
1 1894459942  
4 
1 687942549  
6 
5 
2 
5 
4 
6 
4 
6 
1 1422841137  
1 1512201113  
5 
1 1849082791  
4 
3 
6 
6 
1 1840717725  
3 
4 
3 
4 
2 
3 
4 
2 
6 
5 
1 26450016  
6 
5 
5 
5 
4 
1 1543252909  
1 605685118  
3 
6 
2 
2 
4 
3 
1 1747276591  
1 95544001  
1 812539077  
6 
1 1828180506  
2 
6 
4 
1 748516860  
4 
2 
5 
1 1160186428  
3 
3 
5 
5 
3 
4 
6 
5 
4 
3 
5 
5 
3 
5 
3 
5 
6 
1 276078485  
6 
3 
3 
2 
5 
3 
6 
1 461494932  
5 
5 
6 
3 
5 
1 2055424125  
2 
1 1297286935  
1 825007003  
3 
3 
6 
3 
4 
1 1502053274  
6 
3 
1 1395247391  
1 636130625  
2 
3 
3 
1 1249084698  
4 
3 
3 
3 
5 
3 
5 
4 
4 
2 
2 
1 1927798291  
1 1314200461  
2 
2 
4 
2 
1 2040028514  
3 
6 
5 
4 
5 
4 
4 
4 
1 1929150794  
2 
6 
5 
3 
5 
5 
5 
3 
6 
2 
1 1689699380  
3 
3 
4 
2 
3 
3 
3 
6 
5 
5 
5 
4 
1 1729039840  
1 1138274339  
4 
6 
2 
6 
4 
1 1436675674  
4 
3 
5 
4 
1 269498741  
1 413631829  
1 801393140  
1 2118581532  
6 
2 
5 
6 
1 106865906  
3 
4 
5 
1 827843156  
4 
2 
5 
1 1514350793  
2 
2 
3 
4 
4 
4 
6 
1 712551024  
5 
2 
1 427636100  
2 
5 
3 
1 1609894794  
2 
3 
3 
4 
1 1525090102  
5 
4 
5 
4 
5 
4 
6 
6 
6 
3 
6 
6 
6 
5 
5 
3 
5 
2 
3 
4 
3 
4 
4 
2 
2 
6 
1 108332958  
6 
5 
5 
6 
6 
6 
1 210928006  
5 
4 
2 
4 
6 
4 
1 537792882  
3 
1 384411443  
1 672422938  
3 
5 
1 445733359  
6 
2 
4 
6 
2 
2 
3 
5 
3 
4 
2 
2 
6 
6 
5 
2 
1 1681698378  
3 
6 
6 
2 
2 
5 
4 
4 
6 
1 1497429942  
5 
1 1947786634  
3 
5 
6 
4 
5 
6 
5 
4 
4 
6 
5 
2 
4 
5 
5 
2 
1 929462121  
2 
3 
6 
1 2133560567  
3 
3 
1 1049387684  
5 
4 
3 
3 
1 709776765  
1 1300277380  
5 
2 
2 
1 941932551  
4 
2 
2 
6 
4 
3 
6 
2 
4 
3 
1 491443911  
1 842493112  
2 
1 523488743  
2 
1 1629718250  
3 
6 
1 131685139  
1 792987485  
6 
2 
5 
5 
6 
6 
4 
6 
1 2043350079  
4 
2 
1 933078279  
5 
4 
4 
5 
3 
5 
2 
1 764085369  
3 
1 2732338  
5 
3 
1 1760921435  
1 130952515  
6 
2 
4 
1 715283362  
2 
6 
4 
2 
6 
6 
1 41073887  
1 1740847309  
1 92889816  
1 149406845  
5 
1 1951775316  
1 630682699  
1 533818289  
3 
6 
4 
6 
1 476714606  
5 
6 
3 
6 
6 
3 
2 
2 
4 
5 
5 
3 
3 
6 
5 
1 1076416058  
6 
1 68033019  
2 
4 
3 
3 
6 
6 
3 
3 
5 
2 
6 
6 
3 
4 
4 
3 
1 1974144548  
2 
5 
5 
1 876719044  
6 
2 
2 
2 
3 
4 
5 
2 
5 
3 
5 
3 
1 997495141  
5 
2 
2 
5 
5 
1 1960221467  
3 
6 
6 
2 
1 1926106729  
3 
2 
2 
6 
6 
5 
2 
4 
6 
2 
5 
2 
2 
1 1707271906  
3 
4 
3 
4 
2 
2 
6 
2 
5 
5 
2 
4 
2 
2 
5 
2 
6 
4 
4 
5 
6 
6 
1 1113015200  
5 
5 
5 
1 720555632  
1 51232169  
2 
4 
4 
4 
4 
5 
5 
3 
6 
2 
5 
5 
1 1955508312  
2 
3 
4 
2 
3 
4 
3 
5 
3 
3 
3 
1 1244044375  
3 
2 
6 
3 
3 
6 
2 
1 1680950419  
4 
4 
1 2087193451  
4 
1 2037031860  
1 1576816851  
6 
2 
5 
5 
6 
6 
4 
5 
3 
6 
2 
3 
1 872788082  
2 
6 
3 
1 653633582  
5 
4 
2 
3 
4 
3 
2 
2 
6 
6 
4 
4 
6 
3 
5 
1 1579549189  
2 
1 486225870  
3 
5 
1 784586097  
2 
2 
6 
2 
2 
1 147348903  
1 527299757  
4 
5 
5 
4 
3 
6 
1 377949758  
2 
2 
3 
4 
2 
5 
1 240238720  
5 
5 
3 
6 
3 
4 
3 
5 
5 
3 
6 
6 
6 
1 676706603  
2 
6 
6 
5 
5 
3 
4 
1 182241426  
2 
2 
6 
1 870921419  
2 
3 
3 
2 
4 
6 
6 
3 
3 
1 1210524892  
2 
4 
5 
4 
2 
2 
1 658956033  
6 
3 
2 
4 
5 
6 
1 1947337477  
4 
5 
2 
3 
1 1278557911  
4 
6 
2 
6 
6 
2 
1 485616933  
4 
2 
1 676572874  
6 
4 
1 128569404  
3 
2 
4 
5 
4 
1 298354753  
3 
5 
6 
3 
3 
1 455195955  
1 1835841310  
1 1411369953  
2 
4 
2 
5 
4 
6 
5 
6 
4 
1 1175751587  
5 
6 
6 
1 1887073479  
2 
1 1219394617  
6 
2 
6 
3 
1 272312314  
4 
1 1420540251  
6 
5 
5 
1 1159104421  
3 
3 
3 
6 
2 
6 
4 
4 
1 161860527  
4 
1 849873454  
2 
6 
4 
2 
6 
1 2031892503  
5 
1 815494109  
6 
2 
4 
2 
4 
5 
4 
2 
3 
5 
5 
5 
5 
3 
5 
5 
6 
3 
4 
6 
4 
1 281938995  
2 
1 370634725  
2 
2 
2 
2 
6 
1 1600080206  
2 
3 
5 
4 
4 
4 
3 
4 
3 
2 
1 429287898  
3 
3 
1 897934483  
3 
5 
5 
1 1978029964  
2 
5 
6 
6 
5 
3 
3 
2 
1 669526618  
3 
5 
6 
3 
3 
3 
5 
1 1574641086  
4 
6 
3 
5 
4 
1 12787743  
5 
6 
6 
4 
6 
3 
6 
5 
1 1540448037  
3 
2 
6 
1 637682330  
4 
5 
1 671743776  
2 
1 1340301867  
3 
6 
6 
3 
5 
2 
5 
5 
3 
2 
5 
4 
6 
3 
4 
5 
3 
6 
1 1916240241  
5 
6 
4 
6 
6 
6 
4 
4 
2 
4 
3 
5 
3 
6 
6 
1 1157360709  
4 
6 
3 
4 
4 
3 
6 
3 
3 
5 
4 
2 
2 
3 
5 
1 2016874741  
2 
1 2044809646  
5 
1 1455715462  
6 
3 
4 
1 324587048  
3 
6 
1 1733167308  
4 
2 
2 
1 719601767  
6 
4 
4 
6 
4 
6 
6 
3 
2 
3 
6 
5 
1 1500338635  
3 
6 
4 
5 
6 
5 
6 
1 1472757140  
5 
5 
5 
5 
2 
5 
2 
5 
6 
5 
2 
1 1938996385  
6 
5 
6 
6 
5 
6 
3 
6 
6 
6 
2 
2 
6 
3 
3 
5 
4 
1 1772650949  
3 
6 
3 
4 
1 745813743  
4 
4 
5 
4 
6 
3 
4 
5 
2 
3 
6 
6 
1 950617158  
1 1934511476  
3 
4 
6 
5 
4 
1 1595687197  
5 
4 
6 
6 
1 835026013  
5 
5 
4 
3 
2 
5 
2 
4 
4 
1 602521937  
3 
2 
1 1877626192  
3 
5 
5 
4 
2 
6 
4 
6 
1 1205660739  
1 55118495  
2 
6 
5 
6 
5 
3 
5 
1 159430442  
2 
3 
3 
6 
3 
4 
4 
6 
5 
1 2103595222  
6 
4 
3 
1 2033148460  
1 828957061  
6 
1 1530752660  
5 
6 
2 
3 
4 
6 
4 
1 2045936203  
6 
1 221921450  
6 
4 
4 
3 
6 
5 
3 
5 
4 
3 
2 
3 
4 
3 
4 
4 
3 
2 
4 
1 20951342  
1 570196331  
2 
1 1562223317  
2 
3 
2 
6 
4 
1 1937191583  
4 
6 
2 
2 
2 
6 
6 
2 
5 
3 
4 
2 
1 1727557040  
6 
3 
1 1431614410  
1 1834517581  
4 
4 
4 
2 
6 
5 
3 
2 
3 
2 
2 
1 1035788855  
4 
6 
3 
6 
1 1756201458  
3 
4 
3 
5 
4 
5 
2 
3 
3 
1 1420201242  
5 
2 
4 
4 
2 
1 1755390622  
4 
5 
3 
6 
3 
6 
1 1109056445  
6 
5 
1 745474734  
1 1546903359  
3 
6 
4 
2 
3 
3 
3 
6 
5 
4 
6 
5 
1 734223747  
4 
5 
2 
1 1491288477  
5 
6 
1 350036869  
3 
2 
6 
6 
1 521251575  
2 
6 
1 939492026  
4 
6 
3 
4 
3 
3 
3 
4 
3 
1 1185062883  
1 1123773513  
3 
5 
5 
4 
6 
3 
2 
5 
4 
2 
4 
1 669634570  
4 
2 
3 
6 
5 
5 
2 
6 
5 
2 
3 
1 243239974  
2 
6 
2 
1 1178892008  
6 
3 
6 
2 
3 
2 
6 
6 
6 
1 829065012  
4 
6 
6 
5 
6 
2 
2 
4 
6 
6 
6 
3 
6 
4 
2 
5 
5 
5 
2 
1 199351548  
2 
1 1064556820  
6 
4 
2 
3 
3 
2 
3 
4 
1 1658022073  
3 
6 
5 
5 
6 
5 
3 
4 
1 1730104208  
3 
4 
2 
1 963009375  
4 
2 
3 
4 
3 
3 
4 
6 
5 
2 
2 
4 
2 
4 
5 
1 1879943524  
1 1751055550  
5 
6 
6 
3 
4 
4 
1 1533205706  
1 1294683193  
2 
1 1540763485  
3 
3 
1 1113279099  
6 
2 
4 
3 
2 
4 
1 578813956  
6 
1 1227797419  
2 
5 
1 1584306  
1 187531766  
6 
5 
2 
5 
6 
4 
5 
2 
3 
2 
1 500515013  
4 
4 
6 
3 
4 
6 
3 
3 
6 
4 
3 
1 1756974928  
5 
4 
2 
6 
1 1296588212  
1 1245989747  
5 
6 
6 
6 
4 
3 
1 1156394640  
5 
5 
5 
6 
4 
1 2030811959  
1 589794576  
2 
6 
2 
1 1506431509  
4 
2 
4 
6 
4 
6 
2 
6 
5 
5 
6 
6 
6 
4 
4 
6 
4 
3 
5 
3 
3 
5 
5 
1 404579886  
6 
1 1529286602  
5 
6 
1 544010744  
1 1528353399  
6 
6 
3 
2 
2 
5 
5 
6 
5 
2 
1 51437524  
6 
2 
2 
6 
3 
2 
3 
2 
3 
4 
4 
1 787250718  
2 
6 
4 
2 
2 
2 
6 
4 
2 
5 
6 
5 
2 
3 
4 
1 559761760  
2 
2 
5 
4 
1 880502536  
6 
2 
1 986602266  
5 
5 
1 1624318580  
6 
4 
1 391040962  
3 
1 569222826  
3 
4 
3 
4 
4 
1 439844308  
4 
4 
6 
1 123500838  
1 172794728  
1 1973050014  
4 
4 
1 1418184031  
3 
3 
4 
1 1713558214  
4 
3 
2 
4 
3 
3 
5 
2 
4 
1 938845465  
3 
5 
1 1996997987  
1 793871985  
6 
5 
3 
4 
4 
5 
2 
6 
3 
5 
2 
2 
2 
3 
4 
5 
5 
3 
3 
4 
1 940429771  
5 
1 37046106  
2 
6 
6 
2 
1 1294386998  
5 
6 
4 
6 
3 
2 
3 
2 
1 549921052  
4 
2 
5 
1 1333634318  
6 
4 
3 
1 392893097  
4 
5 
6 
1 1706315692  
4 
5 
2 
1 1216962629  
1 982687673  
2 
4 
1 1065263553  
6 
4 
3 
2 
1 1621542515  
3 
6 
4 
1 364490627  
4 
1 1609274298  
1 1002412267  
5 
1 415928151  
4 
6 
4 
3 
6 
4 
1 249041368  
5 
4 
2 
6 
1 1562174027  
4 
4 
3 
2 
3 
1 1296430687  
3 
6 
4 
3 
4 
1 1235643635  
6 
4 
1 1039008959  
4 
1 1687471649  
4 
4 
1 1804866461  
3 
4 
1 1478853267  
5 
3 
5 
5 
4 
2 
2 
6 
1 1810972487  
1 1977661190  
4 
6 
5 
3 
3 
2 
3 
1 1304419634  
1 1081672871  
1 1543735756  
1 95781451  
1 931187210  
4 
3 
2 
1 190124093  
2 
1 1036211223  
2 
3 
2 
5 
1 968233316  
5 
3 
6 
1 1484511091  
3 
2 
4 
3 
6 
4 
6 
6 
5 
5 
1 1586132275  
2 
5 
3 
2 
4 
3 
2 
1 154383986  
5 
5 
4 
3 
4 
6 
1 1877404188  
2 
3 
4 
2 
2 
1 1144964319  
1 1371346615  
5 
6 
6 
5 
1 712608213  
4 
3 
6 
6 
4 
2 
1 62744224  
4 
2 
6 
6 
4 
6 
2 
5 
1 845405483  
3 
2 
4 
1 1077098840  
2 
2 
5 
2 
6 
6 
4 
2 
2 
2 
1 1672018522  
4 
6 
2 
1 1847817750  
3 
2 
3 
2 
3 
6 
2 
5 
1 1493026991  
2 
6 
1 1921059891  
5 
1 1262508129  
5 
3 
2 
3 
1 641974030  
5 
4 
1 1009219878  
5 
3 
1 154033440  
1 181962032  
4 
3 
5 
4 
5 
2 
5 
6 
4 
1 666602691  
1 1632886708  
6 
2 
2 
1 1992934519  
5 
6 
2 
5 
6 
1 496780233  
6 
5 
3 
5 
2 
4 
3 
2 
3 
1 789822694  
1 927123742  
1 2040515989  
1 885604145  
1 1858310953  
6 
3 
6 
4 
4 
6 
2 
1 83156434  
3 
3 
4 
4 
4 
4 
2 
5 
5 
5 
6 
6 
4 
6 
4 
3 
4 
5 
3 
5 
3 
1 1921815368  
6 
1 679060621  
4 
6 
2 
5 
1 1567667525  
1 1360463995  
1 833444608  
2 
2 
3 
3 
2 
6 
2 
2 
6 
3 
6 
4 
4 
6 
2 
6 
3 
6 
4 
3 
4 
3 
2 
1 1297588065  
6 
5 
5 
1 357944666  
2 
6 
2 
1 57307575  
5 
4 
3 
4 
6 
4 
3 
4 
6 
5 
5 
6 
5 
5 
2 
6 
2 
2 
6 
1 2010196278  
6 
5 
1 420688891  
3 
3 
3 
6 
1 902713058  
4 
6 
3 
3 
6 
2 
3 
5 
6 
6 
3 
2 
1 939811470  
1 2092707413  
5 
3 
5 
5 
6 
5 
5 
1 603047160  
4 
4 
6 
5 
2 
1 285354813  
3 
1 1866283656  
4 
1 1865555289  
5 
1 927328844  
4 
6 
6 
1 728019886  
1 2019588730  
2 
6 
1 1109290876  
4 
3 
3 
4 
6 
3 
3 
2 
6 
5 
2 
4 
2 
4 
4 
3 
5 
5 
4 
4 
4 
4 
3 
2 
2 
1 1394622578  
4 
5 
1 1504991790  
6 
6 
4 
6 
5 
4 
3 
2 
6 
4 
6 
4 
6 
5 
5 
3 
5 
2 
4 
3 
4 
6 
4 
3 
1 954741747  
4 
2 
3 
5 
2 
5 
6 
2 
5 
2 
3 
1 1891402811  
6 
1 147330836  
4 
5 
4 
5 
2 
1 1881865490  
6 
1 1784435153  
2 
5 
3 
1 1032934981  
3 
4 
6 
1 1592692795  
3 
2 
1 1867591587  
2 
6 
6 
5 
4 
3 
2 
5 
5 
4 
5 
6 
3 
4 
2 
2 
5 
6 
4 
5 
1 807266702  
5 
6 
6 
3 
6 
1 124269768  
2 
5 
3 
4 
1 1287775465  
2 
6 
3 
5 
1 20247049  
5 
2 
2 
6 
1 957714376  
5 
1 437879882  
6 
2 
4 
5 
6 
3 
5 
2 
4 
2 
2 
1 378191716  
5 
5 
5 
1 1015021952  
2 
6 
5 
6 
6 
2 
4 
5 
6 
4 
2 
1 300592513  
4 
1 798880607  
3 
1 1917735010  
4 
6 
3 
2 
4 
3 
2 
2 
2 
5 
2 
4 
2 
6 
4 
3 
4 
5 
4 
4 
1 1240403983  
4 
4 
5 
4 
2 
5 
5 
3 
6 
3 
1 744104372  
4 
3 
1 373298523  
5 
2 
5 
2 
4 
1 1525758797  
3 
6 
4 
2 
2 
1 462904381  
3 
6 
5 
6 
6 
6 
5 
3 
4 
4 
6 
3 
1 91370164  
1 305603993  
1 1190924267  
3 
6 
6 
1 2110958894  
4 
1 1414894869  
2 
2 
4 
2 
4 
5 
2 
2 
2 
4 
5 
3 
1 438063197  
5 
3 
6 
4 
4 
5 
5 
3 
5 
2 
3 
6 
6 
2 
1 1468467036  
6 
5 
3 
3 
5 
1 222152968  
1 181982361  
3 
3 
1 1615797872  
6 
1 2104018458  
4 
1 1966417514  
4 
3 
1 501249206  
2 
3 
5 
2 
2 
6 
2 
6 
2 
1 1549227605  
1 1686525453  
5 
4 
6 
3 
5 
4 
6 
5 
6 
3 
4 
2 
5 
2 
1 1308515908  
6 
2 
5 
6 
2 
2 
5 
5 
1 1673497374  
4 
2 
4 
2 
5 
6 
1 826817270  
6 
5 
5 
5 
2 
1 1328762957  
1 483728102  
2 
6 
4 
6 
3 
5 
4 
3 
2 
3 
2 
3 
6 
2 
1 1264697153  
5 
4 
3 
3 
3 
2 
2 
2 
4 
6 
5 
6 
3 
5 
5 
6 
4 
2 
3 
1 1706954673  
1 1498750054  
3 
6 
2 
6 
5 
6 
3 
4 
4 
4 
1 1565289666  
2 
5 
2 
6 
5 
5 
1 358351632  
4 
3 
4 
1 1269001417  
3 
5 
4 
3 
2 
1 658210001  
5 
1 1102456005  
4 
1 1642299940  
4 
6 
6 
1 36485150  
1 1565360386  
6 
3 
3 
2 
6 
6 
1 1733670104  
1 342089143  
5 
1 608801005  
1 1697145351  
4 
1 1756984012  
4 
3 
1 1046864203  
6 
3 
6 
4 
5 
5 
4 
1 1018128739  
1 1979136981  
6 
4 
3 
5 
2 
6 
4 
5 
6 
3 
2 
2 
2 
4 
2 
2 
6 
4 
6 
3 
3 
2 
5 
6 
6 
4 
2 
2 
5 
1 1228846564  
4 
4 
2 
6 
5 
2 
3 
3 
3 
2 
1 486442964  
6 
1 1935671791  
6 
3 
3 
3 
6 
4 
5 
6 
1 1047780430  
6 
4 
5 
4 
4 
5 
2 
2 
3 
4 
4 
5 
5 
5 
3 
5 
6 
6 
3 
5 
1 987692170  
1 1337415749  
3 
3 
5 
5 
2 
5 
6 
5 
2 
4 
2 
6 
5 
6 
2 
4 
5 
4 
6 
2 
3 
5 
3 
6 
2 
1 586822235  
1 148724430  
3 
1 863429475  
3 
6 
2 
3 
2 
3 
5 
1 1413639506  
5 
4 
1 1477487387  
1 1347157577  
6 
3 
3 
3 
3 
6 
1 530853011  
4 
6 
4 
6 
6 
3 
1 1036958413  
1 698423984  
3 
1 2096142677  
1 1395310045  
3 
4 
1 1967425401  
6 
5 
3 
6 
5 
2 
3 
4 
5 
5 
3 
6 
3 
6 
2 
2 
1 606869030  
3 
2 
3 
6 
3 
6 
5 
5 
1 350282402  
3 
5 
3 
5 
4 
4 
3 
2 
4 
6 
2 
1 1462241693  
5 
6 
4 
4 
4 
4 
2 
5 
1 643354181  
6 
1 1915642788  
4 
2 
3 
2 
5 
4 
2 
1 1048428149  
3 
3 
6 
2 
1 985443324  
5 
6 
2 
5 
3 
1 376960146  
5 
4 
6 
3 
3 
5 
6 
6 
4 
6 
1 598089852  
1 594943689  
6 
5 
6 
5 
3 
4 
6 
4 
4 
2 
4 
6 
6 
3 
2 
1 1423824349  
4 
1 1616218592  
3 
3 
4 
2 
4 
6 
5 
6 
4 
6 
3 
1 426597022  
3 
2 
3 
3 
3 
1 505187265  
2 
4 
1 2102661556  
6 
6 
3 
5 
5 
5 
2 
3 
1 214785165  
4 
1 1552967695  
5 
4 
1 942870078  
4 
3 
4 
1 1552200914  
6 
4 
3 
2 
6 
6 
5 
1 2139789930  
5 
4 
1 1091594508  
4 
4 
4 
2 
3 
5 
3 
3 
1 268146741  
6 
6 
5 
4 
5 
5 
5 
5 
1 1405945788  
3 
6 
6 
4 
6 
2 
3 
2 
3 
3 
4 
5 
2 
3 
2 
2 
1 421598247  
1 1615304319  
6 
2 
2 
1 1936798799  
4 
6 
2 
2 
5 
2 
3 
3 
3 
5 
3 
1 1458556660  
4 
4 
1 166244655  
3 
6 
3 
5 
6 
2 
6 
4 
2 
6 
6 
2 
5 
4 
2 
2 
1 1885457828  
2 
2 
3 
1 706383058  
3 
4 
6 
2 
4 
6 
3 
4 
6 
5 
3 
3 
1 2133670056  
2 
1 344843211  
3 
3 
6 
2 
3 
1 1056665460  
3 
5 
2 
3 
2 
6 
4 
3 
2 
6 
2 
1 1448428101  
2 
2 
6 
5 
1 988197392  
1 824824601  
1 349372602  
5 
1 1973640716  
3 
6 
6 
4 
1 1201784747  
3 
5 
5 
4 
6 
6 
5 
6 
1 947462455  
4 
1 421100757  
6 
6 
4 
3 
2 
6 
2 
1 478125448  
1 416197399  
2 
5 
3 
6 
6 
6 
6 
5 
3 
6 
6 
1 847697779  
2 
4 
1 983312713  
5 
4 
2 
4 
4 
4 
1 371375307  
6 
6 
4 
5 
4 
2 
4 
4 
2 
5 
5 
3 
1 1062482945  
1 388796760  
2 
2 
2 
1 1314245385  
2 
1 467200211  
6 
1 381103042  
2 
1 258356245  
6 
3 
1 735346953  
5 
5 
4 
1 1787048831  
6 
1 679954492  
1 203167624  
2 
3 
6 
6 
3 
3 
4 
2 
4 
6 
3 
3 
2 
3 
4 
6 
1 1576363982  
4 
3 
5 
4 
5 
1 2138511153  
4 
3 
1 369412279  
2 
4 
1 1314338163  
2 
3 
4 
4 
4 
4 
2 
2 
2 
3 
5 
4 
6 
4 
4 
2 
6 
1 697410563  
4 
5 
2 
3 
6 
1 355598687  
3 
5 
6 
6 
6 
5 
2 
4 
6 
2 
3 
6 
3 
6 
6 
1 1659181374  
1 1754076023  
2 
4 
4 
4 
1 1804026788  
2 
5 
2 
6 
5 
3 
6 
3 
3 
1 499895118  
5 
2 
3 
4 
6 
2 
4 
5 
1 431416976  
6 
2 
3 
3 
3 
5 
6 
2 
5 
6 
2 
5 
6 
3 
4 
2 
4 
6 
1 5915742  
4 
4 
5 
3 
3 
2 
4 
6 
2 
3 
2 
6 
1 326052186  
4 
5 
3 
5 
6 
2 
3 
2 
4 
1 1633201723  
6 
6 
3 
5 
6 
5 
1 953378197  
5 
5 
4 
3 
1 747152944  
1 2111327171  
3 
2 
4 
4 
6 
3 
2 
3 
3 
1 1369575596  
1 1594850723  
6 
1 947156236  
1 1740950903  
2 
6 
6 
1 509850020  
1 1335952996  
1 907712640  
1 977050232  
2 
5 
6 
3 
4 
4 
6 
2 
3 
2 
6 
1 1717056039  
3 
5 
6 
5 
1 1166068885  
3 
1 1712397185  
2 
6 
1 1356621222  
1 1846023378  
4 
5 
3 
1 1915564809  
3 
3 
1 785501556  
4 
4 
3 
1 1837050883  
3 
3 
2 
2 
1 137493440  
1 2099839719  
1 386977798  
5 
1 493092127  
3 
5 
2 
6 
2 
3 
1 1611537445  
6 
1 2141053821  
5 
6 
4 
2 
3 
2 
2 
3 
1 149635267  
5 
2 
1 2111432563  
4 
1 424987150  
1 155551009  
4 
3 
2 
4 
6 
1 290001102  
5 
6 
2 
5 
1 2058188873  
3 
1 1108929207  
6 
3 
2 
1 1037154046  
5 
4 
2 
5 
1 2022032397  
3 
1 331021155  
4 
2 
1 484521121  
5 
3 
2 
1 821704985  
3 
4 
1 2071972059  
4 
3 
6 
5 
2 
5 
3 
4 
4 
5 
4 
5 
2 
6 
6 
2 
1 994371142  
3 
2 
1 10174334  
1 832201051  
2 
6 
1 1971421374  
6 
2 
1 1727230373  
1 1998269937  
5 
2 
2 
4 
6 
5 
1 1536334911  
2 
6 
2 
5 
1 936367947  
1 1696809667  
2 
3 
1 1304416072  
4 
6 
6 
3 
3 
3 
4 
2 
3 
3 
3 
6 
5 
4 
1 1721869503  
3 
2 
4 
2 
6 
2 
6 
2 
6 
1 1386376902  
4 
2 
5 
4 
3 
5 
3 
5 
5 
4 
6 
3 
1 1441909512  
2 
4 
4 
5 
4 
5 
4 
4 
2 
3 
1 1674225575  
4 
1 1773354700  
6 
6 
5 
2 
6 
6 
2 
5 
3 
4 
6 
6 
6 
3 
3 
1 1935001639  
4 
4 
2 
1 1138279372  
6 
2 
2 
1 1766924873  
6 
6 
6 
2 
3 
3 
6 
4 
1 2084636906  
2 
1 1102228288  
6 
6 
2 
4 
5 
6 
1 44428375  
4 
5 
5 
4 
5 
1 92704267  
3 
3 
2 
1 1392229390  
2 
1 2102617249  
5 
1 1201633474  
3 
4 
2 
6 
6 
4 
1 281899788  
1 1977165998  
2 
5 
3 
4 
1 1532654630  
4 
4 
3 
4 
1 766420909  
3 
1 651387335  
4 
4 
5 
3 
3 
5 
1 1457143041  
6 
3 
3 
1 1760792051  
1 661561669  
5 
5 
1 141860444  
3 
3 
2 
3 
2 
2 
6 
6 
3 
3 
6 
2 
2 
5 
2 
3 
6 
3 
5 
2 
1 1584729777  
1 241308394  
5 
4 
6 
5 
5 
4 
1 2140130381  
2 
6 
6 
2 
6 
6 
6 
6 
2 
6 
6 
6 
4 
3 
3 
6 
4 
5 
1 973581040  
3 
2 
5 
3 
5 
3 
6 
5 
4 
5 
5 
2 
5 
2 
2 
5 
5 
1 1177676341  
1 1689456400  
5 
3 
5 
6 
5 
5 
6 
6 
1 130513464  
2 
5 
1 752062197  
4 
1 928349654  
6 
2 
5 
6 
1 1572422976  
5 
5 
4 
5 
3 
6 
1 278804124  
1 554220706  
5 
5 
4 
2 
5 
1 1359940967  
5 
4 
2 
3 
2 
2 
1 1417083496  
6 
4 
2 
1 173661932  
2 
4 
1 1297094225  
2 
3 
4 
3 
5 
5 
1 371828136  
4 
1 218090307  
2 
5 
6 
1 1389798493  
3 
6 
2 
6 
2 
2 
6 
4 
3 
4 
5 
2 
5 
4 
6 
6 
6 
3 
2 
6 
3 
3 
3 
1 1764057526  
1 173223908  
2 
4 
2 
2 
4 
3 
5 
2 
2 
1 443948319  
2 
5 
2 
1 2045957314  
2 
2 
5 
4 
5 
2 
3 
1 2906258  
4 
3 
1 1976602949  
3 
1 664894576  
1 654293594  
3 
3 
4 
3 
5 
5 
6 
3 
3 
5 
4 
3 
4 
2 
1 1286262342  
4 
5 
1 278202979  
5 
6 
3 
2 
6 
4 
3 
2 
1 1315855263  
2 
1 1428122787  
4 
6 
2 
1 1862932757  
4 
5 
2 
3 
6 
1 1557163658  
3 
1 1420769520  
3 
6 
1 689030149  
4 
6 
2 
3 
5 
2 
3 
5 
5 
6 
5 
6 
3 
6 
5 
5 
3 
3 
3 
5 
1 587356351  
3 
1 962742273  
1 819543614  
1 1339418548  
2 
4 
4 
1 1891091927  
2 
1 244482942  
3 
3 
1 1618222672  
5 
5 
5 
6 
1 297828986  
6 
5 
6 
4 
2 
3 
3 
1 1604423910  
2 
4 
1 887822521  
5 
6 
4 
5 
3 
2 
5 
2 
5 
2 
5 
6 
4 
6 
6 
1 471490918  
4 
1 754034487  
3 
3 
2 
4 
3 
3 
4 
2 
3 
5 
6 
3 
4 
2 
1 1259650657  
3 
3 
6 
5 
1 689581225  
1 2143832980  
6 
3 
3 
5 
2 
2 
3 
4 
6 
5 
2 
2 
6 
2 
5 
5 
2 
1 876224536  
3 
3 
3 
1 862805134  
2 
6 
5 
3 
4 
4 
1 440297652  
2 
2 
2 
4 
5 
2 
3 
3 
5 
3 
5 
5 
6 
2 
5 
6 
6 
2 
5 
6 
4 
6 
2 
3 
4 
4 
1 774698202  
5 
2 
2 
2 
2 
4 
3 
6 
6 
5 
2 
6 
3 
5 
2 
5 
2 
6 
2 
4 
4 
6 
4 
3 
6 
5 
2 
4 
4 
6 
2 
2 
2 
3 
5 
5 
1 865711392  
5 
5 
5 
6 
5 
4 
6 
2 
3 
4 
1 269416953  
2 
3 
1 1439592778  
5 
6 
6 
2 
6 
2 
6 
1 1520004986  
3 
6 
4 
3 
6 
1 1555679296  
1 1717795758  
2 
3 
3 
3 
6 
3 
3 
5 
3 
4 
2 
4 
2 
1 688376602  
1 836318435  
3 
2 
3 
6 
2 
4 
2 
1 1433244867  
1 98056612  
3 
6 
1 109604307  
1 2122275016  
1 685412963  
1 1072346580  
3 
3 
4 
1 794334982  
3 
1 2024831512  
6 
2 
4 
6 
4 
2 
5 
2 
6 
3 
6 
4 
2 
4 
1 815954860  
3 
2 
2 
3 
1 1038817925  
3 
4 
3 
5 
2 
6 
4 
1 1495570536  
3 
4 
4 
3 
6 
2 
5 
2 
3 
1 1113783846  
3 
6 
6 
2 
5 
1 495758187  
6 
2 
2 
1 235909409  
2 
1 1585274764  
2 
3 
3 
3 
3 
5 
3 
3 
1 1249792674  
3 
2 
2 
4 
2 
6 
2 
4 
3 
2 
6 
3 
6 
1 1495560067  
5 
3 
5 
3 
5 
5 
3 
2 
4 
5 
5 
2 
5 
2 
1 127372341  
4 
6 
6 
3 
4 
5 
2 
3 
5 
1 1246142007  
2 
4 
1 224300955  
1 990177475  
5 
1 1686439659  
6 
5 
3 
2 
4 
1 998999157  
1 1855888868  
5 
1 1955856612  
3 
2 
6 
1 291108288  
3 
3 
4 
3 
3 
1 1228410206  
3 
1 1364052260  
5 
6 
2 
5 
1 2008904046  
2 
6 
4 
6 
4 
4 
3 
5 
3 
6 
5 
6 
1 1916786808  
6 
4 
3 
3 
1 52887047  
3 
3 
5 
2 
3 
4 
1 1294665265  
2 
1 2014843420  
2 
4 
6 
3 
1 162491355  
1 1269456633  
4 
6 
2 
4 
1 552772736  
4 
2 
4 
4 
2 
6 
1 1234837935  
2 
5 
2 
6 
1 2063791616  
5 
4 
2 
1 430120600  
3 
2 
5 
6 
5 
1 2050792795  
3 
1 955125893  
6 
1 1925691136  
4 
5 
4 
2 
3 
2 
6 
1 1017092993  
2 
2 
3 
5 
6 
3 
4 
2 
3 
6 
6 
4 
4 
2 
3 
4 
2 
2 
3 
1 1450884080  
2 
2 
2 
1 14116898  
1 454884109  
3 
6 
3 
3 
2 
5 
4 
2 
4 
6 
4 
3 
3 
1 553193106  
3 
3 
1 1509676965  
4 
2 
5 
5 
3 
5 
6 
6 
2 
5 
2 
1 582256451  
3 
5 
1 1799335113  
4 
5 
4 
1 1733977920  
3 
5 
6 
2 
1 1572433926  
4 
5 
1 1338291124  
4 
1 585493429  
5 
5 
4 
2 
1 1280839146  
1 1146664089  
3 
2 
4 
4 
3 
1 876601717  
3 
1 361765705  
4 
1 363232701  
5 
1 738022115  
6 
6 
1 131068865  
4 
5 
6 
2 
4 
4 
3 
1 416119749  
5 
4 
3 
1 2032687380  
3 
5 
4 
5 
1 2145912286  
5 
6 
1 578611104  
4 
3 
4 
4 
6 
1 1154660366  
6 
3 
4 
1 551201374  
1 1813449039  
1 1070968334  
1 981321974  
6 
4 
6 
4 
6 
2 
2 
6 
3 
1 1716758187  
3 
2 
5 
4 
5 
6 
4 
3 
5 
4 
3 
6 
6 
3 
3 
3 
2 
2 
1 2026094227  
2 
5 
1 759529462  
3 
6 
5 
1 586367532  
3 
4 
5 
4 
2 
6 
5 
2 
6 
1 1329494659  
6 
4 
5 
2 
2 
3 
1 773646360  
5 
6 
2 
4 
3 
1 1041251642  
5 
5 
3 
6 
2 
4 
6 
1 1882687765  
2 
1 135839677  
3 
2 
3 
1 1623508093  
6 
3 
1 1534539231  
3 
5 
5 
6 
1 1869817597  
6 
1 1048458371  
1 725346707  
3 
3 
2 
5 
5 
5 
3 
3 
3 
3 
3 
1 307827379  
4 
2 
6 
5 
2 
4 
3 
4 
4 
2 
4 
5 
6 
5 
3 
3 
3 
6 
3 
4 
3 
4 
5 
1 181813870  
1 1872010796  
3 
1 1184429096  
1 543579575  
6 
3 
6 
5 
4 
3 
1 87759850  
5 
3 
3 
5 
6 
5 
1 1922451212  
6 
6 
1 674648440  
5 
6 
4 
2 
3 
2 
6 
4 
3 
4 
4 
5 
6 
1 503879599  
5 
1 1807654944  
4 
4 
4 
3 
2 
3 
6 
1 673077078  
1 1082490703  
3 
6 
4 
2 
1 814831662  
3 
3 
3 
3 
2 
3 
6 
6 
5 
2 
5 
6 
4 
2 
6 
2 
1 1224278452  
4 
3 
4 
4 
4 
4 
1 748456094  
2 
1 1885799996  
1 58116778  
5 
4 
5 
6 
1 317730633  
5 
2 
6 
5 
4 
6 
2 
2 
6 
3 
6 
6 
1 1764410575  
2 
6 
6 
3 
3 
3 
4 
3 
4 
2 
4 
3 
5 
4 
1 817646241  
5 
3 
6 
5 
1 904098166  
5 
4 
5 
2 
3 
2 
5 
2 
2 
4 
6 
5 
6 
4 
2 
5 
5 
2 
6 
2 
6 
3 
6 
3 
4 
2 
6 
3 
1 946421586  
3 
2 
4 
5 
4 
1 1591292601  
2 
5 
3 
4 
3 
4 
6 
5 
6 
5 
1 1945349808  
2 
2 
6 
5 
1 681625704  
2 
3 
2 
2 
4 
5 
6 
1 1727132279  
3 
2 
5 
4 
6 
1 1421374253  
1 68681287  
5 
5 
1 1449466228  
3 
2 
1 322348976  
5 
2 
3 
6 
4 
4 
3 
1 794027994  
5 
3 
5 
1 1757293607  
6 
6 
3 
2 
3 
5 
1 504162846  
5 
5 
2 
6 
6 
1 518555143  
5 
1 794239056  
5 
4 
6 
1 1047742421  
1 606314993  
1 569206620  
1 1722390862  
4 
2 
3 
6 
4 
2 
2 
6 
1 1110194592  
4 
4 
2 
3 
3 
1 229377916  
2 
3 
4 
4 
3 
6 
3 
5 
6 
6 
1 247984292  
3 
1 45201647  
5 
5 
6 
6 
6 
3 
1 1044209579  
3 
4 
6 
6 
6 
5 
5 
2 
1 1472262745  
3 
4 
5 
1 793657741  
2 
4 
5 
3 
6 
4 
3 
4 
2 
6 
5 
6 
6 
4 
1 782525927  
4 
1 1530379523  
3 
3 
2 
3 
5 
5 
5 
6 
6 
6 
4 
5 
1 1111388375  
3 
5 
5 
4 
3 
6 
3 
6 
1 399452855  
5 
3 
5 
6 
6 
3 
4 
3 
6 
5 
4 
1 200542116  
5 
6 
5 
5 
1 2015486541  
2 
6 
5 
2 
6 
1 1345874441  
5 
5 
4 
2 
1 1791834718  
2 
2 
6 
3 
3 
2 
5 
1 1813352701  
4 
6 
2 
4 
3 
1 2027500145  
5 
1 1371483349  
4 
1 1087243306  
1 2096181432  
4 
3 
1 673465929  
4 
6 
4 
2 
4 
3 
2 
5 
3 
2 
2 
3 
5 
1 1409592282  
4 
5 
3 
5 
6 
5 
6 
4 
6 
6 
6 
2 
4 
2 
4 
6 
4 
6 
3 
6 
2 
2 
4 
5 
6 
4 
4 
6 
3 
1 742725779  
5 
3 
2 
4 
3 
3 
6 
5 
5 
6 
6 
3 
1 283275889  
2 
4 
4 
3 
6 
3 
1 1913755129  
2 
5 
3 
2 
1 1261280922  
6 
3 
5 
3 
5 
4 
4 
5 
5 
6 
2 
2 
1 1077514945  
1 814013902  
2 
5 
5 
2 
1 1867595915  
4 
4 
4 
3 
3 
2 
1 1646721565  
1 388921116  
1 830306859  
4 
6 
6 
2 
3 
3 
3 
4 
5 
3 
6 
2 
5 
3 
6 
1 1876099481  
5 
3 
6 
2 
4 
2 
4 
2 
4 
3 
2 
6 
2 
2 
5 
2 
3 
1 636905409  
1 875508506  
3 
4 
6 
4 
6 
2 
4 
2 
2 
2 
3 
1 772825412  
1 2109168154  
4 
6 
1 1669166247  
2 
5 
6 
4 
6 
4 
2 
5 
1 1555351340  
4 
4 
4 
6 
4 
3 
3 
1 1492064029  
6 
6 
6 
5 
3 
5 
2 
6 
3 
5 
1 633070974  
2 
1 1954804195  
5 
3 
6 
2 
6 
3 
5 
6 
1 1692606146  
6 
5 
6 
2 
1 501073867  
3 
6 
1 1153194988  
6 
1 1336957216  
5 
1 166942920  
5 
6 
4 
5 
6 
2 
4 
6 
3 
5 
5 
6 
1 1033211486  
6 
5 
3 
2 
6 
6 
1 560956917  
6 
6 
3 
1 1254186226  
4 
3 
4 
6 
5 
2 
3 
5 
5 
5 
1 981909270  
2 
1 1234422846  
1 516294861  
2 
4 
3 
4 
1 1724635049  
2 
5 
1 1517698735  
1 282566342  
6 
5 
5 
1 838432323  
3 
3 
5 
4 
2 
6 
3 
5 
3 
5 
2 
4 
4 
5 
2 
3 
6 
5 
1 447730032  
2 
6 
2 
3 
2 
6 
5 
4 
5 
5 
3 
4 
4 
4 
6 
4 
4 
6 
1 1096580244  
2 
6 
3 
3 
4 
6 
2 
2 
5 
2 
6 
5 
2 
4 
2 
5 
2 
6 
1 558544590  
4 
3 
6 
6 
2 
3 
6 
4 
2 
2 
5 
5 
2 
5 
1 2094451597  
6 
6 
2 
6 
3 
2 
3 
3 
2 
1 1485501361  
4 
1 1388851449  
4 
5 
4 
1 1823067431  
5 
6 
5 
1 2122406770  
4 
4 
3 
3 
1 116876307  
1 448409195  
2 
5 
2 
4 
1 2084091276  
5 
1 1786042555  
4 
4 
2 
1 2003760535  
1 1428671657  
2 
1 271629881  
5 
6 
1 1811081082  
6 
5 
5 
3 
6 
4 
5 
1 973794155  
1 772703749  
2 
4 
3 
3 
6 
6 
4 
5 
5 
5 
3 
6 
4 
3 
4 
5 
2 
2 
1 816792423  
5 
4 
5 
3 
2 
6 
3 
6 
2 
6 
1 163267723  
1 939646669  
4 
5 
1 1850003909  
6 
2 
1 724224640  
6 
4 
4 
1 46349248  
5 
2 
4 
2 
3 
4 
6 
4 
2 
3 
6 
4 
4 
3 
4 
4 
1 684429531  
2 
3 
5 
1 1958647487  
5 
5 
1 562644109  
3 
6 
1 261580933  
1 1328862574  
3 
1 845210451  
1 1100013256  
5 
5 
4 
6 
4 
5 
5 
4 
1 1776592607  
2 
3 
6 
4 
2 
4 
4 
6 
4 
2 
5 
1 1941790695  
6 
5 
4 
2 
4 
4 
6 
1 1658557847  
6 
3 
5 
4 
6 
4 
4 
3 
3 
4 
3 
2 
2 
6 
3 
1 1723560556  
3 
6 
6 
4 
3 
4 
2 
5 
4 
5 
2 
3 
6 
1 1279808408  
2 
6 
1 899925648  
4 
2 
4 
6 
4 
6 
3 
1 1399144339  
1 1254731530  
6 
5 
5 
5 
2 
5 
5 
4 
6 
2 
1 1016801956  
3 
1 1847553535  
3 
2 
4 
2 
4 
5 
5 
4 
6 
1 1191339158  
2 
3 
2 
6 
1 655360863  
6 
6 
5 
6 
6 
1 1703830422  
6 
5 
4 
3 
1 472527168  
3 
2 
4 
5 
3 
2 
6 
6 
1 926990744  
1 1367427857  
6 
6 
1 1446321323  
3 
2 
2 
1 1699694493  
1 36736632  
6 
4 
6 
1 1609589047  
2 
4 
3 
5 
4 
2 
3 
3 
1 491857515  
2 
3 
1 1886740541  
5 
5 
2 
1 186330039  
2 
2 
5 
5 
1 538206763  
4 
2 
6 
6 
4 
4 
6 
4 
3 
1 423686424  
2 
1 2144977526  
4 
5 
3 
4 
3 
3 
1 1100850872  
5 
6 
1 685267357  
4 
1 1326356453  
6 
2 
6 
2 
3 
5 
4 
6 
4 
2 
3 
3 
5 
3 
3 
3 
2 
6 
3 
1 1946061323  
2 
3 
1 1785280614  
3 
3 
1 955465412  
6 
1 1740368370  
4 
5 
3 
6 
2 
3 
2 
6 
1 1296354813  
2 
6 
1 531542320  
4 
6 
3 
3 
2 
3 
6 
6 
6 
4 
6 
6 
6 
2 
2 
5 
6 
6 
6 
6 
3 
5 
1 872693131  
2 
2 
3 
2 
3 
2 
5 
5 
6 
1 48796813  
5 
3 
5 
1 1930686660  
6 
3 
3 
6 
4 
1 2127424661  
1 1065598769  
2 
4 
1 1630756547  
2 
4 
1 1171280172  
4 
2 
3 
3 
6 
4 
2 
4 
1 1720959632  
2 
5 
2 
4 
6 
3 
5 
1 1187103321  
2 
3 
1 1643807340  
1 500466729  
1 407047530  
2 
5 
2 
5 
2 
2 
5 
1 942645015  
4 
4 
1 52677574  
6 
4 
3 
2 
6 
2 
2 
2 
4 
4 
2 
4 
6 
6 
6 
4 
3 
3 
3 
3 
4 
6 
3 
3 
6 
5 
5 
5 
2 
4 
4 
4 
1 443784162  
3 
1 404750414  
1 544535089  
6 
2 
1 183041055  
5 
6 
4 
4 
2 
2 
3 
4 
6 
3 
1 591080454  
4 
3 
3 
6 
2 
6 
2 
5 
1 1082741852  
6 
2 
3 
5 
3 
6 
6 
6 
6 
2 
5 
6 
3 
3 
3 
2 
2 
1 606727480  
6 
2 
1 588574332  
5 
4 
3 
4 
5 
2 
3 
6 
3 
1 36109076  
2 
4 
2 
5 
3 
5 
6 
5 
3 
5 
3 
3 
1 1291994837  
4 
4 
2 
3 
5 
5 
6 
5 
6 
1 1914930785  
3 
3 
6 
5 
3 
3 
3 
3 
3 
1 1982170399  
5 
2 
6 
5 
5 
2 
1 929791803  
1 722912549  
2 
2 
3 
2 
5 
2 
1 1575055122  
2 
1 78662968  
5 
4 
2 
1 1254454870  
6 
5 
2 
4 
3 
5 
5 
2 
1 300264605  
6 
4 
1 127459782  
1 1037657882  
3 
2 
2 
2 
4 
2 
1 280205618  
6 
2 
3 
5 
4 
2 
3 
6 
2 
1 1193058551  
5 
3 
1 520930781  
6 
5 
1 1451485790  
6 
5 
3 
2 
4 
6 
2 
3 
5 
3 
1 766534536  
6 
5 
3 
3 
1 1708034102  
1 947809482  
6 
1 1267001265  
2 
5 
1 2115081633  
5 
3 
3 
3 
1 1890454498  
2 
4 
4 
6 
1 1319678839  
2 
5 
1 411382147  
2 
4 
4 
6 
1 147721264  
5 
2 
4 
3 
4 
6 
3 
1 1864213929  
6 
4 
1 594423203  
4 
6 
6 
4 
1 738801718  
3 
1 799472133  
3 
6 
6 
3 
1 1201150683  
1 1327376051  
5 
2 
2 
5 
5 
3 
2 
5 
5 
4 
2 
1 835581210  
4 
5 
3 
1 345661872  
1 1094823188  
5 
4 
5 
3 
3 
2 
4 
1 670267961  
6 
3 
1 1275453676  
2 
3 
4 
2 
5 
3 
2 
3 
5 
5 
5 
6 
2 
1 1817735738  
2 
1 97839435  
1 1354116644  
6 
5 
6 
3 
3 
1 924706960  
3 
1 398104040  
3 
2 
3 
2 
4 
1 1481576426  
5 
3 
2 
3 
6 
5 
4 
5 
3 
4 
1 1962364842  
2 
5 
2 
4 
4 
3 
2 
2 
5 
5 
6 
4 
4 
2 
1 678309659  
3 
1 527151330  
5 
3 
6 
6 
3 
2 
3 
1 335811975  
3 
4 
4 
6 
6 
4 
6 
3 
5 
5 
2 
6 
3 
4 
3 
2 
2 
4 
4 
5 
3 
4 
5 
2 
6 
1 2129795449  
6 
2 
1 1293685866  
1 2043846077  
3 
3 
1 930121284  
4 
2 
5 
3 
5 
4 
5 
1 413203483  
1 2011444062  
1 673092134  
1 1732882322  
3 
3 
1 275342562  
6 
4 
1 820813398  
2 
6 
6 
5 
5 
4 
5 
6 
6 
6 
3 
1 1449612603  
6 
5 
4 
2 
4 
1 869765765  
1 1559615117  
4 
4 
3 
3 
2 
4 
4 
1 101601089  
5 
2 
6 
5 
5 
4 
5 
2 
2 
5 
4 
3 
1 2070916448  
3 
6 
3 
5 
2 
1 739507520  
2 
6 
1 937182299  
2 
1 269094672  
3 
6 
1 1834330708  
6 
6 
3 
5 
4 
6 
2 
4 
5 
5 
1 1607450260  
2 
4 
2 
2 
5 
3 
5 
1 1544548348  
2 
3 
4 
4 
2 
4 
6 
1 1504582798  
5 
1 1705289696  
3 
2 
3 
2 
4 
1 751181345  
6 
6 
6 
4 
2 
5 
1 281806110  
1 2103393736  
6 
1 85274123  
2 
6 
4 
3 
1 96687304  
6 
1 634219747  
2 
4 
5 
1 612425453  
1 432499279  
2 
2 
4 
5 
5 
2 
6 
3 
4 
5 
1 616531549  
2 
2 
3 
2 
1 1906111319  
6 
4 
5 
1 328861709  
4 
4 
6 
4 
3 
6 
4 
2 
6 
3 
6 
5 
3 
6 
3 
2 
6 
3 
6 
4 
5 
6 
1 1546652833  
2 
2 
4 
4 
1 171831154  
2 
2 
2 
2 
3 
2 
5 
4 
3 
1 192822123  
2 
2 
5 
3 
2 
5 
1 72261319  
1 1904713477  
5 
4 
5 
4 
5 
6 
5 
4 
1 468164685  
4 
4 
5 
2 
3 
3 
2 
5 
4 
5 
4 
5 
5 
4 
2 
1 893074717  
3 
2 
3 
4 
5 
2 
4 
1 1206842432  
2 
6 
5 
1 1337930450  
5 
1 305206186  
5 
2 
3 
1 1308443521  
6 
2 
5 
4 
2 
2 
3 
4 
4 
4 
5 
4 
5 
1 1261363250  
2 
3 
3 
3 
6 
4 
4 
5 
3 
2 
6 
5 
6 
5 
6 
6 
4 
1 1044713706  
2 
5 
4 
6 
6 
2 
1 98142172  
4 
6 
4 
5 
3 
1 1530457923  
5 
6 
1 731560767  
5 
3 
2 
1 1705592433  
5 
1 927522623  
2 
3 
4 
2 
6 
4 
2 
5 
3 
4 
6 
1 88659917  
6 
3 
3 
3 
1 1263398481  
1 1678703968  
1 370466028  
5 
2 
6 
3 
3 
3 
2 
4 
1 1219308569  
5 
4 
6 
1 1763978092  
4 
2 
3 
4 
3 
2 
2 
3 
5 
2 
5 
6 
2 
5 
2 
1 467153332  
4 
3 
1 1853528317  
1 228919897  
4 
3 
6 
5 
1 899652612  
1 322576218  
5 
1 2135031217  
1 1228514321  
2 
2 
2 
2 
3 
1 1869229051  
4 
2 
1 159378723  
1 1421336444  
5 
3 
3 
3 
3 
5 
6 
3 
4 
1 1941490370  
6 
3 
2 
3 
6 
3 
1 2064092200  
5 
6 
1 1889501130  
4 
1 687081439  
3 
3 
6 
3 
6 
6 
4 
5 
2 
3 
6 
6 
2 
3 
5 
6 
5 
1 1123450985  
5 
5 
1 1079947932  
6 
4 
4 
2 
1 992287626  
4 
4 
3 
3 
4 
3 
1 284410858  
1 193827535  
3 
6 
6 
4 
6 
3 
2 
4 
1 2037001332  
1 382553031  
1 1724285458  
1 621078451  
6 
3 
4 
4 
4 
4 
5 
1 2088145464  
3 
6 
2 
6 
3 
3 
4 
6 
5 
5 
4 
2 
6 
3 
1 504324433  
6 
3 
6 
3 
5 
3 
3 
2 
5 
4 
3 
1 709738369  
2 
4 
4 
2 
2 
5 
2 
1 1204060297  
6 
5 
2 
6 
6 
6 
4 
1 35544754  
1 1080204397  
3 
4 
1 275885218  
3 
1 1799522846  
2 
3 
2 
5 
6 
1 1547357729  
3 
6 
5 
4 
5 
1 2129413535  
1 2028442743  
6 
1 299526693  
5 
4 
2 
6 
3 
6 
5 
2 
5 
5 
5 
5 
4 
2 
5 
6 
1 304506105  
5 
6 
6 
5 
6 
4 
3 
1 2015990312  
2 
1 1528041014  
3 
3 
2 
4 
3 
5 
2 
5 
2 
2 
4 
3 
5 
3 
2 
2 
4 
2 
4 
4 
3 
4 
1 26251508  
3 
1 27885388  
2 
2 
6 
5 
5 
3 
2 
3 
5 
5 
6 
5 
6 
6 
5 
2 
1 801893811  
4 
6 
2 
3 
5 
4 
2 
3 
5 
6 
6 
4 
2 
1 1967741878  
3 
3 
3 
1 2091977588  
5 
4 
4 
5 
2 
6 
3 
1 543911293  
5 
5 
6 
4 
3 
5 
3 
2 
6 
2 
4 
6 
4 
4 
3 
1 507339670  
4 
6 
1 1067944925  
4 
4 
3 
3 
1 1623859225  
4 
3 
4 
2 
5 
3 
1 1499627296  
5 
2 
3 
1 1352355784  
3 
6 
6 
6 
4 
4 
5 
3 
3 
3 
6 
1 1817686760  
4 
2 
1 1389144980  
1 1734908815  
3 
5 
5 
2 
6 
6 
2 
4 
1 1394488570  
6 
6 
5 
1 2010223432  
2 
6 
4 
5 
4 
1 1675570631  
4 
3 
2 
2 
1 1898813004  
3 
4 
3 
6 
6 
2 
6 
1 572478153  
2 
2 
3 
6 
3 
4 
6 
5 
2 
2 
6 
4 
4 
4 
1 732147280  
1 1934357758  
6 
3 
3 
5 
6 
2 
4 
5 
3 
4 
1 1652682550  
3 
1 1008032498  
3 
2 
1 1586396956  
6 
