5 
1 1071183601  
2 
3 
1 128284572  
3 
1 288515526  
6 
4 
6 
4 
3 
2 
5 
2 
5 
1 1588872040  
4 
6 
1 753271373  
4 
6 
5 
3 
4 
4 
1 168547525  
3 
1 502302967  
2 
6 
6 
1 815860235  
2 
4 
4 
3 
2 
6 
3 
3 
2 
1 164199048  
6 
3 
6 
3 
5 
3 
6 
1 1283064805  
5 
1 624466577  
1 1494039936  
4 
6 
5 
4 
4 
1 962649942  
1 736452901  
2 
5 
6 
4 
3 
2 
1 2083410752  
3 
4 
3 
4 
4 
1 1258237361  
5 
4 
4 
3 
6 
4 
4 
5 
1 723095890  
6 
5 
3 
3 
1 2011943131  
5 
3 
6 
3 
3 
3 
1 1395707477  
5 
6 
2 
6 
2 
2 
6 
6 
1 1980905700  
5 
4 
5 
3 
4 
3 
4 
5 
1 651308356  
4 
1 966747762  
1 1201280143  
6 
5 
3 
4 
6 
6 
2 
1 2075206529  
6 
2 
4 
6 
5 
2 
2 
2 
1 508863759  
3 
5 
1 363444405  
4 
1 2047178901  
1 1283946859  
4 
1 680021696  
1 505301050  
2 
1 531603093  
3 
1 1751205297  
4 
4 
5 
1 633585623  
2 
2 
2 
6 
5 
6 
3 
5 
1 820118620  
3 
4 
1 1192593690  
5 
5 
2 
3 
6 
3 
3 
6 
3 
4 
3 
4 
3 
4 
3 
4 
3 
5 
5 
6 
1 1386856996  
4 
3 
5 
1 988666145  
5 
4 
2 
2 
3 
1 1694896657  
6 
4 
1 55233583  
4 
4 
6 
4 
5 
2 
1 1152865193  
2 
5 
3 
5 
6 
6 
4 
1 830477814  
4 
2 
3 
5 
2 
4 
2 
2 
5 
3 
5 
5 
3 
2 
5 
4 
1 679700161  
6 
2 
6 
3 
3 
5 
5 
5 
5 
3 
4 
3 
5 
2 
6 
4 
5 
1 499421482  
3 
6 
2 
5 
4 
4 
2 
5 
3 
1 1793127756  
4 
3 
6 
2 
5 
4 
4 
2 
5 
2 
3 
2 
4 
5 
6 
2 
1 1416153062  
6 
3 
3 
4 
2 
4 
2 
2 
2 
5 
1 435348586  
6 
2 
5 
5 
5 
5 
4 
3 
4 
3 
1 903881469  
5 
1 2139248952  
2 
4 
1 299808069  
2 
2 
3 
6 
6 
1 152105298  
3 
1 1972671004  
2 
1 951116426  
4 
2 
5 
4 
3 
6 
2 
6 
2 
1 1118853060  
1 1026467499  
6 
5 
5 
6 
5 
3 
4 
3 
5 
5 
6 
4 
3 
4 
4 
4 
3 
1 878839307  
5 
2 
5 
4 
6 
6 
6 
1 1627716819  
5 
6 
5 
4 
3 
3 
5 
1 1389911904  
5 
6 
2 
5 
1 778534561  
4 
4 
3 
5 
5 
6 
1 764180030  
2 
5 
4 
6 
5 
3 
6 
2 
3 
3 
3 
6 
2 
3 
5 
4 
5 
1 2069933600  
4 
3 
1 1283835611  
2 
1 1295783124  
5 
3 
2 
5 
3 
1 1673655249  
1 1917421234  
1 2115901744  
5 
6 
4 
6 
2 
1 718765291  
1 1156794582  
3 
6 
2 
5 
3 
2 
6 
3 
4 
4 
1 957084241  
6 
6 
2 
5 
4 
6 
5 
2 
4 
6 
2 
2 
5 
6 
2 
2 
5 
1 266178300  
2 
5 
1 1212028166  
6 
4 
2 
6 
2 
1 2109949434  
2 
1 1096656115  
6 
4 
6 
5 
3 
2 
2 
4 
6 
3 
5 
1 1891728327  
6 
1 461887268  
1 742300223  
1 1160397741  
1 897235855  
5 
6 
1 1646181693  
1 1152163045  
4 
2 
3 
3 
4 
2 
6 
3 
6 
3 
6 
5 
6 
3 
6 
6 
6 
5 
5 
1 1197043924  
4 
2 
6 
6 
3 
2 
4 
3 
4 
5 
3 
6 
3 
3 
4 
1 1798286991  
5 
2 
4 
2 
6 
5 
3 
6 
1 977350401  
6 
1 676702  
6 
3 
6 
2 
5 
4 
6 
3 
6 
2 
1 769656404  
2 
6 
1 2003817900  
1 879516010  
3 
6 
5 
3 
5 
5 
5 
3 
5 
5 
3 
6 
6 
2 
2 
3 
1 249889575  
5 
4 
3 
5 
3 
4 
6 
4 
4 
1 1246246156  
2 
5 
6 
2 
2 
1 1658050571  
3 
6 
3 
1 1014069606  
2 
6 
3 
4 
3 
6 
4 
4 
2 
1 1168696108  
1 794402534  
6 
3 
5 
5 
5 
3 
5 
3 
2 
4 
2 
4 
6 
3 
1 162369082  
1 694867709  
6 
5 
1 564340121  
5 
4 
6 
4 
3 
6 
2 
3 
5 
3 
1 130787178  
5 
1 1413633001  
6 
6 
4 
6 
3 
5 
6 
3 
1 1721134703  
2 
5 
3 
5 
3 
6 
5 
1 1087871419  
6 
2 
3 
2 
5 
4 
5 
2 
4 
3 
2 
4 
1 1679811301  
2 
4 
4 
6 
3 
3 
1 785679221  
1 1050337205  
2 
1 628983768  
4 
1 529923900  
4 
2 
6 
4 
5 
2 
1 1512224474  
2 
5 
3 
2 
1 1371283992  
3 
1 1690321641  
2 
4 
4 
6 
4 
3 
1 261976681  
1 869982037  
1 695001038  
2 
6 
3 
4 
1 1459020605  
2 
1 520785380  
1 1672351439  
5 
4 
3 
3 
6 
5 
2 
2 
2 
6 
5 
4 
5 
4 
2 
5 
5 
2 
1 1459697308  
6 
3 
3 
5 
2 
4 
5 
4 
1 1290441784  
3 
2 
5 
5 
6 
3 
2 
3 
3 
5 
4 
2 
3 
5 
4 
4 
5 
1 1528685691  
1 191729670  
2 
4 
3 
4 
6 
5 
1 1540331360  
5 
3 
2 
6 
3 
4 
1 627448199  
3 
6 
5 
2 
5 
1 1849780241  
6 
1 406917318  
6 
1 1796144307  
6 
6 
3 
2 
6 
2 
2 
2 
6 
5 
5 
1 496699127  
6 
2 
1 569286400  
6 
5 
5 
6 
2 
4 
1 343528369  
2 
6 
6 
1 1061039248  
2 
3 
6 
4 
3 
6 
3 
1 700073578  
3 
3 
4 
5 
1 1757161370  
2 
5 
5 
5 
5 
2 
1 634690304  
1 1787944997  
1 1289489023  
6 
3 
6 
2 
1 1420369525  
2 
3 
4 
4 
1 690798554  
2 
2 
2 
3 
6 
5 
1 1918472792  
3 
3 
6 
3 
1 1950293426  
5 
5 
6 
5 
2 
2 
3 
2 
6 
1 55539380  
5 
4 
3 
5 
4 
5 
3 
4 
4 
6 
6 
5 
2 
2 
2 
3 
2 
3 
2 
2 
5 
4 
4 
3 
2 
6 
3 
2 
4 
5 
4 
6 
2 
4 
2 
1 1142273136  
5 
4 
1 1493131419  
3 
2 
2 
2 
1 317516061  
2 
6 
3 
1 2012255173  
5 
1 40648810  
6 
6 
1 1776536667  
5 
4 
2 
2 
3 
1 385556905  
2 
3 
6 
4 
6 
3 
6 
3 
5 
5 
2 
6 
6 
2 
2 
2 
3 
5 
2 
2 
3 
3 
1 1713000249  
3 
4 
5 
5 
5 
2 
6 
4 
2 
1 1088750327  
4 
6 
2 
2 
6 
5 
1 1675998690  
3 
6 
2 
2 
3 
2 
6 
4 
2 
4 
4 
1 1094202293  
6 
1 1280479997  
6 
1 1068846402  
4 
6 
4 
5 
1 1721650492  
1 982776590  
4 
6 
1 1475763720  
1 1370311152  
3 
4 
1 1479475717  
2 
4 
6 
2 
6 
2 
4 
5 
2 
3 
6 
2 
4 
6 
2 
5 
4 
3 
3 
4 
4 
6 
4 
6 
4 
5 
3 
6 
3 
3 
6 
6 
6 
2 
4 
4 
2 
4 
4 
6 
5 
6 
3 
6 
4 
6 
1 2045050120  
5 
3 
2 
4 
2 
6 
1 1713839521  
5 
6 
2 
3 
3 
3 
1 393031318  
6 
1 597640050  
3 
3 
3 
1 1323517243  
2 
1 1027721622  
1 238101399  
1 465522618  
6 
3 
3 
3 
1 300607499  
5 
4 
4 
1 928899953  
4 
2 
4 
6 
1 236511762  
5 
6 
1 103417277  
5 
4 
2 
5 
5 
1 984439334  
1 1378784898  
6 
5 
4 
6 
1 1596548697  
1 1301955395  
5 
4 
1 1243556423  
2 
5 
1 1637197507  
5 
3 
1 931008414  
4 
2 
5 
6 
5 
5 
2 
2 
6 
5 
4 
1 1629113329  
2 
4 
5 
5 
3 
5 
2 
6 
6 
3 
1 1202714108  
5 
6 
1 2019758741  
5 
1 1157628371  
5 
3 
5 
3 
1 149432753  
3 
5 
4 
6 
3 
3 
4 
6 
6 
2 
2 
2 
2 
3 
4 
4 
2 
3 
4 
5 
5 
3 
4 
1 1152755090  
6 
1 78991125  
2 
6 
1 1871083246  
5 
6 
1 2135531680  
6 
1 1554754845  
5 
5 
5 
5 
3 
3 
1 1093910750  
3 
2 
4 
6 
2 
2 
2 
3 
4 
1 1467523750  
1 1452321317  
2 
1 660266623  
6 
4 
3 
5 
6 
3 
3 
3 
4 
4 
6 
3 
3 
4 
6 
6 
5 
2 
5 
1 1860555068  
3 
5 
3 
6 
5 
4 
4 
6 
4 
4 
4 
5 
6 
4 
2 
1 2049961367  
3 
2 
2 
1 1983783866  
6 
4 
6 
1 740793042  
5 
4 
6 
2 
1 140579118  
5 
3 
1 301822836  
6 
5 
1 1041400541  
2 
4 
5 
6 
3 
5 
1 1069479071  
1 538334599  
6 
6 
2 
5 
5 
2 
5 
6 
3 
3 
1 1144817819  
5 
3 
4 
4 
4 
6 
5 
6 
5 
2 
3 
3 
3 
6 
3 
2 
3 
3 
2 
3 
1 2053918405  
1 1917119497  
2 
2 
6 
3 
4 
4 
6 
5 
4 
5 
6 
4 
1 593882868  
1 1208390153  
4 
4 
1 1013192273  
3 
1 83596727  
6 
2 
2 
1 2139398567  
1 494821954  
1 1286310835  
2 
4 
2 
2 
1 2011673661  
5 
2 
4 
4 
1 1652450325  
4 
2 
6 
1 1435743589  
5 
4 
4 
3 
1 1016945103  
5 
2 
3 
2 
2 
1 1731441450  
6 
5 
5 
1 1159343187  
4 
4 
2 
3 
3 
4 
6 
1 1004993136  
4 
5 
1 1138712647  
4 
3 
4 
5 
5 
2 
2 
4 
6 
2 
5 
1 105770289  
4 
3 
3 
3 
4 
3 
2 
6 
1 325033238  
4 
6 
3 
5 
2 
1 443550316  
5 
5 
2 
4 
1 766036912  
6 
2 
3 
2 
3 
6 
2 
4 
5 
1 38104658  
2 
4 
1 346028035  
4 
6 
2 
6 
4 
5 
6 
6 
1 602337130  
6 
3 
2 
2 
6 
6 
3 
6 
4 
1 778897700  
6 
5 
2 
1 486607153  
1 904159966  
5 
1 1820298241  
6 
5 
2 
2 
6 
2 
6 
2 
5 
2 
2 
5 
5 
3 
4 
1 1556086224  
6 
5 
3 
6 
1 1442494565  
6 
1 817632412  
2 
1 1462520982  
2 
4 
2 
5 
5 
4 
2 
2 
6 
1 1212130415  
5 
2 
5 
6 
1 1411515280  
4 
5 
5 
5 
1 523427487  
1 77839040  
3 
1 1495112007  
1 515342406  
3 
5 
4 
5 
1 572660994  
6 
6 
3 
5 
5 
2 
6 
2 
5 
5 
1 633939195  
5 
6 
4 
3 
6 
3 
3 
5 
1 379532419  
4 
2 
5 
2 
4 
2 
6 
5 
5 
6 
1 77627671  
3 
2 
2 
4 
5 
5 
1 2069682784  
1 1396477523  
2 
2 
6 
4 
2 
5 
6 
5 
4 
1 1809069121  
6 
3 
1 1081542323  
4 
4 
6 
2 
1 253987011  
1 800298120  
3 
2 
1 1187312612  
5 
2 
4 
6 
2 
4 
5 
6 
1 579020249  
3 
6 
6 
5 
4 
6 
6 
3 
4 
4 
5 
1 1243848436  
1 1953349524  
4 
4 
1 617124907  
3 
1 1589876471  
3 
1 408203006  
6 
1 1396022607  
5 
4 
1 2076483624  
6 
4 
4 
1 1312362972  
6 
4 
2 
1 1068837200  
1 1485086200  
5 
2 
4 
5 
3 
3 
2 
3 
2 
1 607373890  
4 
5 
3 
3 
6 
4 
1 1886469613  
4 
3 
3 
1 800123534  
2 
3 
6 
3 
4 
6 
5 
4 
5 
1 1819504305  
3 
6 
4 
4 
4 
3 
2 
4 
1 1150501245  
1 1323551021  
1 1897343345  
3 
3 
6 
4 
3 
3 
4 
4 
4 
4 
5 
1 498129605  
6 
6 
5 
1 1838893428  
2 
5 
3 
5 
4 
6 
1 322520691  
3 
4 
5 
5 
1 1132068800  
5 
5 
3 
1 70942199  
3 
6 
5 
3 
4 
3 
5 
3 
2 
2 
1 400148362  
1 1054267936  
2 
6 
3 
2 
5 
6 
1 1467419722  
5 
3 
1 61733835  
4 
6 
2 
1 2135810259  
2 
1 1721406733  
4 
5 
6 
4 
1 862031955  
6 
1 1175639223  
6 
6 
5 
1 152943334  
5 
6 
1 2105880391  
1 981505099  
1 770068241  
5 
6 
4 
5 
1 1548273214  
1 1389708105  
4 
3 
2 
5 
2 
1 18607200  
5 
6 
1 1477273190  
6 
2 
6 
4 
1 554587429  
4 
6 
2 
2 
4 
3 
2 
2 
3 
5 
2 
3 
3 
5 
4 
4 
6 
3 
5 
1 1087444401  
4 
2 
2 
5 
3 
1 814875742  
5 
4 
3 
6 
5 
5 
4 
1 1161961319  
3 
5 
3 
3 
1 826430366  
2 
5 
6 
1 1614999277  
2 
4 
4 
6 
3 
2 
4 
3 
1 833981976  
2 
6 
5 
4 
4 
3 
1 1976931611  
3 
2 
3 
1 791066650  
1 583841673  
5 
5 
2 
1 327577568  
4 
4 
2 
4 
4 
1 482476430  
5 
4 
4 
5 
1 906362364  
1 1459646368  
5 
6 
4 
4 
5 
5 
3 
6 
5 
4 
5 
3 
2 
2 
2 
6 
2 
5 
5 
5 
3 
6 
5 
3 
6 
4 
6 
2 
6 
2 
2 
2 
2 
6 
6 
6 
3 
5 
4 
3 
3 
6 
3 
6 
4 
5 
5 
5 
5 
3 
4 
4 
5 
5 
4 
6 
3 
3 
6 
4 
5 
1 553418630  
3 
4 
2 
5 
1 1306510726  
1 366430656  
2 
1 2020838352  
2 
1 1368244561  
5 
2 
5 
4 
4 
5 
5 
6 
2 
4 
2 
2 
6 
5 
1 354757267  
5 
4 
4 
1 1594761438  
3 
1 82792868  
3 
3 
3 
3 
4 
6 
2 
3 
3 
4 
5 
2 
3 
6 
5 
4 
4 
4 
1 1530396490  
4 
1 1747704772  
4 
3 
3 
1 41189611  
2 
2 
1 364417941  
6 
3 
1 370289366  
2 
4 
6 
3 
5 
6 
5 
6 
3 
3 
6 
4 
6 
1 1589462825  
2 
3 
4 
3 
2 
6 
4 
6 
3 
2 
6 
4 
2 
6 
3 
2 
1 1754126046  
3 
6 
2 
3 
5 
1 388896566  
3 
2 
5 
4 
5 
6 
2 
2 
1 919252367  
3 
3 
2 
3 
2 
3 
6 
2 
4 
3 
4 
2 
3 
3 
5 
5 
5 
4 
2 
4 
4 
2 
4 
5 
4 
5 
5 
6 
1 161229828  
6 
5 
5 
1 1476340967  
2 
3 
5 
5 
3 
3 
1 1734128110  
2 
1 1323191147  
6 
4 
2 
5 
6 
2 
5 
6 
2 
5 
1 155287685  
1 1201643739  
1 9689476  
4 
4 
6 
2 
4 
4 
4 
1 2132219297  
2 
5 
3 
2 
1 1992710389  
6 
3 
3 
6 
3 
2 
6 
3 
6 
6 
3 
5 
1 593531149  
4 
4 
1 312313217  
1 327703172  
1 1499893514  
4 
2 
4 
1 1771959586  
1 881121802  
4 
1 658920592  
6 
5 
4 
1 2138390242  
6 
6 
3 
1 754476506  
4 
4 
3 
2 
1 2027165154  
5 
3 
3 
2 
2 
6 
4 
1 345663862  
1 201754296  
6 
4 
5 
5 
2 
3 
6 
2 
3 
4 
4 
1 2109958022  
3 
5 
2 
6 
3 
2 
2 
5 
3 
5 
5 
5 
2 
3 
1 1876060352  
4 
5 
3 
2 
3 
1 1949459069  
3 
6 
3 
2 
4 
1 3663986  
5 
3 
1 92994646  
1 172264787  
5 
3 
6 
4 
6 
2 
1 1593126811  
5 
5 
2 
1 1847120692  
1 561161353  
1 364895531  
5 
3 
6 
6 
5 
3 
4 
1 2008350520  
1 2037502321  
3 
3 
5 
1 2099023641  
2 
6 
3 
3 
5 
4 
4 
4 
6 
4 
1 1184058020  
3 
6 
1 45306358  
5 
6 
5 
5 
4 
4 
5 
5 
6 
1 1153183732  
6 
6 
4 
2 
5 
4 
5 
6 
1 1193747496  
6 
3 
6 
3 
5 
1 30042007  
2 
1 998410473  
2 
2 
4 
3 
6 
1 1787278645  
2 
4 
3 
4 
4 
6 
1 342355225  
1 1326113645  
3 
1 1139688511  
3 
1 2114314811  
3 
3 
2 
3 
5 
1 59751799  
4 
3 
4 
5 
1 1798609104  
1 2105221405  
1 814228306  
5 
1 1678290610  
3 
4 
1 303401619  
3 
3 
4 
2 
4 
1 1015982602  
3 
4 
3 
2 
4 
5 
4 
3 
6 
1 1640764984  
6 
4 
2 
2 
4 
3 
2 
6 
4 
5 
5 
2 
4 
5 
6 
2 
6 
2 
3 
1 31978324  
4 
3 
5 
3 
3 
3 
4 
3 
2 
4 
6 
1 817958023  
1 1644428970  
3 
2 
6 
4 
1 124972970  
6 
1 990222810  
2 
1 1090072134  
6 
6 
5 
1 1972093662  
5 
1 1551384164  
1 1454967665  
3 
6 
2 
6 
1 1832960535  
3 
2 
1 1441402837  
3 
1 1406507658  
3 
6 
6 
5 
5 
6 
6 
1 869534907  
5 
3 
1 1486709195  
5 
3 
2 
4 
2 
1 412207742  
1 2063282403  
6 
4 
3 
6 
2 
4 
3 
6 
5 
6 
1 1516751203  
6 
2 
1 1410618215  
4 
1 1703077400  
5 
2 
6 
4 
4 
6 
2 
3 
4 
4 
6 
3 
6 
4 
2 
1 1859106428  
4 
2 
5 
1 589248213  
2 
1 695282264  
6 
5 
1 1825937591  
1 649000012  
1 346407720  
1 1783675348  
2 
1 1463228318  
2 
5 
6 
6 
2 
6 
3 
5 
1 2024698330  
1 2087076968  
3 
4 
2 
3 
2 
3 
4 
5 
4 
4 
5 
1 331727273  
2 
1 1517979666  
5 
1 2119055292  
6 
4 
4 
5 
6 
2 
5 
6 
1 1149685296  
3 
6 
2 
2 
5 
3 
6 
2 
5 
4 
3 
1 1014924989  
3 
1 96544614  
3 
6 
1 2139908107  
6 
1 2104997123  
2 
4 
2 
6 
1 2068638276  
5 
2 
3 
5 
3 
6 
4 
1 1543808623  
1 1412481140  
5 
4 
1 1754115163  
4 
3 
5 
3 
5 
1 837727812  
2 
6 
3 
3 
4 
4 
3 
2 
4 
2 
1 671505150  
2 
4 
5 
2 
6 
4 
1 476166422  
4 
2 
6 
3 
4 
4 
5 
4 
6 
5 
1 176953359  
3 
3 
4 
5 
4 
6 
4 
4 
1 1083712892  
2 
6 
6 
4 
3 
4 
6 
2 
3 
4 
6 
6 
6 
1 391965177  
3 
6 
4 
5 
6 
6 
4 
2 
3 
2 
4 
4 
1 1693704562  
1 346847459  
2 
1 2095042578  
3 
4 
3 
1 1405327342  
5 
1 936095672  
2 
5 
5 
1 642841194  
2 
6 
5 
4 
4 
5 
2 
3 
6 
6 
4 
2 
3 
1 1083781285  
6 
4 
6 
5 
1 1585095685  
5 
6 
3 
5 
3 
2 
5 
2 
5 
2 
1 989248914  
3 
5 
4 
6 
2 
6 
1 719972986  
1 900840355  
4 
2 
5 
5 
1 866463596  
4 
2 
6 
4 
2 
3 
1 659566306  
1 1232567628  
2 
5 
6 
3 
3 
6 
4 
1 236959614  
5 
4 
5 
4 
5 
6 
4 
6 
1 631137950  
6 
2 
4 
2 
3 
6 
5 
3 
1 234769277  
4 
5 
5 
6 
1 1251884603  
5 
1 727682564  
3 
1 227193736  
2 
4 
6 
2 
5 
5 
4 
5 
2 
1 1209398078  
6 
5 
4 
6 
5 
6 
1 648837192  
6 
4 
2 
5 
5 
6 
2 
4 
1 1771002359  
6 
6 
1 474395570  
1 255468708  
3 
5 
6 
2 
1 461246523  
4 
4 
4 
5 
4 
6 
6 
2 
4 
6 
3 
4 
3 
4 
6 
3 
3 
1 1145900720  
5 
4 
6 
3 
4 
4 
6 
3 
4 
5 
2 
6 
4 
5 
3 
4 
3 
2 
2 
4 
2 
3 
5 
3 
4 
1 731635130  
1 638199882  
4 
5 
4 
4 
1 82129964  
4 
1 1123600308  
6 
5 
2 
2 
2 
1 184420797  
5 
2 
3 
1 428977424  
3 
3 
1 1071159238  
3 
2 
4 
3 
6 
1 1589748139  
6 
4 
2 
1 1365073096  
5 
1 1714000432  
4 
5 
3 
6 
1 526045777  
6 
1 802685133  
5 
4 
4 
1 555765698  
2 
4 
2 
6 
6 
1 1246018763  
1 1703525489  
3 
6 
5 
4 
3 
1 1422229294  
2 
5 
3 
5 
5 
3 
3 
5 
6 
4 
1 1905585069  
4 
5 
2 
2 
4 
4 
1 788609469  
6 
3 
1 1659188908  
1 389239371  
5 
4 
2 
4 
5 
3 
4 
1 1023378746  
4 
2 
6 
4 
4 
2 
5 
2 
4 
5 
4 
6 
1 763589864  
5 
4 
3 
4 
4 
2 
4 
2 
2 
5 
2 
5 
5 
5 
6 
3 
6 
2 
5 
6 
1 1116921935  
5 
3 
5 
2 
2 
4 
3 
5 
6 
5 
3 
6 
2 
4 
2 
3 
4 
2 
6 
6 
5 
5 
3 
1 1250572482  
4 
1 1972987942  
5 
2 
2 
3 
3 
4 
3 
6 
5 
5 
1 1765759127  
4 
4 
2 
3 
6 
6 
2 
5 
2 
2 
1 874091193  
6 
1 299899865  
3 
1 2021227835  
1 1335337716  
6 
2 
1 1445800585  
6 
2 
3 
5 
5 
2 
5 
5 
2 
5 
4 
5 
4 
4 
1 605379318  
3 
2 
2 
1 1973537599  
2 
5 
4 
5 
4 
1 1527930550  
4 
2 
4 
2 
6 
4 
6 
2 
6 
2 
6 
2 
5 
3 
3 
1 1728979626  
1 10474748  
3 
1 1956907974  
1 652655216  
2 
1 1600222887  
5 
5 
4 
5 
2 
6 
4 
2 
2 
3 
4 
1 1174497422  
4 
4 
6 
1 219172000  
6 
6 
1 2126268664  
4 
5 
5 
4 
5 
4 
3 
5 
4 
5 
1 1977182556  
3 
5 
1 774937698  
5 
4 
3 
6 
4 
5 
2 
6 
1 1224803779  
2 
3 
4 
6 
4 
3 
1 1533224397  
3 
5 
2 
6 
3 
6 
6 
6 
6 
6 
1 49683344  
6 
3 
5 
3 
3 
5 
3 
3 
3 
3 
2 
1 982905200  
1 174350218  
6 
5 
2 
3 
2 
2 
5 
1 1708872252  
6 
3 
6 
1 1372144571  
1 1197728965  
3 
5 
1 324978468  
2 
3 
6 
1 341582858  
2 
4 
6 
5 
4 
3 
3 
3 
5 
5 
1 300817799  
4 
5 
5 
6 
3 
4 
1 150482763  
6 
5 
6 
3 
1 2107341986  
1 1174908993  
5 
1 450382628  
5 
1 1981086173  
2 
6 
1 362763061  
3 
6 
6 
4 
4 
2 
3 
4 
5 
3 
3 
2 
4 
1 1896183213  
3 
3 
6 
3 
6 
3 
4 
2 
6 
1 438981843  
6 
6 
1 188817012  
5 
1 1276630115  
1 20477821  
2 
5 
1 199291760  
4 
4 
6 
2 
6 
3 
1 1086054441  
5 
4 
1 673133037  
6 
4 
4 
4 
3 
2 
2 
5 
3 
4 
5 
4 
4 
3 
2 
5 
5 
5 
5 
1 1799514648  
3 
5 
4 
1 113068216  
2 
3 
2 
6 
1 892305037  
4 
2 
4 
1 1778299664  
3 
6 
5 
1 2090250772  
6 
4 
5 
4 
5 
3 
6 
3 
5 
3 
6 
5 
5 
6 
5 
2 
6 
4 
2 
4 
3 
1 1667242735  
2 
5 
6 
6 
5 
1 855619796  
5 
2 
3 
3 
6 
1 1475991521  
6 
3 
4 
3 
5 
2 
1 1716926079  
4 
3 
6 
2 
1 1838524996  
6 
3 
2 
5 
4 
6 
6 
3 
6 
5 
1 1650341739  
6 
3 
4 
5 
1 1278314684  
5 
4 
5 
2 
3 
3 
6 
4 
3 
2 
1 1063185920  
5 
3 
6 
5 
3 
1 700587056  
6 
3 
3 
6 
2 
3 
3 
4 
2 
2 
2 
4 
2 
2 
4 
3 
6 
3 
6 
2 
1 1603293152  
1 1404768778  
3 
1 1001404856  
5 
3 
1 1753775915  
1 1364627116  
6 
2 
2 
4 
3 
6 
3 
2 
3 
2 
3 
3 
3 
1 28830201  
2 
4 
5 
5 
4 
4 
5 
2 
1 56674895  
1 1198229642  
2 
6 
2 
4 
2 
2 
2 
3 
2 
4 
5 
5 
2 
1 391593262  
5 
1 1952858109  
5 
1 1637211485  
1 580410275  
4 
1 1082004576  
3 
6 
3 
2 
4 
3 
5 
1 1657689307  
6 
1 779702035  
1 20575370  
6 
2 
3 
6 
3 
4 
2 
5 
2 
5 
4 
4 
2 
1 183338696  
1 431733035  
5 
6 
2 
5 
3 
6 
2 
1 133643586  
4 
1 1075643734  
3 
2 
6 
3 
1 62549052  
4 
2 
4 
1 76410710  
5 
3 
3 
4 
2 
4 
5 
3 
4 
6 
6 
6 
6 
4 
4 
5 
4 
5 
4 
1 595402821  
1 918168848  
5 
2 
4 
3 
3 
2 
3 
4 
4 
4 
6 
1 1552402231  
6 
4 
6 
4 
2 
6 
6 
1 164845253  
3 
5 
4 
5 
2 
3 
6 
1 609210196  
5 
3 
5 
2 
1 1055260322  
2 
4 
6 
1 1443159937  
3 
2 
1 1672396116  
3 
4 
3 
2 
2 
5 
2 
3 
2 
2 
1 1755847379  
4 
1 898969441  
5 
5 
2 
2 
6 
6 
6 
2 
3 
6 
2 
2 
3 
5 
5 
1 929681247  
1 609768587  
3 
6 
2 
1 505261709  
5 
6 
4 
2 
2 
2 
6 
1 146824715  
4 
3 
2 
3 
2 
5 
5 
5 
2 
1 638598788  
6 
5 
2 
5 
5 
4 
4 
1 561936604  
3 
2 
4 
5 
5 
4 
2 
5 
1 1345054357  
5 
2 
6 
3 
1 1030192050  
2 
2 
2 
4 
6 
4 
6 
4 
6 
4 
2 
1 367311065  
4 
4 
3 
3 
1 834782195  
6 
2 
5 
4 
4 
3 
6 
2 
3 
1 1610602325  
2 
2 
4 
3 
2 
6 
3 
1 1449315642  
3 
3 
2 
5 
5 
6 
6 
4 
2 
4 
5 
2 
5 
1 344987854  
1 242820713  
3 
6 
1 1469891012  
5 
2 
5 
5 
6 
2 
1 528326550  
1 674553748  
2 
2 
3 
5 
1 1603534598  
2 
1 1603970284  
5 
2 
6 
4 
2 
5 
4 
5 
1 737102800  
5 
4 
3 
2 
1 1679945308  
3 
5 
6 
1 51889458  
1 1655271648  
2 
1 1084863891  
3 
6 
3 
4 
2 
3 
1 216734711  
4 
5 
2 
6 
1 116998197  
6 
5 
4 
5 
6 
5 
2 
1 2140124213  
4 
1 1659894648  
1 1789394313  
2 
2 
2 
4 
1 1748487944  
5 
4 
2 
5 
2 
5 
5 
2 
6 
1 411380441  
3 
2 
6 
5 
2 
5 
6 
6 
1 571591912  
5 
2 
6 
2 
3 
5 
3 
6 
1 210772883  
2 
3 
1 916642150  
4 
1 718416628  
5 
1 849371671  
5 
5 
1 1478578755  
3 
3 
6 
3 
5 
2 
6 
6 
1 2063470985  
6 
4 
6 
3 
6 
4 
5 
5 
5 
4 
1 1879563722  
4 
1 1845889820  
4 
4 
3 
1 750769532  
1 1342682399  
4 
5 
6 
4 
6 
4 
5 
1 1147721814  
1 1095757386  
3 
6 
6 
1 1585503112  
3 
5 
3 
5 
5 
5 
4 
4 
6 
1 470129178  
2 
3 
1 1624083937  
5 
5 
2 
1 112573213  
5 
3 
1 2073663776  
1 1080570573  
2 
3 
6 
2 
4 
1 849676013  
4 
4 
6 
2 
4 
2 
1 1606125436  
1 1132460031  
6 
5 
4 
5 
2 
6 
6 
2 
1 357464014  
1 543505679  
5 
1 1349194742  
6 
3 
4 
3 
1 474462211  
3 
3 
6 
3 
1 536146245  
2 
2 
1 861605742  
6 
1 116372876  
5 
2 
5 
6 
4 
4 
4 
2 
5 
1 137150541  
1 1272986184  
2 
4 
6 
1 687964789  
5 
1 347923425  
4 
5 
1 42144686  
1 1406381417  
2 
3 
2 
6 
2 
3 
3 
4 
1 1197295096  
2 
4 
4 
3 
2 
4 
4 
2 
2 
3 
3 
2 
4 
6 
3 
4 
4 
6 
2 
5 
2 
1 1520723441  
4 
6 
3 
5 
6 
6 
5 
1 1322368754  
5 
2 
3 
2 
5 
4 
2 
2 
3 
1 929375170  
2 
1 1219129614  
3 
1 2073138287  
1 124573922  
5 
5 
5 
6 
1 219367780  
5 
5 
6 
6 
2 
3 
2 
5 
5 
6 
5 
6 
1 1021412025  
1 1710077034  
6 
2 
6 
3 
6 
6 
4 
3 
4 
1 689496959  
5 
3 
2 
6 
6 
5 
2 
4 
3 
6 
1 498012314  
3 
6 
2 
3 
4 
6 
3 
6 
5 
2 
6 
5 
4 
6 
2 
2 
5 
1 1822650247  
3 
4 
6 
1 615677087  
4 
2 
2 
5 
5 
5 
3 
4 
5 
1 1578582888  
4 
4 
4 
1 524842613  
1 74318876  
4 
3 
2 
2 
1 563559271  
2 
5 
6 
5 
3 
3 
3 
5 
1 882306627  
4 
2 
3 
4 
6 
5 
1 617824555  
1 1912754014  
2 
6 
6 
4 
1 1356768838  
1 1153970800  
3 
6 
2 
2 
2 
6 
5 
6 
4 
5 
5 
5 
5 
6 
2 
4 
5 
2 
4 
1 626876108  
1 1473141714  
6 
3 
5 
3 
5 
1 1291121342  
5 
5 
1 1899862292  
2 
6 
4 
6 
4 
6 
2 
3 
6 
2 
2 
5 
6 
2 
1 13622855  
5 
2 
3 
5 
2 
4 
6 
3 
2 
5 
4 
4 
5 
1 1639044767  
5 
5 
2 
3 
5 
4 
4 
5 
3 
6 
5 
3 
4 
5 
6 
5 
5 
1 1942006979  
5 
5 
2 
6 
3 
4 
5 
3 
3 
3 
5 
1 1420004272  
5 
1 688856215  
1 1315246772  
2 
6 
5 
1 594889379  
1 1618231386  
5 
1 386892738  
3 
2 
6 
6 
6 
1 520544018  
2 
2 
3 
1 1742805308  
3 
6 
4 
5 
6 
2 
1 606260519  
4 
4 
5 
6 
1 1541956043  
1 1305398694  
2 
2 
5 
4 
3 
1 1295757478  
5 
1 2039968358  
5 
4 
4 
6 
4 
3 
1 980565294  
2 
3 
4 
2 
4 
5 
4 
5 
3 
5 
4 
6 
4 
6 
6 
1 1911434565  
4 
6 
4 
3 
5 
5 
6 
4 
6 
5 
4 
3 
2 
1 1471067598  
3 
1 1505407907  
1 1985753441  
3 
6 
6 
4 
3 
1 2034626869  
5 
3 
6 
2 
3 
4 
1 240230886  
5 
4 
5 
3 
6 
6 
5 
6 
2 
5 
3 
5 
4 
5 
6 
1 456094349  
5 
1 1799897235  
1 1596999724  
1 1610065149  
2 
4 
2 
4 
1 279289696  
2 
3 
1 922657790  
1 753702843  
2 
4 
6 
1 31668340  
5 
6 
1 936280646  
3 
5 
1 245263962  
1 1973675319  
2 
1 208801270  
6 
6 
3 
1 934120178  
3 
5 
4 
1 1141438444  
1 803690649  
1 404867916  
2 
2 
5 
1 1528331182  
1 1324234667  
2 
2 
3 
5 
1 189576  
5 
4 
5 
3 
3 
5 
1 2134591701  
6 
4 
3 
3 
6 
5 
5 
2 
4 
1 718707063  
3 
2 
2 
2 
1 1305588270  
3 
3 
4 
6 
5 
1 1282865531  
2 
5 
3 
3 
2 
1 611191773  
5 
6 
5 
2 
1 138669916  
6 
6 
5 
5 
5 
3 
4 
5 
5 
2 
2 
1 1046816449  
4 
2 
2 
2 
3 
6 
2 
1 2082259371  
2 
2 
1 1644077823  
6 
2 
4 
6 
6 
6 
1 885086242  
4 
6 
5 
2 
2 
3 
6 
2 
3 
1 1969402592  
3 
2 
4 
4 
5 
2 
6 
4 
6 
4 
1 1884308709  
5 
1 1341180591  
4 
5 
3 
5 
3 
3 
1 1621816180  
1 1333824785  
6 
6 
3 
1 803762093  
3 
4 
5 
3 
4 
2 
3 
6 
6 
2 
5 
5 
1 1901105876  
4 
1 108998928  
2 
2 
1 1557464936  
1 1932774216  
3 
1 1045279574  
6 
5 
6 
3 
1 1802728899  
3 
4 
5 
4 
4 
5 
2 
4 
4 
3 
3 
5 
5 
1 1758965888  
5 
3 
2 
2 
5 
5 
6 
5 
4 
4 
6 
4 
6 
1 1254080844  
4 
6 
6 
4 
6 
3 
3 
3 
4 
5 
4 
6 
6 
4 
5 
3 
5 
4 
3 
4 
1 589365429  
1 752920684  
2 
2 
4 
4 
3 
1 2057771494  
3 
3 
6 
3 
3 
3 
4 
3 
4 
5 
4 
5 
4 
1 994233345  
5 
2 
6 
1 133768218  
4 
6 
4 
2 
3 
3 
6 
4 
2 
2 
3 
3 
2 
4 
3 
1 1234522513  
1 994422921  
1 120876272  
3 
4 
1 1953229576  
5 
2 
2 
2 
3 
1 152527543  
2 
6 
2 
2 
1 1403741803  
6 
5 
4 
6 
2 
4 
2 
1 416937701  
5 
5 
1 291197460  
5 
1 303074604  
3 
6 
3 
2 
6 
4 
1 351713424  
2 
1 1935275283  
4 
3 
2 
5 
4 
3 
1 1188160847  
5 
6 
4 
4 
3 
3 
1 173632369  
5 
1 1672100345  
6 
4 
3 
4 
5 
2 
5 
1 381857790  
2 
1 1795448549  
1 858441482  
5 
3 
4 
4 
4 
4 
1 1185619883  
3 
3 
2 
6 
6 
6 
2 
6 
5 
3 
6 
4 
6 
1 1549070777  
3 
2 
4 
2 
6 
4 
6 
5 
5 
6 
2 
4 
3 
4 
3 
6 
6 
2 
6 
2 
3 
2 
2 
1 967440410  
2 
1 595601172  
4 
6 
3 
4 
3 
5 
5 
4 
4 
4 
6 
6 
5 
6 
1 1334361345  
6 
5 
6 
6 
1 2012719984  
3 
1 250846423  
1 945843585  
5 
6 
3 
3 
6 
5 
4 
3 
1 1119317181  
3 
1 840211852  
1 1698764269  
6 
5 
2 
6 
3 
2 
6 
4 
2 
3 
1 1029605027  
5 
1 1834445197  
1 1832532488  
4 
1 116643892  
6 
6 
5 
4 
3 
6 
3 
2 
2 
1 681384470  
2 
3 
4 
6 
1 1953408760  
3 
6 
3 
4 
2 
3 
4 
5 
5 
2 
3 
2 
5 
1 2069873469  
3 
2 
6 
2 
3 
2 
1 833912013  
5 
3 
1 1209666915  
2 
2 
1 339327522  
5 
5 
1 1125109473  
2 
2 
6 
3 
2 
3 
2 
3 
3 
3 
5 
5 
1 1512741520  
4 
4 
3 
3 
4 
3 
5 
1 691040947  
6 
2 
1 912901109  
3 
1 553418719  
1 864673316  
2 
4 
5 
6 
5 
2 
3 
6 
4 
3 
6 
4 
5 
2 
6 
3 
6 
4 
6 
3 
5 
6 
6 
2 
1 437517806  
6 
6 
4 
2 
2 
6 
2 
2 
4 
4 
3 
4 
3 
3 
2 
5 
3 
3 
3 
3 
6 
1 935276509  
2 
4 
1 512638217  
4 
4 
5 
6 
2 
3 
1 1295959288  
5 
3 
4 
6 
3 
1 2120896393  
2 
2 
2 
2 
6 
5 
4 
5 
5 
2 
2 
3 
6 
5 
3 
1 2061708994  
6 
1 115916051  
3 
5 
4 
4 
1 569013917  
5 
6 
1 1248586691  
1 2128636035  
5 
2 
6 
3 
5 
1 819860340  
3 
3 
5 
4 
1 46946629  
2 
5 
3 
5 
5 
5 
3 
2 
4 
1 1100469568  
2 
1 1660072192  
6 
6 
5 
6 
6 
6 
4 
6 
3 
5 
4 
1 1745710898  
4 
5 
1 2130074595  
3 
3 
2 
1 1347033741  
4 
6 
5 
5 
2 
4 
6 
5 
1 1430759738  
4 
3 
1 99234840  
5 
6 
1 2028418211  
2 
6 
3 
6 
6 
6 
1 1236684850  
5 
2 
5 
4 
5 
4 
3 
2 
2 
1 21624661  
2 
4 
4 
4 
1 714846576  
2 
1 298868118  
2 
4 
1 360952183  
1 1839956050  
5 
4 
5 
2 
1 1811609638  
6 
1 1051993130  
2 
6 
6 
4 
6 
2 
5 
3 
3 
1 605373511  
2 
3 
5 
3 
1 217544709  
6 
3 
3 
1 1916666446  
6 
2 
3 
3 
5 
5 
4 
1 1042891317  
2 
2 
1 1152821218  
6 
1 281821015  
4 
3 
6 
1 191366957  
6 
1 1126233963  
1 196046361  
2 
4 
2 
1 307283008  
3 
5 
4 
5 
3 
6 
5 
5 
5 
6 
3 
6 
5 
5 
5 
3 
1 1695247880  
4 
2 
4 
3 
3 
5 
3 
3 
4 
5 
1 1444633053  
4 
3 
5 
3 
4 
6 
5 
6 
5 
3 
3 
4 
2 
4 
3 
2 
5 
6 
6 
1 288435396  
6 
6 
3 
1 367624572  
1 1491579682  
2 
1 1388904964  
3 
4 
4 
2 
4 
1 2027696764  
4 
2 
4 
2 
4 
2 
5 
3 
3 
2 
4 
2 
1 1089806932  
6 
5 
2 
4 
4 
3 
6 
5 
2 
4 
1 1371495912  
3 
1 1227246857  
3 
3 
6 
1 373083023  
2 
6 
1 1470730752  
5 
4 
3 
6 
3 
4 
3 
3 
1 1108181420  
3 
5 
6 
6 
6 
1 1609767873  
6 
6 
6 
1 1492355413  
2 
6 
1 1823027997  
1 1908635991  
5 
6 
5 
4 
5 
4 
1 1853307596  
4 
1 1515500399  
2 
1 1572761981  
3 
6 
4 
3 
5 
6 
2 
6 
5 
4 
5 
1 757817079  
3 
3 
4 
6 
6 
3 
3 
3 
3 
2 
4 
3 
3 
6 
1 2120873910  
2 
4 
3 
6 
4 
3 
4 
2 
2 
3 
3 
2 
6 
4 
3 
1 1790306690  
4 
4 
6 
3 
2 
2 
3 
2 
3 
2 
6 
6 
5 
6 
2 
4 
3 
5 
4 
1 526999877  
3 
4 
3 
3 
6 
2 
4 
4 
3 
6 
2 
1 1016281579  
2 
4 
3 
3 
5 
4 
1 795644261  
6 
4 
5 
3 
2 
6 
5 
3 
2 
4 
2 
1 808820893  
4 
4 
1 1207648536  
1 1921878224  
1 1004867254  
3 
1 1514931545  
2 
2 
4 
1 1469642457  
6 
6 
1 302016659  
6 
5 
3 
3 
3 
4 
2 
2 
5 
5 
4 
4 
6 
5 
2 
5 
1 1803366941  
4 
1 1837267029  
1 1793596341  
3 
4 
1 1044788257  
2 
4 
2 
2 
5 
5 
1 1717480146  
1 735919626  
2 
6 
2 
4 
3 
5 
1 268800521  
2 
5 
1 797243355  
6 
3 
3 
1 1109002649  
4 
4 
5 
1 1739531273  
5 
2 
3 
3 
2 
1 1905424776  
4 
6 
2 
4 
2 
1 571286874  
4 
5 
4 
1 1084403038  
2 
6 
6 
6 
5 
1 1580969125  
3 
5 
1 332439218  
5 
3 
2 
5 
2 
4 
1 790226987  
3 
1 948985876  
6 
4 
4 
2 
5 
3 
5 
5 
4 
6 
6 
4 
2 
6 
5 
2 
4 
1 1905201199  
5 
5 
6 
1 1548044066  
5 
6 
6 
1 922376138  
5 
2 
1 1548024242  
2 
5 
1 2075043943  
4 
2 
3 
4 
3 
3 
5 
3 
3 
3 
6 
2 
4 
6 
1 1938657717  
3 
5 
1 196184855  
6 
3 
6 
6 
1 736381188  
6 
6 
2 
1 998822605  
5 
2 
4 
3 
6 
4 
6 
3 
6 
2 
1 2118063079  
2 
5 
6 
6 
5 
1 1741248443  
4 
6 
2 
1 366270502  
1 1440221888  
1 2043265102  
2 
5 
3 
4 
6 
2 
4 
6 
3 
2 
2 
3 
6 
6 
4 
2 
1 22153795  
5 
4 
1 1130005270  
6 
6 
2 
3 
2 
5 
1 1689377796  
6 
2 
6 
1 1066942053  
4 
1 700001768  
1 277813774  
2 
1 1335742574  
4 
6 
4 
5 
3 
2 
5 
2 
2 
1 1497245123  
5 
5 
2 
5 
5 
2 
2 
5 
2 
4 
4 
1 1386816423  
1 927790200  
5 
1 1255186251  
1 1958103297  
5 
5 
3 
5 
2 
5 
4 
5 
4 
1 2012193238  
5 
3 
5 
1 688671728  
2 
3 
4 
5 
4 
1 143058867  
3 
5 
6 
6 
4 
3 
5 
1 654936577  
3 
1 1637657604  
5 
1 2048260067  
2 
6 
2 
2 
4 
2 
1 55496995  
3 
1 412550094  
2 
3 
4 
5 
6 
3 
1 1448800661  
1 2130540939  
5 
3 
5 
3 
6 
3 
4 
5 
6 
2 
3 
2 
2 
2 
6 
1 203724163  
6 
5 
1 1644985516  
3 
3 
2 
6 
4 
5 
3 
5 
5 
6 
2 
5 
5 
5 
1 719438479  
6 
2 
4 
6 
5 
3 
1 1202546769  
3 
6 
3 
2 
4 
1 1615564947  
5 
3 
5 
2 
1 313203274  
6 
3 
5 
3 
2 
3 
2 
4 
6 
3 
3 
6 
1 1568817271  
4 
2 
4 
2 
5 
1 908303188  
2 
6 
6 
3 
6 
4 
2 
6 
3 
4 
1 208984729  
3 
4 
4 
2 
3 
2 
3 
4 
6 
6 
6 
2 
5 
6 
6 
4 
4 
5 
6 
6 
3 
1 1590971067  
5 
5 
3 
2 
4 
2 
1 2038308458  
3 
6 
6 
4 
3 
5 
3 
5 
5 
3 
1 1898362525  
2 
1 510429472  
4 
6 
4 
3 
1 590826578  
4 
1 28692651  
1 1846172046  
5 
5 
5 
4 
2 
6 
6 
2 
2 
1 2088071701  
3 
2 
5 
2 
4 
4 
6 
6 
2 
2 
2 
4 
2 
3 
2 
4 
3 
2 
5 
4 
1 1415509074  
1 626478598  
2 
4 
3 
3 
2 
1 1195774305  
4 
6 
6 
3 
5 
6 
2 
1 1226128723  
6 
3 
1 491188189  
2 
1 1884446033  
1 1369187591  
1 1146124766  
1 1374619990  
6 
5 
6 
5 
4 
2 
3 
2 
3 
2 
6 
5 
2 
1 1269964010  
1 1201621762  
2 
3 
5 
1 1787170084  
1 571281023  
6 
2 
2 
4 
5 
4 
2 
5 
1 1184679053  
3 
2 
6 
4 
3 
4 
4 
1 1990894248  
4 
6 
5 
6 
4 
6 
1 68782891  
4 
4 
4 
2 
3 
1 1904117532  
6 
6 
4 
2 
3 
2 
3 
6 
1 1045957369  
4 
4 
4 
1 1684347838  
1 69837159  
3 
5 
1 467290992  
6 
5 
5 
6 
1 445167378  
2 
3 
5 
2 
5 
3 
1 278821888  
4 
6 
6 
2 
1 2058262059  
2 
1 335992188  
2 
3 
2 
2 
1 29700765  
2 
1 421207883  
4 
6 
3 
1 926818766  
5 
6 
4 
3 
4 
2 
2 
1 58393416  
6 
6 
3 
5 
5 
1 119896282  
5 
4 
6 
6 
3 
6 
6 
2 
1 867406820  
6 
3 
4 
2 
4 
6 
5 
1 1473902490  
1 746374880  
6 
4 
1 2063181125  
4 
1 552547565  
3 
2 
2 
1 1237563069  
6 
5 
1 1800143510  
4 
6 
5 
4 
4 
6 
5 
5 
2 
6 
6 
3 
5 
4 
3 
3 
6 
4 
5 
1 1921735156  
4 
1 236204188  
3 
5 
2 
5 
2 
5 
5 
4 
5 
2 
2 
2 
6 
5 
5 
2 
5 
4 
3 
2 
6 
1 1027279852  
5 
2 
5 
4 
3 
2 
3 
4 
6 
6 
1 1044215518  
2 
1 1437825950  
4 
5 
6 
6 
4 
1 666966289  
3 
6 
4 
2 
5 
5 
5 
3 
6 
1 1615496541  
2 
4 
6 
4 
2 
1 475021355  
3 
1 510376889  
6 
4 
4 
6 
3 
3 
4 
4 
4 
4 
1 1684279432  
1 231655239  
4 
4 
1 1556334258  
6 
6 
6 
3 
3 
3 
5 
6 
3 
4 
3 
2 
4 
3 
3 
4 
6 
2 
2 
3 
5 
4 
6 
4 
4 
5 
5 
4 
6 
4 
2 
1 1221143623  
5 
4 
5 
2 
5 
2 
4 
3 
5 
1 301492398  
5 
4 
2 
4 
2 
1 2023625250  
1 1666311001  
1 580314286  
2 
5 
6 
4 
6 
2 
3 
2 
3 
6 
5 
4 
3 
4 
6 
1 1934403662  
4 
1 2002303190  
4 
5 
3 
3 
6 
3 
5 
3 
6 
1 610015051  
5 
5 
2 
5 
2 
1 208127897  
3 
4 
6 
5 
3 
2 
6 
6 
4 
6 
5 
4 
3 
1 781638308  
4 
2 
1 668408467  
4 
4 
4 
5 
3 
3 
4 
2 
2 
4 
4 
2 
5 
3 
6 
1 328024179  
4 
5 
3 
4 
2 
1 1649045128  
5 
3 
3 
3 
1 2142310957  
2 
1 1074399060  
5 
3 
5 
1 1564742605  
5 
2 
2 
2 
1 547374875  
3 
3 
6 
5 
4 
4 
4 
3 
1 164478481  
5 
6 
2 
3 
5 
5 
6 
4 
2 
1 1217402468  
5 
1 321626383  
2 
3 
4 
4 
3 
1 400682669  
5 
2 
4 
4 
2 
4 
1 97198672  
3 
4 
2 
1 1365841902  
3 
2 
3 
4 
3 
3 
5 
2 
3 
5 
6 
3 
2 
4 
3 
3 
5 
6 
1 1838508619  
3 
4 
1 764164961  
6 
6 
6 
5 
4 
6 
2 
1 833854795  
4 
6 
4 
3 
2 
1 166046326  
3 
6 
3 
6 
4 
2 
2 
5 
5 
1 1274541850  
6 
1 370650580  
1 397701566  
1 683392460  
4 
4 
6 
1 1591794203  
6 
4 
6 
4 
3 
5 
5 
6 
6 
1 699193964  
6 
6 
4 
5 
2 
4 
2 
2 
6 
6 
2 
3 
3 
2 
2 
3 
4 
3 
5 
4 
2 
4 
2 
5 
6 
2 
6 
2 
3 
1 559534063  
4 
1 1110621556  
5 
6 
5 
3 
4 
1 1279508251  
4 
5 
5 
1 346454077  
3 
5 
3 
2 
1 965441098  
1 1889523302  
1 554581974  
5 
1 1747079407  
4 
6 
2 
1 410448122  
3 
5 
3 
5 
4 
3 
6 
1 882606154  
6 
5 
5 
2 
5 
6 
4 
5 
6 
5 
6 
4 
5 
3 
2 
5 
2 
1 1248640887  
1 405275431  
6 
2 
2 
6 
3 
5 
3 
6 
6 
4 
5 
2 
4 
6 
1 1957005214  
5 
6 
6 
3 
3 
6 
3 
4 
4 
2 
5 
4 
6 
4 
6 
5 
4 
2 
3 
1 665899845  
3 
2 
2 
4 
6 
3 
5 
3 
5 
3 
6 
4 
6 
6 
3 
3 
6 
3 
6 
3 
4 
6 
3 
1 952650306  
4 
6 
2 
1 2121483695  
2 
6 
1 1883302313  
6 
6 
1 1274276690  
6 
1 374682717  
6 
4 
4 
3 
4 
1 1980500985  
1 492634944  
4 
3 
4 
3 
1 65707688  
2 
2 
4 
1 597182299  
5 
5 
2 
6 
6 
4 
5 
6 
6 
4 
1 1326489739  
4 
1 231754015  
2 
6 
6 
6 
4 
6 
2 
2 
3 
6 
2 
5 
5 
3 
2 
6 
6 
3 
3 
5 
1 1871724149  
2 
4 
5 
3 
5 
2 
1 1697140319  
4 
2 
3 
2 
3 
2 
4 
1 629455581  
4 
6 
3 
2 
6 
5 
4 
2 
6 
6 
4 
5 
5 
2 
3 
3 
6 
1 407632962  
3 
5 
5 
2 
1 1141450874  
5 
6 
1 1328649545  
2 
2 
2 
4 
1 967167025  
3 
3 
6 
1 104588783  
3 
4 
6 
2 
5 
5 
6 
5 
3 
1 460674148  
1 1313621102  
6 
6 
3 
4 
2 
1 1070029881  
4 
3 
3 
6 
2 
4 
5 
3 
4 
5 
6 
5 
1 202713803  
1 1868203076  
2 
5 
6 
6 
2 
2 
5 
3 
3 
3 
3 
4 
1 669625640  
5 
1 613161925  
2 
3 
1 603325582  
6 
4 
3 
6 
5 
1 1918266528  
3 
4 
6 
4 
3 
1 1018437356  
4 
3 
5 
1 412847148  
1 436682725  
3 
4 
3 
1 1971087663  
2 
4 
3 
1 386847196  
1 172501390  
2 
1 1097880705  
3 
6 
1 761529913  
3 
4 
1 5518727  
5 
6 
6 
2 
6 
4 
3 
1 1590515649  
4 
3 
1 827237601  
5 
2 
3 
3 
2 
5 
3 
4 
2 
4 
5 
2 
5 
4 
3 
6 
1 602701026  
1 769521740  
4 
1 1058991616  
5 
5 
6 
4 
2 
4 
4 
4 
5 
1 326941528  
3 
5 
3 
3 
6 
1 319178412  
6 
4 
2 
4 
3 
5 
4 
3 
5 
5 
2 
5 
1 1688447197  
6 
1 734574490  
2 
6 
5 
3 
6 
5 
3 
4 
4 
5 
5 
4 
1 1460629286  
4 
4 
6 
5 
3 
1 869613095  
2 
5 
6 
5 
5 
4 
4 
3 
5 
4 
1 1701741515  
5 
6 
1 1565218069  
3 
2 
1 1330287243  
2 
5 
3 
6 
4 
4 
1 867878969  
2 
1 487764303  
6 
5 
2 
2 
1 1533001046  
1 588598397  
5 
4 
3 
6 
5 
5 
2 
5 
1 1157389943  
2 
3 
2 
2 
1 2146162971  
4 
4 
1 1191923980  
6 
1 928172823  
2 
6 
2 
3 
4 
4 
2 
5 
2 
5 
2 
5 
1 1017116680  
2 
2 
2 
1 1604771128  
2 
3 
3 
3 
6 
5 
5 
3 
3 
1 1364855548  
2 
6 
5 
1 840720695  
3 
5 
2 
2 
6 
4 
2 
1 1991618324  
1 1537356938  
3 
3 
2 
1 1938601400  
6 
6 
2 
6 
2 
6 
4 
2 
5 
3 
6 
1 605664589  
6 
1 1542875666  
6 
2 
2 
1 1381633401  
5 
6 
1 1432902191  
4 
5 
1 2145576692  
5 
1 3671493  
3 
1 344410159  
2 
5 
4 
4 
6 
5 
5 
4 
4 
6 
3 
2 
3 
6 
1 325034572  
4 
1 322849905  
5 
3 
5 
2 
1 2032857357  
3 
3 
6 
3 
4 
3 
1 1059609062  
6 
6 
4 
3 
2 
2 
6 
6 
6 
1 1783479192  
3 
3 
6 
6 
4 
6 
5 
1 754986804  
3 
2 
5 
1 613866929  
1 1201213613  
5 
2 
2 
6 
2 
2 
2 
4 
3 
1 2085274047  
4 
5 
6 
6 
6 
2 
6 
4 
4 
3 
5 
1 1481745898  
3 
3 
3 
3 
3 
5 
5 
6 
5 
4 
3 
1 1688977916  
4 
2 
3 
2 
5 
3 
1 1470791446  
4 
6 
5 
2 
4 
3 
2 
2 
2 
5 
4 
5 
4 
4 
2 
4 
4 
1 2070344296  
4 
1 698884212  
6 
4 
3 
3 
3 
3 
5 
3 
5 
5 
5 
3 
4 
3 
5 
3 
5 
3 
2 
6 
4 
2 
4 
6 
3 
5 
6 
6 
3 
4 
3 
6 
5 
2 
6 
5 
3 
4 
6 
2 
5 
4 
2 
1 1469470769  
6 
2 
6 
6 
6 
6 
1 1114784628  
5 
2 
6 
4 
1 1627057035  
2 
4 
4 
6 
4 
4 
6 
2 
1 339103801  
4 
2 
6 
3 
4 
6 
1 572072108  
2 
1 844428936  
3 
5 
1 1179824496  
6 
2 
3 
6 
2 
6 
3 
6 
6 
1 416206785  
2 
6 
3 
3 
3 
6 
2 
3 
6 
4 
5 
6 
4 
1 234302226  
4 
2 
3 
3 
5 
4 
3 
4 
3 
4 
1 970942248  
6 
3 
6 
6 
4 
1 1021871374  
2 
1 1777177892  
4 
3 
2 
6 
4 
1 205092001  
6 
5 
5 
4 
4 
3 
5 
3 
3 
3 
5 
5 
2 
1 307289917  
2 
5 
5 
2 
4 
3 
6 
1 1775270937  
5 
6 
4 
4 
4 
3 
4 
6 
1 208763495  
5 
4 
4 
4 
6 
1 651700077  
5 
1 2100305509  
3 
4 
4 
6 
5 
5 
3 
5 
2 
3 
2 
2 
4 
2 
4 
1 531613400  
2 
6 
4 
5 
3 
5 
5 
5 
3 
5 
2 
4 
6 
1 537073786  
5 
2 
3 
6 
3 
6 
2 
6 
6 
1 1012430924  
3 
3 
6 
6 
6 
1 167608944  
5 
4 
5 
4 
1 1292060590  
2 
6 
2 
2 
6 
6 
5 
6 
4 
2 
2 
3 
5 
4 
2 
1 1626297853  
5 
6 
3 
1 1368822558  
6 
5 
5 
3 
5 
5 
6 
2 
5 
6 
4 
1 1229850989  
4 
1 960560104  
5 
3 
5 
2 
1 910316826  
2 
4 
5 
4 
2 
1 553158787  
3 
2 
6 
2 
2 
2 
6 
4 
1 883420752  
4 
4 
2 
2 
2 
3 
1 1609201038  
4 
2 
5 
4 
1 2022629557  
4 
6 
5 
5 
4 
2 
2 
2 
6 
1 1998205380  
1 1088774426  
2 
3 
3 
1 214249710  
1 422793840  
6 
2 
6 
1 1933203362  
2 
5 
1 1394074207  
6 
2 
1 839000625  
3 
4 
3 
3 
5 
5 
4 
2 
5 
2 
1 20021940  
4 
4 
4 
5 
5 
1 217532807  
2 
5 
4 
3 
5 
6 
6 
4 
5 
3 
5 
5 
5 
6 
4 
5 
6 
3 
1 1860872000  
1 1797199833  
4 
2 
3 
5 
5 
6 
6 
2 
2 
4 
1 422624809  
2 
5 
6 
6 
6 
5 
6 
3 
5 
4 
6 
2 
6 
3 
6 
4 
2 
3 
5 
2 
1 20678269  
3 
3 
1 1424987122  
3 
3 
2 
5 
2 
3 
2 
3 
5 
1 631388304  
1 672378346  
5 
2 
3 
4 
5 
6 
4 
1 1377808983  
5 
1 1163001704  
2 
3 
4 
5 
2 
1 1209452132  
3 
1 242756259  
2 
4 
2 
6 
2 
2 
4 
6 
1 1330610649  
2 
3 
1 354029074  
5 
2 
2 
1 1869054113  
5 
6 
5 
1 551949559  
6 
3 
2 
6 
3 
5 
2 
4 
1 1583880064  
2 
3 
6 
5 
3 
6 
6 
3 
6 
3 
5 
3 
1 682130569  
2 
1 1462266385  
3 
4 
2 
1 2137038851  
3 
5 
6 
2 
3 
4 
2 
3 
5 
2 
5 
6 
2 
5 
4 
3 
5 
5 
4 
2 
3 
5 
5 
5 
5 
5 
3 
5 
4 
5 
2 
3 
1 1565551321  
4 
1 923983776  
6 
2 
2 
1 2012184760  
1 1416273053  
2 
1 2012758202  
6 
2 
3 
2 
3 
3 
3 
5 
4 
5 
3 
6 
5 
4 
4 
5 
2 
3 
1 78950823  
3 
4 
6 
3 
4 
5 
2 
4 
4 
1 1839066893  
3 
1 1798477916  
1 1473025030  
4 
3 
3 
5 
2 
2 
4 
5 
3 
2 
5 
5 
1 530583871  
2 
1 1818499856  
4 
5 
2 
6 
3 
4 
6 
2 
2 
3 
3 
1 1690557837  
2 
5 
1 243972223  
1 1468216041  
4 
2 
4 
1 2113182646  
6 
6 
1 264650492  
6 
4 
3 
6 
5 
6 
1 745719515  
1 597087302  
3 
3 
3 
4 
4 
6 
3 
2 
3 
4 
5 
3 
1 937028839  
6 
2 
1 2123528499  
5 
6 
2 
4 
4 
4 
1 1760089007  
4 
5 
3 
2 
3 
2 
5 
6 
6 
5 
1 2146480971  
5 
3 
1 218801110  
6 
1 943216008  
2 
4 
3 
1 353026398  
6 
2 
5 
4 
6 
1 2087855223  
6 
5 
4 
5 
4 
6 
1 1495165567  
6 
4 
3 
5 
3 
2 
2 
6 
2 
3 
5 
3 
3 
1 1936906462  
2 
4 
6 
2 
3 
6 
1 622502144  
2 
5 
6 
6 
6 
5 
1 809948304  
4 
3 
5 
2 
1 1926461665  
1 40569817  
5 
1 1733932080  
5 
1 1791162778  
4 
1 1456842870  
6 
4 
4 
5 
5 
6 
6 
5 
2 
1 1599206634  
4 
6 
5 
1 1870113601  
5 
5 
3 
2 
5 
2 
5 
1 1148426116  
2 
1 1250200902  
2 
3 
1 1195654983  
1 1679009987  
1 921217111  
6 
4 
3 
1 738729172  
1 1922982210  
4 
1 241949504  
2 
5 
5 
6 
1 704428171  
4 
1 40149054  
5 
1 987669020  
3 
2 
4 
5 
5 
3 
6 
4 
1 1301515473  
4 
4 
3 
1 977177893  
5 
6 
6 
4 
6 
5 
5 
6 
2 
3 
6 
3 
4 
3 
6 
5 
1 963713871  
1 914120832  
1 976175217  
1 1182514981  
5 
5 
2 
3 
4 
5 
1 1857336840  
3 
5 
4 
4 
1 1329201615  
2 
4 
4 
6 
3 
5 
4 
5 
5 
1 1122886557  
3 
4 
6 
4 
6 
1 1205018759  
1 1118624429  
5 
2 
5 
2 
6 
1 1745388701  
1 2014967064  
5 
1 897602446  
6 
4 
5 
3 
4 
2 
6 
2 
5 
2 
1 1785958519  
4 
5 
6 
3 
4 
2 
2 
4 
3 
4 
6 
3 
3 
5 
5 
2 
4 
3 
5 
4 
2 
4 
5 
5 
4 
5 
2 
2 
4 
5 
4 
3 
3 
3 
3 
5 
1 1601415496  
1 541281576  
3 
2 
5 
1 1095317741  
4 
5 
2 
4 
2 
4 
1 1053138483  
1 263911529  
1 96260209  
2 
4 
2 
3 
1 155855737  
6 
2 
3 
6 
3 
1 1459566512  
6 
5 
5 
5 
4 
4 
4 
2 
2 
4 
2 
5 
3 
1 1775270196  
4 
5 
4 
4 
4 
6 
1 1077072848  
4 
1 50812037  
3 
5 
3 
3 
3 
5 
3 
4 
5 
4 
6 
1 1550768758  
4 
6 
3 
1 1319022353  
1 755240208  
6 
1 1590917813  
3 
1 159207725  
1 2056755681  
5 
5 
3 
1 420612058  
5 
4 
5 
5 
5 
6 
1 1122921596  
4 
3 
2 
6 
3 
4 
2 
1 823392866  
4 
6 
5 
1 1396787275  
6 
4 
4 
1 157952929  
5 
5 
5 
4 
6 
5 
6 
1 533246058  
1 578505242  
2 
1 1280839486  
6 
5 
4 
4 
2 
4 
6 
6 
3 
6 
1 1738264818  
6 
2 
2 
5 
2 
1 1697129671  
3 
1 878744540  
5 
4 
4 
2 
4 
2 
2 
1 1605748234  
4 
4 
4 
6 
6 
5 
4 
1 447248470  
1 517219411  
5 
4 
3 
2 
5 
6 
2 
3 
3 
3 
5 
2 
4 
1 1059680082  
1 988530046  
5 
3 
1 1612537152  
4 
1 2112818565  
5 
4 
6 
6 
5 
4 
2 
3 
1 1252441576  
4 
3 
1 1708797362  
6 
1 121190655  
1 564524440  
2 
3 
6 
4 
2 
5 
1 1336583910  
5 
6 
4 
1 1198263503  
4 
3 
6 
4 
2 
1 615336477  
6 
4 
4 
4 
5 
2 
6 
3 
1 739869021  
4 
3 
2 
4 
1 369802208  
3 
5 
4 
5 
2 
1 1370576685  
5 
6 
4 
3 
4 
6 
3 
3 
5 
5 
2 
5 
3 
1 183303186  
3 
4 
2 
4 
6 
2 
1 529009933  
4 
6 
6 
4 
4 
2 
4 
3 
4 
6 
3 
5 
1 1279848719  
1 603915244  
2 
2 
1 1651931529  
6 
2 
1 2103241585  
4 
4 
4 
6 
5 
3 
3 
4 
5 
6 
3 
4 
3 
1 2000702520  
4 
6 
1 1809884459  
6 
3 
6 
3 
1 489003995  
2 
6 
2 
4 
3 
3 
6 
2 
3 
4 
2 
4 
3 
5 
1 431724114  
4 
3 
6 
3 
3 
4 
4 
5 
6 
6 
6 
1 943240297  
6 
3 
3 
1 79785165  
1 2128853786  
2 
2 
4 
6 
2 
4 
4 
5 
2 
2 
1 1821984837  
1 1685533399  
6 
1 428618608  
3 
1 191720600  
4 
3 
2 
2 
2 
5 
3 
6 
6 
4 
6 
1 597729834  
2 
6 
4 
5 
6 
4 
2 
1 1417148654  
2 
4 
3 
3 
4 
2 
4 
4 
3 
1 1804257753  
3 
5 
5 
6 
6 
6 
1 563064751  
1 522106582  
2 
6 
2 
2 
4 
5 
1 1365571467  
5 
6 
4 
6 
6 
6 
2 
2 
3 
1 684255406  
5 
1 1086631023  
6 
4 
3 
1 554671729  
5 
6 
1 1882518910  
1 1701967500  
1 1294540750  
1 104837470  
3 
6 
3 
6 
5 
2 
5 
1 925060538  
6 
1 1477843936  
5 
4 
5 
2 
6 
4 
4 
4 
3 
6 
3 
6 
4 
3 
4 
1 633847404  
3 
4 
3 
4 
3 
4 
4 
6 
3 
4 
4 
1 57425609  
1 2081759181  
6 
4 
2 
3 
6 
6 
5 
6 
6 
2 
2 
3 
4 
5 
1 138295285  
3 
2 
6 
2 
2 
2 
6 
6 
6 
3 
5 
5 
4 
6 
1 13183546  
5 
5 
5 
2 
3 
1 1934978053  
2 
6 
1 1948179744  
2 
5 
1 502187541  
6 
6 
2 
4 
3 
2 
6 
5 
5 
6 
6 
1 219218519  
5 
1 743936394  
5 
3 
1 581972707  
3 
2 
6 
2 
6 
1 200588657  
4 
2 
4 
1 418437583  
6 
2 
2 
4 
4 
1 120022458  
2 
2 
1 629207265  
5 
4 
5 
6 
2 
6 
3 
4 
4 
6 
3 
4 
6 
4 
5 
5 
4 
4 
4 
3 
2 
6 
3 
2 
1 610158184  
2 
3 
5 
2 
6 
6 
3 
3 
4 
5 
3 
1 717752292  
6 
3 
1 2046355920  
6 
2 
2 
6 
3 
4 
5 
1 266932289  
2 
3 
2 
6 
3 
5 
3 
1 1280817044  
6 
2 
3 
6 
6 
5 
2 
1 420978854  
2 
1 1632503756  
3 
4 
2 
1 1965072450  
4 
2 
4 
3 
2 
2 
1 1507609877  
1 39691837  
6 
2 
3 
2 
4 
4 
2 
2 
5 
6 
3 
4 
1 1700107712  
5 
1 1062093730  
2 
4 
6 
5 
3 
1 1334232588  
4 
2 
4 
3 
3 
1 1804945183  
4 
3 
4 
3 
4 
1 1987154268  
2 
3 
1 664592876  
5 
5 
6 
4 
1 291308939  
4 
5 
1 2044579877  
2 
3 
3 
1 598868409  
6 
2 
5 
1 429604224  
1 2057763423  
5 
1 386362814  
1 230300321  
6 
2 
3 
2 
2 
4 
4 
5 
5 
4 
6 
3 
3 
1 412467316  
5 
4 
2 
2 
2 
4 
3 
2 
1 605581334  
1 974236715  
2 
5 
4 
5 
5 
6 
5 
3 
4 
5 
2 
5 
5 
2 
4 
5 
2 
3 
1 994440023  
4 
1 806169991  
4 
1 1392674298  
5 
6 
1 1114462482  
1 1435377257  
2 
5 
6 
2 
3 
2 
2 
3 
3 
1 2002832482  
4 
4 
5 
3 
3 
1 1832214774  
6 
1 1334249529  
5 
1 122281123  
1 965548170  
4 
6 
1 1755228383  
3 
6 
2 
2 
5 
1 1754784879  
3 
2 
4 
1 783136973  
2 
4 
2 
6 
5 
1 1115354613  
1 1794476717  
6 
6 
5 
1 335761037  
5 
4 
5 
3 
6 
1 29964695  
5 
1 981225657  
1 2140706220  
4 
3 
2 
1 2017118963  
2 
5 
4 
4 
2 
3 
2 
3 
3 
1 1645818533  
1 284531511  
4 
5 
3 
3 
5 
6 
6 
4 
6 
3 
4 
5 
2 
1 1914215192  
2 
2 
3 
4 
4 
6 
6 
3 
3 
4 
3 
5 
1 97203295  
3 
2 
4 
3 
4 
3 
1 714135736  
2 
5 
5 
4 
6 
5 
5 
2 
2 
4 
1 1824494967  
1 483566109  
1 944436057  
1 89478635  
1 1089147443  
3 
2 
4 
2 
5 
2 
3 
6 
6 
3 
1 1918672772  
2 
4 
1 1083918659  
5 
1 1895317435  
6 
6 
3 
1 1163863422  
5 
1 50897493  
4 
6 
2 
5 
3 
5 
2 
5 
5 
5 
5 
3 
3 
3 
3 
5 
6 
5 
5 
1 1183211044  
5 
6 
2 
2 
1 1019212257  
4 
5 
2 
1 1883112267  
1 369976925  
4 
3 
2 
1 1141493380  
5 
4 
6 
3 
4 
1 701176790  
6 
1 2125205308  
1 748794612  
5 
6 
2 
3 
2 
4 
2 
5 
1 1484313763  
3 
6 
1 1093076273  
1 395787681  
4 
3 
2 
5 
5 
6 
6 
4 
3 
5 
1 1820074800  
2 
1 1123040968  
4 
5 
2 
5 
6 
1 1377013338  
2 
3 
2 
3 
3 
4 
4 
2 
1 1813297373  
1 992676283  
6 
6 
5 
2 
4 
4 
4 
3 
4 
5 
5 
2 
2 
4 
3 
3 
6 
2 
4 
5 
4 
4 
2 
2 
1 875348223  
1 2097828884  
6 
4 
6 
2 
1 759407827  
3 
4 
2 
4 
1 972551518  
1 664480972  
6 
6 
3 
1 436419146  
5 
3 
2 
4 
1 1456117628  
2 
1 1608917029  
4 
1 525897782  
1 397781423  
2 
2 
4 
4 
1 1380106153  
1 1609816441  
6 
2 
6 
5 
1 145615210  
3 
4 
5 
5 
2 
2 
2 
4 
3 
4 
2 
3 
4 
6 
2 
6 
5 
5 
4 
3 
4 
2 
6 
3 
6 
6 
4 
1 396485928  
5 
2 
4 
5 
3 
6 
6 
6 
4 
1 1660713934  
1 1328826254  
4 
6 
1 1415698185  
4 
1 1396342553  
6 
6 
1 1698803179  
5 
2 
2 
2 
3 
3 
5 
4 
6 
5 
6 
1 409707917  
6 
3 
5 
2 
6 
6 
3 
6 
1 2097519343  
5 
2 
4 
4 
4 
3 
3 
1 1676524840  
3 
2 
1 1158502529  
5 
3 
6 
1 1434349458  
2 
6 
3 
5 
4 
1 622117465  
6 
2 
6 
2 
1 1554290210  
2 
1 1106940611  
5 
1 1745158434  
1 783819900  
1 772754336  
6 
1 590351069  
4 
1 1659168124  
5 
4 
5 
3 
6 
6 
6 
1 723099572  
6 
6 
5 
5 
4 
4 
1 1349758897  
2 
4 
2 
1 484235994  
6 
3 
3 
1 1387580545  
5 
5 
1 1786178043  
4 
1 1940353622  
6 
2 
3 
5 
5 
1 849013926  
1 164592177  
1 190651398  
2 
1 81636432  
2 
4 
1 1774408618  
1 336266608  
5 
1 478122360  
6 
1 1287638904  
2 
6 
5 
5 
6 
4 
4 
5 
2 
6 
1 1665092863  
6 
5 
3 
2 
1 1893820545  
1 536497810  
1 1216412394  
6 
3 
3 
1 156044814  
4 
5 
3 
1 486533505  
6 
1 745453586  
5 
3 
3 
2 
6 
4 
2 
4 
5 
3 
2 
4 
6 
6 
1 1314547344  
1 1920882964  
3 
4 
3 
4 
2 
1 1367571052  
5 
4 
6 
1 721353906  
2 
4 
2 
3 
6 
2 
3 
1 880339927  
1 965245838  
3 
1 1505173807  
1 1653094263  
2 
4 
5 
5 
4 
5 
2 
1 1555596907  
4 
3 
6 
4 
2 
2 
4 
2 
2 
1 1016858283  
6 
5 
1 228710187  
2 
5 
2 
2 
5 
4 
1 757872156  
4 
2 
5 
4 
3 
2 
3 
5 
3 
4 
6 
3 
2 
1 1501094277  
3 
3 
4 
5 
1 1616290732  
6 
2 
4 
4 
6 
1 396566552  
3 
4 
3 
4 
1 1293964252  
2 
1 317821011  
1 561158729  
6 
3 
4 
3 
3 
4 
1 1484615650  
2 
6 
4 
1 399457443  
5 
4 
3 
1 188083700  
5 
3 
1 1820882258  
6 
3 
4 
6 
6 
1 877579803  
2 
4 
6 
6 
1 1475722604  
1 1338491473  
2 
5 
4 
2 
5 
6 
4 
3 
2 
2 
2 
2 
4 
5 
3 
6 
1 623916700  
2 
5 
5 
1 2012220414  
5 
5 
2 
3 
6 
6 
2 
1 407420220  
5 
6 
4 
3 
4 
4 
4 
6 
2 
3 
3 
1 779961514  
5 
3 
3 
6 
6 
2 
5 
5 
5 
3 
5 
6 
3 
3 
3 
1 351270272  
3 
5 
2 
4 
1 1152873806  
1 2094508858  
2 
5 
2 
6 
2 
2 
1 124669588  
3 
4 
4 
3 
1 372961210  
5 
6 
3 
4 
5 
3 
5 
5 
4 
6 
1 668379117  
4 
3 
5 
3 
6 
3 
6 
1 1005009515  
3 
6 
6 
6 
5 
5 
6 
6 
5 
6 
5 
5 
1 1338207048  
2 
3 
5 
2 
6 
3 
2 
5 
6 
4 
1 26069276  
2 
2 
5 
4 
5 
1 510620130  
2 
6 
5 
3 
1 746320308  
6 
4 
6 
5 
4 
6 
2 
4 
4 
2 
4 
2 
3 
3 
3 
1 1042927559  
5 
4 
2 
5 
5 
5 
1 739330317  
4 
3 
4 
2 
5 
2 
2 
6 
1 1504192464  
1 396538188  
5 
1 208137402  
5 
2 
1 1900759016  
5 
5 
6 
5 
5 
6 
4 
1 1690502440  
2 
3 
3 
2 
2 
6 
1 525958413  
3 
2 
6 
4 
4 
1 314434098  
3 
2 
6 
6 
1 1027634442  
3 
5 
1 925415856  
5 
1 502517798  
1 701033053  
2 
4 
3 
1 1802995659  
5 
2 
2 
4 
5 
3 
6 
3 
1 1978240402  
5 
4 
1 2039524526  
5 
2 
4 
6 
4 
2 
2 
1 279428711  
3 
5 
4 
1 1842977169  
4 
1 299461098  
1 1059390225  
3 
5 
2 
1 46763793  
1 1452334905  
2 
4 
4 
2 
5 
6 
2 
4 
2 
1 1006415436  
5 
4 
4 
5 
4 
6 
2 
2 
1 171433381  
6 
2 
4 
6 
1 1825296115  
4 
4 
5 
4 
4 
2 
1 1674794553  
6 
2 
4 
2 
4 
1 1176442896  
1 1016019516  
4 
2 
3 
3 
6 
3 
2 
1 1700863829  
4 
2 
2 
4 
1 1687063026  
2 
3 
4 
3 
6 
1 1762339824  
1 596307740  
5 
3 
6 
1 278909695  
4 
5 
2 
5 
1 1119048640  
3 
4 
4 
1 992845928  
3 
2 
2 
1 487047097  
4 
2 
3 
3 
3 
2 
1 872324009  
2 
5 
2 
1 535864721  
4 
1 1013005510  
4 
5 
3 
4 
1 1186758107  
3 
3 
6 
2 
5 
6 
2 
2 
1 1563499163  
1 1938421366  
2 
1 1689275905  
3 
1 117048568  
5 
6 
3 
2 
3 
2 
1 1593933377  
5 
4 
5 
3 
2 
2 
4 
1 1520032659  
5 
4 
1 9089447  
1 1873362088  
1 1215526180  
2 
5 
5 
1 308550545  
5 
3 
2 
5 
2 
2 
1 785268666  
4 
4 
6 
1 1262289973  
6 
4 
6 
4 
1 1760885450  
6 
2 
5 
5 
3 
3 
5 
6 
5 
2 
3 
2 
2 
6 
1 1791684102  
2 
6 
5 
5 
3 
5 
6 
6 
5 
3 
4 
3 
4 
1 1433723354  
5 
2 
6 
3 
1 1438697918  
3 
6 
6 
6 
5 
6 
5 
5 
5 
4 
6 
5 
4 
3 
6 
6 
3 
4 
2 
5 
4 
1 1318995007  
1 462682602  
5 
4 
2 
6 
1 307233786  
1 872375188  
5 
4 
1 2261980  
2 
5 
2 
5 
2 
4 
6 
4 
1 2069573610  
1 1468682928  
3 
3 
5 
3 
2 
6 
4 
6 
6 
1 281171676  
5 
3 
5 
5 
4 
4 
2 
4 
5 
2 
6 
1 1041138602  
1 314045208  
4 
3 
5 
4 
4 
6 
5 
1 768218773  
3 
6 
3 
5 
6 
4 
3 
4 
2 
1 1913462611  
3 
3 
3 
4 
2 
5 
5 
5 
6 
1 849909929  
4 
6 
1 1781224284  
4 
5 
2 
5 
4 
5 
5 
2 
4 
6 
4 
6 
6 
2 
1 952737070  
6 
1 265925445  
4 
6 
3 
5 
5 
5 
3 
3 
3 
5 
6 
5 
1 1572162002  
5 
3 
2 
1 494529327  
2 
5 
1 382974013  
6 
5 
1 1018611732  
6 
2 
3 
5 
3 
4 
4 
2 
6 
6 
6 
3 
2 
6 
3 
3 
5 
5 
2 
1 2014561987  
4 
2 
3 
3 
2 
4 
6 
5 
6 
4 
5 
4 
6 
4 
3 
1 392063460  
5 
4 
5 
4 
2 
1 744490172  
4 
4 
2 
4 
5 
1 1082604519  
3 
5 
5 
5 
3 
4 
5 
1 700614006  
3 
2 
2 
1 1529758838  
3 
4 
5 
4 
5 
6 
2 
3 
1 197410845  
4 
2 
5 
2 
1 314015808  
2 
2 
4 
6 
3 
6 
1 1173959292  
2 
4 
6 
3 
4 
2 
2 
4 
6 
5 
2 
1 1631134199  
4 
4 
5 
4 
4 
4 
3 
4 
2 
5 
1 1752713726  
4 
1 345470651  
3 
4 
4 
3 
3 
1 2093816802  
6 
1 2059947512  
6 
1 1217845839  
2 
1 2096078782  
4 
4 
4 
4 
5 
4 
6 
6 
6 
1 1982037474  
6 
4 
4 
5 
5 
3 
4 
4 
2 
6 
2 
6 
1 539045119  
5 
5 
6 
1 229766810  
5 
2 
1 875692429  
5 
3 
4 
3 
5 
5 
4 
4 
2 
6 
5 
1 853090328  
4 
2 
6 
5 
1 997985584  
1 641671392  
4 
4 
4 
3 
4 
6 
2 
1 1703000257  
2 
6 
6 
1 631726220  
3 
2 
3 
1 1594408463  
3 
1 1968925702  
2 
2 
4 
5 
1 56404574  
4 
6 
4 
3 
1 2088937790  
1 204416068  
4 
2 
1 1075016306  
5 
3 
4 
4 
5 
6 
2 
6 
6 
4 
4 
6 
5 
1 1956016129  
3 
5 
6 
4 
1 596479528  
3 
6 
3 
4 
1 1819506479  
4 
3 
3 
3 
4 
4 
4 
3 
2 
2 
2 
4 
5 
4 
5 
3 
6 
5 
1 891137001  
5 
4 
3 
5 
5 
5 
6 
4 
2 
3 
5 
5 
6 
6 
3 
5 
3 
6 
3 
6 
2 
4 
3 
3 
1 1297093534  
4 
2 
6 
6 
4 
6 
5 
4 
5 
5 
6 
4 
6 
2 
1 1201781669  
1 1088547846  
3 
4 
5 
4 
6 
5 
5 
4 
4 
3 
2 
6 
5 
3 
1 1611109343  
3 
2 
6 
6 
6 
5 
4 
6 
3 
3 
5 
5 
4 
1 228257314  
1 572198397  
2 
4 
1 1216339421  
1 573727965  
2 
4 
4 
5 
4 
6 
5 
1 518531551  
1 1128803286  
1 1791573805  
4 
5 
1 467126686  
1 963357112  
2 
1 183135276  
5 
5 
5 
6 
4 
3 
6 
2 
6 
2 
2 
5 
2 
3 
2 
6 
4 
2 
4 
2 
3 
1 696893496  
5 
5 
6 
3 
4 
6 
3 
4 
1 1839049541  
4 
1 1036225604  
6 
1 1694879080  
4 
5 
3 
4 
1 333237286  
3 
3 
2 
5 
1 591742214  
5 
2 
5 
3 
2 
6 
2 
5 
2 
2 
5 
5 
1 179121652  
2 
6 
2 
3 
5 
2 
6 
4 
1 1927645749  
4 
4 
3 
6 
4 
5 
2 
6 
4 
1 413184268  
3 
5 
1 235526227  
6 
1 1869099891  
1 617600336  
3 
2 
3 
4 
3 
2 
3 
3 
4 
3 
6 
1 1310542533  
4 
4 
5 
4 
6 
6 
5 
6 
3 
1 1677632373  
2 
5 
6 
2 
3 
5 
3 
4 
2 
6 
5 
5 
6 
1 1214079865  
1 982565364  
3 
1 421285726  
1 363689751  
3 
5 
4 
6 
1 36863386  
4 
5 
3 
1 1509833572  
6 
1 1974799094  
5 
1 265120700  
5 
5 
5 
4 
6 
6 
1 2082031969  
3 
5 
4 
4 
3 
5 
5 
5 
4 
6 
4 
1 1043654868  
5 
4 
3 
3 
5 
5 
4 
4 
6 
6 
1 838848665  
3 
6 
6 
5 
2 
1 453079873  
2 
6 
2 
3 
3 
1 24974506  
5 
2 
1 482938822  
5 
4 
1 920206559  
3 
6 
4 
3 
6 
1 988331618  
2 
5 
6 
5 
2 
5 
1 666074099  
6 
2 
6 
2 
5 
5 
3 
5 
6 
2 
5 
4 
5 
1 1617100055  
4 
4 
2 
4 
5 
5 
3 
2 
2 
5 
3 
3 
5 
3 
2 
6 
6 
6 
5 
4 
6 
1 679897512  
4 
5 
1 1702299703  
5 
6 
2 
1 1164495488  
3 
6 
2 
4 
4 
6 
5 
4 
1 1013134798  
6 
6 
3 
1 146558269  
6 
4 
3 
3 
3 
1 1343617140  
5 
4 
5 
6 
5 
2 
3 
2 
6 
1 793296899  
6 
1 559742538  
6 
6 
5 
5 
2 
6 
5 
2 
1 1579143367  
3 
3 
2 
6 
3 
4 
1 514913142  
1 1177342874  
6 
6 
4 
2 
6 
6 
5 
3 
6 
3 
6 
4 
4 
3 
1 742202253  
1 45061867  
2 
1 243939091  
3 
1 1724767617  
2 
4 
2 
3 
3 
2 
2 
3 
2 
4 
2 
1 466347593  
3 
6 
1 607628843  
6 
2 
5 
3 
5 
4 
3 
4 
5 
1 1761631003  
5 
1 1976181165  
2 
3 
6 
4 
6 
2 
4 
4 
3 
4 
6 
5 
6 
1 434944289  
2 
5 
6 
4 
1 2026751703  
6 
1 1910729487  
6 
4 
5 
5 
1 1478599157  
4 
1 718116721  
4 
6 
2 
5 
5 
4 
4 
6 
4 
4 
2 
1 216325712  
3 
6 
6 
4 
4 
5 
4 
3 
