5 
4 
2 
3 
2 
5 
5 
5 
6 
2 
4 
4 
1 919824604  
5 
2 
2 
5 
3 
4 
4 
6 
4 
2 
4 
1 1771480807  
3 
6 
4 
3 
4 
3 
1 495583276  
2 
3 
3 
1 1685941983  
4 
6 
5 
3 
6 
2 
1 115973495  
1 904486353  
3 
6 
6 
3 
2 
3 
2 
2 
1 337985563  
2 
4 
2 
6 
1 2734958  
2 
5 
2 
4 
5 
6 
5 
1 1430464062  
3 
5 
1 1827924663  
6 
4 
2 
3 
1 580143200  
6 
6 
5 
3 
1 466639502  
5 
4 
1 1618052506  
1 1496728199  
2 
5 
6 
6 
1 8599209  
6 
2 
3 
3 
1 1541360109  
1 650979672  
3 
6 
3 
3 
6 
4 
4 
3 
5 
5 
4 
6 
1 1405338494  
2 
4 
2 
1 177807818  
6 
3 
3 
1 2040954107  
4 
5 
3 
2 
1 211665127  
5 
5 
4 
1 1185712044  
1 2076855027  
2 
2 
2 
6 
6 
6 
2 
5 
2 
1 1863591360  
2 
5 
5 
5 
2 
3 
5 
1 140352951  
5 
4 
6 
3 
3 
1 1612108091  
5 
3 
2 
4 
1 1807753078  
3 
3 
3 
3 
4 
3 
3 
2 
1 1141586540  
3 
3 
1 133768721  
4 
1 676910976  
4 
5 
4 
2 
6 
6 
4 
5 
3 
3 
3 
3 
1 909021062  
5 
1 1053593325  
2 
4 
3 
5 
1 300908135  
4 
5 
5 
2 
4 
3 
5 
5 
2 
5 
6 
1 1404604338  
6 
4 
5 
3 
1 592051660  
4 
4 
5 
3 
6 
4 
4 
1 416881630  
1 161607043  
3 
6 
5 
6 
2 
2 
3 
4 
4 
6 
1 930037224  
2 
5 
5 
6 
1 419616589  
5 
2 
3 
2 
5 
5 
1 1592071105  
6 
4 
3 
3 
3 
3 
5 
1 610478239  
4 
4 
2 
6 
3 
4 
4 
2 
5 
6 
6 
2 
3 
1 999759789  
1 2058710607  
5 
1 81047097  
2 
6 
3 
3 
5 
1 349004340  
2 
1 2067309816  
1 1622407207  
4 
3 
2 
6 
6 
6 
3 
4 
3 
3 
4 
2 
1 999984012  
4 
3 
3 
6 
5 
1 1325164662  
3 
5 
2 
5 
5 
4 
2 
6 
3 
1 1800215025  
5 
6 
5 
5 
2 
6 
2 
1 893454472  
1 1536829790  
2 
2 
4 
1 838443422  
5 
6 
4 
2 
2 
3 
3 
3 
4 
6 
4 
3 
6 
1 822825851  
4 
6 
3 
5 
5 
3 
3 
2 
2 
4 
3 
2 
3 
2 
3 
1 1252937502  
6 
5 
3 
5 
5 
1 978796373  
2 
1 287450294  
5 
6 
6 
3 
4 
1 913206932  
6 
4 
6 
4 
2 
6 
2 
4 
1 2120382914  
3 
3 
3 
4 
6 
2 
1 421219015  
4 
4 
5 
6 
6 
1 1590117908  
2 
6 
4 
1 881920328  
5 
2 
4 
3 
3 
1 1474812341  
3 
3 
3 
5 
1 1891026043  
1 139041018  
5 
1 2066864001  
1 160424026  
1 300648061  
5 
3 
1 849417577  
5 
2 
4 
6 
2 
6 
1 580040615  
1 1892719166  
1 1459895816  
3 
5 
4 
6 
4 
2 
2 
6 
6 
4 
4 
4 
4 
6 
2 
3 
6 
1 1579800404  
1 1803946125  
1 1540942914  
5 
4 
6 
5 
5 
4 
1 1928804744  
1 1723772293  
3 
2 
2 
6 
6 
4 
2 
5 
4 
1 1015866473  
5 
1 781305109  
5 
6 
6 
3 
1 901453307  
5 
2 
3 
6 
6 
6 
5 
4 
2 
1 668597850  
3 
3 
3 
1 1674759581  
3 
6 
4 
2 
5 
1 290799449  
2 
6 
6 
6 
3 
2 
4 
5 
6 
5 
2 
6 
6 
5 
1 1507041272  
3 
1 350101784  
1 1543736952  
6 
3 
5 
2 
2 
5 
4 
5 
4 
2 
2 
4 
5 
4 
5 
4 
2 
3 
2 
2 
5 
2 
2 
4 
4 
1 338353998  
4 
4 
1 637552078  
2 
2 
3 
6 
2 
6 
2 
2 
3 
3 
5 
5 
5 
6 
4 
2 
6 
6 
3 
3 
1 309460236  
2 
4 
6 
4 
3 
1 311253264  
5 
1 1058771094  
6 
3 
4 
1 1899578145  
6 
3 
2 
4 
3 
1 1193173592  
1 386099787  
2 
3 
5 
4 
3 
6 
2 
5 
6 
1 1643120540  
2 
2 
3 
5 
6 
1 1332214610  
1 305480140  
4 
3 
6 
1 1803544566  
3 
1 1632862671  
1 1154897718  
6 
1 236101533  
4 
1 1378098189  
4 
6 
2 
2 
6 
5 
3 
2 
1 467309886  
6 
6 
4 
1 1815901937  
4 
3 
2 
2 
3 
1 1034560666  
2 
2 
6 
6 
5 
1 2008252800  
3 
4 
3 
6 
1 1597223034  
3 
1 610849311  
1 876635625  
1 231044495  
6 
3 
6 
2 
4 
1 1512302618  
6 
6 
2 
6 
2 
6 
6 
6 
4 
5 
5 
5 
6 
2 
5 
2 
1 1545233476  
2 
5 
5 
1 1905804076  
4 
3 
3 
5 
2 
4 
4 
4 
6 
5 
2 
2 
2 
3 
1 1803102068  
5 
5 
5 
4 
2 
1 904791100  
5 
6 
2 
3 
5 
3 
5 
4 
1 108422212  
4 
3 
2 
3 
1 1199355372  
1 1243145098  
3 
3 
4 
4 
5 
2 
1 745974290  
1 1508815608  
2 
3 
6 
5 
3 
4 
3 
5 
1 1554398362  
4 
6 
3 
3 
3 
3 
2 
3 
1 1804745384  
3 
2 
1 1260910105  
1 600088306  
3 
6 
6 
5 
1 43361523  
1 756546998  
5 
5 
4 
2 
3 
2 
1 1932302916  
2 
2 
5 
3 
2 
4 
5 
5 
6 
5 
5 
4 
1 348841664  
4 
1 412607916  
2 
2 
5 
4 
2 
6 
1 1417681939  
3 
5 
2 
4 
1 1503739382  
3 
3 
2 
5 
3 
6 
5 
1 648709450  
1 648296480  
6 
5 
1 1971049268  
5 
5 
3 
3 
3 
4 
6 
2 
3 
1 317127739  
5 
2 
5 
6 
1 1682857146  
3 
4 
3 
2 
4 
3 
4 
5 
6 
2 
1 1831818421  
3 
2 
4 
6 
6 
4 
2 
1 1914350773  
1 146222809  
4 
1 560970398  
5 
1 2145395268  
5 
6 
2 
2 
4 
3 
1 1658525428  
2 
1 2106203874  
6 
5 
5 
1 1903715696  
4 
2 
4 
4 
5 
2 
3 
4 
5 
2 
3 
4 
5 
6 
6 
1 1314143848  
2 
6 
6 
3 
6 
6 
5 
2 
4 
5 
2 
5 
4 
2 
6 
6 
6 
4 
4 
5 
2 
5 
4 
1 863511327  
1 2012137908  
2 
6 
5 
1 366015572  
3 
6 
6 
1 2106656425  
3 
6 
1 610628551  
3 
5 
5 
3 
1 1874831180  
3 
6 
4 
4 
3 
5 
1 1513571140  
4 
2 
3 
1 267890287  
6 
2 
5 
6 
5 
3 
2 
5 
5 
3 
5 
5 
3 
4 
5 
3 
5 
4 
3 
3 
1 988257638  
1 2113659446  
4 
3 
5 
6 
4 
1 311251811  
6 
4 
4 
5 
4 
5 
2 
3 
1 1744804636  
3 
6 
4 
6 
6 
2 
2 
5 
2 
5 
2 
5 
3 
2 
4 
6 
3 
5 
1 1898478715  
5 
4 
4 
2 
5 
5 
5 
4 
3 
3 
3 
2 
1 660093475  
4 
2 
1 9928904  
6 
5 
5 
1 1168677006  
5 
5 
3 
4 
6 
4 
5 
2 
6 
4 
6 
5 
6 
5 
1 16349209  
6 
4 
3 
5 
2 
2 
2 
3 
1 658638354  
1 1816973487  
6 
6 
3 
1 1987398477  
3 
4 
5 
4 
1 975766094  
5 
4 
3 
2 
5 
3 
6 
4 
5 
6 
2 
3 
1 1352346985  
6 
6 
3 
4 
3 
6 
4 
3 
5 
1 1671733250  
6 
1 742633219  
2 
6 
4 
6 
2 
4 
5 
1 1498569795  
1 85220001  
1 740544840  
2 
1 1009611575  
3 
3 
4 
6 
5 
4 
6 
3 
5 
2 
6 
2 
4 
4 
4 
4 
6 
1 43940227  
6 
1 496776888  
2 
3 
2 
3 
2 
6 
2 
1 176271775  
4 
4 
3 
6 
4 
5 
2 
5 
5 
4 
6 
5 
6 
2 
2 
2 
5 
5 
3 
3 
1 907451554  
1 361431149  
5 
3 
4 
5 
1 542287347  
3 
6 
5 
3 
5 
2 
5 
2 
1 866624332  
2 
5 
6 
2 
5 
3 
1 972059700  
6 
2 
3 
3 
3 
6 
6 
1 269634879  
6 
3 
6 
5 
1 232711824  
2 
4 
3 
5 
2 
1 1239949987  
1 1257892517  
3 
2 
5 
5 
1 198887622  
6 
2 
3 
2 
3 
3 
1 1551201798  
1 855213505  
3 
3 
1 2097366337  
1 63811625  
5 
4 
3 
2 
4 
4 
4 
3 
6 
3 
4 
5 
2 
3 
1 865142410  
4 
6 
6 
2 
4 
2 
4 
2 
3 
4 
2 
1 1118559696  
6 
6 
5 
5 
4 
5 
6 
6 
4 
6 
4 
6 
6 
2 
6 
6 
1 80160834  
1 1523780764  
3 
2 
3 
3 
1 788049535  
4 
1 2067559312  
2 
4 
3 
2 
5 
6 
1 352063210  
3 
2 
3 
5 
2 
2 
5 
2 
2 
2 
1 2140396520  
6 
4 
2 
5 
1 1591808914  
3 
5 
6 
4 
5 
6 
3 
4 
5 
4 
3 
1 1094696430  
3 
1 1491482667  
6 
3 
4 
6 
2 
4 
6 
3 
4 
5 
2 
5 
6 
4 
5 
2 
6 
5 
5 
5 
5 
2 
4 
3 
6 
4 
3 
1 1677028915  
3 
2 
6 
1 1835241270  
3 
6 
4 
5 
6 
2 
4 
6 
6 
1 353610594  
5 
5 
1 1720969143  
2 
3 
3 
1 184534510  
3 
6 
3 
3 
3 
1 529882369  
1 480937049  
3 
5 
2 
1 545965659  
2 
2 
4 
3 
6 
3 
1 1072169716  
2 
2 
5 
3 
5 
5 
2 
4 
4 
2 
4 
5 
4 
4 
4 
5 
5 
4 
6 
6 
6 
2 
2 
3 
3 
2 
1 1347561381  
3 
4 
1 1518025359  
1 1341804596  
4 
6 
4 
4 
5 
5 
1 1580273205  
6 
5 
5 
1 610491699  
6 
6 
3 
6 
3 
1 452213465  
4 
1 1779160828  
2 
2 
1 14209849  
5 
4 
6 
6 
3 
5 
3 
5 
4 
1 1307426971  
4 
2 
6 
5 
4 
3 
1 1729043517  
3 
5 
2 
1 78021475  
3 
3 
1 25085733  
1 700119565  
6 
6 
3 
1 158182309  
4 
3 
5 
3 
1 1548866497  
1 1488169100  
6 
5 
5 
1 78257973  
3 
1 1900929708  
5 
4 
3 
3 
2 
5 
4 
5 
3 
5 
3 
5 
2 
3 
1 1481081973  
2 
6 
3 
3 
4 
3 
1 1670066888  
4 
2 
3 
6 
6 
2 
1 848142490  
2 
5 
2 
4 
6 
3 
1 825080992  
2 
1 1199612155  
3 
5 
1 535900112  
2 
5 
2 
4 
1 1178691587  
5 
4 
4 
2 
1 773097650  
6 
4 
2 
4 
5 
3 
2 
2 
2 
5 
6 
2 
1 720434622  
3 
1 1708573956  
5 
3 
3 
4 
2 
2 
4 
2 
4 
5 
4 
3 
5 
3 
6 
3 
2 
4 
1 1254034700  
3 
4 
3 
2 
5 
2 
6 
2 
1 1266400282  
5 
5 
4 
4 
5 
6 
6 
1 633260025  
2 
1 454112433  
5 
3 
4 
2 
4 
1 636941993  
5 
3 
5 
3 
1 1975064621  
2 
4 
4 
6 
4 
2 
3 
4 
6 
1 2034385639  
6 
3 
5 
4 
6 
4 
1 1247433692  
1 279794438  
3 
3 
5 
3 
5 
4 
3 
1 1666062819  
6 
5 
3 
1 1261643542  
6 
5 
4 
3 
3 
5 
6 
6 
4 
5 
2 
2 
6 
2 
2 
4 
2 
6 
2 
2 
5 
2 
4 
5 
4 
5 
1 1587221409  
1 1247622688  
1 1339665017  
5 
4 
2 
2 
6 
5 
5 
6 
2 
2 
6 
5 
5 
2 
4 
1 1612307142  
3 
4 
4 
1 1947742254  
4 
1 1497847326  
6 
5 
2 
6 
4 
6 
3 
2 
3 
1 1013689992  
2 
4 
6 
1 1288427706  
4 
4 
2 
1 1576105300  
6 
3 
2 
1 767136052  
4 
6 
3 
3 
4 
2 
3 
2 
3 
1 622026031  
5 
4 
4 
3 
3 
5 
6 
1 1098688540  
3 
2 
4 
2 
4 
1 1615278542  
4 
3 
4 
3 
1 1447107024  
5 
5 
6 
3 
1 150817047  
1 3695006  
1 478314963  
6 
6 
3 
3 
3 
1 923914698  
3 
1 724129628  
5 
4 
1 39405271  
5 
1 30465750  
1 1990529910  
3 
2 
2 
6 
4 
3 
4 
4 
4 
1 672665296  
1 484578183  
4 
3 
3 
2 
3 
3 
1 479988256  
1 500246269  
3 
3 
3 
1 371480174  
4 
5 
3 
5 
4 
3 
4 
1 1727421948  
1 780040708  
2 
4 
6 
1 2037542993  
6 
1 841581842  
5 
6 
6 
3 
3 
2 
3 
3 
5 
2 
2 
6 
2 
5 
3 
3 
6 
5 
2 
4 
2 
6 
6 
6 
2 
2 
2 
4 
3 
2 
1 219778469  
2 
1 1137682034  
6 
3 
1 33763211  
5 
1 1832085612  
5 
5 
5 
6 
6 
2 
4 
2 
6 
2 
5 
1 937940640  
5 
6 
2 
1 1531610538  
6 
1 698291956  
1 78884698  
3 
4 
3 
1 960232190  
3 
5 
5 
1 1465428008  
5 
5 
4 
4 
5 
5 
1 700910730  
6 
4 
2 
6 
4 
4 
5 
3 
6 
3 
3 
5 
6 
1 2058920730  
5 
1 933222902  
6 
2 
4 
6 
5 
2 
2 
4 
2 
3 
4 
6 
5 
2 
6 
4 
1 534106  
1 62254129  
5 
4 
2 
4 
3 
5 
2 
5 
2 
3 
3 
1 936917908  
5 
2 
2 
5 
4 
3 
1 478849069  
3 
3 
4 
4 
5 
4 
4 
6 
1 986168827  
4 
2 
4 
1 1661047536  
4 
2 
2 
6 
5 
3 
2 
5 
2 
3 
2 
5 
5 
2 
5 
4 
2 
1 518254340  
5 
5 
3 
2 
4 
5 
2 
2 
4 
4 
2 
1 1016634577  
4 
4 
5 
1 1504093799  
2 
4 
1 1190919637  
2 
1 1501212761  
3 
1 1984082055  
3 
1 1691165906  
4 
6 
5 
4 
6 
3 
4 
3 
4 
3 
3 
1 1872692935  
6 
2 
1 1564020355  
5 
4 
4 
2 
5 
2 
2 
3 
2 
2 
1 323722966  
4 
2 
1 1762752281  
4 
6 
3 
6 
4 
2 
1 258118550  
3 
1 543501436  
2 
2 
3 
2 
4 
3 
4 
5 
5 
6 
4 
4 
6 
3 
1 752950667  
5 
2 
2 
2 
1 291881761  
5 
4 
3 
4 
5 
5 
6 
6 
4 
1 228103400  
6 
6 
6 
2 
2 
2 
3 
2 
4 
3 
5 
2 
1 1690891307  
3 
4 
6 
2 
6 
2 
1 1823492299  
6 
5 
2 
3 
3 
5 
6 
5 
5 
6 
5 
2 
2 
1 926395356  
1 1769776005  
3 
1 636240841  
4 
6 
1 244339716  
5 
2 
4 
6 
6 
3 
3 
1 323203087  
2 
3 
5 
3 
3 
2 
4 
2 
3 
4 
6 
1 547677923  
3 
1 1177562618  
5 
5 
5 
6 
5 
2 
6 
2 
6 
2 
6 
3 
6 
3 
4 
2 
1 323737193  
1 609932053  
2 
6 
3 
2 
2 
3 
4 
6 
2 
5 
1 2114480526  
1 802586262  
5 
6 
5 
3 
3 
2 
4 
2 
6 
6 
3 
5 
2 
1 1596100880  
4 
3 
3 
3 
4 
1 1628044414  
6 
5 
2 
5 
3 
2 
2 
5 
1 1320840603  
4 
4 
6 
1 465251810  
4 
1 984654565  
6 
6 
5 
5 
6 
4 
6 
3 
5 
3 
2 
4 
5 
1 364276592  
3 
5 
2 
1 1966464571  
4 
5 
5 
3 
4 
5 
5 
4 
4 
5 
3 
5 
6 
1 821252972  
1 2055442498  
5 
1 1691673858  
6 
6 
1 237789680  
1 231681817  
1 1306942491  
5 
2 
1 495908230  
6 
2 
5 
4 
2 
6 
4 
5 
3 
5 
3 
6 
5 
1 775183253  
6 
6 
1 2059893158  
5 
1 787789991  
4 
5 
5 
2 
3 
1 1003286653  
3 
3 
5 
5 
4 
2 
6 
2 
6 
1 1603300817  
1 463798643  
2 
2 
3 
4 
3 
5 
3 
5 
2 
5 
2 
3 
6 
1 1929682009  
1 1225593175  
3 
5 
3 
3 
4 
4 
1 1100039484  
5 
2 
2 
6 
3 
4 
6 
6 
1 26538077  
2 
4 
2 
5 
5 
5 
6 
4 
5 
2 
5 
1 1548796262  
5 
4 
6 
4 
4 
3 
2 
4 
1 1647717408  
2 
2 
2 
4 
6 
2 
2 
2 
4 
3 
2 
2 
3 
3 
6 
5 
2 
1 1204100695  
6 
1 1872533456  
4 
2 
4 
6 
5 
2 
6 
4 
5 
6 
6 
1 110165813  
3 
5 
3 
1 1171097573  
4 
4 
6 
1 527636070  
3 
3 
2 
3 
1 1706266693  
6 
3 
5 
6 
6 
4 
2 
1 651658339  
6 
1 1848476673  
1 24034855  
1 1636312905  
2 
3 
2 
6 
5 
2 
6 
5 
5 
5 
6 
6 
6 
5 
5 
2 
2 
3 
2 
4 
3 
2 
4 
1 65269617  
1 1990499426  
4 
5 
5 
3 
3 
3 
5 
1 310082229  
2 
4 
5 
4 
2 
3 
3 
1 2120712116  
4 
1 1534689637  
1 547871909  
6 
5 
1 204910285  
6 
5 
1 694148480  
1 1043780139  
1 980093538  
3 
6 
3 
1 606557991  
5 
3 
1 1831570131  
5 
5 
6 
2 
1 1983380191  
1 62375160  
1 147885126  
1 1765578552  
3 
3 
3 
3 
6 
6 
5 
5 
1 1287968335  
5 
1 1247924610  
5 
3 
2 
1 1792116629  
5 
4 
1 689280950  
5 
2 
4 
2 
1 748158370  
6 
1 848733676  
4 
4 
1 414330758  
2 
6 
1 858324183  
5 
6 
5 
1 2019831249  
5 
5 
4 
5 
2 
2 
1 941966828  
3 
3 
6 
5 
2 
6 
4 
6 
4 
5 
5 
2 
2 
6 
2 
2 
5 
5 
4 
4 
5 
2 
5 
3 
1 417107229  
5 
5 
5 
5 
2 
6 
4 
1 524005940  
3 
6 
2 
5 
4 
5 
2 
5 
4 
2 
1 642959854  
5 
2 
6 
1 441142084  
4 
2 
4 
3 
3 
6 
5 
6 
6 
6 
5 
3 
5 
1 12835197  
2 
6 
2 
3 
5 
5 
3 
6 
4 
5 
6 
4 
4 
1 708229471  
1 284157863  
2 
3 
3 
5 
5 
6 
6 
6 
6 
1 322917427  
2 
5 
1 681457939  
6 
5 
3 
4 
5 
3 
6 
1 1818847500  
5 
1 870789336  
1 886368224  
5 
5 
6 
3 
2 
6 
1 365512332  
5 
3 
4 
4 
4 
3 
2 
3 
1 1914569476  
5 
6 
4 
6 
3 
5 
5 
3 
2 
5 
5 
3 
2 
3 
3 
4 
2 
2 
6 
1 1866461762  
2 
5 
5 
4 
3 
4 
2 
3 
1 972070323  
5 
4 
6 
4 
5 
4 
1 1598655959  
4 
5 
6 
4 
5 
1 1702358305  
6 
5 
3 
3 
2 
4 
6 
4 
5 
5 
4 
1 1034445484  
2 
5 
1 1746541085  
1 1320453209  
6 
5 
2 
6 
6 
4 
4 
2 
1 174930171  
3 
1 846982047  
3 
2 
5 
3 
1 965086190  
6 
4 
5 
2 
4 
6 
1 864211121  
5 
5 
1 1595140418  
4 
4 
1 1813819866  
4 
6 
1 1278541879  
1 305980953  
2 
4 
5 
6 
2 
2 
4 
5 
2 
6 
4 
1 1686167467  
1 73025060  
5 
5 
2 
3 
1 723088182  
3 
1 62689760  
2 
2 
2 
6 
4 
5 
6 
6 
2 
4 
2 
6 
1 715984914  
2 
1 1164230267  
5 
1 75524957  
1 1424214385  
6 
6 
6 
6 
1 1448388130  
1 398442384  
2 
1 2105672325  
5 
1 1119751982  
5 
6 
1 1269231721  
2 
4 
5 
1 844556901  
5 
1 1485264314  
5 
1 1036317549  
5 
6 
5 
3 
1 563535016  
2 
1 309850990  
6 
2 
4 
2 
5 
4 
6 
2 
6 
2 
4 
2 
1 487489860  
1 118409673  
6 
1 1344296474  
3 
6 
3 
2 
1 86547297  
3 
1 1438862883  
5 
5 
6 
6 
5 
1 1519226645  
6 
6 
6 
3 
6 
5 
4 
3 
1 933529344  
2 
3 
4 
4 
5 
5 
5 
4 
3 
6 
3 
6 
5 
6 
1 256465425  
3 
6 
2 
1 235954119  
1 381186114  
2 
5 
3 
4 
6 
2 
3 
5 
3 
6 
3 
6 
5 
3 
2 
2 
6 
2 
3 
6 
2 
3 
3 
5 
1 2070285292  
5 
1 1514495998  
3 
5 
3 
4 
1 687167068  
2 
5 
1 1608969111  
5 
2 
2 
4 
4 
5 
3 
5 
4 
3 
4 
2 
5 
4 
2 
1 1587521058  
2 
3 
5 
6 
5 
4 
3 
3 
6 
3 
4 
6 
4 
6 
6 
1 1410255250  
1 1671658871  
3 
1 156022324  
1 427001869  
1 1747183829  
4 
2 
5 
5 
6 
1 1580236710  
1 1875389999  
1 2145626213  
1 1538425387  
5 
6 
3 
5 
4 
2 
4 
3 
6 
1 847658333  
4 
4 
3 
4 
2 
5 
3 
6 
3 
4 
1 1267374286  
3 
1 235498640  
1 185439000  
1 156208187  
4 
5 
4 
1 799033656  
2 
5 
1 495289990  
1 643698047  
2 
1 917443330  
2 
4 
1 1839586464  
3 
6 
5 
5 
6 
6 
3 
6 
3 
6 
1 730245344  
2 
6 
2 
2 
5 
3 
4 
6 
6 
1 208822565  
4 
1 1211329461  
5 
5 
3 
1 1663774689  
3 
2 
1 465287990  
1 1447283580  
5 
1 2044960803  
2 
5 
3 
4 
4 
1 388089634  
1 814295931  
6 
2 
3 
3 
5 
1 584644223  
2 
4 
5 
4 
4 
4 
6 
5 
4 
6 
4 
5 
2 
5 
5 
3 
5 
6 
5 
2 
5 
5 
2 
3 
6 
5 
2 
2 
1 1997058746  
3 
1 254333341  
3 
6 
5 
4 
1 1994899474  
6 
6 
3 
2 
6 
6 
5 
2 
1 1521233969  
6 
6 
1 410355666  
3 
2 
6 
6 
1 274417695  
1 1120934150  
5 
1 1990592376  
5 
1 2324047  
4 
6 
2 
1 1119076716  
2 
1 1381534115  
6 
5 
2 
6 
2 
6 
3 
2 
4 
1 849982380  
6 
5 
5 
2 
2 
1 238967354  
4 
1 1617032755  
6 
5 
6 
4 
4 
1 1035421380  
3 
2 
6 
4 
1 395175542  
6 
6 
2 
5 
2 
3 
6 
4 
2 
6 
4 
6 
6 
3 
3 
5 
3 
6 
1 268582764  
3 
6 
6 
2 
5 
3 
1 1530711370  
3 
4 
6 
6 
3 
3 
2 
5 
1 1038873589  
1 1186026094  
4 
2 
6 
6 
6 
1 1222814186  
6 
5 
4 
1 1769118934  
6 
3 
2 
6 
4 
1 1394848659  
3 
3 
3 
5 
5 
2 
1 286660000  
3 
2 
4 
2 
4 
3 
1 1285409975  
4 
5 
3 
3 
4 
4 
1 1860136649  
5 
4 
5 
5 
4 
1 1733943580  
1 1182887130  
6 
5 
4 
3 
6 
5 
4 
4 
5 
2 
4 
4 
1 100742636  
4 
6 
5 
2 
6 
1 400755863  
2 
3 
6 
5 
6 
2 
1 1767531354  
2 
2 
6 
4 
6 
6 
1 2097801382  
2 
5 
6 
1 655089205  
1 1614947180  
1 1471551703  
4 
2 
3 
6 
2 
6 
6 
3 
1 1065444871  
6 
1 1889364875  
2 
4 
4 
4 
2 
2 
6 
4 
6 
2 
3 
4 
4 
6 
5 
3 
6 
5 
4 
4 
1 445002206  
4 
4 
3 
3 
6 
1 908553599  
6 
4 
1 1891688922  
2 
4 
2 
1 1564078922  
3 
4 
4 
1 142604066  
3 
4 
4 
1 594187655  
6 
5 
3 
4 
3 
3 
6 
1 1803046276  
3 
1 1759636821  
3 
5 
4 
5 
3 
6 
1 1629609035  
2 
4 
1 50738170  
1 2028219585  
6 
3 
2 
6 
6 
6 
1 1012836758  
6 
4 
6 
1 1089611760  
3 
1 1066762031  
1 88167296  
1 711247046  
5 
5 
5 
1 314127042  
4 
5 
1 374827296  
3 
3 
4 
4 
5 
2 
6 
3 
6 
6 
3 
5 
3 
5 
5 
6 
2 
6 
6 
6 
2 
2 
4 
3 
6 
6 
4 
2 
6 
4 
6 
5 
4 
3 
5 
4 
6 
2 
1 1996657021  
6 
1 26780044  
4 
2 
1 2108770877  
5 
3 
2 
5 
4 
4 
1 1032060503  
3 
5 
4 
5 
3 
2 
3 
4 
1 127522680  
5 
6 
4 
6 
6 
5 
6 
5 
3 
2 
2 
4 
4 
2 
4 
2 
6 
6 
4 
3 
6 
2 
4 
5 
3 
4 
4 
4 
3 
5 
2 
3 
4 
4 
6 
2 
6 
4 
2 
5 
2 
1 362043092  
4 
3 
1 652108209  
2 
2 
4 
2 
6 
1 77840414  
3 
1 1017132297  
2 
6 
4 
3 
5 
4 
1 119571741  
2 
3 
2 
3 
6 
6 
3 
5 
3 
3 
2 
6 
4 
4 
2 
1 1549392117  
2 
5 
3 
6 
1 2082577168  
1 2008936617  
4 
5 
3 
3 
5 
3 
4 
1 1994394323  
4 
4 
5 
5 
5 
2 
4 
4 
5 
5 
2 
5 
1 843647119  
3 
5 
4 
1 1753141891  
3 
1 1410989597  
1 986251185  
1 199845898  
2 
1 1066552226  
2 
1 598404359  
6 
4 
1 1829454934  
3 
4 
2 
4 
1 1117290396  
3 
2 
5 
3 
3 
1 479140296  
3 
5 
5 
3 
1 694808044  
6 
3 
2 
5 
6 
6 
4 
5 
5 
3 
5 
2 
1 59418508  
2 
6 
1 1545902328  
6 
4 
1 782975340  
1 770665554  
3 
1 1860029370  
4 
5 
3 
6 
1 1157802637  
3 
6 
1 619838927  
3 
5 
5 
2 
6 
3 
4 
2 
1 1886809414  
3 
3 
4 
4 
6 
2 
3 
2 
1 1119089866  
1 1651899431  
1 2014332094  
5 
5 
2 
5 
3 
5 
2 
3 
5 
2 
4 
4 
5 
2 
3 
6 
1 1481132958  
4 
6 
4 
1 156523992  
5 
6 
2 
3 
6 
2 
6 
2 
6 
6 
1 2092172508  
3 
5 
1 350781608  
1 276095734  
3 
2 
2 
6 
2 
3 
5 
5 
5 
4 
2 
3 
3 
4 
2 
5 
2 
2 
3 
1 1494080978  
1 285875128  
2 
3 
2 
3 
3 
4 
2 
3 
5 
3 
2 
6 
3 
2 
4 
2 
1 137548703  
3 
3 
1 1340991653  
3 
6 
1 1129522248  
5 
5 
2 
1 1890690594  
6 
2 
3 
3 
5 
4 
2 
3 
1 604497603  
3 
6 
4 
3 
1 2115773433  
1 2090536493  
5 
3 
4 
4 
6 
1 1671049829  
2 
5 
6 
5 
5 
4 
1 566694144  
1 1772507779  
1 640856577  
3 
4 
5 
5 
5 
6 
1 1045834441  
1 319832175  
1 700275086  
4 
1 444253121  
3 
2 
2 
5 
3 
5 
5 
3 
4 
2 
1 1102807515  
2 
3 
2 
5 
6 
2 
3 
1 1470940640  
4 
1 156798843  
3 
4 
3 
1 113126504  
2 
5 
5 
4 
4 
5 
1 2090779568  
5 
6 
1 2043608258  
1 1232216370  
3 
4 
3 
3 
3 
1 1595195351  
5 
1 1910456704  
5 
6 
3 
1 565865681  
4 
2 
1 1751719343  
5 
6 
6 
2 
3 
4 
2 
2 
2 
3 
2 
3 
4 
5 
4 
5 
5 
6 
5 
4 
3 
5 
2 
4 
5 
3 
1 1855145565  
2 
4 
1 916647289  
5 
1 2027815077  
3 
5 
2 
4 
4 
6 
3 
1 1201742895  
3 
3 
6 
2 
6 
6 
1 1202522417  
5 
2 
3 
1 17880132  
3 
6 
1 395250900  
2 
5 
3 
6 
3 
2 
6 
3 
1 184561017  
1 1908570727  
3 
2 
6 
3 
5 
5 
4 
1 999748503  
6 
4 
1 152850803  
6 
6 
1 1851623572  
5 
6 
3 
6 
3 
3 
3 
1 523314684  
5 
4 
2 
1 719544947  
4 
4 
2 
1 1476647703  
3 
6 
2 
2 
5 
5 
1 1164171262  
3 
4 
4 
1 1765379388  
5 
2 
5 
3 
1 1796479878  
1 1864446348  
6 
4 
4 
2 
5 
4 
5 
2 
4 
2 
2 
6 
1 62148861  
5 
2 
5 
2 
3 
2 
6 
6 
2 
6 
6 
5 
1 751803745  
1 1187903340  
4 
5 
2 
3 
3 
6 
1 218947705  
3 
6 
6 
6 
2 
4 
2 
6 
4 
1 864930250  
3 
6 
6 
3 
6 
1 1131199260  
2 
3 
6 
1 115072315  
1 2097146620  
3 
6 
1 578910963  
6 
2 
5 
3 
1 2025529019  
4 
5 
5 
2 
3 
1 515528653  
4 
6 
2 
2 
1 183146659  
6 
6 
2 
5 
4 
4 
1 1733190936  
1 1432175942  
4 
6 
3 
4 
5 
2 
4 
2 
4 
2 
2 
4 
1 63478088  
2 
1 787450183  
3 
2 
1 487214712  
6 
1 81358221  
5 
6 
6 
2 
5 
4 
3 
3 
4 
4 
2 
4 
2 
2 
4 
2 
6 
4 
4 
5 
4 
6 
1 1182701084  
6 
1 671775729  
1 1989928948  
3 
4 
2 
6 
1 34965939  
2 
2 
2 
3 
6 
6 
5 
6 
6 
3 
3 
2 
5 
3 
3 
6 
4 
6 
2 
3 
3 
3 
5 
6 
1 824626532  
4 
2 
3 
2 
4 
1 1694068872  
6 
6 
5 
4 
6 
1 558280624  
4 
6 
5 
3 
6 
4 
2 
5 
1 1544171480  
4 
6 
3 
5 
2 
1 1023232927  
4 
3 
1 1722451886  
6 
6 
5 
2 
2 
2 
5 
1 1162067220  
2 
6 
6 
1 672229157  
6 
5 
3 
6 
6 
4 
5 
6 
3 
6 
2 
4 
1 1439414586  
5 
6 
6 
6 
2 
4 
2 
6 
4 
3 
3 
6 
2 
3 
5 
6 
4 
6 
3 
4 
2 
3 
5 
2 
4 
3 
6 
3 
2 
2 
2 
5 
1 1224216082  
1 1424032902  
6 
2 
6 
4 
2 
1 479834278  
1 1443163787  
2 
2 
4 
5 
6 
2 
3 
5 
3 
1 141479504  
3 
2 
6 
3 
1 1611033539  
5 
4 
1 1558236102  
3 
4 
6 
3 
2 
4 
5 
5 
2 
1 91142477  
5 
4 
5 
1 42460854  
6 
1 1436281473  
6 
2 
5 
6 
4 
3 
3 
2 
1 606671130  
1 225607513  
2 
2 
6 
2 
5 
1 1021988762  
1 2038847073  
3 
2 
6 
4 
3 
5 
6 
4 
2 
2 
6 
2 
5 
1 289085602  
1 1809438945  
1 378578137  
3 
2 
1 370443823  
1 844656381  
1 1050353866  
3 
6 
6 
1 212889123  
5 
6 
5 
4 
5 
1 879622321  
3 
6 
3 
4 
4 
1 1874980399  
6 
2 
1 1906957995  
3 
5 
2 
2 
2 
3 
4 
5 
2 
4 
1 1437902945  
2 
3 
5 
2 
2 
4 
4 
2 
4 
3 
2 
4 
3 
6 
3 
1 1271668231  
4 
4 
5 
5 
6 
5 
6 
6 
2 
3 
1 782707274  
4 
5 
5 
3 
4 
3 
3 
5 
2 
4 
4 
1 1012871183  
1 286251803  
3 
4 
2 
5 
6 
1 1454936431  
4 
4 
1 304802121  
4 
3 
2 
2 
1 1510467885  
5 
4 
2 
3 
4 
6 
1 731485685  
3 
4 
3 
4 
3 
4 
6 
3 
4 
2 
4 
6 
5 
3 
6 
1 784636399  
1 806148024  
3 
6 
3 
6 
3 
6 
1 872965190  
1 248186290  
2 
1 216900478  
5 
6 
4 
5 
6 
3 
6 
3 
1 964107667  
4 
5 
6 
2 
4 
3 
1 290647145  
4 
4 
3 
6 
3 
1 1653181952  
3 
2 
2 
6 
4 
1 1570778797  
1 516254658  
6 
4 
3 
5 
2 
5 
3 
3 
3 
3 
3 
2 
3 
1 527687066  
1 1462142222  
1 805340260  
2 
2 
2 
6 
3 
3 
5 
6 
6 
2 
2 
3 
5 
5 
3 
6 
5 
3 
5 
3 
6 
1 189642363  
1 1840720359  
2 
5 
1 1175784083  
2 
2 
6 
6 
4 
1 1034298745  
5 
4 
5 
3 
4 
4 
2 
2 
1 743590578  
2 
3 
5 
6 
4 
4 
3 
6 
2 
6 
3 
4 
2 
2 
5 
2 
2 
3 
3 
4 
3 
2 
5 
6 
6 
5 
5 
5 
4 
6 
2 
1 1388673206  
3 
3 
4 
4 
1 1913921066  
2 
2 
5 
3 
2 
2 
4 
5 
2 
4 
1 471087329  
1 1148147553  
5 
4 
4 
4 
2 
1 1204340363  
1 1742755560  
5 
1 1930854827  
5 
6 
3 
2 
4 
6 
1 69727898  
1 2029007363  
1 1238307610  
3 
4 
5 
6 
1 374530019  
1 1391991601  
5 
3 
1 1969793296  
6 
5 
2 
5 
4 
5 
2 
6 
3 
6 
4 
4 
6 
6 
4 
5 
3 
2 
3 
1 1159166418  
5 
3 
2 
1 50655977  
2 
2 
3 
6 
6 
3 
6 
5 
2 
5 
6 
3 
2 
4 
5 
4 
1 695274838  
6 
4 
3 
1 1407352709  
2 
5 
2 
6 
3 
4 
5 
6 
1 267556456  
5 
6 
6 
2 
6 
4 
2 
2 
6 
5 
5 
3 
4 
4 
1 1659382505  
3 
5 
6 
2 
2 
1 1697999854  
1 1920738408  
1 1082677654  
5 
6 
5 
1 66770864  
6 
1 300941826  
4 
3 
3 
6 
6 
1 397336229  
1 872111125  
4 
3 
5 
1 490584189  
6 
6 
1 90572940  
6 
6 
6 
5 
1 2047895208  
1 1524882934  
2 
5 
2 
3 
6 
1 834163518  
5 
6 
5 
1 1289084767  
3 
4 
2 
4 
6 
4 
5 
4 
4 
1 1291320352  
5 
6 
2 
2 
3 
5 
3 
1 1305250847  
6 
5 
6 
4 
5 
4 
1 289748672  
5 
6 
4 
1 348177067  
2 
5 
5 
1 900522759  
4 
6 
1 73119852  
2 
5 
5 
3 
5 
3 
4 
5 
5 
1 417904965  
3 
3 
4 
3 
3 
1 782046475  
5 
4 
2 
2 
6 
3 
6 
2 
6 
4 
6 
5 
4 
6 
1 1311427462  
1 792434984  
1 26554428  
6 
4 
5 
6 
1 1133737110  
5 
4 
4 
2 
3 
2 
4 
1 1951601403  
3 
1 77210405  
2 
1 1829011948  
5 
3 
3 
6 
6 
4 
1 1211470464  
6 
1 344766861  
3 
1 1340910805  
5 
3 
1 761986670  
1 118021621  
4 
2 
6 
1 276104812  
1 828757534  
5 
1 418963447  
1 673441041  
6 
2 
3 
4 
3 
4 
1 1700868659  
5 
2 
1 909547637  
5 
6 
5 
5 
5 
5 
3 
6 
3 
2 
6 
6 
3 
1 764013981  
3 
6 
3 
6 
6 
2 
2 
1 1601280220  
6 
3 
1 286946923  
5 
3 
1 1598177500  
4 
2 
3 
6 
1 742881339  
4 
4 
3 
6 
6 
2 
1 1578267276  
6 
4 
2 
5 
3 
1 755944699  
3 
4 
3 
6 
1 1032630011  
4 
2 
5 
1 1926444343  
4 
1 1656467459  
2 
3 
3 
1 1105749863  
4 
3 
4 
6 
3 
4 
2 
2 
1 196865661  
3 
4 
3 
6 
4 
2 
2 
5 
3 
6 
4 
4 
4 
4 
5 
2 
6 
3 
1 291030286  
1 269693678  
2 
4 
6 
5 
6 
3 
3 
4 
6 
2 
5 
3 
5 
6 
4 
6 
3 
5 
1 989300645  
6 
1 317584714  
2 
5 
2 
3 
1 1403430788  
2 
3 
2 
5 
5 
6 
5 
3 
2 
3 
2 
5 
1 793418400  
3 
3 
3 
2 
6 
3 
3 
6 
4 
4 
3 
5 
2 
3 
6 
4 
1 394795119  
4 
6 
4 
3 
3 
1 1084959089  
6 
6 
6 
5 
3 
2 
6 
3 
5 
2 
3 
3 
2 
6 
2 
4 
3 
2 
4 
4 
5 
2 
4 
1 2004888864  
2 
6 
4 
6 
4 
1 739561981  
1 278386246  
6 
5 
5 
4 
3 
6 
1 619391886  
4 
6 
4 
3 
4 
1 857583602  
6 
3 
4 
2 
1 554491058  
5 
3 
1 1448149421  
2 
2 
3 
4 
2 
6 
2 
6 
4 
5 
1 1276547050  
4 
3 
1 1227932099  
2 
5 
5 
2 
5 
3 
2 
6 
5 
5 
1 1001534432  
6 
3 
5 
3 
4 
1 38611039  
1 1991946081  
1 455331004  
1 325557962  
5 
2 
4 
3 
3 
6 
6 
6 
5 
1 1442639933  
6 
6 
3 
5 
4 
2 
3 
3 
3 
6 
2 
6 
3 
4 
6 
6 
1 1198212343  
6 
4 
4 
6 
4 
5 
3 
2 
6 
2 
4 
1 1903825238  
4 
1 51100984  
2 
5 
2 
5 
2 
5 
4 
5 
3 
6 
3 
1 83358707  
6 
2 
6 
3 
4 
4 
5 
3 
2 
3 
4 
4 
4 
2 
1 1682785934  
1 1707568443  
6 
5 
6 
5 
4 
4 
2 
4 
6 
3 
5 
4 
5 
1 1189108570  
6 
3 
4 
6 
6 
4 
5 
2 
6 
4 
3 
4 
2 
2 
1 1879651595  
5 
6 
6 
3 
2 
6 
3 
1 1998598729  
3 
4 
3 
1 1458802248  
2 
2 
6 
6 
2 
3 
1 721468592  
6 
4 
6 
2 
3 
5 
4 
4 
2 
6 
5 
5 
5 
5 
1 168699795  
4 
3 
2 
5 
5 
4 
6 
1 714749389  
5 
5 
2 
5 
6 
3 
5 
2 
6 
6 
2 
3 
6 
2 
6 
3 
4 
4 
6 
4 
6 
1 1514886993  
6 
6 
4 
2 
3 
2 
6 
3 
3 
5 
5 
1 563494915  
2 
6 
2 
6 
5 
6 
3 
4 
6 
4 
4 
6 
1 1799708478  
5 
3 
3 
2 
2 
4 
3 
2 
1 1372292209  
4 
2 
6 
1 1303056896  
3 
3 
5 
5 
1 2078094724  
6 
3 
1 1991684096  
6 
1 13156850  
2 
3 
5 
3 
2 
5 
3 
5 
5 
1 485102135  
5 
5 
6 
1 1292349869  
3 
5 
5 
6 
2 
2 
5 
6 
3 
6 
5 
6 
4 
1 1289703900  
2 
3 
2 
1 1713034234  
2 
1 146400653  
6 
1 1328314939  
6 
2 
1 1557496667  
6 
3 
4 
5 
5 
6 
5 
2 
4 
5 
2 
6 
4 
1 601731658  
5 
2 
1 1653872902  
3 
6 
2 
6 
4 
1 852652952  
6 
1 1799944001  
3 
3 
6 
1 1410214492  
4 
1 903753937  
3 
6 
5 
2 
6 
1 1883302708  
6 
6 
6 
2 
2 
6 
1 945516778  
5 
2 
3 
2 
1 463838732  
3 
3 
6 
3 
5 
1 924927631  
6 
2 
4 
6 
5 
3 
5 
1 677684725  
3 
4 
1 314953814  
3 
2 
3 
3 
6 
4 
3 
2 
3 
4 
6 
5 
3 
2 
4 
3 
6 
5 
3 
3 
4 
6 
2 
3 
4 
2 
3 
3 
1 236246231  
2 
4 
1 1399153318  
6 
6 
6 
4 
3 
5 
6 
4 
5 
4 
5 
5 
1 483653609  
6 
5 
5 
4 
4 
4 
3 
2 
6 
2 
6 
5 
1 950995620  
2 
2 
5 
5 
1 766556663  
5 
6 
4 
4 
6 
5 
4 
2 
4 
6 
3 
6 
2 
4 
1 1047148524  
3 
1 603220450  
5 
4 
2 
3 
5 
3 
6 
1 2138848872  
5 
5 
1 202721772  
1 533831527  
1 1983049320  
1 215878623  
1 1018933662  
1 1127915541  
2 
5 
2 
4 
6 
3 
1 1505582523  
6 
4 
1 584484248  
2 
2 
2 
5 
2 
4 
6 
5 
3 
2 
4 
2 
6 
4 
2 
6 
5 
6 
1 1274316195  
4 
2 
6 
5 
5 
5 
6 
4 
6 
5 
2 
4 
3 
4 
1 686413815  
4 
3 
6 
6 
1 2141980916  
6 
5 
3 
4 
5 
4 
4 
6 
3 
6 
2 
2 
1 1876047853  
5 
6 
1 192803069  
2 
4 
3 
3 
5 
1 847150220  
4 
4 
4 
1 1528508206  
4 
1 1603017561  
1 1750904157  
6 
5 
1 1264327267  
6 
5 
4 
4 
3 
1 401050692  
3 
1 67259242  
4 
5 
3 
4 
5 
3 
6 
6 
4 
1 41771250  
2 
3 
3 
2 
5 
5 
4 
6 
6 
3 
4 
6 
4 
1 1078735417  
4 
3 
3 
2 
6 
3 
1 382213056  
6 
3 
5 
5 
4 
1 278017481  
5 
6 
4 
2 
3 
2 
2 
3 
1 330405087  
5 
6 
1 865866665  
1 1229013102  
6 
5 
2 
3 
3 
6 
5 
1 1096961750  
5 
3 
6 
5 
3 
4 
5 
3 
5 
1 1913015190  
3 
3 
5 
3 
6 
2 
4 
1 1832233552  
4 
5 
3 
4 
6 
5 
5 
6 
1 1088326975  
4 
5 
1 2115736962  
2 
4 
1 218581431  
6 
1 923892647  
4 
1 184131937  
5 
3 
4 
2 
5 
1 1237515093  
2 
2 
4 
2 
3 
1 2051808189  
5 
3 
6 
1 1689714461  
2 
3 
5 
2 
5 
1 1821999342  
5 
3 
2 
2 
1 1178640736  
5 
1 228644628  
1 1816496610  
2 
5 
3 
6 
3 
1 907204941  
1 421447697  
3 
2 
4 
4 
6 
4 
3 
3 
4 
1 516163182  
1 288229499  
5 
2 
5 
1 2024465258  
1 119583692  
4 
5 
1 1552556766  
6 
1 278032302  
3 
2 
1 186842934  
4 
6 
6 
3 
4 
1 1594328016  
3 
5 
2 
3 
5 
4 
4 
6 
1 1356767720  
6 
5 
5 
1 569055990  
4 
1 1872345498  
5 
4 
4 
6 
6 
1 1687172807  
2 
1 1434922655  
5 
3 
6 
1 953874952  
4 
5 
3 
3 
6 
1 636650910  
4 
6 
2 
6 
3 
3 
6 
3 
6 
2 
5 
4 
2 
1 1200454197  
3 
6 
4 
4 
4 
4 
5 
6 
5 
2 
5 
6 
6 
1 638624856  
4 
5 
5 
5 
5 
6 
1 1724977885  
2 
4 
6 
1 1168707512  
4 
3 
2 
2 
1 857206288  
5 
5 
6 
5 
5 
1 501386884  
2 
6 
5 
3 
1 1352839449  
5 
5 
1 2094721381  
5 
1 405711425  
2 
1 895070262  
4 
6 
2 
2 
2 
3 
6 
2 
5 
5 
5 
2 
1 1769237075  
2 
6 
5 
4 
1 1584352161  
6 
5 
2 
4 
5 
4 
2 
2 
2 
5 
6 
4 
5 
5 
2 
2 
2 
3 
5 
1 1123714890  
2 
3 
5 
6 
4 
5 
4 
3 
6 
4 
6 
5 
5 
5 
4 
3 
5 
4 
6 
2 
5 
2 
4 
3 
5 
3 
5 
2 
1 1438250037  
5 
1 344073454  
5 
3 
4 
5 
5 
5 
1 1545162587  
5 
4 
6 
1 1954413220  
1 632302954  
1 1422144198  
2 
3 
1 2073996912  
5 
4 
4 
1 37376072  
3 
6 
1 1700176500  
2 
5 
4 
4 
6 
1 113356198  
5 
3 
4 
6 
2 
4 
3 
4 
5 
6 
2 
6 
2 
6 
1 1631704089  
3 
6 
2 
6 
6 
2 
5 
3 
5 
1 909460572  
1 682412188  
3 
4 
6 
4 
1 1356565939  
3 
6 
1 449149732  
6 
3 
4 
1 2117334843  
3 
1 162957243  
3 
1 1085800642  
2 
2 
5 
5 
5 
5 
4 
5 
6 
3 
1 1170305393  
4 
5 
1 801582099  
6 
6 
6 
3 
3 
3 
3 
6 
6 
6 
1 663294879  
3 
2 
6 
5 
4 
4 
5 
5 
6 
5 
5 
5 
6 
6 
4 
1 191529257  
3 
2 
4 
6 
6 
2 
4 
1 1658788387  
6 
1 1164681763  
1 1544368706  
3 
2 
3 
2 
4 
1 1606026121  
5 
6 
6 
3 
3 
6 
5 
5 
5 
4 
6 
6 
1 1570393189  
5 
3 
3 
6 
6 
6 
6 
5 
6 
2 
4 
2 
1 291955321  
3 
1 1227779548  
1 1007261702  
4 
5 
4 
6 
2 
4 
4 
3 
2 
3 
6 
3 
3 
5 
4 
6 
1 1415670211  
5 
5 
3 
2 
5 
3 
2 
3 
1 518545938  
4 
2 
5 
5 
4 
3 
5 
4 
1 1351335157  
3 
4 
1 813349151  
4 
2 
3 
5 
2 
5 
1 325475510  
5 
1 1983638111  
2 
1 88009701  
1 251988774  
6 
6 
6 
5 
6 
2 
2 
4 
3 
4 
4 
4 
5 
3 
6 
4 
4 
6 
4 
4 
5 
2 
4 
6 
1 2021014183  
5 
2 
1 1788186201  
1 365344972  
6 
2 
3 
1 1505234624  
5 
2 
2 
3 
5 
2 
3 
4 
2 
2 
6 
6 
6 
6 
6 
2 
5 
3 
5 
1 550163126  
5 
4 
3 
2 
1 1047757160  
4 
6 
3 
5 
2 
4 
2 
5 
2 
1 714316915  
2 
1 999312858  
3 
4 
4 
4 
3 
2 
6 
3 
2 
3 
2 
5 
5 
2 
4 
2 
5 
2 
2 
6 
4 
3 
4 
6 
5 
4 
1 1017608355  
6 
1 877274158  
6 
4 
4 
5 
4 
6 
2 
6 
3 
3 
6 
4 
2 
1 2085113500  
3 
1 40430100  
1 1678856258  
1 600924731  
2 
4 
2 
2 
1 231959357  
5 
2 
2 
1 1190160997  
6 
6 
2 
5 
5 
4 
6 
3 
3 
6 
3 
4 
3 
2 
5 
2 
4 
6 
3 
2 
3 
2 
5 
5 
5 
5 
2 
6 
2 
5 
1 1765606494  
2 
6 
2 
5 
5 
5 
4 
4 
3 
2 
1 1776328064  
6 
1 648703470  
1 1188516035  
4 
2 
3 
5 
4 
6 
1 2068283385  
6 
2 
1 1876483019  
3 
1 48294090  
2 
5 
4 
2 
2 
5 
1 1336469948  
5 
5 
3 
4 
1 247545309  
5 
3 
3 
1 1399629247  
6 
6 
3 
3 
6 
3 
4 
1 2335451  
4 
1 573020819  
4 
2 
5 
6 
3 
3 
2 
2 
5 
6 
1 1235783710  
3 
3 
4 
2 
2 
2 
3 
5 
6 
4 
3 
3 
6 
6 
6 
6 
2 
3 
4 
2 
1 90345152  
2 
3 
1 825009593  
3 
1 1109314245  
4 
6 
2 
2 
3 
4 
5 
6 
5 
3 
6 
4 
2 
1 1878531354  
6 
2 
2 
3 
4 
5 
2 
6 
1 1190354565  
6 
6 
1 467065222  
6 
1 281210832  
5 
1 90628077  
2 
5 
6 
2 
6 
2 
3 
5 
4 
1 1181382137  
2 
4 
3 
1 1280523690  
1 1108236432  
2 
2 
1 2058656296  
3 
4 
5 
6 
4 
5 
6 
4 
1 1218153542  
3 
3 
2 
5 
6 
2 
6 
5 
2 
4 
2 
4 
3 
5 
2 
2 
4 
5 
3 
4 
4 
3 
3 
3 
1 1148666533  
2 
2 
6 
1 1590028906  
3 
6 
2 
6 
4 
5 
1 1819078273  
5 
3 
4 
6 
6 
1 1380625890  
5 
1 632706255  
1 1437201119  
3 
2 
1 1009470306  
3 
2 
5 
4 
2 
1 1281409726  
4 
1 478233507  
5 
6 
2 
5 
1 930270043  
6 
5 
4 
1 1010409097  
4 
2 
3 
4 
3 
5 
1 526527597  
6 
4 
2 
2 
6 
1 119256344  
4 
1 1257954406  
4 
4 
2 
6 
3 
3 
4 
6 
2 
1 1926156844  
6 
3 
6 
1 121591795  
3 
1 1830975225  
6 
6 
5 
4 
5 
1 1014456906  
6 
3 
2 
3 
6 
4 
2 
3 
6 
5 
6 
1 211936948  
5 
4 
3 
3 
1 508501170  
2 
3 
4 
4 
5 
6 
5 
6 
3 
4 
5 
4 
1 2123771151  
4 
1 2090468302  
4 
5 
3 
2 
3 
3 
6 
3 
1 1698855735  
2 
3 
4 
5 
4 
1 443352725  
1 224195486  
3 
3 
3 
6 
2 
1 1789483812  
6 
2 
4 
3 
3 
5 
2 
1 1624734863  
6 
4 
4 
1 1504719176  
2 
3 
5 
2 
5 
5 
4 
1 750236596  
6 
3 
4 
5 
1 1535907511  
2 
4 
6 
1 575389070  
3 
5 
2 
1 1898903129  
2 
5 
4 
2 
4 
1 978452769  
2 
4 
1 246983695  
3 
1 1132045372  
3 
1 1611159024  
5 
5 
4 
5 
1 1684184814  
2 
5 
4 
6 
1 2141515678  
5 
2 
1 745085102  
5 
6 
5 
5 
5 
4 
2 
3 
2 
2 
4 
5 
5 
2 
3 
5 
5 
3 
3 
2 
1 14934673  
4 
2 
6 
1 924302074  
5 
2 
1 1755494199  
1 541462270  
2 
4 
6 
5 
2 
3 
1 1043558418  
4 
2 
5 
6 
3 
6 
6 
1 865964957  
4 
5 
3 
1 320135466  
4 
6 
2 
4 
6 
3 
5 
3 
3 
6 
1 1165150213  
1 549456534  
2 
3 
4 
5 
2 
1 1334592372  
5 
4 
6 
2 
3 
2 
6 
3 
5 
4 
4 
6 
2 
2 
6 
4 
2 
2 
5 
2 
5 
2 
4 
2 
3 
3 
6 
5 
1 1377087161  
1 1057957704  
6 
2 
4 
3 
4 
2 
3 
5 
1 1310879876  
3 
4 
1 1320071815  
3 
4 
6 
2 
1 609329791  
1 1754232601  
3 
6 
2 
4 
1 1544267301  
1 251329955  
4 
5 
3 
6 
5 
5 
3 
6 
3 
6 
2 
4 
3 
3 
6 
5 
5 
5 
2 
1 1231483816  
2 
2 
5 
1 901502829  
5 
4 
4 
1 1001566552  
5 
1 619907679  
2 
2 
2 
4 
3 
4 
4 
3 
6 
4 
6 
3 
6 
5 
1 1476891899  
6 
6 
1 752986033  
2 
2 
2 
5 
3 
5 
6 
3 
5 
2 
3 
5 
3 
1 1598360448  
4 
6 
5 
5 
4 
2 
2 
3 
6 
5 
5 
6 
1 1723875594  
6 
1 1885031405  
5 
4 
5 
1 1062035825  
6 
4 
1 1260576761  
4 
3 
5 
3 
3 
4 
3 
3 
5 
1 1879063436  
6 
6 
3 
5 
6 
3 
4 
2 
4 
2 
5 
5 
1 1807120927  
2 
5 
6 
3 
2 
1 1275511434  
3 
4 
6 
1 655881862  
2 
1 1415131479  
5 
4 
5 
6 
4 
1 1816973705  
1 1699440280  
2 
5 
5 
2 
2 
2 
2 
3 
5 
5 
4 
1 133612788  
6 
1 2137109171  
5 
6 
4 
2 
4 
6 
4 
2 
5 
4 
2 
6 
4 
4 
6 
1 717106845  
4 
5 
6 
1 683069323  
2 
5 
3 
3 
6 
3 
6 
2 
2 
1 1324217896  
3 
6 
4 
2 
6 
4 
6 
2 
4 
3 
3 
3 
6 
4 
2 
4 
2 
4 
2 
3 
6 
3 
3 
2 
2 
1 2094194007  
4 
5 
5 
5 
1 1741027027  
1 487614124  
5 
6 
5 
6 
3 
1 1266782174  
5 
2 
2 
2 
3 
6 
1 202873171  
3 
3 
1 94363077  
6 
1 663565828  
5 
2 
4 
1 454203126  
5 
1 1325846894  
4 
6 
1 1565068657  
4 
4 
4 
1 1455769678  
1 1945754573  
3 
3 
2 
1 894476909  
6 
2 
4 
5 
3 
1 61272064  
3 
3 
1 1396631374  
1 470868855  
1 1946303469  
2 
5 
4 
5 
1 311183551  
2 
6 
3 
3 
3 
1 1731445616  
3 
2 
3 
2 
1 1677883257  
1 2118304478  
1 859473403  
6 
2 
4 
3 
2 
2 
1 186281471  
6 
1 1385952309  
3 
4 
3 
4 
1 528963460  
5 
4 
5 
1 1885721751  
5 
4 
3 
4 
4 
2 
2 
4 
4 
6 
6 
3 
5 
5 
6 
6 
5 
6 
1 1519565098  
2 
1 518588983  
1 455344949  
5 
4 
4 
6 
2 
5 
3 
2 
5 
5 
4 
2 
4 
1 55150773  
1 1842806879  
1 402055308  
3 
6 
3 
4 
2 
2 
4 
1 1796177800  
1 182937355  
4 
3 
6 
1 1668837482  
1 1999050971  
4 
2 
4 
5 
5 
5 
2 
5 
4 
1 277300433  
2 
1 184919662  
3 
3 
1 305770450  
4 
5 
4 
4 
5 
3 
2 
5 
5 
5 
1 1603147327  
2 
3 
2 
3 
3 
4 
2 
5 
5 
6 
3 
6 
1 1749988320  
6 
1 1761540128  
3 
3 
6 
1 1401418252  
6 
2 
1 496981581  
1 1822812192  
1 650565978  
4 
4 
5 
2 
1 967850436  
2 
3 
4 
5 
1 1621632014  
4 
4 
4 
5 
5 
4 
2 
3 
1 961749529  
1 551812405  
5 
2 
4 
5 
1 1152031623  
3 
3 
4 
5 
1 932570360  
5 
5 
2 
3 
4 
4 
2 
2 
2 
4 
6 
1 1411285808  
6 
4 
1 1338313095  
5 
4 
5 
5 
3 
4 
3 
2 
3 
5 
3 
3 
4 
4 
1 171039021  
1 1940249268  
2 
5 
2 
5 
6 
2 
3 
3 
2 
1 1076551198  
2 
6 
6 
1 1690604119  
2 
4 
6 
4 
1 311354603  
4 
4 
2 
2 
3 
4 
1 1531896147  
3 
4 
6 
2 
3 
6 
4 
1 1745754892  
1 6677835  
3 
1 1933951455  
6 
5 
4 
5 
1 1394449045  
3 
6 
3 
3 
4 
5 
6 
2 
3 
1 189615190  
1 1455305290  
4 
3 
5 
1 1246016368  
6 
5 
1 466915623  
4 
5 
1 1640224952  
3 
3 
3 
6 
2 
5 
2 
5 
6 
2 
2 
2 
2 
5 
2 
5 
2 
5 
3 
2 
4 
2 
5 
6 
3 
3 
6 
6 
2 
4 
5 
2 
2 
6 
3 
5 
1 1551786818  
2 
3 
2 
2 
4 
3 
3 
5 
3 
3 
3 
4 
2 
5 
1 2070062950  
2 
5 
2 
6 
2 
3 
6 
6 
6 
6 
6 
3 
6 
1 1242729624  
3 
3 
4 
2 
2 
5 
4 
2 
6 
5 
6 
2 
3 
3 
5 
5 
2 
2 
4 
5 
4 
1 1165843299  
1 1323997555  
3 
5 
5 
5 
3 
2 
5 
4 
1 1739711205  
4 
3 
1 841171843  
5 
3 
6 
5 
4 
2 
6 
3 
3 
6 
3 
1 1974563533  
6 
1 560077994  
2 
6 
3 
1 315320209  
2 
4 
3 
1 788829415  
6 
3 
1 1111890399  
4 
2 
1 1467351833  
1 1721399775  
5 
6 
5 
6 
1 375692559  
2 
6 
1 658181280  
2 
1 1892438796  
5 
3 
4 
5 
5 
6 
6 
5 
1 168458179  
4 
3 
6 
5 
5 
2 
2 
5 
3 
6 
3 
3 
5 
2 
4 
1 1734732478  
2 
6 
3 
6 
2 
4 
5 
2 
1 1435559268  
1 479812782  
3 
5 
5 
3 
1 1119144978  
5 
5 
5 
2 
3 
5 
4 
2 
1 1033830512  
1 486490617  
2 
4 
1 905612785  
1 280795909  
5 
1 676105808  
6 
1 213434427  
4 
3 
2 
3 
6 
4 
4 
2 
6 
2 
1 1526812278  
2 
5 
4 
3 
4 
6 
6 
1 1143021431  
3 
2 
5 
3 
2 
4 
2 
5 
2 
1 1853659380  
2 
6 
2 
6 
6 
2 
6 
1 931115448  
3 
2 
1 1065600734  
6 
3 
4 
2 
3 
1 948905356  
4 
6 
2 
6 
4 
3 
2 
3 
4 
4 
6 
5 
2 
1 2096958747  
6 
3 
2 
3 
2 
4 
1 242114641  
5 
6 
1 541132914  
4 
6 
2 
1 790646943  
2 
6 
2 
1 69194526  
4 
1 1101210908  
3 
1 1105967152  
4 
4 
3 
5 
5 
5 
5 
6 
6 
6 
1 858023941  
4 
3 
5 
1 65617659  
1 425835337  
4 
4 
2 
4 
4 
5 
6 
3 
3 
1 431940068  
4 
5 
5 
5 
3 
5 
5 
6 
1 441310218  
1 1084016617  
1 176895217  
3 
4 
4 
6 
6 
2 
4 
3 
6 
6 
4 
6 
3 
2 
4 
3 
5 
2 
4 
6 
6 
5 
1 609768397  
6 
6 
1 671265448  
2 
3 
6 
4 
3 
6 
3 
6 
2 
4 
1 1612454485  
1 1089581179  
2 
1 1790410426  
5 
5 
1 498801349  
6 
6 
6 
4 
2 
3 
2 
6 
5 
2 
3 
4 
4 
5 
1 1576071797  
5 
5 
4 
1 548539563  
1 779597259  
2 
3 
3 
6 
2 
4 
1 104693957  
5 
5 
5 
4 
5 
6 
3 
2 
1 761973991  
5 
4 
2 
4 
3 
3 
2 
6 
6 
5 
6 
3 
1 158925889  
6 
1 1247715388  
2 
6 
3 
3 
4 
5 
1 468149723  
2 
3 
5 
6 
6 
2 
4 
5 
2 
6 
1 1090041337  
1 165832474  
2 
3 
2 
3 
4 
3 
4 
6 
2 
2 
4 
5 
1 1417055079  
3 
3 
1 1039516437  
5 
4 
6 
4 
6 
3 
1 407947115  
2 
2 
6 
5 
4 
6 
3 
2 
1 1958187993  
6 
4 
2 
3 
5 
1 1830163380  
6 
4 
6 
6 
2 
5 
4 
4 
6 
1 477141642  
3 
4 
6 
5 
3 
3 
2 
3 
4 
1 911915253  
6 
5 
3 
2 
6 
3 
1 788646884  
4 
6 
5 
1 1335165583  
1 977532912  
4 
4 
6 
4 
5 
6 
2 
1 1214482222  
1 1767105652  
5 
6 
5 
6 
5 
2 
5 
1 1418843130  
3 
1 151015191  
5 
5 
1 1944000869  
3 
2 
1 2028611527  
6 
1 822280639  
4 
2 
6 
2 
3 
5 
6 
4 
1 1408971706  
2 
2 
5 
6 
1 970709059  
2 
4 
6 
2 
6 
2 
6 
4 
1 465207417  
2 
3 
6 
5 
5 
4 
2 
4 
2 
4 
6 
6 
6 
6 
2 
1 1907773055  
3 
5 
5 
4 
2 
6 
1 399297208  
6 
2 
4 
6 
6 
4 
3 
4 
6 
3 
6 
6 
5 
4 
2 
4 
4 
4 
4 
1 1013746981  
4 
6 
3 
4 
6 
3 
2 
2 
2 
5 
3 
2 
6 
5 
5 
5 
3 
1 539886666  
3 
5 
3 
2 
1 503991165  
2 
3 
3 
2 
1 1775720972  
2 
6 
3 
5 
6 
5 
4 
3 
4 
1 698812555  
3 
5 
4 
4 
6 
1 1751706553  
1 96387047  
2 
4 
5 
3 
4 
6 
2 
1 1788853893  
2 
6 
6 
3 
3 
5 
4 
1 1917539028  
3 
3 
1 1513442126  
6 
6 
6 
2 
2 
5 
3 
4 
3 
2 
6 
4 
5 
3 
4 
2 
2 
5 
6 
6 
4 
6 
6 
6 
5 
1 680886682  
3 
5 
1 178002495  
5 
6 
4 
6 
6 
1 1324146472  
1 363566414  
4 
1 655144137  
4 
2 
6 
1 88578077  
4 
4 
1 1152213298  
5 
5 
2 
2 
2 
5 
1 1990309721  
5 
3 
5 
1 1066110990  
5 
4 
4 
6 
4 
3 
5 
2 
6 
5 
6 
3 
5 
2 
5 
2 
3 
5 
6 
3 
6 
6 
3 
5 
4 
4 
6 
5 
6 
1 219211872  
6 
5 
4 
3 
2 
6 
6 
4 
3 
5 
4 
2 
6 
5 
3 
6 
6 
4 
6 
2 
6 
1 1609931725  
5 
4 
1 337470472  
1 370227064  
6 
4 
2 
1 1406448946  
5 
5 
5 
5 
6 
5 
4 
6 
2 
2 
4 
3 
2 
1 218598352  
5 
4 
2 
5 
3 
6 
2 
2 
4 
2 
5 
5 
6 
5 
4 
1 1192507703  
4 
2 
2 
2 
2 
5 
1 667937004  
2 
5 
2 
4 
2 
2 
4 
4 
6 
1 1189307411  
1 1657715121  
4 
1 428226411  
2 
3 
6 
3 
4 
3 
4 
1 1588604619  
1 523978454  
6 
3 
3 
6 
4 
3 
6 
6 
4 
1 968113078  
2 
1 2092595784  
2 
6 
4 
4 
2 
4 
5 
6 
2 
5 
5 
5 
5 
4 
1 152215778  
6 
3 
2 
3 
3 
2 
4 
5 
4 
4 
2 
3 
2 
6 
6 
6 
5 
6 
4 
5 
6 
1 1666925633  
5 
4 
3 
5 
2 
4 
6 
3 
2 
5 
4 
4 
4 
4 
3 
2 
2 
1 1696818689  
3 
6 
6 
5 
4 
2 
3 
6 
6 
6 
3 
5 
6 
3 
1 248602825  
6 
4 
6 
6 
2 
3 
1 1308295878  
4 
3 
1 1466874069  
4 
3 
1 1762044951  
4 
2 
4 
6 
3 
1 1989182560  
6 
2 
2 
5 
5 
2 
2 
3 
4 
6 
1 1644876565  
1 938707775  
1 205265326  
2 
1 152537054  
2 
3 
3 
3 
3 
4 
1 1027285853  
4 
4 
5 
1 1357478625  
1 2142846775  
1 2093396843  
4 
5 
4 
4 
4 
2 
6 
3 
5 
1 1576690497  
6 
6 
2 
2 
1 1605294852  
6 
1 283383667  
1 1946917561  
3 
1 864260150  
2 
5 
5 
4 
4 
2 
1 501982019  
5 
6 
2 
3 
5 
1 991941617  
4 
4 
4 
6 
2 
2 
6 
6 
2 
4 
1 1532197154  
3 
6 
4 
5 
5 
4 
6 
1 1691289430  
6 
4 
5 
5 
1 502173090  
3 
3 
1 1960423566  
3 
2 
2 
1 1132410401  
3 
4 
4 
6 
1 1026151544  
3 
5 
1 781052996  
5 
5 
6 
1 1077522537  
4 
3 
4 
4 
6 
1 1178367322  
2 
2 
1 300494981  
2 
6 
6 
6 
5 
2 
2 
4 
5 
5 
5 
4 
4 
4 
5 
2 
2 
1 626857579  
6 
3 
1 1426970147  
4 
4 
1 1608790860  
5 
2 
4 
5 
5 
6 
6 
4 
1 2093731648  
6 
5 
1 1041531450  
5 
4 
3 
6 
1 1450489772  
1 1591124565  
3 
3 
6 
2 
3 
4 
1 1980239226  
6 
4 
3 
3 
1 1655755099  
5 
2 
1 1743661620  
4 
4 
5 
2 
3 
6 
2 
5 
3 
5 
4 
5 
6 
4 
5 
4 
4 
3 
2 
4 
1 860041431  
2 
6 
6 
2 
4 
5 
3 
4 
1 865750076  
3 
3 
6 
4 
5 
3 
6 
3 
6 
4 
4 
4 
5 
5 
2 
2 
1 1739024747  
2 
2 
2 
2 
3 
1 805954626  
1 294956925  
4 
5 
5 
4 
2 
1 1196835952  
2 
1 1089338293  
3 
2 
5 
3 
1 94390839  
1 2061096102  
4 
5 
4 
3 
3 
5 
2 
2 
1 1591320313  
4 
4 
5 
6 
3 
4 
1 1086332456  
4 
2 
1 1445809609  
3 
1 1135126095  
1 1588505546  
4 
3 
2 
5 
6 
6 
4 
5 
2 
2 
5 
3 
5 
3 
2 
4 
1 1258749527  
2 
1 120052849  
6 
3 
6 
4 
4 
5 
5 
3 
4 
2 
5 
6 
3 
5 
5 
1 467173442  
5 
1 2039802523  
1 1197575386  
3 
1 1645540764  
6 
5 
5 
2 
6 
4 
1 192813856  
6 
3 
2 
6 
2 
4 
3 
3 
1 1824432965  
3 
4 
4 
4 
5 
4 
6 
5 
4 
3 
5 
6 
1 925027263  
5 
6 
4 
6 
3 
3 
6 
6 
4 
3 
1 1801604716  
1 1770680966  
5 
6 
6 
5 
5 
2 
2 
5 
3 
5 
2 
6 
4 
1 1966558713  
4 
1 1104610841  
4 
3 
1 1214321883  
1 1799314291  
5 
2 
4 
1 612882292  
2 
3 
4 
1 810499855  
4 
5 
2 
1 511872074  
5 
1 1478632368  
5 
5 
6 
3 
5 
2 
6 
4 
3 
2 
1 402040955  
5 
1 1317826700  
2 
4 
6 
1 1773589293  
3 
4 
1 1598876907  
2 
6 
1 259681346  
5 
2 
3 
2 
4 
2 
1 1867980132  
2 
5 
3 
5 
5 
5 
6 
2 
2 
6 
1 1512489361  
2 
3 
1 1851001659  
4 
4 
2 
1 806828940  
5 
3 
2 
5 
1 810815322  
5 
4 
3 
6 
6 
1 838644106  
3 
3 
3 
2 
2 
2 
1 247850838  
2 
1 2069564849  
2 
1 958696955  
1 715024280  
5 
4 
4 
3 
6 
5 
2 
3 
1 1961883724  
2 
5 
4 
4 
1 8788694  
2 
1 213081396  
2 
6 
3 
1 7213933  
2 
6 
2 
2 
5 
1 1833221659  
1 1138108659  
1 1808818649  
1 1456418977  
3 
2 
6 
6 
4 
2 
5 
2 
2 
4 
6 
1 957183725  
2 
4 
6 
4 
6 
1 765945842  
5 
2 
3 
3 
2 
3 
4 
1 523257213  
2 
5 
5 
2 
4 
4 
3 
6 
1 609014368  
6 
6 
4 
6 
2 
2 
2 
6 
1 1378828134  
4 
3 
1 1333757068  
6 
5 
2 
5 
6 
5 
2 
2 
4 
2 
5 
5 
4 
5 
1 1120886443  
3 
5 
4 
4 
5 
4 
3 
3 
3 
1 709976854  
5 
4 
3 
4 
5 
3 
3 
6 
3 
1 1735798023  
4 
1 291229495  
4 
6 
6 
3 
4 
5 
3 
6 
4 
4 
4 
3 
5 
4 
3 
1 336082500  
2 
6 
6 
5 
4 
1 1187191282  
2 
5 
3 
4 
6 
4 
5 
1 550910841  
2 
3 
2 
4 
5 
2 
5 
4 
2 
5 
1 56578984  
4 
3 
3 
2 
3 
2 
3 
6 
2 
5 
6 
1 552196996  
2 
6 
4 
5 
2 
2 
6 
3 
5 
2 
5 
2 
3 
2 
3 
5 
3 
2 
1 254428852  
1 863407925  
3 
5 
4 
6 
2 
1 1363012318  
6 
3 
2 
2 
2 
3 
4 
4 
5 
5 
5 
1 1093072959  
4 
2 
1 1111258763  
3 
2 
4 
4 
3 
5 
5 
2 
2 
2 
6 
3 
2 
2 
1 1285093520  
6 
4 
5 
4 
3 
3 
4 
4 
1 2051769914  
3 
3 
3 
3 
3 
3 
4 
1 1826283044  
2 
3 
2 
3 
3 
6 
6 
3 
6 
1 1099493596  
2 
1 2060558608  
1 2039364440  
2 
2 
4 
4 
4 
5 
3 
5 
4 
5 
5 
5 
3 
3 
5 
3 
5 
3 
6 
6 
3 
2 
3 
4 
3 
1 1106707529  
2 
3 
1 1746296620  
1 1029989452  
6 
3 
2 
3 
2 
3 
3 
6 
2 
3 
4 
4 
1 768042531  
2 
3 
3 
5 
4 
3 
4 
2 
6 
5 
5 
2 
6 
1 1055231949  
2 
2 
4 
3 
1 1987173177  
5 
6 
1 1533988373  
6 
1 1578489162  
1 448703897  
4 
3 
1 765332860  
3 
5 
4 
6 
5 
3 
4 
6 
1 764762583  
3 
3 
1 1569590340  
2 
5 
3 
2 
2 
3 
3 
6 
2 
1 1475309714  
2 
6 
2 
1 353076958  
1 1860819836  
1 1811392214  
3 
5 
2 
1 1540268241  
1 264247029  
5 
3 
5 
2 
2 
5 
3 
6 
6 
6 
2 
2 
5 
1 1867971199  
4 
5 
4 
3 
6 
2 
3 
6 
6 
6 
5 
4 
3 
6 
2 
4 
1 2092465237  
1 518675882  
3 
6 
4 
1 583895476  
3 
1 1307993907  
2 
1 1611748841  
4 
2 
6 
5 
2 
5 
4 
1 1695154239  
5 
3 
3 
4 
1 445603779  
5 
3 
2 
6 
1 1516035107  
6 
2 
5 
4 
4 
3 
2 
4 
4 
4 
6 
6 
6 
6 
3 
4 
6 
1 1373953635  
1 1545097376  
3 
6 
3 
2 
2 
5 
1 1429110068  
5 
3 
4 
1 1265834428  
4 
5 
6 
4 
3 
4 
2 
3 
5 
4 
1 504321257  
5 
2 
2 
1 1027923040  
1 148340232  
3 
1 1272363788  
1 2083154989  
4 
3 
4 
4 
6 
4 
4 
6 
5 
2 
4 
4 
6 
5 
1 2135513409  
6 
2 
6 
2 
2 
3 
3 
3 
1 658868514  
6 
2 
1 1514160504  
1 436733658  
4 
6 
2 
1 1424201374  
5 
4 
5 
3 
3 
4 
2 
5 
4 
2 
2 
2 
1 131439439  
2 
1 2006323999  
4 
4 
5 
1 752027440  
6 
2 
3 
5 
2 
2 
1 484516397  
3 
4 
4 
2 
6 
6 
4 
5 
1 1719660187  
6 
5 
3 
6 
1 415936007  
3 
2 
5 
1 2024784638  
6 
3 
5 
2 
6 
1 1983907216  
5 
5 
2 
4 
3 
2 
2 
4 
3 
6 
6 
4 
3 
4 
4 
5 
5 
2 
1 136423558  
1 1969766227  
6 
4 
2 
1 355099450  
5 
2 
1 720319034  
4 
3 
1 1130276487  
5 
1 1966848291  
5 
4 
6 
5 
1 267989625  
6 
6 
3 
1 1575880266  
2 
2 
2 
3 
5 
1 1335399751  
1 1641943261  
2 
6 
3 
5 
4 
1 973493994  
1 617026171  
3 
5 
2 
3 
3 
1 760294041  
5 
6 
5 
6 
3 
3 
5 
6 
2 
5 
4 
4 
1 1477815252  
2 
5 
6 
4 
1 1644949211  
5 
2 
6 
5 
4 
2 
5 
4 
1 908634273  
2 
4 
3 
4 
3 
4 
3 
4 
4 
2 
2 
1 602695392  
2 
2 
6 
3 
6 
1 1580620552  
4 
6 
1 896664034  
1 1261563906  
3 
6 
6 
2 
5 
3 
1 947297408  
3 
5 
4 
5 
1 1333397692  
4 
5 
1 538281632  
5 
1 1078736847  
2 
4 
2 
3 
5 
3 
4 
4 
6 
4 
1 1192238043  
4 
5 
6 
6 
6 
4 
3 
5 
5 
3 
5 
1 1290309073  
3 
3 
4 
3 
1 1563253245  
6 
3 
2 
5 
4 
5 
6 
1 764414582  
6 
1 1706245080  
1 1440554235  
5 
2 
2 
2 
5 
5 
3 
2 
5 
6 
1 600838151  
4 
3 
6 
4 
5 
1 1842668638  
5 
6 
4 
6 
5 
4 
2 
5 
2 
1 1262836815  
3 
2 
3 
4 
2 
2 
3 
2 
4 
2 
4 
2 
4 
4 
1 955937601  
1 415504024  
4 
4 
1 245629654  
6 
6 
1 775302245  
3 
6 
2 
4 
3 
3 
5 
2 
3 
5 
1 683493649  
6 
6 
4 
5 
4 
2 
1 1821509920  
4 
2 
1 2110701996  
3 
4 
4 
4 
2 
3 
4 
2 
3 
2 
5 
2 
2 
1 177953262  
6 
3 
2 
6 
6 
1 647520267  
3 
3 
1 580244519  
3 
1 938247303  
5 
3 
1 2125335519  
2 
4 
2 
1 77710082  
2 
3 
4 
5 
4 
4 
5 
1 1846881576  
1 580547263  
1 1658330634  
4 
4 
3 
5 
6 
4 
3 
5 
3 
6 
4 
6 
5 
5 
1 596061962  
4 
2 
6 
6 
4 
2 
5 
4 
6 
3 
5 
5 
3 
3 
2 
1 1842111170  
2 
2 
2 
5 
2 
2 
2 
3 
5 
3 
6 
2 
3 
6 
4 
5 
4 
3 
6 
5 
6 
4 
1 458144395  
1 1929459655  
2 
3 
4 
1 232909154  
4 
5 
1 1536881242  
1 974214050  
3 
2 
1 1523218227  
4 
2 
6 
5 
5 
6 
5 
5 
4 
1 952650839  
1 1738628633  
3 
5 
2 
2 
2 
2 
2 
4 
5 
6 
6 
2 
6 
3 
2 
3 
6 
1 1081979659  
1 245721427  
1 191983136  
1 777164649  
5 
6 
5 
4 
4 
5 
2 
3 
2 
4 
2 
5 
3 
1 1508558242  
1 1147920737  
5 
6 
5 
6 
4 
3 
4 
1 1192668673  
1 1754187896  
5 
6 
3 
1 1923222982  
5 
4 
1 1876162323  
1 1428214168  
3 
1 1886441330  
6 
6 
3 
5 
6 
1 2054115585  
6 
6 
2 
4 
2 
2 
2 
2 
1 2075734435  
4 
6 
2 
3 
3 
3 
1 319202201  
5 
6 
2 
2 
3 
5 
3 
3 
6 
6 
2 
2 
5 
4 
1 844879241  
2 
4 
4 
5 
1 2053586306  
4 
2 
3 
3 
3 
3 
2 
4 
3 
6 
1 396912283  
6 
2 
5 
3 
6 
2 
4 
6 
2 
4 
6 
3 
6 
1 544277169  
4 
6 
1 486649922  
1 2055242918  
5 
1 1140339132  
3 
4 
2 
2 
4 
6 
3 
4 
3 
3 
4 
1 181277444  
2 
4 
1 365903665  
4 
2 
4 
2 
3 
4 
5 
3 
3 
4 
2 
3 
1 922315139  
4 
4 
6 
1 414186598  
5 
1 1902784907  
3 
2 
1 1896529189  
2 
4 
4 
5 
2 
4 
3 
1 1937404826  
2 
3 
5 
1 707952099  
5 
4 
4 
3 
6 
4 
4 
5 
2 
2 
4 
4 
3 
2 
4 
1 1487674174  
4 
5 
1 871900837  
6 
6 
5 
2 
4 
3 
4 
1 953673526  
6 
6 
4 
1 1679657310  
3 
2 
2 
4 
1 1649065487  
2 
4 
5 
4 
6 
3 
5 
2 
6 
3 
6 
3 
1 314748120  
5 
5 
2 
1 680094400  
1 694250512  
4 
2 
3 
2 
6 
5 
2 
1 2068936016  
6 
3 
2 
6 
4 
2 
4 
6 
4 
5 
2 
3 
6 
5 
4 
1 455833734  
4 
3 
3 
3 
6 
5 
2 
2 
2 
1 422929187  
2 
4 
5 
6 
4 
2 
3 
2 
5 
6 
6 
6 
4 
3 
6 
3 
5 
4 
3 
6 
4 
6 
5 
1 1349666536  
3 
1 194791417  
3 
2 
5 
3 
3 
2 
5 
1 329561125  
5 
2 
4 
6 
5 
2 
1 1277917324  
5 
1 513993618  
6 
6 
3 
3 
4 
3 
6 
3 
2 
6 
4 
3 
4 
1 1174440366  
4 
6 
1 1184019982  
6 
3 
6 
6 
2 
2 
1 910905902  
4 
6 
4 
6 
4 
5 
4 
5 
2 
3 
2 
2 
2 
6 
3 
3 
5 
1 1718717535  
2 
3 
2 
2 
5 
1 1670669904  
4 
5 
6 
5 
2 
5 
2 
6 
1 818665172  
3 
6 
5 
4 
3 
4 
5 
2 
5 
1 711573019  
5 
3 
5 
6 
1 1851947348  
3 
4 
6 
1 1184568837  
3 
6 
1 1633888158  
4 
3 
6 
5 
3 
4 
4 
5 
3 
2 
4 
2 
3 
6 
5 
1 118650299  
4 
5 
6 
4 
6 
4 
4 
4 
4 
2 
3 
4 
4 
5 
5 
5 
5 
5 
4 
1 939870096  
1 1382933700  
5 
4 
6 
1 2056055125  
1 1647822195  
1 723124226  
5 
1 780472314  
3 
6 
4 
4 
5 
3 
3 
3 
3 
1 454012073  
2 
3 
4 
1 255297889  
2 
1 282054153  
4 
1 768760193  
3 
1 935392289  
2 
6 
1 976304666  
6 
2 
4 
3 
3 
4 
5 
6 
3 
2 
2 
6 
5 
4 
1 690212561  
5 
6 
2 
1 1391226023  
3 
4 
6 
5 
6 
6 
2 
2 
4 
4 
5 
5 
3 
3 
4 
4 
6 
6 
3 
6 
4 
1 1399233853  
2 
4 
5 
3 
4 
4 
2 
1 2039879098  
2 
5 
5 
3 
4 
2 
5 
3 
5 
5 
6 
5 
2 
2 
2 
1 1586017440  
3 
1 1728794978  
6 
6 
4 
4 
4 
1 1170312774  
5 
1 2100011059  
2 
3 
5 
6 
2 
2 
5 
3 
2 
3 
3 
2 
3 
2 
2 
5 
3 
3 
3 
3 
6 
1 755751696  
3 
4 
4 
2 
4 
5 
6 
6 
3 
6 
2 
2 
6 
2 
6 
6 
4 
3 
1 206849108  
3 
6 
3 
5 
2 
1 863433313  
4 
3 
6 
4 
1 326985584  
5 
6 
1 1877519013  
1 1682098485  
4 
6 
2 
2 
3 
6 
6 
1 1038558603  
2 
5 
2 
3 
4 
6 
2 
5 
5 
2 
1 1581982713  
3 
6 
4 
5 
2 
2 
6 
4 
4 
2 
4 
3 
5 
1 719183674  
2 
4 
5 
2 
3 
5 
4 
5 
1 524963114  
2 
3 
4 
2 
1 1700633012  
2 
3 
5 
4 
2 
3 
4 
4 
6 
1 1659053770  
5 
3 
2 
4 
5 
1 1907896814  
1 1609204489  
6 
3 
3 
4 
3 
5 
2 
1 1159392318  
2 
6 
2 
1 483537392  
4 
6 
2 
5 
6 
2 
6 
6 
5 
2 
4 
4 
4 
3 
4 
3 
4 
4 
1 242193156  
1 1613404391  
3 
4 
2 
6 
1 738835281  
5 
1 524247309  
3 
5 
6 
5 
6 
4 
2 
3 
5 
6 
3 
3 
6 
2 
4 
1 234680937  
4 
6 
1 1674227570  
4 
5 
5 
3 
3 
5 
1 1500551975  
1 924893498  
3 
1 917969946  
1 752302181  
1 817288948  
5 
6 
5 
2 
5 
1 356503738  
4 
4 
4 
3 
1 333613511  
2 
2 
6 
2 
6 
6 
6 
6 
2 
2 
1 1987601722  
4 
2 
3 
5 
3 
6 
1 309031149  
5 
6 
2 
