5 
3 
2 
5 
4 
2 
3 
4 
1 475191137  
5 
1 1915854234  
3 
4 
2 
5 
5 
5 
2 
3 
2 
4 
2 
3 
4 
4 
2 
2 
5 
2 
5 
3 
6 
6 
4 
3 
2 
1 1605231431  
1 831127044  
1 485698145  
4 
6 
3 
2 
5 
3 
3 
5 
3 
5 
5 
4 
2 
2 
4 
4 
1 63290333  
2 
6 
2 
4 
1 997209773  
1 1027796528  
3 
2 
1 426361598  
3 
1 594947212  
6 
4 
2 
1 1760757841  
3 
4 
6 
6 
2 
3 
6 
5 
3 
6 
1 70166795  
2 
1 1639196877  
1 2058440840  
4 
3 
6 
3 
3 
1 2080826120  
2 
5 
1 43517928  
4 
5 
3 
1 460045240  
4 
1 2112791410  
3 
2 
3 
2 
6 
1 1191276452  
3 
5 
6 
2 
3 
4 
2 
3 
1 565031038  
2 
3 
3 
2 
6 
3 
6 
5 
2 
3 
2 
4 
5 
1 2082549901  
5 
1 173798238  
3 
1 1042143598  
3 
2 
6 
2 
2 
5 
6 
4 
3 
1 502998633  
2 
3 
5 
5 
1 479171886  
5 
6 
4 
6 
5 
6 
5 
1 326553579  
2 
2 
4 
1 1939225533  
4 
2 
1 46065617  
6 
1 1139633474  
5 
4 
1 1929538515  
3 
6 
5 
4 
6 
2 
5 
2 
4 
2 
5 
3 
4 
5 
4 
1 40372550  
3 
4 
3 
4 
1 1614824611  
3 
4 
6 
4 
1 1697909102  
3 
2 
6 
3 
5 
5 
2 
1 1645603981  
5 
2 
1 298468008  
1 36123599  
2 
4 
2 
6 
4 
1 1708894315  
4 
3 
3 
6 
1 1295677781  
6 
2 
1 1063920127  
2 
5 
4 
1 2135255913  
2 
6 
3 
5 
3 
3 
3 
1 1890624993  
2 
6 
3 
5 
3 
3 
2 
1 677194320  
4 
1 57939060  
6 
4 
1 1382338223  
2 
5 
1 588151512  
5 
2 
4 
3 
4 
3 
5 
6 
3 
2 
2 
3 
1 2138765181  
4 
5 
5 
5 
2 
3 
1 1425856151  
2 
5 
2 
1 1048196753  
4 
3 
2 
6 
5 
6 
4 
5 
5 
2 
2 
3 
1 2104072943  
6 
6 
1 469648956  
3 
3 
6 
5 
3 
1 1613227791  
2 
2 
3 
6 
3 
6 
5 
3 
2 
2 
5 
4 
4 
4 
3 
4 
2 
6 
4 
2 
3 
3 
1 2039139196  
6 
2 
3 
2 
5 
4 
5 
1 643447194  
4 
4 
5 
5 
2 
3 
3 
4 
4 
2 
6 
4 
2 
1 507887741  
4 
5 
2 
5 
1 394654181  
2 
5 
2 
3 
4 
5 
4 
4 
2 
3 
4 
1 1122619080  
3 
1 834441320  
2 
1 186396066  
6 
6 
3 
5 
5 
1 1168684697  
2 
5 
3 
3 
2 
4 
2 
2 
4 
6 
2 
2 
5 
5 
1 1974074794  
6 
4 
2 
2 
4 
2 
6 
2 
5 
3 
5 
4 
6 
6 
6 
6 
4 
4 
4 
1 2115934582  
2 
3 
1 1209057247  
2 
1 1441415758  
2 
2 
6 
5 
5 
3 
1 1666360036  
6 
3 
6 
4 
1 707177581  
2 
5 
5 
5 
2 
2 
1 1739883766  
4 
5 
3 
6 
6 
5 
3 
1 1702483635  
1 268588248  
1 888077899  
5 
6 
2 
3 
1 618920114  
2 
6 
4 
4 
4 
5 
5 
3 
2 
2 
2 
5 
1 256360513  
1 631219245  
6 
3 
1 1296114434  
5 
1 314299573  
4 
5 
4 
3 
5 
6 
3 
5 
1 2013557468  
2 
4 
2 
2 
1 1884265946  
1 305581106  
4 
3 
4 
3 
4 
4 
6 
2 
1 1291929971  
6 
2 
4 
6 
1 784979051  
4 
2 
1 262170402  
4 
4 
5 
2 
4 
6 
2 
3 
1 1761578927  
4 
3 
1 250723194  
4 
5 
4 
4 
1 153825950  
4 
2 
5 
2 
2 
5 
1 257542473  
5 
5 
6 
4 
6 
4 
1 758610936  
4 
1 548480132  
6 
2 
4 
4 
1 1380161554  
3 
5 
3 
5 
5 
5 
5 
3 
5 
3 
3 
5 
2 
2 
5 
6 
3 
3 
6 
3 
5 
1 1593052256  
5 
4 
4 
5 
5 
4 
5 
2 
5 
6 
3 
3 
4 
1 734876198  
6 
4 
2 
2 
6 
3 
1 401362603  
1 1419643403  
6 
6 
1 703327132  
2 
1 1610419851  
2 
4 
6 
3 
4 
6 
1 713575513  
3 
6 
2 
3 
5 
2 
5 
1 222203520  
2 
6 
3 
1 170113784  
1 305975631  
3 
1 1924687155  
1 438702032  
1 1194053530  
6 
1 396123621  
4 
2 
5 
2 
3 
6 
4 
5 
4 
3 
3 
3 
6 
4 
6 
4 
1 695062545  
1 1825272775  
6 
5 
4 
6 
1 1692238055  
5 
4 
4 
4 
4 
1 1009362118  
3 
5 
1 1691346595  
3 
6 
5 
3 
1 1429020354  
2 
5 
2 
3 
2 
1 1314943225  
2 
5 
1 835792919  
2 
2 
5 
1 66515757  
1 1577113627  
5 
6 
4 
4 
6 
4 
6 
4 
2 
3 
1 449888198  
6 
5 
6 
3 
2 
6 
3 
5 
6 
3 
3 
2 
4 
6 
3 
4 
2 
4 
6 
4 
5 
5 
4 
4 
3 
6 
5 
6 
4 
4 
2 
3 
2 
5 
3 
1 317238952  
3 
3 
2 
3 
2 
5 
2 
3 
2 
1 1730939577  
3 
5 
4 
6 
4 
4 
4 
1 707430672  
3 
2 
1 1075849888  
2 
5 
5 
3 
5 
3 
4 
1 131936061  
1 2087592226  
6 
1 521418496  
4 
5 
3 
6 
2 
6 
1 866812260  
5 
3 
4 
4 
6 
4 
5 
3 
1 341471181  
4 
6 
4 
4 
4 
1 1941061899  
6 
2 
3 
3 
4 
2 
4 
4 
2 
4 
6 
3 
6 
6 
4 
5 
5 
4 
1 1570139392  
6 
5 
3 
6 
2 
5 
5 
4 
5 
5 
1 1951891032  
1 507153764  
5 
6 
3 
1 1792342913  
4 
2 
2 
4 
2 
4 
1 2122004816  
3 
5 
1 813129395  
6 
6 
6 
2 
4 
4 
2 
4 
5 
3 
2 
6 
4 
2 
1 1569546420  
2 
3 
6 
5 
3 
4 
4 
2 
5 
1 413223200  
5 
2 
3 
4 
6 
1 2007182926  
2 
1 1965670042  
3 
2 
6 
6 
4 
4 
2 
1 1108285745  
3 
6 
3 
2 
2 
3 
4 
1 1684972053  
2 
6 
5 
5 
4 
6 
5 
1 1510424449  
3 
6 
4 
1 2117647864  
2 
6 
4 
5 
5 
3 
2 
3 
6 
1 1228835001  
6 
5 
3 
1 791961155  
6 
4 
5 
6 
4 
2 
4 
4 
4 
2 
5 
6 
6 
2 
2 
3 
1 1285107441  
2 
3 
1 2064627920  
3 
5 
2 
5 
2 
6 
1 858476913  
1 714737420  
3 
2 
1 367032470  
5 
3 
5 
4 
6 
5 
2 
2 
2 
1 1175715865  
3 
6 
2 
5 
5 
1 298193349  
5 
4 
6 
4 
5 
5 
2 
6 
5 
2 
1 1074463142  
2 
1 104082105  
4 
5 
5 
6 
4 
5 
5 
5 
6 
5 
2 
4 
1 430129411  
5 
1 1014571720  
5 
4 
3 
4 
3 
4 
4 
6 
5 
2 
2 
2 
6 
2 
2 
3 
1 625500601  
2 
5 
2 
5 
1 1296941671  
6 
6 
4 
2 
3 
1 1356042902  
1 419078853  
6 
1 719597415  
1 1160450286  
2 
4 
5 
6 
4 
4 
3 
4 
5 
2 
4 
4 
2 
3 
6 
6 
5 
2 
4 
1 926232617  
6 
5 
2 
3 
4 
5 
2 
5 
5 
6 
5 
1 364456680  
1 1134971455  
4 
5 
5 
1 1739362013  
4 
4 
6 
5 
3 
3 
2 
2 
2 
4 
4 
4 
1 1934003101  
5 
1 1548194655  
6 
6 
4 
6 
4 
4 
6 
4 
1 1599061291  
3 
1 1752189495  
4 
5 
3 
3 
3 
6 
6 
3 
4 
4 
1 508996753  
5 
2 
3 
5 
5 
1 1136549696  
6 
6 
1 1115130296  
5 
6 
3 
5 
3 
6 
3 
6 
6 
1 479160969  
1 217901049  
4 
2 
4 
3 
6 
2 
3 
6 
2 
2 
2 
6 
2 
1 1907091452  
4 
5 
3 
3 
4 
1 1764268410  
4 
4 
6 
2 
1 135045321  
2 
6 
3 
3 
3 
3 
3 
3 
6 
5 
1 618084717  
1 331522182  
3 
3 
6 
3 
4 
2 
4 
1 502077792  
2 
1 1793800582  
2 
1 629715531  
3 
5 
3 
4 
4 
4 
2 
4 
3 
4 
3 
3 
5 
6 
1 1576540934  
5 
3 
3 
1 1897882687  
4 
1 1059844942  
4 
1 443629007  
5 
2 
6 
3 
1 375899640  
1 209302965  
6 
4 
2 
5 
3 
5 
4 
1 1799671909  
1 794978493  
6 
5 
5 
1 928900381  
3 
5 
4 
1 812638547  
6 
6 
4 
1 1721211111  
3 
3 
1 1293357061  
5 
5 
4 
3 
3 
4 
5 
6 
3 
5 
6 
1 1947610002  
2 
1 1313089476  
6 
4 
1 1079876514  
5 
3 
6 
1 1348321010  
3 
2 
3 
6 
1 764667119  
3 
4 
1 684582361  
3 
1 1857317763  
3 
5 
2 
1 1901216815  
4 
1 1799712658  
6 
5 
4 
1 188995084  
2 
3 
1 2119117865  
1 1559320462  
2 
6 
6 
6 
3 
4 
2 
3 
5 
3 
3 
4 
2 
6 
4 
5 
6 
6 
3 
1 1953263494  
3 
5 
5 
6 
1 106679538  
2 
4 
4 
5 
2 
6 
6 
3 
5 
6 
4 
2 
6 
1 29921531  
4 
4 
4 
2 
4 
1 137302028  
3 
5 
5 
6 
1 608757330  
5 
2 
2 
6 
5 
5 
1 1823722113  
3 
6 
1 767017559  
3 
5 
2 
3 
2 
1 37814617  
2 
3 
6 
3 
1 1574121152  
2 
5 
6 
4 
4 
3 
1 1826862502  
3 
5 
3 
2 
3 
6 
1 481443624  
3 
1 1950020792  
2 
5 
4 
1 2036165467  
6 
5 
1 133631885  
1 597515638  
4 
2 
3 
1 817582200  
2 
6 
3 
3 
3 
1 946270432  
1 171243101  
4 
2 
3 
2 
1 2110939262  
3 
5 
3 
6 
4 
1 746396787  
1 1484332577  
2 
2 
5 
5 
5 
6 
5 
1 1043332128  
6 
5 
6 
5 
6 
1 2094717797  
3 
3 
5 
6 
2 
6 
5 
1 101516048  
5 
2 
1 1727914490  
5 
2 
6 
2 
6 
6 
3 
3 
1 1804551912  
2 
4 
5 
5 
3 
3 
2 
4 
1 2002732863  
1 1380143500  
4 
1 1993546996  
1 1974367080  
6 
2 
3 
4 
5 
3 
1 791980314  
6 
6 
3 
5 
3 
3 
6 
4 
6 
1 1799326842  
4 
6 
5 
3 
1 2081046619  
5 
3 
1 821901845  
5 
2 
2 
3 
1 1936628870  
4 
1 542320301  
4 
3 
3 
3 
2 
5 
1 498140310  
4 
4 
3 
4 
2 
3 
4 
1 556162781  
3 
3 
4 
1 580134918  
4 
1 2072261462  
5 
1 235541635  
3 
4 
3 
6 
3 
1 1061578542  
5 
5 
3 
1 1874798606  
3 
4 
6 
2 
6 
3 
5 
3 
5 
5 
2 
2 
5 
2 
4 
4 
3 
5 
1 124223455  
2 
3 
3 
1 1195210427  
4 
2 
6 
6 
4 
2 
5 
3 
6 
1 324830596  
6 
2 
6 
5 
2 
4 
4 
2 
1 941805655  
1 2141480860  
5 
4 
3 
6 
6 
4 
4 
6 
2 
6 
4 
1 496073697  
1 905261269  
2 
2 
1 740393999  
6 
2 
3 
2 
4 
5 
5 
1 1980406274  
5 
2 
6 
3 
6 
3 
4 
1 1948593398  
5 
2 
4 
3 
6 
6 
5 
1 687628148  
6 
6 
4 
2 
4 
6 
5 
6 
4 
1 2081922322  
6 
3 
2 
6 
6 
6 
4 
1 1529024240  
3 
5 
2 
1 344696412  
5 
2 
3 
5 
3 
5 
4 
5 
4 
6 
6 
1 1937171538  
3 
4 
5 
4 
5 
6 
2 
2 
1 761684092  
1 190759760  
6 
3 
3 
6 
4 
5 
1 1764054970  
4 
5 
2 
3 
3 
4 
6 
5 
3 
1 1553664406  
2 
6 
2 
3 
4 
5 
6 
4 
2 
6 
3 
6 
4 
2 
5 
3 
6 
1 1990086602  
1 1697617941  
2 
3 
1 228082603  
4 
2 
1 1779231824  
3 
2 
5 
1 92454595  
2 
4 
5 
1 726222913  
5 
1 187910957  
6 
1 672589513  
6 
1 651000727  
2 
6 
5 
5 
1 423452593  
2 
4 
5 
5 
6 
4 
6 
5 
5 
2 
2 
2 
4 
2 
3 
6 
5 
1 1734168056  
6 
6 
2 
6 
4 
1 378315685  
2 
3 
2 
6 
3 
3 
2 
2 
5 
1 547676048  
4 
5 
2 
2 
3 
1 781894835  
5 
4 
6 
2 
1 703146282  
2 
2 
4 
1 1489481703  
1 775892047  
4 
4 
5 
2 
4 
5 
4 
6 
6 
6 
6 
3 
1 1199219979  
5 
1 247259325  
6 
6 
2 
2 
5 
1 1516286046  
4 
1 1032142606  
3 
3 
5 
2 
4 
1 48369075  
1 56430546  
4 
1 966581280  
6 
4 
6 
5 
1 1577393315  
4 
6 
4 
2 
4 
2 
4 
3 
6 
2 
6 
1 401126958  
2 
5 
3 
4 
1 756269170  
3 
4 
6 
1 191593759  
2 
1 591886718  
1 372840493  
5 
4 
3 
5 
6 
2 
5 
4 
5 
4 
5 
2 
4 
4 
6 
2 
5 
2 
6 
2 
2 
4 
3 
3 
5 
6 
6 
6 
1 1745258165  
2 
3 
3 
3 
4 
6 
6 
4 
4 
4 
5 
2 
5 
3 
4 
5 
5 
3 
4 
1 434489672  
6 
6 
3 
4 
3 
6 
4 
6 
5 
2 
2 
1 2070458434  
3 
3 
5 
5 
2 
6 
6 
1 1973340768  
1 66237848  
2 
5 
4 
6 
5 
6 
6 
6 
6 
3 
2 
1 15429381  
5 
6 
5 
4 
6 
1 552080033  
6 
4 
2 
1 254148806  
5 
3 
2 
5 
5 
4 
2 
5 
1 688018895  
3 
2 
5 
6 
3 
1 1203080760  
4 
6 
2 
5 
2 
1 677601399  
4 
6 
4 
1 274703303  
2 
5 
3 
3 
5 
4 
4 
4 
2 
3 
1 1581396445  
6 
3 
5 
6 
6 
2 
2 
6 
4 
1 1225277447  
5 
6 
1 1056598138  
6 
3 
4 
1 137059079  
1 567275502  
3 
4 
3 
6 
2 
3 
4 
3 
5 
2 
2 
1 1832490186  
3 
5 
1 1336279059  
2 
4 
1 814534827  
3 
2 
6 
6 
2 
3 
4 
5 
3 
6 
6 
3 
5 
6 
2 
6 
4 
6 
2 
5 
3 
1 1201292584  
1 220938017  
5 
4 
5 
5 
2 
1 862903902  
5 
5 
5 
3 
6 
5 
1 1257723131  
1 1187519297  
4 
5 
6 
6 
1 292813569  
3 
6 
6 
5 
1 1658850089  
2 
2 
1 1943788468  
1 484407328  
5 
1 103253160  
5 
1 169145313  
4 
5 
6 
4 
6 
6 
1 82181845  
6 
1 537742832  
2 
1 92120099  
2 
4 
1 2055522613  
3 
5 
4 
2 
1 603980681  
6 
3 
4 
2 
2 
1 107549481  
6 
1 460118998  
4 
5 
6 
2 
1 858129487  
1 795568376  
6 
5 
6 
4 
5 
5 
1 1663199758  
2 
1 1535730886  
1 1070271679  
6 
5 
1 1097112556  
2 
5 
6 
2 
5 
3 
4 
2 
6 
4 
4 
6 
5 
1 613524685  
5 
6 
2 
4 
2 
5 
1 2126869817  
2 
3 
5 
2 
2 
5 
2 
1 1234171635  
1 1180800187  
2 
3 
2 
2 
2 
5 
5 
2 
2 
6 
6 
5 
1 1811876355  
1 422967046  
2 
1 1995335015  
6 
2 
4 
4 
1 865685292  
5 
2 
3 
5 
6 
1 643905063  
6 
6 
4 
1 710755269  
2 
5 
2 
3 
2 
2 
6 
5 
3 
6 
1 2123408423  
6 
6 
2 
5 
6 
3 
1 1831424361  
6 
6 
1 1003568839  
6 
5 
4 
3 
2 
1 1634774864  
4 
6 
6 
2 
1 1627729181  
2 
5 
6 
6 
3 
5 
3 
2 
6 
2 
6 
1 1487976167  
1 1738028024  
1 1796874494  
6 
4 
4 
1 1570158013  
1 128287209  
5 
4 
2 
4 
1 1888994593  
1 1478196978  
6 
6 
4 
6 
6 
6 
5 
4 
2 
1 732267890  
2 
3 
1 1996544074  
4 
4 
6 
2 
6 
5 
5 
2 
1 1938315977  
2 
5 
2 
1 1590397377  
5 
5 
4 
2 
4 
5 
6 
2 
1 644628802  
2 
5 
5 
6 
5 
5 
2 
5 
4 
1 1454032087  
2 
4 
4 
5 
2 
2 
3 
1 978644615  
6 
6 
4 
1 1714900481  
2 
1 403660995  
2 
2 
6 
3 
1 1592169300  
6 
2 
1 1694286651  
1 1637832631  
4 
3 
2 
1 625485839  
3 
2 
6 
3 
2 
1 1358679358  
5 
2 
2 
6 
1 2060799677  
6 
4 
3 
1 473337206  
1 76881002  
6 
5 
4 
5 
6 
3 
4 
2 
2 
3 
2 
3 
1 557221093  
6 
1 1184092476  
6 
3 
2 
2 
1 52805777  
5 
4 
2 
5 
2 
3 
3 
2 
3 
4 
4 
4 
4 
1 241161806  
5 
2 
5 
1 40177667  
1 1687580642  
5 
3 
3 
1 1868890987  
2 
6 
6 
6 
6 
4 
5 
6 
6 
6 
3 
2 
6 
2 
4 
3 
1 1528153834  
1 1278125018  
2 
6 
4 
3 
6 
6 
1 1518281833  
4 
6 
4 
5 
3 
6 
3 
1 950828199  
5 
6 
5 
6 
2 
1 1406412227  
5 
4 
3 
3 
3 
1 1259792778  
1 281541530  
1 2138680117  
3 
1 1108853205  
4 
6 
4 
3 
4 
2 
2 
3 
5 
1 72373859  
1 1581593846  
5 
2 
6 
1 1753482007  
4 
1 1526405946  
2 
6 
4 
3 
4 
1 412754813  
3 
5 
5 
5 
3 
4 
3 
2 
6 
4 
4 
3 
6 
2 
5 
1 1320898841  
5 
3 
5 
3 
3 
1 1930066942  
2 
3 
3 
6 
5 
5 
5 
2 
5 
3 
3 
1 2004924113  
4 
3 
5 
6 
6 
3 
1 867701844  
1 1420415925  
5 
4 
6 
2 
3 
1 482926305  
3 
6 
5 
2 
3 
4 
3 
3 
2 
5 
1 78897554  
4 
5 
3 
3 
4 
2 
6 
6 
5 
6 
1 1333731954  
5 
4 
5 
1 956263511  
2 
1 155778557  
4 
6 
3 
3 
6 
4 
3 
5 
3 
3 
3 
5 
5 
6 
3 
4 
3 
2 
6 
4 
4 
5 
2 
2 
3 
4 
5 
3 
4 
6 
4 
3 
6 
1 1890953047  
1 2140355987  
6 
2 
6 
3 
2 
3 
6 
3 
4 
3 
5 
6 
1 208584334  
3 
1 2132114853  
3 
6 
6 
5 
6 
3 
2 
4 
3 
4 
6 
2 
4 
1 33050006  
5 
6 
3 
5 
4 
2 
6 
2 
5 
4 
4 
4 
5 
2 
2 
5 
1 1896164976  
4 
4 
3 
2 
3 
5 
6 
6 
5 
1 1853522192  
2 
1 1561203841  
3 
5 
4 
1 1026806347  
3 
5 
3 
3 
4 
3 
2 
3 
3 
2 
1 1224320377  
2 
1 364548392  
5 
2 
5 
4 
2 
4 
5 
1 285734926  
2 
4 
4 
5 
1 336629508  
6 
6 
6 
4 
6 
2 
1 646089922  
2 
1 276931396  
4 
3 
1 1445482713  
6 
5 
2 
1 718463781  
5 
1 1858525242  
2 
3 
6 
1 1051481072  
4 
1 97386080  
2 
2 
4 
2 
1 123796408  
4 
3 
3 
5 
1 224896265  
5 
4 
6 
4 
5 
1 2027453022  
1 2128720521  
4 
6 
3 
5 
1 1092598109  
3 
6 
4 
1 1300385299  
4 
4 
3 
2 
5 
1 464163178  
3 
4 
2 
4 
3 
3 
4 
2 
4 
2 
6 
6 
5 
6 
3 
6 
5 
3 
4 
5 
3 
6 
1 1171495664  
6 
4 
2 
1 486633605  
5 
6 
4 
1 1420426690  
1 1327274221  
1 230103005  
2 
6 
4 
2 
3 
1 1413299029  
1 1535858555  
5 
6 
6 
4 
6 
1 214734210  
5 
2 
1 1446349036  
3 
4 
6 
1 1284539884  
1 2068256403  
4 
1 860069229  
1 163862583  
4 
6 
2 
1 1145093132  
5 
1 1224617621  
4 
3 
4 
5 
2 
4 
5 
3 
6 
6 
3 
5 
3 
3 
4 
4 
2 
1 449597509  
2 
3 
4 
6 
2 
4 
4 
5 
4 
1 1481722640  
3 
4 
6 
1 1870707544  
3 
6 
4 
5 
2 
5 
3 
1 726528905  
1 779721705  
4 
1 441687677  
4 
6 
2 
6 
4 
6 
6 
6 
4 
5 
2 
4 
3 
1 437570500  
6 
1 1831202778  
1 539073757  
1 561366908  
4 
6 
2 
3 
6 
6 
6 
2 
4 
6 
3 
3 
5 
4 
2 
6 
4 
3 
5 
3 
5 
3 
3 
4 
1 2056099043  
5 
6 
4 
4 
5 
4 
2 
2 
3 
5 
1 419043131  
1 542603781  
1 1001213505  
4 
3 
5 
5 
3 
1 1719428430  
1 1006766960  
5 
5 
1 25225521  
2 
1 58578388  
3 
5 
6 
2 
3 
6 
5 
2 
3 
4 
6 
2 
2 
5 
4 
6 
1 279710002  
6 
6 
3 
4 
1 1352499742  
6 
1 288681393  
1 1693009031  
2 
6 
2 
2 
5 
1 740874649  
4 
3 
5 
4 
4 
6 
4 
6 
2 
2 
6 
2 
2 
2 
1 503415603  
5 
5 
5 
4 
6 
3 
5 
3 
3 
3 
4 
5 
2 
5 
3 
6 
4 
4 
1 991874419  
1 2025414533  
2 
4 
5 
1 424188358  
5 
1 1851943648  
4 
4 
3 
5 
3 
5 
2 
3 
2 
5 
2 
4 
6 
2 
4 
6 
2 
1 41793468  
6 
3 
6 
2 
3 
2 
3 
6 
3 
5 
5 
6 
1 1569281491  
6 
6 
2 
6 
5 
5 
1 929077622  
1 491390978  
2 
3 
5 
6 
6 
6 
2 
1 903520483  
4 
6 
4 
2 
6 
1 652301518  
3 
4 
2 
1 1217919883  
6 
6 
4 
1 1683242189  
1 1093989195  
4 
3 
5 
2 
3 
1 1655490383  
2 
5 
5 
2 
3 
4 
6 
5 
1 1366961319  
4 
2 
4 
2 
2 
4 
3 
1 1633062953  
5 
4 
5 
1 69373643  
4 
3 
3 
3 
2 
2 
4 
1 1275576714  
6 
2 
6 
5 
1 2052106084  
1 611977425  
1 129306571  
2 
3 
2 
4 
5 
1 1624050867  
2 
5 
4 
5 
3 
6 
5 
6 
6 
6 
5 
6 
2 
6 
2 
5 
3 
6 
6 
6 
6 
5 
5 
4 
6 
4 
5 
3 
5 
4 
5 
3 
1 1618744385  
6 
3 
2 
3 
2 
4 
4 
4 
4 
4 
3 
5 
4 
4 
4 
2 
3 
3 
5 
2 
4 
3 
6 
4 
3 
3 
1 154532092  
5 
6 
6 
3 
1 1682629255  
5 
3 
5 
4 
2 
1 1898454387  
5 
3 
5 
3 
2 
3 
3 
4 
3 
6 
5 
6 
4 
1 1507031834  
4 
6 
2 
6 
3 
3 
3 
4 
2 
5 
4 
5 
1 1971310648  
3 
2 
6 
5 
5 
3 
4 
1 1443979770  
6 
2 
3 
2 
6 
2 
1 100422836  
1 327242603  
3 
3 
4 
4 
2 
4 
6 
4 
6 
3 
4 
1 288370542  
4 
4 
2 
1 2125837369  
2 
4 
1 751430962  
5 
3 
3 
2 
2 
4 
6 
4 
6 
5 
3 
6 
1 2140314190  
6 
2 
2 
3 
6 
3 
6 
3 
1 20147190  
5 
2 
5 
1 173228805  
6 
6 
2 
2 
3 
2 
4 
1 921908164  
2 
1 511538168  
5 
5 
5 
5 
2 
3 
3 
2 
2 
5 
6 
5 
4 
1 1076749288  
1 1574209682  
1 1729458051  
1 612507829  
5 
3 
2 
1 520715230  
6 
3 
6 
1 1237464787  
5 
1 1979469148  
6 
2 
2 
5 
5 
1 6294535  
2 
1 1306838430  
1 1107562215  
3 
2 
1 2058400619  
5 
6 
3 
5 
3 
6 
4 
1 1918815855  
4 
4 
6 
6 
1 1236868786  
4 
1 1534967838  
2 
3 
4 
3 
2 
6 
2 
3 
1 1390076592  
2 
1 1391400879  
4 
1 1070113445  
4 
5 
4 
4 
1 1141047331  
4 
3 
1 750949065  
6 
2 
6 
4 
6 
1 893940445  
1 437543454  
5 
3 
2 
4 
1 851371901  
6 
4 
5 
1 1221183049  
6 
1 725913996  
1 829725623  
6 
4 
6 
3 
3 
1 1972614011  
3 
4 
6 
6 
6 
6 
6 
2 
4 
3 
4 
5 
1 718744538  
2 
4 
1 849872813  
6 
6 
3 
5 
5 
5 
4 
6 
5 
2 
1 2145842816  
6 
1 1640652703  
2 
5 
4 
5 
5 
1 1361410981  
2 
1 1075108456  
3 
6 
5 
1 1067378737  
5 
4 
4 
1 943385384  
5 
3 
4 
4 
6 
6 
5 
4 
5 
5 
6 
6 
2 
6 
1 1687616286  
4 
4 
3 
2 
5 
1 1588093967  
5 
2 
6 
6 
6 
1 33366523  
4 
6 
3 
2 
3 
5 
3 
1 1519601786  
3 
4 
2 
5 
6 
1 1594388502  
2 
3 
6 
4 
3 
6 
6 
2 
1 1340204954  
2 
4 
3 
1 479680353  
5 
5 
5 
5 
3 
3 
1 1505305474  
4 
6 
6 
4 
1 1111537161  
1 1716549140  
4 
4 
6 
2 
3 
6 
1 892789664  
1 354130106  
2 
4 
1 960466371  
3 
5 
5 
6 
4 
2 
4 
2 
4 
6 
5 
6 
6 
4 
3 
6 
1 1962903110  
6 
6 
4 
2 
1 1495177437  
5 
6 
5 
2 
4 
5 
5 
5 
4 
5 
2 
6 
4 
3 
6 
4 
5 
6 
4 
2 
6 
4 
1 1711415436  
3 
6 
3 
4 
1 709359907  
2 
4 
5 
4 
2 
6 
1 1932720891  
4 
2 
2 
5 
3 
2 
4 
5 
3 
6 
5 
2 
3 
1 415303690  
3 
4 
4 
2 
2 
6 
6 
6 
4 
3 
1 1930542956  
4 
3 
3 
5 
4 
3 
1 511151239  
1 1245029313  
4 
3 
6 
3 
5 
4 
1 1755673319  
3 
4 
2 
5 
6 
6 
6 
4 
6 
3 
1 1229895778  
3 
3 
4 
4 
1 2094902126  
6 
6 
5 
1 1754032487  
2 
5 
4 
6 
3 
5 
6 
6 
6 
4 
2 
2 
3 
6 
5 
2 
4 
2 
2 
3 
4 
3 
2 
6 
3 
6 
2 
1 723064833  
5 
3 
4 
3 
2 
1 1308829459  
2 
5 
6 
3 
3 
2 
2 
6 
2 
1 681657296  
2 
6 
6 
2 
3 
1 1790443570  
5 
5 
2 
5 
1 104731195  
2 
1 221789934  
3 
3 
2 
6 
6 
2 
4 
4 
4 
1 1231053890  
3 
4 
6 
6 
5 
6 
2 
4 
5 
4 
4 
6 
2 
2 
1 138097719  
4 
3 
2 
4 
3 
1 1741391720  
3 
2 
5 
4 
5 
5 
3 
2 
2 
4 
5 
4 
6 
4 
1 677958744  
4 
5 
5 
6 
2 
2 
3 
2 
4 
5 
1 1478302673  
3 
4 
6 
5 
2 
4 
4 
1 73588426  
4 
1 35780570  
4 
6 
2 
3 
3 
3 
1 442356186  
2 
2 
4 
1 1790137566  
5 
4 
4 
3 
5 
1 928570235  
2 
2 
3 
2 
6 
1 796486292  
1 603120289  
6 
1 743989697  
2 
2 
3 
5 
4 
5 
3 
6 
4 
6 
2 
3 
2 
4 
1 144180082  
5 
5 
6 
4 
5 
2 
2 
2 
3 
1 167052077  
1 1453349604  
6 
5 
6 
3 
1 2076900973  
1 582355767  
6 
3 
4 
6 
6 
6 
5 
6 
1 1236408913  
5 
4 
2 
1 440568565  
1 1827385080  
6 
4 
1 844598584  
4 
3 
5 
3 
6 
6 
1 1670464343  
5 
2 
1 1774803558  
1 451147424  
6 
1 246045528  
5 
2 
2 
3 
1 936149369  
2 
4 
4 
6 
6 
1 1132804720  
2 
5 
4 
2 
1 2036489098  
1 1040880565  
4 
6 
6 
3 
3 
4 
5 
1 1354594654  
1 1120059340  
6 
5 
3 
6 
2 
4 
4 
5 
2 
3 
6 
5 
1 1178978284  
2 
1 948502726  
6 
2 
5 
3 
5 
3 
4 
1 1798018085  
1 509797309  
2 
4 
6 
3 
5 
3 
1 1022091152  
6 
2 
5 
2 
4 
3 
3 
4 
6 
4 
1 1833798655  
4 
5 
4 
1 952153495  
4 
3 
3 
2 
6 
2 
4 
5 
6 
2 
1 664745070  
5 
4 
1 614885242  
1 1748639788  
2 
4 
6 
5 
1 1267865359  
4 
3 
4 
1 1358874939  
5 
3 
2 
6 
6 
5 
5 
2 
4 
4 
2 
4 
6 
5 
3 
3 
2 
3 
5 
5 
1 1892819870  
6 
2 
6 
3 
2 
4 
1 1434917437  
6 
3 
6 
5 
5 
5 
5 
5 
2 
1 664740896  
4 
3 
3 
4 
2 
6 
1 1822237195  
3 
2 
6 
6 
1 2017273204  
3 
1 1901149809  
4 
2 
6 
5 
1 115322112  
6 
4 
4 
6 
4 
2 
6 
5 
6 
4 
4 
2 
1 1697174637  
5 
2 
6 
2 
5 
3 
5 
6 
3 
2 
6 
6 
2 
2 
6 
1 598264745  
4 
1 1785786455  
1 1324494547  
2 
1 1049412169  
2 
6 
1 2031831983  
4 
1 113160269  
4 
6 
4 
5 
4 
1 34733241  
1 1920837434  
5 
5 
2 
3 
3 
1 1154040834  
4 
5 
3 
6 
5 
2 
6 
1 1389327895  
5 
3 
6 
6 
6 
4 
2 
4 
2 
4 
2 
2 
1 893413126  
3 
1 185535470  
5 
3 
2 
1 190346974  
3 
4 
6 
4 
5 
6 
1 543947563  
1 695332779  
3 
2 
2 
5 
5 
4 
4 
2 
4 
5 
2 
5 
4 
2 
1 1212438126  
1 230262571  
4 
1 1647486274  
2 
3 
1 1877183197  
6 
4 
3 
2 
1 845147813  
4 
1 1248642414  
6 
2 
4 
1 997564908  
1 56539105  
6 
4 
4 
5 
1 993978636  
5 
4 
5 
6 
5 
5 
6 
5 
6 
5 
6 
6 
4 
3 
2 
3 
4 
3 
4 
4 
5 
5 
4 
1 284998697  
5 
4 
4 
3 
3 
4 
4 
5 
6 
6 
4 
1 721280001  
1 668732184  
5 
2 
5 
5 
4 
6 
2 
1 154788254  
1 474946162  
3 
4 
6 
1 784054296  
4 
4 
5 
4 
3 
3 
1 1851962891  
2 
6 
6 
5 
4 
1 1073210907  
3 
4 
6 
3 
2 
5 
1 422357104  
6 
5 
1 1028973790  
4 
6 
4 
6 
3 
3 
3 
2 
4 
2 
4 
2 
5 
2 
4 
6 
5 
1 2122623077  
1 306705439  
6 
1 1142134059  
2 
2 
1 9872670  
2 
6 
3 
2 
1 80059225  
2 
5 
1 148691245  
1 1399200566  
6 
3 
6 
5 
1 973472352  
2 
6 
4 
1 334226715  
1 1589547540  
3 
4 
1 1517419915  
1 1029559494  
1 654502018  
3 
1 1747682486  
1 529562121  
6 
4 
1 384201567  
5 
5 
6 
6 
3 
2 
3 
6 
3 
6 
3 
5 
6 
5 
5 
1 445346652  
5 
5 
4 
4 
6 
2 
2 
1 1778204535  
4 
6 
2 
1 1381766476  
4 
4 
3 
5 
5 
1 501885757  
5 
5 
6 
5 
6 
6 
2 
6 
6 
4 
5 
4 
1 624699524  
5 
1 1666765173  
5 
5 
4 
3 
1 1223165758  
5 
6 
2 
3 
6 
4 
1 1293431708  
3 
3 
1 1821553427  
6 
4 
1 1698111920  
4 
6 
1 2077486004  
1 1526032670  
3 
3 
1 623839179  
6 
2 
2 
5 
6 
3 
4 
6 
3 
1 352359460  
4 
4 
1 407522813  
4 
6 
4 
5 
4 
5 
1 598978608  
4 
6 
5 
4 
6 
5 
4 
3 
3 
6 
5 
2 
3 
6 
4 
4 
1 659064900  
3 
3 
6 
3 
2 
2 
6 
3 
3 
2 
1 1549656872  
6 
4 
5 
3 
4 
3 
5 
3 
3 
2 
1 608851279  
2 
4 
2 
5 
4 
5 
6 
1 739124125  
4 
6 
3 
4 
3 
6 
2 
3 
5 
2 
6 
5 
6 
2 
1 1698348118  
2 
6 
6 
3 
4 
5 
2 
1 2008051845  
3 
5 
1 1712596477  
3 
5 
2 
4 
4 
6 
2 
3 
1 2032574833  
1 1450115737  
6 
3 
6 
1 1082532745  
4 
3 
5 
2 
1 914650680  
2 
1 2104617755  
2 
5 
2 
4 
4 
1 682731583  
1 1444212801  
1 341335675  
1 1128078235  
1 1074933688  
5 
2 
2 
4 
2 
4 
4 
5 
1 1723102151  
1 1629963992  
6 
4 
2 
6 
5 
5 
4 
4 
6 
1 1699633212  
3 
6 
3 
1 1242383676  
2 
4 
3 
5 
4 
6 
3 
5 
6 
3 
1 705646102  
3 
5 
4 
6 
6 
4 
5 
2 
1 845581272  
4 
1 916453456  
4 
5 
2 
4 
5 
2 
6 
1 256274374  
6 
3 
1 775583629  
4 
6 
4 
6 
2 
4 
6 
1 295002478  
4 
3 
6 
4 
6 
4 
5 
4 
6 
3 
3 
4 
4 
2 
3 
3 
3 
1 880113554  
5 
5 
2 
3 
5 
6 
6 
1 1127943089  
6 
5 
1 702525291  
6 
2 
1 1479092162  
2 
1 1787007989  
5 
4 
6 
2 
1 104698516  
1 2087943441  
4 
6 
1 378648467  
2 
2 
1 1803046634  
1 1948511638  
2 
1 2091244944  
6 
4 
2 
2 
5 
3 
1 1688137819  
6 
6 
2 
1 1251143727  
6 
4 
6 
5 
3 
2 
5 
2 
3 
5 
2 
5 
5 
2 
5 
6 
6 
5 
2 
5 
6 
3 
1 1026294041  
1 455304851  
4 
1 1208277835  
1 1709025625  
2 
5 
4 
5 
3 
5 
1 1899517652  
6 
1 1549613510  
5 
2 
5 
6 
2 
3 
3 
3 
4 
5 
4 
6 
1 689620212  
5 
1 826967693  
5 
2 
4 
1 1125232013  
1 172100557  
2 
1 379117257  
1 220132041  
6 
3 
2 
5 
3 
6 
6 
2 
6 
6 
1 877746659  
2 
5 
2 
2 
6 
2 
5 
3 
3 
4 
2 
4 
1 1224698530  
1 1136585497  
3 
2 
2 
6 
6 
5 
6 
2 
1 1134021034  
6 
4 
6 
4 
5 
1 2000282159  
2 
1 1431587976  
3 
5 
3 
5 
4 
6 
5 
5 
5 
3 
2 
5 
4 
1 2014134588  
2 
1 980741600  
5 
5 
3 
6 
1 2134113267  
6 
6 
1 1345743102  
6 
1 620265942  
6 
1 91328135  
5 
6 
2 
6 
6 
2 
6 
6 
4 
5 
5 
2 
1 1286202896  
1 998914409  
2 
4 
6 
6 
2 
6 
6 
6 
3 
6 
6 
4 
4 
6 
6 
4 
2 
2 
1 1894374769  
6 
6 
4 
3 
1 1087230886  
2 
2 
6 
1 942675705  
1 1435028941  
5 
3 
5 
3 
1 190890966  
2 
5 
1 1968969747  
3 
5 
6 
2 
4 
3 
2 
3 
5 
5 
4 
1 1890333792  
2 
6 
4 
2 
5 
2 
4 
3 
4 
1 1399168801  
3 
6 
5 
2 
5 
1 1530511724  
1 1642367797  
4 
3 
4 
6 
3 
5 
1 801298663  
4 
5 
5 
1 72648288  
2 
3 
1 321851842  
1 1926530676  
6 
1 244748845  
5 
6 
1 700969099  
4 
3 
5 
2 
1 2146662717  
4 
1 1122495505  
5 
6 
2 
2 
5 
5 
3 
1 1925667629  
2 
6 
5 
4 
3 
4 
4 
4 
6 
1 1135764567  
4 
3 
3 
5 
3 
5 
6 
1 109032891  
1 1778466140  
1 419868895  
6 
5 
5 
2 
3 
2 
2 
2 
2 
3 
6 
3 
3 
2 
2 
3 
3 
2 
4 
6 
4 
3 
3 
5 
5 
1 2123167479  
1 611724093  
3 
6 
4 
5 
5 
2 
1 406498514  
2 
5 
5 
5 
5 
4 
3 
5 
2 
4 
3 
6 
6 
6 
2 
3 
5 
1 1321426933  
2 
6 
5 
6 
1 1231990035  
2 
4 
5 
4 
4 
6 
2 
4 
5 
2 
4 
1 497826650  
6 
1 460146181  
6 
5 
2 
4 
4 
6 
3 
6 
6 
6 
6 
6 
1 83420796  
4 
6 
5 
3 
3 
6 
6 
1 244717771  
3 
1 1547377068  
2 
4 
5 
3 
6 
4 
3 
3 
5 
6 
3 
1 1026096501  
4 
6 
4 
2 
3 
4 
3 
3 
4 
5 
4 
2 
6 
5 
3 
2 
1 1679746712  
6 
3 
1 1738268034  
1 847582600  
3 
3 
6 
1 1422596857  
4 
6 
4 
1 989953187  
4 
3 
1 230610676  
2 
1 917481006  
6 
6 
6 
1 1791251850  
3 
6 
4 
6 
5 
3 
2 
1 303258965  
4 
2 
3 
1 1239332848  
3 
3 
4 
3 
1 1570298878  
1 548007810  
5 
4 
2 
4 
4 
2 
1 1940301947  
4 
6 
5 
3 
4 
6 
5 
1 1569477947  
1 1670503315  
4 
5 
4 
2 
3 
1 1718485929  
5 
4 
5 
5 
4 
4 
4 
2 
5 
5 
3 
4 
1 557758866  
3 
3 
3 
3 
4 
3 
6 
1 1779536206  
6 
3 
3 
6 
1 1349468421  
3 
1 977627761  
2 
2 
6 
4 
5 
4 
3 
3 
5 
1 1755220037  
4 
4 
5 
4 
3 
1 1961192514  
1 1384126276  
3 
1 929163323  
6 
4 
6 
3 
2 
2 
3 
1 1045698901  
2 
5 
4 
2 
1 1881952926  
1 1389309504  
2 
1 1129119697  
5 
3 
5 
6 
2 
2 
1 2126670697  
3 
2 
3 
2 
6 
3 
4 
5 
1 789202924  
1 7732551  
1 1658933762  
1 379987310  
3 
5 
2 
6 
4 
4 
5 
2 
3 
3 
6 
2 
5 
2 
1 855315151  
5 
4 
6 
2 
5 
1 934046971  
3 
3 
4 
4 
2 
1 1369940497  
5 
3 
3 
5 
2 
3 
5 
1 1085925828  
6 
4 
6 
4 
1 1851527977  
5 
1 1013708699  
5 
3 
6 
2 
1 1389184793  
2 
5 
2 
1 943377177  
1 436523929  
2 
4 
2 
3 
2 
4 
4 
1 1937192603  
5 
2 
5 
4 
6 
6 
3 
4 
2 
2 
1 736195476  
1 2006001877  
6 
1 1460212271  
5 
5 
2 
3 
1 307197757  
3 
3 
5 
1 416277095  
4 
3 
5 
5 
5 
4 
5 
6 
5 
4 
5 
1 1092264829  
2 
2 
3 
3 
2 
1 1656666179  
3 
2 
4 
1 1393904857  
1 700001219  
1 1470375045  
4 
3 
6 
2 
5 
4 
6 
6 
2 
6 
1 630547485  
3 
3 
4 
5 
2 
4 
6 
1 1629164542  
2 
1 368590299  
5 
5 
6 
5 
6 
3 
6 
6 
1 365016763  
5 
1 870990398  
4 
3 
3 
5 
4 
6 
3 
4 
2 
4 
1 1497709996  
1 344203812  
6 
4 
4 
6 
4 
4 
6 
6 
6 
3 
4 
6 
3 
6 
1 1660193323  
6 
2 
2 
1 1505442547  
2 
2 
2 
6 
3 
3 
4 
1 2003137574  
6 
1 2040180633  
2 
2 
4 
1 213274051  
2 
2 
6 
3 
4 
6 
3 
3 
2 
3 
2 
4 
5 
6 
5 
5 
3 
1 789700897  
5 
3 
4 
2 
1 1262637483  
2 
2 
6 
3 
1 1299199879  
2 
5 
5 
2 
3 
5 
4 
4 
4 
2 
3 
5 
4 
6 
4 
1 493745226  
4 
6 
1 128862534  
5 
4 
4 
4 
1 540901024  
5 
1 1437122403  
3 
6 
1 565386464  
6 
6 
2 
5 
2 
4 
4 
5 
5 
3 
5 
6 
2 
4 
1 330609979  
5 
6 
3 
1 25834232  
1 423904693  
2 
5 
4 
2 
5 
4 
6 
6 
6 
1 1790822250  
1 333031989  
2 
3 
5 
4 
6 
5 
5 
3 
1 840181788  
3 
1 735603432  
1 1989698168  
6 
5 
1 86602997  
6 
4 
4 
5 
5 
1 1435604651  
1 1312589566  
4 
6 
2 
5 
1 717150482  
6 
3 
2 
2 
3 
3 
2 
5 
5 
4 
4 
5 
4 
4 
3 
6 
4 
1 917285545  
2 
4 
6 
2 
2 
5 
2 
4 
3 
6 
5 
2 
1 1681179865  
5 
1 1082167245  
2 
3 
5 
2 
4 
5 
2 
3 
1 1788275943  
4 
5 
3 
5 
2 
4 
6 
3 
6 
2 
5 
1 1031406213  
1 1426371058  
2 
3 
5 
1 1300985618  
2 
5 
6 
5 
3 
3 
6 
4 
5 
3 
4 
4 
3 
2 
2 
1 389365113  
2 
6 
1 1282024984  
1 1193682604  
2 
1 602639164  
3 
6 
4 
5 
5 
3 
5 
3 
1 2071725882  
3 
1 308836439  
6 
1 1901839043  
5 
1 417987460  
1 437698973  
5 
5 
1 295256419  
1 1855109864  
5 
1 1003085437  
3 
1 625866398  
2 
4 
4 
3 
6 
1 1880944096  
2 
1 1426990130  
5 
1 269205001  
2 
3 
4 
6 
1 66492437  
2 
6 
5 
2 
6 
4 
6 
4 
4 
5 
1 119688271  
1 1004808433  
1 2056190606  
1 206291268  
3 
3 
1 292929436  
5 
2 
2 
4 
2 
4 
2 
6 
3 
6 
2 
2 
4 
1 1221296524  
4 
2 
6 
2 
3 
2 
2 
6 
2 
4 
1 923441751  
4 
6 
4 
3 
3 
5 
6 
2 
4 
6 
1 1210214981  
1 754992741  
2 
2 
6 
3 
2 
5 
3 
6 
3 
5 
6 
4 
3 
1 2005608996  
1 851007276  
2 
1 1786398954  
6 
2 
1 1284496406  
4 
6 
3 
5 
3 
1 4509247  
6 
6 
2 
4 
4 
3 
3 
6 
6 
3 
6 
4 
6 
4 
2 
1 28280419  
6 
1 419037743  
2 
6 
5 
2 
2 
3 
4 
1 1198191851  
2 
6 
1 630919583  
1 343279977  
6 
3 
4 
2 
2 
4 
6 
3 
1 1507028290  
4 
6 
1 385274978  
6 
6 
5 
2 
4 
2 
4 
3 
1 761267437  
3 
5 
2 
3 
6 
3 
5 
2 
3 
2 
6 
1 1944727263  
6 
1 680531397  
4 
3 
4 
1 468893653  
3 
1 800329053  
3 
2 
3 
2 
5 
2 
3 
3 
3 
3 
2 
2 
2 
2 
2 
2 
1 1306397796  
2 
3 
5 
5 
1 202354101  
4 
6 
4 
1 79835535  
6 
6 
4 
5 
3 
2 
4 
3 
1 1575602797  
1 268846539  
6 
2 
5 
1 199523806  
1 432927582  
5 
1 177553497  
1 405815075  
5 
2 
4 
5 
3 
5 
2 
6 
6 
5 
5 
4 
3 
2 
3 
6 
4 
6 
1 725857018  
5 
2 
6 
6 
1 1398850021  
1 1329256826  
3 
2 
2 
6 
5 
4 
6 
6 
1 1936071999  
5 
6 
3 
1 6359114  
3 
2 
5 
1 1187382174  
2 
3 
3 
2 
2 
2 
4 
4 
4 
6 
5 
1 639595627  
4 
4 
6 
3 
5 
3 
3 
4 
3 
5 
6 
4 
1 1792758068  
2 
1 324394933  
5 
6 
1 644104874  
4 
4 
2 
2 
6 
4 
1 1821038488  
1 743432676  
4 
2 
5 
2 
4 
1 1842296725  
2 
5 
6 
4 
1 304474423  
5 
1 1086712653  
1 1201841367  
4 
4 
1 689749402  
2 
5 
6 
2 
6 
4 
4 
6 
3 
1 1847980090  
1 999084983  
5 
1 1370280799  
1 169390096  
2 
1 1799414036  
2 
2 
6 
4 
3 
6 
1 529194947  
1 371744197  
5 
1 1879249571  
6 
3 
5 
5 
2 
2 
6 
2 
3 
5 
2 
5 
6 
1 2104797744  
4 
6 
3 
1 640590736  
1 2078773378  
4 
1 390241678  
3 
5 
4 
4 
2 
4 
4 
2 
6 
5 
5 
6 
5 
2 
5 
6 
6 
3 
4 
4 
3 
5 
3 
5 
6 
4 
2 
5 
1 818144233  
3 
3 
5 
5 
4 
5 
2 
1 337104805  
6 
6 
2 
2 
6 
3 
3 
2 
1 1116098696  
6 
1 69510606  
5 
6 
2 
2 
5 
6 
1 1666361631  
1 904687047  
2 
2 
1 75869720  
1 706260157  
2 
4 
3 
6 
2 
1 1544282675  
4 
2 
2 
6 
4 
1 1868627789  
6 
1 1030655090  
4 
1 40903901  
2 
4 
3 
2 
5 
4 
2 
4 
5 
5 
5 
3 
1 1542182629  
4 
2 
4 
2 
3 
1 1774087766  
2 
6 
6 
6 
1 1883200627  
4 
4 
4 
3 
6 
3 
6 
2 
3 
4 
4 
4 
4 
5 
2 
6 
2 
3 
2 
3 
5 
4 
6 
2 
1 1846657052  
5 
5 
1 713316771  
3 
6 
6 
6 
4 
3 
3 
1 937558346  
6 
4 
3 
1 388922806  
3 
5 
1 413813214  
6 
4 
6 
6 
5 
4 
1 1936643329  
1 1759203606  
2 
1 583203310  
2 
4 
5 
6 
5 
1 1588573717  
2 
6 
1 140914905  
2 
4 
6 
3 
5 
1 954947507  
1 1320339641  
3 
2 
3 
1 98229002  
3 
2 
3 
3 
3 
4 
3 
2 
2 
3 
1 1595538244  
2 
1 1251629371  
5 
1 488470680  
5 
4 
1 266198829  
3 
4 
5 
4 
4 
2 
2 
3 
1 1588734176  
3 
5 
4 
6 
3 
2 
3 
2 
6 
6 
1 1604569377  
2 
6 
4 
1 335709436  
1 1107612159  
6 
6 
4 
1 361772776  
4 
2 
4 
1 411579156  
3 
2 
6 
2 
2 
6 
4 
1 1813872316  
6 
5 
5 
1 1906055451  
4 
6 
6 
1 132723297  
6 
3 
5 
5 
6 
1 697043759  
2 
4 
2 
6 
1 1946959353  
6 
5 
1 1674905926  
1 323647877  
2 
3 
4 
6 
5 
3 
4 
3 
6 
4 
6 
3 
2 
5 
6 
6 
4 
6 
5 
5 
5 
2 
6 
6 
4 
1 1682676332  
2 
3 
6 
3 
5 
4 
6 
6 
4 
3 
1 1374079331  
6 
5 
5 
3 
4 
5 
1 1036964649  
5 
1 472751030  
6 
5 
1 1763002137  
2 
5 
2 
6 
5 
1 1450777863  
5 
3 
5 
3 
5 
3 
6 
6 
5 
5 
4 
5 
4 
1 261910712  
3 
5 
3 
1 1374722095  
3 
5 
6 
2 
3 
2 
1 2033981173  
1 1850484429  
3 
2 
2 
4 
2 
4 
5 
4 
5 
6 
1 1515637001  
3 
6 
6 
4 
2 
6 
1 841445032  
1 1023340422  
5 
1 1613866003  
3 
5 
5 
1 289499628  
6 
1 127486145  
5 
4 
4 
4 
3 
5 
6 
5 
4 
5 
6 
3 
3 
2 
5 
5 
2 
4 
4 
2 
2 
4 
3 
6 
6 
3 
4 
1 2102336683  
1 555698458  
2 
6 
2 
3 
2 
5 
1 1716220321  
3 
1 1559422412  
3 
5 
2 
4 
2 
1 891407894  
4 
3 
4 
3 
3 
4 
1 676348832  
4 
2 
3 
6 
5 
1 1921195189  
3 
6 
6 
4 
5 
1 1302987050  
5 
5 
5 
2 
2 
6 
3 
4 
1 342737501  
4 
2 
2 
2 
6 
1 1679766992  
1 1435710348  
4 
3 
2 
3 
3 
3 
5 
3 
1 1039781260  
5 
4 
4 
1 1479242697  
6 
1 963132626  
6 
2 
2 
4 
6 
3 
2 
6 
4 
2 
6 
3 
2 
4 
2 
5 
4 
5 
4 
6 
2 
1 1363429137  
2 
4 
5 
1 1014435381  
6 
4 
3 
3 
2 
1 189728309  
4 
6 
3 
1 252910138  
2 
1 1487186412  
6 
5 
3 
6 
6 
6 
6 
2 
3 
4 
4 
6 
6 
3 
4 
2 
4 
6 
1 1952730447  
1 1703688001  
5 
2 
5 
1 1749097124  
5 
2 
6 
1 1179968894  
2 
3 
5 
2 
6 
2 
2 
2 
6 
2 
2 
5 
5 
4 
4 
4 
4 
6 
6 
5 
3 
2 
4 
2 
2 
4 
6 
6 
2 
4 
2 
2 
4 
2 
4 
6 
1 1590185526  
4 
5 
1 1452097905  
2 
1 548122247  
6 
2 
3 
2 
6 
2 
4 
4 
3 
4 
1 284146911  
6 
6 
4 
3 
5 
2 
4 
2 
5 
6 
3 
5 
6 
2 
5 
2 
2 
1 327954680  
3 
1 14504602  
6 
5 
1 573646539  
3 
4 
4 
3 
3 
4 
2 
5 
1 455440825  
1 2116841286  
5 
3 
2 
4 
3 
1 1129344997  
2 
5 
5 
1 24177499  
4 
1 1528780050  
5 
4 
4 
5 
5 
6 
2 
4 
5 
6 
2 
2 
2 
4 
1 2020752891  
2 
1 700526331  
6 
4 
1 1302491591  
2 
1 1176256294  
3 
1 1043263832  
4 
1 834774936  
2 
5 
4 
1 464482994  
6 
5 
5 
6 
3 
6 
1 2083045092  
4 
1 166533985  
3 
6 
6 
1 1427615620  
3 
1 1298990582  
1 1180969367  
2 
1 1617343930  
3 
4 
2 
1 1551900720  
2 
3 
4 
1 520672131  
1 1422590729  
1 1108105074  
6 
3 
1 122285607  
6 
6 
1 455075975  
1 550806952  
2 
5 
6 
4 
3 
3 
6 
1 1574383512  
1 1003198223  
5 
2 
3 
4 
6 
2 
6 
5 
5 
5 
6 
6 
6 
5 
5 
6 
2 
3 
6 
1 834953863  
1 1902338192  
6 
2 
1 1017702825  
4 
2 
4 
5 
5 
2 
2 
5 
2 
3 
2 
5 
2 
6 
1 1408600403  
3 
5 
4 
5 
2 
1 210295370  
4 
2 
5 
4 
5 
4 
5 
1 987060463  
1 390461752  
3 
3 
5 
1 234472869  
2 
3 
1 368356866  
6 
3 
2 
1 263730996  
4 
2 
2 
3 
2 
3 
2 
3 
1 934999200  
5 
4 
3 
2 
6 
1 1670848457  
2 
2 
3 
5 
1 1439987290  
5 
5 
3 
2 
5 
5 
2 
2 
4 
5 
3 
5 
2 
3 
4 
4 
1 1978263033  
5 
6 
3 
5 
2 
6 
4 
4 
6 
2 
3 
6 
1 358139745  
3 
4 
3 
4 
2 
2 
2 
6 
2 
3 
2 
5 
2 
3 
5 
3 
3 
3 
5 
1 1904470284  
6 
2 
6 
2 
2 
5 
6 
2 
2 
5 
3 
1 1913824477  
4 
6 
1 524673731  
5 
2 
6 
1 1184602256  
3 
5 
4 
2 
1 1065331411  
2 
4 
5 
5 
1 1705643098  
2 
5 
6 
1 654462538  
4 
4 
1 469748484  
4 
6 
4 
4 
5 
6 
4 
3 
4 
2 
2 
6 
5 
5 
5 
1 78831581  
5 
1 2077053267  
1 1577853558  
6 
2 
2 
3 
3 
4 
5 
3 
3 
6 
4 
6 
5 
2 
3 
2 
1 201117188  
6 
1 384645595  
1 2128660510  
1 1775500700  
1 1387843818  
2 
4 
6 
4 
6 
1 816130726  
4 
6 
1 1530355245  
2 
1 258062995  
5 
6 
3 
1 77247481  
5 
2 
6 
4 
5 
1 1740650615  
2 
4 
3 
2 
2 
4 
5 
5 
5 
2 
3 
3 
4 
5 
4 
5 
1 1245123459  
4 
4 
2 
5 
1 467709233  
4 
3 
1 1975123484  
1 1613480325  
2 
5 
2 
4 
6 
1 731440229  
4 
2 
6 
2 
5 
5 
1 762639036  
1 1136845134  
5 
4 
2 
3 
2 
1 23943871  
6 
1 593418421  
1 1494984880  
5 
5 
4 
3 
3 
6 
6 
2 
1 1928414155  
1 359759251  
1 2019658611  
6 
5 
6 
5 
1 965532764  
6 
5 
2 
1 1425090662  
3 
5 
3 
4 
1 1577818061  
2 
3 
5 
3 
6 
1 1619995302  
1 1894839146  
3 
6 
1 1656649642  
5 
3 
3 
6 
2 
1 1549564922  
3 
5 
3 
3 
1 1325209056  
2 
4 
5 
6 
3 
3 
6 
3 
3 
5 
2 
2 
3 
5 
5 
1 1857766830  
1 1934210517  
1 1306385919  
5 
3 
4 
3 
6 
3 
1 1485783882  
2 
3 
1 1174570687  
4 
2 
5 
5 
1 2122516645  
2 
5 
2 
6 
1 868655479  
3 
5 
1 1432633682  
5 
6 
3 
3 
6 
3 
1 52280478  
2 
2 
1 461822446  
2 
1 530273493  
4 
4 
1 519989711  
1 289462282  
6 
2 
3 
1 2143753818  
2 
2 
2 
3 
5 
6 
6 
2 
4 
3 
2 
6 
3 
1 1251429941  
1 1052101319  
5 
3 
4 
1 1133115305  
3 
2 
4 
6 
3 
1 1275373812  
4 
3 
4 
6 
1 1645519740  
1 480616537  
4 
1 1056304320  
5 
6 
3 
6 
5 
4 
1 2005278991  
2 
5 
2 
5 
5 
2 
3 
6 
2 
4 
6 
2 
2 
1 352791500  
4 
2 
5 
4 
3 
1 2021837084  
4 
1 1282886006  
3 
4 
2 
1 1930609561  
4 
2 
4 
6 
5 
2 
1 1494348738  
2 
5 
2 
3 
6 
3 
2 
1 1030241504  
2 
3 
6 
4 
1 1439775555  
5 
5 
2 
4 
3 
5 
5 
2 
6 
4 
6 
2 
1 896430012  
4 
1 207966913  
5 
2 
3 
4 
3 
4 
6 
2 
5 
3 
5 
3 
4 
1 1150058737  
3 
6 
2 
4 
4 
3 
3 
1 683156881  
5 
3 
6 
5 
6 
4 
4 
6 
6 
6 
4 
4 
3 
4 
1 1514352832  
6 
6 
3 
4 
5 
6 
5 
3 
6 
5 
6 
4 
5 
1 488358971  
6 
3 
4 
3 
6 
2 
3 
5 
4 
3 
6 
4 
5 
1 1857727568  
6 
1 1489385829  
4 
3 
1 1357014451  
1 1142877603  
4 
4 
2 
6 
1 1541666307  
5 
1 1818836897  
4 
3 
5 
1 1673151096  
1 2061656018  
5 
5 
1 2108299180  
2 
2 
2 
3 
4 
3 
1 1669421267  
5 
1 1165602311  
6 
1 1012916851  
2 
6 
3 
5 
6 
1 655052924  
4 
3 
4 
5 
2 
5 
4 
1 293492476  
5 
4 
5 
2 
6 
6 
1 510952943  
5 
3 
4 
3 
5 
3 
1 1135669461  
6 
1 1349796796  
4 
4 
6 
1 368748287  
6 
4 
3 
1 1488460961  
6 
3 
1 1224150232  
5 
3 
5 
2 
4 
4 
1 1651634293  
6 
4 
1 1271586874  
1 571015322  
2 
3 
2 
1 534392149  
1 563878781  
4 
5 
4 
1 1467445335  
2 
6 
1 742359062  
5 
3 
1 1713937518  
4 
6 
2 
1 3118568  
2 
6 
4 
6 
1 109228246  
5 
3 
1 54812841  
1 1860846137  
3 
4 
1 1598614075  
5 
2 
5 
2 
6 
1 1411827292  
5 
3 
2 
3 
5 
1 856240092  
3 
5 
2 
2 
5 
5 
2 
6 
2 
2 
4 
6 
1 992796734  
6 
5 
3 
6 
1 1083180542  
5 
6 
1 381907540  
2 
2 
6 
4 
6 
1 906969105  
2 
4 
4 
6 
5 
4 
4 
3 
4 
5 
5 
6 
3 
1 1043996074  
3 
4 
5 
1 2051328807  
2 
5 
6 
5 
3 
3 
2 
3 
2 
4 
4 
1 2072571416  
4 
6 
6 
2 
6 
5 
3 
4 
6 
4 
4 
1 2056912925  
3 
1 558898083  
6 
6 
1 218580244  
2 
1 420382220  
3 
4 
4 
2 
5 
6 
4 
1 1694567544  
4 
2 
4 
4 
6 
4 
5 
5 
3 
1 1568377040  
4 
2 
4 
5 
3 
1 789130507  
5 
6 
5 
4 
1 1035544857  
5 
2 
3 
2 
2 
3 
4 
3 
5 
3 
6 
3 
2 
5 
5 
4 
3 
3 
3 
2 
3 
4 
6 
5 
4 
4 
5 
5 
5 
6 
3 
3 
5 
1 645043624  
5 
3 
5 
1 293281152  
5 
1 159648083  
2 
1 1216058947  
1 827673302  
3 
5 
4 
2 
3 
2 
1 723526864  
1 536020634  
4 
3 
4 
2 
4 
1 1570032364  
1 289980734  
5 
2 
6 
6 
4 
3 
6 
4 
3 
5 
3 
6 
1 539139202  
5 
5 
3 
4 
4 
6 
2 
6 
5 
5 
1 1679260611  
3 
4 
2 
2 
2 
1 344793576  
2 
3 
5 
5 
5 
2 
6 
5 
3 
6 
6 
2 
1 252501691  
3 
4 
4 
3 
4 
2 
1 1130391038  
2 
1 1756620868  
5 
1 1108741783  
6 
1 2123187773  
5 
4 
1 692317762  
6 
2 
3 
2 
2 
3 
5 
6 
4 
6 
4 
4 
4 
5 
4 
2 
5 
5 
1 1490649324  
1 882673230  
6 
4 
1 1736313836  
6 
5 
4 
3 
6 
6 
6 
1 1394494483  
2 
3 
5 
2 
6 
4 
2 
4 
4 
4 
1 807760998  
6 
5 
5 
3 
4 
6 
1 1645743113  
6 
1 1953392567  
6 
6 
1 1026341243  
1 2066125334  
6 
3 
6 
5 
1 1500476463  
5 
1 447234635  
2 
5 
4 
3 
2 
5 
5 
3 
3 
5 
1 707772193  
5 
3 
5 
1 388537673  
1 1092278260  
5 
4 
2 
3 
1 1001053346  
3 
5 
3 
3 
6 
3 
3 
6 
3 
3 
6 
2 
4 
2 
5 
1 548185756  
6 
5 
6 
1 160853559  
5 
1 1828726648  
4 
4 
6 
2 
3 
5 
6 
2 
3 
2 
1 1271712621  
5 
6 
5 
3 
1 696874193  
5 
1 1251275364  
6 
2 
2 
1 1561693355  
3 
4 
4 
1 1236013395  
4 
5 
4 
1 783052327  
6 
5 
3 
4 
6 
1 1906486931  
1 1488515087  
4 
6 
5 
2 
4 
6 
3 
6 
5 
2 
2 
5 
5 
2 
4 
2 
5 
6 
1 1913443366  
4 
1 1515624152  
5 
5 
6 
5 
5 
4 
3 
3 
3 
4 
4 
5 
2 
5 
5 
1 449773222  
2 
2 
6 
5 
6 
4 
5 
6 
1 1889147491  
2 
1 60458266  
3 
6 
1 1940422546  
6 
5 
3 
3 
2 
4 
5 
5 
6 
2 
4 
2 
5 
1 624337073  
5 
4 
6 
5 
5 
1 1796772103  
4 
2 
1 1187433382  
1 1432098071  
5 
3 
6 
6 
4 
1 1295031568  
3 
5 
2 
4 
3 
5 
5 
1 993342301  
6 
1 310955666  
1 1213673254  
5 
3 
3 
1 346335116  
3 
6 
5 
2 
5 
1 758190302  
1 1921445448  
1 734872789  
6 
4 
2 
5 
3 
6 
6 
6 
2 
3 
4 
2 
5 
6 
5 
4 
4 
5 
6 
2 
3 
3 
1 1850468562  
1 775015146  
2 
4 
1 1283058546  
1 2011322121  
1 456258146  
4 
6 
5 
4 
5 
2 
4 
6 
2 
4 
3 
1 407287519  
1 560712666  
6 
6 
1 1707533510  
1 1968980874  
5 
5 
5 
5 
4 
6 
3 
2 
2 
2 
1 1796726061  
3 
6 
4 
2 
4 
4 
4 
1 343102190  
3 
3 
4 
4 
3 
4 
4 
2 
4 
1 1727984158  
4 
1 1137757500  
3 
4 
3 
4 
4 
5 
6 
1 109061908  
1 1096124662  
2 
4 
1 1587530723  
2 
4 
6 
1 1998209399  
5 
5 
6 
3 
2 
2 
4 
3 
3 
2 
1 1156582928  
4 
2 
1 1380469621  
4 
6 
5 
1 475062824  
2 
6 
2 
4 
5 
2 
2 
4 
3 
4 
3 
4 
1 805871383  
2 
4 
4 
3 
4 
5 
5 
6 
3 
2 
1 420419355  
2 
1 1907160895  
1 2100902952  
6 
2 
3 
3 
6 
6 
1 1413761656  
3 
3 
1 70632914  
1 1167092558  
4 
2 
6 
5 
2 
3 
4 
4 
1 1760096773  
3 
6 
1 828823216  
2 
5 
4 
4 
4 
1 941054358  
1 347485914  
4 
1 531808130  
6 
1 1716069504  
4 
3 
1 1630544460  
2 
4 
6 
3 
1 395646603  
4 
5 
6 
3 
6 
1 24844002  
3 
6 
5 
3 
1 2037831979  
3 
2 
3 
3 
3 
3 
5 
2 
5 
4 
6 
2 
2 
4 
1 956359269  
1 1732377513  
2 
6 
1 1859329206  
1 605601682  
4 
2 
1 2075479703  
1 1439829716  
1 1743359183  
1 37057963  
1 388470730  
1 1183406258  
1 2035267362  
4 
5 
3 
1 1545053658  
2 
4 
3 
4 
3 
4 
5 
3 
3 
2 
3 
1 416392231  
2 
5 
2 
6 
4 
1 362846538  
5 
5 
1 203441394  
5 
5 
5 
2 
6 
6 
6 
5 
4 
2 
4 
4 
4 
5 
6 
2 
1 836811587  
4 
5 
1 122523785  
3 
5 
4 
6 
5 
1 156860698  
1 103089595  
6 
5 
6 
4 
5 
6 
2 
1 193156699  
3 
4 
3 
1 1323953256  
2 
6 
6 
5 
1 1863186368  
6 
2 
2 
1 1021979915  
4 
2 
3 
1 117523967  
6 
1 63188635  
4 
4 
5 
1 1553788045  
6 
1 1833593471  
4 
5 
2 
1 1693733095  
1 1949434648  
3 
1 1858437474  
4 
5 
2 
4 
5 
6 
6 
4 
1 1584081427  
4 
6 
4 
1 758310269  
1 1443331339  
2 
4 
4 
5 
4 
1 1295926985  
6 
1 1363911952  
2 
1 1371327394  
1 588273053  
5 
6 
2 
2 
4 
1 959787487  
2 
4 
5 
6 
4 
4 
2 
4 
5 
2 
3 
4 
1 1408385357  
5 
4 
6 
5 
1 976743783  
2 
4 
1 2143193745  
2 
4 
4 
2 
6 
6 
5 
5 
3 
1 1296169071  
5 
1 374313793  
3 
6 
3 
6 
2 
6 
3 
6 
4 
2 
3 
5 
2 
4 
2 
6 
2 
2 
3 
6 
5 
6 
4 
6 
3 
2 
6 
1 412102328  
1 1659015609  
1 577755187  
1 1248913915  
1 1781539394  
5 
6 
4 
4 
4 
1 734615885  
1 1352003511  
2 
3 
5 
6 
6 
5 
6 
5 
4 
4 
5 
6 
5 
6 
1 1974696094  
6 
6 
6 
5 
6 
6 
5 
5 
1 2058569142  
6 
6 
1 1067706231  
3 
5 
5 
3 
4 
2 
1 849192361  
5 
4 
3 
1 28609461  
2 
1 1130894866  
4 
2 
2 
6 
4 
4 
4 
6 
4 
1 255496759  
1 1862202932  
2 
3 
4 
5 
2 
5 
3 
2 
2 
4 
6 
5 
4 
6 
4 
2 
3 
3 
2 
4 
4 
5 
4 
5 
2 
2 
5 
2 
1 677144314  
5 
6 
6 
3 
6 
6 
1 57447759  
2 
1 1573156758  
6 
2 
6 
5 
2 
1 113742093  
3 
6 
3 
5 
1 815758029  
2 
5 
3 
1 869004449  
6 
4 
5 
3 
4 
3 
3 
5 
1 1409669078  
4 
6 
2 
2 
6 
5 
3 
5 
4 
2 
5 
1 32186333  
5 
2 
5 
3 
5 
3 
1 92848195  
3 
2 
3 
2 
3 
2 
4 
6 
3 
4 
4 
4 
5 
5 
4 
4 
6 
6 
2 
6 
5 
3 
6 
2 
1 1997942131  
3 
4 
4 
4 
4 
1 991973820  
6 
6 
6 
2 
1 1501233552  
4 
1 827202266  
3 
2 
2 
5 
4 
2 
3 
5 
6 
2 
5 
3 
2 
2 
1 987683917  
2 
1 649918975  
2 
2 
1 1201516059  
5 
6 
2 
4 
6 
4 
6 
5 
2 
4 
5 
6 
5 
1 1399786245  
4 
1 161450936  
5 
2 
3 
5 
4 
2 
1 1779271247  
5 
2 
2 
2 
6 
5 
5 
6 
3 
6 
4 
2 
4 
1 501216513  
2 
3 
6 
2 
2 
6 
4 
3 
5 
1 1942990331  
5 
1 366403484  
1 1853220024  
3 
4 
2 
4 
3 
5 
3 
2 
2 
4 
6 
3 
3 
6 
6 
2 
2 
3 
1 1770202777  
4 
4 
1 277488978  
5 
2 
3 
1 773442607  
1 471911490  
1 306098439  
4 
3 
1 1904337474  
4 
3 
3 
5 
4 
4 
1 727408249  
1 20817724  
4 
6 
5 
1 433998140  
6 
2 
2 
1 784856009  
6 
4 
2 
3 
6 
2 
1 1593974482  
6 
6 
1 547740233  
3 
2 
5 
5 
1 1600614038  
6 
5 
5 
3 
2 
3 
4 
1 315495284  
6 
4 
2 
6 
4 
3 
6 
2 
1 1957409311  
5 
2 
4 
5 
2 
4 
4 
1 1632800371  
6 
6 
1 408343479  
2 
4 
4 
1 1807867794  
5 
4 
1 477290543  
1 1909577032  
4 
1 487586412  
2 
5 
5 
4 
2 
6 
2 
5 
5 
1 1464974460  
4 
2 
6 
3 
2 
3 
1 412012359  
5 
5 
3 
4 
2 
1 1689102471  
5 
4 
6 
4 
4 
1 717277057  
2 
5 
4 
5 
5 
4 
3 
6 
1 573463296  
3 
6 
1 1320890070  
6 
3 
3 
2 
3 
3 
6 
6 
2 
4 
6 
1 1218493570  
2 
5 
5 
5 
2 
3 
6 
5 
1 368969979  
6 
6 
5 
6 
3 
3 
5 
5 
3 
1 1687293555  
1 924229946  
3 
5 
1 2139172756  
2 
3 
1 1964782533  
1 1697672554  
2 
3 
6 
1 463600598  
3 
5 
2 
1 123397325  
1 1454526380  
6 
4 
4 
6 
4 
1 1191008848  
3 
5 
3 
1 144215049  
3 
3 
1 1888524520  
6 
6 
2 
3 
2 
6 
5 
4 
6 
3 
3 
6 
4 
3 
2 
3 
3 
4 
2 
2 
4 
5 
6 
2 
4 
1 1975864857  
1 1738189531  
3 
6 
3 
2 
5 
2 
3 
1 288781105  
3 
6 
6 
1 1428995247  
1 2053684815  
2 
2 
5 
3 
2 
6 
5 
4 
4 
3 
1 98706768  
2 
6 
1 914311970  
6 
3 
4 
4 
4 
3 
2 
6 
2 
2 
3 
5 
4 
6 
1 314544647  
1 1906574562  
5 
1 1391602513  
2 
5 
1 76638031  
5 
6 
2 
3 
1 246677326  
2 
5 
2 
6 
1 709093325  
1 488650390  
6 
1 1935779797  
4 
1 1426370382  
1 1062113686  
2 
4 
5 
4 
4 
1 1109186220  
1 497380305  
4 
2 
4 
3 
6 
1 1431083665  
1 648996127  
5 
2 
5 
2 
1 1421610251  
3 
2 
3 
1 1422772773  
6 
5 
4 
5 
5 
4 
4 
6 
5 
3 
5 
1 466295012  
5 
5 
6 
2 
4 
1 971799157  
6 
1 1886373372  
1 589692337  
6 
6 
5 
6 
3 
4 
3 
5 
1 278841889  
3 
1 929898572  
5 
5 
1 733907386  
1 19882761  
5 
4 
1 758279781  
3 
4 
1 324613270  
1 308663866  
6 
1 39791380  
3 
1 230814437  
4 
5 
5 
5 
1 407370634  
5 
4 
2 
5 
3 
6 
5 
5 
5 
4 
5 
1 954103350  
6 
6 
1 545359084  
5 
3 
3 
6 
6 
3 
2 
6 
2 
1 166461548  
1 198222215  
2 
3 
4 
4 
4 
5 
6 
6 
6 
3 
1 621997115  
5 
3 
6 
2 
3 
2 
2 
2 
5 
5 
2 
3 
1 413138874  
3 
5 
4 
6 
1 907315540  
1 1110647506  
2 
6 
3 
1 201435024  
5 
2 
3 
2 
5 
2 
3 
1 186202274  
1 25277544  
6 
1 1310621244  
5 
1 683582579  
4 
3 
5 
4 
5 
3 
5 
4 
2 
2 
6 
6 
6 
4 
1 1456361210  
5 
5 
6 
2 
6 
3 
3 
4 
1 1959617371  
1 2105192831  
2 
4 
3 
4 
4 
1 731650335  
3 
1 278428735  
6 
3 
5 
5 
2 
4 
3 
2 
3 
5 
6 
5 
5 
1 929508340  
2 
2 
6 
6 
4 
6 
3 
1 470540059  
5 
3 
2 
6 
5 
6 
3 
6 
6 
6 
3 
2 
6 
2 
5 
3 
5 
3 
5 
2 
1 868121073  
4 
2 
3 
1 1208350230  
2 
5 
4 
4 
2 
1 1400438631  
2 
5 
3 
4 
3 
6 
1 1602028459  
2 
3 
6 
1 1228232991  
1 11234764  
3 
6 
3 
6 
4 
6 
1 1926641729  
3 
3 
6 
1 1536896858  
6 
6 
1 51026144  
1 9972519  
5 
6 
1 1944267492  
6 
3 
5 
2 
3 
6 
6 
2 
4 
6 
5 
1 1005129494  
4 
4 
1 555331603  
3 
2 
1 2110729041  
1 1203351709  
6 
5 
1 1177328719  
1 376384267  
3 
3 
5 
4 
2 
1 2110667249  
5 
4 
6 
1 140492577  
2 
2 
6 
4 
1 577819291  
5 
3 
6 
4 
5 
1 149385876  
5 
4 
3 
4 
5 
6 
5 
2 
5 
3 
2 
1 165770121  
5 
2 
6 
5 
2 
2 
5 
4 
1 1888440535  
5 
5 
5 
2 
6 
5 
5 
1 832968455  
3 
6 
4 
5 
5 
5 
5 
3 
5 
6 
4 
5 
6 
2 
4 
3 
6 
3 
2 
4 
5 
1 1622131331  
2 
4 
1 1700574258  
1 790677638  
4 
1 206298019  
1 1979002994  
3 
3 
4 
4 
1 1720185979  
5 
3 
4 
2 
3 
2 
2 
5 
2 
6 
3 
5 
4 
1 676838078  
4 
5 
4 
2 
2 
6 
1 699640419  
1 781052561  
1 2077276710  
2 
2 
5 
5 
6 
2 
6 
5 
4 
6 
1 154185230  
3 
4 
6 
2 
3 
1 2009285552  
5 
4 
3 
6 
1 2088511474  
2 
5 
4 
3 
1 2080826960  
6 
6 
3 
6 
1 1398698762  
6 
1 2139537619  
2 
4 
6 
6 
3 
2 
6 
6 
1 2090799479  
6 
2 
3 
6 
1 1195482607  
2 
5 
6 
4 
4 
3 
4 
5 
6 
4 
3 
4 
3 
3 
4 
1 997183465  
5 
5 
4 
4 
2 
2 
2 
5 
4 
6 
5 
6 
6 
2 
3 
4 
1 498647434  
3 
3 
6 
5 
3 
5 
1 1158728000  
3 
6 
5 
1 53051527  
3 
6 
5 
5 
3 
2 
4 
3 
4 
6 
5 
2 
5 
6 
5 
4 
5 
3 
2 
1 1675976153  
2 
5 
4 
1 1535112267  
5 
2 
4 
6 
2 
4 
1 16235128  
2 
5 
5 
2 
1 1816468730  
6 
1 2112931559  
6 
5 
1 165621004  
6 
1 1982238852  
1 1853888446  
5 
5 
6 
5 
5 
6 
6 
2 
4 
4 
5 
6 
5 
6 
6 
3 
2 
2 
2 
2 
4 
6 
2 
1 998589460  
1 1456886535  
2 
5 
3 
4 
4 
2 
3 
5 
4 
5 
5 
5 
1 1406979057  
4 
2 
4 
3 
1 1789267098  
5 
3 
6 
6 
5 
2 
6 
2 
4 
5 
2 
5 
5 
4 
4 
1 1663184554  
4 
6 
6 
2 
6 
1 1238498403  
5 
5 
4 
6 
1 1361969429  
1 192538985  
5 
1 1938138822  
2 
5 
4 
4 
4 
3 
6 
6 
4 
5 
6 
4 
4 
6 
5 
3 
3 
4 
5 
1 2143021990  
1 122332047  
3 
3 
6 
4 
2 
3 
2 
1 2092324052  
2 
2 
6 
2 
2 
6 
6 
5 
5 
6 
6 
6 
3 
6 
1 2004823895  
6 
3 
4 
6 
4 
3 
5 
3 
5 
1 63359873  
2 
6 
1 2025667364  
5 
4 
6 
1 1256039009  
2 
3 
2 
4 
4 
5 
6 
4 
3 
6 
1 55413844  
1 1968983195  
3 
5 
4 
4 
1 304037968  
6 
3 
4 
3 
1 1052597310  
6 
2 
3 
1 320146982  
1 1462765968  
4 
4 
4 
4 
6 
3 
3 
6 
5 
2 
5 
6 
4 
1 1105648837  
6 
3 
3 
4 
1 1996123135  
1 850394588  
2 
4 
3 
5 
3 
3 
1 1121883965  
5 
6 
4 
6 
1 1665108218  
5 
1 815842499  
3 
5 
1 1287504970  
2 
2 
3 
5 
3 
6 
4 
2 
3 
5 
2 
2 
6 
6 
2 
1 1499863422  
2 
4 
2 
3 
3 
1 522247297  
5 
2 
6 
5 
6 
3 
6 
4 
1 138610782  
6 
4 
2 
5 
6 
6 
4 
2 
3 
3 
4 
2 
6 
2 
1 809266309  
2 
2 
5 
4 
2 
4 
3 
1 1929226354  
3 
6 
6 
6 
2 
5 
2 
1 1927877880  
2 
5 
1 324967216  
3 
1 1020241109  
6 
3 
3 
6 
1 1142363662  
2 
5 
5 
6 
2 
6 
4 
3 
4 
2 
2 
1 517506201  
4 
4 
3 
5 
6 
1 810896283  
1 1137902004  
3 
5 
1 639838248  
3 
2 
4 
3 
2 
6 
5 
4 
6 
1 755736688  
1 995242251  
2 
4 
3 
3 
2 
1 703198121  
5 
5 
3 
2 
4 
6 
3 
6 
5 
6 
2 
5 
6 
6 
6 
6 
1 633920404  
5 
1 103797613  
6 
1 758611966  
2 
3 
1 455419952  
3 
5 
4 
5 
6 
6 
2 
3 
4 
2 
6 
1 407835581  
6 
4 
1 1811209276  
3 
3 
1 775566934  
4 
5 
3 
3 
4 
2 
3 
5 
6 
6 
4 
4 
6 
6 
1 1870601550  
3 
6 
6 
4 
1 769374465  
5 
3 
6 
2 
5 
3 
5 
2 
3 
2 
2 
6 
4 
6 
3 
4 
5 
1 624206421  
2 
3 
4 
6 
3 
5 
2 
3 
4 
4 
3 
1 573512490  
6 
1 1891258430  
3 
5 
6 
4 
1 141830991  
3 
3 
1 1389354989  
4 
1 1031279752  
5 
2 
1 1641694413  
2 
5 
4 
2 
3 
3 
5 
1 1911602286  
4 
1 1169890534  
4 
5 
3 
6 
4 
1 303477075  
2 
2 
1 1693344993  
4 
1 950284767  
3 
2 
4 
3 
2 
2 
3 
3 
5 
1 628444291  
4 
3 
5 
5 
2 
5 
6 
5 
1 566102454  
4 
2 
2 
4 
2 
6 
5 
1 2092648429  
6 
4 
5 
6 
2 
2 
3 
2 
3 
6 
2 
2 
6 
2 
5 
5 
6 
3 
2 
4 
1 1145950492  
3 
5 
2 
2 
6 
3 
6 
2 
5 
4 
3 
1 1376998738  
4 
2 
1 1083066785  
4 
1 1785788740  
1 2132735426  
6 
5 
2 
4 
3 
6 
5 
5 
3 
5 
1 2078309037  
2 
6 
3 
5 
1 341503213  
2 
6 
3 
4 
6 
5 
5 
4 
1 619172182  
6 
2 
5 
3 
1 34623002  
6 
6 
5 
3 
4 
5 
4 
1 1100115179  
2 
2 
5 
4 
3 
3 
5 
4 
5 
1 1074592134  
6 
6 
3 
4 
3 
1 442458583  
1 763840807  
3 
3 
2 
4 
5 
5 
3 
6 
6 
2 
2 
5 
1 1850159068  
2 
2 
1 165576485  
3 
5 
1 1533215272  
6 
1 326881842  
5 
6 
5 
1 739088975  
4 
6 
1 1276990055  
5 
1 468712833  
1 2128443964  
5 
3 
1 160786159  
6 
6 
6 
1 2110407247  
2 
6 
2 
4 
3 
2 
3 
6 
2 
2 
2 
4 
5 
3 
3 
4 
2 
2 
3 
6 
3 
3 
2 
2 
6 
5 
4 
4 
2 
1 1892562603  
1 1330676694  
1 266400674  
3 
1 1438423948  
3 
2 
5 
3 
1 133477813  
2 
2 
3 
5 
3 
4 
5 
4 
6 
4 
5 
4 
5 
3 
3 
4 
1 894844965  
4 
3 
1 2004526402  
3 
5 
2 
1 78642594  
1 2040795457  
4 
3 
2 
2 
1 1234041492  
6 
4 
1 1161709379  
1 1679100549  
2 
1 1219293270  
6 
3 
2 
4 
3 
1 1092534768  
4 
6 
5 
5 
1 2020603762  
1 1838465453  
4 
6 
6 
3 
1 1127157770  
3 
4 
1 973235294  
6 
1 765573939  
3 
3 
1 1569616354  
5 
2 
2 
5 
6 
2 
2 
3 
3 
1 1737076101  
5 
3 
2 
1 468249360  
5 
5 
4 
6 
1 1735192839  
4 
4 
6 
1 1122807726  
2 
6 
1 795131202  
6 
6 
5 
2 
3 
4 
6 
3 
1 326798167  
6 
3 
3 
1 252314133  
5 
6 
6 
2 
3 
6 
4 
2 
6 
3 
2 
4 
2 
1 1263844035  
6 
5 
5 
2 
2 
2 
4 
4 
1 307758483  
3 
3 
2 
3 
2 
2 
5 
6 
6 
6 
1 413100292  
5 
2 
2 
2 
4 
6 
5 
2 
4 
3 
3 
6 
5 
5 
2 
2 
1 1226767634  
3 
4 
6 
6 
1 52837438  
4 
5 
1 1743776986  
2 
3 
4 
6 
5 
3 
1 1493168308  
5 
1 1491261386  
2 
4 
2 
5 
6 
1 1877254799  
2 
3 
3 
5 
3 
6 
1 240529625  
1 1348304141  
3 
3 
4 
5 
6 
5 
6 
6 
1 1955897393  
4 
6 
2 
2 
4 
3 
2 
4 
3 
6 
5 
5 
1 133841434  
4 
4 
3 
5 
4 
2 
4 
6 
5 
4 
5 
1 434861985  
4 
1 970123125  
1 1812941983  
1 1654155256  
6 
2 
1 2062657893  
6 
2 
4 
1 1686062098  
4 
5 
6 
4 
4 
5 
6 
5 
2 
4 
4 
6 
3 
5 
4 
6 
6 
6 
3 
6 
4 
5 
2 
1 1345137061  
5 
5 
2 
3 
4 
4 
1 1042332016  
4 
2 
1 511813744  
2 
5 
2 
6 
3 
6 
1 2110711000  
5 
6 
2 
4 
6 
2 
1 464464722  
3 
4 
1 101406197  
3 
4 
1 431476712  
3 
2 
5 
6 
2 
2 
2 
3 
5 
3 
2 
5 
3 
2 
1 52173913  
6 
2 
4 
1 1224213923  
5 
2 
3 
3 
3 
4 
5 
4 
4 
4 
2 
2 
3 
3 
5 
6 
6 
6 
6 
4 
5 
1 1226607914  
6 
4 
2 
2 
4 
6 
4 
6 
6 
6 
3 
2 
1 378972080  
6 
2 
1 1476528056  
3 
6 
5 
6 
1 342968302  
2 
4 
5 
3 
3 
4 
4 
2 
1 686730564  
5 
3 
6 
