2 
2 
4 
1 989273636  
6 
3 
2 
4 
3 
3 
4 
1 1909012235  
2 
6 
6 
1 1511236938  
2 
3 
4 
2 
1 1600892079  
2 
1 438556343  
5 
4 
6 
4 
2 
4 
6 
2 
3 
3 
4 
3 
5 
2 
5 
3 
1 220873932  
1 1638446429  
1 555639238  
4 
6 
6 
6 
1 468774821  
2 
4 
3 
6 
4 
2 
3 
1 1543278262  
3 
3 
6 
5 
4 
5 
3 
1 67280578  
4 
1 533931503  
5 
4 
4 
2 
5 
4 
1 2118365151  
4 
3 
4 
3 
3 
2 
6 
5 
2 
2 
6 
4 
5 
4 
1 304910446  
3 
3 
6 
5 
3 
4 
5 
1 573080931  
6 
3 
4 
3 
3 
4 
3 
1 179430149  
4 
6 
6 
5 
2 
4 
2 
2 
1 822030512  
2 
6 
4 
6 
5 
4 
3 
2 
2 
6 
6 
4 
2 
6 
3 
2 
4 
3 
1 110387944  
5 
2 
1 1051680745  
6 
6 
1 1022015214  
2 
3 
1 261124689  
1 146083608  
6 
2 
1 1372554528  
4 
6 
5 
2 
1 1621915493  
6 
2 
1 2130170890  
5 
2 
1 351216980  
4 
4 
3 
2 
5 
2 
4 
1 451405706  
5 
6 
2 
2 
4 
5 
6 
5 
4 
4 
2 
1 7873931  
4 
5 
6 
4 
2 
4 
3 
5 
1 309392647  
4 
4 
6 
1 1280190339  
1 364656755  
1 1298666284  
3 
6 
1 1041718927  
3 
1 1875893693  
5 
1 752074715  
1 1480275270  
1 2096767626  
1 243037496  
5 
6 
3 
5 
3 
2 
2 
1 2035914509  
3 
5 
2 
4 
4 
5 
2 
5 
6 
1 418058799  
1 1786315758  
5 
4 
3 
4 
2 
6 
1 2103195087  
6 
6 
2 
4 
6 
4 
4 
2 
6 
6 
5 
4 
2 
2 
3 
5 
4 
6 
1 951990302  
6 
6 
1 1757197262  
2 
1 260621886  
4 
4 
6 
4 
5 
4 
1 1525071234  
4 
4 
4 
6 
2 
3 
1 1936627411  
5 
5 
4 
2 
6 
4 
4 
3 
6 
5 
2 
1 1082652398  
3 
2 
4 
3 
6 
4 
2 
2 
5 
6 
3 
3 
3 
1 1635459178  
6 
4 
1 840824508  
1 2104667612  
6 
5 
6 
1 1896583868  
3 
4 
5 
5 
1 986908117  
6 
1 1329738492  
6 
4 
6 
4 
3 
6 
1 1371015713  
5 
3 
1 969595359  
2 
1 1680955473  
5 
3 
3 
4 
4 
5 
3 
1 1822421419  
5 
6 
1 977469290  
3 
2 
4 
3 
3 
5 
4 
5 
5 
3 
2 
6 
1 1990348120  
5 
2 
2 
3 
2 
5 
5 
3 
1 955128111  
2 
4 
5 
2 
3 
3 
3 
4 
1 1342126046  
1 1141530756  
5 
3 
2 
1 1996847038  
1 1070536091  
3 
6 
5 
3 
2 
2 
3 
5 
2 
3 
3 
3 
1 1893605471  
4 
2 
3 
3 
1 1329638660  
4 
1 1019820069  
2 
4 
2 
4 
6 
6 
4 
4 
3 
6 
6 
4 
2 
4 
2 
2 
5 
3 
6 
6 
4 
5 
1 2136642967  
3 
6 
5 
1 1218069521  
3 
4 
5 
3 
2 
2 
6 
3 
1 1437878868  
3 
5 
6 
3 
6 
5 
1 1775475078  
5 
4 
5 
2 
1 1173780961  
6 
6 
6 
5 
6 
3 
6 
3 
3 
5 
4 
3 
1 242385523  
3 
5 
4 
6 
3 
1 1385188692  
4 
1 1434402847  
6 
2 
2 
2 
2 
1 1767456757  
2 
3 
4 
2 
6 
5 
4 
4 
5 
4 
2 
2 
1 1174332455  
3 
5 
1 369571597  
2 
6 
1 1255432287  
5 
4 
4 
5 
4 
4 
2 
5 
3 
1 2015156963  
2 
5 
6 
5 
3 
5 
4 
5 
5 
1 326755561  
5 
6 
5 
2 
4 
4 
4 
6 
3 
4 
2 
4 
3 
3 
6 
3 
3 
4 
3 
2 
1 1004532507  
2 
3 
1 854581432  
3 
1 1656494054  
4 
6 
5 
6 
2 
1 228064572  
6 
1 1824176791  
3 
6 
3 
2 
3 
4 
3 
1 1189965879  
4 
3 
4 
2 
4 
5 
1 2050485992  
4 
6 
5 
4 
3 
1 654162434  
4 
5 
6 
4 
6 
3 
2 
4 
6 
1 1032830351  
2 
2 
2 
1 858130455  
1 1996288480  
3 
3 
2 
5 
2 
2 
2 
2 
4 
1 26877460  
1 707493845  
6 
6 
1 919340923  
1 1920482931  
1 2037132505  
3 
2 
4 
1 1939160993  
1 1909642251  
1 1107718379  
5 
4 
3 
2 
1 1229556213  
2 
2 
1 1537633681  
2 
4 
3 
3 
5 
6 
2 
2 
4 
4 
2 
5 
6 
5 
4 
3 
5 
6 
5 
5 
5 
4 
5 
3 
3 
2 
4 
5 
4 
3 
1 134015692  
1 1471941736  
6 
5 
5 
5 
1 775338725  
4 
3 
3 
5 
2 
6 
4 
3 
2 
6 
2 
5 
1 1568418539  
6 
4 
6 
6 
1 1091914845  
1 1949671180  
4 
1 1937990136  
3 
1 199863485  
3 
6 
2 
4 
3 
2 
3 
1 1817344495  
3 
2 
4 
1 117262049  
2 
3 
5 
4 
1 1204395992  
2 
3 
2 
4 
1 524442280  
5 
2 
6 
4 
2 
5 
1 1773756103  
3 
1 1432460565  
3 
1 201135423  
1 816238334  
3 
4 
2 
2 
2 
4 
5 
3 
3 
6 
4 
5 
3 
3 
3 
5 
5 
3 
2 
1 1335462909  
5 
1 855297857  
4 
5 
1 1849068686  
1 46109716  
4 
4 
1 704102689  
6 
3 
6 
4 
1 1875946146  
4 
4 
5 
1 753603561  
1 1623443613  
4 
1 1648945429  
4 
3 
6 
2 
1 643252418  
2 
5 
6 
4 
5 
4 
3 
6 
2 
3 
3 
5 
2 
5 
6 
5 
6 
6 
3 
4 
6 
6 
4 
2 
3 
5 
5 
5 
6 
4 
1 1415120958  
5 
4 
1 1411104032  
1 1750970797  
6 
1 497193523  
3 
3 
1 801254065  
5 
6 
6 
2 
6 
1 1884986489  
5 
3 
6 
4 
4 
2 
4 
4 
4 
1 1969135260  
3 
6 
3 
4 
3 
1 1576592790  
2 
3 
6 
3 
5 
1 1305921380  
6 
5 
3 
3 
1 913566457  
4 
3 
2 
3 
1 1378780322  
3 
6 
5 
2 
5 
6 
4 
1 1096427868  
3 
4 
5 
4 
1 1113429942  
5 
4 
3 
1 1048641170  
5 
5 
2 
6 
3 
2 
3 
6 
2 
5 
5 
3 
5 
5 
1 1213689918  
4 
2 
6 
2 
2 
4 
3 
4 
1 170342287  
1 1573083450  
2 
1 839962373  
5 
6 
1 1602802852  
1 1774218873  
1 1656200708  
6 
2 
1 790782113  
2 
4 
4 
4 
1 482033083  
6 
6 
6 
2 
2 
1 1357785746  
3 
1 836891829  
5 
1 1186135772  
6 
5 
2 
4 
6 
3 
1 1086248244  
4 
6 
5 
5 
5 
4 
2 
5 
3 
4 
3 
5 
4 
3 
1 1590495390  
3 
4 
2 
2 
1 662095737  
2 
3 
3 
2 
3 
2 
6 
3 
6 
2 
4 
6 
2 
5 
6 
1 587710025  
2 
3 
6 
2 
5 
1 86264160  
5 
3 
1 2077216695  
1 1998814058  
3 
2 
6 
5 
4 
2 
3 
6 
3 
4 
4 
6 
6 
2 
4 
1 1837234958  
2 
5 
2 
1 426926571  
4 
2 
5 
4 
1 652584475  
1 1574737799  
1 248578183  
4 
1 81693618  
6 
5 
2 
5 
2 
6 
4 
2 
1 733175532  
3 
1 1162144640  
1 1460473940  
2 
6 
6 
5 
6 
4 
4 
2 
1 1829603400  
4 
5 
5 
1 128090935  
6 
5 
2 
5 
6 
1 361631462  
3 
2 
2 
3 
2 
4 
3 
5 
1 895809670  
4 
6 
4 
5 
1 298433222  
3 
6 
3 
4 
3 
6 
1 1934714912  
1 1735772044  
5 
2 
5 
6 
1 1901236074  
3 
3 
2 
2 
4 
1 1561450138  
6 
4 
2 
2 
5 
2 
1 1244489104  
1 544534539  
1 2043483221  
3 
2 
4 
6 
3 
5 
4 
4 
4 
6 
5 
5 
1 454791202  
5 
1 1381426368  
6 
1 1082135345  
1 1541039446  
5 
1 824438110  
6 
5 
4 
6 
2 
6 
6 
4 
5 
5 
4 
2 
2 
2 
1 1744231083  
4 
3 
4 
2 
1 2128749471  
3 
2 
3 
4 
2 
1 910702270  
4 
2 
3 
1 1673964130  
1 1980079881  
6 
3 
4 
1 600453580  
6 
6 
5 
5 
4 
4 
2 
1 2100890701  
1 485180709  
4 
1 27707732  
1 201985236  
2 
6 
4 
2 
4 
1 566874327  
6 
6 
3 
1 760883264  
4 
4 
4 
1 1364129877  
6 
1 2027348267  
3 
2 
3 
4 
6 
3 
4 
5 
1 443003016  
1 1492220812  
6 
2 
6 
1 241496082  
6 
2 
1 1338812687  
2 
5 
3 
5 
1 1790654034  
1 28727346  
4 
3 
4 
2 
6 
2 
1 927101083  
5 
3 
5 
6 
6 
3 
3 
5 
3 
2 
1 1544406460  
2 
6 
5 
4 
6 
3 
2 
1 1590177484  
5 
4 
5 
3 
5 
2 
6 
2 
6 
2 
5 
6 
1 24106539  
4 
6 
4 
1 2088940999  
4 
6 
3 
2 
6 
3 
2 
5 
3 
3 
4 
4 
1 1486177057  
2 
1 478897741  
5 
3 
1 1322883719  
1 420828755  
3 
1 2019937187  
4 
6 
5 
6 
1 2147321829  
2 
1 17576190  
5 
2 
1 2001203010  
5 
6 
3 
6 
3 
5 
2 
6 
3 
4 
3 
2 
6 
2 
2 
5 
5 
6 
6 
4 
2 
5 
6 
5 
5 
3 
4 
5 
4 
5 
2 
3 
5 
3 
5 
3 
1 910540451  
4 
4 
4 
5 
5 
6 
2 
5 
5 
3 
1 1691540320  
6 
3 
6 
4 
1 1833799244  
5 
5 
1 1510994032  
6 
3 
2 
1 1644947374  
4 
2 
6 
6 
6 
2 
3 
2 
4 
6 
5 
2 
2 
6 
2 
4 
2 
1 171496305  
4 
6 
3 
5 
5 
3 
4 
1 1538701764  
6 
4 
1 1846932610  
1 738370632  
4 
1 152101380  
5 
4 
4 
3 
2 
4 
1 1063578839  
4 
2 
6 
4 
6 
5 
1 618235251  
4 
2 
4 
5 
2 
6 
3 
4 
1 595104396  
5 
1 408316003  
5 
5 
6 
6 
4 
6 
5 
3 
4 
6 
3 
6 
6 
3 
4 
3 
2 
3 
6 
6 
3 
2 
1 859731333  
4 
4 
1 1933917083  
3 
4 
1 51486389  
3 
6 
2 
6 
5 
3 
3 
3 
2 
5 
6 
2 
5 
3 
6 
5 
2 
5 
6 
3 
2 
3 
4 
1 888458680  
3 
5 
2 
1 713534518  
4 
6 
6 
4 
3 
2 
6 
4 
3 
1 1595892849  
6 
5 
4 
2 
6 
4 
6 
5 
3 
1 331152516  
4 
4 
5 
2 
2 
3 
2 
5 
6 
1 737641057  
5 
3 
6 
2 
5 
3 
2 
4 
2 
6 
1 1537350200  
1 1817329574  
4 
6 
2 
6 
5 
1 1216538798  
3 
3 
2 
3 
1 712750271  
6 
4 
6 
6 
2 
2 
6 
5 
3 
2 
5 
5 
1 90674681  
5 
5 
6 
5 
3 
4 
1 1088992337  
4 
4 
6 
3 
4 
2 
2 
6 
6 
1 712588452  
3 
4 
4 
6 
5 
4 
3 
1 108250871  
4 
5 
3 
3 
5 
1 942711700  
6 
2 
4 
3 
5 
6 
5 
2 
3 
4 
5 
2 
6 
2 
2 
5 
2 
4 
1 1623128904  
5 
1 1799791191  
2 
6 
2 
1 629027296  
1 986639288  
1 1297254917  
2 
3 
6 
5 
5 
3 
5 
5 
4 
6 
4 
5 
5 
4 
3 
1 800523601  
6 
1 377857404  
1 996703880  
5 
3 
2 
5 
6 
5 
2 
3 
4 
1 1538894233  
4 
2 
6 
4 
6 
5 
6 
2 
3 
5 
2 
5 
3 
5 
6 
4 
6 
5 
3 
1 529958784  
3 
5 
1 2060282719  
5 
5 
1 9645836  
3 
6 
3 
5 
3 
6 
3 
1 1125063180  
4 
4 
1 321115075  
6 
5 
2 
1 869377170  
1 911496616  
1 372601464  
3 
5 
2 
3 
6 
3 
3 
3 
2 
3 
2 
1 1757835850  
2 
4 
5 
3 
6 
2 
3 
6 
2 
2 
4 
1 1625031134  
4 
3 
4 
2 
4 
5 
6 
2 
2 
4 
6 
6 
3 
4 
5 
6 
6 
3 
6 
4 
4 
4 
1 1968494314  
2 
4 
1 2088988366  
6 
1 215188544  
2 
5 
5 
4 
2 
1 1358360866  
3 
1 1758834292  
4 
6 
6 
4 
3 
3 
5 
1 1431727342  
5 
1 2071111138  
1 1849508973  
3 
6 
1 373236032  
6 
3 
3 
3 
6 
2 
5 
5 
3 
5 
3 
5 
5 
1 636215942  
3 
6 
6 
5 
5 
6 
5 
2 
5 
4 
2 
4 
2 
5 
2 
4 
6 
5 
1 1957759844  
3 
1 1315947732  
2 
1 111861198  
6 
4 
1 1610067388  
4 
1 1944975028  
5 
5 
6 
2 
5 
5 
3 
1 1098500486  
5 
1 759838657  
4 
1 598014981  
5 
5 
3 
1 1476357890  
5 
4 
1 1756542537  
5 
3 
1 2136909214  
3 
1 2006316674  
1 1669341609  
2 
3 
3 
5 
5 
4 
5 
3 
2 
2 
1 2146555050  
1 983896207  
2 
6 
2 
4 
3 
1 1990456684  
1 868448572  
5 
6 
4 
6 
2 
3 
3 
4 
4 
6 
1 1895392823  
6 
4 
3 
4 
4 
6 
1 215574500  
1 478800774  
4 
4 
4 
4 
1 1372940309  
6 
3 
6 
3 
4 
3 
5 
5 
4 
3 
3 
1 36585166  
5 
4 
5 
2 
1 420305493  
4 
1 1588128853  
1 1394946033  
1 31656137  
1 872372548  
2 
4 
3 
5 
6 
2 
2 
2 
5 
5 
6 
1 1318573523  
2 
1 1881165111  
6 
3 
4 
3 
6 
3 
5 
1 1245608580  
3 
1 1954789465  
3 
3 
5 
6 
2 
3 
4 
6 
1 1691441307  
3 
5 
5 
6 
3 
3 
4 
3 
6 
2 
5 
2 
1 414072664  
3 
5 
2 
6 
6 
3 
1 2066650664  
2 
3 
4 
4 
5 
3 
4 
6 
1 1154025047  
5 
3 
5 
2 
1 211564044  
1 1017667502  
3 
1 1913863705  
6 
4 
3 
1 809579025  
5 
2 
2 
1 346541745  
4 
4 
5 
2 
4 
1 1522922594  
2 
1 799004591  
5 
5 
6 
6 
6 
1 205374771  
3 
2 
5 
6 
1 1044780555  
3 
5 
1 798075993  
2 
1 1189270978  
5 
3 
2 
4 
2 
3 
3 
2 
2 
3 
4 
6 
3 
3 
1 887753591  
3 
6 
6 
4 
4 
2 
2 
3 
4 
5 
1 1666524566  
6 
6 
5 
4 
2 
6 
2 
2 
1 937180153  
6 
2 
6 
4 
3 
1 1103328092  
5 
6 
1 2145325340  
3 
2 
1 162636815  
4 
2 
6 
1 1139913258  
1 418147185  
3 
1 1750765668  
4 
3 
1 387375643  
5 
5 
1 449803323  
6 
3 
5 
2 
1 475654568  
4 
6 
5 
4 
2 
5 
3 
2 
4 
1 1705949166  
6 
3 
5 
1 183484786  
6 
1 1721263148  
1 1513254984  
4 
1 1874926093  
4 
2 
1 2135335812  
2 
1 1432422000  
6 
6 
4 
6 
2 
1 881467493  
5 
4 
5 
3 
6 
5 
3 
5 
1 199416208  
3 
3 
6 
6 
2 
4 
6 
3 
4 
2 
6 
4 
1 302605854  
3 
6 
3 
3 
1 647847550  
2 
1 1008995233  
5 
6 
2 
2 
6 
4 
3 
1 649147599  
1 23286496  
1 1807999824  
4 
5 
2 
5 
3 
5 
2 
6 
2 
3 
5 
4 
6 
1 854522371  
6 
4 
3 
1 1068067052  
3 
5 
2 
6 
3 
3 
4 
3 
3 
1 458592170  
2 
6 
4 
4 
1 2043793349  
6 
1 1955820643  
4 
5 
3 
5 
6 
5 
5 
3 
2 
6 
3 
1 2125116736  
1 833489855  
6 
6 
2 
6 
2 
3 
3 
3 
5 
2 
4 
4 
3 
4 
1 911665087  
4 
4 
4 
4 
1 2122958428  
4 
6 
3 
4 
6 
2 
2 
5 
3 
6 
3 
3 
4 
1 996126670  
1 2051578346  
1 393621966  
4 
5 
4 
5 
6 
3 
3 
3 
2 
3 
6 
1 599408690  
4 
1 291470341  
6 
6 
4 
4 
3 
6 
4 
6 
6 
5 
5 
3 
6 
3 
1 843425289  
4 
5 
5 
1 1075063259  
6 
2 
1 1997419508  
3 
1 1026910075  
4 
2 
1 648842759  
3 
6 
5 
2 
3 
5 
6 
4 
6 
5 
6 
2 
2 
4 
2 
2 
5 
5 
5 
5 
2 
5 
3 
2 
3 
4 
1 1363190844  
4 
6 
5 
1 754352520  
4 
4 
1 636694924  
4 
3 
5 
4 
6 
6 
2 
5 
1 648129196  
2 
1 1635820013  
6 
6 
4 
5 
1 836111132  
3 
6 
2 
4 
6 
3 
6 
5 
6 
2 
5 
5 
5 
3 
5 
2 
1 950735050  
4 
5 
4 
3 
2 
4 
6 
4 
3 
5 
2 
1 136183915  
2 
6 
1 1845106366  
2 
6 
3 
2 
2 
6 
2 
5 
3 
3 
1 1599882650  
2 
3 
3 
2 
6 
4 
2 
2 
4 
6 
5 
4 
2 
2 
5 
2 
3 
4 
5 
1 159470412  
4 
3 
4 
2 
3 
2 
2 
3 
6 
5 
3 
3 
3 
2 
5 
1 1505622542  
6 
6 
4 
5 
5 
5 
4 
3 
6 
2 
5 
1 306921373  
4 
6 
6 
4 
2 
6 
1 1227537464  
2 
1 1964214712  
3 
5 
6 
1 203231074  
4 
4 
4 
4 
4 
1 1035874459  
6 
6 
1 1941847800  
1 1036720929  
1 1947539547  
1 1917322581  
1 2032847599  
4 
5 
6 
5 
4 
5 
2 
3 
5 
4 
5 
6 
6 
1 1851634245  
3 
2 
5 
4 
3 
2 
5 
3 
6 
2 
2 
5 
2 
4 
1 163460899  
2 
6 
2 
3 
6 
2 
5 
2 
6 
2 
4 
5 
2 
1 484772642  
2 
2 
3 
3 
2 
4 
2 
2 
6 
4 
6 
3 
5 
1 2143104586  
5 
6 
1 1006886188  
5 
6 
3 
5 
2 
4 
5 
4 
5 
1 1559835901  
2 
6 
2 
6 
5 
1 1993040446  
3 
6 
2 
6 
2 
1 2033796263  
3 
6 
5 
1 61195012  
1 1208747642  
1 640665135  
2 
6 
3 
3 
2 
4 
5 
4 
2 
4 
2 
1 697889936  
2 
5 
3 
4 
2 
1 1856876838  
1 129001501  
6 
1 1534001069  
6 
5 
3 
6 
5 
3 
6 
6 
4 
6 
3 
2 
4 
1 660128241  
3 
2 
1 265185416  
1 1231623787  
6 
4 
1 112527243  
5 
2 
6 
1 424655828  
2 
5 
3 
1 589762681  
2 
5 
6 
6 
3 
5 
6 
1 419448616  
6 
1 1652193292  
4 
5 
1 406493746  
2 
5 
1 622679690  
6 
3 
4 
2 
3 
1 540584104  
6 
3 
4 
5 
1 200857898  
3 
1 1659400620  
2 
3 
3 
6 
4 
1 340640003  
6 
5 
5 
2 
5 
2 
4 
4 
1 2118180479  
3 
6 
4 
5 
5 
4 
4 
5 
6 
5 
3 
5 
6 
2 
1 1544764571  
2 
6 
4 
4 
4 
5 
2 
5 
2 
5 
5 
2 
5 
2 
1 44790600  
1 134157730  
4 
3 
6 
5 
3 
3 
5 
6 
4 
4 
3 
5 
5 
1 2029537213  
3 
2 
1 40411538  
2 
3 
6 
5 
5 
2 
6 
4 
3 
2 
6 
2 
4 
5 
6 
6 
2 
1 1141043918  
5 
5 
3 
1 1441889466  
3 
2 
6 
6 
3 
2 
1 2033451985  
1 1027356533  
2 
4 
4 
5 
1 1503084479  
1 1094715979  
1 1668021669  
5 
4 
6 
2 
3 
3 
2 
4 
3 
5 
3 
1 53490767  
2 
6 
6 
1 804109170  
1 1797023170  
5 
6 
4 
2 
6 
4 
2 
2 
3 
1 1587491836  
3 
5 
3 
6 
2 
3 
4 
4 
1 1464237411  
1 2062208586  
6 
2 
2 
4 
2 
4 
4 
4 
2 
1 671631975  
2 
1 1576764654  
3 
3 
3 
5 
3 
1 339380767  
5 
2 
2 
3 
6 
6 
4 
4 
3 
5 
6 
2 
4 
3 
4 
1 1261394657  
5 
6 
5 
5 
3 
3 
2 
2 
2 
4 
3 
1 1996213270  
6 
4 
6 
2 
1 1991574059  
2 
3 
5 
2 
1 1667888403  
2 
5 
5 
5 
1 471409312  
5 
1 384674515  
6 
4 
3 
4 
6 
5 
3 
2 
6 
5 
1 1868746301  
5 
2 
6 
1 2130809932  
2 
2 
2 
6 
1 725314518  
6 
4 
6 
1 1839443133  
6 
5 
5 
6 
1 1528090856  
5 
4 
6 
1 770105118  
6 
2 
5 
1 1973600863  
3 
4 
3 
2 
1 1410144421  
1 810516657  
5 
1 967161134  
1 704550240  
2 
5 
5 
1 696484994  
1 1994517667  
2 
5 
4 
3 
6 
2 
6 
5 
2 
4 
2 
2 
3 
2 
2 
5 
1 60151071  
4 
3 
5 
3 
6 
2 
3 
5 
6 
6 
5 
4 
1 1791200973  
5 
6 
5 
5 
6 
3 
3 
1 1515055688  
1 113641838  
6 
2 
6 
2 
1 447826495  
1 1164595210  
1 1701133675  
2 
2 
2 
3 
4 
5 
3 
1 1912063906  
1 1079320149  
6 
1 225282002  
6 
3 
5 
4 
3 
3 
6 
1 1341344912  
4 
5 
4 
2 
3 
4 
6 
4 
4 
6 
5 
4 
4 
5 
1 1418700916  
5 
3 
1 1486676659  
1 1190074534  
2 
5 
2 
6 
1 1262791327  
5 
4 
5 
4 
1 1007081414  
6 
6 
4 
5 
5 
4 
1 1661483847  
4 
5 
5 
2 
4 
4 
5 
1 1647465843  
6 
4 
3 
1 728344068  
4 
4 
6 
5 
3 
6 
4 
5 
1 1644810131  
3 
1 225296713  
2 
2 
6 
2 
5 
2 
5 
2 
1 420303553  
5 
5 
5 
5 
3 
4 
5 
6 
1 1025417339  
6 
3 
6 
2 
1 995401832  
6 
5 
4 
1 246420768  
2 
1 288078113  
2 
5 
3 
2 
6 
1 1805918489  
4 
4 
3 
2 
4 
2 
4 
1 1213581902  
4 
2 
5 
6 
4 
1 992628353  
4 
5 
1 354919835  
1 1060615922  
3 
2 
4 
5 
2 
4 
3 
1 1052779424  
6 
3 
5 
4 
5 
6 
3 
3 
1 2146120808  
2 
3 
4 
6 
4 
3 
6 
2 
5 
4 
5 
4 
2 
5 
6 
4 
5 
1 428187962  
5 
5 
1 1166421262  
1 446463656  
1 1592783173  
2 
5 
4 
4 
3 
4 
5 
4 
1 720071289  
6 
3 
5 
1 211043914  
2 
2 
5 
5 
1 524619674  
6 
3 
1 945353292  
3 
3 
4 
4 
3 
5 
1 1552388827  
1 1943320590  
5 
1 284546303  
1 594979713  
4 
4 
4 
5 
2 
1 1058628269  
2 
3 
5 
2 
4 
1 1291627718  
5 
4 
4 
6 
3 
4 
4 
5 
2 
5 
4 
3 
1 108979912  
5 
6 
6 
5 
2 
4 
1 558610464  
6 
2 
2 
4 
1 2019971786  
4 
6 
5 
1 1753790044  
5 
4 
3 
6 
1 783907178  
1 292791691  
4 
3 
1 631723735  
3 
4 
5 
2 
6 
6 
4 
1 1779309010  
1 539212459  
1 919801848  
6 
3 
5 
4 
2 
3 
5 
4 
2 
4 
6 
2 
2 
5 
3 
1 1437743851  
4 
3 
6 
3 
5 
1 1752794362  
6 
4 
3 
4 
2 
3 
2 
5 
6 
1 1912430201  
6 
3 
1 1792663686  
6 
1 665926636  
6 
6 
2 
4 
4 
5 
5 
6 
3 
1 817725977  
1 1791300846  
3 
6 
4 
4 
3 
6 
5 
3 
3 
2 
1 1094114598  
1 1984147240  
2 
6 
5 
3 
3 
6 
5 
5 
6 
2 
4 
5 
6 
4 
4 
5 
3 
6 
2 
4 
2 
4 
2 
2 
5 
6 
5 
4 
1 90280854  
6 
4 
4 
6 
4 
1 539414123  
4 
4 
5 
6 
6 
6 
2 
2 
4 
6 
6 
6 
2 
2 
2 
6 
5 
6 
3 
4 
3 
2 
4 
5 
6 
1 556734881  
6 
6 
4 
4 
4 
6 
5 
5 
2 
5 
4 
1 301324769  
4 
4 
1 1064033797  
2 
2 
1 1502088173  
5 
1 1853713596  
3 
1 859870739  
5 
1 1786634477  
2 
6 
3 
4 
2 
4 
1 301209661  
3 
4 
3 
4 
4 
1 1918499009  
1 930778547  
3 
3 
3 
2 
3 
2 
4 
1 410189574  
6 
3 
5 
3 
1 329625825  
4 
2 
4 
4 
2 
3 
1 803266685  
3 
5 
3 
4 
1 16495970  
1 1113533003  
5 
6 
1 1096058376  
2 
3 
1 648219705  
4 
1 745358365  
6 
3 
4 
3 
2 
5 
6 
4 
5 
5 
1 1635270835  
5 
5 
6 
6 
2 
1 1568021554  
6 
1 35618568  
4 
2 
3 
1 1240581549  
4 
2 
1 1332968107  
3 
6 
3 
3 
1 1828282254  
1 1906508185  
1 3210437  
4 
3 
3 
2 
3 
1 1472099453  
3 
1 853139136  
5 
6 
5 
2 
2 
5 
3 
2 
6 
3 
5 
6 
2 
3 
1 1987357677  
3 
2 
6 
6 
2 
2 
3 
2 
4 
4 
6 
6 
2 
2 
2 
4 
6 
6 
5 
4 
4 
5 
4 
4 
4 
2 
2 
1 1562380307  
3 
1 1392553259  
5 
4 
1 396608910  
3 
6 
3 
4 
5 
1 1863705076  
3 
4 
6 
2 
2 
2 
6 
4 
1 309103409  
2 
5 
1 1898697084  
2 
2 
3 
1 1569935024  
1 1168974148  
6 
3 
6 
3 
6 
5 
2 
1 1537847913  
4 
4 
6 
4 
3 
4 
5 
5 
1 1871144686  
4 
2 
3 
2 
5 
2 
4 
3 
4 
5 
2 
4 
1 939989509  
2 
3 
6 
1 321142812  
5 
5 
4 
6 
1 133850612  
6 
3 
1 1269615335  
5 
5 
2 
1 1124409497  
3 
3 
1 150346582  
1 235664690  
6 
5 
6 
1 72984225  
2 
3 
4 
3 
1 798566287  
6 
3 
6 
6 
1 981023056  
5 
5 
6 
2 
1 1708255060  
2 
1 219104193  
1 1016641624  
4 
4 
4 
5 
3 
5 
6 
3 
1 801352962  
1 1552072301  
1 697440231  
6 
6 
3 
2 
2 
6 
2 
4 
1 560377499  
2 
4 
5 
3 
6 
4 
3 
3 
3 
2 
6 
4 
3 
5 
1 1555282738  
1 22056036  
3 
3 
3 
5 
2 
3 
6 
1 1413516635  
1 1395156767  
3 
6 
1 1584436343  
3 
4 
2 
5 
6 
3 
4 
5 
2 
1 658586247  
6 
5 
2 
3 
1 1791765677  
4 
4 
4 
3 
2 
3 
3 
4 
5 
3 
2 
6 
3 
1 1300657772  
3 
3 
3 
4 
6 
5 
6 
3 
4 
5 
3 
2 
6 
3 
6 
6 
6 
5 
6 
1 967689656  
1 1542979113  
3 
2 
2 
1 723109148  
1 2136663804  
6 
2 
6 
2 
1 933343378  
1 446770186  
5 
3 
2 
3 
1 929169666  
5 
6 
4 
4 
4 
3 
1 1254486190  
5 
3 
3 
4 
3 
6 
1 580620798  
5 
2 
1 51301353  
3 
3 
6 
4 
4 
3 
6 
3 
6 
5 
2 
6 
5 
1 231412039  
3 
3 
1 730967380  
6 
5 
4 
2 
2 
1 286966043  
5 
6 
3 
6 
1 304396264  
1 1529533668  
4 
2 
6 
6 
5 
2 
6 
3 
5 
2 
2 
4 
3 
6 
3 
5 
6 
5 
3 
4 
2 
3 
5 
3 
4 
3 
5 
4 
1 1267989099  
5 
3 
6 
5 
2 
4 
6 
6 
3 
4 
6 
4 
3 
3 
2 
6 
6 
3 
5 
1 2012651325  
5 
5 
3 
1 1748637861  
6 
6 
1 137147076  
6 
3 
3 
2 
6 
5 
3 
2 
5 
1 666520639  
3 
6 
4 
5 
2 
6 
4 
1 1153226514  
5 
2 
2 
5 
1 834587307  
1 1226898138  
2 
4 
2 
1 561025604  
2 
4 
2 
6 
3 
6 
6 
6 
4 
2 
5 
1 856643343  
3 
4 
6 
3 
5 
3 
2 
6 
1 492931126  
1 1956182371  
6 
1 293596038  
1 1151517373  
4 
3 
2 
5 
6 
6 
5 
2 
4 
5 
1 1600464401  
6 
2 
1 1594253810  
2 
5 
5 
2 
3 
2 
4 
3 
5 
4 
2 
6 
4 
2 
6 
6 
3 
1 2119207029  
6 
4 
2 
2 
4 
1 995959866  
4 
5 
6 
2 
3 
5 
4 
4 
3 
6 
6 
4 
4 
5 
5 
4 
3 
5 
2 
3 
4 
2 
6 
3 
2 
2 
5 
6 
1 169879311  
6 
6 
6 
4 
5 
1 2108387185  
5 
5 
3 
2 
4 
6 
2 
2 
1 1929303245  
5 
5 
6 
2 
3 
4 
3 
4 
6 
3 
5 
1 616649497  
2 
6 
6 
6 
3 
1 890073203  
1 1036305787  
6 
4 
5 
4 
6 
1 1197270296  
4 
2 
3 
5 
1 941374556  
5 
2 
5 
6 
1 1267717827  
3 
6 
1 1928237676  
6 
5 
4 
1 1228340600  
2 
1 1572114091  
5 
3 
5 
1 1310287696  
3 
1 348846051  
6 
6 
5 
2 
4 
5 
4 
5 
2 
3 
2 
4 
6 
2 
1 1437281768  
5 
6 
2 
6 
3 
5 
4 
3 
4 
2 
5 
4 
1 911441910  
6 
3 
2 
6 
3 
3 
6 
2 
3 
1 485993127  
2 
2 
3 
4 
4 
4 
6 
2 
3 
1 2103802407  
6 
4 
3 
2 
2 
5 
3 
4 
4 
2 
4 
2 
1 2064668424  
5 
2 
6 
4 
5 
2 
1 1320580434  
1 1183216898  
4 
5 
4 
6 
6 
1 478210381  
5 
1 29740129  
2 
6 
1 1676148024  
3 
6 
1 286909104  
6 
6 
2 
6 
2 
3 
3 
2 
2 
1 323336168  
4 
5 
1 680181749  
3 
3 
5 
2 
1 1887373505  
1 1917589978  
3 
4 
3 
2 
6 
3 
5 
2 
1 651905130  
6 
6 
4 
4 
3 
2 
6 
1 735849724  
5 
3 
6 
4 
6 
1 2087469289  
5 
5 
2 
6 
6 
2 
4 
1 612808667  
6 
6 
2 
5 
5 
4 
6 
6 
4 
5 
1 517669321  
3 
6 
4 
2 
5 
3 
4 
3 
5 
3 
5 
4 
5 
3 
4 
3 
1 556635139  
5 
6 
5 
2 
3 
5 
6 
2 
2 
2 
3 
5 
5 
2 
4 
6 
3 
6 
6 
6 
2 
5 
5 
3 
1 1502881871  
2 
1 1553975108  
4 
6 
6 
3 
6 
6 
2 
1 1753905435  
1 296772779  
3 
4 
4 
5 
2 
1 674209287  
3 
3 
6 
2 
4 
2 
1 1534659463  
1 1525113379  
4 
2 
5 
1 98839731  
5 
4 
6 
1 697463512  
3 
1 1873959431  
6 
2 
6 
2 
5 
2 
2 
4 
4 
2 
4 
6 
3 
1 1536121499  
4 
4 
4 
5 
6 
2 
1 1608905422  
5 
1 212468910  
2 
5 
1 1492440259  
2 
3 
5 
1 1526090198  
6 
2 
4 
5 
2 
3 
2 
4 
1 1533049345  
1 528173509  
5 
3 
5 
6 
2 
6 
2 
6 
2 
5 
3 
4 
6 
4 
1 2004300579  
4 
1 1562789474  
2 
6 
4 
2 
2 
3 
1 56837885  
5 
6 
1 143726036  
2 
5 
4 
4 
6 
5 
6 
6 
5 
1 1886125642  
2 
6 
1 737019634  
5 
4 
2 
5 
5 
6 
3 
4 
1 2031099541  
5 
5 
4 
2 
5 
3 
4 
3 
4 
4 
2 
1 1656231973  
1 1388924764  
3 
1 619465617  
5 
6 
4 
4 
5 
3 
5 
3 
6 
1 1596217614  
6 
2 
4 
1 2001733431  
4 
6 
3 
5 
4 
1 1137134938  
3 
6 
1 5369105  
5 
6 
3 
5 
3 
2 
2 
6 
1 1357131654  
4 
4 
1 543626399  
2 
3 
3 
5 
4 
3 
4 
1 1759274540  
6 
6 
6 
3 
6 
6 
4 
4 
3 
6 
3 
5 
4 
1 1653904434  
6 
2 
3 
1 1217835686  
1 1146450356  
5 
4 
5 
6 
1 1031534165  
2 
6 
6 
6 
3 
1 1316675417  
5 
4 
3 
4 
6 
6 
4 
6 
3 
5 
4 
1 1843913868  
6 
3 
4 
1 758009948  
3 
2 
3 
3 
5 
6 
2 
1 705313269  
1 1305335642  
2 
1 970478859  
4 
6 
2 
2 
4 
2 
5 
3 
2 
1 50269880  
1 683942192  
4 
4 
6 
6 
5 
4 
3 
5 
5 
2 
3 
6 
5 
1 356044556  
2 
1 578443389  
1 540759124  
4 
6 
5 
5 
3 
3 
2 
4 
4 
4 
3 
6 
1 1918834030  
1 635281274  
5 
1 684485160  
4 
2 
2 
5 
4 
3 
4 
3 
1 1657476025  
5 
5 
5 
6 
2 
2 
6 
4 
6 
4 
5 
4 
2 
2 
3 
1 1372300908  
4 
4 
2 
3 
4 
6 
4 
4 
1 568101053  
6 
5 
3 
4 
1 1166224350  
6 
4 
2 
5 
3 
2 
2 
4 
5 
3 
2 
3 
5 
5 
6 
5 
5 
3 
1 613742024  
4 
2 
5 
4 
2 
4 
3 
6 
1 1187566671  
3 
1 614958316  
6 
3 
2 
4 
2 
6 
4 
2 
4 
3 
2 
1 467991807  
1 177217961  
3 
5 
2 
6 
4 
4 
2 
6 
4 
1 620327422  
1 1825123462  
6 
5 
2 
3 
2 
5 
2 
5 
4 
2 
5 
4 
5 
5 
5 
2 
5 
2 
1 720844360  
2 
1 232118314  
6 
5 
2 
3 
3 
1 1331544248  
1 1938680047  
1 1378568670  
6 
5 
1 215594765  
4 
4 
5 
4 
3 
2 
1 1107871816  
1 1074998890  
3 
6 
1 973604714  
2 
2 
5 
6 
5 
6 
2 
6 
6 
1 1813185085  
6 
4 
3 
2 
4 
4 
2 
1 232850884  
6 
1 1944083573  
2 
5 
5 
3 
2 
3 
4 
5 
5 
3 
4 
3 
6 
3 
3 
3 
5 
3 
1 1863454965  
2 
6 
4 
6 
1 916793077  
6 
6 
2 
2 
4 
1 152644481  
4 
2 
3 
4 
2 
2 
4 
4 
6 
1 294414706  
5 
4 
3 
6 
1 1457552201  
1 2071478511  
2 
3 
2 
5 
4 
1 929695980  
2 
1 2142037361  
3 
5 
5 
3 
5 
6 
1 1581470888  
4 
4 
1 154513240  
2 
1 562654766  
4 
1 600211590  
4 
4 
5 
1 768255264  
3 
5 
6 
2 
2 
6 
6 
6 
5 
3 
1 1750221437  
3 
3 
2 
5 
1 1215169907  
2 
1 1236247072  
3 
1 1927439399  
4 
2 
4 
1 1835497329  
6 
5 
4 
1 913886886  
6 
2 
1 500800111  
5 
4 
5 
6 
2 
4 
5 
1 2067615643  
2 
5 
1 97947486  
2 
3 
5 
2 
4 
4 
1 291996510  
6 
4 
2 
6 
5 
5 
3 
4 
6 
2 
1 1298700666  
4 
4 
1 313542251  
6 
5 
2 
2 
2 
3 
5 
5 
1 1399868327  
4 
4 
2 
6 
1 226215908  
1 1287146965  
2 
3 
1 1065569764  
2 
2 
5 
1 459066793  
3 
4 
2 
2 
4 
5 
4 
4 
4 
2 
1 1083746890  
1 781541082  
2 
6 
2 
2 
6 
1 1375859870  
4 
1 1236391371  
3 
6 
4 
1 1075955788  
5 
2 
3 
5 
6 
6 
2 
3 
5 
6 
2 
3 
3 
4 
1 685928423  
2 
3 
3 
2 
1 1160386235  
4 
1 2005651769  
2 
2 
5 
5 
1 680482136  
1 594373475  
1 12681361  
3 
2 
6 
3 
5 
4 
4 
6 
5 
3 
2 
3 
6 
1 1243136902  
1 1194585066  
6 
2 
6 
3 
4 
2 
5 
2 
2 
5 
4 
5 
4 
3 
4 
1 780936626  
5 
5 
3 
1 845874692  
1 262271325  
2 
3 
4 
5 
4 
1 2017183698  
5 
1 625830443  
1 2097768654  
4 
3 
4 
1 783586936  
2 
4 
2 
2 
6 
3 
4 
2 
2 
6 
6 
1 1126630554  
6 
5 
4 
3 
3 
5 
6 
4 
3 
5 
6 
4 
3 
3 
2 
1 2017900649  
2 
4 
3 
3 
2 
4 
4 
3 
3 
6 
2 
4 
6 
1 881534422  
4 
4 
3 
1 1418627065  
3 
3 
3 
6 
4 
2 
3 
5 
1 1169117667  
2 
3 
6 
3 
5 
1 1195076673  
6 
2 
5 
4 
3 
3 
5 
6 
2 
1 671011744  
1 1395333576  
2 
6 
2 
2 
4 
4 
3 
2 
1 334739991  
4 
6 
2 
6 
4 
2 
3 
5 
2 
6 
6 
6 
2 
3 
3 
2 
3 
6 
1 1736581508  
3 
3 
1 1854400369  
6 
2 
1 1418486881  
5 
3 
4 
1 370638942  
2 
1 1082776591  
5 
6 
2 
6 
6 
6 
4 
6 
2 
4 
2 
2 
3 
2 
3 
3 
4 
2 
1 507394605  
5 
5 
5 
4 
1 1446594731  
4 
1 1768705014  
2 
3 
3 
3 
2 
5 
1 1667780840  
2 
1 1304762852  
2 
4 
6 
2 
1 301703502  
2 
2 
3 
1 114670667  
3 
4 
2 
3 
4 
6 
6 
5 
6 
1 1317444213  
1 1544840404  
3 
6 
1 1309255733  
3 
1 2098380839  
3 
4 
1 243231448  
4 
2 
3 
3 
5 
1 1571527058  
3 
3 
1 1968080889  
3 
6 
1 869061891  
6 
5 
4 
4 
3 
2 
4 
3 
5 
4 
4 
2 
1 1521812064  
6 
5 
6 
6 
2 
2 
5 
2 
3 
6 
3 
4 
5 
1 604184177  
6 
4 
4 
5 
6 
3 
5 
1 1995692446  
5 
2 
6 
4 
1 1392229066  
1 1485718599  
5 
3 
3 
2 
6 
3 
3 
1 1266835863  
1 413863085  
2 
3 
2 
5 
5 
4 
4 
6 
2 
4 
1 533311625  
4 
5 
1 1937847607  
4 
4 
6 
5 
1 1809196661  
6 
5 
6 
4 
3 
6 
3 
3 
1 868051616  
1 1526945467  
6 
5 
6 
4 
2 
5 
3 
2 
1 1516113382  
5 
6 
3 
3 
5 
6 
6 
6 
4 
6 
5 
3 
2 
2 
2 
4 
5 
2 
1 139054849  
6 
2 
5 
6 
3 
2 
5 
4 
1 1897584410  
1 451406325  
6 
5 
5 
4 
1 646449454  
1 1196695493  
3 
6 
2 
4 
2 
4 
2 
4 
2 
3 
3 
6 
3 
5 
3 
6 
2 
3 
6 
2 
3 
3 
2 
4 
2 
2 
4 
3 
2 
6 
5 
6 
5 
5 
4 
5 
2 
2 
2 
6 
4 
6 
5 
4 
4 
6 
6 
1 72627691  
5 
1 166746646  
5 
2 
4 
2 
6 
5 
4 
1 353974697  
1 374331193  
1 281417314  
2 
4 
5 
3 
5 
5 
6 
4 
6 
2 
3 
4 
3 
4 
3 
6 
2 
4 
5 
2 
2 
2 
5 
6 
4 
3 
6 
4 
3 
3 
4 
4 
1 1671418910  
4 
6 
3 
2 
6 
6 
2 
1 1919171598  
3 
2 
4 
6 
5 
6 
1 1590673047  
1 1622316102  
2 
2 
5 
6 
5 
6 
5 
2 
3 
3 
6 
5 
6 
6 
1 14919398  
2 
2 
1 1014716458  
1 1442913343  
6 
5 
2 
6 
2 
2 
2 
2 
4 
6 
6 
5 
4 
4 
3 
5 
1 883981290  
3 
4 
5 
2 
6 
1 389044874  
2 
4 
5 
3 
1 2047097521  
6 
5 
6 
6 
1 732190088  
3 
5 
6 
6 
6 
2 
5 
5 
3 
5 
1 1781273940  
6 
6 
5 
6 
4 
2 
5 
6 
2 
5 
2 
2 
1 1385332472  
1 1999025951  
3 
3 
6 
2 
4 
3 
3 
5 
5 
5 
5 
6 
5 
1 47653378  
2 
2 
4 
1 1918644097  
5 
2 
3 
5 
3 
1 1789389910  
6 
2 
3 
4 
2 
3 
2 
1 1856850039  
3 
5 
5 
1 639212065  
5 
1 1168851729  
1 1225479774  
2 
5 
6 
1 778266915  
6 
5 
4 
3 
4 
6 
5 
5 
1 918952491  
4 
6 
4 
2 
4 
5 
6 
4 
6 
2 
4 
6 
2 
6 
6 
2 
2 
3 
3 
6 
1 1676886099  
2 
1 1424716369  
5 
1 2115647984  
4 
1 1749513791  
3 
1 1591463016  
3 
6 
6 
5 
2 
5 
6 
3 
4 
4 
4 
1 322139033  
1 2123844984  
4 
2 
4 
1 1872880330  
1 1993557944  
1 1895532934  
6 
5 
1 1316069729  
6 
5 
1 1468390398  
4 
3 
1 1910452333  
3 
6 
2 
4 
4 
5 
5 
3 
1 183302539  
1 763820093  
6 
6 
5 
3 
4 
4 
5 
3 
1 646949975  
4 
2 
4 
4 
6 
2 
5 
1 572347414  
2 
1 663433966  
2 
1 1379140063  
2 
1 206137706  
3 
2 
5 
4 
2 
4 
3 
6 
1 2048766439  
6 
4 
2 
2 
5 
1 1230682366  
3 
2 
3 
3 
5 
3 
4 
5 
1 253791084  
2 
4 
1 1819926888  
3 
5 
6 
4 
2 
4 
4 
6 
2 
3 
2 
1 872588628  
4 
2 
1 2110641124  
4 
5 
6 
1 311655306  
4 
5 
2 
1 2041440357  
3 
2 
1 1188637250  
2 
1 1089922221  
1 812909201  
4 
3 
2 
5 
1 718039701  
6 
6 
3 
5 
4 
4 
5 
6 
5 
6 
4 
5 
3 
3 
4 
4 
1 367154942  
3 
3 
2 
1 781073537  
6 
6 
3 
5 
6 
1 320069844  
2 
5 
5 
4 
4 
3 
4 
6 
3 
6 
1 1958617958  
1 1103212571  
3 
3 
6 
3 
6 
2 
2 
4 
2 
5 
1 296431181  
1 1684014640  
4 
1 949286867  
6 
4 
4 
5 
6 
6 
5 
1 44480467  
4 
3 
4 
6 
5 
6 
2 
4 
6 
6 
4 
3 
6 
3 
6 
6 
2 
6 
2 
1 852600722  
6 
6 
2 
1 270193617  
4 
4 
1 1954932800  
1 1035903261  
3 
2 
4 
4 
6 
4 
5 
5 
2 
4 
5 
5 
2 
1 1034013710  
4 
6 
3 
3 
2 
5 
5 
1 454399127  
4 
1 1608250675  
3 
2 
4 
4 
5 
4 
5 
2 
1 1697447677  
2 
6 
6 
1 1833539190  
1 1814388382  
3 
4 
3 
3 
1 1598730468  
5 
3 
3 
4 
4 
4 
1 916737908  
6 
3 
5 
2 
5 
4 
1 2068179466  
3 
6 
1 1271173708  
5 
6 
3 
1 1789326536  
1 2031336942  
4 
3 
4 
5 
3 
1 1582829014  
3 
6 
2 
1 1683283246  
6 
2 
2 
5 
4 
2 
5 
1 1072490544  
4 
2 
3 
5 
5 
4 
1 525267587  
3 
3 
4 
5 
2 
2 
6 
6 
1 348708799  
3 
5 
3 
4 
1 1790530246  
6 
2 
6 
6 
2 
2 
6 
6 
5 
1 892422530  
6 
1 1129782336  
1 2110600090  
3 
1 703556840  
4 
2 
3 
1 85511259  
1 259547623  
2 
6 
6 
1 240087833  
6 
4 
5 
4 
5 
1 1034798126  
6 
2 
4 
1 304028091  
3 
1 1092688555  
4 
3 
1 1304991743  
4 
6 
5 
4 
6 
4 
2 
5 
4 
4 
5 
4 
2 
4 
2 
5 
5 
6 
5 
3 
2 
6 
2 
5 
5 
6 
5 
6 
5 
6 
2 
4 
6 
3 
5 
1 111477243  
2 
2 
4 
2 
5 
6 
5 
6 
4 
3 
2 
4 
6 
6 
1 2128591816  
6 
5 
5 
5 
3 
2 
1 191521806  
2 
2 
4 
1 565876371  
3 
5 
6 
6 
4 
1 1589358844  
4 
2 
5 
2 
6 
6 
2 
4 
2 
2 
5 
3 
4 
2 
1 1888969483  
5 
2 
6 
6 
2 
6 
5 
3 
4 
1 251931913  
3 
5 
5 
3 
1 1256263578  
1 1340216303  
5 
3 
5 
5 
1 1168669822  
1 1176959396  
1 463906363  
3 
6 
1 810512710  
1 1060812691  
2 
1 2046735378  
6 
2 
6 
1 346312308  
1 2133303235  
3 
1 424519317  
6 
3 
5 
5 
2 
2 
3 
4 
2 
6 
3 
6 
6 
2 
3 
6 
5 
2 
2 
2 
2 
6 
3 
4 
1 695021107  
3 
6 
3 
3 
5 
5 
5 
6 
1 1776349833  
3 
2 
4 
2 
5 
6 
1 1316941847  
4 
6 
5 
5 
4 
6 
3 
1 1824803444  
5 
1 1739466276  
5 
3 
4 
6 
5 
2 
6 
3 
1 2020498688  
5 
2 
2 
3 
6 
4 
3 
6 
6 
2 
4 
3 
2 
6 
4 
4 
5 
4 
4 
4 
3 
4 
1 1910314703  
3 
5 
6 
4 
3 
6 
2 
5 
5 
4 
5 
1 1999013899  
6 
1 113102873  
3 
2 
2 
6 
1 797629182  
4 
6 
6 
3 
3 
2 
5 
1 155558342  
4 
5 
5 
5 
2 
6 
6 
5 
6 
6 
2 
5 
6 
2 
1 1205791428  
2 
5 
3 
5 
6 
3 
2 
6 
5 
2 
6 
5 
4 
1 2102620925  
6 
6 
3 
2 
3 
3 
4 
1 267035586  
6 
6 
3 
5 
6 
4 
1 1186899596  
2 
2 
4 
1 146659083  
5 
5 
6 
5 
6 
6 
3 
1 832911957  
2 
3 
2 
6 
1 628774792  
6 
5 
3 
2 
3 
3 
2 
3 
1 2035628566  
1 1084843870  
4 
3 
1 1885038370  
6 
3 
2 
5 
2 
3 
3 
2 
4 
5 
5 
1 1228361221  
5 
1 106030044  
6 
2 
5 
5 
1 914514119  
2 
1 1692267585  
3 
5 
6 
6 
4 
5 
1 916542755  
1 1975326810  
1 1591519315  
4 
2 
3 
5 
5 
4 
5 
5 
2 
6 
4 
1 1262855063  
5 
1 1961146397  
2 
3 
3 
2 
2 
5 
4 
1 2016038632  
5 
5 
1 1957876171  
1 1590012583  
3 
3 
5 
3 
5 
1 1185496832  
4 
6 
6 
1 1635195967  
1 1181995211  
6 
3 
5 
2 
5 
5 
4 
1 1058511872  
4 
1 1398027022  
6 
4 
3 
2 
5 
5 
6 
1 1033525462  
3 
6 
6 
4 
5 
6 
1 1171614745  
2 
3 
3 
1 48172556  
6 
5 
5 
6 
1 1189083805  
3 
6 
6 
4 
5 
4 
3 
3 
3 
5 
3 
5 
6 
6 
6 
4 
5 
2 
5 
3 
1 229922525  
2 
1 3309834  
5 
2 
5 
3 
5 
1 1456119391  
2 
1 1416822121  
6 
5 
4 
1 149968917  
4 
5 
1 141547700  
4 
6 
1 2045596914  
1 38113836  
4 
4 
3 
2 
1 1226391570  
3 
4 
6 
5 
6 
3 
1 1783151636  
4 
6 
4 
2 
1 1266475057  
6 
6 
1 1332421615  
3 
2 
4 
5 
6 
3 
4 
5 
2 
3 
6 
4 
1 550182107  
5 
6 
3 
1 811258994  
5 
3 
6 
4 
5 
3 
6 
4 
2 
1 101480722  
2 
4 
1 378025269  
5 
2 
5 
2 
2 
2 
3 
1 255294661  
2 
2 
3 
5 
1 1364335785  
5 
4 
6 
5 
4 
4 
5 
2 
2 
2 
6 
2 
3 
5 
2 
4 
4 
4 
5 
5 
5 
1 191688019  
6 
6 
4 
6 
3 
6 
2 
3 
1 123849646  
3 
6 
1 1174728308  
6 
2 
4 
3 
3 
4 
1 1781700602  
6 
6 
2 
5 
5 
6 
3 
4 
4 
5 
2 
3 
1 1309346478  
5 
6 
1 662440627  
4 
2 
2 
4 
5 
5 
6 
3 
6 
2 
6 
1 816212165  
3 
3 
6 
3 
6 
3 
1 220374702  
2 
2 
6 
1 2060467650  
5 
2 
2 
4 
2 
4 
2 
1 1849737627  
1 1391989447  
6 
4 
1 2108640206  
6 
4 
2 
1 891337784  
5 
5 
3 
3 
4 
5 
5 
4 
6 
3 
4 
5 
3 
1 1621911972  
5 
4 
3 
2 
4 
2 
2 
4 
1 2111950040  
2 
1 199973527  
2 
5 
1 891250445  
2 
5 
5 
1 114435310  
2 
4 
4 
5 
2 
2 
5 
4 
4 
6 
4 
6 
4 
3 
4 
1 341521227  
6 
6 
5 
5 
4 
6 
6 
5 
1 789363711  
6 
4 
1 152549146  
4 
4 
3 
5 
3 
6 
6 
3 
5 
1 1567912798  
2 
1 425031700  
4 
6 
2 
5 
6 
4 
1 1419024203  
2 
2 
3 
2 
4 
6 
3 
1 752850765  
2 
2 
6 
2 
3 
1 975213807  
4 
3 
5 
2 
5 
3 
5 
2 
4 
1 82799550  
4 
6 
3 
5 
3 
6 
6 
4 
6 
2 
3 
6 
3 
2 
5 
6 
6 
3 
1 854331487  
5 
4 
3 
6 
3 
4 
1 1353239077  
4 
4 
3 
4 
2 
4 
1 338094211  
5 
3 
3 
1 71183624  
4 
6 
3 
4 
2 
4 
3 
6 
4 
3 
1 1544927096  
4 
6 
2 
1 461943857  
5 
6 
5 
1 1245911933  
4 
5 
1 1179144050  
1 1771290335  
4 
1 1908352560  
5 
4 
6 
6 
6 
2 
1 1995356215  
6 
5 
6 
4 
5 
1 1991665037  
5 
5 
4 
1 1821336562  
4 
1 1697610194  
6 
1 1236170836  
2 
2 
6 
6 
3 
1 1782493121  
4 
5 
5 
4 
6 
4 
4 
2 
2 
5 
2 
2 
2 
5 
1 441464331  
5 
6 
5 
5 
6 
2 
3 
4 
5 
2 
2 
3 
6 
3 
6 
4 
3 
5 
3 
3 
2 
2 
6 
1 710599160  
4 
3 
6 
6 
1 1746959513  
3 
2 
6 
1 641437858  
3 
1 1601849606  
6 
1 1861394823  
2 
5 
2 
3 
3 
4 
4 
1 982959086  
3 
3 
6 
4 
6 
4 
3 
5 
3 
5 
5 
4 
1 243729669  
6 
3 
1 2013943969  
2 
5 
2 
4 
1 403388236  
3 
5 
4 
5 
1 668761369  
2 
1 1285484525  
4 
2 
4 
2 
5 
5 
1 1156239001  
5 
3 
1 1643975177  
3 
1 1368284075  
4 
3 
1 2010570488  
5 
6 
3 
4 
2 
3 
5 
2 
4 
4 
6 
6 
5 
4 
2 
5 
3 
2 
1 849730606  
6 
4 
3 
3 
5 
5 
1 1706378286  
5 
5 
5 
5 
4 
6 
3 
4 
2 
6 
6 
1 2081754112  
1 247174054  
6 
2 
3 
1 20838496  
3 
5 
2 
1 1180182397  
3 
6 
1 1426318104  
3 
4 
6 
4 
2 
1 1792128831  
2 
1 941051310  
4 
1 1274190671  
4 
3 
5 
5 
6 
3 
3 
1 1636310221  
4 
3 
2 
2 
2 
6 
3 
2 
1 614904224  
1 824317217  
6 
2 
4 
6 
3 
4 
3 
4 
6 
2 
5 
3 
3 
4 
2 
6 
4 
1 724997409  
1 249913697  
2 
4 
4 
4 
4 
1 1265781548  
4 
1 1435596570  
2 
5 
2 
1 1996873211  
2 
4 
5 
4 
4 
1 1907219407  
2 
1 889962528  
1 1710784386  
2 
3 
6 
2 
5 
4 
1 742694845  
2 
6 
4 
6 
4 
6 
1 1133692197  
6 
2 
5 
2 
4 
5 
1 1577244708  
2 
1 1146083081  
1 1802453567  
6 
1 715245585  
6 
5 
1 154838434  
3 
2 
3 
2 
4 
6 
3 
2 
6 
5 
6 
2 
4 
4 
6 
4 
5 
1 1298945096  
4 
5 
3 
5 
3 
3 
5 
6 
6 
2 
6 
4 
6 
6 
6 
4 
3 
6 
4 
2 
1 2083529660  
4 
1 17925274  
6 
4 
4 
3 
2 
2 
1 1192054  
1 1642424298  
5 
3 
3 
2 
4 
2 
1 2099679386  
6 
6 
4 
5 
3 
5 
4 
3 
1 248366108  
5 
2 
5 
4 
1 1663262794  
1 1132378136  
3 
2 
4 
1 1674684212  
5 
3 
4 
2 
1 1307907978  
5 
5 
2 
1 2073429446  
3 
4 
2 
1 801391235  
6 
4 
1 796734551  
3 
4 
1 540850022  
3 
6 
2 
2 
4 
1 1625708452  
3 
6 
1 1521731960  
6 
5 
5 
4 
2 
6 
1 790763720  
6 
6 
6 
5 
1 744006353  
4 
4 
3 
4 
6 
2 
6 
1 809844882  
5 
2 
1 640153283  
6 
6 
4 
1 503742112  
5 
3 
5 
3 
1 1699807410  
5 
4 
5 
5 
1 203454021  
5 
4 
3 
3 
2 
6 
3 
4 
4 
6 
5 
4 
3 
6 
3 
3 
5 
6 
6 
3 
3 
2 
1 1246436957  
5 
5 
2 
2 
3 
3 
4 
4 
6 
5 
2 
3 
4 
3 
5 
5 
5 
1 686015960  
3 
2 
6 
6 
3 
3 
4 
1 1780698729  
3 
3 
2 
4 
3 
1 245036390  
2 
1 340985879  
4 
3 
1 348460666  
3 
6 
6 
5 
2 
4 
3 
1 399874824  
5 
3 
4 
4 
6 
3 
6 
1 1639930975  
4 
2 
3 
6 
3 
1 284506678  
6 
1 417800098  
6 
1 1641123029  
5 
5 
3 
4 
3 
2 
2 
1 1926930977  
4 
3 
6 
3 
4 
1 369995836  
3 
4 
2 
4 
6 
6 
4 
6 
1 1889489137  
3 
3 
2 
6 
2 
6 
5 
4 
5 
6 
6 
1 1442710123  
3 
1 1502373972  
4 
6 
5 
2 
6 
6 
6 
6 
3 
5 
5 
6 
5 
3 
3 
3 
4 
6 
5 
2 
2 
2 
4 
1 1416689701  
3 
3 
1 603134453  
5 
5 
4 
6 
5 
5 
2 
2 
5 
3 
5 
2 
3 
2 
3 
3 
3 
1 1428319770  
3 
6 
5 
5 
6 
1 70597288  
5 
4 
4 
1 1399869004  
5 
4 
5 
2 
6 
6 
4 
1 1969169793  
2 
4 
1 1696305740  
6 
5 
6 
2 
2 
2 
4 
2 
6 
1 774117317  
6 
6 
4 
4 
5 
2 
1 612449865  
4 
1 292828445  
6 
4 
6 
1 1583962199  
5 
1 1252603148  
6 
5 
2 
2 
6 
3 
6 
3 
4 
5 
3 
6 
6 
3 
3 
3 
2 
1 796570557  
5 
1 1136285962  
2 
2 
5 
5 
3 
1 1456057169  
6 
1 2043007514  
6 
4 
2 
5 
4 
5 
1 1822301922  
6 
6 
4 
6 
1 1089272251  
5 
5 
4 
3 
4 
5 
6 
4 
6 
2 
6 
3 
4 
2 
6 
3 
3 
5 
5 
1 140560256  
2 
5 
1 15804153  
2 
4 
2 
2 
4 
2 
1 1437732917  
5 
2 
2 
3 
3 
6 
3 
5 
1 540435080  
6 
4 
3 
4 
3 
5 
3 
3 
6 
3 
5 
2 
3 
3 
4 
5 
1 1655735128  
2 
4 
6 
6 
6 
2 
6 
5 
2 
3 
4 
6 
6 
5 
3 
1 1722239596  
2 
3 
3 
1 958235178  
2 
2 
3 
5 
4 
2 
3 
6 
3 
2 
4 
2 
3 
4 
1 1149374509  
1 1501686925  
3 
3 
1 1328231015  
1 891379998  
1 796913400  
6 
1 683121339  
4 
5 
2 
6 
4 
6 
3 
3 
5 
2 
2 
2 
4 
3 
5 
4 
5 
2 
4 
6 
4 
5 
5 
6 
1 160586051  
1 1400047854  
5 
2 
6 
2 
1 2111441110  
6 
5 
6 
2 
2 
4 
4 
5 
2 
3 
6 
3 
4 
3 
3 
2 
1 231183339  
2 
4 
3 
4 
3 
1 652433210  
6 
6 
6 
6 
5 
6 
5 
2 
3 
1 1933127255  
2 
5 
3 
3 
4 
3 
3 
3 
2 
3 
2 
4 
2 
3 
3 
4 
4 
2 
2 
3 
2 
4 
6 
3 
5 
3 
2 
6 
5 
3 
2 
3 
1 1927489079  
1 1426550527  
3 
2 
2 
6 
2 
5 
4 
5 
6 
4 
6 
6 
6 
3 
1 398093472  
2 
3 
1 72833877  
3 
6 
6 
5 
5 
2 
1 863029079  
3 
3 
1 1650696620  
6 
5 
6 
5 
3 
3 
5 
5 
3 
4 
2 
6 
1 869404434  
3 
2 
6 
3 
3 
3 
3 
3 
3 
6 
5 
2 
3 
5 
4 
4 
2 
3 
2 
1 1999315041  
1 959270141  
3 
3 
5 
4 
1 764928301  
6 
4 
3 
4 
4 
2 
5 
3 
5 
6 
2 
1 1674133315  
6 
6 
6 
1 2048542392  
6 
3 
3 
3 
3 
2 
5 
2 
6 
6 
6 
3 
4 
2 
5 
3 
3 
5 
4 
3 
5 
6 
5 
3 
3 
4 
6 
1 905488557  
2 
5 
1 1689937468  
2 
5 
6 
5 
2 
4 
5 
4 
6 
3 
2 
2 
5 
3 
5 
5 
2 
5 
1 1338791662  
1 1445923638  
2 
3 
5 
4 
3 
5 
4 
4 
1 1198188948  
4 
2 
2 
2 
1 913547610  
3 
3 
5 
4 
3 
4 
4 
3 
6 
1 256675168  
1 200079809  
4 
6 
5 
2 
2 
4 
1 267750887  
4 
3 
5 
3 
4 
1 1584906183  
4 
5 
2 
6 
3 
4 
5 
4 
2 
3 
3 
2 
6 
1 1091459807  
4 
1 1064664287  
1 120543875  
6 
1 1252045858  
3 
1 317228493  
1 84501337  
1 1483229197  
4 
4 
2 
2 
2 
6 
1 969661704  
2 
6 
2 
1 2017628592  
5 
5 
4 
3 
3 
3 
1 1263234628  
1 248728583  
3 
3 
1 268238416  
6 
3 
6 
6 
1 1336068505  
6 
1 1111757662  
2 
6 
6 
5 
3 
1 1918935036  
5 
4 
6 
5 
1 57989292  
3 
4 
1 963589055  
6 
3 
4 
3 
2 
6 
4 
2 
4 
4 
5 
6 
4 
4 
5 
5 
1 730721529  
2 
6 
5 
3 
1 822917593  
5 
1 490238722  
3 
6 
2 
4 
1 631780274  
2 
1 1728406150  
6 
4 
3 
5 
5 
3 
2 
3 
1 32692542  
1 1970571936  
3 
1 1026846140  
3 
4 
3 
1 1230881490  
1 736635898  
1 1283521309  
3 
6 
4 
5 
2 
1 1430961299  
5 
4 
1 1004386785  
6 
6 
3 
4 
6 
6 
6 
5 
5 
4 
6 
4 
2 
4 
2 
3 
1 720943844  
5 
3 
3 
4 
2 
4 
6 
6 
1 374937458  
2 
5 
5 
6 
2 
3 
3 
5 
6 
2 
2 
4 
1 2069051072  
5 
6 
4 
4 
2 
2 
3 
6 
2 
3 
2 
6 
5 
4 
4 
3 
1 841487719  
6 
3 
1 1626983316  
1 238795918  
3 
2 
3 
4 
6 
1 925989056  
3 
4 
3 
1 962728865  
2 
2 
6 
1 1208457622  
5 
6 
3 
3 
6 
6 
4 
1 796134000  
2 
3 
2 
1 78479846  
5 
2 
4 
3 
1 1457186205  
2 
1 1064372416  
3 
4 
1 1414548351  
6 
3 
4 
4 
3 
6 
1 421460220  
1 835823804  
3 
5 
2 
4 
6 
5 
1 1472537643  
3 
2 
6 
5 
3 
6 
1 1385049275  
2 
1 1566545334  
1 147971588  
5 
3 
5 
5 
6 
1 1875287998  
3 
3 
3 
2 
4 
2 
3 
5 
6 
5 
2 
6 
5 
4 
1 50841960  
1 1876377739  
2 
1 1907980540  
3 
6 
1 2021413896  
2 
3 
6 
5 
5 
3 
4 
5 
3 
2 
2 
6 
6 
4 
3 
6 
3 
5 
4 
3 
2 
4 
3 
1 755740231  
4 
3 
5 
1 991378383  
1 610566146  
2 
4 
5 
3 
5 
1 2039261540  
5 
3 
4 
2 
5 
6 
3 
4 
6 
3 
6 
2 
1 274856034  
1 1614952931  
5 
1 612721737  
3 
5 
5 
5 
1 649793493  
2 
3 
2 
5 
1 1536520355  
1 1454209456  
6 
2 
4 
2 
6 
5 
4 
4 
1 129293161  
1 1775316273  
1 232714865  
2 
4 
4 
6 
1 1092022027  
1 836290247  
6 
6 
4 
6 
1 1028848865  
2 
6 
4 
3 
3 
5 
5 
4 
1 1170501873  
1 145992805  
4 
2 
4 
3 
1 2093221282  
2 
6 
4 
2 
5 
5 
2 
1 437566576  
1 567453025  
5 
3 
1 781561438  
4 
6 
5 
2 
2 
4 
1 1910104220  
1 1952502300  
1 200623124  
3 
4 
6 
3 
6 
5 
3 
4 
6 
1 2058075808  
5 
4 
6 
1 1680306650  
3 
1 251465084  
1 1786969899  
2 
2 
1 1440803543  
3 
5 
4 
4 
4 
6 
1 125395332  
6 
6 
2 
5 
2 
4 
1 395226483  
5 
2 
4 
5 
1 284698278  
5 
6 
4 
1 735961478  
4 
5 
6 
6 
3 
5 
3 
3 
1 287004375  
4 
5 
3 
4 
3 
6 
3 
3 
2 
3 
5 
1 559554312  
6 
2 
3 
2 
1 203430761  
3 
3 
3 
5 
5 
1 899726112  
4 
1 1209347805  
3 
2 
6 
5 
4 
1 1739951117  
2 
2 
3 
2 
5 
1 206451921  
3 
3 
3 
2 
4 
6 
5 
5 
3 
3 
4 
3 
2 
1 1338640967  
5 
4 
1 1367783742  
1 439166786  
2 
2 
5 
2 
2 
1 283179346  
1 56590342  
3 
6 
5 
2 
2 
5 
3 
5 
3 
1 1468015651  
3 
6 
3 
1 1453681219  
6 
2 
3 
6 
3 
4 
4 
5 
1 202583147  
1 1413753285  
3 
3 
2 
3 
5 
5 
5 
5 
6 
6 
3 
1 1891247795  
6 
4 
1 770036172  
6 
6 
4 
3 
2 
2 
1 47831076  
5 
3 
5 
3 
3 
1 1653868367  
6 
6 
2 
4 
1 575054824  
5 
3 
4 
5 
1 248454200  
6 
5 
4 
3 
5 
4 
3 
1 1564460528  
5 
1 107877827  
2 
1 499919285  
4 
2 
5 
3 
1 1203946779  
5 
6 
1 1548681370  
1 625314617  
5 
4 
6 
1 1599173262  
1 1833379648  
3 
5 
6 
3 
3 
4 
1 1361276096  
1 1886177638  
3 
6 
1 245450312  
5 
5 
6 
6 
1 1564706857  
4 
2 
5 
1 638420102  
4 
4 
6 
4 
6 
4 
3 
5 
4 
5 
3 
4 
6 
4 
5 
5 
1 1454798118  
6 
2 
2 
3 
3 
5 
6 
1 1157174326  
6 
4 
3 
6 
2 
1 844872023  
5 
4 
5 
1 645955437  
1 377474421  
1 1284038809  
3 
3 
2 
1 929134783  
1 434064763  
6 
6 
3 
5 
1 604570813  
4 
2 
2 
5 
6 
5 
5 
6 
4 
4 
3 
1 235332354  
3 
5 
3 
5 
2 
3 
1 636647910  
3 
2 
3 
1 2018324098  
5 
2 
6 
2 
5 
3 
5 
1 2126580149  
5 
1 1406684082  
2 
4 
4 
2 
6 
6 
6 
1 2066155174  
2 
2 
3 
1 1632964869  
6 
5 
2 
1 1981738906  
6 
4 
3 
5 
4 
2 
1 167125727  
3 
6 
1 1049941749  
3 
6 
1 2089616733  
1 667045012  
2 
4 
5 
5 
2 
1 106404880  
6 
3 
4 
4 
2 
5 
5 
1 1490814455  
4 
1 1292359629  
6 
3 
2 
4 
2 
2 
3 
5 
2 
1 1705578143  
3 
3 
4 
2 
6 
4 
4 
4 
2 
4 
4 
2 
3 
4 
2 
5 
4 
6 
4 
6 
3 
1 1176710455  
5 
4 
5 
2 
1 506152077  
3 
6 
5 
5 
3 
5 
2 
5 
5 
1 1444272133  
5 
1 1422160768  
5 
5 
2 
3 
6 
3 
2 
2 
2 
1 2070858935  
1 2082692235  
6 
5 
4 
5 
3 
4 
4 
3 
1 729475238  
4 
2 
2 
2 
4 
1 1080549613  
2 
4 
3 
1 780080611  
1 1375430675  
6 
4 
1 1458024034  
2 
1 2064119420  
5 
4 
6 
6 
2 
6 
5 
3 
6 
3 
4 
1 157081810  
6 
4 
4 
1 1892088797  
5 
5 
1 521206585  
6 
6 
2 
2 
1 392414164  
1 381253059  
6 
3 
2 
2 
6 
4 
3 
5 
4 
6 
4 
3 
2 
3 
2 
1 392047036  
2 
4 
4 
4 
4 
1 371510665  
4 
6 
2 
2 
5 
2 
2 
3 
2 
3 
3 
4 
5 
2 
2 
2 
6 
1 1787937141  
6 
5 
2 
1 310718562  
6 
3 
1 2004475534  
2 
3 
3 
1 1622192400  
2 
3 
3 
1 477844289  
2 
5 
4 
5 
6 
4 
2 
6 
4 
1 906933635  
6 
3 
6 
1 1564325485  
4 
2 
2 
4 
2 
6 
2 
4 
5 
4 
6 
6 
6 
6 
1 1144889301  
1 1013338516  
5 
6 
2 
6 
2 
4 
1 907656293  
5 
4 
1 289765283  
4 
2 
1 571433011  
3 
5 
2 
5 
2 
6 
6 
2 
5 
6 
6 
2 
6 
1 2084366748  
5 
5 
3 
3 
4 
3 
4 
5 
2 
5 
5 
6 
4 
5 
1 795917360  
1 2015705144  
1 1359043868  
6 
3 
6 
2 
4 
2 
6 
6 
5 
1 719292647  
6 
4 
2 
3 
4 
5 
2 
5 
3 
2 
1 1950913731  
3 
2 
2 
4 
3 
2 
6 
4 
1 2088519106  
4 
3 
6 
5 
5 
2 
1 1799842261  
1 583510694  
2 
2 
5 
6 
2 
4 
1 1316466133  
6 
1 1110382647  
4 
4 
3 
4 
5 
4 
3 
6 
1 500146467  
1 1473547943  
3 
4 
6 
2 
5 
1 854987797  
4 
4 
3 
1 1021353052  
3 
6 
5 
1 1865962107  
1 1236240856  
6 
2 
2 
5 
3 
5 
5 
4 
2 
4 
2 
2 
3 
4 
5 
6 
3 
2 
3 
6 
6 
3 
1 1413400088  
4 
2 
4 
6 
2 
4 
5 
1 89989125  
2 
1 876694350  
6 
3 
2 
4 
4 
3 
3 
3 
1 1724118651  
1 2094464659  
3 
2 
2 
5 
3 
5 
4 
2 
6 
5 
2 
5 
1 351403102  
5 
5 
3 
5 
1 54479292  
2 
2 
4 
1 853914647  
6 
1 1915728587  
4 
2 
3 
4 
4 
3 
6 
4 
5 
2 
2 
5 
5 
2 
3 
1 1199368594  
2 
5 
3 
1 1867253163  
1 675901232  
3 
2 
5 
5 
5 
2 
5 
1 1489133877  
1 291202526  
5 
5 
4 
1 612784333  
2 
3 
6 
6 
1 137567589  
5 
4 
4 
5 
2 
4 
2 
5 
6 
1 159424022  
3 
4 
3 
4 
5 
3 
6 
1 1971828201  
3 
4 
3 
3 
4 
2 
6 
5 
2 
6 
1 856860237  
5 
2 
2 
5 
3 
2 
6 
4 
2 
6 
5 
4 
6 
5 
5 
3 
1 2110337753  
3 
3 
3 
6 
5 
3 
4 
1 1912863660  
2 
5 
4 
4 
4 
5 
4 
3 
2 
3 
4 
4 
6 
3 
3 
5 
4 
2 
2 
6 
3 
4 
1 509218850  
3 
6 
2 
2 
2 
4 
1 546364800  
5 
5 
1 1081846145  
2 
6 
4 
3 
6 
5 
5 
4 
6 
6 
6 
1 1619601497  
4 
4 
4 
2 
4 
2 
6 
3 
3 
2 
4 
1 1046511267  
2 
4 
4 
6 
1 407910441  
1 327105646  
2 
5 
6 
4 
6 
2 
3 
6 
2 
5 
6 
2 
3 
3 
6 
4 
1 2067864319  
2 
3 
3 
4 
4 
3 
3 
2 
1 126388900  
5 
4 
2 
4 
6 
2 
1 1563346503  
3 
3 
2 
4 
5 
1 1333780760  
6 
1 216378025  
1 292557205  
2 
2 
3 
2 
1 910415763  
5 
4 
4 
3 
4 
5 
6 
4 
6 
6 
4 
4 
1 163359037  
6 
4 
1 643960307  
5 
1 964895055  
2 
3 
6 
1 1017273684  
2 
4 
6 
4 
1 412205246  
6 
2 
2 
5 
4 
5 
6 
4 
4 
5 
6 
4 
3 
3 
1 16780001  
2 
3 
2 
3 
2 
1 737043199  
2 
3 
2 
5 
2 
5 
1 1088106479  
6 
6 
2 
5 
5 
2 
5 
6 
2 
3 
4 
6 
4 
2 
1 1505913878  
2 
2 
6 
2 
4 
4 
5 
3 
1 1028245725  
1 1700890812  
3 
6 
3 
5 
6 
2 
1 1643481468  
1 1187669747  
5 
5 
2 
1 1525235365  
3 
3 
5 
2 
4 
6 
4 
5 
2 
5 
1 352858057  
4 
1 1150523852  
5 
6 
4 
2 
3 
4 
5 
2 
2 
1 1290615377  
4 
2 
1 862076907  
4 
5 
4 
4 
4 
2 
6 
3 
6 
5 
6 
6 
5 
1 1696888652  
4 
2 
4 
6 
4 
5 
5 
2 
1 224977875  
4 
5 
2 
1 334194756  
4 
2 
5 
3 
2 
2 
1 595916271  
1 632888316  
2 
2 
2 
2 
5 
6 
6 
6 
3 
3 
3 
6 
1 661300403  
1 516296943  
4 
2 
2 
4 
2 
1 759277216  
2 
1 77163258  
3 
1 1850077703  
6 
3 
3 
3 
4 
2 
2 
4 
1 975655242  
6 
3 
3 
1 369720463  
3 
5 
1 613009818  
4 
2 
6 
5 
6 
5 
5 
3 
6 
2 
5 
1 1139014279  
6 
3 
4 
1 1013680770  
5 
3 
5 
6 
1 1577904873  
5 
1 8804315  
1 1425886016  
2 
6 
6 
3 
5 
3 
6 
5 
1 1594684875  
2 
4 
5 
6 
3 
5 
5 
2 
4 
6 
1 745847514  
3 
5 
1 366508847  
6 
2 
2 
4 
1 953115105  
6 
4 
1 1774093239  
3 
4 
2 
2 
6 
6 
5 
5 
3 
3 
3 
5 
3 
1 2067399659  
6 
2 
2 
6 
5 
1 449112925  
2 
6 
6 
5 
1 814279338  
1 1445151377  
2 
1 801970982  
4 
5 
4 
5 
3 
3 
6 
6 
4 
4 
3 
4 
2 
5 
4 
4 
5 
4 
4 
3 
3 
1 1964803190  
3 
6 
4 
6 
1 588283106  
3 
5 
1 1664047889  
4 
3 
3 
3 
1 1514208195  
6 
6 
2 
3 
5 
2 
2 
6 
1 813260981  
6 
3 
6 
6 
6 
3 
5 
6 
3 
5 
5 
3 
3 
1 1998242646  
1 2110124466  
5 
4 
3 
5 
2 
1 1446149297  
1 512059401  
6 
6 
6 
5 
3 
6 
3 
5 
2 
4 
4 
2 
2 
5 
5 
2 
6 
4 
5 
2 
4 
5 
6 
5 
3 
2 
4 
3 
6 
4 
3 
1 478937761  
5 
3 
1 57942866  
6 
1 589222659  
4 
6 
2 
3 
1 181531816  
5 
2 
3 
5 
6 
3 
1 1033598108  
5 
2 
5 
5 
4 
4 
6 
2 
4 
4 
4 
6 
5 
5 
4 
2 
4 
5 
1 958943122  
5 
3 
6 
2 
1 794541634  
6 
1 25128739  
5 
4 
2 
6 
6 
5 
2 
2 
5 
1 1972623892  
2 
4 
5 
3 
6 
6 
5 
5 
5 
3 
5 
4 
1 224962860  
4 
2 
5 
2 
2 
5 
6 
2 
6 
6 
1 33933054  
6 
4 
6 
1 1251026260  
3 
3 
5 
6 
2 
6 
1 1819647735  
2 
5 
6 
1 779780568  
5 
6 
6 
4 
3 
1 1617535108  
6 
4 
6 
1 625279192  
6 
6 
4 
3 
1 406390159  
4 
1 1537451119  
1 1074392118  
5 
6 
2 
1 1220669497  
4 
6 
4 
2 
3 
4 
1 835118848  
2 
6 
1 1876363100  
1 1037989039  
5 
1 1423401955  
3 
3 
6 
6 
3 
6 
6 
5 
4 
2 
2 
4 
4 
6 
3 
3 
4 
6 
6 
6 
4 
5 
3 
3 
2 
1 1392927342  
1 404713586  
3 
3 
5 
4 
6 
5 
2 
1 89179288  
4 
4 
1 1243686340  
5 
2 
1 367354405  
3 
6 
4 
2 
4 
6 
1 1535328586  
4 
1 1755745741  
2 
2 
2 
2 
3 
2 
4 
4 
6 
6 
4 
6 
1 846292166  
2 
1 1593271452  
5 
2 
5 
2 
4 
4 
2 
5 
6 
5 
3 
6 
4 
3 
2 
5 
5 
5 
3 
5 
2 
2 
4 
6 
2 
2 
4 
4 
3 
6 
5 
3 
1 197484752  
2 
4 
4 
5 
2 
1 1027823983  
6 
5 
4 
2 
4 
4 
6 
6 
6 
1 479385912  
1 1156427874  
5 
6 
2 
1 1822365617  
2 
6 
6 
5 
6 
2 
6 
6 
3 
2 
6 
4 
1 504514651  
2 
5 
5 
1 981568118  
5 
3 
6 
3 
1 2047328477  
1 538447705  
5 
5 
6 
3 
1 85110730  
4 
3 
6 
4 
6 
5 
3 
1 1719492564  
1 1318228273  
5 
2 
4 
4 
3 
6 
5 
1 1702645838  
3 
5 
3 
6 
1 197288109  
3 
1 1724618432  
5 
5 
1 1092613310  
4 
6 
5 
6 
2 
5 
2 
5 
6 
5 
4 
3 
4 
4 
6 
1 1271680227  
5 
6 
6 
6 
6 
4 
6 
1 797804281  
6 
2 
6 
6 
5 
5 
3 
4 
1 1927732158  
3 
1 1000559679  
4 
1 1835793320  
3 
6 
6 
1 1203650465  
1 246003373  
1 93023259  
3 
2 
1 1292829754  
4 
1 1489689713  
5 
4 
6 
2 
5 
4 
6 
6 
1 460377664  
1 680674692  
5 
4 
2 
5 
3 
1 1097951806  
4 
5 
2 
1 1306669830  
3 
5 
5 
4 
2 
1 126462496  
2 
6 
2 
2 
4 
1 1295436558  
6 
2 
5 
1 187010165  
1 605848408  
6 
3 
1 304380784  
3 
4 
1 2009375783  
4 
4 
1 1110363059  
1 1285948902  
3 
6 
4 
4 
6 
6 
1 1909220612  
3 
6 
4 
1 1648810764  
5 
4 
3 
2 
5 
1 1371059633  
4 
1 1481229529  
4 
4 
5 
3 
3 
2 
4 
5 
1 819555389  
6 
4 
5 
2 
3 
3 
6 
5 
6 
2 
5 
5 
5 
3 
4 
1 926221823  
5 
1 1678517638  
6 
5 
3 
4 
1 396690173  
5 
3 
4 
3 
4 
4 
2 
1 2018835133  
1 802714217  
1 1194494454  
6 
6 
2 
3 
6 
6 
5 
5 
6 
5 
2 
4 
5 
6 
5 
5 
5 
3 
5 
2 
3 
1 1799083644  
3 
3 
6 
1 1803273896  
2 
6 
3 
1 882804126  
2 
1 855250461  
1 2049277270  
4 
5 
4 
4 
3 
6 
3 
4 
1 975827385  
6 
1 596567  
3 
3 
5 
5 
5 
5 
4 
5 
3 
1 1391483335  
6 
2 
5 
1 1436205049  
1 681271259  
2 
4 
2 
4 
1 341951494  
6 
1 595391232  
5 
2 
3 
5 
5 
6 
5 
1 807733755  
5 
5 
5 
2 
6 
1 1637388052  
2 
6 
4 
2 
5 
4 
1 782401397  
2 
1 1413582163  
3 
1 1941768837  
2 
2 
4 
4 
2 
6 
1 644293532  
5 
2 
4 
2 
2 
6 
5 
3 
2 
3 
1 376461574  
1 1080234091  
4 
6 
5 
6 
2 
4 
3 
1 406030497  
5 
5 
6 
1 2025272338  
5 
2 
1 303810076  
5 
1 1887260026  
3 
2 
5 
3 
1 697344079  
5 
1 1230031900  
4 
4 
5 
5 
3 
6 
3 
2 
1 1418294016  
3 
5 
6 
3 
4 
4 
4 
5 
1 1094034252  
4 
4 
6 
1 1101383385  
2 
1 73524585  
1 141045058  
5 
1 752983381  
2 
1 1876798481  
2 
6 
1 1023849185  
2 
4 
3 
1 1608233843  
1 1778592103  
1 1999676570  
4 
4 
1 1608830410  
2 
5 
6 
5 
2 
3 
2 
4 
6 
6 
1 1022591791  
2 
4 
3 
2 
1 1288397972  
1 142618022  
5 
4 
2 
4 
2 
2 
4 
6 
4 
1 1364543285  
2 
4 
2 
2 
5 
2 
5 
4 
5 
3 
3 
4 
3 
5 
1 1883789204  
1 950351777  
3 
5 
5 
1 854447689  
2 
1 518706953  
4 
2 
6 
1 216450293  
3 
6 
3 
2 
4 
1 648732878  
3 
5 
3 
3 
6 
4 
6 
6 
5 
1 1163000486  
3 
3 
2 
6 
6 
1 592911867  
4 
1 1728966970  
6 
2 
1 1569030983  
2 
6 
2 
3 
3 
3 
4 
3 
4 
5 
1 470700558  
5 
4 
5 
2 
3 
2 
3 
1 2032777046  
6 
4 
5 
5 
3 
5 
1 1308807361  
1 1168044637  
6 
6 
1 1115325298  
2 
6 
5 
2 
4 
4 
2 
5 
3 
2 
6 
5 
6 
5 
6 
4 
6 
5 
4 
4 
3 
3 
1 579617729  
1 114595242  
3 
6 
2 
3 
1 69225036  
2 
5 
2 
5 
1 653142314  
1 255640300  
1 822208417  
6 
6 
4 
2 
1 382457147  
3 
6 
1 1279489485  
5 
1 282958612  
6 
5 
1 13565603  
4 
4 
4 
6 
5 
6 
5 
6 
4 
2 
1 1131682408  
4 
5 
5 
1 1891789023  
1 1036157394  
2 
2 
2 
3 
2 
3 
2 
2 
6 
1 272596732  
4 
3 
2 
4 
6 
5 
6 
2 
5 
1 2034407045  
3 
5 
1 253217031  
5 
5 
5 
1 8902288  
6 
6 
1 837275174  
3 
1 1107664720  
6 
2 
5 
2 
4 
4 
3 
6 
2 
4 
3 
5 
3 
