5 
2 
5 
6 
1 171351085  
5 
6 
2 
3 
2 
3 
3 
3 
4 
2 
6 
5 
6 
5 
6 
6 
2 
1 1729968243  
5 
1 1178758569  
4 
6 
4 
4 
4 
1 444838060  
5 
3 
6 
5 
3 
3 
1 1418912198  
6 
1 1608222183  
4 
3 
4 
4 
3 
6 
3 
2 
4 
6 
5 
6 
1 1772147581  
5 
6 
5 
3 
6 
1 589182863  
3 
2 
4 
1 1079024463  
4 
4 
5 
1 1849664511  
6 
3 
5 
2 
5 
1 1783146065  
2 
2 
5 
1 414143103  
5 
6 
3 
4 
4 
4 
3 
1 1425736903  
5 
2 
4 
4 
6 
6 
1 24748762  
2 
1 985088790  
5 
3 
1 2101938797  
2 
3 
2 
4 
6 
2 
3 
6 
3 
3 
3 
1 1927004030  
3 
5 
3 
6 
6 
2 
3 
2 
3 
4 
5 
6 
4 
4 
4 
1 528654578  
5 
1 1602835650  
4 
6 
6 
4 
1 916451035  
1 86210249  
4 
4 
3 
6 
3 
5 
6 
2 
2 
6 
6 
4 
4 
5 
4 
6 
6 
3 
5 
3 
2 
5 
6 
5 
6 
6 
6 
3 
1 822494116  
6 
2 
4 
3 
4 
2 
4 
3 
1 1482211213  
6 
3 
2 
1 1295781905  
6 
6 
2 
1 966037878  
5 
1 287256401  
1 238268939  
5 
2 
1 457827664  
6 
2 
1 270248341  
3 
2 
6 
1 452568272  
2 
2 
4 
2 
6 
5 
2 
4 
4 
3 
1 1352957803  
5 
6 
4 
4 
2 
1 441599426  
5 
6 
1 35052867  
1 384232725  
6 
1 886437487  
1 1453965066  
3 
4 
6 
5 
3 
3 
3 
6 
6 
1 1992454908  
3 
2 
1 511101420  
1 2043147929  
3 
2 
2 
3 
6 
3 
6 
6 
6 
1 923995723  
3 
1 213282283  
6 
2 
1 1678810346  
5 
1 1338138826  
6 
1 1639019186  
2 
2 
3 
4 
5 
3 
3 
5 
3 
4 
2 
3 
6 
4 
3 
1 1703559109  
6 
4 
5 
4 
1 175743968  
4 
3 
5 
6 
2 
1 1593474335  
4 
4 
6 
5 
5 
6 
1 1483079491  
5 
2 
2 
3 
2 
5 
3 
4 
5 
3 
3 
2 
1 704398547  
1 1048826337  
2 
2 
6 
2 
2 
3 
1 252046878  
4 
3 
6 
1 790608796  
5 
5 
4 
3 
6 
1 1871320454  
5 
3 
5 
5 
1 1734258092  
3 
5 
6 
2 
3 
1 2086390701  
3 
1 689874684  
2 
1 2021514493  
5 
4 
2 
1 177175992  
6 
2 
4 
3 
4 
5 
4 
6 
3 
6 
1 1147702348  
3 
1 144279186  
1 629744264  
3 
1 353176504  
4 
4 
6 
2 
1 585878613  
3 
1 664797131  
5 
2 
4 
1 737409229  
5 
2 
5 
3 
5 
4 
4 
5 
6 
5 
3 
1 1472316100  
6 
2 
6 
4 
1 2118762197  
4 
3 
4 
5 
5 
2 
4 
5 
2 
1 582380489  
5 
4 
6 
3 
3 
4 
2 
4 
2 
5 
2 
6 
6 
2 
4 
2 
3 
4 
5 
5 
5 
5 
2 
6 
4 
1 1983417520  
6 
1 2014426478  
2 
1 1506376212  
1 49216155  
2 
4 
6 
3 
4 
3 
2 
3 
1 1545753177  
5 
4 
5 
2 
1 697031390  
3 
1 1688235342  
2 
2 
3 
1 1101828638  
3 
1 872775358  
5 
3 
1 1134226029  
1 437424481  
4 
3 
5 
6 
3 
5 
4 
6 
2 
4 
1 1577173905  
4 
1 35568719  
4 
1 689471360  
4 
5 
5 
4 
4 
3 
6 
1 220299053  
5 
4 
5 
5 
4 
6 
6 
5 
4 
4 
5 
2 
6 
6 
4 
5 
1 1906889173  
1 276245804  
1 159206106  
4 
5 
3 
5 
1 449280209  
6 
1 150276649  
2 
5 
3 
5 
4 
5 
6 
1 336382098  
6 
4 
1 1596982558  
2 
6 
1 294555835  
1 966126362  
5 
5 
3 
6 
1 1950159062  
4 
4 
2 
1 880434448  
2 
6 
5 
1 1630923494  
3 
1 540084643  
1 205266900  
2 
2 
5 
2 
3 
1 1602202043  
4 
4 
1 1122465132  
3 
4 
3 
3 
2 
6 
2 
4 
2 
1 41200772  
3 
6 
4 
4 
2 
5 
2 
3 
5 
6 
3 
6 
5 
6 
6 
4 
1 1469144874  
6 
6 
6 
1 481357696  
3 
6 
4 
5 
3 
2 
6 
3 
3 
6 
5 
4 
4 
1 90416928  
1 867414403  
5 
4 
2 
1 1178389086  
2 
6 
2 
4 
1 1778652270  
2 
6 
3 
2 
4 
6 
4 
3 
6 
6 
2 
3 
6 
3 
2 
6 
4 
5 
1 1969243041  
5 
6 
5 
3 
3 
2 
5 
4 
2 
4 
4 
5 
6 
4 
5 
3 
3 
6 
2 
4 
1 2051164444  
6 
4 
4 
1 765394651  
2 
2 
4 
2 
2 
4 
6 
3 
5 
5 
6 
6 
1 259183874  
5 
4 
2 
5 
5 
2 
4 
2 
4 
2 
6 
5 
3 
1 1480854702  
5 
3 
5 
1 800963370  
6 
6 
1 948655234  
4 
1 1701153755  
1 560368895  
1 1224901038  
5 
3 
3 
1 1860359862  
4 
3 
6 
3 
3 
1 1009649105  
3 
6 
2 
6 
2 
2 
5 
2 
4 
6 
1 1375177687  
3 
3 
2 
3 
1 49258312  
4 
4 
3 
6 
3 
3 
6 
6 
3 
2 
6 
2 
3 
2 
3 
5 
2 
2 
4 
1 459148015  
6 
2 
2 
3 
2 
4 
3 
5 
3 
1 1669733523  
3 
6 
2 
3 
3 
2 
2 
6 
4 
4 
4 
3 
4 
6 
1 1015384675  
3 
4 
4 
5 
4 
1 261823429  
3 
4 
5 
1 402684323  
2 
4 
1 498824521  
2 
3 
1 801908072  
1 607951224  
6 
3 
2 
2 
4 
4 
2 
5 
4 
4 
3 
4 
1 2101026564  
1 1924373204  
2 
5 
3 
4 
1 649151996  
3 
3 
2 
6 
5 
3 
1 1422687790  
4 
4 
5 
6 
1 258247252  
5 
3 
1 739568924  
1 142618545  
4 
2 
2 
4 
6 
2 
3 
5 
2 
6 
4 
6 
2 
5 
4 
5 
6 
5 
6 
3 
1 1436636338  
1 370737546  
3 
4 
2 
5 
4 
3 
3 
3 
6 
3 
5 
6 
6 
2 
3 
2 
5 
5 
1 2111861586  
1 1340317134  
3 
5 
6 
4 
6 
2 
4 
6 
2 
2 
4 
5 
6 
1 1136132198  
5 
4 
2 
3 
6 
1 223561813  
6 
3 
4 
5 
3 
2 
5 
4 
3 
2 
5 
1 673688188  
3 
5 
2 
4 
5 
2 
4 
1 1937095568  
1 1172217047  
4 
3 
3 
6 
3 
6 
2 
2 
6 
2 
4 
3 
5 
3 
3 
5 
4 
5 
6 
6 
2 
6 
4 
5 
6 
2 
6 
4 
3 
5 
6 
1 227358296  
4 
6 
3 
5 
4 
2 
4 
3 
5 
6 
1 349980816  
4 
4 
1 249634438  
3 
3 
6 
4 
6 
4 
3 
4 
1 2087718158  
6 
1 1359629921  
2 
1 1624812125  
1 2136976470  
2 
1 1818777936  
3 
1 1147062000  
3 
2 
6 
5 
3 
2 
2 
6 
2 
1 1004877497  
5 
6 
6 
1 2080601365  
6 
2 
1 1549746324  
2 
4 
5 
4 
1 1503702018  
5 
3 
3 
5 
4 
4 
1 735025789  
4 
2 
1 10213900  
1 1457244935  
5 
3 
2 
5 
4 
6 
5 
5 
1 511915345  
2 
6 
3 
6 
2 
1 659365896  
6 
1 732449077  
4 
3 
3 
2 
1 770162597  
3 
4 
6 
3 
3 
5 
3 
1 1398934821  
3 
3 
1 875067623  
4 
5 
5 
5 
2 
3 
3 
4 
1 59315287  
2 
6 
5 
2 
5 
5 
3 
5 
4 
2 
5 
2 
6 
4 
1 1769672367  
4 
4 
1 839445561  
6 
1 1399632421  
3 
5 
4 
2 
6 
5 
3 
1 758320917  
2 
1 1063007374  
1 2073320610  
4 
6 
4 
4 
2 
4 
6 
2 
6 
4 
5 
4 
3 
2 
5 
5 
6 
2 
1 547932838  
5 
3 
4 
3 
1 87740774  
4 
6 
4 
4 
2 
2 
3 
5 
4 
5 
6 
2 
4 
4 
1 153195258  
5 
1 897913654  
4 
5 
1 337375212  
3 
5 
4 
5 
4 
3 
5 
5 
4 
3 
1 93429768  
1 110059927  
3 
3 
2 
6 
1 1962187337  
5 
3 
4 
5 
3 
2 
3 
3 
2 
1 82922590  
6 
6 
2 
2 
3 
2 
4 
4 
1 1928837863  
5 
5 
1 961765690  
4 
6 
1 1087800088  
5 
2 
2 
6 
1 1861955580  
4 
1 364028366  
3 
1 444018458  
2 
3 
6 
5 
5 
3 
4 
2 
2 
5 
3 
4 
3 
2 
3 
5 
5 
5 
5 
4 
6 
3 
6 
2 
3 
4 
1 449497721  
6 
3 
4 
5 
1 374242266  
1 1901263393  
2 
4 
3 
4 
1 961413066  
2 
4 
5 
5 
3 
3 
3 
4 
2 
1 1033608162  
4 
3 
2 
5 
4 
2 
4 
4 
5 
6 
3 
1 486228823  
5 
3 
1 1731575663  
5 
2 
1 285059335  
2 
1 1361296446  
4 
6 
4 
1 1790890950  
5 
1 2054731703  
6 
5 
4 
3 
5 
5 
2 
3 
3 
3 
4 
5 
6 
1 53258359  
1 1043039723  
3 
1 665568972  
1 1116265734  
2 
5 
1 968876685  
2 
6 
6 
4 
5 
4 
6 
1 1213501810  
1 1204006508  
3 
4 
3 
6 
2 
2 
6 
3 
3 
1 1122071943  
4 
2 
5 
4 
4 
5 
1 2111415464  
5 
5 
3 
2 
5 
5 
4 
5 
3 
5 
4 
2 
6 
1 1541381720  
1 1215501711  
4 
2 
2 
4 
6 
2 
1 73991743  
2 
3 
2 
4 
3 
6 
1 1356085409  
2 
1 1298424302  
1 2002829606  
2 
5 
1 170367451  
1 238740742  
2 
1 1717301538  
2 
5 
2 
4 
6 
2 
2 
1 534395817  
6 
4 
5 
6 
5 
5 
2 
3 
5 
6 
2 
6 
5 
3 
2 
6 
1 682759200  
2 
6 
4 
2 
4 
4 
5 
3 
5 
2 
4 
2 
6 
3 
2 
6 
5 
3 
2 
1 19315611  
2 
1 908638083  
4 
4 
4 
4 
5 
3 
6 
1 436538946  
4 
1 980728677  
2 
3 
2 
3 
6 
1 1942246246  
1 922767769  
6 
1 564820692  
5 
1 79821933  
3 
1 136580567  
6 
4 
4 
3 
3 
1 208227994  
6 
5 
6 
6 
6 
6 
4 
5 
6 
6 
2 
4 
4 
6 
3 
2 
5 
1 2134553636  
3 
6 
6 
2 
3 
6 
3 
4 
6 
2 
6 
3 
2 
4 
4 
6 
3 
2 
2 
1 189838926  
4 
1 1251267718  
1 652638961  
1 1306104660  
1 72660755  
1 1866140771  
2 
3 
6 
4 
6 
2 
2 
6 
3 
6 
6 
2 
3 
1 362627520  
1 1194732699  
2 
6 
5 
5 
2 
2 
1 1830072588  
4 
1 1904009240  
5 
3 
4 
3 
1 262750762  
5 
2 
1 1904064331  
1 1112611002  
4 
6 
2 
2 
4 
2 
6 
4 
6 
3 
5 
6 
5 
6 
6 
3 
2 
5 
2 
6 
2 
2 
1 1561175064  
5 
1 1759410290  
5 
6 
6 
3 
4 
1 1282978453  
4 
4 
2 
6 
1 1799915806  
6 
2 
3 
5 
3 
4 
4 
2 
5 
5 
4 
2 
2 
2 
6 
5 
5 
5 
4 
5 
4 
1 1329228180  
6 
6 
3 
6 
4 
4 
4 
6 
3 
1 1817374271  
5 
1 335191359  
5 
1 1348543792  
6 
6 
5 
4 
1 578528706  
2 
2 
1 771730305  
6 
4 
6 
1 181788821  
5 
2 
6 
3 
2 
4 
1 373291304  
5 
5 
4 
6 
5 
4 
4 
6 
6 
4 
4 
2 
4 
1 1694498074  
6 
1 746609514  
5 
2 
1 453113238  
1 1831078641  
6 
3 
3 
6 
6 
4 
6 
1 954837508  
3 
6 
4 
5 
4 
4 
6 
2 
1 440183226  
6 
5 
2 
3 
4 
6 
1 2020917567  
5 
6 
6 
1 58621578  
2 
2 
3 
5 
5 
5 
6 
4 
6 
5 
1 1092822187  
5 
3 
1 1179538580  
2 
2 
4 
3 
5 
3 
4 
2 
4 
6 
3 
6 
3 
2 
1 131282334  
4 
1 811479311  
1 1542166100  
6 
3 
2 
5 
4 
5 
2 
1 1326015033  
3 
3 
3 
5 
1 494068251  
1 1298691693  
3 
4 
5 
2 
3 
1 1588765795  
4 
2 
1 250648934  
3 
2 
4 
6 
4 
1 263819047  
5 
4 
2 
3 
4 
1 1002457212  
1 2010059224  
1 1546797500  
1 654889370  
4 
2 
3 
1 1191803757  
3 
5 
4 
1 1216688123  
2 
5 
1 990080729  
6 
4 
6 
1 392863901  
6 
3 
1 1795216830  
6 
2 
6 
3 
1 1761811034  
4 
6 
3 
4 
2 
2 
5 
1 574652722  
4 
5 
6 
6 
1 21024486  
5 
1 1308825460  
2 
2 
6 
1 1321262236  
2 
6 
1 474137724  
6 
6 
2 
5 
3 
6 
2 
2 
6 
6 
1 992420453  
1 128616097  
6 
4 
5 
4 
1 914320951  
1 865854373  
4 
4 
5 
2 
4 
2 
4 
3 
5 
6 
1 187237675  
4 
3 
1 2007143138  
4 
6 
3 
1 2045392953  
6 
5 
4 
5 
5 
2 
2 
6 
4 
2 
3 
1 318520009  
4 
3 
3 
5 
2 
5 
4 
6 
6 
4 
3 
6 
3 
6 
2 
1 671138801  
3 
2 
3 
5 
3 
3 
2 
3 
1 1440075405  
6 
2 
5 
1 1644535042  
1 1165207052  
1 591283450  
1 1085817190  
2 
5 
2 
5 
2 
6 
4 
5 
2 
4 
2 
1 1415855987  
2 
6 
3 
4 
4 
5 
6 
6 
6 
6 
6 
6 
5 
6 
4 
3 
4 
2 
5 
6 
5 
4 
6 
1 855102497  
3 
2 
5 
5 
6 
1 2088274402  
5 
1 1278431563  
1 254416350  
1 595680124  
6 
4 
4 
5 
6 
3 
4 
1 322751672  
5 
5 
1 1471104473  
4 
6 
6 
4 
6 
6 
3 
6 
3 
1 1585760854  
1 715615573  
1 1118837655  
6 
5 
3 
6 
5 
2 
6 
1 1200088240  
4 
2 
2 
1 1290268296  
2 
3 
6 
5 
4 
2 
6 
1 1139862142  
6 
4 
5 
6 
5 
4 
3 
2 
6 
4 
3 
2 
4 
6 
2 
2 
5 
5 
5 
4 
4 
2 
1 361430053  
2 
6 
1 464046884  
5 
2 
1 1613999866  
3 
4 
2 
5 
5 
6 
1 1353850506  
3 
4 
3 
6 
4 
4 
1 592662981  
6 
3 
6 
2 
4 
1 380837169  
4 
5 
4 
6 
1 72221231  
5 
5 
1 779900657  
1 240496660  
1 2117614184  
1 1098420666  
2 
2 
4 
6 
3 
4 
5 
4 
1 911635461  
3 
4 
4 
2 
3 
6 
2 
5 
6 
5 
1 1410205942  
6 
1 595472061  
6 
4 
6 
1 2076842514  
1 2001489392  
6 
3 
2 
4 
6 
1 1681289251  
1 1345214853  
2 
5 
6 
5 
3 
2 
6 
2 
1 709108242  
2 
5 
3 
2 
2 
1 1622080005  
4 
1 476162768  
6 
6 
2 
3 
2 
1 963524592  
2 
2 
5 
1 70276481  
2 
6 
2 
1 798914441  
5 
2 
1 287145417  
5 
1 1656037335  
2 
1 1514530014  
3 
6 
1 1405983073  
3 
4 
3 
6 
4 
5 
3 
3 
1 708641928  
3 
5 
6 
4 
4 
3 
3 
2 
2 
1 657314662  
1 398361567  
3 
6 
3 
4 
6 
4 
2 
4 
2 
1 1070071981  
5 
4 
1 1121361547  
3 
3 
6 
6 
2 
1 2012361433  
6 
2 
1 276438839  
1 1714024528  
4 
3 
1 245714955  
3 
3 
6 
1 348660071  
4 
5 
1 346441537  
2 
6 
5 
5 
4 
5 
5 
5 
2 
1 486211615  
6 
2 
2 
3 
1 318790607  
4 
6 
1 1444862204  
4 
3 
5 
6 
3 
1 1397847076  
1 1728996549  
1 2040334265  
4 
5 
1 1327205942  
1 1583002294  
4 
6 
5 
6 
5 
1 1574139868  
2 
5 
1 524937147  
2 
4 
3 
6 
3 
6 
6 
1 144626888  
1 1048736225  
5 
4 
5 
2 
5 
4 
3 
6 
4 
6 
6 
2 
3 
4 
6 
5 
3 
3 
6 
1 1001099916  
5 
4 
4 
3 
4 
5 
1 1108151480  
5 
2 
5 
6 
5 
5 
5 
5 
4 
3 
2 
1 1119012706  
5 
1 1800014357  
2 
4 
2 
5 
4 
2 
2 
6 
3 
4 
3 
2 
3 
5 
2 
4 
4 
3 
5 
4 
1 1395296897  
4 
2 
5 
3 
6 
3 
3 
2 
6 
1 627566394  
4 
5 
5 
4 
2 
6 
1 1167060723  
6 
3 
3 
4 
1 653796322  
6 
4 
5 
5 
2 
5 
5 
4 
6 
1 1336208322  
4 
6 
3 
1 1824375386  
6 
6 
6 
1 1052157889  
5 
2 
5 
1 258796655  
2 
3 
3 
1 798253285  
3 
4 
6 
3 
6 
3 
1 917035675  
6 
5 
6 
2 
3 
1 535235494  
3 
4 
2 
4 
3 
1 364794165  
6 
4 
6 
1 1162750630  
3 
3 
3 
2 
4 
2 
6 
1 883895565  
6 
6 
3 
5 
3 
6 
1 711235703  
4 
1 1648962245  
4 
1 1202686173  
5 
2 
3 
1 8614259  
5 
2 
1 899325673  
1 784199074  
4 
1 2048948524  
3 
2 
3 
2 
5 
5 
6 
3 
1 79047968  
6 
4 
4 
5 
5 
5 
1 219717720  
3 
6 
3 
1 1475604744  
1 603985115  
4 
2 
6 
2 
6 
1 364344608  
6 
3 
1 376857321  
4 
4 
1 1605085031  
6 
6 
5 
5 
5 
6 
6 
4 
2 
1 1472496088  
5 
4 
2 
1 1495870027  
4 
4 
6 
3 
3 
4 
6 
3 
4 
6 
1 1257615740  
4 
4 
4 
4 
3 
3 
3 
3 
5 
2 
6 
2 
4 
4 
1 720309338  
3 
2 
1 2123436421  
3 
6 
1 277192816  
5 
3 
6 
1 1374105660  
1 1312161095  
4 
4 
6 
4 
2 
5 
3 
4 
4 
2 
1 2101568202  
5 
2 
1 278779902  
6 
1 1570957750  
2 
4 
4 
3 
5 
1 752337839  
4 
2 
6 
5 
3 
1 1195815577  
6 
2 
3 
4 
5 
6 
2 
5 
4 
6 
5 
4 
6 
6 
4 
6 
5 
1 2106193245  
3 
4 
6 
5 
5 
5 
6 
2 
4 
1 1117132004  
2 
5 
4 
5 
3 
2 
3 
5 
5 
2 
2 
5 
3 
4 
5 
2 
2 
1 211082559  
2 
2 
3 
3 
6 
5 
5 
1 842605162  
2 
3 
2 
4 
3 
6 
1 1828367707  
6 
2 
4 
2 
3 
3 
3 
5 
5 
5 
1 1860044804  
5 
3 
2 
1 2045291335  
3 
6 
4 
6 
5 
5 
3 
6 
5 
2 
4 
3 
5 
1 1836981966  
6 
2 
4 
3 
1 611886829  
4 
5 
1 682006762  
3 
4 
1 1738446842  
2 
2 
3 
5 
2 
6 
1 690934797  
6 
1 901724482  
3 
6 
2 
6 
4 
6 
5 
5 
2 
5 
4 
6 
2 
6 
2 
4 
6 
5 
4 
1 1066567938  
5 
3 
1 1294919913  
4 
2 
6 
5 
2 
6 
3 
5 
3 
6 
1 1266069091  
5 
3 
5 
6 
2 
4 
4 
5 
4 
3 
2 
3 
1 1443425259  
2 
5 
3 
2 
5 
1 752521296  
5 
1 591081531  
3 
4 
4 
4 
4 
3 
1 791811639  
4 
5 
2 
1 2010137037  
2 
1 1311390869  
2 
1 767764412  
5 
2 
2 
3 
4 
3 
3 
6 
3 
5 
6 
2 
1 139846205  
1 538012882  
1 2079925508  
5 
3 
2 
5 
3 
3 
4 
4 
2 
2 
6 
5 
4 
5 
4 
1 93930759  
4 
3 
3 
5 
5 
6 
5 
3 
4 
5 
4 
4 
4 
4 
3 
5 
5 
5 
4 
6 
6 
5 
5 
2 
2 
4 
5 
2 
4 
3 
3 
4 
2 
1 816792784  
5 
3 
6 
6 
4 
4 
2 
1 1503399610  
2 
2 
3 
4 
1 846268598  
3 
6 
3 
2 
3 
1 2012608361  
3 
2 
4 
5 
4 
1 1462109207  
1 1963400602  
3 
6 
2 
1 76207272  
1 157230722  
2 
5 
4 
4 
2 
4 
4 
1 1644284662  
5 
2 
1 1936252076  
2 
1 55038409  
5 
2 
6 
2 
6 
1 1333782980  
2 
3 
4 
6 
4 
3 
5 
6 
6 
1 400655257  
1 737045171  
3 
5 
4 
1 924746175  
2 
3 
2 
2 
6 
4 
6 
1 1091590055  
6 
2 
5 
3 
4 
2 
5 
6 
5 
4 
2 
2 
1 1638769654  
3 
3 
2 
1 1991314113  
3 
1 239026320  
5 
3 
4 
5 
5 
5 
4 
5 
1 757355097  
2 
3 
4 
6 
6 
3 
5 
2 
6 
5 
5 
2 
1 1287255725  
3 
5 
6 
4 
6 
1 991547616  
5 
5 
1 1348436628  
5 
6 
6 
2 
1 2079067364  
6 
1 854201005  
6 
5 
4 
4 
5 
5 
5 
3 
2 
2 
6 
2 
4 
3 
1 512343850  
4 
2 
5 
4 
4 
1 699348128  
2 
5 
1 994047210  
3 
2 
1 1050356732  
1 631789988  
2 
5 
1 1087977969  
2 
6 
2 
1 1867149516  
1 2135189599  
5 
3 
5 
1 1934246567  
2 
3 
1 1732274229  
2 
2 
3 
6 
5 
6 
4 
1 1449815158  
1 1750163522  
6 
6 
5 
1 1808481501  
2 
6 
5 
3 
1 1607045880  
5 
6 
1 1246964536  
5 
6 
3 
2 
2 
5 
2 
6 
4 
3 
4 
2 
4 
6 
1 1597249929  
6 
6 
1 1662084290  
5 
4 
6 
1 433263868  
6 
1 1997905186  
5 
6 
1 251645813  
1 1358010043  
6 
4 
6 
1 942011593  
6 
3 
4 
6 
5 
6 
4 
3 
1 1890415467  
4 
2 
5 
2 
4 
4 
2 
6 
5 
1 1201840509  
2 
5 
4 
6 
3 
2 
4 
6 
3 
6 
1 1181037913  
3 
6 
5 
4 
6 
3 
5 
5 
4 
5 
1 500286916  
1 341612586  
4 
2 
1 25101882  
4 
5 
1 1848723545  
3 
3 
2 
5 
1 273196302  
4 
4 
2 
5 
6 
1 879302887  
5 
3 
3 
4 
6 
3 
2 
5 
5 
5 
2 
6 
5 
2 
4 
5 
1 213583747  
4 
1 972544430  
3 
3 
1 1873350098  
6 
5 
6 
4 
1 1263940479  
3 
6 
1 1604334419  
3 
1 813844419  
1 983606347  
2 
1 1592040370  
1 600607339  
2 
3 
5 
5 
6 
5 
5 
3 
4 
2 
6 
1 568396928  
3 
3 
6 
6 
5 
3 
1 894371880  
6 
1 203287213  
6 
3 
6 
4 
1 229394781  
6 
4 
1 353934113  
4 
6 
6 
2 
1 1450251749  
6 
1 1826644710  
2 
5 
3 
4 
1 2016018403  
5 
6 
1 1883515617  
1 1677066248  
3 
2 
1 120180568  
3 
6 
3 
3 
1 1094042013  
2 
4 
5 
3 
4 
3 
5 
2 
3 
2 
6 
2 
2 
4 
5 
4 
2 
6 
1 471594194  
6 
1 2010596036  
3 
6 
3 
4 
2 
5 
4 
1 148398874  
5 
6 
6 
5 
3 
4 
4 
2 
5 
3 
5 
1 1652632107  
1 363399304  
4 
5 
1 490011460  
5 
5 
2 
1 1677733989  
3 
3 
5 
3 
4 
1 64639201  
5 
5 
6 
5 
6 
1 763207762  
2 
2 
2 
5 
3 
4 
6 
3 
6 
2 
4 
5 
1 409553229  
6 
1 278222948  
2 
6 
6 
6 
6 
1 1735752192  
2 
6 
6 
5 
5 
5 
4 
3 
2 
2 
4 
6 
4 
4 
4 
3 
4 
2 
6 
2 
5 
4 
3 
6 
2 
1 135419679  
3 
6 
5 
2 
6 
3 
3 
1 1542163427  
5 
2 
6 
1 1192602963  
6 
3 
4 
3 
4 
6 
4 
2 
3 
4 
6 
1 949264098  
2 
3 
6 
1 378286126  
2 
5 
6 
5 
2 
3 
2 
3 
5 
6 
4 
2 
6 
5 
4 
4 
5 
3 
2 
2 
2 
2 
1 637159685  
4 
6 
4 
2 
6 
2 
6 
6 
5 
1 1549871437  
5 
2 
1 946683054  
2 
6 
2 
5 
5 
5 
6 
4 
2 
2 
4 
2 
5 
1 1531531566  
5 
4 
6 
2 
2 
6 
1 1753158650  
2 
3 
2 
3 
1 1176077835  
1 1885465679  
2 
3 
3 
3 
4 
4 
4 
4 
4 
5 
3 
4 
2 
1 1055926751  
4 
6 
1 855238897  
5 
4 
4 
5 
2 
2 
5 
1 1754000434  
1 791958721  
6 
4 
3 
6 
2 
6 
5 
6 
3 
4 
6 
3 
3 
1 384821498  
6 
3 
2 
1 1874181002  
1 1886000734  
5 
6 
3 
6 
4 
2 
5 
3 
2 
3 
1 856415692  
3 
3 
1 1737293390  
1 2034399608  
3 
6 
4 
4 
4 
5 
3 
1 361564151  
6 
6 
5 
5 
4 
4 
3 
5 
2 
5 
6 
4 
1 2100692695  
6 
1 376927420  
2 
2 
4 
1 2039298141  
5 
5 
1 17848248  
6 
1 1140135182  
2 
3 
3 
4 
3 
1 301367722  
5 
4 
4 
6 
3 
3 
3 
3 
4 
2 
4 
3 
5 
5 
3 
4 
6 
3 
2 
2 
1 296071197  
6 
5 
6 
2 
6 
6 
4 
6 
2 
5 
2 
6 
2 
1 728403726  
4 
4 
5 
3 
1 436787401  
2 
6 
4 
1 1838234624  
1 1921006690  
5 
6 
6 
1 1386051499  
3 
2 
4 
5 
3 
3 
1 69037103  
4 
4 
2 
4 
1 410682727  
6 
3 
6 
3 
6 
5 
6 
4 
2 
1 788439289  
4 
5 
5 
4 
2 
6 
5 
5 
5 
2 
3 
1 1015720157  
4 
3 
1 1942214293  
3 
3 
3 
4 
5 
2 
4 
6 
5 
5 
3 
3 
5 
3 
1 394114291  
4 
5 
6 
5 
1 44314345  
6 
1 1680196324  
4 
6 
3 
6 
4 
5 
6 
6 
4 
2 
5 
4 
2 
1 1450041043  
6 
2 
4 
2 
3 
2 
3 
3 
4 
4 
2 
2 
4 
5 
1 899553242  
3 
5 
6 
3 
3 
6 
2 
1 1286713110  
1 94516116  
5 
3 
6 
3 
1 1284374740  
6 
4 
4 
5 
1 1013410465  
6 
1 1980516850  
4 
1 2140790432  
6 
6 
1 603220207  
2 
3 
4 
3 
6 
4 
1 1867432810  
2 
4 
1 354870936  
4 
6 
5 
3 
5 
5 
6 
5 
1 556429254  
5 
5 
4 
3 
6 
2 
2 
6 
5 
2 
2 
6 
6 
1 96876582  
2 
2 
4 
5 
5 
4 
2 
6 
2 
4 
6 
5 
4 
2 
6 
6 
5 
1 246685429  
2 
3 
6 
6 
3 
1 574277503  
6 
5 
1 1237011764  
4 
4 
6 
3 
2 
5 
1 548053151  
1 870348700  
3 
3 
4 
3 
1 1965415490  
4 
6 
3 
5 
5 
1 984840552  
6 
4 
4 
5 
1 561099676  
4 
3 
3 
2 
4 
1 1738938532  
6 
4 
1 223408403  
2 
5 
1 630136779  
5 
6 
6 
5 
6 
2 
4 
1 2137612  
3 
6 
2 
4 
3 
4 
1 1011847692  
4 
4 
3 
4 
1 1645856937  
6 
3 
1 1944351905  
6 
5 
1 1405961984  
5 
6 
1 1690171282  
3 
1 1477064582  
6 
3 
6 
1 708519379  
2 
2 
1 442240876  
4 
2 
4 
1 616294044  
5 
6 
6 
2 
4 
5 
3 
1 803035495  
5 
4 
3 
5 
4 
3 
6 
3 
4 
4 
1 1726615617  
5 
1 1629704509  
2 
6 
5 
4 
2 
2 
2 
4 
3 
6 
3 
4 
1 636068697  
6 
4 
1 1719922401  
6 
2 
1 85441069  
4 
1 356017859  
3 
3 
5 
5 
2 
5 
1 2074793337  
1 641870323  
5 
1 452894441  
6 
1 173995118  
3 
4 
4 
6 
6 
2 
1 1216147826  
4 
4 
3 
4 
3 
1 1689906205  
4 
3 
5 
3 
6 
1 722048269  
6 
2 
3 
2 
6 
3 
4 
2 
6 
4 
6 
2 
3 
1 2086496526  
5 
5 
2 
4 
3 
4 
1 1507838047  
3 
4 
5 
4 
1 1706888821  
3 
5 
6 
5 
1 500112555  
3 
2 
1 1099292932  
3 
5 
5 
1 1930297225  
4 
1 1130249334  
1 1101430544  
5 
5 
6 
1 794661269  
5 
4 
2 
3 
5 
6 
5 
5 
6 
6 
6 
2 
4 
6 
2 
3 
2 
4 
6 
4 
3 
3 
6 
6 
5 
4 
1 628622623  
2 
2 
6 
6 
4 
3 
5 
2 
4 
4 
6 
4 
2 
3 
5 
3 
4 
5 
1 898298801  
3 
1 53139605  
4 
6 
3 
1 171310257  
5 
3 
6 
6 
6 
1 227879735  
4 
5 
4 
3 
6 
6 
5 
3 
4 
1 761658984  
2 
3 
6 
6 
3 
6 
6 
4 
6 
4 
4 
3 
2 
2 
6 
2 
1 613551134  
5 
6 
5 
3 
1 844173780  
4 
1 1564694479  
3 
1 192683103  
1 326394641  
2 
6 
3 
3 
6 
2 
6 
1 53279528  
6 
4 
4 
5 
2 
2 
2 
2 
2 
3 
2 
2 
2 
4 
1 1912605504  
2 
5 
2 
2 
5 
2 
6 
3 
1 411835710  
4 
4 
6 
1 409297387  
5 
4 
1 1839915194  
6 
1 1053706034  
3 
5 
5 
3 
5 
2 
4 
4 
4 
6 
1 862191828  
5 
3 
5 
6 
6 
6 
5 
4 
5 
6 
1 2013910312  
2 
2 
1 122370212  
5 
6 
1 404614385  
1 588474934  
3 
1 61383091  
4 
5 
6 
1 1912452433  
3 
2 
2 
3 
4 
1 147880107  
1 561495646  
6 
3 
5 
4 
6 
4 
2 
4 
1 864261717  
4 
3 
5 
3 
4 
6 
6 
3 
5 
4 
6 
1 2078177332  
4 
2 
2 
5 
2 
1 1691744980  
1 1965692261  
2 
4 
4 
1 725354954  
5 
6 
6 
3 
5 
6 
6 
5 
5 
2 
5 
4 
5 
3 
5 
4 
6 
6 
1 172883956  
1 716507414  
1 778494559  
3 
5 
5 
4 
4 
4 
3 
5 
1 344194213  
2 
3 
4 
1 944387150  
6 
3 
3 
5 
6 
2 
1 1540153544  
4 
4 
6 
6 
3 
6 
2 
1 957745347  
6 
2 
4 
6 
2 
4 
6 
2 
4 
5 
5 
4 
2 
2 
2 
5 
2 
4 
2 
6 
6 
5 
2 
6 
1 1788560930  
3 
2 
2 
1 957364375  
2 
3 
4 
6 
6 
5 
4 
1 1150428450  
3 
6 
4 
6 
6 
5 
1 2114955571  
1 1010643904  
6 
5 
1 915550307  
4 
2 
3 
5 
4 
3 
1 379307634  
3 
5 
3 
1 1419941291  
1 607981853  
1 1433013668  
2 
2 
5 
1 134649472  
2 
4 
3 
2 
1 474408517  
5 
2 
5 
2 
3 
6 
6 
2 
1 1555383880  
6 
5 
5 
1 539263857  
5 
5 
6 
2 
3 
3 
3 
5 
3 
2 
3 
5 
6 
4 
2 
2 
2 
5 
1 1062883451  
2 
4 
6 
4 
3 
2 
6 
3 
6 
5 
3 
3 
1 1616766971  
3 
5 
6 
2 
5 
4 
4 
4 
3 
2 
6 
5 
5 
6 
1 304232642  
4 
1 1210763559  
6 
5 
3 
6 
6 
1 30778969  
1 1168494359  
1 1141457243  
3 
2 
2 
4 
4 
4 
1 1722523950  
6 
6 
5 
6 
4 
1 986702972  
1 1866812197  
6 
6 
1 1895407906  
6 
3 
1 1703210387  
5 
5 
3 
6 
3 
3 
4 
3 
1 497823109  
4 
5 
1 92118471  
4 
4 
2 
5 
6 
3 
2 
3 
1 500113889  
6 
1 2037976653  
4 
1 1049863819  
4 
5 
6 
5 
2 
1 141191171  
1 847857380  
3 
3 
2 
3 
6 
6 
1 52808621  
2 
3 
6 
4 
3 
6 
6 
3 
1 108663094  
5 
5 
5 
3 
1 1858501284  
3 
6 
6 
3 
5 
2 
6 
6 
5 
1 968358928  
4 
6 
2 
1 487970728  
5 
4 
3 
5 
6 
3 
1 1130958928  
4 
6 
6 
1 1576340781  
3 
3 
1 1920984396  
6 
5 
5 
6 
1 1265608400  
4 
2 
1 2050749299  
1 1328884629  
1 1804872257  
5 
4 
3 
1 966149102  
1 798167952  
5 
1 2109104900  
4 
4 
4 
1 29429013  
1 828946922  
3 
2 
4 
4 
2 
3 
1 1130115611  
6 
6 
1 1170886257  
3 
6 
2 
2 
5 
5 
4 
4 
6 
3 
4 
5 
6 
3 
5 
4 
2 
3 
2 
2 
6 
3 
6 
2 
1 403987224  
1 2116818584  
3 
1 890214806  
6 
2 
1 151911482  
6 
1 1672545323  
2 
5 
6 
4 
1 1388037915  
2 
3 
6 
1 244029953  
1 25175564  
3 
1 1278530920  
4 
4 
1 1293893772  
3 
2 
2 
2 
1 166366735  
2 
1 2126388301  
3 
3 
2 
6 
4 
5 
3 
5 
6 
1 1346702394  
4 
2 
1 275029829  
1 1837405937  
2 
3 
2 
4 
1 167577674  
4 
3 
1 763000558  
3 
3 
1 820881217  
3 
4 
1 1743918456  
2 
2 
1 536501306  
1 2086489617  
5 
1 1647184107  
5 
3 
2 
4 
5 
3 
1 1865385935  
3 
4 
6 
3 
5 
4 
3 
6 
5 
2 
4 
5 
1 1743878227  
3 
5 
4 
5 
3 
4 
4 
4 
5 
3 
4 
5 
2 
6 
4 
5 
5 
4 
2 
3 
1 465849561  
2 
5 
3 
5 
3 
1 516070240  
3 
4 
3 
3 
2 
3 
4 
6 
5 
4 
2 
5 
6 
3 
4 
2 
1 1705499479  
1 495278575  
2 
6 
6 
4 
6 
3 
6 
2 
1 1345017162  
5 
6 
6 
1 688131442  
3 
1 1666164832  
3 
3 
4 
1 1749004386  
6 
5 
2 
6 
5 
3 
6 
5 
5 
5 
3 
2 
6 
5 
2 
1 657466378  
1 408895990  
3 
3 
2 
4 
3 
3 
4 
6 
2 
2 
4 
2 
1 1900915868  
1 182528053  
1 1796933906  
4 
1 2144945821  
6 
5 
3 
3 
5 
5 
5 
6 
1 207703617  
4 
3 
4 
2 
3 
1 927981178  
1 1291355946  
2 
5 
2 
5 
2 
5 
6 
2 
3 
5 
4 
6 
2 
2 
4 
1 374070352  
3 
6 
2 
3 
6 
3 
6 
1 906885831  
6 
4 
6 
2 
3 
3 
3 
1 490574692  
1 649100182  
5 
1 596808121  
6 
4 
5 
3 
2 
6 
1 658152366  
3 
6 
5 
5 
1 1412100740  
1 1417689338  
1 254587174  
4 
4 
5 
3 
1 1948602046  
4 
5 
1 1356695308  
4 
2 
4 
2 
6 
6 
3 
1 1901771281  
6 
1 1666504334  
1 953089887  
2 
1 220137195  
4 
4 
5 
6 
6 
1 35090926  
2 
1 511105718  
5 
5 
6 
3 
2 
5 
2 
2 
5 
6 
5 
2 
4 
1 715415770  
4 
4 
5 
2 
3 
3 
3 
1 1380108088  
2 
5 
1 1199237160  
3 
3 
4 
5 
2 
1 234096954  
3 
5 
6 
1 981628826  
1 1856703539  
6 
3 
5 
1 642992944  
6 
2 
5 
1 735061046  
5 
3 
5 
3 
6 
6 
1 2039231592  
5 
5 
5 
4 
2 
5 
4 
4 
1 292443202  
3 
3 
3 
1 732523219  
2 
5 
5 
5 
6 
6 
4 
2 
5 
6 
2 
6 
4 
1 99451562  
2 
5 
1 1220424381  
4 
5 
4 
1 2023879165  
5 
4 
4 
1 473521914  
2 
3 
2 
3 
2 
6 
2 
5 
3 
5 
2 
3 
4 
1 2127310212  
4 
4 
2 
2 
1 366970209  
5 
1 1122622096  
5 
3 
1 576634685  
1 1025122576  
2 
2 
1 387239188  
4 
4 
6 
3 
3 
4 
6 
4 
3 
1 1994324024  
5 
5 
1 1279709750  
3 
5 
4 
1 188357587  
1 1203535684  
3 
3 
3 
4 
5 
4 
3 
1 1033997384  
2 
1 1854861921  
6 
1 9141923  
5 
3 
3 
3 
5 
6 
5 
3 
2 
4 
3 
5 
5 
2 
4 
6 
2 
5 
1 1254134579  
5 
3 
3 
4 
3 
4 
2 
2 
3 
1 1889952847  
6 
2 
1 520247641  
2 
2 
3 
2 
5 
4 
2 
4 
4 
6 
1 1969550349  
6 
6 
4 
3 
5 
1 1122577287  
2 
5 
2 
3 
5 
2 
4 
5 
5 
4 
3 
5 
6 
2 
6 
1 1719484801  
5 
3 
1 56163655  
6 
3 
5 
5 
5 
4 
1 2104206113  
5 
4 
4 
3 
2 
6 
3 
6 
3 
2 
3 
6 
2 
1 1428704692  
5 
4 
5 
3 
5 
5 
2 
5 
6 
1 699156599  
4 
6 
5 
3 
2 
1 691783511  
3 
6 
5 
6 
6 
3 
6 
4 
1 1320452637  
6 
1 991599802  
5 
6 
4 
1 1424306730  
3 
5 
2 
6 
4 
5 
4 
1 1419904199  
5 
3 
6 
2 
4 
1 64540535  
5 
2 
6 
5 
2 
2 
3 
1 1300702248  
5 
5 
3 
6 
1 1893426113  
5 
1 44367099  
3 
5 
6 
1 1667672457  
1 868564562  
1 621001785  
5 
6 
1 545311385  
2 
2 
6 
5 
5 
3 
5 
3 
4 
5 
3 
1 1255803750  
5 
3 
3 
4 
5 
4 
6 
5 
4 
6 
1 467842161  
6 
4 
6 
3 
6 
4 
5 
4 
3 
1 1825021136  
2 
2 
1 1444161337  
5 
2 
6 
5 
1 1671377845  
6 
5 
6 
1 711534872  
2 
1 1151539610  
2 
3 
2 
5 
2 
3 
2 
1 1680519768  
3 
3 
4 
6 
3 
4 
5 
6 
1 1965669451  
5 
2 
4 
6 
4 
3 
1 894008809  
6 
6 
4 
6 
5 
6 
4 
5 
2 
1 53283761  
2 
3 
1 1787736152  
4 
3 
4 
2 
2 
6 
2 
5 
1 2016586096  
5 
1 1772768562  
3 
6 
1 1843899807  
4 
2 
1 1973308561  
1 1053989607  
5 
2 
3 
5 
5 
1 395572758  
5 
3 
2 
3 
6 
2 
4 
3 
1 517608424  
6 
1 226958596  
4 
4 
2 
4 
1 1387172560  
5 
4 
1 1941915155  
4 
5 
2 
5 
4 
6 
3 
1 1646862795  
5 
6 
5 
1 1451713095  
3 
1 1095133755  
3 
4 
1 1392805260  
5 
3 
5 
1 1496080195  
5 
5 
1 615322564  
4 
1 113886174  
3 
4 
1 2117081980  
3 
1 1160633950  
6 
6 
2 
4 
2 
3 
4 
4 
1 1369689925  
4 
5 
1 437440493  
5 
4 
3 
5 
6 
4 
3 
3 
4 
5 
2 
4 
3 
2 
6 
4 
3 
1 838171438  
4 
2 
5 
6 
4 
2 
3 
2 
5 
6 
4 
3 
2 
6 
4 
4 
1 666367614  
2 
3 
3 
2 
5 
5 
2 
1 2108818338  
5 
6 
1 1549706310  
1 1817907225  
6 
6 
2 
5 
1 1641854458  
2 
3 
1 1367892113  
1 564432386  
3 
3 
4 
4 
5 
5 
3 
4 
6 
4 
6 
4 
5 
2 
3 
2 
1 1695138219  
5 
6 
5 
1 1008144617  
6 
6 
3 
5 
2 
3 
2 
5 
1 433534835  
1 1320423133  
4 
3 
4 
2 
6 
2 
4 
4 
2 
2 
1 704560776  
1 259359748  
3 
1 226929092  
1 1100133534  
6 
5 
1 776968173  
5 
1 453887688  
5 
3 
6 
4 
5 
2 
6 
5 
4 
5 
1 339822447  
1 571399680  
5 
3 
3 
1 2100750483  
5 
6 
6 
2 
1 1791535542  
4 
4 
3 
4 
2 
5 
6 
4 
3 
6 
3 
6 
6 
4 
3 
5 
6 
1 1666533435  
6 
6 
1 1346072096  
3 
2 
3 
2 
4 
6 
6 
2 
1 1140132089  
4 
6 
1 134372351  
2 
5 
4 
1 1459958270  
5 
4 
3 
1 1109730421  
6 
2 
3 
4 
6 
3 
1 1295006301  
1 682164547  
6 
5 
3 
6 
1 1547170914  
6 
2 
3 
4 
6 
4 
1 2133177739  
5 
1 1348532162  
1 1508505604  
6 
2 
3 
6 
2 
2 
3 
4 
3 
4 
2 
6 
4 
1 1535400401  
2 
3 
2 
5 
1 1018955739  
3 
5 
3 
4 
6 
3 
3 
1 1002876414  
4 
3 
2 
2 
2 
6 
3 
1 755808866  
4 
2 
6 
3 
3 
6 
4 
4 
1 1583388125  
3 
3 
4 
4 
6 
5 
3 
6 
2 
5 
3 
2 
3 
6 
1 550530985  
4 
4 
1 1763953483  
4 
5 
2 
2 
3 
5 
3 
3 
3 
4 
2 
4 
5 
3 
1 2016922960  
5 
4 
5 
5 
5 
5 
6 
2 
5 
1 1870954119  
5 
3 
3 
2 
6 
5 
3 
1 321030611  
1 128799061  
4 
4 
6 
3 
6 
2 
4 
2 
3 
5 
2 
1 2097883211  
3 
6 
5 
5 
4 
3 
6 
3 
1 1421164146  
2 
4 
6 
5 
4 
3 
3 
5 
4 
6 
3 
3 
2 
4 
4 
5 
1 905767234  
3 
1 404287252  
5 
3 
6 
2 
3 
5 
5 
3 
6 
6 
2 
6 
3 
3 
4 
6 
1 1760986593  
6 
2 
1 1477166914  
5 
4 
6 
1 357554087  
4 
2 
6 
2 
3 
1 1405038487  
3 
3 
6 
6 
3 
2 
4 
6 
6 
5 
1 996216701  
5 
4 
2 
1 1703626183  
6 
6 
4 
6 
2 
2 
1 397686929  
6 
1 1130589052  
5 
6 
5 
4 
1 1016100806  
3 
4 
3 
1 1507417350  
3 
4 
1 278111706  
4 
3 
4 
1 1698265353  
1 907104617  
1 263805797  
6 
1 899313867  
4 
2 
1 268126573  
1 1799206199  
3 
5 
3 
5 
6 
2 
4 
5 
3 
3 
5 
5 
4 
2 
3 
1 1918269606  
3 
4 
3 
5 
6 
5 
3 
6 
5 
3 
6 
5 
2 
6 
4 
1 1271002988  
3 
2 
3 
1 407531417  
3 
2 
5 
1 1354174084  
2 
1 1821533973  
3 
6 
2 
6 
2 
4 
6 
6 
1 24001253  
4 
3 
5 
4 
5 
5 
3 
1 1223613396  
5 
6 
3 
2 
6 
6 
2 
1 1545004444  
5 
6 
6 
2 
4 
4 
6 
2 
6 
4 
2 
6 
2 
6 
2 
2 
5 
1 345031864  
2 
6 
4 
6 
3 
1 1352412457  
2 
2 
5 
5 
4 
2 
3 
6 
5 
3 
3 
4 
2 
6 
6 
3 
6 
1 1495404008  
5 
5 
4 
2 
5 
4 
6 
1 1766196010  
3 
2 
2 
5 
5 
2 
3 
2 
5 
1 110696043  
4 
3 
6 
2 
1 1899691260  
5 
5 
1 1379698955  
6 
2 
4 
6 
2 
4 
4 
1 1587862957  
4 
2 
4 
6 
2 
6 
3 
6 
3 
2 
2 
2 
4 
6 
4 
1 109761699  
5 
1 637253795  
3 
1 436596010  
1 1813387883  
6 
4 
2 
2 
4 
6 
4 
3 
1 1034940724  
2 
6 
2 
2 
5 
2 
6 
1 1567185063  
2 
6 
4 
3 
3 
6 
6 
5 
6 
6 
3 
6 
5 
6 
6 
3 
4 
3 
3 
6 
2 
3 
3 
1 682005041  
5 
5 
6 
5 
3 
6 
2 
5 
6 
2 
6 
5 
4 
3 
2 
3 
2 
6 
2 
6 
4 
6 
6 
1 394874426  
4 
5 
5 
3 
6 
1 1845296769  
3 
4 
3 
5 
6 
6 
2 
4 
2 
6 
6 
3 
3 
5 
2 
3 
6 
3 
2 
2 
3 
4 
6 
6 
1 232786746  
4 
2 
4 
2 
3 
4 
2 
4 
6 
4 
6 
6 
1 1301979043  
2 
6 
3 
5 
3 
6 
3 
4 
4 
3 
2 
1 2109102566  
5 
1 1132100614  
3 
1 1570105617  
6 
2 
4 
4 
1 1760825117  
6 
2 
1 902886572  
3 
6 
5 
3 
1 693624957  
5 
1 20872887  
1 109577008  
3 
5 
3 
2 
4 
3 
6 
6 
5 
3 
6 
3 
4 
4 
1 367675282  
5 
5 
2 
1 44874140  
1 1333190405  
4 
3 
6 
3 
2 
2 
6 
6 
5 
2 
2 
1 1912679727  
5 
6 
1 389906004  
2 
2 
4 
6 
1 538119214  
6 
1 1260600087  
2 
1 8618367  
5 
5 
3 
2 
1 648815258  
5 
4 
6 
6 
1 1012807699  
4 
1 1388317322  
6 
2 
4 
6 
5 
2 
2 
1 89194567  
2 
4 
2 
4 
4 
5 
6 
3 
2 
6 
6 
6 
5 
3 
1 1122569398  
3 
2 
4 
5 
4 
5 
5 
4 
3 
6 
2 
4 
1 2025571117  
4 
6 
6 
5 
5 
4 
2 
4 
3 
4 
5 
4 
6 
2 
3 
1 525790578  
3 
2 
1 788473633  
6 
1 913028193  
6 
2 
1 2092975641  
3 
2 
6 
2 
3 
2 
1 1470478674  
5 
2 
3 
4 
1 1307902620  
1 1790788762  
1 1703265421  
6 
3 
6 
3 
2 
2 
4 
2 
4 
1 462398015  
2 
6 
5 
4 
4 
3 
6 
4 
6 
2 
5 
1 1752407680  
2 
4 
2 
2 
1 687882387  
5 
3 
4 
3 
6 
3 
4 
1 2032503632  
2 
3 
6 
4 
3 
2 
2 
3 
6 
4 
6 
2 
6 
3 
4 
2 
6 
5 
1 1365749150  
4 
3 
4 
5 
1 1590768959  
1 578644941  
5 
2 
6 
5 
5 
3 
4 
2 
4 
3 
5 
2 
2 
6 
4 
1 1386622037  
2 
1 1700345968  
3 
1 946320224  
6 
3 
5 
1 1431496177  
4 
4 
2 
4 
4 
3 
3 
6 
1 886052725  
3 
4 
2 
6 
5 
4 
2 
3 
1 711516303  
1 1821402181  
5 
2 
4 
1 1424171939  
3 
4 
4 
4 
1 1972116390  
2 
2 
2 
3 
5 
2 
4 
4 
3 
1 1830020548  
4 
4 
3 
5 
4 
1 2072987197  
4 
5 
2 
5 
1 837440441  
3 
3 
1 1070854223  
1 14698117  
2 
6 
5 
5 
6 
2 
4 
6 
4 
3 
3 
6 
1 1960009839  
1 948941692  
5 
6 
2 
5 
1 540488695  
4 
2 
1 600999825  
2 
4 
1 1861969886  
4 
1 485980688  
1 2071478499  
1 1022388858  
2 
3 
2 
1 129285802  
5 
5 
1 1627260272  
1 1484786873  
3 
6 
6 
5 
3 
1 1881693482  
4 
6 
2 
6 
5 
2 
2 
5 
5 
4 
6 
3 
1 167659011  
3 
2 
4 
6 
2 
5 
3 
6 
6 
3 
5 
6 
4 
6 
4 
5 
6 
3 
4 
3 
6 
6 
6 
4 
1 1369806858  
1 1099958984  
1 1758427971  
1 1948451799  
1 339097373  
4 
4 
1 1311290291  
2 
5 
2 
1 747288375  
6 
5 
4 
4 
5 
4 
6 
2 
3 
3 
5 
1 1770593550  
2 
5 
1 49859368  
3 
1 1458804678  
3 
1 1444512084  
1 1474031307  
2 
3 
4 
2 
6 
5 
4 
4 
5 
3 
3 
2 
3 
2 
4 
4 
6 
2 
6 
5 
1 1283437420  
4 
5 
6 
1 1127048984  
4 
2 
2 
2 
2 
4 
2 
4 
4 
4 
3 
6 
6 
1 1399534857  
5 
2 
5 
4 
5 
1 2120877861  
2 
3 
4 
5 
6 
2 
1 50419559  
4 
1 1414232974  
3 
2 
6 
4 
6 
4 
1 1933404053  
4 
2 
3 
2 
2 
1 999361252  
3 
5 
3 
3 
3 
1 1954721669  
2 
4 
5 
4 
3 
5 
1 386920230  
5 
5 
3 
4 
1 713847490  
4 
1 293218709  
1 310915081  
4 
6 
5 
5 
3 
2 
1 1736236348  
4 
4 
5 
1 422504511  
5 
6 
6 
2 
5 
1 1938175354  
4 
2 
1 1073539573  
3 
3 
4 
6 
4 
4 
3 
6 
2 
2 
3 
6 
1 156714345  
1 2105834365  
1 295862783  
2 
5 
5 
3 
3 
5 
1 1256673330  
1 1716778688  
4 
5 
3 
5 
5 
6 
5 
4 
6 
2 
2 
5 
6 
6 
5 
6 
1 96830935  
3 
6 
5 
1 1595770703  
2 
5 
2 
1 880585331  
5 
2 
5 
5 
6 
3 
3 
6 
4 
5 
1 844119310  
3 
5 
1 1218880606  
5 
5 
5 
2 
2 
4 
4 
3 
6 
5 
2 
3 
5 
6 
5 
2 
4 
4 
6 
3 
4 
4 
4 
2 
4 
2 
6 
4 
4 
2 
6 
1 930444699  
3 
5 
4 
5 
2 
4 
6 
3 
3 
4 
5 
6 
4 
5 
1 155440341  
4 
5 
6 
6 
4 
1 515909042  
5 
3 
5 
3 
2 
6 
1 256992359  
2 
1 1438877761  
5 
6 
1 1642958026  
2 
3 
3 
3 
2 
2 
6 
2 
2 
2 
2 
5 
4 
5 
4 
5 
5 
6 
4 
1 1656527216  
5 
6 
6 
5 
5 
4 
5 
1 1412271975  
5 
2 
4 
3 
4 
6 
6 
3 
4 
1 1693377586  
2 
6 
4 
6 
5 
6 
2 
4 
4 
5 
6 
3 
5 
2 
1 923276542  
2 
5 
5 
6 
3 
2 
6 
6 
4 
2 
5 
4 
1 1198192380  
4 
4 
1 545255190  
5 
6 
5 
2 
2 
1 730514563  
4 
2 
5 
2 
5 
6 
6 
6 
6 
3 
2 
4 
2 
2 
5 
5 
3 
3 
4 
1 1585112610  
4 
6 
4 
6 
2 
1 1259102680  
2 
4 
4 
3 
5 
5 
6 
6 
3 
2 
3 
1 1023733272  
2 
3 
3 
6 
5 
3 
4 
1 1896027691  
1 847855380  
6 
5 
1 1446237783  
4 
2 
5 
2 
5 
1 1686719397  
1 1921394953  
5 
2 
6 
4 
4 
2 
5 
6 
5 
6 
4 
4 
6 
3 
6 
1 1602952128  
3 
6 
2 
1 1645070115  
1 69774089  
4 
3 
6 
1 712141810  
3 
1 1214365155  
3 
2 
5 
5 
5 
4 
4 
3 
5 
1 166605024  
6 
2 
1 160428866  
5 
5 
3 
3 
1 2094950487  
2 
5 
4 
6 
6 
5 
6 
1 1010724334  
4 
3 
3 
5 
2 
5 
6 
5 
6 
1 1379309472  
6 
3 
6 
4 
3 
6 
1 877911538  
2 
6 
4 
5 
2 
3 
2 
5 
4 
1 1166164675  
2 
4 
5 
6 
1 1895218514  
4 
3 
1 1134903897  
3 
5 
1 457558789  
1 1390692892  
4 
3 
2 
4 
5 
5 
4 
5 
3 
6 
1 643947465  
5 
2 
6 
1 1869830764  
4 
4 
2 
6 
5 
6 
4 
1 936586830  
6 
3 
4 
3 
1 1567224007  
6 
6 
2 
1 920539496  
1 1481842020  
2 
4 
5 
1 150254922  
2 
3 
3 
1 358168458  
3 
4 
5 
2 
5 
6 
5 
3 
4 
6 
3 
5 
6 
1 593461052  
4 
6 
2 
5 
3 
3 
4 
1 1173988194  
3 
4 
3 
3 
4 
2 
2 
6 
2 
3 
5 
6 
3 
1 106712501  
1 1441316432  
1 472742329  
3 
1 1793431899  
5 
2 
5 
2 
1 1215227738  
3 
3 
6 
4 
6 
3 
5 
3 
6 
4 
5 
2 
5 
6 
3 
2 
5 
1 2075694458  
2 
3 
1 1291018366  
1 1285001827  
6 
5 
4 
2 
1 640352620  
6 
2 
2 
1 357899873  
3 
3 
5 
6 
6 
3 
1 1451606851  
5 
6 
4 
3 
4 
1 800781486  
5 
6 
4 
2 
1 305366712  
4 
6 
1 314847537  
1 32607310  
4 
3 
2 
5 
1 1183278251  
2 
3 
4 
6 
2 
1 1481012213  
1 1927825824  
6 
2 
2 
2 
1 170698500  
2 
4 
2 
4 
1 1938571002  
3 
3 
2 
6 
3 
3 
2 
5 
2 
1 1171035069  
4 
4 
5 
3 
3 
1 814645966  
2 
6 
3 
2 
5 
3 
5 
2 
5 
4 
3 
5 
2 
1 1660918118  
5 
3 
2 
4 
2 
1 2107621899  
2 
1 234386325  
3 
1 433973966  
4 
6 
4 
3 
2 
3 
1 1441980272  
1 384641248  
6 
3 
4 
5 
1 792142424  
3 
5 
2 
4 
4 
6 
4 
3 
5 
3 
2 
1 2035441324  
1 1558629442  
6 
2 
3 
1 898854925  
1 1329274109  
1 2031371772  
3 
3 
5 
4 
1 544803176  
5 
4 
1 397018199  
1 1959582582  
2 
1 1835821542  
5 
3 
6 
2 
2 
3 
1 1682020026  
2 
2 
6 
5 
6 
6 
4 
4 
2 
3 
6 
2 
3 
4 
3 
5 
5 
1 452451554  
5 
1 46237768  
6 
6 
1 986143229  
3 
4 
6 
4 
1 1253233041  
1 351604480  
6 
4 
1 1300990766  
4 
1 1285840351  
6 
3 
1 1534882731  
3 
3 
3 
5 
5 
2 
5 
4 
3 
5 
2 
5 
5 
5 
2 
1 634519331  
4 
1 1066182528  
2 
6 
1 1705581232  
4 
3 
3 
4 
1 425606685  
5 
6 
3 
2 
2 
5 
6 
5 
1 89733949  
2 
4 
4 
2 
6 
2 
2 
2 
4 
3 
1 372743550  
6 
3 
5 
6 
2 
2 
3 
2 
1 2086524803  
1 49872200  
2 
2 
3 
3 
3 
4 
6 
4 
1 607129875  
3 
5 
1 373015121  
3 
2 
4 
3 
3 
3 
4 
1 1491852472  
6 
6 
3 
2 
1 991771123  
5 
1 1165157545  
4 
6 
4 
6 
3 
3 
4 
5 
6 
6 
2 
5 
5 
2 
3 
1 1379810149  
1 402916918  
1 2064012471  
4 
4 
3 
6 
6 
6 
5 
1 561600610  
4 
1 286805042  
5 
6 
6 
6 
5 
5 
3 
6 
5 
5 
6 
6 
4 
5 
6 
3 
2 
1 461331999  
6 
6 
5 
5 
5 
3 
3 
6 
6 
5 
6 
3 
1 958618809  
2 
5 
1 98903976  
6 
2 
3 
2 
4 
4 
3 
1 149669894  
5 
5 
1 493155187  
5 
6 
2 
5 
5 
5 
3 
3 
2 
6 
6 
1 551355530  
4 
3 
4 
5 
1 195907662  
2 
3 
6 
5 
3 
5 
1 1479298416  
6 
2 
4 
2 
4 
2 
4 
2 
4 
1 1804588571  
5 
1 547512142  
3 
1 632805534  
3 
4 
1 942945275  
3 
3 
2 
4 
1 2082394874  
2 
1 1267324866  
5 
6 
6 
4 
3 
1 2009127803  
2 
6 
1 1640492458  
5 
4 
2 
3 
5 
4 
3 
6 
4 
1 1692931551  
6 
3 
4 
5 
4 
4 
5 
3 
3 
1 2098861752  
1 2013236008  
1 1631972707  
5 
4 
5 
4 
6 
6 
2 
1 1250304  
3 
1 472882235  
6 
6 
2 
3 
4 
6 
3 
5 
4 
3 
3 
4 
2 
3 
1 2004987828  
4 
5 
5 
2 
6 
3 
4 
5 
1 1493102777  
5 
6 
3 
5 
1 1464653359  
3 
6 
3 
2 
2 
6 
2 
2 
6 
1 1022661726  
6 
2 
5 
5 
4 
5 
2 
4 
6 
1 725429278  
5 
6 
1 1867570277  
6 
5 
3 
5 
5 
3 
3 
4 
1 939190549  
6 
4 
1 1287029888  
5 
6 
6 
6 
3 
6 
2 
2 
5 
1 6891671  
1 1400522548  
2 
5 
2 
6 
6 
4 
5 
6 
1 98165049  
6 
1 105795647  
3 
4 
4 
1 1550192442  
5 
1 591320236  
3 
5 
5 
5 
2 
6 
6 
4 
3 
1 657151177  
5 
6 
3 
2 
2 
1 1746100104  
1 2070618652  
4 
2 
6 
4 
6 
2 
1 314256101  
5 
5 
3 
4 
2 
6 
6 
6 
5 
5 
1 146128599  
1 555940538  
1 1257201376  
3 
2 
6 
2 
5 
5 
3 
2 
5 
6 
6 
2 
5 
2 
6 
6 
5 
6 
6 
3 
3 
1 81039825  
2 
6 
6 
3 
3 
6 
6 
3 
4 
5 
4 
4 
4 
1 1823265404  
6 
4 
6 
5 
5 
3 
1 1118845531  
5 
6 
1 1721532283  
1 1368713308  
1 1070223635  
1 1587284643  
1 853202367  
4 
5 
1 1071473939  
6 
6 
5 
6 
4 
4 
4 
3 
1 2060166878  
5 
4 
1 710706547  
2 
4 
1 417093068  
4 
1 1377336589  
2 
2 
1 1733368273  
2 
6 
5 
1 1142522346  
5 
1 1097423218  
2 
1 525075174  
1 282068586  
6 
4 
3 
6 
3 
3 
3 
5 
6 
4 
4 
1 1104314889  
5 
6 
3 
2 
3 
1 1925597723  
5 
1 380233635  
2 
3 
4 
2 
6 
1 1210110536  
1 1328306517  
3 
4 
3 
2 
4 
1 971553871  
5 
2 
1 1867261714  
6 
4 
5 
4 
3 
4 
4 
4 
1 926922974  
1 894688875  
4 
6 
6 
2 
3 
1 34034167  
4 
5 
4 
5 
1 1073051573  
2 
1 1450629414  
5 
3 
5 
1 1291235543  
4 
2 
4 
3 
3 
1 1154091398  
2 
3 
1 1126411170  
1 262597426  
3 
6 
4 
3 
1 728140033  
6 
2 
3 
2 
1 347640830  
6 
5 
6 
6 
6 
6 
2 
3 
6 
3 
2 
3 
6 
4 
4 
1 1332821061  
5 
2 
1 167941028  
1 1200843197  
5 
1 256811352  
1 80624258  
1 1911549745  
5 
1 673904421  
4 
4 
6 
6 
4 
2 
5 
4 
5 
4 
5 
2 
3 
1 1457960848  
5 
5 
5 
1 1497434370  
4 
2 
2 
2 
6 
3 
6 
2 
3 
6 
5 
6 
4 
3 
5 
5 
1 1816426767  
2 
6 
1 407900418  
3 
3 
5 
6 
6 
6 
5 
6 
6 
5 
1 2022509545  
3 
3 
6 
2 
6 
5 
4 
1 2098495354  
2 
3 
1 1512215308  
2 
6 
5 
1 1800623620  
2 
6 
1 331245341  
6 
6 
2 
5 
6 
5 
6 
1 574842196  
5 
3 
1 981446489  
6 
6 
3 
1 1302799213  
3 
6 
5 
4 
6 
2 
3 
6 
4 
5 
1 294620262  
6 
6 
5 
6 
5 
1 1908369463  
1 50004440  
4 
4 
6 
2 
5 
1 328654429  
1 833937388  
5 
6 
4 
1 1500633854  
2 
6 
1 1619889972  
6 
4 
1 1988028786  
6 
5 
6 
3 
3 
1 479561377  
5 
1 1882487398  
3 
2 
6 
4 
1 568685171  
1 827202207  
1 1067824811  
2 
3 
1 736626199  
6 
2 
3 
2 
6 
6 
5 
5 
5 
5 
4 
1 2028045405  
1 1324636164  
6 
4 
1 817250458  
4 
6 
3 
1 1792111502  
6 
5 
5 
6 
1 1998540585  
4 
5 
2 
6 
2 
5 
2 
5 
1 127727658  
5 
4 
6 
4 
5 
2 
4 
5 
4 
1 1142062224  
1 1667483704  
2 
2 
2 
1 535628076  
6 
6 
4 
5 
6 
1 1017088121  
3 
1 1618495410  
6 
1 2047843384  
5 
6 
2 
2 
5 
6 
6 
2 
5 
1 670228093  
2 
1 1949740752  
2 
3 
4 
3 
2 
6 
5 
5 
2 
5 
3 
3 
3 
5 
1 475201933  
2 
1 1651674583  
1 1105056317  
5 
1 769822195  
3 
5 
6 
4 
3 
2 
5 
6 
2 
5 
4 
3 
3 
2 
2 
2 
1 1412560398  
5 
1 1155060757  
3 
2 
4 
5 
6 
6 
6 
1 1098476625  
3 
4 
6 
6 
2 
6 
6 
4 
1 99014139  
5 
6 
5 
6 
6 
3 
3 
6 
3 
4 
2 
6 
1 508210964  
3 
5 
5 
6 
5 
1 570882949  
5 
6 
5 
2 
4 
4 
3 
2 
6 
1 2087042925  
5 
3 
3 
1 987772341  
6 
6 
3 
3 
5 
1 305886700  
3 
3 
2 
3 
6 
6 
3 
6 
2 
3 
6 
5 
1 508244449  
4 
5 
5 
2 
5 
4 
1 1814974548  
5 
5 
5 
1 1373711511  
1 1244870648  
2 
2 
6 
2 
4 
2 
3 
5 
1 1695536305  
3 
2 
4 
1 550864027  
6 
2 
6 
6 
6 
3 
3 
5 
1 2062121106  
5 
6 
1 1340164159  
2 
6 
4 
1 401920964  
2 
4 
6 
4 
3 
6 
3 
3 
3 
1 42365116  
1 334742736  
2 
4 
4 
6 
6 
6 
4 
3 
3 
1 2069404669  
2 
5 
3 
4 
5 
3 
6 
5 
6 
5 
1 577993193  
1 1351830857  
3 
6 
1 1540416431  
4 
3 
1 478352929  
3 
4 
4 
6 
3 
5 
4 
6 
1 2022058951  
6 
3 
4 
1 1342673535  
3 
6 
3 
4 
3 
4 
3 
4 
6 
3 
3 
5 
4 
3 
2 
3 
4 
2 
1 953554862  
2 
4 
2 
2 
2 
4 
2 
6 
2 
2 
5 
3 
4 
2 
4 
2 
4 
4 
2 
1 1526249886  
5 
5 
3 
5 
4 
1 300246204  
1 1723377058  
3 
4 
6 
5 
1 791326636  
4 
1 1455306962  
5 
2 
4 
6 
6 
4 
4 
4 
3 
1 674370035  
3 
3 
6 
3 
5 
3 
2 
4 
4 
1 890340775  
6 
1 1963517926  
1 1245252984  
5 
5 
1 829900053  
3 
2 
2 
1 803806619  
6 
5 
3 
6 
5 
3 
5 
6 
5 
2 
5 
3 
5 
5 
3 
6 
6 
3 
5 
6 
4 
4 
1 1551139684  
4 
6 
5 
5 
3 
4 
2 
2 
1 1338144502  
1 471297519  
4 
3 
1 777367548  
6 
2 
4 
5 
1 435531502  
5 
4 
2 
1 19350177  
5 
5 
4 
4 
5 
4 
5 
6 
4 
6 
5 
1 1328231575  
3 
2 
4 
3 
5 
6 
1 350168961  
4 
1 1359514336  
6 
3 
6 
5 
4 
1 1730152540  
2 
1 392534077  
2 
6 
4 
5 
2 
6 
6 
5 
1 1694257072  
3 
6 
4 
6 
1 1652073561  
2 
4 
4 
6 
5 
5 
4 
5 
3 
1 970527270  
6 
6 
6 
6 
4 
4 
6 
5 
2 
3 
4 
4 
4 
2 
6 
5 
2 
4 
5 
6 
4 
6 
6 
4 
5 
1 898604282  
2 
2 
3 
5 
6 
1 1045006344  
5 
4 
5 
6 
1 1448880200  
4 
4 
1 773179585  
1 240196232  
1 254951414  
2 
5 
4 
1 151945823  
1 540442436  
6 
6 
3 
5 
2 
2 
5 
3 
2 
1 1978328472  
6 
1 943272459  
5 
3 
3 
3 
6 
6 
1 1995749398  
3 
3 
4 
6 
5 
4 
4 
6 
1 505214859  
4 
1 1833613235  
3 
6 
1 1811783676  
3 
4 
1 1750467844  
3 
2 
1 516029640  
1 468106647  
3 
4 
6 
6 
6 
6 
6 
5 
4 
5 
5 
1 1154123880  
5 
5 
6 
3 
3 
6 
1 1854174142  
2 
3 
5 
5 
3 
6 
4 
4 
1 939404167  
1 1931491428  
3 
2 
4 
6 
5 
2 
4 
2 
3 
6 
2 
6 
4 
2 
4 
5 
1 142221996  
4 
6 
3 
6 
1 958754344  
4 
3 
5 
4 
6 
4 
2 
1 1112239356  
2 
6 
6 
5 
3 
2 
2 
1 492390957  
2 
3 
6 
5 
4 
6 
6 
5 
4 
3 
1 170785032  
2 
6 
5 
4 
4 
4 
4 
4 
5 
2 
2 
4 
4 
5 
4 
2 
2 
3 
3 
3 
4 
6 
6 
5 
3 
4 
4 
1 694908248  
2 
1 884925035  
5 
6 
3 
5 
3 
6 
2 
6 
1 1865042105  
6 
4 
6 
2 
6 
4 
1 199498161  
3 
3 
2 
5 
5 
3 
4 
3 
1 1855452305  
1 616162739  
4 
4 
1 1244504505  
2 
2 
6 
3 
5 
3 
2 
6 
5 
3 
2 
3 
1 1156848857  
5 
1 1389342324  
2 
4 
4 
2 
4 
5 
2 
5 
1 1484700737  
1 1411800272  
2 
3 
3 
4 
1 1541288147  
5 
2 
5 
2 
6 
3 
6 
6 
1 2025143174  
2 
5 
3 
4 
6 
5 
4 
3 
3 
6 
1 1242645096  
3 
6 
1 337076958  
6 
6 
6 
5 
2 
3 
4 
1 1873408924  
5 
3 
3 
4 
4 
5 
4 
6 
6 
1 1747859956  
4 
1 23206545  
2 
3 
6 
3 
2 
4 
4 
5 
4 
3 
5 
6 
6 
6 
4 
6 
1 1537708953  
6 
5 
6 
5 
6 
6 
4 
1 1350844152  
5 
1 539236185  
3 
4 
1 2005815600  
6 
2 
5 
2 
1 357484384  
2 
1 245926679  
6 
2 
6 
3 
6 
4 
6 
1 797736119  
5 
5 
5 
6 
5 
4 
3 
6 
1 141492165  
1 388148676  
6 
3 
6 
5 
2 
5 
4 
2 
2 
3 
1 1756490463  
2 
2 
5 
2 
4 
6 
1 1253731521  
3 
3 
1 880539633  
1 1927275496  
5 
2 
3 
4 
2 
6 
5 
3 
6 
1 1948639769  
4 
1 1765464668  
4 
2 
3 
6 
5 
6 
3 
5 
6 
1 1644833953  
2 
6 
2 
5 
3 
1 654282  
5 
1 1473433326  
5 
5 
3 
6 
6 
5 
1 113513044  
2 
3 
4 
4 
5 
6 
1 1245158787  
1 482798535  
6 
3 
5 
5 
6 
1 1502855368  
6 
6 
5 
3 
3 
5 
6 
6 
4 
1 582375877  
6 
3 
2 
1 1894598807  
3 
2 
6 
6 
2 
5 
1 896659867  
6 
6 
3 
6 
2 
4 
1 460035403  
4 
3 
2 
6 
4 
3 
3 
6 
3 
5 
2 
2 
2 
1 989760256  
1 1233736825  
6 
5 
3 
5 
3 
2 
3 
4 
2 
3 
2 
2 
2 
5 
5 
6 
5 
6 
5 
5 
1 185960679  
2 
5 
6 
3 
2 
3 
3 
6 
4 
2 
1 590136564  
6 
5 
2 
3 
6 
2 
3 
1 1256943371  
3 
6 
5 
3 
6 
1 1723669632  
3 
6 
4 
4 
4 
6 
5 
5 
5 
6 
5 
3 
4 
5 
2 
6 
1 1940980716  
4 
6 
6 
6 
1 1796179556  
1 1582001585  
6 
2 
1 150981452  
5 
2 
6 
4 
5 
1 2042106236  
2 
5 
5 
3 
3 
1 232254056  
1 292473617  
3 
5 
6 
6 
6 
1 282771264  
1 1988744520  
5 
3 
5 
2 
1 1546205138  
4 
4 
1 1163310897  
3 
4 
1 1768536368  
4 
3 
1 1347361259  
6 
6 
4 
5 
2 
2 
6 
5 
1 781291918  
6 
1 1265886673  
1 1348015541  
6 
2 
6 
5 
5 
1 107241596  
6 
6 
1 1379399717  
6 
6 
5 
5 
2 
6 
1 445690681  
4 
5 
4 
1 590040131  
1 734771437  
3 
6 
5 
3 
1 1028066558  
6 
1 337155291  
3 
5 
1 1631431304  
3 
1 1488101961  
3 
2 
1 1326915547  
4 
5 
1 717684481  
3 
6 
4 
4 
5 
5 
5 
5 
1 1674062640  
1 1917052111  
2 
6 
4 
5 
5 
2 
1 1974627852  
2 
5 
5 
5 
1 1250248625  
1 1710549179  
4 
2 
6 
4 
5 
3 
6 
4 
2 
3 
5 
4 
4 
2 
2 
2 
4 
1 1623323761  
4 
3 
6 
6 
5 
3 
5 
6 
5 
5 
3 
2 
6 
2 
1 684766562  
4 
5 
5 
4 
6 
1 1861530631  
5 
5 
3 
3 
6 
6 
5 
5 
2 
6 
2 
5 
1 1517946349  
6 
6 
6 
5 
5 
3 
5 
5 
1 917020618  
2 
5 
1 6520601  
6 
4 
4 
1 1800717613  
1 758281490  
2 
2 
3 
5 
6 
2 
4 
2 
4 
6 
1 1552725739  
1 816544862  
3 
1 379334210  
5 
3 
1 752603351  
5 
5 
5 
2 
6 
2 
4 
4 
6 
2 
6 
5 
4 
6 
4 
3 
5 
5 
2 
5 
2 
4 
5 
5 
6 
1 1597836780  
4 
1 1645220883  
5 
1 2100618892  
2 
6 
4 
6 
3 
3 
3 
5 
2 
5 
1 1705078376  
1 877136952  
4 
4 
1 398825925  
5 
6 
2 
5 
4 
2 
2 
1 147634860  
5 
6 
1 1611908389  
4 
4 
5 
3 
5 
2 
3 
3 
3 
2 
2 
5 
3 
3 
1 1426892483  
2 
5 
2 
2 
4 
2 
3 
3 
1 484790151  
3 
2 
2 
2 
5 
6 
2 
2 
2 
3 
6 
4 
2 
2 
5 
4 
4 
4 
4 
4 
5 
4 
2 
5 
1 1095856045  
3 
2 
4 
2 
6 
5 
5 
6 
5 
5 
3 
4 
5 
4 
6 
6 
1 767510796  
2 
4 
5 
1 1811705698  
4 
3 
4 
2 
1 1813540527  
4 
1 294089789  
2 
2 
1 1581274161  
4 
5 
1 1640684731  
6 
4 
4 
4 
4 
1 1544338414  
5 
4 
3 
5 
6 
5 
2 
3 
4 
5 
3 
5 
2 
3 
2 
3 
1 1144339692  
6 
4 
3 
2 
3 
5 
5 
6 
2 
3 
1 1116524844  
6 
2 
4 
1 81621328  
2 
2 
3 
1 858386675  
4 
2 
5 
2 
1 486987545  
6 
1 998641946  
2 
5 
3 
4 
3 
2 
5 
6 
1 864907276  
2 
3 
4 
3 
6 
5 
6 
3 
4 
5 
1 140221510  
6 
3 
6 
3 
1 1756923437  
6 
6 
5 
5 
5 
1 270149368  
6 
5 
1 956766373  
1 2136257647  
3 
5 
3 
5 
2 
6 
4 
2 
6 
3 
6 
1 1022752719  
2 
1 407119505  
6 
6 
6 
3 
5 
6 
2 
4 
4 
5 
6 
4 
2 
4 
5 
1 1633994883  
3 
6 
3 
3 
2 
6 
2 
5 
1 975887963  
3 
1 2112197882  
5 
2 
5 
1 363648187  
6 
6 
2 
1 1374713889  
4 
1 112349094  
5 
4 
3 
3 
5 
6 
2 
6 
5 
3 
1 1975556577  
1 654122724  
3 
5 
6 
6 
1 597139245  
6 
1 923928974  
2 
5 
1 1421633521  
1 261361295  
6 
4 
2 
1 589985853  
5 
6 
3 
3 
2 
2 
2 
2 
4 
5 
6 
4 
3 
5 
1 1715723310  
5 
4 
2 
6 
4 
2 
2 
3 
5 
3 
2 
1 1842635456  
3 
1 83186937  
2 
3 
5 
5 
1 1112578076  
1 839491500  
3 
3 
5 
1 1199711781  
5 
4 
4 
4 
4 
6 
2 
4 
1 1194199404  
1 1697878175  
4 
2 
1 1686699327  
1 45357702  
2 
4 
5 
5 
6 
1 415301804  
5 
5 
3 
4 
3 
4 
2 
1 1826920837  
2 
5 
5 
4 
5 
4 
6 
2 
3 
6 
2 
2 
1 1802281139  
2 
6 
1 685451172  
1 636203562  
4 
5 
6 
3 
2 
4 
6 
2 
2 
4 
4 
1 1791055139  
1 1708203891  
4 
3 
3 
4 
1 1043323068  
3 
6 
6 
5 
1 1277566374  
4 
4 
3 
5 
5 
3 
5 
1 536608206  
6 
4 
5 
3 
6 
2 
5 
1 1008037302  
5 
5 
2 
2 
5 
1 1641214561  
5 
6 
3 
2 
2 
2 
4 
4 
4 
1 1911322095  
3 
3 
4 
4 
5 
6 
3 
5 
2 
4 
6 
3 
1 1120386396  
5 
5 
4 
2 
1 1469287490  
5 
3 
2 
4 
6 
4 
1 417961172  
1 1717525641  
2 
2 
5 
4 
2 
5 
3 
3 
3 
4 
5 
5 
5 
4 
5 
3 
1 245732817  
2 
3 
2 
2 
4 
1 1839594693  
1 1978886936  
6 
6 
3 
4 
3 
6 
1 835718670  
2 
6 
2 
6 
3 
3 
4 
2 
6 
3 
2 
5 
4 
4 
5 
2 
2 
2 
4 
2 
1 1407834355  
2 
2 
4 
3 
1 1674038744  
1 918905607  
6 
5 
3 
6 
4 
6 
1 372928783  
4 
1 366046596  
4 
4 
6 
4 
1 2118617389  
3 
4 
1 1567128187  
5 
1 2063924771  
6 
3 
3 
4 
3 
6 
2 
5 
3 
1 1657833068  
4 
5 
6 
6 
2 
4 
1 1612485889  
6 
4 
6 
6 
6 
5 
1 331742927  
4 
3 
1 1337270257  
6 
3 
1 1267283381  
6 
4 
5 
4 
1 1017194099  
4 
1 1973473820  
5 
4 
1 910854872  
2 
4 
3 
1 577914342  
2 
6 
6 
1 869313240  
4 
5 
1 40937598  
4 
3 
2 
4 
4 
4 
2 
5 
1 1114522549  
4 
6 
2 
2 
6 
1 1877350542  
4 
4 
3 
4 
6 
1 1682152159  
6 
2 
2 
6 
4 
4 
5 
3 
5 
1 878360996  
1 850253290  
1 1003956002  
2 
5 
4 
2 
6 
2 
2 
5 
5 
2 
3 
2 
5 
5 
3 
2 
1 1296322168  
4 
2 
6 
3 
2 
2 
3 
2 
1 420295283  
5 
6 
4 
4 
4 
6 
3 
3 
3 
6 
5 
5 
6 
4 
2 
2 
3 
6 
4 
4 
2 
4 
4 
5 
4 
6 
2 
3 
3 
3 
2 
3 
6 
5 
2 
1 1249688819  
5 
1 988433213  
4 
4 
3 
3 
3 
5 
4 
5 
4 
2 
2 
2 
3 
2 
6 
1 251698571  
5 
5 
1 2085407489  
2 
5 
3 
2 
2 
6 
3 
1 248783920  
1 1925737315  
3 
5 
3 
4 
5 
3 
4 
2 
4 
6 
1 856829449  
1 621712703  
6 
4 
4 
1 144300263  
2 
3 
1 827963190  
5 
3 
5 
6 
5 
3 
5 
3 
2 
5 
1 41357242  
4 
2 
3 
3 
1 60741386  
3 
4 
6 
6 
6 
5 
3 
5 
2 
5 
1 338312610  
3 
4 
2 
2 
4 
2 
3 
2 
5 
5 
5 
4 
4 
3 
6 
4 
5 
5 
2 
4 
2 
5 
1 1653843132  
5 
2 
4 
1 392484314  
2 
6 
2 
4 
5 
5 
1 1675582867  
5 
3 
1 773642865  
2 
1 1409678413  
2 
6 
1 1501573039  
4 
6 
4 
5 
5 
2 
5 
5 
1 1684497737  
3 
1 1987592756  
4 
5 
2 
1 223402631  
3 
6 
4 
6 
1 1725435335  
3 
4 
3 
6 
1 954631657  
2 
4 
6 
3 
2 
6 
6 
5 
2 
1 2100753173  
4 
5 
6 
3 
1 1260103846  
5 
1 1832992653  
4 
5 
5 
1 803522815  
4 
4 
1 116576200  
5 
5 
4 
3 
2 
4 
6 
2 
3 
5 
1 981831174  
2 
5 
3 
3 
3 
1 1223818098  
1 1366265019  
5 
5 
3 
6 
5 
2 
3 
3 
2 
3 
3 
1 1970264387  
6 
3 
3 
5 
2 
5 
5 
5 
1 1475516669  
6 
5 
1 1304188861  
3 
1 71564660  
4 
1 1253770336  
2 
3 
3 
1 13534662  
1 693277363  
6 
3 
5 
5 
2 
3 
5 
1 1398070599  
6 
3 
6 
3 
1 841497852  
4 
1 734634606  
5 
1 1458811986  
5 
2 
4 
5 
5 
4 
4 
4 
6 
4 
3 
5 
5 
6 
6 
6 
1 1179810462  
5 
4 
2 
1 240994090  
3 
1 1851296300  
1 707909681  
5 
3 
1 1014636955  
5 
1 1113491065  
2 
5 
1 61999073  
1 551651044  
6 
3 
6 
4 
4 
4 
2 
4 
6 
5 
5 
1 953600173  
4 
3 
6 
1 285401704  
1 129602731  
3 
1 1908231830  
5 
3 
3 
1 238671230  
4 
1 1389706577  
4 
5 
4 
6 
4 
4 
2 
2 
3 
1 1593740836  
1 1042194045  
3 
4 
4 
3 
2 
6 
6 
4 
1 1506282778  
5 
1 428088362  
6 
1 118528496  
4 
3 
2 
2 
6 
6 
3 
2 
1 725064149  
2 
2 
3 
6 
1 250869101  
3 
2 
5 
6 
5 
5 
4 
2 
2 
1 1594045165  
2 
4 
6 
1 2029253010  
4 
6 
5 
3 
1 322433761  
6 
4 
3 
3 
6 
3 
1 700331854  
3 
4 
1 2042787672  
4 
4 
1 1015711125  
3 
4 
1 2098402453  
1 736801876  
3 
2 
5 
3 
6 
1 1750345731  
2 
3 
1 1409730791  
3 
4 
3 
2 
1 1916612338  
3 
3 
6 
3 
5 
6 
6 
2 
1 1991339821  
2 
4 
1 1113543443  
1 477038372  
2 
3 
4 
3 
6 
3 
6 
1 858493128  
2 
2 
4 
1 79550861  
2 
5 
4 
1 539037445  
2 
1 1410144172  
3 
3 
6 
3 
3 
1 1033151034  
1 824439149  
5 
6 
1 1539746903  
4 
3 
6 
4 
3 
6 
6 
6 
2 
5 
3 
2 
2 
3 
1 793899217  
4 
2 
6 
3 
4 
6 
1 1063110379  
5 
3 
4 
6 
6 
4 
4 
4 
1 781969832  
3 
1 240156405  
6 
5 
3 
6 
2 
1 2105304425  
1 140768962  
5 
6 
3 
5 
3 
4 
4 
4 
6 
4 
2 
2 
5 
3 
3 
5 
1 668244767  
6 
1 76349273  
6 
4 
5 
3 
3 
2 
3 
2 
5 
5 
1 865833112  
6 
2 
2 
5 
1 919113868  
4 
3 
3 
4 
4 
1 1670394438  
2 
1 747602474  
1 1241547630  
2 
6 
6 
2 
2 
2 
4 
4 
3 
3 
2 
5 
4 
1 223242644  
2 
2 
3 
1 642906499  
1 109775107  
5 
2 
6 
4 
6 
6 
3 
5 
5 
6 
4 
3 
5 
3 
1 174161450  
3 
3 
4 
1 1379708375  
5 
2 
3 
6 
5 
2 
6 
4 
1 1860120838  
6 
4 
5 
4 
3 
