1 475191137  
4 
6 
1 1915854234  
5 
2 
6 
4 
3 
6 
5 
4 
1 1605231431  
5 
2 
5 
2 
3 
3 
1 831127044  
2 
2 
6 
3 
4 
2 
1 485698145  
6 
4 
1 63290333  
5 
2 
2 
1 997209773  
3 
5 
1 1027796528  
6 
2 
4 
5 
2 
1 426361598  
4 
4 
2 
4 
5 
5 
5 
2 
5 
3 
2 
3 
4 
4 
2 
2 
1 594947212  
2 
6 
1 1760757841  
5 
4 
3 
1 70166795  
1 1639196877  
5 
5 
3 
4 
1 2058440840  
4 
3 
5 
1 2080826120  
2 
3 
5 
2 
6 
1 43517928  
2 
1 460045240  
2 
2 
6 
3 
3 
2 
4 
5 
2 
6 
1 2112791410  
6 
3 
5 
2 
3 
5 
1 1191276452  
2 
5 
4 
2 
3 
3 
3 
3 
1 565031038  
4 
3 
1 2082549901  
5 
4 
5 
5 
2 
3 
3 
1 173798238  
3 
2 
5 
2 
2 
5 
6 
2 
2 
1 1042143598  
4 
1 502998633  
1 479171886  
4 
3 
5 
4 
1 326553579  
4 
2 
2 
1 1939225533  
3 
2 
5 
1 46065617  
3 
1 1139633474  
2 
4 
1 1929538515  
2 
5 
2 
3 
5 
1 40372550  
6 
3 
4 
1 1614824611  
4 
5 
5 
6 
4 
4 
6 
1 1697909102  
2 
4 
2 
1 1645603981  
2 
6 
1 298468008  
2 
3 
4 
1 36123599  
3 
2 
6 
4 
6 
2 
5 
6 
1 1708894315  
1 1295677781  
5 
2 
3 
5 
3 
2 
1 1063920127  
3 
3 
4 
2 
1 2135255913  
1 1890624993  
4 
4 
5 
6 
6 
3 
2 
1 677194320  
1 57939060  
5 
6 
6 
5 
5 
5 
1 1382338223  
6 
6 
6 
1 588151512  
4 
5 
4 
5 
6 
6 
2 
6 
4 
6 
2 
6 
3 
6 
6 
3 
4 
1 2138765181  
2 
5 
2 
3 
6 
5 
3 
5 
6 
6 
2 
2 
1 1425856151  
4 
4 
3 
3 
1 1048196753  
4 
6 
4 
5 
2 
5 
2 
1 2104072943  
3 
1 469648956  
1 1613227791  
3 
5 
6 
4 
3 
6 
3 
6 
3 
4 
4 
4 
4 
4 
6 
4 
6 
1 2039139196  
2 
1 643447194  
5 
3 
5 
4 
5 
3 
2 
2 
1 507887741  
4 
4 
3 
5 
1 394654181  
4 
4 
6 
1 1122619080  
5 
6 
6 
6 
1 834441320  
5 
5 
5 
3 
2 
3 
6 
1 186396066  
2 
6 
1 1168684697  
6 
1 1974074794  
1 2115934582  
4 
5 
2 
6 
4 
3 
1 1209057247  
5 
6 
1 1441415758  
3 
5 
6 
6 
3 
6 
5 
6 
4 
5 
1 1666360036  
5 
4 
4 
1 707177581  
3 
6 
3 
3 
2 
2 
6 
2 
6 
2 
6 
4 
4 
2 
1 1739883766  
6 
3 
4 
2 
2 
6 
2 
3 
1 1702483635  
5 
6 
3 
1 268588248  
6 
6 
5 
6 
6 
5 
2 
2 
6 
4 
3 
3 
6 
2 
2 
1 888077899  
4 
2 
1 618920114  
3 
6 
1 256360513  
4 
1 631219245  
4 
4 
4 
6 
6 
5 
2 
3 
6 
1 1296114434  
3 
1 314299573  
5 
5 
1 2013557468  
2 
2 
3 
3 
3 
5 
2 
2 
2 
4 
1 1884265946  
5 
1 305581106  
3 
2 
6 
1 1291929971  
1 784979051  
5 
4 
3 
2 
4 
6 
5 
1 262170402  
2 
5 
4 
2 
5 
1 1761578927  
4 
4 
5 
3 
5 
2 
6 
2 
3 
6 
1 250723194  
6 
4 
6 
1 153825950  
6 
4 
4 
6 
4 
4 
1 257542473  
6 
1 758610936  
5 
2 
1 548480132  
3 
5 
5 
4 
2 
1 1380161554  
6 
2 
1 1593052256  
3 
1 734876198  
5 
6 
1 401362603  
2 
3 
1 1419643403  
2 
5 
4 
1 703327132  
1 1610419851  
1 713575513  
3 
6 
4 
3 
4 
3 
2 
1 222203520  
5 
5 
3 
4 
5 
5 
3 
5 
1 170113784  
4 
5 
5 
1 305975631  
1 1924687155  
1 438702032  
4 
3 
4 
4 
6 
4 
1 1194053530  
3 
3 
5 
2 
3 
3 
5 
4 
5 
1 396123621  
4 
2 
3 
1 695062545  
6 
4 
3 
6 
3 
3 
1 1825272775  
5 
2 
4 
1 1692238055  
1 1009362118  
6 
3 
2 
3 
2 
3 
5 
5 
1 1691346595  
4 
6 
3 
1 1429020354  
4 
5 
5 
6 
6 
6 
6 
3 
4 
6 
1 1314943225  
1 835792919  
6 
5 
5 
3 
6 
3 
1 66515757  
6 
5 
3 
6 
1 1577113627  
4 
6 
5 
3 
1 449888198  
5 
5 
5 
6 
4 
2 
2 
5 
5 
2 
5 
3 
6 
2 
2 
5 
4 
1 317238952  
4 
2 
2 
2 
3 
6 
1 1730939577  
1 707430672  
2 
2 
4 
4 
6 
4 
6 
4 
1 1075849888  
3 
2 
2 
4 
1 131936061  
3 
6 
6 
4 
5 
6 
6 
1 2087592226  
4 
2 
2 
4 
2 
3 
5 
6 
1 521418496  
1 866812260  
5 
5 
4 
2 
3 
6 
6 
3 
5 
6 
4 
5 
2 
4 
4 
4 
2 
5 
5 
1 341471181  
4 
5 
6 
2 
2 
2 
5 
6 
1 1941061899  
4 
6 
2 
4 
3 
2 
4 
3 
2 
1 1570139392  
3 
3 
4 
6 
4 
5 
5 
4 
1 1951891032  
4 
2 
6 
2 
6 
6 
4 
4 
1 507153764  
6 
4 
6 
5 
6 
1 1792342913  
2 
2 
1 2122004816  
2 
2 
6 
2 
5 
2 
2 
6 
4 
5 
4 
2 
6 
1 813129395  
3 
6 
2 
6 
5 
6 
6 
4 
3 
3 
6 
4 
3 
6 
4 
5 
5 
6 
4 
1 1569546420  
1 413223200  
3 
4 
1 2007182926  
3 
3 
5 
4 
1 1965670042  
2 
5 
4 
5 
4 
3 
6 
5 
3 
2 
1 1108285745  
1 1684972053  
6 
1 1510424449  
5 
4 
3 
3 
1 2117647864  
6 
6 
3 
3 
5 
6 
6 
4 
2 
5 
5 
6 
1 1228835001  
3 
1 791961155  
5 
1 1285107441  
3 
1 2064627920  
4 
1 858476913  
6 
5 
1 714737420  
6 
3 
4 
5 
5 
4 
5 
2 
4 
6 
4 
2 
4 
2 
4 
3 
6 
2 
3 
6 
2 
5 
5 
3 
4 
6 
3 
5 
6 
3 
4 
4 
3 
5 
4 
4 
2 
6 
6 
2 
1 367032470  
1 1175715865  
5 
1 298193349  
5 
6 
1 1074463142  
1 104082105  
4 
6 
2 
6 
2 
5 
1 430129411  
2 
6 
2 
5 
2 
1 1014571720  
2 
1 625500601  
1 1296941671  
6 
4 
6 
2 
4 
6 
4 
5 
5 
3 
2 
5 
2 
5 
4 
5 
5 
6 
4 
5 
2 
2 
4 
4 
3 
1 1356042902  
3 
4 
2 
5 
2 
3 
6 
1 419078853  
4 
1 719597415  
2 
4 
1 1160450286  
2 
6 
2 
3 
3 
4 
6 
5 
2 
1 926232617  
2 
4 
1 364456680  
1 1134971455  
5 
1 1739362013  
6 
6 
2 
4 
5 
6 
1 1934003101  
2 
4 
3 
2 
5 
2 
4 
6 
2 
1 1548194655  
5 
1 1599061291  
2 
6 
3 
1 1752189495  
1 508996753  
5 
2 
5 
5 
4 
5 
5 
3 
5 
5 
6 
4 
4 
4 
5 
2 
2 
2 
6 
5 
3 
2 
3 
5 
4 
3 
6 
2 
2 
3 
2 
5 
4 
4 
2 
2 
1 1136549696  
6 
6 
4 
6 
6 
4 
2 
3 
6 
3 
6 
6 
5 
1 1115130296  
3 
6 
1 479160969  
4 
2 
3 
1 217901049  
2 
4 
3 
2 
4 
6 
1 1907091452  
5 
1 1764268410  
4 
3 
2 
1 135045321  
4 
5 
5 
3 
1 618084717  
2 
2 
6 
5 
2 
6 
6 
2 
6 
6 
4 
4 
6 
1 331522182  
3 
4 
3 
4 
3 
4 
4 
2 
2 
1 502077792  
1 1793800582  
5 
5 
3 
6 
2 
6 
5 
3 
5 
3 
4 
4 
1 629715531  
6 
1 1576540934  
6 
1 1897882687  
5 
3 
4 
4 
3 
2 
1 1059844942  
4 
1 443629007  
6 
6 
4 
6 
3 
1 375899640  
1 209302965  
2 
5 
4 
6 
3 
5 
6 
2 
6 
4 
4 
3 
5 
6 
1 1799671909  
4 
2 
4 
5 
1 794978493  
2 
3 
3 
1 928900381  
5 
1 812638547  
2 
6 
2 
5 
1 1721211111  
1 1293357061  
3 
6 
1 1947610002  
4 
4 
3 
6 
6 
3 
2 
2 
3 
1 1313089476  
4 
4 
1 1079876514  
6 
5 
1 1348321010  
5 
1 764667119  
6 
3 
5 
3 
3 
2 
1 684582361  
6 
6 
4 
4 
6 
4 
4 
4 
2 
2 
3 
4 
3 
2 
4 
2 
1 1857317763  
2 
4 
6 
6 
1 1901216815  
2 
3 
6 
4 
3 
4 
6 
4 
6 
2 
1 1799712658  
3 
4 
1 188995084  
3 
6 
2 
6 
1 2119117865  
6 
3 
5 
2 
1 1559320462  
4 
6 
1 1953263494  
6 
6 
1 106679538  
6 
6 
3 
1 29921531  
6 
2 
4 
3 
5 
6 
3 
3 
6 
2 
6 
2 
4 
6 
4 
4 
3 
5 
2 
3 
3 
5 
2 
1 137302028  
1 608757330  
4 
1 1823722113  
3 
5 
4 
5 
4 
3 
3 
3 
3 
2 
6 
3 
4 
6 
6 
5 
1 767017559  
1 37814617  
5 
6 
5 
3 
5 
5 
3 
4 
2 
3 
1 1574121152  
5 
3 
3 
3 
4 
5 
3 
6 
5 
4 
6 
3 
3 
1 1826862502  
1 481443624  
5 
4 
4 
2 
1 1950020792  
2 
1 2036165467  
1 133631885  
6 
4 
5 
3 
3 
3 
5 
5 
4 
2 
2 
4 
3 
1 597515638  
6 
4 
3 
4 
2 
5 
5 
4 
2 
1 817582200  
4 
2 
3 
5 
5 
2 
4 
5 
5 
3 
4 
1 946270432  
5 
4 
6 
2 
5 
3 
1 171243101  
2 
6 
4 
4 
2 
6 
5 
5 
5 
6 
1 2110939262  
2 
1 746396787  
3 
3 
4 
5 
6 
1 1484332577  
3 
6 
4 
5 
3 
5 
3 
1 1043332128  
6 
1 2094717797  
6 
2 
4 
3 
1 101516048  
1 1727914490  
4 
2 
2 
5 
6 
4 
1 1804551912  
5 
2 
3 
4 
4 
6 
6 
2 
2 
6 
5 
4 
3 
6 
2 
6 
4 
4 
4 
5 
5 
3 
2 
5 
2 
6 
4 
4 
5 
4 
4 
2 
2 
4 
1 2002732863  
4 
6 
5 
4 
5 
3 
5 
2 
6 
1 1380143500  
1 1993546996  
3 
2 
1 1974367080  
4 
6 
2 
6 
2 
1 791980314  
3 
6 
1 1799326842  
1 2081046619  
3 
2 
3 
2 
5 
5 
4 
5 
4 
1 821901845  
6 
5 
5 
6 
4 
2 
4 
6 
3 
3 
6 
3 
4 
6 
5 
5 
3 
6 
5 
3 
5 
4 
4 
3 
6 
6 
6 
2 
3 
2 
4 
2 
6 
4 
1 1936628870  
4 
1 542320301  
2 
6 
3 
4 
4 
5 
1 498140310  
1 556162781  
5 
4 
4 
3 
2 
6 
6 
4 
1 580134918  
6 
1 2072261462  
3 
1 235541635  
1 1061578542  
2 
3 
1 1874798606  
3 
4 
2 
1 124223455  
3 
6 
3 
3 
1 1195210427  
5 
4 
1 324830596  
1 941805655  
1 2141480860  
6 
6 
3 
5 
1 496073697  
2 
5 
1 905261269  
4 
4 
6 
2 
1 740393999  
2 
4 
3 
1 1980406274  
6 
4 
6 
4 
4 
6 
3 
6 
6 
3 
2 
5 
1 1948593398  
3 
6 
6 
6 
3 
5 
1 687628148  
1 2081922322  
5 
1 1529024240  
6 
3 
6 
3 
5 
1 344696412  
4 
3 
3 
2 
2 
1 1937171538  
2 
4 
5 
4 
2 
6 
6 
2 
6 
3 
6 
3 
5 
4 
5 
5 
5 
6 
4 
5 
2 
4 
6 
2 
5 
6 
6 
1 761684092  
6 
5 
5 
2 
4 
1 190759760  
2 
3 
6 
5 
2 
4 
1 1764054970  
5 
6 
3 
2 
3 
4 
4 
3 
3 
1 1553664406  
5 
2 
2 
6 
3 
3 
5 
2 
5 
2 
6 
4 
3 
5 
3 
4 
6 
6 
1 1990086602  
2 
1 1697617941  
6 
6 
1 228082603  
1 1779231824  
3 
3 
3 
6 
2 
6 
6 
2 
4 
2 
3 
6 
5 
1 92454595  
2 
2 
3 
5 
6 
2 
2 
4 
3 
4 
4 
5 
6 
4 
2 
6 
6 
1 726222913  
3 
1 187910957  
3 
3 
2 
1 672589513  
1 651000727  
3 
3 
5 
2 
3 
4 
5 
5 
6 
4 
1 423452593  
6 
3 
6 
6 
5 
1 1734168056  
6 
6 
2 
6 
5 
2 
1 378315685  
3 
5 
4 
2 
3 
5 
3 
5 
2 
3 
6 
5 
2 
4 
4 
6 
3 
2 
4 
6 
1 547676048  
3 
2 
1 781894835  
2 
6 
5 
6 
3 
3 
6 
6 
1 703146282  
6 
1 1489481703  
1 775892047  
3 
4 
1 1199219979  
2 
6 
3 
4 
5 
4 
1 247259325  
6 
5 
2 
4 
2 
6 
3 
3 
1 1516286046  
2 
5 
5 
3 
3 
4 
5 
6 
3 
5 
2 
4 
3 
6 
1 1032142606  
4 
3 
3 
6 
3 
4 
4 
3 
1 48369075  
2 
5 
6 
3 
5 
2 
1 56430546  
6 
6 
4 
6 
6 
6 
1 966581280  
1 1577393315  
5 
1 401126958  
2 
6 
2 
1 756269170  
4 
3 
3 
5 
6 
5 
2 
2 
4 
5 
6 
5 
5 
3 
3 
2 
4 
1 191593759  
3 
1 591886718  
3 
5 
1 372840493  
4 
3 
5 
2 
4 
4 
1 1745258165  
3 
5 
5 
6 
3 
4 
5 
3 
4 
6 
2 
2 
5 
2 
4 
6 
6 
4 
5 
4 
1 434489672  
5 
4 
5 
5 
1 2070458434  
1 1973340768  
2 
6 
6 
1 66237848  
4 
1 15429381  
6 
5 
1 552080033  
2 
1 254148806  
2 
2 
4 
3 
5 
4 
2 
3 
1 688018895  
6 
1 1203080760  
6 
6 
6 
5 
3 
3 
5 
4 
3 
3 
4 
4 
2 
1 677601399  
1 274703303  
5 
1 1581396445  
4 
2 
5 
6 
6 
1 1225277447  
1 1056598138  
4 
6 
4 
4 
2 
2 
6 
1 137059079  
3 
6 
4 
6 
5 
2 
6 
2 
5 
1 567275502  
3 
1 1832490186  
2 
5 
4 
5 
6 
5 
5 
2 
2 
2 
5 
2 
2 
6 
6 
1 1336279059  
6 
5 
4 
4 
5 
6 
2 
5 
3 
5 
1 814534827  
2 
5 
3 
5 
3 
4 
2 
6 
4 
3 
1 1201292584  
3 
3 
4 
1 220938017  
3 
1 862903902  
3 
5 
5 
4 
4 
1 1257723131  
2 
6 
4 
5 
3 
5 
2 
1 1187519297  
3 
2 
4 
5 
3 
5 
4 
2 
4 
3 
4 
3 
5 
6 
5 
5 
3 
4 
3 
2 
1 292813569  
1 1658850089  
6 
3 
4 
3 
2 
3 
2 
2 
2 
6 
5 
6 
3 
4 
3 
1 1943788468  
3 
6 
2 
4 
1 484407328  
1 103253160  
1 169145313  
1 82181845  
5 
3 
4 
4 
1 537742832  
4 
3 
6 
2 
3 
2 
5 
3 
1 92120099  
4 
1 2055522613  
5 
6 
2 
3 
1 603980681  
3 
2 
6 
4 
3 
1 107549481  
5 
2 
5 
1 460118998  
3 
2 
3 
1 858129487  
5 
5 
1 795568376  
5 
2 
5 
6 
3 
4 
4 
1 1663199758  
2 
1 1535730886  
3 
1 1070271679  
5 
2 
1 1097112556  
6 
2 
4 
6 
1 613524685  
5 
5 
1 2126869817  
1 1234171635  
2 
5 
3 
4 
2 
4 
4 
5 
4 
6 
1 1180800187  
5 
4 
2 
5 
1 1811876355  
2 
5 
6 
2 
6 
6 
3 
2 
6 
2 
3 
4 
2 
1 422967046  
1 1995335015  
5 
2 
2 
4 
6 
4 
3 
3 
1 865685292  
5 
6 
5 
4 
2 
6 
3 
1 643905063  
4 
6 
4 
6 
5 
4 
6 
1 710755269  
6 
1 2123408423  
5 
2 
3 
6 
3 
4 
4 
6 
2 
6 
2 
2 
4 
1 1831424361  
4 
4 
5 
4 
4 
2 
2 
5 
1 1003568839  
1 1634774864  
1 1627729181  
4 
2 
1 1487976167  
2 
5 
6 
4 
2 
3 
5 
2 
5 
4 
5 
6 
6 
6 
4 
5 
4 
5 
4 
2 
1 1738028024  
4 
5 
4 
1 1796874494  
4 
2 
5 
2 
6 
2 
2 
1 1570158013  
5 
6 
6 
1 128287209  
4 
3 
2 
6 
5 
3 
6 
6 
1 1888994593  
5 
2 
1 1478196978  
4 
2 
6 
4 
4 
4 
6 
6 
4 
1 732267890  
5 
6 
6 
1 1996544074  
3 
3 
4 
6 
3 
2 
3 
6 
2 
2 
2 
3 
6 
1 1938315977  
5 
4 
6 
3 
4 
5 
2 
4 
4 
2 
4 
2 
4 
2 
5 
6 
2 
5 
4 
6 
1 1590397377  
5 
2 
3 
2 
3 
1 644628802  
1 1454032087  
2 
4 
3 
5 
2 
4 
5 
2 
2 
4 
5 
1 978644615  
3 
3 
4 
5 
2 
3 
1 1714900481  
3 
1 403660995  
4 
1 1592169300  
3 
5 
5 
5 
1 1694286651  
2 
1 1637832631  
2 
3 
6 
5 
3 
6 
3 
4 
4 
2 
5 
3 
6 
2 
2 
2 
5 
2 
6 
5 
4 
3 
1 625485839  
5 
5 
3 
2 
1 1358679358  
5 
2 
6 
3 
5 
4 
5 
3 
5 
4 
2 
1 2060799677  
5 
2 
1 473337206  
6 
1 76881002  
4 
6 
6 
5 
5 
4 
5 
3 
3 
6 
6 
5 
4 
4 
3 
6 
1 557221093  
5 
1 1184092476  
1 52805777  
2 
5 
4 
1 241161806  
6 
3 
1 40177667  
3 
5 
4 
6 
1 1687580642  
6 
3 
6 
4 
3 
1 1868890987  
6 
2 
1 1528153834  
1 1278125018  
2 
1 1518281833  
1 950828199  
4 
1 1406412227  
3 
2 
1 1259792778  
3 
1 281541530  
6 
2 
3 
4 
4 
5 
1 2138680117  
5 
2 
3 
3 
5 
3 
2 
3 
2 
3 
4 
5 
3 
1 1108853205  
4 
1 72373859  
3 
1 1581593846  
5 
1 1753482007  
3 
3 
6 
5 
5 
6 
6 
1 1526405946  
4 
1 412754813  
1 1320898841  
4 
2 
2 
4 
2 
4 
4 
1 1930066942  
2 
5 
2 
2 
1 2004924113  
2 
2 
1 867701844  
4 
5 
6 
5 
4 
1 1420415925  
1 482926305  
5 
5 
2 
4 
4 
3 
5 
4 
3 
6 
4 
3 
1 78897554  
2 
1 1333731954  
2 
1 956263511  
5 
4 
4 
5 
1 155778557  
6 
2 
5 
1 1890953047  
6 
6 
2 
5 
4 
2 
6 
3 
5 
2 
6 
3 
3 
6 
4 
2 
1 2140355987  
5 
6 
6 
6 
6 
1 208584334  
3 
4 
2 
4 
4 
5 
5 
4 
1 2132114853  
5 
5 
2 
6 
3 
5 
2 
3 
3 
5 
5 
1 33050006  
4 
1 1896164976  
2 
6 
1 1853522192  
2 
4 
5 
5 
1 1561203841  
3 
5 
5 
2 
4 
5 
1 1026806347  
1 1224320377  
5 
5 
3 
5 
1 364548392  
5 
1 285734926  
2 
5 
4 
6 
3 
6 
4 
5 
1 336629508  
4 
2 
2 
4 
5 
2 
4 
6 
4 
6 
4 
6 
5 
5 
2 
6 
1 646089922  
3 
5 
1 276931396  
4 
2 
4 
5 
2 
6 
3 
1 1445482713  
2 
2 
5 
5 
2 
5 
5 
6 
1 718463781  
3 
2 
5 
5 
2 
5 
1 1858525242  
4 
4 
2 
6 
3 
3 
2 
4 
4 
6 
5 
4 
2 
6 
6 
3 
6 
2 
5 
1 1051481072  
5 
5 
5 
1 97386080  
6 
4 
5 
2 
5 
1 123796408  
5 
6 
1 224896265  
2 
2 
2 
3 
3 
4 
4 
2 
4 
4 
3 
6 
6 
2 
3 
4 
3 
3 
1 2027453022  
3 
6 
4 
5 
4 
6 
6 
6 
1 2128720521  
4 
2 
5 
4 
6 
2 
6 
2 
3 
3 
1 1092598109  
5 
5 
5 
3 
4 
5 
1 1300385299  
4 
3 
3 
6 
5 
1 464163178  
6 
4 
4 
1 1171495664  
6 
5 
6 
4 
1 486633605  
1 1420426690  
6 
5 
4 
3 
6 
1 1327274221  
3 
3 
5 
4 
6 
1 230103005  
5 
1 1413299029  
1 1535858555  
5 
5 
4 
3 
3 
5 
4 
4 
6 
1 214734210  
5 
1 1446349036  
2 
5 
3 
6 
1 1284539884  
5 
4 
2 
2 
5 
4 
5 
5 
6 
2 
4 
1 2068256403  
6 
5 
4 
3 
3 
2 
2 
3 
5 
2 
2 
4 
1 860069229  
1 163862583  
1 1145093132  
3 
5 
4 
5 
6 
4 
5 
1 1224617621  
1 449597509  
4 
3 
3 
4 
3 
5 
4 
5 
6 
5 
4 
4 
4 
2 
3 
3 
6 
2 
5 
4 
6 
4 
3 
4 
5 
4 
1 1481722640  
1 1870707544  
1 726528905  
6 
2 
5 
1 779721705  
3 
2 
1 441687677  
4 
2 
1 437570500  
5 
4 
5 
4 
6 
2 
4 
5 
2 
6 
4 
5 
4 
2 
5 
2 
4 
5 
5 
4 
6 
6 
2 
4 
4 
1 1831202778  
5 
3 
5 
6 
1 539073757  
4 
1 561366908  
2 
5 
6 
4 
6 
4 
6 
5 
3 
4 
4 
4 
6 
3 
5 
5 
3 
4 
6 
6 
4 
1 2056099043  
5 
2 
5 
3 
4 
4 
1 419043131  
3 
6 
3 
3 
4 
5 
5 
4 
2 
1 542603781  
2 
1 1001213505  
1 1719428430  
2 
3 
5 
5 
3 
6 
1 1006766960  
4 
4 
3 
3 
4 
2 
2 
6 
5 
5 
2 
1 25225521  
1 58578388  
4 
4 
2 
6 
6 
3 
5 
4 
5 
5 
1 279710002  
2 
6 
6 
4 
6 
2 
1 1352499742  
3 
2 
1 288681393  
5 
6 
1 1693009031  
2 
6 
5 
3 
3 
6 
3 
6 
5 
1 740874649  
4 
4 
6 
6 
2 
6 
1 503415603  
5 
2 
4 
1 991874419  
1 2025414533  
6 
6 
3 
3 
1 424188358  
1 1851943648  
2 
4 
4 
5 
2 
3 
1 41793468  
1 1569281491  
1 929077622  
1 491390978  
5 
4 
4 
4 
3 
3 
6 
6 
1 903520483  
1 652301518  
4 
1 1217919883  
2 
3 
2 
6 
2 
5 
6 
3 
2 
5 
6 
4 
1 1683242189  
2 
1 1093989195  
1 1655490383  
6 
3 
1 1366961319  
4 
2 
2 
4 
1 1633062953  
4 
6 
3 
5 
2 
3 
2 
6 
5 
2 
2 
2 
1 69373643  
1 1275576714  
6 
2 
2 
3 
3 
5 
2 
1 2052106084  
6 
5 
5 
1 611977425  
5 
2 
1 129306571  
1 1624050867  
1 1618744385  
5 
4 
3 
5 
6 
3 
5 
1 154532092  
3 
4 
3 
5 
2 
4 
6 
2 
4 
2 
4 
6 
5 
1 1682629255  
5 
5 
5 
6 
3 
6 
5 
2 
2 
3 
1 1898454387  
2 
5 
5 
6 
4 
1 1507031834  
1 1971310648  
6 
3 
5 
3 
5 
5 
5 
5 
6 
3 
5 
4 
1 1443979770  
3 
3 
6 
5 
5 
2 
6 
6 
6 
1 100422836  
6 
2 
3 
1 327242603  
1 288370542  
2 
5 
6 
2 
3 
6 
2 
4 
1 2125837369  
3 
4 
2 
2 
1 751430962  
4 
2 
3 
5 
2 
1 2140314190  
4 
2 
5 
1 20147190  
1 173228805  
6 
2 
4 
2 
5 
3 
3 
1 921908164  
1 511538168  
5 
3 
6 
1 1076749288  
4 
3 
3 
2 
2 
6 
2 
2 
1 1574209682  
1 1729458051  
1 612507829  
4 
2 
4 
5 
6 
5 
1 520715230  
2 
4 
4 
3 
5 
4 
5 
2 
4 
3 
6 
3 
4 
2 
1 1237464787  
3 
5 
2 
2 
6 
2 
4 
2 
6 
4 
5 
1 1979469148  
4 
6 
4 
4 
1 6294535  
5 
4 
3 
2 
1 1306838430  
2 
1 1107562215  
6 
4 
1 2058400619  
4 
5 
3 
3 
2 
6 
2 
1 1918815855  
3 
3 
3 
4 
1 1236868786  
2 
2 
5 
3 
5 
4 
4 
1 1534967838  
6 
3 
4 
5 
3 
5 
1 1390076592  
1 1391400879  
6 
6 
3 
3 
5 
3 
1 1070113445  
2 
6 
6 
5 
1 1141047331  
4 
4 
2 
4 
4 
5 
6 
1 750949065  
5 
4 
4 
4 
2 
4 
1 893940445  
2 
4 
1 437543454  
3 
3 
1 851371901  
5 
3 
3 
5 
3 
6 
5 
2 
2 
1 1221183049  
2 
4 
5 
4 
1 725913996  
4 
3 
6 
4 
6 
2 
6 
2 
4 
5 
4 
2 
5 
6 
5 
4 
2 
1 829725623  
5 
2 
3 
1 1972614011  
3 
4 
2 
1 718744538  
3 
5 
4 
3 
1 849872813  
2 
2 
1 2145842816  
1 1640652703  
3 
5 
3 
5 
4 
5 
2 
6 
4 
1 1361410981  
2 
2 
3 
6 
3 
2 
4 
5 
3 
6 
5 
4 
5 
1 1075108456  
4 
4 
6 
1 1067378737  
3 
3 
1 943385384  
3 
4 
5 
2 
4 
4 
2 
1 1687616286  
5 
4 
4 
6 
6 
2 
2 
1 1588093967  
6 
3 
2 
4 
6 
6 
4 
2 
5 
6 
3 
4 
6 
6 
2 
1 33366523  
5 
1 1519601786  
6 
1 1594388502  
1 1340204954  
1 479680353  
1 1505305474  
6 
6 
5 
5 
5 
6 
6 
6 
6 
3 
5 
3 
1 1111537161  
1 1716549140  
6 
2 
5 
2 
2 
5 
5 
2 
3 
3 
2 
1 892789664  
4 
2 
3 
3 
6 
2 
5 
5 
5 
1 354130106  
1 960466371  
3 
6 
6 
2 
6 
5 
4 
5 
2 
4 
1 1962903110  
6 
3 
2 
3 
2 
3 
6 
6 
4 
4 
5 
6 
5 
4 
1 1495177437  
2 
6 
4 
1 1711415436  
4 
4 
5 
6 
2 
3 
2 
5 
1 709359907  
4 
5 
5 
4 
6 
5 
1 1932720891  
4 
3 
1 415303690  
3 
5 
3 
6 
3 
6 
3 
5 
6 
3 
5 
2 
1 1930542956  
4 
3 
6 
2 
2 
3 
6 
2 
1 511151239  
1 1245029313  
4 
3 
4 
6 
3 
1 1755673319  
3 
1 1229895778  
4 
1 2094902126  
2 
6 
2 
5 
5 
1 1754032487  
4 
3 
3 
1 723064833  
6 
2 
4 
5 
6 
6 
5 
6 
5 
2 
1 1308829459  
4 
5 
6 
6 
6 
2 
3 
4 
6 
3 
4 
2 
3 
3 
2 
2 
2 
1 681657296  
1 1790443570  
2 
1 104731195  
4 
5 
2 
5 
4 
5 
1 221789934  
5 
4 
3 
4 
5 
6 
6 
5 
3 
3 
6 
2 
3 
1 1231053890  
5 
5 
2 
4 
6 
1 138097719  
3 
4 
4 
5 
5 
4 
1 1741391720  
6 
6 
4 
2 
2 
4 
3 
3 
1 677958744  
2 
5 
6 
4 
5 
6 
2 
4 
4 
2 
1 1478302673  
4 
6 
5 
2 
2 
6 
3 
3 
1 73588426  
5 
6 
6 
4 
6 
6 
6 
3 
6 
4 
3 
2 
5 
1 35780570  
2 
1 442356186  
4 
4 
4 
4 
1 1790137566  
4 
3 
2 
5 
1 928570235  
1 796486292  
5 
5 
3 
2 
3 
2 
5 
4 
3 
6 
1 603120289  
4 
6 
1 743989697  
1 144180082  
3 
3 
1 167052077  
1 1453349604  
1 2076900973  
5 
5 
5 
4 
4 
6 
1 582355767  
4 
3 
3 
3 
3 
5 
1 1236408913  
1 440568565  
4 
4 
1 1827385080  
5 
5 
4 
3 
6 
5 
4 
1 844598584  
1 1670464343  
5 
5 
3 
6 
6 
6 
4 
6 
3 
1 1774803558  
1 451147424  
2 
4 
3 
5 
2 
2 
4 
2 
5 
5 
2 
4 
1 246045528  
5 
2 
1 936149369  
6 
4 
6 
1 1132804720  
2 
1 2036489098  
2 
4 
4 
6 
6 
5 
3 
2 
1 1040880565  
6 
6 
2 
5 
1 1354594654  
1 1120059340  
5 
2 
3 
3 
5 
5 
3 
2 
5 
2 
1 1178978284  
6 
6 
3 
6 
3 
5 
2 
2 
5 
6 
1 948502726  
6 
2 
1 1798018085  
3 
5 
6 
4 
1 509797309  
4 
6 
5 
6 
1 1022091152  
5 
3 
4 
6 
5 
5 
1 1833798655  
3 
4 
6 
5 
4 
3 
6 
2 
6 
3 
4 
6 
3 
2 
1 952153495  
1 664745070  
6 
5 
1 614885242  
5 
1 1748639788  
5 
6 
2 
3 
3 
2 
5 
2 
5 
3 
3 
1 1267865359  
4 
5 
2 
1 1358874939  
3 
1 1892819870  
4 
1 1434917437  
5 
2 
2 
5 
1 664740896  
3 
4 
6 
3 
5 
6 
3 
6 
5 
5 
1 1822237195  
6 
1 2017273204  
1 1901149809  
3 
5 
4 
3 
1 115322112  
2 
6 
1 1697174637  
1 598264745  
3 
1 1785786455  
6 
2 
3 
6 
1 1324494547  
6 
3 
2 
3 
2 
1 1049412169  
1 2031831983  
1 113160269  
1 34733241  
5 
5 
3 
3 
5 
5 
4 
3 
3 
2 
2 
5 
1 1920837434  
3 
2 
1 1154040834  
1 1389327895  
6 
5 
1 893413126  
4 
1 185535470  
3 
6 
2 
4 
5 
5 
4 
4 
2 
3 
5 
3 
3 
4 
6 
5 
6 
1 190346974  
2 
2 
6 
6 
3 
3 
4 
1 543947563  
1 695332779  
2 
1 1212438126  
1 230262571  
6 
1 1647486274  
5 
5 
6 
4 
2 
6 
2 
2 
1 1877183197  
3 
1 845147813  
2 
2 
6 
5 
3 
2 
3 
4 
1 1248642414  
4 
6 
5 
6 
4 
6 
2 
3 
5 
5 
3 
4 
3 
2 
3 
3 
6 
2 
5 
6 
2 
4 
5 
3 
3 
3 
5 
4 
2 
6 
2 
4 
3 
3 
6 
1 997564908  
1 56539105  
2 
1 993978636  
3 
2 
5 
5 
1 284998697  
2 
1 721280001  
4 
2 
2 
5 
2 
2 
6 
5 
6 
2 
1 668732184  
6 
1 154788254  
2 
2 
5 
2 
3 
6 
5 
4 
1 474946162  
6 
4 
4 
5 
1 784054296  
4 
6 
1 1851962891  
4 
1 1073210907  
3 
4 
4 
1 422357104  
4 
5 
4 
2 
6 
4 
2 
4 
2 
2 
4 
5 
5 
5 
6 
1 1028973790  
3 
3 
4 
6 
5 
1 2122623077  
6 
3 
3 
3 
3 
3 
6 
6 
5 
2 
6 
6 
3 
4 
5 
6 
6 
6 
5 
5 
4 
6 
2 
5 
4 
1 306705439  
5 
4 
2 
4 
5 
5 
2 
6 
1 1142134059  
2 
5 
6 
1 9872670  
2 
5 
2 
5 
4 
4 
5 
2 
1 80059225  
5 
4 
1 148691245  
6 
5 
5 
6 
1 1399200566  
5 
1 973472352  
5 
3 
6 
1 334226715  
4 
5 
2 
2 
3 
6 
1 1589547540  
1 1517419915  
4 
5 
5 
3 
6 
5 
2 
5 
1 1029559494  
5 
1 654502018  
2 
3 
2 
2 
3 
1 1747682486  
2 
6 
6 
3 
1 529562121  
6 
3 
3 
4 
6 
6 
1 384201567  
3 
1 445346652  
4 
4 
5 
2 
2 
6 
4 
1 1778204535  
4 
6 
5 
4 
5 
2 
3 
3 
2 
6 
4 
5 
2 
1 1381766476  
2 
3 
3 
4 
1 501885757  
6 
6 
6 
4 
2 
4 
6 
1 624699524  
4 
3 
3 
2 
3 
5 
3 
6 
4 
4 
4 
1 1666765173  
3 
4 
5 
2 
3 
6 
4 
1 1223165758  
2 
1 1293431708  
3 
2 
6 
2 
4 
3 
4 
4 
3 
5 
5 
1 1821553427  
3 
1 1698111920  
3 
5 
3 
1 2077486004  
3 
5 
3 
2 
6 
4 
3 
4 
4 
5 
4 
2 
4 
4 
2 
1 1526032670  
6 
4 
5 
1 623839179  
1 352359460  
1 407522813  
5 
3 
5 
2 
5 
5 
4 
2 
4 
6 
4 
6 
3 
3 
4 
3 
1 598978608  
1 659064900  
3 
1 1549656872  
3 
1 608851279  
5 
4 
3 
1 739124125  
4 
6 
6 
2 
3 
2 
2 
5 
5 
3 
5 
5 
6 
1 1698348118  
4 
5 
1 2008051845  
2 
5 
5 
4 
1 1712596477  
5 
5 
6 
4 
1 2032574833  
3 
4 
5 
4 
6 
4 
3 
1 1450115737  
4 
1 1082532745  
3 
2 
3 
2 
4 
5 
6 
6 
5 
1 914650680  
2 
5 
6 
6 
1 2104617755  
2 
2 
3 
6 
5 
1 682731583  
6 
1 1444212801  
5 
2 
4 
1 341335675  
2 
3 
3 
5 
6 
4 
4 
5 
5 
2 
3 
1 1128078235  
3 
6 
1 1074933688  
6 
5 
5 
6 
6 
5 
4 
3 
4 
4 
3 
2 
3 
5 
1 1723102151  
4 
4 
2 
2 
1 1629963992  
4 
3 
3 
3 
5 
5 
1 1699633212  
6 
6 
1 1242383676  
5 
4 
6 
5 
5 
2 
6 
2 
2 
1 705646102  
2 
5 
2 
6 
5 
4 
3 
2 
6 
2 
3 
5 
6 
4 
2 
5 
4 
6 
3 
6 
3 
5 
4 
3 
5 
1 845581272  
1 916453456  
1 256274374  
1 775583629  
4 
6 
5 
5 
5 
6 
2 
1 295002478  
2 
5 
5 
1 880113554  
3 
3 
5 
5 
4 
6 
1 1127943089  
1 702525291  
5 
6 
5 
3 
4 
5 
6 
6 
5 
5 
3 
6 
6 
3 
2 
5 
4 
6 
3 
5 
2 
2 
1 1479092162  
6 
5 
3 
5 
6 
6 
4 
3 
1 1787007989  
3 
4 
1 104698516  
5 
2 
4 
1 2087943441  
6 
2 
5 
2 
3 
1 378648467  
5 
6 
3 
3 
6 
5 
2 
4 
6 
6 
2 
6 
1 1803046634  
6 
6 
1 1948511638  
4 
1 2091244944  
2 
4 
3 
6 
4 
6 
2 
6 
4 
4 
6 
4 
3 
1 1688137819  
1 1251143727  
2 
5 
4 
4 
3 
2 
2 
3 
2 
1 1026294041  
3 
4 
2 
3 
5 
4 
6 
4 
4 
2 
3 
2 
2 
6 
5 
3 
5 
5 
6 
6 
1 455304851  
2 
4 
5 
2 
2 
1 1208277835  
1 1709025625  
5 
6 
1 1899517652  
6 
6 
3 
1 1549613510  
5 
4 
4 
4 
1 689620212  
6 
2 
3 
2 
1 826967693  
6 
3 
6 
2 
1 1125232013  
5 
6 
3 
6 
3 
5 
4 
6 
5 
5 
4 
6 
4 
2 
5 
3 
4 
3 
1 172100557  
5 
2 
1 379117257  
2 
4 
6 
5 
2 
6 
6 
1 220132041  
1 877746659  
5 
2 
6 
1 1224698530  
3 
4 
6 
6 
1 1136585497  
4 
2 
6 
1 1134021034  
4 
4 
1 2000282159  
1 1431587976  
3 
3 
3 
5 
6 
5 
5 
3 
4 
2 
1 2014134588  
5 
6 
3 
2 
4 
6 
2 
6 
5 
2 
6 
2 
4 
1 980741600  
5 
5 
2 
4 
3 
6 
1 2134113267  
2 
6 
4 
5 
3 
2 
3 
2 
4 
2 
2 
6 
4 
5 
4 
6 
1 1345743102  
3 
5 
4 
6 
1 620265942  
1 91328135  
1 1286202896  
3 
5 
5 
2 
4 
4 
4 
5 
6 
6 
6 
3 
3 
6 
6 
2 
3 
1 998914409  
4 
4 
2 
1 1894374769  
3 
1 1087230886  
4 
6 
5 
5 
4 
2 
6 
4 
5 
3 
1 942675705  
5 
2 
3 
2 
2 
5 
5 
3 
4 
4 
1 1435028941  
5 
2 
5 
6 
1 190890966  
5 
3 
6 
1 1968969747  
6 
2 
2 
1 1890333792  
6 
5 
2 
6 
2 
4 
3 
3 
1 1399168801  
4 
2 
2 
3 
3 
2 
3 
3 
6 
6 
3 
6 
1 1530511724  
1 1642367797  
6 
6 
4 
2 
6 
5 
5 
1 801298663  
5 
3 
3 
3 
5 
6 
2 
1 72648288  
6 
4 
3 
4 
1 321851842  
6 
4 
1 1926530676  
3 
3 
4 
1 244748845  
6 
5 
6 
5 
4 
6 
6 
1 700969099  
4 
5 
4 
3 
4 
2 
4 
4 
4 
3 
6 
6 
6 
5 
1 2146662717  
2 
1 1122495505  
2 
6 
5 
2 
5 
3 
6 
1 1925667629  
3 
1 1135764567  
2 
6 
3 
5 
4 
6 
3 
6 
6 
2 
1 109032891  
2 
4 
4 
6 
1 1778466140  
3 
6 
2 
6 
2 
3 
4 
5 
4 
1 419868895  
4 
6 
4 
5 
2 
5 
1 2123167479  
2 
2 
3 
6 
1 611724093  
1 406498514  
4 
2 
5 
6 
2 
4 
6 
3 
1 1321426933  
6 
3 
6 
3 
1 1231990035  
5 
6 
4 
1 497826650  
3 
3 
3 
4 
2 
1 460146181  
5 
2 
1 83420796  
5 
2 
1 244717771  
3 
6 
6 
4 
1 1547377068  
6 
5 
3 
4 
6 
4 
6 
2 
5 
1 1026096501  
6 
5 
2 
5 
2 
1 1679746712  
2 
5 
2 
2 
3 
3 
4 
5 
3 
4 
4 
5 
3 
1 1738268034  
5 
6 
4 
2 
1 847582600  
4 
1 1422596857  
2 
1 989953187  
3 
2 
1 230610676  
1 917481006  
5 
6 
1 1791251850  
3 
6 
2 
3 
4 
2 
3 
4 
5 
2 
5 
4 
1 303258965  
5 
4 
6 
5 
5 
6 
2 
6 
4 
3 
4 
1 1239332848  
6 
4 
1 1570298878  
6 
3 
6 
5 
6 
3 
1 548007810  
6 
6 
3 
3 
4 
2 
1 1940301947  
3 
4 
3 
2 
5 
4 
2 
1 1569477947  
3 
4 
1 1670503315  
6 
6 
2 
5 
3 
4 
6 
2 
3 
5 
2 
2 
6 
3 
4 
6 
2 
4 
2 
4 
2 
1 1718485929  
5 
6 
2 
2 
4 
5 
2 
2 
1 557758866  
5 
6 
6 
3 
1 1779536206  
2 
6 
5 
2 
2 
5 
1 1349468421  
6 
6 
1 977627761  
6 
3 
6 
5 
2 
4 
5 
4 
4 
3 
4 
6 
2 
3 
5 
3 
3 
2 
3 
1 1755220037  
5 
1 1961192514  
2 
3 
5 
1 1384126276  
3 
5 
2 
6 
2 
2 
3 
3 
2 
6 
4 
6 
6 
5 
3 
5 
1 929163323  
1 1045698901  
5 
3 
2 
3 
3 
3 
1 1881952926  
3 
1 1389309504  
2 
1 1129119697  
2 
5 
5 
3 
1 2126670697  
3 
2 
4 
5 
2 
6 
3 
5 
3 
6 
5 
1 789202924  
3 
2 
5 
5 
1 7732551  
5 
1 1658933762  
6 
2 
2 
5 
1 379987310  
3 
3 
2 
5 
3 
2 
2 
6 
4 
5 
6 
6 
1 855315151  
5 
6 
6 
3 
1 934046971  
3 
4 
3 
3 
1 1369940497  
5 
6 
4 
2 
3 
2 
5 
1 1085925828  
6 
2 
2 
6 
4 
3 
5 
1 1851527977  
4 
5 
1 1013708699  
2 
2 
4 
1 1389184793  
1 943377177  
4 
4 
6 
2 
3 
3 
5 
2 
6 
2 
6 
1 436523929  
1 1937192603  
3 
5 
4 
4 
5 
6 
4 
5 
2 
4 
5 
2 
5 
5 
2 
4 
6 
1 736195476  
3 
1 2006001877  
5 
4 
3 
3 
5 
1 1460212271  
6 
3 
6 
5 
5 
6 
5 
6 
5 
4 
2 
1 307197757  
1 416277095  
4 
1 1092264829  
1 1656666179  
3 
2 
2 
1 1393904857  
2 
6 
5 
5 
4 
3 
5 
4 
3 
3 
1 700001219  
6 
4 
2 
6 
2 
4 
6 
6 
3 
1 1470375045  
2 
3 
3 
4 
2 
2 
2 
4 
3 
3 
1 630547485  
5 
2 
6 
4 
4 
4 
3 
5 
2 
4 
3 
2 
5 
6 
3 
6 
1 1629164542  
3 
6 
5 
4 
2 
4 
4 
2 
2 
6 
6 
2 
1 368590299  
6 
2 
5 
4 
4 
6 
3 
3 
4 
3 
5 
6 
1 365016763  
2 
3 
4 
3 
6 
2 
2 
6 
3 
4 
3 
6 
2 
6 
3 
1 870990398  
3 
3 
5 
6 
1 1497709996  
1 344203812  
1 1660193323  
4 
2 
1 1505442547  
5 
4 
2 
1 2003137574  
5 
2 
5 
3 
1 2040180633  
4 
2 
4 
1 213274051  
3 
1 789700897  
2 
4 
6 
3 
5 
5 
4 
5 
2 
1 1262637483  
3 
1 1299199879  
2 
2 
3 
5 
6 
5 
6 
4 
4 
3 
2 
1 493745226  
2 
2 
6 
2 
5 
2 
4 
6 
5 
2 
6 
5 
2 
6 
5 
4 
4 
4 
2 
2 
4 
2 
2 
3 
1 128862534  
5 
2 
5 
6 
6 
3 
6 
4 
6 
6 
1 540901024  
1 1437122403  
3 
5 
1 565386464  
6 
6 
6 
6 
2 
6 
2 
1 330609979  
2 
6 
2 
5 
2 
6 
2 
4 
6 
3 
4 
1 25834232  
3 
1 423904693  
2 
1 1790822250  
2 
2 
2 
2 
2 
5 
4 
3 
1 333031989  
3 
6 
1 840181788  
2 
2 
4 
5 
1 735603432  
3 
4 
3 
3 
1 1989698168  
2 
4 
1 86602997  
4 
4 
5 
6 
4 
2 
5 
1 1435604651  
2 
4 
4 
4 
6 
2 
6 
4 
3 
5 
3 
2 
6 
3 
2 
5 
5 
4 
5 
3 
2 
5 
1 1312589566  
6 
1 717150482  
2 
1 917285545  
6 
6 
1 1681179865  
3 
3 
1 1082167245  
5 
5 
4 
1 1788275943  
4 
5 
4 
4 
5 
4 
6 
1 1031406213  
1 1426371058  
3 
4 
1 1300985618  
1 389365113  
3 
4 
6 
1 1282024984  
1 1193682604  
2 
2 
4 
1 602639164  
1 2071725882  
1 308836439  
4 
5 
1 1901839043  
3 
5 
3 
3 
2 
3 
5 
5 
5 
5 
6 
2 
6 
6 
3 
3 
5 
1 417987460  
3 
4 
6 
3 
1 437698973  
6 
1 295256419  
4 
5 
2 
1 1855109864  
4 
1 1003085437  
1 625866398  
6 
6 
6 
5 
5 
6 
5 
5 
3 
3 
5 
5 
2 
5 
3 
2 
4 
2 
1 1880944096  
2 
3 
2 
1 1426990130  
5 
3 
4 
5 
4 
4 
5 
2 
3 
4 
3 
5 
6 
2 
6 
5 
3 
3 
4 
6 
1 269205001  
5 
2 
3 
2 
2 
4 
6 
6 
4 
2 
3 
1 66492437  
2 
6 
3 
5 
1 119688271  
1 1004808433  
5 
5 
5 
5 
3 
1 2056190606  
4 
1 206291268  
5 
6 
6 
6 
5 
2 
1 292929436  
2 
1 1221296524  
2 
1 923441751  
3 
4 
6 
3 
4 
2 
1 1210214981  
1 754992741  
3 
1 2005608996  
3 
2 
1 851007276  
1 1786398954  
5 
3 
3 
4 
2 
5 
4 
3 
5 
4 
4 
4 
2 
6 
4 
6 
6 
1 1284496406  
6 
4 
1 4509247  
1 28280419  
4 
4 
3 
4 
2 
2 
4 
2 
1 419037743  
6 
2 
6 
4 
3 
4 
3 
5 
3 
3 
3 
5 
4 
1 1198191851  
3 
1 630919583  
6 
6 
3 
3 
6 
4 
4 
1 343279977  
3 
1 1507028290  
3 
2 
1 385274978  
4 
5 
3 
5 
1 761267437  
4 
4 
2 
3 
2 
1 1944727263  
5 
3 
3 
2 
1 680531397  
1 468893653  
1 800329053  
1 1306397796  
1 202354101  
3 
4 
6 
2 
5 
4 
4 
4 
2 
1 79835535  
1 1575602797  
6 
2 
6 
3 
3 
3 
4 
1 268846539  
2 
1 199523806  
5 
3 
5 
5 
1 432927582  
5 
6 
1 177553497  
2 
1 405815075  
1 725857018  
2 
5 
3 
5 
6 
6 
6 
4 
1 1398850021  
3 
2 
1 1329256826  
5 
1 1936071999  
5 
3 
5 
4 
5 
5 
3 
6 
4 
2 
3 
2 
6 
2 
5 
6 
5 
2 
4 
4 
3 
6 
5 
1 6359114  
1 1187382174  
4 
1 639595627  
5 
5 
6 
5 
5 
5 
5 
5 
5 
1 1792758068  
2 
5 
4 
4 
3 
2 
1 324394933  
4 
2 
1 644104874  
1 1821038488  
5 
3 
2 
6 
1 743432676  
4 
6 
4 
4 
4 
2 
3 
1 1842296725  
6 
3 
5 
1 304474423  
4 
3 
4 
4 
4 
4 
5 
3 
6 
1 1086712653  
4 
2 
1 1201841367  
3 
3 
4 
4 
6 
4 
6 
5 
5 
5 
2 
6 
2 
4 
1 689749402  
6 
2 
3 
2 
6 
5 
6 
4 
1 1847980090  
6 
3 
2 
3 
5 
3 
3 
1 999084983  
4 
1 1370280799  
1 169390096  
5 
5 
2 
2 
2 
5 
5 
4 
2 
1 1799414036  
3 
4 
5 
2 
6 
4 
3 
1 529194947  
1 371744197  
2 
2 
6 
5 
5 
6 
4 
2 
5 
3 
1 1879249571  
2 
6 
1 2104797744  
1 640590736  
4 
6 
6 
2 
6 
3 
5 
3 
3 
1 2078773378  
2 
4 
4 
5 
2 
6 
5 
4 
6 
3 
1 390241678  
3 
5 
2 
5 
1 818144233  
2 
6 
6 
3 
1 337104805  
6 
2 
5 
2 
1 1116098696  
1 69510606  
2 
6 
1 1666361631  
5 
1 904687047  
4 
2 
4 
5 
5 
4 
6 
6 
2 
1 75869720  
1 706260157  
6 
3 
6 
2 
3 
3 
3 
2 
5 
6 
3 
5 
5 
3 
2 
1 1544282675  
4 
5 
2 
4 
2 
3 
6 
5 
4 
5 
2 
2 
4 
6 
3 
2 
4 
6 
1 1868627789  
6 
2 
1 1030655090  
4 
2 
2 
6 
3 
6 
2 
3 
6 
2 
5 
2 
2 
6 
5 
3 
3 
1 40903901  
1 1542182629  
4 
6 
1 1774087766  
1 1883200627  
3 
5 
6 
5 
6 
4 
4 
6 
2 
1 1846657052  
4 
6 
2 
4 
3 
3 
5 
4 
5 
2 
2 
1 713316771  
1 937558346  
5 
2 
1 388922806  
1 413813214  
1 1936643329  
2 
6 
6 
2 
6 
6 
5 
5 
5 
4 
5 
5 
6 
3 
5 
2 
3 
1 1759203606  
6 
4 
1 583203310  
1 1588573717  
5 
3 
3 
3 
1 140914905  
1 954947507  
6 
5 
5 
4 
4 
4 
5 
1 1320339641  
4 
5 
1 98229002  
1 1595538244  
1 1251629371  
3 
2 
6 
3 
6 
5 
5 
3 
4 
4 
3 
6 
6 
4 
6 
3 
1 488470680  
5 
6 
4 
4 
1 266198829  
6 
2 
6 
6 
2 
6 
4 
3 
5 
3 
6 
5 
1 1588734176  
3 
3 
3 
2 
5 
1 1604569377  
1 335709436  
4 
2 
6 
6 
1 1107612159  
5 
4 
5 
3 
3 
1 361772776  
5 
5 
4 
6 
2 
1 411579156  
3 
4 
5 
3 
4 
3 
1 1813872316  
2 
4 
1 1906055451  
2 
4 
4 
1 132723297  
2 
3 
6 
3 
2 
5 
5 
2 
4 
3 
4 
4 
6 
4 
1 697043759  
2 
5 
1 1946959353  
1 1674905926  
5 
1 323647877  
4 
4 
3 
6 
5 
1 1682676332  
4 
5 
3 
4 
6 
3 
4 
4 
1 1374079331  
3 
5 
3 
1 1036964649  
3 
6 
1 472751030  
1 1763002137  
6 
4 
3 
5 
5 
5 
3 
3 
1 1450777863  
3 
3 
5 
4 
4 
1 261910712  
5 
2 
2 
2 
1 1374722095  
2 
4 
1 2033981173  
2 
4 
4 
4 
2 
6 
2 
1 1850484429  
2 
2 
1 1515637001  
4 
6 
5 
3 
1 841445032  
4 
1 1023340422  
5 
2 
2 
4 
3 
5 
4 
2 
1 1613866003  
2 
6 
3 
4 
4 
2 
3 
3 
6 
5 
6 
5 
4 
6 
5 
1 289499628  
6 
4 
1 127486145  
5 
1 2102336683  
3 
5 
3 
4 
2 
5 
4 
5 
5 
6 
1 555698458  
1 1716220321  
4 
5 
5 
3 
1 1559422412  
4 
4 
2 
4 
1 891407894  
1 676348832  
5 
6 
5 
2 
6 
6 
2 
5 
2 
2 
3 
3 
6 
3 
1 1921195189  
3 
1 1302987050  
3 
6 
3 
6 
2 
5 
1 342737501  
2 
6 
4 
2 
4 
5 
3 
4 
4 
4 
1 1679766992  
1 1435710348  
2 
6 
3 
4 
6 
4 
3 
1 1039781260  
4 
5 
4 
6 
1 1479242697  
3 
5 
6 
3 
6 
6 
5 
5 
1 963132626  
5 
3 
5 
6 
6 
6 
2 
5 
4 
3 
6 
3 
5 
6 
5 
1 1363429137  
3 
4 
6 
1 1014435381  
6 
6 
1 189728309  
5 
1 252910138  
5 
4 
3 
6 
5 
6 
3 
1 1487186412  
5 
5 
3 
6 
1 1952730447  
4 
4 
3 
6 
6 
4 
6 
6 
4 
3 
2 
1 1703688001  
2 
4 
4 
5 
3 
1 1749097124  
3 
5 
1 1179968894  
5 
5 
4 
2 
5 
6 
3 
4 
3 
1 1590185526  
5 
1 1452097905  
3 
2 
1 548122247  
2 
1 284146911  
1 327954680  
5 
1 14504602  
2 
3 
5 
3 
3 
3 
5 
3 
5 
6 
5 
6 
4 
1 573646539  
3 
4 
6 
1 455440825  
1 2116841286  
4 
1 1129344997  
3 
1 24177499  
2 
5 
1 1528780050  
6 
4 
5 
4 
5 
2 
2 
6 
4 
3 
3 
1 2020752891  
5 
3 
5 
6 
3 
5 
4 
4 
6 
3 
4 
6 
5 
5 
6 
2 
5 
4 
2 
1 700526331  
5 
6 
6 
6 
6 
6 
5 
4 
4 
6 
5 
4 
3 
1 1302491591  
4 
1 1176256294  
5 
5 
2 
3 
4 
4 
3 
2 
2 
1 1043263832  
4 
6 
4 
3 
2 
1 834774936  
6 
6 
2 
4 
2 
6 
1 464482994  
5 
3 
1 2083045092  
4 
1 166533985  
1 1427615620  
5 
3 
3 
1 1298990582  
1 1180969367  
2 
2 
6 
5 
4 
2 
1 1617343930  
3 
3 
4 
4 
3 
3 
5 
5 
6 
3 
1 1551900720  
5 
2 
4 
2 
3 
2 
5 
3 
4 
3 
3 
4 
1 520672131  
5 
4 
2 
3 
3 
6 
5 
6 
4 
4 
2 
2 
3 
1 1422590729  
2 
2 
6 
4 
2 
3 
1 1108105074  
6 
5 
6 
2 
2 
4 
2 
4 
3 
3 
3 
1 122285607  
3 
2 
5 
6 
2 
4 
1 455075975  
6 
1 550806952  
5 
3 
6 
5 
5 
1 1574383512  
1 1003198223  
4 
2 
6 
3 
2 
6 
6 
6 
4 
4 
2 
4 
1 834953863  
3 
3 
2 
6 
4 
6 
4 
1 1902338192  
4 
5 
5 
2 
1 1017702825  
1 1408600403  
6 
1 210295370  
5 
2 
6 
4 
1 987060463  
4 
4 
4 
2 
3 
6 
3 
4 
3 
4 
6 
1 390461752  
2 
2 
2 
6 
4 
4 
6 
5 
6 
2 
1 234472869  
6 
5 
2 
1 368356866  
4 
4 
4 
5 
1 263730996  
6 
1 934999200  
3 
4 
2 
1 1670848457  
4 
1 1439987290  
1 1978263033  
5 
2 
3 
2 
2 
1 358139745  
4 
1 1904470284  
5 
1 1913824477  
3 
6 
1 524673731  
2 
5 
4 
6 
4 
5 
4 
2 
6 
1 1184602256  
2 
5 
4 
5 
6 
4 
5 
1 1065331411  
5 
5 
3 
3 
4 
4 
2 
2 
3 
2 
1 1705643098  
2 
2 
6 
2 
2 
2 
4 
1 654462538  
2 
3 
5 
1 469748484  
6 
3 
1 78831581  
3 
1 2077053267  
4 
5 
5 
4 
2 
3 
4 
5 
3 
3 
3 
1 1577853558  
4 
6 
1 201117188  
3 
3 
4 
5 
1 384645595  
1 2128660510  
5 
6 
3 
1 1775500700  
4 
2 
4 
4 
2 
5 
1 1387843818  
5 
3 
4 
4 
2 
2 
1 816130726  
6 
6 
6 
6 
3 
2 
6 
1 1530355245  
2 
2 
2 
3 
1 258062995  
6 
5 
4 
4 
5 
6 
4 
5 
4 
3 
2 
5 
6 
1 77247481  
4 
6 
3 
2 
2 
4 
6 
5 
2 
6 
2 
1 1740650615  
2 
2 
1 1245123459  
2 
4 
1 467709233  
4 
5 
5 
3 
6 
5 
1 1975123484  
6 
3 
2 
3 
3 
6 
2 
6 
2 
2 
3 
4 
2 
3 
6 
3 
5 
3 
6 
1 1613480325  
6 
5 
1 731440229  
6 
6 
3 
3 
1 762639036  
4 
4 
5 
5 
2 
3 
2 
3 
1 1136845134  
6 
6 
6 
4 
2 
1 23943871  
5 
5 
1 593418421  
2 
2 
4 
4 
1 1494984880  
4 
4 
5 
2 
1 1928414155  
2 
3 
3 
6 
5 
1 359759251  
2 
3 
6 
5 
2 
6 
3 
2 
4 
4 
6 
2 
3 
3 
2 
2 
4 
5 
2 
3 
3 
3 
6 
3 
2 
4 
2 
2 
5 
2 
2 
1 2019658611  
4 
1 965532764  
6 
3 
3 
1 1425090662  
1 1577818061  
2 
6 
1 1619995302  
6 
4 
6 
2 
1 1894839146  
1 1656649642  
2 
4 
4 
3 
4 
5 
1 1549564922  
3 
6 
2 
5 
1 1325209056  
3 
2 
2 
4 
1 1857766830  
1 1934210517  
2 
3 
1 1306385919  
3 
5 
5 
3 
1 1485783882  
2 
5 
4 
1 1174570687  
5 
3 
5 
1 2122516645  
5 
1 868655479  
5 
2 
5 
6 
2 
6 
2 
1 1432633682  
2 
1 52280478  
3 
1 461822446  
2 
3 
2 
6 
6 
1 530273493  
1 519989711  
1 289462282  
2 
2 
4 
5 
1 2143753818  
6 
3 
4 
2 
2 
4 
4 
4 
2 
2 
1 1251429941  
5 
5 
6 
3 
5 
4 
1 1052101319  
1 1133115305  
2 
2 
5 
5 
6 
2 
4 
5 
6 
3 
3 
1 1275373812  
6 
5 
5 
4 
2 
4 
3 
1 1645519740  
1 480616537  
6 
3 
6 
6 
5 
6 
5 
4 
1 1056304320  
1 2005278991  
5 
5 
5 
2 
1 352791500  
3 
2 
4 
2 
5 
1 2021837084  
5 
1 1282886006  
2 
1 1930609561  
6 
6 
6 
2 
1 1494348738  
5 
6 
1 1030241504  
2 
3 
2 
5 
4 
4 
2 
3 
2 
1 1439775555  
2 
6 
6 
2 
1 896430012  
4 
4 
5 
3 
3 
5 
2 
6 
2 
1 207966913  
3 
5 
3 
6 
2 
2 
1 1150058737  
1 683156881  
6 
4 
3 
6 
2 
1 1514352832  
1 488358971  
2 
1 1857727568  
3 
3 
3 
3 
3 
1 1489385829  
1 1357014451  
5 
2 
1 1142877603  
2 
1 1541666307  
4 
5 
1 1818836897  
2 
3 
4 
1 1673151096  
4 
4 
6 
3 
2 
6 
4 
2 
3 
1 2061656018  
2 
6 
4 
6 
3 
2 
5 
4 
3 
2 
5 
4 
1 2108299180  
6 
2 
1 1669421267  
3 
2 
2 
2 
5 
3 
6 
5 
5 
1 1165602311  
2 
1 1012916851  
5 
2 
5 
1 655052924  
6 
4 
3 
1 293492476  
5 
4 
3 
2 
3 
2 
3 
1 510952943  
2 
2 
5 
2 
6 
6 
5 
2 
1 1135669461  
5 
3 
1 1349796796  
3 
4 
1 368748287  
1 1488460961  
2 
6 
3 
4 
4 
3 
6 
5 
1 1224150232  
5 
4 
3 
6 
1 1651634293  
5 
6 
2 
1 1271586874  
2 
3 
4 
5 
4 
2 
4 
2 
3 
6 
3 
4 
3 
2 
2 
2 
4 
1 571015322  
4 
5 
3 
1 534392149  
1 563878781  
2 
2 
5 
4 
2 
5 
1 1467445335  
4 
4 
5 
1 742359062  
1 1713937518  
6 
5 
1 3118568  
5 
6 
4 
2 
5 
2 
5 
6 
1 109228246  
3 
6 
5 
2 
4 
4 
4 
5 
2 
5 
5 
6 
5 
5 
1 54812841  
5 
2 
2 
3 
6 
4 
1 1860846137  
2 
4 
3 
1 1598614075  
2 
6 
5 
4 
6 
1 1411827292  
3 
4 
2 
2 
4 
5 
4 
4 
6 
6 
1 856240092  
3 
5 
5 
1 992796734  
4 
2 
3 
1 1083180542  
2 
1 381907540  
2 
2 
3 
4 
6 
6 
4 
1 906969105  
4 
2 
6 
5 
1 1043996074  
6 
3 
1 2051328807  
4 
1 2072571416  
1 2056912925  
1 558898083  
6 
6 
2 
3 
6 
6 
2 
4 
3 
3 
5 
6 
6 
6 
1 218580244  
5 
6 
1 420382220  
1 1694567544  
6 
1 1568377040  
6 
3 
5 
5 
6 
5 
2 
1 789130507  
5 
3 
3 
4 
2 
4 
3 
3 
3 
1 1035544857  
3 
6 
2 
4 
4 
2 
1 645043624  
4 
3 
2 
6 
6 
1 293281152  
1 159648083  
2 
3 
4 
5 
2 
2 
4 
4 
2 
2 
4 
2 
6 
1 1216058947  
5 
2 
6 
6 
5 
5 
3 
5 
3 
2 
1 827673302  
5 
4 
1 723526864  
6 
1 536020634  
3 
3 
4 
5 
2 
5 
6 
6 
1 1570032364  
4 
5 
5 
1 289980734  
4 
2 
3 
5 
3 
5 
3 
1 539139202  
5 
5 
3 
2 
3 
2 
2 
1 1679260611  
6 
3 
5 
3 
1 344793576  
5 
2 
3 
6 
5 
4 
6 
6 
4 
3 
3 
6 
1 252501691  
5 
5 
3 
5 
1 1130391038  
2 
4 
3 
2 
1 1756620868  
3 
3 
5 
3 
4 
5 
1 1108741783  
6 
5 
1 2123187773  
3 
1 692317762  
5 
6 
3 
5 
1 1490649324  
4 
2 
6 
3 
1 882673230  
5 
5 
1 1736313836  
4 
4 
5 
4 
1 1394494483  
1 807760998  
4 
4 
4 
5 
1 1645743113  
2 
4 
4 
3 
6 
6 
1 1953392567  
6 
2 
1 1026341243  
4 
2 
5 
3 
1 2066125334  
1 1500476463  
2 
2 
5 
2 
6 
2 
3 
1 447234635  
4 
5 
3 
3 
3 
2 
5 
3 
3 
3 
1 707772193  
6 
4 
1 388537673  
2 
2 
2 
6 
3 
4 
1 1092278260  
5 
5 
1 1001053346  
4 
1 548185756  
5 
2 
4 
2 
3 
4 
3 
4 
4 
4 
4 
4 
5 
5 
6 
1 160853559  
6 
4 
4 
6 
3 
2 
4 
4 
1 1828726648  
4 
4 
1 1271712621  
6 
4 
2 
6 
3 
6 
2 
5 
6 
1 696874193  
2 
2 
2 
1 1251275364  
1 1561693355  
6 
5 
1 1236013395  
5 
4 
3 
1 783052327  
1 1906486931  
5 
5 
2 
1 1488515087  
5 
5 
5 
4 
5 
6 
4 
6 
4 
4 
5 
4 
5 
4 
1 1913443366  
5 
3 
4 
3 
2 
3 
5 
4 
4 
4 
3 
2 
2 
1 1515624152  
4 
1 449773222  
6 
1 1889147491  
1 60458266  
1 1940422546  
2 
5 
2 
2 
4 
2 
6 
1 624337073  
6 
4 
6 
4 
1 1796772103  
6 
5 
4 
5 
6 
2 
3 
2 
3 
4 
3 
3 
6 
5 
4 
4 
1 1187433382  
4 
4 
4 
2 
3 
2 
5 
2 
6 
1 1432098071  
6 
6 
5 
6 
5 
4 
3 
3 
6 
5 
2 
5 
1 1295031568  
6 
2 
1 993342301  
3 
3 
4 
4 
5 
4 
3 
1 310955666  
5 
5 
4 
6 
2 
1 1213673254  
4 
4 
4 
5 
1 346335116  
1 758190302  
3 
1 1921445448  
3 
4 
5 
2 
1 734872789  
1 1850468562  
3 
6 
2 
2 
3 
5 
5 
6 
2 
4 
2 
6 
4 
1 775015146  
6 
4 
4 
5 
6 
6 
4 
2 
1 1283058546  
6 
4 
4 
1 2011322121  
4 
2 
6 
4 
2 
1 456258146  
3 
3 
6 
5 
3 
4 
3 
1 407287519  
3 
2 
2 
1 560712666  
4 
6 
3 
5 
4 
4 
2 
4 
2 
5 
3 
1 1707533510  
5 
6 
4 
4 
6 
4 
6 
1 1968980874  
4 
3 
3 
3 
4 
6 
5 
5 
3 
1 1796726061  
3 
6 
2 
5 
5 
3 
4 
3 
4 
1 343102190  
6 
5 
1 1727984158  
5 
1 1137757500  
3 
2 
4 
6 
4 
2 
5 
2 
6 
4 
4 
1 109061908  
2 
2 
3 
5 
5 
6 
4 
6 
4 
6 
3 
1 1096124662  
6 
6 
5 
2 
5 
6 
6 
4 
5 
2 
3 
3 
1 1587530723  
6 
1 1998209399  
5 
2 
3 
6 
6 
4 
6 
1 1156582928  
6 
4 
5 
6 
1 1380469621  
4 
2 
5 
3 
4 
5 
1 475062824  
2 
6 
4 
1 805871383  
2 
4 
2 
4 
5 
4 
3 
4 
2 
4 
2 
3 
6 
4 
2 
1 420419355  
3 
1 1907160895  
1 2100902952  
5 
5 
6 
1 1413761656  
1 70632914  
6 
3 
1 1167092558  
3 
5 
6 
3 
4 
5 
4 
3 
6 
3 
3 
3 
4 
4 
5 
3 
5 
1 1760096773  
6 
6 
6 
6 
2 
6 
4 
5 
6 
2 
2 
2 
4 
4 
2 
2 
5 
1 828823216  
2 
4 
2 
1 941054358  
2 
3 
1 347485914  
3 
4 
2 
6 
6 
2 
1 531808130  
3 
1 1716069504  
2 
6 
3 
3 
1 1630544460  
6 
4 
6 
6 
1 395646603  
1 24844002  
1 2037831979  
1 956359269  
4 
2 
5 
6 
5 
1 1732377513  
3 
1 1859329206  
4 
4 
3 
4 
4 
1 605601682  
5 
2 
6 
5 
3 
2 
5 
6 
1 2075479703  
5 
3 
1 1439829716  
4 
2 
6 
5 
4 
6 
6 
1 1743359183  
4 
3 
1 37057963  
6 
6 
1 388470730  
3 
4 
2 
4 
6 
5 
1 1183406258  
6 
3 
1 2035267362  
5 
4 
3 
1 1545053658  
5 
6 
6 
3 
4 
3 
1 416392231  
2 
1 362846538  
1 203441394  
6 
5 
4 
1 836811587  
3 
5 
2 
6 
2 
3 
3 
4 
5 
1 122523785  
5 
2 
5 
2 
1 156860698  
4 
1 103089595  
1 193156699  
1 1323953256  
3 
1 1863186368  
4 
6 
4 
3 
4 
4 
6 
1 1021979915  
1 117523967  
2 
6 
6 
1 63188635  
5 
5 
2 
5 
5 
2 
5 
6 
1 1553788045  
1 1833593471  
6 
4 
5 
3 
4 
6 
2 
5 
6 
5 
6 
2 
1 1693733095  
2 
3 
1 1949434648  
4 
1 1858437474  
6 
5 
3 
5 
2 
2 
5 
3 
4 
3 
1 1584081427  
4 
6 
6 
3 
3 
4 
1 758310269  
4 
4 
3 
3 
1 1443331339  
5 
5 
1 1295926985  
5 
6 
6 
2 
4 
6 
3 
1 1363911952  
4 
5 
5 
1 1371327394  
1 588273053  
1 959787487  
2 
4 
4 
1 1408385357  
3 
2 
2 
3 
2 
1 976743783  
2 
4 
1 2143193745  
4 
3 
6 
6 
5 
4 
2 
2 
5 
3 
2 
3 
4 
3 
2 
5 
2 
5 
3 
5 
1 1296169071  
5 
5 
2 
5 
5 
3 
6 
1 374313793  
2 
5 
6 
1 412102328  
2 
5 
5 
3 
6 
2 
4 
5 
2 
1 1659015609  
2 
2 
6 
5 
5 
6 
4 
1 577755187  
6 
2 
4 
6 
3 
6 
4 
6 
2 
6 
2 
4 
5 
4 
3 
4 
1 1248913915  
2 
6 
3 
6 
3 
5 
1 1781539394  
1 734615885  
6 
5 
4 
3 
4 
2 
4 
6 
1 1352003511  
6 
5 
2 
3 
1 1974696094  
1 2058569142  
2 
5 
5 
2 
4 
6 
5 
5 
4 
2 
4 
6 
3 
6 
1 1067706231  
6 
4 
2 
6 
3 
4 
1 849192361  
5 
5 
2 
5 
2 
1 28609461  
6 
4 
1 1130894866  
2 
3 
2 
5 
5 
2 
6 
5 
6 
2 
4 
3 
4 
3 
2 
2 
1 255496759  
6 
5 
4 
6 
3 
3 
4 
6 
1 1862202932  
1 677144314  
6 
2 
4 
5 
5 
6 
1 57447759  
6 
5 
5 
2 
4 
5 
5 
4 
6 
6 
1 1573156758  
4 
3 
2 
1 113742093  
5 
4 
1 815758029  
6 
5 
1 869004449  
2 
6 
1 1409669078  
6 
4 
2 
5 
2 
2 
4 
3 
3 
4 
1 32186333  
1 92848195  
6 
5 
1 1997942131  
5 
3 
6 
4 
4 
3 
6 
1 991973820  
5 
5 
4 
1 1501233552  
3 
6 
1 827202266  
2 
2 
5 
1 987683917  
5 
6 
5 
1 649918975  
3 
5 
3 
6 
3 
4 
4 
2 
3 
1 1201516059  
4 
3 
6 
1 1399786245  
3 
5 
3 
4 
4 
2 
6 
6 
5 
4 
1 161450936  
4 
2 
6 
5 
2 
1 1779271247  
5 
5 
1 501216513  
1 1942990331  
1 366403484  
1 1853220024  
3 
4 
2 
2 
4 
5 
4 
4 
2 
3 
1 1770202777  
5 
6 
2 
5 
6 
6 
4 
4 
4 
4 
1 277488978  
3 
5 
4 
2 
4 
5 
1 773442607  
1 471911490  
2 
1 306098439  
3 
6 
1 1904337474  
6 
2 
4 
5 
5 
2 
1 727408249  
3 
1 20817724  
1 433998140  
6 
2 
4 
1 784856009  
1 1593974482  
3 
4 
2 
6 
5 
6 
5 
5 
6 
5 
4 
5 
2 
6 
1 547740233  
2 
1 1600614038  
6 
5 
4 
2 
4 
5 
1 315495284  
5 
4 
1 1957409311  
2 
2 
1 1632800371  
3 
2 
1 408343479  
1 1807867794  
4 
1 477290543  
2 
2 
2 
2 
1 1909577032  
1 487586412  
2 
6 
4 
6 
2 
1 1464974460  
3 
5 
5 
4 
5 
6 
1 412012359  
2 
1 1689102471  
2 
4 
4 
1 717277057  
5 
3 
2 
5 
3 
3 
6 
5 
2 
5 
4 
3 
1 573463296  
5 
3 
2 
2 
3 
3 
5 
5 
5 
6 
6 
1 1320890070  
6 
4 
6 
6 
3 
2 
2 
5 
4 
6 
4 
1 1218493570  
3 
6 
6 
6 
4 
5 
5 
5 
4 
2 
1 368969979  
5 
4 
3 
5 
4 
4 
3 
3 
4 
1 1687293555  
6 
1 924229946  
2 
4 
5 
6 
5 
6 
5 
5 
2 
4 
6 
5 
2 
2 
2 
1 2139172756  
2 
2 
5 
1 1964782533  
6 
5 
4 
5 
2 
6 
2 
1 1697672554  
5 
4 
6 
3 
6 
2 
2 
6 
1 463600598  
4 
4 
4 
6 
6 
1 123397325  
2 
5 
1 1454526380  
2 
6 
5 
3 
4 
2 
1 1191008848  
2 
4 
3 
4 
2 
1 144215049  
3 
1 1888524520  
4 
6 
1 1975864857  
2 
3 
5 
3 
1 1738189531  
1 288781105  
6 
4 
3 
2 
5 
5 
5 
4 
6 
1 1428995247  
3 
5 
4 
5 
1 2053684815  
1 98706768  
1 914311970  
1 314544647  
6 
5 
5 
2 
3 
6 
1 1906574562  
4 
2 
1 1391602513  
4 
2 
4 
6 
5 
6 
4 
4 
3 
1 76638031  
1 246677326  
6 
4 
6 
5 
4 
2 
4 
1 709093325  
1 488650390  
4 
2 
6 
4 
2 
3 
1 1935779797  
3 
3 
2 
6 
2 
1 1426370382  
3 
2 
6 
6 
4 
3 
6 
6 
3 
4 
6 
6 
4 
5 
6 
2 
2 
4 
6 
2 
1 1062113686  
4 
1 1109186220  
5 
3 
4 
6 
4 
2 
1 497380305  
1 1431083665  
3 
4 
6 
4 
4 
6 
2 
6 
3 
2 
3 
5 
3 
5 
3 
3 
3 
5 
5 
6 
5 
6 
5 
3 
2 
5 
4 
5 
5 
6 
1 648996127  
1 1421610251  
3 
4 
6 
4 
1 1422772773  
2 
5 
2 
6 
1 466295012  
3 
6 
1 971799157  
5 
4 
5 
6 
5 
3 
6 
4 
6 
2 
4 
1 1886373372  
2 
2 
4 
5 
4 
4 
6 
1 589692337  
3 
6 
5 
3 
6 
5 
6 
2 
3 
5 
2 
2 
6 
6 
1 278841889  
5 
5 
1 929898572  
3 
1 733907386  
4 
5 
3 
4 
3 
3 
6 
6 
1 19882761  
5 
2 
6 
1 758279781  
6 
1 324613270  
1 308663866  
6 
2 
1 39791380  
5 
5 
1 230814437  
3 
5 
6 
4 
4 
2 
1 407370634  
6 
5 
2 
4 
4 
6 
3 
3 
4 
1 954103350  
5 
4 
2 
2 
6 
5 
1 545359084  
3 
6 
2 
5 
5 
5 
5 
2 
6 
2 
1 166461548  
6 
2 
1 198222215  
6 
1 621997115  
4 
6 
4 
6 
3 
3 
2 
4 
2 
2 
2 
6 
5 
1 413138874  
2 
2 
4 
5 
4 
3 
3 
4 
1 907315540  
6 
4 
2 
5 
6 
6 
4 
1 1110647506  
5 
4 
2 
1 201435024  
4 
5 
3 
4 
3 
3 
4 
5 
5 
1 186202274  
2 
5 
1 25277544  
2 
6 
2 
4 
4 
3 
4 
1 1310621244  
1 683582579  
4 
3 
6 
1 1456361210  
1 1959617371  
5 
2 
4 
6 
1 2105192831  
2 
4 
3 
5 
4 
6 
6 
4 
5 
1 731650335  
1 278428735  
3 
3 
6 
4 
2 
4 
3 
6 
2 
6 
1 929508340  
2 
5 
2 
1 470540059  
2 
3 
1 868121073  
3 
6 
5 
5 
1 1208350230  
4 
4 
5 
1 1400438631  
1 1602028459  
4 
1 1228232991  
2 
5 
1 11234764  
6 
2 
3 
2 
5 
6 
1 1926641729  
3 
4 
4 
2 
1 1536896858  
6 
1 51026144  
3 
5 
1 9972519  
4 
3 
2 
3 
2 
6 
2 
5 
4 
1 1944267492  
1 1005129494  
3 
2 
3 
6 
2 
5 
6 
5 
3 
2 
5 
4 
5 
3 
6 
4 
1 555331603  
3 
3 
4 
6 
3 
4 
2 
2 
6 
2 
3 
1 2110729041  
5 
4 
4 
3 
5 
1 1203351709  
4 
4 
3 
6 
5 
2 
2 
3 
4 
2 
1 1177328719  
4 
4 
5 
2 
6 
6 
3 
4 
3 
1 376384267  
6 
2 
3 
3 
1 2110667249  
4 
5 
3 
2 
6 
1 140492577  
2 
6 
5 
3 
2 
3 
1 577819291  
3 
4 
4 
3 
5 
4 
1 149385876  
4 
6 
6 
4 
3 
4 
1 165770121  
6 
1 1888440535  
3 
1 832968455  
4 
3 
3 
2 
4 
1 1622131331  
2 
1 1700574258  
2 
5 
6 
6 
1 790677638  
6 
4 
3 
1 206298019  
3 
4 
1 1979002994  
5 
3 
5 
6 
6 
1 1720185979  
2 
2 
6 
4 
5 
3 
4 
4 
4 
5 
4 
3 
2 
4 
1 676838078  
4 
5 
1 699640419  
5 
6 
4 
4 
4 
4 
1 781052561  
6 
2 
3 
2 
5 
4 
6 
6 
6 
6 
2 
5 
5 
4 
1 2077276710  
1 154185230  
1 2009285552  
6 
2 
5 
4 
4 
4 
5 
2 
3 
2 
1 2088511474  
5 
5 
4 
3 
3 
4 
6 
3 
1 2080826960  
5 
6 
2 
1 1398698762  
2 
3 
6 
5 
5 
4 
5 
3 
2 
3 
5 
6 
3 
5 
2 
6 
5 
4 
2 
1 2139537619  
5 
1 2090799479  
6 
2 
1 1195482607  
3 
6 
3 
5 
2 
4 
1 997183465  
1 498647434  
1 1158728000  
4 
1 53051527  
2 
3 
6 
2 
2 
1 1675976153  
6 
3 
5 
4 
5 
3 
3 
1 1535112267  
1 16235128  
6 
3 
1 1816468730  
4 
4 
5 
5 
6 
2 
3 
2 
4 
1 2112931559  
4 
3 
5 
4 
2 
3 
2 
5 
3 
1 165621004  
3 
3 
5 
2 
6 
3 
4 
6 
5 
4 
1 1982238852  
4 
2 
1 1853888446  
3 
2 
4 
1 998589460  
6 
5 
1 1456886535  
3 
2 
4 
3 
5 
6 
6 
5 
4 
6 
1 1406979057  
5 
2 
5 
5 
1 1789267098  
4 
5 
1 1663184554  
3 
2 
4 
6 
2 
1 1238498403  
1 1361969429  
6 
5 
2 
5 
4 
3 
6 
3 
5 
1 192538985  
5 
2 
5 
3 
4 
3 
3 
5 
3 
5 
2 
3 
1 1938138822  
6 
2 
6 
5 
4 
4 
5 
3 
5 
3 
6 
1 2143021990  
2 
5 
5 
1 122332047  
6 
4 
1 2092324052  
4 
1 2004823895  
2 
5 
2 
2 
6 
6 
4 
4 
6 
1 63359873  
5 
5 
3 
6 
3 
4 
1 2025667364  
1 1256039009  
4 
1 55413844  
6 
1 1968983195  
1 304037968  
5 
1 1052597310  
2 
2 
4 
5 
6 
1 320146982  
4 
3 
1 1462765968  
5 
2 
4 
6 
6 
4 
5 
5 
5 
2 
6 
5 
6 
2 
4 
1 1105648837  
5 
4 
3 
2 
6 
1 1996123135  
3 
3 
1 850394588  
1 1121883965  
5 
3 
4 
5 
1 1665108218  
5 
4 
4 
5 
3 
3 
6 
5 
4 
2 
5 
1 815842499  
4 
3 
5 
4 
2 
4 
6 
1 1287504970  
6 
5 
5 
5 
1 1499863422  
1 522247297  
1 138610782  
6 
1 809266309  
4 
2 
2 
3 
5 
1 1929226354  
6 
5 
2 
3 
4 
2 
4 
2 
6 
3 
1 1927877880  
3 
4 
6 
1 324967216  
3 
4 
5 
6 
2 
6 
2 
4 
6 
5 
5 
4 
3 
4 
2 
1 1020241109  
3 
6 
5 
3 
6 
5 
4 
1 1142363662  
3 
2 
3 
4 
2 
3 
4 
4 
5 
4 
5 
4 
5 
6 
3 
6 
5 
2 
5 
4 
1 517506201  
3 
3 
5 
3 
5 
1 810896283  
1 1137902004  
5 
6 
6 
5 
4 
2 
4 
5 
5 
6 
5 
2 
6 
6 
4 
1 639838248  
3 
3 
4 
1 755736688  
5 
6 
4 
3 
5 
5 
5 
1 995242251  
1 703198121  
6 
4 
5 
1 633920404  
5 
1 103797613  
2 
2 
3 
3 
2 
2 
2 
1 758611966  
4 
1 455419952  
1 407835581  
2 
1 1811209276  
3 
3 
3 
3 
5 
6 
4 
4 
4 
2 
6 
6 
6 
1 775566934  
3 
3 
2 
5 
5 
3 
3 
3 
5 
1 1870601550  
5 
2 
3 
4 
6 
4 
2 
5 
3 
5 
2 
5 
5 
5 
1 769374465  
3 
3 
1 624206421  
4 
3 
3 
2 
4 
3 
5 
2 
5 
4 
4 
6 
4 
4 
3 
3 
1 573512490  
5 
3 
4 
1 1891258430  
6 
5 
3 
4 
6 
2 
4 
6 
5 
3 
6 
2 
1 141830991  
1 1389354989  
3 
6 
5 
4 
5 
6 
1 1031279752  
3 
3 
5 
1 1641694413  
4 
6 
4 
1 1911602286  
4 
5 
2 
1 1169890534  
2 
1 303477075  
2 
5 
4 
4 
2 
6 
1 1693344993  
3 
1 950284767  
4 
3 
4 
4 
6 
2 
3 
3 
4 
6 
1 628444291  
5 
5 
5 
6 
5 
1 566102454  
1 2092648429  
5 
2 
4 
5 
5 
5 
6 
5 
3 
4 
4 
6 
1 1145950492  
4 
1 1376998738  
2 
1 1083066785  
2 
3 
2 
6 
5 
1 1785788740  
4 
5 
6 
6 
4 
1 2132735426  
6 
2 
6 
6 
6 
3 
6 
3 
2 
2 
5 
5 
3 
6 
6 
2 
2 
3 
3 
6 
5 
5 
3 
1 2078309037  
6 
1 341503213  
6 
1 619172182  
3 
5 
1 34623002  
1 1100115179  
4 
3 
4 
5 
1 1074592134  
5 
5 
6 
5 
5 
2 
2 
2 
2 
5 
4 
2 
2 
1 442458583  
2 
1 763840807  
2 
2 
5 
1 1850159068  
1 165576485  
2 
1 1533215272  
3 
1 326881842  
1 739088975  
3 
3 
4 
4 
4 
4 
2 
6 
2 
6 
2 
4 
2 
4 
1 1276990055  
5 
4 
1 468712833  
6 
5 
3 
2 
3 
4 
6 
1 2128443964  
5 
3 
2 
3 
2 
2 
1 160786159  
2 
5 
4 
5 
3 
1 2110407247  
5 
5 
3 
6 
5 
1 1892562603  
3 
1 1330676694  
4 
4 
2 
4 
3 
3 
2 
5 
4 
3 
4 
2 
2 
5 
1 266400674  
6 
4 
2 
5 
4 
5 
3 
2 
1 1438423948  
2 
3 
5 
4 
3 
1 133477813  
4 
4 
6 
2 
4 
2 
3 
5 
5 
5 
3 
6 
6 
6 
6 
3 
1 894844965  
2 
6 
6 
1 2004526402  
5 
6 
6 
6 
3 
4 
5 
4 
3 
5 
1 78642594  
3 
6 
1 2040795457  
6 
4 
2 
4 
6 
3 
5 
1 1234041492  
5 
3 
3 
4 
5 
