5 
3 
1 970035818  
4 
1 2142957407  
1 1256638643  
4 
6 
2 
3 
5 
4 
3 
1 1083013886  
3 
2 
1 1431387622  
1 1196432750  
5 
5 
2 
6 
4 
4 
4 
3 
1 505310674  
1 1490660684  
4 
4 
6 
6 
1 171728306  
6 
3 
6 
5 
4 
6 
6 
4 
1 1342795553  
3 
2 
3 
1 999986086  
2 
3 
6 
3 
1 248146065  
1 378921824  
3 
2 
1 601609015  
4 
5 
2 
1 1773697720  
6 
2 
5 
2 
4 
4 
5 
5 
3 
5 
1 1857748059  
1 1314297975  
5 
3 
2 
2 
4 
2 
3 
3 
1 1507525352  
4 
3 
5 
2 
5 
4 
5 
6 
1 291369377  
3 
3 
5 
3 
3 
4 
4 
1 1811017306  
2 
1 1322259965  
2 
6 
3 
1 2010966928  
6 
1 1545048922  
1 1413746285  
3 
3 
5 
5 
4 
5 
1 821084505  
5 
1 1735368989  
3 
3 
2 
1 521961172  
4 
5 
1 284274384  
3 
3 
6 
6 
2 
6 
4 
6 
5 
3 
6 
4 
4 
5 
5 
3 
1 1064450106  
2 
4 
1 1934576044  
2 
5 
6 
2 
5 
3 
1 761454096  
1 2034485924  
1 1930049803  
2 
1 2018092740  
3 
2 
4 
4 
6 
6 
3 
2 
5 
5 
5 
3 
5 
2 
5 
3 
3 
3 
2 
2 
4 
3 
1 970016163  
2 
6 
5 
5 
1 1213953778  
5 
2 
4 
1 1067041842  
5 
1 1475326837  
4 
2 
4 
5 
5 
1 557130814  
2 
3 
1 1238770148  
6 
2 
5 
1 670638742  
1 1557116901  
3 
4 
6 
5 
6 
5 
3 
3 
2 
5 
4 
2 
3 
2 
2 
4 
3 
3 
1 1486916213  
6 
1 1049560567  
4 
5 
6 
2 
6 
5 
6 
6 
5 
2 
4 
2 
6 
5 
1 11242268  
6 
6 
2 
3 
1 1113130286  
6 
5 
4 
2 
5 
4 
5 
4 
1 759824978  
3 
1 1325540243  
5 
3 
4 
6 
1 473171990  
4 
4 
6 
3 
3 
6 
6 
3 
4 
2 
6 
5 
6 
4 
2 
3 
1 1051194355  
1 989073901  
4 
3 
6 
6 
4 
3 
4 
2 
4 
2 
5 
5 
6 
6 
4 
6 
6 
2 
4 
5 
4 
4 
6 
3 
1 1795431955  
6 
3 
4 
3 
6 
4 
6 
2 
5 
1 914677635  
4 
3 
3 
4 
1 386639175  
3 
4 
5 
1 1061694593  
4 
4 
1 1735762140  
2 
3 
4 
5 
4 
2 
4 
3 
4 
6 
3 
5 
5 
5 
4 
6 
3 
3 
5 
5 
5 
4 
2 
4 
5 
3 
5 
2 
3 
2 
6 
4 
2 
3 
4 
5 
1 2122008164  
4 
3 
1 1583655765  
4 
5 
1 2020036524  
6 
6 
1 1038974623  
2 
1 1370748161  
4 
1 634006972  
5 
2 
5 
5 
1 925976899  
3 
3 
6 
1 1153314317  
1 504616064  
5 
5 
3 
5 
5 
6 
5 
1 1895993062  
2 
4 
5 
3 
4 
3 
2 
2 
4 
4 
5 
6 
6 
1 219784447  
2 
6 
5 
4 
1 1571657907  
5 
5 
5 
5 
4 
1 1223836252  
3 
2 
4 
3 
5 
3 
6 
4 
6 
5 
1 776915261  
5 
5 
6 
4 
3 
4 
1 662944407  
4 
6 
1 1894474994  
1 186548514  
2 
1 2376973  
6 
1 796551913  
3 
4 
5 
4 
4 
3 
2 
6 
3 
3 
1 197790782  
4 
5 
5 
3 
1 1115507259  
4 
1 1556376891  
3 
2 
2 
5 
6 
2 
3 
2 
4 
3 
2 
4 
5 
5 
5 
5 
5 
2 
1 1523331025  
3 
1 1588679249  
5 
6 
3 
1 460087598  
3 
6 
1 364921278  
1 1236627556  
1 1374765233  
3 
4 
6 
4 
1 751560454  
3 
3 
5 
6 
2 
3 
1 150838501  
4 
4 
5 
1 963043725  
1 726084970  
1 1734494266  
6 
6 
6 
5 
5 
3 
3 
1 835596601  
6 
2 
1 1765059593  
5 
3 
5 
6 
1 957758780  
2 
6 
3 
2 
6 
5 
6 
1 1469603574  
2 
6 
1 543552845  
1 2111073097  
3 
1 1974219638  
6 
4 
1 292062259  
6 
1 183373896  
6 
5 
1 1398393897  
2 
5 
4 
1 1515898511  
2 
5 
4 
6 
6 
3 
4 
2 
3 
2 
3 
6 
2 
3 
3 
6 
4 
6 
5 
6 
2 
1 960289157  
2 
2 
5 
5 
4 
4 
6 
3 
2 
2 
3 
3 
3 
4 
1 2061338305  
6 
4 
2 
5 
3 
6 
2 
2 
5 
4 
2 
6 
5 
5 
3 
2 
1 1262889858  
4 
3 
1 1146837672  
4 
5 
3 
3 
5 
1 2063715278  
1 2059441771  
4 
4 
1 1344628454  
3 
5 
2 
6 
2 
6 
2 
2 
1 1031738889  
5 
4 
6 
6 
6 
3 
6 
4 
6 
5 
3 
6 
3 
2 
2 
3 
4 
1 1468335015  
2 
3 
4 
2 
6 
3 
6 
1 720475832  
2 
2 
1 472934490  
6 
4 
2 
5 
1 1928422613  
2 
1 1085397110  
4 
6 
1 1709562046  
2 
1 1155704199  
6 
4 
3 
6 
2 
5 
3 
1 1836957564  
6 
2 
3 
2 
3 
1 1860400548  
4 
5 
2 
5 
5 
2 
5 
4 
2 
1 2118747924  
4 
2 
5 
2 
1 415558887  
5 
5 
6 
4 
3 
3 
4 
2 
2 
1 1447411166  
3 
3 
3 
6 
2 
4 
4 
5 
5 
4 
4 
5 
5 
4 
3 
3 
5 
5 
4 
1 806860878  
1 33134832  
6 
1 257686298  
4 
2 
1 128980804  
6 
5 
2 
4 
2 
1 576687677  
1 221275747  
1 2103200442  
2 
3 
4 
5 
2 
2 
3 
2 
6 
2 
1 868749937  
5 
6 
6 
2 
5 
3 
2 
3 
4 
3 
2 
3 
6 
1 404649643  
1 1354110692  
5 
5 
3 
5 
4 
5 
2 
3 
6 
6 
4 
5 
6 
6 
3 
1 237164800  
1 1364938801  
1 1267965349  
2 
2 
4 
2 
1 1500054658  
4 
4 
6 
1 364292825  
2 
4 
2 
4 
6 
2 
1 1184196979  
6 
2 
4 
4 
1 1412012782  
4 
1 1708921279  
3 
2 
1 68452220  
6 
5 
5 
3 
5 
4 
6 
2 
1 732864149  
6 
2 
1 281913463  
6 
6 
1 541386710  
3 
3 
2 
5 
5 
4 
2 
5 
4 
6 
6 
6 
5 
1 513803114  
1 1367310574  
4 
1 103465108  
6 
2 
3 
6 
6 
1 1669507313  
3 
2 
3 
5 
4 
1 1056784490  
3 
1 1963865656  
4 
2 
6 
4 
3 
1 1640771590  
3 
2 
1 1472343377  
1 1263793175  
3 
4 
5 
5 
5 
3 
6 
5 
4 
5 
2 
1 300148820  
1 1505478210  
1 1521479473  
4 
3 
6 
6 
4 
6 
3 
2 
1 429129624  
3 
5 
4 
6 
6 
2 
1 2082165887  
1 1742755221  
2 
6 
5 
1 384846418  
1 803432176  
5 
2 
5 
5 
4 
2 
2 
6 
5 
5 
1 2147404864  
2 
6 
1 1738957110  
4 
3 
5 
5 
6 
5 
1 1040596977  
4 
6 
5 
2 
1 1364860017  
5 
5 
1 859438811  
2 
5 
2 
5 
4 
5 
4 
4 
1 393167987  
1 1729152842  
5 
1 2043635790  
2 
4 
1 1805180769  
6 
2 
3 
2 
2 
1 1290590474  
6 
2 
3 
3 
4 
2 
3 
1 2112088010  
6 
1 390561270  
3 
5 
1 1572503937  
2 
2 
3 
6 
1 505991072  
1 904364385  
1 792330863  
6 
3 
6 
1 609456181  
2 
2 
3 
4 
3 
3 
1 426388050  
1 1849115354  
1 425838189  
1 2067159640  
6 
4 
3 
4 
6 
4 
3 
2 
4 
3 
1 1173975083  
2 
2 
3 
2 
3 
5 
2 
4 
4 
4 
2 
5 
1 1689631364  
4 
6 
1 219824812  
3 
4 
6 
4 
5 
3 
6 
4 
1 531969645  
4 
6 
6 
2 
4 
5 
4 
5 
5 
2 
3 
6 
5 
5 
4 
3 
3 
5 
5 
4 
4 
6 
4 
1 1063627190  
4 
4 
4 
4 
1 648954436  
3 
3 
1 466651885  
5 
2 
2 
5 
4 
2 
1 658898763  
3 
1 1033800855  
3 
1 1270084061  
1 658819979  
2 
4 
1 625274317  
4 
6 
2 
1 163197390  
5 
4 
2 
2 
1 2023679997  
5 
5 
2 
5 
3 
4 
6 
6 
4 
3 
1 1484713129  
2 
3 
3 
4 
1 556365378  
3 
5 
5 
5 
6 
5 
5 
2 
6 
1 1605349191  
2 
6 
4 
2 
6 
5 
3 
6 
5 
5 
4 
6 
4 
2 
3 
1 1380865271  
1 214062499  
4 
3 
3 
5 
5 
3 
2 
3 
4 
4 
1 748456017  
6 
3 
2 
6 
5 
3 
4 
5 
5 
2 
3 
4 
4 
4 
1 1345469634  
2 
5 
3 
6 
1 604623770  
1 173476307  
6 
4 
3 
6 
6 
6 
4 
6 
6 
6 
3 
3 
4 
5 
6 
5 
2 
6 
6 
1 1851460706  
6 
2 
3 
1 1508988155  
3 
3 
1 965807170  
3 
2 
4 
6 
5 
2 
2 
3 
3 
4 
2 
1 313433239  
4 
6 
3 
2 
4 
4 
1 1935376205  
1 667438876  
4 
4 
2 
4 
2 
5 
2 
5 
4 
3 
3 
3 
2 
3 
5 
3 
3 
1 739271429  
6 
5 
4 
3 
6 
3 
4 
5 
4 
2 
6 
4 
6 
1 1855052198  
2 
3 
6 
1 1841413960  
3 
3 
5 
5 
2 
6 
4 
4 
1 281419145  
5 
3 
4 
2 
2 
2 
2 
3 
6 
3 
6 
3 
6 
4 
1 2074877010  
6 
5 
3 
3 
1 225899957  
3 
3 
5 
1 1345046335  
2 
3 
1 576347799  
5 
1 692551842  
2 
1 2003945098  
6 
1 1610148654  
6 
1 1962635904  
4 
4 
3 
4 
5 
5 
3 
4 
1 515281430  
3 
1 87939323  
2 
2 
6 
2 
3 
1 2125833294  
1 391477779  
3 
6 
6 
5 
1 1572652452  
6 
2 
2 
5 
1 534715024  
5 
2 
2 
4 
3 
4 
2 
4 
2 
2 
4 
1 1996826970  
3 
6 
1 806034076  
3 
5 
5 
4 
2 
1 748777524  
4 
4 
3 
2 
4 
6 
2 
6 
2 
5 
6 
3 
3 
6 
6 
4 
4 
6 
1 597799340  
4 
6 
5 
3 
4 
2 
5 
2 
2 
1 4020062  
5 
3 
1 1353401294  
6 
5 
3 
2 
5 
4 
6 
2 
5 
4 
6 
3 
6 
3 
5 
1 771275647  
6 
3 
5 
5 
2 
5 
1 1855480768  
5 
5 
1 714905801  
4 
1 1737082817  
3 
6 
1 21430360  
2 
6 
1 502798358  
2 
2 
5 
4 
4 
1 257038046  
3 
4 
6 
3 
5 
2 
2 
5 
2 
4 
2 
5 
4 
5 
5 
4 
1 760701789  
1 210366908  
3 
5 
3 
5 
5 
6 
3 
2 
1 2098452006  
3 
3 
1 1042120934  
6 
2 
5 
2 
1 137760271  
6 
6 
6 
6 
4 
2 
3 
6 
3 
6 
1 176868315  
4 
2 
6 
2 
3 
1 239683622  
1 714108070  
4 
3 
6 
6 
6 
6 
5 
3 
5 
2 
5 
1 869420158  
2 
3 
2 
1 96145072  
2 
6 
3 
2 
4 
4 
1 176773076  
1 684572414  
3 
5 
2 
5 
2 
1 611426502  
6 
1 264712399  
3 
4 
3 
1 662922060  
1 1002904281  
6 
4 
2 
1 1837364852  
3 
3 
5 
6 
1 1197637085  
3 
2 
6 
6 
3 
4 
6 
3 
3 
4 
2 
1 852247604  
3 
6 
5 
4 
2 
6 
4 
5 
6 
6 
3 
3 
2 
6 
1 495915280  
1 1946414609  
3 
1 1450046944  
5 
3 
4 
3 
2 
3 
2 
5 
1 499935342  
4 
5 
1 1152332255  
5 
4 
4 
5 
2 
6 
2 
6 
5 
3 
2 
6 
5 
2 
4 
3 
6 
4 
5 
4 
2 
3 
4 
6 
5 
3 
3 
2 
1 73838943  
2 
1 207932462  
6 
4 
4 
6 
4 
6 
2 
1 1867238056  
1 1810921760  
2 
6 
4 
4 
3 
3 
5 
4 
4 
2 
3 
2 
4 
2 
3 
1 229362822  
3 
2 
3 
4 
3 
6 
3 
3 
5 
3 
1 222552766  
1 2067959806  
2 
1 990064611  
4 
2 
5 
6 
3 
6 
1 432919675  
5 
4 
1 2018928164  
6 
6 
6 
4 
1 2032185546  
1 570679946  
2 
2 
2 
4 
6 
2 
5 
1 48312832  
1 124385520  
2 
4 
6 
5 
2 
6 
1 1284788016  
3 
5 
1 917732990  
5 
4 
3 
3 
1 220530592  
2 
5 
1 1461561092  
2 
6 
1 1602305404  
3 
5 
3 
1 831957095  
4 
4 
5 
3 
5 
3 
1 1726273491  
4 
3 
5 
1 117743816  
2 
5 
4 
4 
4 
3 
4 
3 
4 
2 
4 
3 
1 1834861376  
4 
3 
1 1416154695  
6 
3 
4 
1 1315380901  
1 539625332  
4 
2 
4 
1 1912069975  
3 
5 
2 
1 1114311862  
2 
4 
3 
2 
1 1989672276  
2 
6 
5 
1 264521669  
3 
3 
4 
6 
3 
3 
2 
6 
3 
4 
5 
6 
1 119160469  
6 
5 
2 
1 2063511219  
3 
6 
4 
3 
4 
4 
4 
6 
1 472454132  
4 
1 1986398525  
2 
5 
2 
5 
2 
1 1726949332  
5 
2 
1 701816954  
4 
1 61467644  
6 
1 1647425490  
3 
2 
6 
3 
3 
3 
3 
3 
6 
6 
6 
4 
3 
6 
3 
6 
1 1691881566  
1 494387319  
3 
1 1518870007  
1 1576583464  
5 
4 
2 
3 
6 
6 
1 1065067265  
2 
3 
3 
5 
5 
6 
5 
6 
1 1567182839  
6 
4 
6 
6 
6 
3 
1 1700968984  
5 
6 
1 202371633  
6 
3 
2 
1 337432181  
4 
1 1921499576  
6 
4 
6 
2 
3 
2 
5 
3 
3 
1 1663932725  
6 
5 
4 
1 1939737585  
5 
1 605973023  
5 
4 
2 
1 1242722568  
4 
6 
4 
4 
1 2057481401  
1 293350752  
3 
4 
2 
1 511393616  
1 1225378655  
2 
4 
6 
2 
5 
1 832976084  
1 275979943  
1 192206869  
3 
6 
3 
1 675164713  
2 
1 540501613  
5 
3 
1 311367339  
4 
1 591192284  
6 
2 
1 1012955745  
4 
4 
5 
5 
2 
5 
3 
2 
2 
3 
4 
1 150282216  
2 
6 
4 
4 
3 
6 
6 
2 
2 
5 
4 
5 
2 
2 
2 
5 
3 
6 
6 
4 
5 
2 
1 170657968  
2 
6 
5 
3 
2 
1 1714772699  
1 211749860  
3 
5 
3 
1 1818083459  
2 
6 
6 
1 1259170617  
5 
6 
1 706137179  
2 
3 
6 
6 
6 
2 
3 
3 
1 1189469818  
4 
4 
1 688270433  
4 
2 
6 
3 
4 
5 
2 
2 
3 
3 
3 
4 
2 
3 
5 
4 
2 
6 
2 
1 1771204444  
1 609169009  
3 
6 
2 
5 
6 
5 
1 241755769  
5 
1 1973576077  
2 
1 946601190  
5 
3 
1 15771698  
4 
5 
1 1490025154  
5 
6 
5 
6 
6 
5 
1 738855127  
6 
3 
1 621744721  
1 585264075  
3 
3 
2 
2 
6 
5 
6 
3 
5 
2 
3 
6 
5 
4 
3 
4 
3 
6 
3 
2 
1 648852880  
1 915095473  
1 1096657691  
4 
4 
4 
1 1874231535  
1 1748071558  
6 
3 
2 
5 
1 1372637634  
2 
6 
2 
1 2066438405  
4 
5 
6 
6 
2 
4 
4 
5 
3 
1 275752623  
5 
3 
4 
3 
6 
4 
6 
5 
3 
5 
6 
1 1913139247  
2 
1 230322096  
4 
3 
2 
5 
2 
6 
6 
1 866944907  
1 778611344  
1 380604312  
5 
1 1037602876  
5 
5 
6 
4 
5 
1 345900396  
1 592354173  
2 
2 
6 
1 708202687  
2 
1 1605071013  
2 
6 
6 
4 
3 
5 
1 1298491352  
3 
6 
1 1897672505  
2 
1 145857799  
6 
6 
1 922212149  
1 359357866  
4 
6 
5 
1 387613568  
5 
5 
6 
5 
6 
3 
5 
4 
5 
4 
6 
2 
4 
6 
5 
5 
6 
3 
4 
5 
3 
6 
6 
6 
2 
2 
4 
5 
3 
3 
2 
1 748304578  
3 
2 
4 
5 
1 1305959056  
1 403385266  
6 
6 
3 
6 
6 
2 
5 
3 
2 
3 
5 
5 
1 90846085  
3 
6 
4 
5 
5 
2 
6 
5 
4 
2 
2 
6 
1 2044814183  
5 
1 1025129988  
4 
1 676110160  
6 
5 
4 
5 
3 
3 
4 
1 546183415  
1 1940225461  
6 
4 
1 1772767851  
6 
3 
5 
6 
1 272931303  
3 
5 
6 
5 
4 
4 
3 
3 
2 
1 1540813371  
2 
1 997921837  
1 191886060  
2 
6 
3 
2 
5 
3 
1 1816565994  
2 
3 
6 
1 763577437  
2 
4 
3 
2 
4 
5 
6 
2 
6 
1 422208156  
2 
5 
2 
6 
4 
3 
1 536027254  
5 
1 1542188781  
6 
6 
3 
6 
1 802812468  
6 
2 
6 
4 
3 
3 
6 
4 
4 
6 
6 
5 
4 
3 
5 
4 
4 
2 
2 
5 
3 
1 1573630130  
2 
5 
5 
3 
4 
5 
4 
3 
5 
2 
4 
6 
2 
1 1888089177  
4 
4 
6 
3 
5 
2 
1 1395166641  
6 
6 
3 
4 
4 
4 
4 
5 
4 
5 
6 
1 134349169  
5 
5 
2 
2 
4 
1 1345676543  
3 
2 
6 
6 
2 
5 
5 
1 546174346  
3 
3 
1 2032021674  
2 
3 
2 
1 1491534342  
2 
4 
4 
4 
2 
2 
6 
5 
1 1468386495  
1 243895892  
4 
2 
1 1879147910  
1 69207425  
2 
2 
1 1549854948  
2 
3 
6 
4 
2 
2 
4 
5 
4 
5 
6 
4 
2 
6 
3 
6 
5 
2 
6 
4 
2 
5 
6 
6 
5 
2 
4 
6 
2 
4 
1 135049529  
6 
6 
6 
3 
3 
4 
1 160053510  
3 
4 
5 
2 
6 
2 
2 
1 1447185483  
2 
5 
4 
2 
5 
3 
3 
2 
5 
4 
5 
1 1160179517  
3 
3 
2 
3 
6 
1 836163670  
4 
5 
1 1993368898  
2 
5 
4 
1 952921330  
4 
3 
3 
6 
2 
3 
2 
1 461447873  
4 
2 
3 
2 
1 118816553  
4 
6 
2 
5 
4 
2 
2 
3 
2 
1 346251054  
2 
3 
3 
2 
1 1459369711  
1 310702613  
3 
3 
2 
3 
1 15333400  
1 75463500  
6 
1 732910769  
5 
5 
3 
2 
2 
4 
6 
3 
1 551360654  
3 
4 
2 
5 
6 
3 
6 
2 
1 1617652281  
3 
6 
3 
6 
1 1535723238  
2 
1 2124990784  
4 
1 1358257811  
4 
2 
3 
5 
2 
6 
3 
1 783406231  
3 
5 
6 
4 
1 111856305  
2 
3 
3 
5 
4 
1 556450706  
2 
2 
3 
4 
5 
4 
2 
1 1329580577  
4 
5 
2 
1 2143877979  
5 
3 
5 
6 
1 2047985048  
4 
5 
6 
5 
5 
2 
2 
4 
5 
6 
6 
4 
2 
4 
3 
6 
4 
1 650483424  
4 
5 
4 
4 
1 240290223  
2 
3 
6 
2 
4 
1 1779649310  
2 
6 
4 
6 
1 719690850  
5 
1 1790145171  
6 
3 
6 
2 
3 
4 
2 
3 
6 
5 
4 
2 
3 
1 1914698839  
4 
4 
6 
5 
2 
5 
3 
2 
6 
3 
4 
5 
3 
6 
5 
4 
2 
3 
1 879744360  
3 
4 
5 
4 
2 
3 
5 
2 
4 
6 
1 1089847006  
4 
6 
2 
3 
2 
4 
2 
1 927394708  
6 
5 
4 
5 
6 
5 
6 
4 
4 
1 1715908031  
4 
2 
6 
4 
4 
3 
1 935732257  
3 
5 
2 
3 
6 
3 
4 
2 
5 
5 
6 
3 
1 1880316039  
6 
6 
6 
5 
2 
1 29872256  
2 
2 
2 
2 
2 
2 
1 1054548810  
5 
5 
2 
3 
4 
2 
4 
3 
2 
1 79083445  
5 
4 
1 1489241967  
2 
1 1365251424  
6 
6 
6 
4 
3 
6 
5 
5 
4 
6 
5 
5 
4 
6 
5 
4 
5 
6 
2 
3 
3 
3 
4 
4 
3 
1 94416845  
5 
5 
4 
2 
2 
5 
1 1564705467  
5 
5 
5 
2 
5 
4 
3 
3 
3 
2 
4 
3 
6 
2 
3 
4 
3 
2 
3 
4 
1 2098162193  
4 
5 
1 645777500  
4 
6 
4 
4 
2 
1 1034874101  
3 
5 
4 
3 
3 
6 
5 
6 
2 
5 
6 
5 
3 
2 
2 
1 1486401783  
3 
5 
1 623284636  
1 245648264  
4 
3 
2 
3 
6 
5 
2 
5 
5 
3 
2 
1 122324367  
5 
1 735140942  
1 802098970  
5 
6 
2 
1 1451904944  
1 731535273  
5 
5 
4 
3 
4 
1 702600370  
2 
4 
2 
2 
1 2102388369  
6 
5 
1 971825497  
1 334766032  
1 674595571  
1 614487020  
1 101981224  
5 
5 
5 
3 
4 
4 
6 
2 
1 1554339931  
1 1704334027  
3 
3 
6 
6 
1 1029375932  
5 
4 
5 
5 
2 
3 
6 
1 1122764314  
4 
6 
1 492582636  
5 
1 762208323  
1 1152636571  
1 1547131446  
4 
5 
4 
6 
6 
4 
1 841291768  
5 
6 
2 
5 
3 
6 
1 494394890  
2 
2 
4 
1 764899222  
4 
6 
1 935708614  
6 
1 2059100358  
4 
6 
6 
6 
1 715577768  
6 
4 
2 
5 
6 
2 
4 
4 
6 
4 
4 
4 
2 
3 
4 
6 
3 
2 
4 
6 
2 
5 
2 
3 
2 
4 
3 
1 1581486114  
3 
3 
4 
3 
2 
5 
3 
3 
1 946490811  
2 
3 
1 54495903  
3 
1 57287102  
1 1192139075  
5 
4 
6 
2 
3 
3 
3 
1 176820270  
2 
5 
4 
3 
4 
5 
6 
2 
6 
3 
6 
2 
3 
1 792428044  
4 
3 
6 
5 
6 
6 
1 1994238045  
3 
2 
3 
6 
3 
2 
1 1628725215  
2 
6 
4 
5 
5 
5 
4 
3 
3 
6 
4 
5 
2 
3 
2 
4 
5 
3 
6 
3 
4 
4 
6 
4 
2 
5 
2 
5 
5 
2 
1 1523963318  
1 549354767  
5 
2 
1 1583629936  
1 348305167  
1 884120799  
3 
3 
3 
6 
4 
6 
1 110741859  
4 
4 
4 
1 962792187  
4 
3 
5 
6 
1 986102023  
4 
3 
2 
2 
6 
4 
1 1665081790  
4 
5 
2 
4 
2 
3 
6 
5 
2 
1 519642566  
5 
3 
1 2015477956  
3 
3 
3 
2 
5 
3 
3 
5 
4 
1 640362457  
1 1012225202  
6 
6 
1 630202631  
3 
2 
4 
6 
3 
3 
4 
5 
6 
1 1792999028  
1 411873001  
6 
6 
1 1471494400  
5 
2 
4 
1 139910270  
6 
4 
5 
2 
4 
4 
3 
5 
4 
3 
2 
6 
1 1176772223  
4 
5 
1 259719366  
1 51526980  
1 1892349991  
1 1841205480  
2 
3 
3 
1 998017791  
6 
4 
6 
5 
2 
3 
5 
4 
5 
2 
5 
3 
2 
1 1946845895  
4 
2 
1 1898492582  
2 
1 42673218  
2 
6 
1 2123666165  
6 
6 
4 
3 
6 
1 543436979  
6 
2 
6 
2 
3 
5 
4 
1 2036911263  
4 
2 
6 
6 
4 
1 1604907732  
4 
1 2067400297  
6 
3 
1 438782382  
3 
6 
2 
5 
5 
1 1041054020  
2 
2 
1 268221816  
3 
1 1322903182  
1 1151795879  
4 
4 
5 
1 1231014003  
2 
6 
3 
6 
3 
4 
6 
2 
1 161521557  
6 
2 
1 669394022  
4 
5 
2 
6 
2 
6 
6 
3 
4 
2 
2 
4 
1 1750656570  
2 
3 
2 
1 29515865  
2 
4 
4 
1 1309756479  
4 
4 
2 
2 
2 
1 615398124  
2 
5 
2 
5 
2 
5 
6 
6 
1 659718497  
6 
6 
1 955271859  
5 
4 
1 1027271125  
3 
5 
1 2131212897  
3 
5 
3 
2 
5 
3 
2 
2 
4 
2 
1 1095182129  
1 56559701  
6 
4 
3 
5 
2 
6 
4 
1 243448615  
2 
6 
5 
5 
5 
4 
3 
3 
5 
4 
6 
1 1146709110  
2 
5 
2 
1 1948909692  
6 
4 
3 
1 2084654095  
2 
2 
4 
6 
3 
6 
3 
6 
4 
3 
4 
5 
5 
5 
4 
5 
1 2144726901  
6 
4 
4 
1 1748271939  
2 
6 
6 
3 
3 
1 1835663029  
3 
4 
6 
6 
5 
1 39916472  
3 
5 
4 
5 
2 
4 
6 
5 
4 
6 
3 
3 
6 
4 
1 1724454457  
5 
3 
4 
5 
4 
6 
3 
2 
2 
2 
6 
3 
4 
4 
1 231616360  
2 
6 
1 2076827735  
4 
4 
3 
2 
6 
3 
6 
1 1181878541  
6 
4 
3 
2 
6 
3 
6 
4 
2 
3 
4 
1 151533009  
5 
3 
3 
1 368126470  
2 
2 
3 
4 
2 
6 
3 
2 
2 
6 
1 75448914  
6 
3 
3 
2 
4 
4 
1 419754825  
6 
6 
2 
3 
5 
6 
3 
3 
2 
1 1691029652  
3 
5 
5 
5 
4 
1 1227244793  
1 1650768829  
2 
3 
6 
4 
6 
6 
6 
4 
6 
4 
1 1852551209  
4 
1 1896638815  
2 
3 
1 1253941751  
1 1882067075  
1 1058911646  
1 1869339875  
3 
2 
6 
3 
5 
5 
2 
6 
3 
5 
2 
3 
3 
3 
6 
5 
2 
2 
6 
2 
6 
6 
5 
5 
4 
4 
1 394301924  
4 
2 
2 
2 
1 2014183505  
2 
1 749127353  
3 
5 
4 
5 
3 
2 
2 
5 
3 
6 
5 
3 
1 378031173  
1 961881987  
2 
1 805687054  
4 
4 
2 
1 621479788  
1 2108591097  
1 607113098  
1 558650235  
5 
4 
4 
5 
5 
4 
2 
3 
4 
2 
5 
2 
1 2105834350  
1 207901390  
6 
5 
5 
3 
4 
5 
1 246829616  
3 
3 
4 
1 2145750822  
3 
6 
1 1932355847  
2 
5 
4 
5 
4 
6 
2 
3 
5 
5 
1 478445977  
4 
6 
2 
2 
3 
5 
3 
4 
1 2075094910  
3 
2 
2 
5 
5 
3 
5 
6 
5 
1 966750740  
1 629978986  
4 
1 295737732  
2 
4 
2 
6 
3 
2 
4 
6 
2 
4 
5 
6 
2 
1 1042199654  
2 
4 
2 
4 
3 
1 1049733812  
6 
4 
6 
2 
4 
1 1986767384  
6 
2 
6 
2 
2 
3 
5 
2 
1 121960800  
3 
3 
6 
5 
3 
6 
6 
1 553018993  
3 
6 
5 
6 
4 
1 1691834945  
2 
1 2018599615  
2 
5 
2 
5 
6 
4 
1 1806960744  
5 
3 
2 
2 
6 
5 
6 
4 
2 
5 
4 
3 
6 
6 
4 
4 
2 
1 1426418372  
4 
4 
2 
4 
1 930027614  
2 
1 1528816971  
6 
2 
3 
4 
5 
1 1820720296  
5 
2 
3 
3 
6 
3 
1 796727471  
5 
5 
5 
2 
4 
1 130460676  
2 
5 
4 
3 
2 
1 51267821  
1 1758609458  
1 936147730  
1 672747609  
3 
5 
5 
5 
3 
5 
4 
4 
4 
1 1719716907  
1 1543260829  
6 
1 1231397844  
1 1678067610  
1 1751162219  
6 
1 1478227461  
2 
6 
5 
2 
5 
4 
3 
3 
4 
1 1676334784  
2 
3 
5 
6 
6 
2 
5 
5 
1 1536034418  
6 
5 
6 
6 
2 
4 
5 
3 
3 
6 
6 
1 1956673438  
5 
3 
6 
1 1603946046  
3 
2 
6 
1 355301510  
4 
2 
4 
5 
4 
1 439168776  
2 
6 
4 
6 
2 
3 
5 
6 
4 
3 
1 1899683778  
5 
3 
2 
6 
4 
1 1397501165  
1 1488902588  
4 
2 
5 
3 
3 
4 
6 
1 1738967514  
5 
2 
3 
1 1519461965  
1 2041921581  
2 
6 
5 
4 
3 
1 1283318812  
4 
2 
4 
3 
3 
4 
3 
6 
1 1390577932  
5 
5 
6 
2 
5 
6 
3 
3 
6 
4 
1 1701398677  
3 
1 562253536  
4 
2 
3 
2 
4 
6 
6 
1 173121898  
5 
5 
5 
5 
1 1082732001  
2 
4 
1 235490185  
4 
5 
3 
4 
3 
3 
1 969849370  
6 
6 
5 
3 
1 1213192677  
3 
4 
2 
2 
2 
5 
1 286758006  
3 
3 
4 
1 580975180  
3 
4 
1 1856760  
4 
5 
5 
5 
2 
3 
3 
2 
5 
2 
6 
5 
6 
6 
1 959505616  
3 
2 
6 
3 
6 
6 
1 153208440  
3 
6 
6 
4 
6 
6 
5 
4 
4 
5 
2 
3 
5 
3 
2 
5 
6 
2 
4 
3 
6 
2 
5 
5 
1 1545117589  
5 
3 
1 43419812  
3 
2 
1 1831276050  
5 
2 
3 
6 
2 
4 
1 1148796160  
6 
2 
2 
6 
2 
6 
1 1521647273  
3 
6 
4 
6 
3 
1 1360127186  
5 
4 
5 
6 
3 
1 537346930  
2 
3 
5 
3 
1 1330837063  
4 
3 
2 
3 
2 
2 
5 
1 816589585  
4 
5 
1 892648440  
6 
3 
6 
1 1770005840  
6 
3 
5 
2 
2 
1 568789715  
4 
1 142665957  
2 
4 
6 
6 
3 
1 1111424780  
1 160273582  
1 1662127922  
4 
4 
3 
4 
2 
6 
6 
4 
5 
3 
1 1005862714  
5 
1 1443592394  
6 
6 
6 
4 
5 
5 
6 
6 
1 905222207  
3 
3 
1 559777743  
5 
1 2005845930  
4 
2 
2 
5 
6 
6 
1 1078344105  
2 
5 
5 
6 
4 
6 
5 
5 
3 
4 
5 
1 1642509744  
6 
1 93852467  
2 
6 
6 
1 2048193475  
3 
1 708218774  
3 
1 380610474  
6 
2 
3 
6 
6 
5 
3 
1 481685008  
5 
1 710075534  
1 1340116090  
5 
3 
1 634893448  
3 
2 
3 
5 
2 
1 107709475  
1 1383535902  
3 
3 
2 
5 
3 
4 
5 
1 318685850  
4 
6 
3 
4 
3 
5 
3 
1 1256505635  
5 
2 
1 757699528  
1 1678813036  
3 
5 
1 1793852565  
5 
2 
6 
6 
1 2088536591  
3 
6 
4 
5 
3 
3 
5 
6 
4 
6 
2 
5 
4 
1 347918973  
1 539017357  
2 
2 
4 
5 
6 
1 1711058783  
1 916708689  
4 
5 
5 
6 
6 
5 
2 
6 
6 
3 
3 
4 
1 681683315  
5 
4 
4 
5 
4 
3 
4 
5 
6 
4 
5 
5 
1 674999916  
3 
6 
5 
2 
3 
3 
5 
1 1076982271  
1 196327589  
2 
5 
2 
5 
4 
3 
6 
2 
3 
6 
6 
6 
3 
5 
4 
4 
5 
1 1680862630  
3 
6 
2 
6 
5 
3 
4 
4 
4 
4 
1 373091017  
3 
2 
3 
4 
1 1101549796  
5 
6 
6 
4 
3 
6 
3 
6 
6 
6 
2 
6 
6 
2 
6 
6 
4 
2 
3 
1 93156725  
4 
2 
2 
6 
5 
1 231453299  
5 
1 32410254  
1 1735666470  
5 
2 
4 
2 
4 
4 
6 
3 
5 
3 
5 
1 325305767  
3 
2 
6 
6 
6 
5 
2 
6 
3 
2 
4 
3 
5 
6 
4 
5 
6 
6 
2 
4 
4 
4 
5 
3 
3 
6 
3 
6 
3 
5 
6 
2 
4 
5 
3 
3 
5 
2 
3 
2 
3 
4 
2 
3 
3 
5 
2 
6 
2 
1 2080603729  
3 
2 
2 
2 
3 
3 
4 
5 
3 
1 296401596  
4 
2 
2 
4 
1 705916241  
5 
1 414805089  
4 
4 
4 
3 
1 1006477130  
3 
6 
1 2046032331  
2 
3 
5 
5 
1 1049698537  
2 
3 
2 
2 
6 
6 
1 1114186605  
5 
4 
1 1282084585  
4 
3 
1 1368384387  
1 223208592  
4 
5 
6 
5 
5 
5 
4 
5 
6 
1 2039784113  
6 
1 899713776  
2 
5 
3 
1 2017061157  
1 1980837057  
6 
2 
6 
2 
2 
6 
2 
2 
6 
1 1247632749  
6 
1 408594866  
3 
1 1544412192  
5 
1 16857790  
1 1090278181  
2 
2 
1 71928460  
3 
2 
4 
5 
5 
4 
1 1093840061  
5 
1 1286605771  
2 
2 
3 
4 
5 
4 
1 1752791090  
3 
6 
4 
2 
5 
1 1466931078  
5 
1 240671919  
2 
1 1845947816  
2 
2 
3 
2 
4 
3 
3 
1 1698384378  
6 
3 
1 273082173  
1 1434130638  
1 2023690145  
2 
5 
2 
6 
3 
1 206202255  
4 
6 
2 
4 
3 
1 1730532234  
5 
1 582122738  
5 
5 
3 
4 
1 621007344  
1 589525716  
4 
4 
1 480671421  
4 
2 
5 
2 
3 
2 
5 
2 
3 
5 
1 1670705882  
1 1703712321  
2 
1 1762756006  
3 
1 891606621  
1 1926920913  
2 
1 1655056472  
3 
5 
2 
3 
4 
2 
2 
6 
6 
1 1791320397  
5 
3 
5 
5 
3 
6 
1 1796498422  
1 1488409881  
4 
5 
3 
1 891469499  
1 57609640  
3 
2 
6 
3 
1 885338425  
5 
5 
5 
2 
1 908327289  
3 
2 
2 
1 1147887822  
5 
4 
1 957266886  
6 
4 
4 
6 
6 
3 
1 2002167351  
3 
3 
4 
2 
4 
2 
4 
2 
2 
2 
1 287009945  
4 
4 
3 
6 
4 
1 562574328  
1 1321614781  
5 
4 
2 
3 
2 
1 527681864  
1 261038496  
3 
2 
1 872515511  
5 
6 
1 800764038  
1 1695169134  
3 
1 748722008  
2 
1 1006966293  
4 
3 
2 
3 
1 1278217720  
4 
2 
5 
3 
5 
3 
3 
1 1330844746  
1 1627973637  
2 
3 
4 
6 
6 
1 1867743436  
5 
4 
3 
5 
1 1811516167  
3 
2 
5 
1 1151195871  
5 
1 1423972109  
5 
5 
5 
5 
6 
1 1426788526  
4 
2 
6 
5 
3 
2 
2 
6 
2 
4 
2 
1 2042802493  
3 
6 
5 
4 
2 
2 
4 
1 1203409374  
5 
5 
6 
1 934361350  
4 
4 
4 
5 
2 
3 
3 
1 1686639242  
4 
3 
4 
2 
6 
1 852424148  
1 275287583  
1 430625093  
4 
3 
4 
2 
6 
2 
6 
1 910033789  
4 
3 
2 
3 
3 
4 
4 
5 
4 
4 
2 
3 
5 
3 
5 
2 
6 
2 
4 
4 
4 
1 1160626008  
3 
3 
6 
4 
5 
6 
4 
6 
4 
6 
2 
4 
3 
2 
3 
6 
6 
1 1338952383  
6 
4 
3 
3 
2 
1 2057921611  
4 
1 2117892894  
6 
5 
5 
4 
5 
6 
6 
4 
1 1193636086  
2 
4 
2 
2 
6 
5 
6 
2 
3 
2 
2 
1 197447908  
2 
1 532983575  
6 
4 
1 367767219  
1 725129772  
6 
4 
5 
1 794022071  
2 
4 
3 
3 
3 
1 1240282731  
1 1525893810  
4 
6 
3 
4 
1 341707558  
4 
1 1989004739  
6 
6 
5 
1 385376455  
4 
2 
6 
4 
2 
6 
5 
1 1619925278  
2 
5 
1 1172365838  
3 
6 
3 
4 
4 
6 
4 
6 
2 
2 
4 
1 2013350093  
6 
2 
2 
3 
6 
4 
3 
4 
4 
2 
5 
3 
6 
1 1340185067  
4 
6 
3 
2 
1 836398357  
3 
5 
5 
2 
3 
1 1017062316  
5 
1 616673528  
3 
1 115703235  
1 912381161  
1 1820082903  
2 
4 
6 
4 
2 
3 
1 1050064585  
2 
2 
2 
2 
4 
6 
4 
6 
1 451536756  
6 
1 525023403  
2 
2 
3 
1 1325352168  
1 882161849  
3 
3 
4 
1 1435057192  
6 
1 338494529  
2 
6 
2 
4 
4 
6 
3 
5 
3 
6 
6 
1 73630584  
5 
3 
2 
4 
2 
3 
1 1345495155  
6 
4 
6 
2 
1 308903775  
1 1267266670  
1 1542943063  
3 
6 
4 
5 
5 
1 841887350  
2 
3 
4 
1 1635033890  
4 
3 
6 
2 
2 
1 120589188  
4 
1 1635909422  
2 
5 
4 
4 
1 727832973  
1 1646482998  
2 
5 
6 
4 
2 
1 1977616980  
5 
5 
3 
1 569354064  
2 
2 
6 
6 
5 
6 
2 
3 
3 
1 2031859454  
5 
1 1450058610  
6 
3 
3 
4 
6 
2 
1 1741719902  
3 
5 
2 
4 
2 
2 
1 1897725899  
1 642760029  
3 
1 430634612  
6 
5 
4 
3 
3 
1 767304567  
4 
1 1259433558  
4 
6 
5 
1 546337847  
5 
2 
5 
2 
1 1679685729  
4 
4 
2 
4 
2 
4 
5 
6 
3 
3 
5 
6 
3 
4 
6 
6 
4 
4 
6 
2 
4 
6 
4 
6 
2 
1 932032813  
4 
6 
5 
4 
5 
4 
1 1596402433  
3 
5 
3 
4 
4 
6 
2 
6 
6 
2 
2 
3 
2 
4 
3 
5 
5 
2 
6 
5 
3 
3 
1 2131222485  
2 
5 
3 
4 
5 
1 1457056216  
5 
4 
1 774270953  
6 
1 865900686  
2 
1 744629761  
4 
4 
1 1112765482  
6 
1 939531271  
6 
2 
2 
1 2090124916  
5 
4 
1 1421669258  
3 
2 
2 
5 
2 
1 59314293  
4 
4 
3 
4 
4 
1 1485584332  
4 
1 116072960  
2 
3 
6 
2 
4 
6 
5 
2 
6 
2 
1 1694348183  
3 
3 
1 1606173520  
6 
2 
1 1751982382  
5 
5 
3 
1 274697508  
6 
4 
6 
1 1105172870  
4 
3 
6 
2 
1 1582115714  
1 844051573  
5 
1 989548676  
3 
1 884690677  
2 
6 
3 
5 
5 
4 
3 
5 
5 
2 
1 438287827  
5 
6 
4 
4 
5 
3 
3 
5 
1 739790927  
3 
5 
2 
2 
5 
5 
2 
4 
6 
4 
5 
6 
1 1527450706  
2 
5 
4 
1 868922439  
6 
6 
5 
4 
4 
5 
5 
4 
1 1507095495  
2 
1 639400616  
4 
4 
2 
2 
2 
5 
2 
2 
1 1415260287  
5 
4 
6 
4 
5 
4 
2 
2 
6 
3 
2 
4 
5 
5 
5 
5 
2 
1 1039297576  
1 1571433429  
5 
2 
3 
2 
3 
5 
4 
2 
1 864179072  
4 
1 1023036413  
6 
3 
1 881005998  
5 
4 
2 
3 
2 
1 1638450025  
4 
4 
1 1888937099  
1 1625635759  
4 
5 
3 
5 
4 
1 603731860  
5 
6 
3 
5 
4 
5 
4 
5 
6 
3 
1 680984722  
6 
4 
6 
1 1568277027  
6 
3 
6 
1 2025401118  
4 
2 
6 
5 
2 
2 
5 
4 
3 
6 
2 
3 
5 
6 
2 
4 
6 
3 
5 
1 740299016  
5 
5 
5 
5 
6 
2 
4 
4 
4 
2 
6 
5 
6 
3 
6 
4 
2 
1 906377711  
2 
2 
2 
3 
2 
2 
5 
6 
4 
4 
1 2141474078  
6 
3 
6 
6 
3 
1 287163551  
5 
2 
4 
2 
5 
2 
1 365067583  
1 1745972813  
2 
3 
6 
2 
2 
6 
4 
4 
1 561861060  
2 
1 1470240454  
2 
1 1180604879  
3 
6 
2 
3 
6 
6 
4 
1 1405912633  
6 
5 
3 
4 
4 
5 
6 
6 
4 
3 
6 
6 
1 312305482  
1 2065295556  
4 
3 
4 
5 
1 1844200460  
2 
1 1052096410  
2 
4 
5 
3 
6 
6 
2 
3 
2 
2 
5 
5 
3 
4 
6 
1 1445262615  
3 
2 
5 
5 
1 565639252  
1 411708257  
3 
4 
4 
5 
5 
1 2084663231  
1 1980899539  
2 
1 1451005833  
2 
5 
4 
5 
6 
2 
3 
3 
6 
4 
4 
2 
2 
6 
5 
2 
1 1508613013  
2 
5 
5 
6 
6 
4 
5 
6 
3 
3 
6 
3 
4 
1 697594963  
5 
2 
2 
5 
2 
2 
5 
2 
1 326558598  
4 
3 
5 
1 242135363  
1 188561340  
2 
3 
6 
4 
2 
1 68012049  
1 1867771122  
3 
3 
1 792293200  
5 
5 
2 
3 
6 
4 
3 
1 748996772  
3 
6 
1 1288564501  
6 
1 670210670  
2 
1 1489295788  
2 
4 
6 
1 47458565  
5 
6 
4 
1 664201101  
3 
5 
1 1776459339  
1 412526148  
4 
1 262690266  
3 
4 
3 
1 190836751  
1 1882766602  
2 
6 
4 
4 
3 
6 
4 
5 
1 1443295145  
4 
1 1596749384  
1 47588437  
6 
6 
6 
2 
2 
4 
1 1361107054  
4 
1 1293466197  
2 
6 
3 
1 1099684847  
3 
1 658886021  
2 
6 
4 
5 
6 
5 
3 
5 
1 1859105449  
4 
3 
5 
4 
4 
2 
1 1511393104  
3 
4 
3 
5 
1 596065604  
2 
1 1692521340  
4 
4 
2 
5 
1 814915289  
3 
6 
2 
4 
1 2104678617  
5 
3 
4 
6 
3 
5 
1 242632655  
1 1141473887  
2 
4 
1 199330332  
1 431193995  
1 1209485936  
4 
5 
3 
1 2067101454  
6 
3 
4 
3 
4 
3 
3 
4 
6 
4 
4 
5 
3 
1 1223487196  
3 
2 
2 
6 
3 
2 
6 
3 
2 
5 
6 
5 
6 
4 
5 
1 1958482708  
4 
6 
3 
3 
1 1208182308  
1 1893697866  
1 1300294848  
6 
5 
1 1255640873  
3 
2 
6 
3 
1 410415319  
3 
1 929270540  
5 
2 
5 
5 
3 
2 
1 1668167021  
5 
4 
2 
4 
4 
2 
1 673105585  
1 1120107291  
4 
5 
1 1403449976  
2 
6 
4 
4 
5 
1 2116400731  
4 
3 
4 
2 
2 
6 
6 
2 
3 
1 569373028  
2 
2 
2 
1 1451038413  
4 
1 1330024137  
1 1862839225  
5 
2 
6 
5 
4 
2 
4 
2 
2 
5 
2 
2 
6 
3 
6 
1 403239612  
2 
3 
4 
1 1988910158  
3 
1 1574461026  
6 
6 
1 1914632716  
6 
5 
3 
3 
4 
3 
3 
1 437492114  
3 
3 
3 
2 
1 1119498718  
4 
6 
2 
3 
3 
3 
2 
2 
5 
5 
3 
1 582064357  
4 
6 
2 
3 
5 
1 394687084  
3 
6 
1 1362131373  
2 
2 
3 
5 
1 1723538244  
6 
4 
1 594017416  
3 
4 
5 
6 
2 
4 
6 
1 1793325368  
6 
2 
4 
1 785540532  
5 
2 
1 513635223  
6 
2 
5 
6 
2 
2 
5 
1 869328916  
6 
4 
6 
1 596539593  
2 
2 
6 
6 
3 
2 
4 
2 
4 
3 
1 1721817531  
3 
6 
2 
2 
6 
4 
3 
2 
1 615543135  
2 
1 1896834441  
1 829974756  
3 
6 
2 
6 
3 
5 
3 
1 1025958454  
3 
5 
5 
3 
4 
2 
1 678621333  
2 
2 
4 
5 
4 
5 
6 
4 
5 
4 
4 
4 
3 
5 
5 
4 
6 
6 
1 350658129  
1 1699064040  
3 
4 
6 
2 
4 
3 
1 1798728625  
5 
4 
1 1754108105  
5 
2 
5 
6 
6 
4 
1 1667981123  
4 
2 
5 
3 
6 
6 
5 
5 
4 
5 
1 220618005  
1 1057662870  
3 
4 
6 
6 
6 
2 
4 
6 
5 
3 
2 
5 
4 
1 850521612  
2 
1 2083457230  
5 
1 1460902482  
2 
6 
5 
2 
1 691948122  
6 
4 
5 
6 
3 
6 
4 
1 1510434608  
5 
2 
5 
6 
4 
1 1228051550  
2 
3 
6 
1 1129440236  
6 
1 482449678  
1 1810115907  
6 
4 
6 
4 
5 
6 
2 
3 
3 
6 
3 
1 1524127320  
2 
3 
3 
2 
2 
4 
5 
1 1844581051  
4 
3 
2 
6 
5 
6 
2 
1 1386170503  
1 2118144737  
5 
3 
4 
1 1490422771  
5 
1 24227388  
2 
3 
6 
3 
2 
4 
2 
5 
5 
2 
4 
1 484296312  
4 
2 
1 212268040  
4 
3 
3 
4 
4 
1 620766981  
1 58630195  
2 
1 827811175  
6 
3 
2 
1 370117774  
4 
5 
4 
6 
6 
5 
3 
6 
1 888604951  
1 1853769629  
4 
2 
4 
4 
1 1048739108  
3 
6 
6 
3 
2 
3 
1 1239263080  
4 
5 
4 
1 1405350021  
5 
5 
4 
6 
2 
6 
3 
1 699984085  
3 
4 
6 
3 
2 
1 845887538  
1 925847496  
5 
2 
3 
5 
1 920602090  
2 
6 
5 
5 
5 
1 1903550408  
2 
5 
1 1776369108  
2 
5 
4 
3 
2 
5 
1 856575672  
5 
6 
6 
2 
3 
2 
2 
5 
4 
6 
1 1216969243  
6 
5 
5 
3 
3 
1 320833582  
1 219526632  
1 297537145  
6 
1 1450273819  
4 
1 701976310  
3 
5 
1 2107653053  
4 
4 
6 
2 
1 826917491  
2 
5 
5 
1 399073713  
1 1346339908  
1 797578580  
4 
5 
4 
3 
1 1889496484  
2 
2 
1 1370567296  
6 
5 
3 
5 
2 
6 
3 
2 
5 
1 1281874892  
3 
3 
5 
2 
3 
6 
4 
2 
6 
2 
4 
1 2101764524  
2 
1 1991334277  
2 
1 1340505087  
6 
6 
4 
6 
4 
5 
1 782092051  
5 
1 213968404  
6 
5 
4 
5 
1 81626390  
5 
2 
2 
4 
3 
1 488378033  
6 
4 
1 1262707512  
3 
1 1320889471  
6 
6 
3 
2 
6 
5 
6 
5 
4 
6 
6 
5 
3 
6 
3 
4 
4 
6 
4 
4 
2 
3 
3 
5 
1 1893728054  
4 
2 
1 1962691597  
4 
2 
1 19293361  
3 
1 672091903  
5 
2 
2 
4 
3 
4 
2 
6 
4 
1 735810039  
2 
3 
6 
4 
4 
3 
1 1922843769  
5 
6 
3 
5 
5 
6 
3 
1 300977363  
6 
4 
3 
6 
3 
3 
2 
5 
6 
2 
1 1592385711  
5 
3 
5 
1 992329364  
2 
3 
5 
5 
5 
4 
5 
5 
1 621810946  
4 
5 
6 
4 
4 
5 
4 
6 
1 1811912343  
4 
1 1289866510  
4 
1 2072084765  
3 
1 366405005  
1 1250035915  
1 751518608  
2 
4 
1 765478718  
1 448892175  
1 1549097189  
1 507491554  
5 
2 
1 1819459472  
4 
2 
4 
1 683488433  
5 
3 
3 
1 461772431  
3 
2 
4 
5 
5 
2 
1 1663310101  
2 
2 
2 
4 
4 
4 
1 2023993521  
2 
4 
6 
5 
5 
1 1243864482  
1 1877278505  
2 
6 
2 
1 2105619911  
1 1732242515  
5 
2 
2 
1 992502369  
6 
4 
4 
5 
4 
3 
6 
6 
3 
1 1279025734  
5 
5 
1 1478486922  
2 
3 
1 807710318  
2 
3 
4 
1 1298319095  
2 
2 
2 
5 
1 3095177  
3 
5 
3 
2 
6 
1 1543520357  
3 
2 
6 
5 
2 
1 1073679217  
5 
2 
3 
5 
3 
6 
1 304072540  
2 
1 988422420  
5 
2 
5 
1 2066008581  
3 
5 
4 
2 
2 
3 
6 
2 
4 
5 
6 
3 
1 925883486  
4 
1 652851115  
4 
6 
5 
4 
4 
1 1208391443  
1 850484603  
6 
5 
3 
3 
2 
1 1019256120  
2 
3 
4 
1 310943710  
6 
4 
1 1602003212  
4 
2 
3 
5 
2 
5 
2 
4 
1 1784734838  
4 
4 
5 
6 
4 
1 759835886  
5 
3 
3 
1 1003616753  
1 144742745  
4 
6 
6 
4 
5 
3 
4 
6 
3 
1 431811710  
4 
2 
4 
3 
3 
4 
6 
5 
1 1687105186  
1 606515176  
1 2095121811  
5 
3 
1 1563615059  
3 
3 
2 
5 
5 
4 
4 
5 
3 
5 
4 
5 
4 
4 
4 
6 
3 
1 1850379658  
4 
6 
3 
5 
5 
3 
6 
5 
1 1824916669  
4 
6 
1 1521751323  
1 1435138526  
1 669935390  
2 
2 
5 
1 653293409  
3 
6 
6 
6 
6 
1 766141800  
6 
6 
4 
6 
1 1477645709  
3 
4 
3 
4 
5 
6 
2 
3 
3 
4 
6 
5 
5 
1 1951612505  
5 
6 
1 769236977  
3 
4 
6 
5 
1 873682418  
6 
5 
3 
2 
5 
2 
1 877808074  
2 
2 
1 1073309517  
2 
1 1862104839  
3 
5 
2 
5 
5 
3 
5 
1 796333007  
1 1999193004  
6 
1 367472306  
1 2004724451  
1 702193959  
1 1386728427  
4 
3 
6 
3 
2 
2 
3 
3 
4 
2 
1 168184513  
6 
5 
4 
2 
2 
5 
2 
3 
2 
3 
2 
4 
1 156713523  
1 1023979617  
3 
3 
5 
4 
6 
3 
1 928020399  
4 
1 1160330276  
5 
5 
2 
5 
1 1168722362  
3 
3 
4 
5 
6 
6 
5 
4 
3 
5 
6 
2 
6 
6 
2 
2 
3 
3 
6 
3 
5 
5 
3 
1 1359832109  
6 
1 699951815  
1 1775237538  
3 
6 
6 
5 
4 
3 
3 
6 
1 1307470273  
6 
2 
5 
1 116083226  
6 
2 
4 
1 1478133549  
5 
5 
1 984903294  
1 1637834549  
3 
3 
5 
3 
1 765788427  
2 
6 
3 
2 
2 
4 
1 1654838684  
2 
4 
2 
1 143644311  
2 
5 
3 
4 
1 1531930227  
2 
2 
6 
4 
3 
4 
6 
5 
4 
4 
5 
4 
5 
1 985000745  
5 
5 
5 
2 
3 
1 2095256816  
1 153683556  
5 
4 
2 
6 
1 1858683164  
6 
6 
6 
4 
4 
3 
6 
4 
3 
2 
6 
1 825581242  
5 
5 
6 
3 
5 
1 1226993073  
6 
4 
6 
1 1573304355  
4 
1 1621914249  
1 1078702429  
6 
3 
1 1940776661  
5 
2 
6 
6 
4 
3 
3 
6 
2 
5 
5 
1 1479155052  
2 
4 
4 
2 
5 
4 
3 
6 
4 
5 
6 
4 
1 1780896389  
5 
6 
4 
4 
6 
5 
6 
4 
3 
5 
4 
1 1180021440  
4 
5 
6 
2 
4 
3 
6 
3 
6 
3 
4 
4 
4 
2 
4 
5 
1 1647339566  
1 1937609912  
4 
2 
3 
1 56517410  
4 
4 
3 
4 
6 
2 
5 
1 427876317  
4 
2 
1 950456541  
3 
5 
6 
3 
6 
4 
4 
5 
3 
4 
1 1225239772  
2 
6 
5 
6 
1 1787708427  
3 
6 
5 
2 
3 
3 
6 
4 
6 
6 
6 
5 
5 
5 
1 1650408356  
4 
3 
6 
5 
3 
3 
4 
3 
5 
3 
3 
3 
6 
5 
3 
5 
4 
1 852993663  
1 947695052  
5 
2 
3 
3 
5 
5 
3 
5 
1 1766491582  
3 
5 
3 
1 183643564  
1 1932598346  
1 1256842484  
4 
3 
3 
2 
6 
2 
5 
3 
1 949431991  
4 
6 
4 
2 
2 
6 
6 
3 
6 
4 
4 
5 
1 1439953382  
1 1400486795  
4 
2 
1 333878570  
2 
6 
2 
4 
6 
5 
2 
5 
1 277470480  
6 
1 1348259963  
2 
3 
2 
4 
3 
3 
5 
5 
4 
3 
1 487562126  
4 
2 
4 
2 
1 2136153644  
4 
5 
2 
5 
3 
2 
2 
4 
1 26357557  
5 
1 1714555199  
6 
2 
4 
6 
5 
1 1561974351  
2 
6 
4 
5 
6 
5 
5 
2 
2 
3 
4 
1 1648271806  
3 
3 
1 645773981  
2 
2 
3 
2 
1 1355267364  
6 
6 
5 
6 
2 
2 
2 
4 
4 
4 
3 
1 979943211  
6 
5 
1 279186722  
1 387805157  
6 
1 479799129  
6 
3 
1 69312986  
6 
2 
1 444322567  
5 
5 
6 
6 
2 
1 907675446  
1 1019769527  
4 
3 
5 
4 
3 
1 1669562339  
4 
6 
2 
4 
1 547900225  
4 
2 
1 522694235  
3 
3 
3 
2 
3 
5 
3 
3 
5 
6 
6 
1 375072354  
2 
3 
3 
3 
2 
4 
3 
6 
4 
6 
6 
4 
1 1495595277  
6 
3 
2 
4 
3 
4 
6 
5 
1 141702170  
4 
6 
2 
3 
4 
5 
2 
2 
2 
3 
4 
3 
5 
3 
5 
6 
5 
5 
2 
3 
1 558715918  
5 
4 
6 
4 
2 
6 
2 
4 
5 
4 
5 
4 
2 
5 
2 
1 1280709975  
6 
3 
2 
3 
2 
4 
3 
3 
1 1398544654  
4 
4 
1 1508147909  
5 
2 
1 573179710  
1 651547801  
6 
3 
1 1842026479  
3 
3 
2 
6 
3 
5 
6 
2 
4 
4 
6 
5 
6 
4 
5 
3 
5 
1 850650190  
1 1999807764  
3 
5 
4 
3 
5 
4 
1 182104957  
1 839320186  
4 
1 2026165321  
3 
3 
6 
2 
6 
4 
5 
6 
6 
3 
2 
2 
4 
3 
5 
2 
2 
4 
6 
5 
4 
3 
3 
2 
5 
1 1896660157  
5 
3 
4 
6 
5 
5 
5 
4 
3 
2 
6 
1 253810889  
3 
2 
1 1526953479  
4 
4 
1 394950490  
4 
1 1609078253  
4 
4 
5 
4 
5 
6 
2 
3 
6 
1 359413042  
1 674137212  
3 
1 1996883410  
4 
6 
1 839212171  
1 743450198  
1 293722329  
5 
1 1746887618  
4 
2 
2 
5 
1 1763219726  
1 1963284669  
5 
2 
1 147304195  
2 
6 
3 
4 
4 
4 
1 138430313  
4 
2 
5 
3 
2 
6 
4 
4 
4 
2 
1 190873375  
6 
1 1642899473  
2 
5 
2 
4 
5 
5 
4 
4 
6 
4 
5 
6 
6 
5 
5 
6 
5 
4 
4 
6 
3 
4 
5 
3 
6 
2 
6 
3 
1 280132483  
1 749589294  
2 
1 776125800  
4 
1 1678677137  
5 
5 
3 
6 
4 
1 110253555  
6 
2 
4 
5 
6 
5 
2 
3 
2 
2 
4 
1 1349305510  
1 182741290  
3 
6 
5 
4 
5 
4 
5 
1 1952280035  
2 
3 
3 
4 
4 
4 
2 
5 
2 
4 
2 
1 52472052  
5 
6 
1 35065406  
2 
6 
5 
4 
6 
6 
2 
1 2134384992  
1 891792238  
6 
1 2061230727  
2 
2 
6 
2 
5 
4 
1 1883561501  
1 1145603127  
4 
6 
5 
4 
5 
3 
3 
2 
5 
2 
2 
3 
3 
2 
5 
5 
4 
1 1440700559  
4 
2 
1 131028343  
3 
4 
3 
5 
2 
6 
1 607197733  
3 
1 1800113601  
1 805165555  
1 456597495  
5 
6 
6 
5 
1 491842125  
5 
4 
2 
5 
6 
3 
4 
6 
3 
2 
4 
3 
2 
2 
3 
6 
3 
2 
2 
1 1548615754  
6 
2 
6 
2 
1 750319825  
5 
2 
5 
6 
5 
4 
1 91246095  
1 1164351832  
4 
3 
6 
4 
2 
2 
4 
2 
4 
6 
4 
6 
6 
2 
5 
1 566120846  
1 238550290  
3 
2 
3 
3 
3 
5 
5 
4 
6 
1 1302782145  
6 
6 
6 
4 
2 
1 756994221  
3 
6 
6 
3 
3 
2 
5 
3 
5 
2 
6 
5 
6 
3 
1 1881449763  
6 
6 
6 
4 
2 
1 1582914629  
4 
5 
1 1506583515  
2 
2 
6 
2 
4 
2 
6 
5 
4 
1 510091916  
4 
5 
4 
6 
6 
6 
6 
6 
1 1114108118  
6 
3 
4 
2 
2 
3 
4 
3 
5 
3 
4 
6 
6 
3 
6 
2 
4 
2 
6 
1 1616837071  
1 1859397426  
3 
6 
4 
3 
2 
6 
6 
2 
4 
1 1296849409  
2 
6 
5 
5 
5 
1 1421633458  
2 
3 
1 1911869479  
6 
6 
1 1331914815  
5 
6 
3 
2 
5 
5 
2 
4 
5 
5 
5 
4 
2 
5 
6 
1 1408534802  
5 
2 
5 
3 
6 
1 656178069  
4 
1 1245661895  
5 
6 
6 
5 
4 
2 
6 
1 1144612656  
5 
4 
1 1801781197  
6 
5 
5 
2 
6 
2 
5 
1 538878806  
4 
5 
6 
6 
2 
4 
1 1275640999  
5 
5 
1 261495282  
4 
5 
1 191508759  
3 
2 
2 
1 2080806555  
6 
3 
1 718092777  
5 
6 
1 683350884  
6 
1 1481938661  
5 
4 
3 
3 
6 
5 
6 
3 
6 
2 
6 
2 
5 
5 
2 
2 
5 
4 
5 
3 
4 
6 
1 1468412602  
2 
5 
5 
2 
5 
5 
2 
2 
2 
5 
3 
1 774596979  
2 
3 
1 498806845  
4 
5 
1 2034533448  
5 
6 
5 
2 
2 
1 1013147270  
3 
1 1801588990  
4 
6 
4 
5 
3 
3 
6 
6 
6 
6 
1 644044022  
3 
1 747113385  
5 
1 1237019971  
4 
6 
4 
2 
6 
4 
3 
6 
4 
1 3143889  
1 1257205301  
1 203644442  
1 1619980960  
5 
2 
6 
3 
5 
2 
2 
1 969119080  
3 
2 
3 
4 
1 1500493851  
4 
2 
4 
4 
6 
1 894130770  
1 733504911  
3 
3 
3 
6 
2 
3 
3 
4 
6 
1 684925018  
1 155181925  
5 
6 
6 
6 
6 
4 
1 1389682980  
1 1930586913  
1 1299794581  
6 
2 
1 1043980529  
5 
1 321982071  
5 
5 
1 427951932  
6 
5 
1 1305475811  
4 
2 
4 
5 
1 513490831  
3 
2 
5 
6 
6 
1 361274839  
4 
1 2023568589  
4 
5 
4 
3 
3 
2 
6 
2 
4 
2 
2 
1 1196841715  
5 
4 
6 
5 
1 1843213500  
2 
5 
6 
4 
6 
3 
2 
2 
2 
6 
1 1344497543  
3 
4 
2 
4 
3 
3 
5 
5 
3 
6 
2 
4 
4 
1 1971438695  
4 
3 
4 
5 
3 
5 
2 
1 194536697  
2 
3 
2 
5 
1 1231547344  
6 
6 
5 
5 
2 
3 
6 
2 
5 
1 837102317  
5 
6 
1 1996125688  
3 
6 
2 
4 
3 
2 
4 
6 
2 
2 
1 1875591366  
3 
3 
4 
6 
2 
3 
2 
6 
3 
2 
1 1584215702  
1 1085662011  
1 1878735255  
4 
6 
5 
6 
5 
1 693937356  
4 
2 
5 
4 
4 
6 
1 1289306453  
2 
1 1351232568  
3 
1 1663056436  
1 642316656  
4 
2 
1 97879690  
6 
5 
4 
3 
2 
1 249077699  
1 1327241675  
6 
6 
1 253061615  
5 
3 
6 
6 
4 
4 
3 
3 
2 
1 1638760679  
2 
5 
4 
2 
5 
3 
4 
1 1110344940  
2 
4 
3 
3 
5 
2 
4 
2 
4 
4 
3 
1 1552856196  
1 535257561  
5 
6 
4 
3 
3 
6 
3 
2 
1 1432327012  
2 
1 1980808129  
6 
5 
1 1840733372  
3 
4 
6 
2 
2 
1 1945817843  
3 
6 
3 
2 
4 
5 
6 
2 
5 
1 194599320  
2 
3 
4 
3 
6 
6 
1 1716818313  
4 
3 
4 
5 
4 
5 
3 
3 
2 
2 
5 
4 
6 
2 
3 
4 
2 
5 
3 
1 995175910  
3 
2 
1 2037812821  
6 
5 
1 913832209  
4 
3 
5 
6 
5 
3 
2 
4 
6 
5 
5 
2 
4 
2 
5 
1 819130957  
6 
4 
1 84865870  
5 
2 
5 
2 
6 
5 
5 
4 
5 
1 2145379553  
3 
4 
2 
2 
5 
6 
1 1656233274  
4 
6 
5 
2 
5 
6 
1 2080991558  
1 1873487271  
1 1092965329  
6 
5 
4 
6 
1 1019169922  
3 
1 1604738878  
4 
4 
4 
5 
3 
1 1786902685  
5 
4 
5 
5 
1 160992727  
2 
4 
6 
5 
3 
5 
3 
6 
1 808487798  
5 
2 
2 
4 
2 
1 1302475473  
2 
4 
5 
2 
1 803309384  
5 
1 906367489  
5 
3 
1 1551553172  
2 
2 
2 
5 
3 
1 2130551059  
2 
6 
1 1159429104  
1 1042830203  
2 
5 
2 
1 1093412351  
6 
2 
3 
6 
2 
3 
3 
2 
1 564801653  
4 
5 
5 
2 
6 
6 
3 
1 1578087764  
6 
2 
5 
2 
6 
2 
1 378255715  
3 
3 
6 
6 
1 398126134  
5 
2 
5 
6 
2 
1 1271337489  
2 
5 
1 176589910  
4 
3 
1 592725454  
3 
5 
5 
1 840672154  
1 1171765821  
2 
3 
5 
4 
1 483054627  
6 
3 
6 
3 
2 
3 
3 
6 
3 
3 
1 1754504363  
1 1990896778  
3 
2 
1 567920498  
2 
2 
4 
1 1752400268  
1 1499646405  
5 
1 501428408  
1 1478403891  
6 
4 
6 
4 
5 
2 
2 
2 
5 
1 445128086  
1 1520598330  
2 
3 
5 
5 
2 
3 
1 935659122  
4 
1 84547123  
5 
4 
4 
2 
3 
1 1681591058  
5 
4 
5 
6 
3 
4 
1 1744146920  
1 1387022596  
4 
6 
4 
3 
6 
6 
6 
3 
4 
6 
3 
3 
1 337416794  
2 
2 
5 
3 
2 
6 
2 
3 
2 
6 
2 
6 
3 
3 
6 
5 
2 
1 503030761  
1 791092120  
6 
4 
3 
5 
2 
3 
1 320484205  
1 1662459866  
1 1833922323  
3 
3 
6 
5 
3 
6 
1 1413896556  
4 
3 
1 79777871  
4 
6 
3 
3 
2 
3 
2 
1 1264526440  
5 
3 
2 
5 
6 
2 
3 
5 
6 
3 
6 
3 
5 
4 
4 
5 
4 
4 
3 
2 
2 
3 
5 
6 
6 
5 
3 
3 
6 
3 
6 
4 
3 
6 
1 1792152272  
4 
4 
3 
4 
3 
2 
1 477904005  
6 
1 388380281  
2 
2 
3 
4 
5 
3 
4 
6 
5 
1 1968742182  
2 
2 
6 
2 
6 
2 
6 
2 
1 1070629459  
2 
4 
4 
2 
5 
6 
2 
4 
4 
3 
6 
2 
5 
3 
4 
1 1229052435  
3 
1 993024355  
6 
4 
6 
3 
6 
4 
2 
1 1553684087  
5 
4 
6 
1 836073151  
1 836437486  
1 2121604585  
3 
6 
5 
6 
6 
5 
3 
4 
3 
3 
1 440989771  
3 
6 
3 
5 
6 
2 
6 
2 
1 188600243  
5 
6 
1 475549345  
2 
2 
3 
2 
3 
6 
5 
3 
2 
4 
4 
4 
1 1919393663  
2 
3 
6 
5 
2 
3 
2 
2 
5 
5 
5 
6 
1 633728329  
3 
1 1996147676  
4 
2 
1 707569137  
2 
2 
2 
6 
3 
3 
4 
6 
3 
6 
6 
4 
1 718275452  
5 
1 1530255086  
4 
3 
2 
4 
2 
1 304232409  
6 
2 
1 2105298048  
4 
4 
4 
4 
3 
1 1867671880  
4 
1 807263171  
3 
1 748906520  
2 
4 
3 
2 
1 40672437  
1 322239389  
5 
1 435345195  
2 
4 
4 
3 
2 
3 
2 
1 1454568993  
3 
5 
4 
6 
3 
4 
5 
6 
1 402017260  
5 
5 
5 
6 
5 
3 
4 
6 
4 
2 
3 
1 1699871635  
6 
2 
2 
6 
4 
1 1099237617  
6 
1 879921265  
3 
5 
1 2088251916  
4 
4 
5 
1 920496152  
6 
5 
3 
1 1950550724  
4 
3 
2 
2 
5 
6 
2 
4 
1 1169820704  
6 
6 
6 
5 
5 
4 
2 
6 
5 
3 
2 
3 
6 
3 
2 
1 1913520507  
4 
3 
1 1356751163  
5 
1 2005893855  
6 
2 
2 
5 
2 
2 
2 
5 
2 
3 
3 
4 
5 
1 602474345  
5 
2 
6 
5 
6 
2 
3 
2 
5 
2 
1 1330872100  
4 
4 
4 
1 299399978  
1 791074588  
5 
5 
1 1806421446  
4 
3 
1 71309993  
4 
3 
2 
4 
2 
4 
5 
1 1424802917  
2 
5 
4 
3 
2 
3 
5 
4 
2 
3 
2 
2 
5 
2 
3 
5 
3 
4 
2 
2 
5 
1 1655085474  
2 
5 
5 
6 
2 
1 778879130  
5 
6 
5 
3 
6 
5 
2 
6 
6 
6 
1 2143078369  
4 
1 1037856912  
3 
5 
3 
3 
5 
4 
3 
2 
1 1083111540  
3 
2 
2 
1 2100892769  
1 758045144  
6 
6 
2 
2 
2 
3 
6 
5 
4 
5 
4 
1 1890374711  
3 
3 
6 
2 
3 
2 
2 
3 
2 
3 
1 702315641  
2 
3 
5 
3 
1 798717581  
1 65130452  
1 1137660837  
2 
5 
1 105802926  
6 
3 
5 
2 
2 
5 
3 
4 
1 467147712  
4 
1 690048824  
3 
6 
6 
2 
4 
4 
3 
5 
5 
1 1205040544  
4 
6 
3 
4 
1 1347068977  
1 630817093  
4 
6 
2 
1 2125536696  
2 
6 
4 
6 
4 
6 
4 
2 
1 1150136053  
3 
1 1800637797  
2 
2 
4 
5 
5 
2 
1 1891573555  
4 
2 
4 
1 359403569  
1 1659048004  
6 
2 
4 
2 
6 
2 
4 
6 
2 
6 
5 
5 
4 
5 
3 
3 
3 
2 
4 
3 
6 
1 346564253  
6 
4 
5 
2 
1 1690275669  
4 
5 
4 
3 
2 
3 
2 
5 
1 1958447982  
4 
4 
6 
2 
6 
1 1137638841  
2 
4 
5 
4 
6 
3 
2 
1 1349213467  
4 
3 
5 
4 
4 
4 
4 
4 
3 
5 
3 
3 
5 
4 
6 
1 2029757976  
6 
6 
4 
1 414958111  
2 
2 
5 
1 856815293  
3 
5 
5 
1 661153458  
4 
1 410552832  
6 
5 
5 
6 
5 
3 
1 1894672205  
5 
4 
4 
2 
6 
6 
1 1744264998  
4 
5 
3 
1 363961954  
6 
1 505233701  
6 
6 
6 
2 
2 
6 
1 1487156061  
2 
5 
6 
4 
1 1066277595  
4 
2 
1 1303951282  
3 
4 
3 
5 
1 1552286513  
3 
2 
1 56454784  
2 
2 
2 
4 
6 
5 
1 1409754209  
2 
4 
4 
4 
2 
6 
6 
5 
6 
3 
6 
6 
4 
6 
3 
2 
4 
1 2019434225  
3 
6 
5 
6 
5 
1 746503609  
6 
5 
2 
6 
3 
3 
5 
4 
5 
1 467311105  
1 1219019554  
2 
2 
1 1377320702  
5 
5 
6 
6 
2 
6 
4 
3 
4 
3 
6 
3 
5 
3 
2 
5 
2 
1 445364153  
4 
1 221671960  
2 
1 1030474851  
6 
3 
6 
2 
6 
5 
2 
2 
6 
1 189454060  
1 581075529  
4 
2 
3 
4 
5 
5 
3 
4 
5 
6 
5 
1 542039207  
3 
1 536018313  
5 
5 
2 
1 123867550  
3 
3 
3 
1 353003541  
4 
6 
1 1673657155  
6 
4 
1 1473081018  
5 
3 
6 
1 235277869  
4 
4 
2 
2 
6 
2 
1 2088615266  
3 
4 
3 
6 
4 
5 
3 
4 
3 
2 
1 182412663  
3 
2 
4 
3 
4 
6 
2 
2 
3 
6 
2 
4 
4 
2 
6 
6 
5 
4 
1 896431328  
3 
6 
2 
2 
6 
2 
2 
1 351684450  
1 2077084869  
3 
5 
5 
2 
3 
2 
5 
2 
2 
2 
4 
6 
3 
1 493212678  
1 715646404  
4 
5 
1 434834922  
3 
5 
6 
2 
5 
1 1980368740  
2 
6 
2 
4 
6 
5 
5 
6 
6 
3 
1 1781924000  
6 
4 
1 1738786205  
6 
6 
4 
6 
6 
4 
1 1385171605  
6 
4 
6 
4 
5 
4 
5 
4 
5 
3 
6 
3 
6 
5 
4 
6 
5 
6 
5 
2 
3 
4 
2 
5 
4 
6 
6 
1 1838378784  
3 
3 
4 
1 1001056766  
2 
6 
1 1257122183  
4 
4 
1 437398745  
4 
2 
5 
3 
2 
5 
3 
1 1468367871  
6 
5 
6 
4 
5 
1 328658089  
1 1814719447  
5 
3 
1 1913732024  
6 
2 
3 
6 
6 
5 
4 
5 
2 
6 
6 
1 550330049  
2 
2 
1 697710650  
6 
4 
1 2103186084  
6 
5 
2 
4 
6 
4 
1 1131405578  
4 
3 
3 
6 
5 
2 
1 1239749857  
4 
3 
6 
6 
5 
5 
3 
3 
4 
5 
6 
4 
5 
4 
3 
3 
3 
2 
6 
2 
5 
1 491720750  
5 
3 
6 
3 
4 
3 
5 
5 
6 
6 
5 
4 
1 1255273129  
2 
2 
2 
1 1592753399  
3 
3 
6 
1 17894257  
6 
1 580870499  
6 
5 
5 
4 
3 
3 
6 
3 
1 1828031268  
6 
4 
2 
4 
3 
3 
1 2106509523  
5 
2 
1 763283162  
2 
2 
5 
3 
3 
1 576978948  
6 
2 
3 
3 
5 
5 
2 
2 
6 
2 
2 
3 
1 310710325  
1 692884383  
3 
6 
4 
1 1070191627  
2 
3 
1 1026356730  
3 
6 
4 
4 
1 1127719306  
1 903076719  
5 
4 
1 660797082  
2 
5 
6 
5 
3 
5 
4 
5 
5 
4 
1 719021863  
3 
6 
6 
1 140764676  
4 
3 
4 
4 
2 
3 
4 
1 351692218  
3 
3 
2 
5 
5 
1 1720078629  
2 
5 
1 1397886859  
4 
6 
1 789090964  
6 
2 
3 
2 
6 
6 
3 
2 
6 
6 
5 
1 1040962852  
4 
2 
1 1726544949  
3 
2 
3 
3 
3 
6 
3 
2 
2 
6 
4 
1 456326763  
1 807211228  
4 
3 
3 
1 129391350  
1 1154037414  
3 
3 
4 
2 
2 
1 762913664  
5 
1 1260796929  
6 
6 
4 
5 
6 
5 
6 
4 
5 
5 
6 
2 
4 
5 
3 
5 
1 246303623  
4 
4 
1 1254634414  
5 
6 
3 
4 
1 368586410  
6 
4 
1 1839057022  
4 
5 
5 
4 
1 1272528671  
1 949456909  
5 
6 
3 
5 
6 
2 
1 1519604643  
1 1231554546  
1 1712740071  
6 
2 
6 
2 
1 2096583591  
3 
2 
1 1542264872  
2 
5 
6 
1 258140807  
3 
5 
3 
2 
3 
1 1019291570  
6 
6 
5 
5 
1 421137954  
2 
6 
2 
3 
4 
5 
5 
2 
3 
4 
4 
3 
5 
4 
4 
1 1385860113  
4 
1 1922368289  
6 
6 
3 
2 
4 
4 
5 
1 1081935036  
6 
6 
5 
1 2104881976  
2 
4 
6 
3 
6 
3 
5 
3 
4 
1 2063132966  
5 
2 
6 
6 
5 
6 
2 
3 
4 
5 
2 
1 1433627254  
5 
5 
5 
5 
3 
1 1677476957  
5 
2 
2 
2 
5 
4 
6 
2 
3 
3 
5 
6 
1 1313536177  
1 75234570  
2 
6 
4 
5 
1 570956161  
5 
1 892597478  
3 
3 
6 
5 
1 531561334  
3 
5 
3 
5 
6 
6 
6 
4 
1 1378167389  
1 1021988829  
4 
4 
3 
1 1685598748  
5 
2 
3 
3 
4 
5 
4 
5 
4 
5 
1 2141081053  
6 
2 
1 135302110  
2 
3 
1 1931902371  
1 1248231820  
5 
3 
3 
6 
3 
6 
6 
5 
1 503888520  
6 
5 
4 
2 
2 
6 
6 
4 
3 
1 1623475746  
2 
3 
5 
4 
3 
3 
5 
2 
5 
2 
2 
6 
5 
1 373276843  
6 
2 
2 
4 
3 
2 
3 
5 
6 
2 
2 
1 1453345429  
2 
2 
6 
4 
1 995596741  
2 
4 
4 
3 
5 
6 
2 
5 
2 
2 
2 
4 
2 
3 
1 1604831390  
5 
4 
6 
4 
3 
5 
5 
4 
5 
3 
1 1018601852  
1 944696684  
4 
5 
4 
4 
5 
2 
2 
6 
1 999612614  
1 1276742659  
6 
1 1963988255  
5 
4 
4 
4 
2 
2 
3 
1 1420750568  
3 
3 
4 
2 
4 
5 
1 515119124  
6 
3 
4 
6 
6 
6 
1 1738872896  
3 
5 
1 355201956  
2 
4 
2 
4 
2 
6 
1 472517452  
1 1654522214  
1 1788829210  
1 2510761  
1 820574744  
1 1864063781  
2 
4 
1 573466922  
3 
5 
3 
6 
4 
6 
1 1713172222  
5 
1 248141467  
6 
1 1951634311  
6 
2 
2 
3 
3 
5 
5 
1 587677403  
4 
6 
2 
3 
1 1933740215  
6 
5 
6 
2 
1 1945231717  
3 
6 
6 
2 
6 
2 
2 
1 722979513  
4 
3 
3 
5 
1 1718158938  
6 
6 
1 1045979889  
1 1226868033  
4 
4 
4 
4 
3 
6 
3 
2 
2 
2 
5 
4 
4 
2 
2 
1 1194151036  
6 
1 1419256732  
1 532729814  
1 42264129  
1 876604474  
1 1551331667  
2 
2 
6 
2 
6 
3 
2 
5 
5 
3 
4 
4 
6 
3 
5 
4 
5 
5 
3 
4 
3 
1 986960814  
4 
1 1876217088  
6 
4 
2 
1 680590678  
1 803465421  
6 
3 
3 
4 
3 
1 1149484008  
2 
3 
4 
1 1195709803  
4 
2 
2 
5 
2 
3 
6 
5 
4 
5 
3 
2 
4 
5 
4 
1 394854669  
5 
6 
1 1504685964  
5 
2 
3 
5 
5 
4 
2 
1 1668227255  
1 2049376884  
6 
6 
4 
6 
5 
2 
1 1146031527  
1 1670738017  
6 
6 
4 
2 
3 
1 722467980  
2 
1 862611660  
2 
5 
2 
6 
2 
5 
5 
4 
2 
1 96721291  
5 
1 288156554  
5 
2 
4 
2 
5 
3 
3 
1 1110753127  
6 
2 
2 
4 
1 2048355603  
6 
3 
2 
4 
6 
2 
5 
6 
3 
6 
4 
2 
5 
6 
4 
4 
2 
6 
3 
1 875833958  
6 
2 
3 
1 897009694  
1 1846103672  
1 1598813471  
6 
1 467684984  
3 
5 
3 
6 
3 
5 
3 
5 
5 
1 744599913  
4 
6 
2 
1 678197857  
3 
1 1661836021  
6 
6 
6 
3 
2 
5 
3 
6 
1 16372997  
1 1210927671  
3 
4 
1 1704100150  
4 
4 
4 
6 
6 
1 892977472  
4 
5 
6 
6 
1 614775690  
3 
2 
1 543577316  
5 
1 621710912  
3 
3 
3 
1 1295366369  
5 
1 1347042737  
2 
5 
5 
1 1771194921  
1 343592524  
3 
3 
4 
5 
1 1741897407  
6 
5 
1 1128397237  
4 
3 
3 
6 
1 2011819779  
3 
1 1643790643  
6 
5 
5 
2 
6 
6 
2 
1 126945116  
5 
6 
2 
6 
5 
3 
3 
3 
6 
5 
4 
6 
4 
6 
2 
2 
6 
1 1535074148  
5 
5 
6 
5 
4 
6 
1 218774975  
2 
2 
2 
5 
1 989556776  
1 1631795440  
3 
3 
1 506931529  
5 
4 
3 
6 
2 
6 
5 
3 
6 
5 
3 
3 
6 
1 2100309903  
6 
5 
5 
1 1532667395  
5 
2 
4 
4 
6 
6 
6 
3 
4 
2 
3 
3 
2 
2 
1 1382765487  
3 
5 
6 
4 
4 
6 
6 
6 
5 
4 
5 
1 849835949  
3 
4 
2 
5 
6 
2 
2 
6 
3 
4 
1 1231287419  
6 
2 
1 834095311  
5 
1 1317520934  
1 1975887332  
1 1512293168  
6 
1 831873307  
1 1992260329  
5 
6 
3 
1 575737191  
1 388489809  
1 737754153  
2 
1 1190512882  
1 932067126  
1 1359465066  
6 
4 
6 
3 
4 
5 
4 
4 
6 
6 
6 
5 
5 
3 
3 
2 
1 338395603  
1 131626215  
4 
2 
3 
5 
2 
4 
3 
1 983176339  
2 
4 
6 
4 
1 681988127  
6 
1 1873523622  
5 
1 2111573576  
3 
2 
1 546324258  
5 
6 
5 
4 
1 1369830617  
3 
4 
5 
1 91035045  
4 
3 
2 
6 
6 
2 
6 
6 
3 
5 
1 2081398407  
5 
4 
6 
5 
3 
4 
6 
5 
4 
1 1588605592  
2 
3 
6 
2 
3 
4 
5 
1 1080591821  
1 1565710199  
3 
1 2095537122  
2 
4 
1 1033418077  
2 
5 
3 
5 
1 950893946  
2 
3 
2 
6 
3 
5 
6 
5 
6 
3 
5 
2 
5 
1 1330818961  
5 
3 
6 
6 
5 
6 
1 1883254026  
5 
5 
4 
2 
3 
4 
2 
4 
2 
4 
4 
1 34697717  
2 
3 
6 
2 
6 
3 
5 
4 
5 
3 
1 17430624  
6 
6 
1 1053291312  
2 
6 
6 
3 
1 2010585049  
5 
1 1529723792  
2 
4 
4 
6 
3 
3 
3 
2 
1 1885164619  
2 
5 
2 
6 
3 
2 
3 
5 
5 
6 
3 
4 
6 
1 1855361730  
5 
4 
1 2105460984  
6 
6 
4 
6 
6 
5 
1 126170781  
4 
4 
3 
5 
4 
2 
6 
3 
6 
2 
6 
5 
1 445632236  
4 
2 
5 
4 
4 
1 1148490218  
1 1058237907  
2 
2 
4 
2 
2 
1 1805097302  
3 
6 
2 
1 1486885821  
4 
6 
2 
5 
2 
1 1189864122  
6 
3 
5 
3 
3 
1 640789993  
5 
1 21390300  
4 
5 
5 
5 
2 
6 
2 
5 
1 915904097  
5 
6 
3 
3 
4 
6 
2 
5 
2 
3 
5 
5 
1 604879921  
4 
3 
2 
2 
6 
1 567714558  
5 
1 138251066  
3 
1 695914966  
2 
6 
6 
6 
6 
3 
4 
1 501629317  
5 
6 
1 1726856659  
6 
2 
3 
2 
5 
2 
5 
6 
6 
3 
1 1776506788  
6 
6 
6 
2 
6 
3 
4 
1 2067339516  
4 
6 
6 
6 
3 
4 
3 
6 
1 1674910133  
4 
2 
1 662441217  
3 
5 
4 
6 
4 
1 870749814  
1 858245446  
4 
3 
4 
1 398211595  
3 
2 
4 
3 
1 905447531  
3 
3 
2 
1 875676071  
2 
5 
3 
5 
5 
2 
5 
5 
3 
6 
1 1451502908  
1 768548932  
1 257916215  
3 
5 
2 
5 
1 1189183879  
1 476427015  
2 
4 
1 215893551  
3 
5 
6 
4 
4 
4 
5 
1 1315354660  
1 922059251  
2 
1 1364383769  
4 
4 
3 
5 
5 
5 
1 226108919  
4 
3 
3 
4 
5 
3 
4 
3 
5 
1 579672905  
5 
2 
6 
5 
5 
2 
3 
2 
1 703785942  
4 
3 
4 
1 1415973042  
5 
2 
3 
4 
6 
6 
2 
5 
1 1220462898  
6 
6 
4 
6 
6 
2 
6 
5 
2 
6 
4 
6 
2 
1 725176242  
6 
4 
4 
3 
2 
4 
6 
1 184393491  
1 1825342819  
6 
6 
2 
4 
3 
6 
6 
1 1292890801  
4 
4 
5 
6 
3 
5 
2 
4 
5 
4 
2 
6 
3 
4 
1 322644557  
3 
5 
5 
3 
4 
1 373774138  
5 
2 
2 
2 
5 
4 
1 1794520118  
4 
1 2049501216  
5 
