3 
2 
2 
2 
6 
5 
4 
5 
6 
1 2076399607  
1 1669031517  
4 
6 
6 
4 
4 
5 
2 
6 
2 
2 
6 
4 
1 683242936  
5 
2 
3 
1 2111536443  
3 
4 
1 512460078  
2 
2 
3 
3 
5 
2 
6 
3 
6 
1 308587510  
6 
6 
1 615172704  
5 
5 
2 
3 
1 686195881  
6 
2 
6 
5 
2 
6 
4 
2 
5 
1 1827210699  
1 659028564  
2 
2 
1 198763161  
5 
4 
2 
2 
2 
4 
4 
6 
2 
4 
4 
2 
1 1878920712  
1 623083856  
6 
5 
3 
2 
1 2144458390  
6 
5 
3 
1 1502877781  
2 
3 
3 
3 
2 
4 
2 
4 
6 
6 
1 1705803373  
3 
5 
4 
5 
4 
6 
6 
1 316473005  
3 
4 
5 
1 840735640  
2 
4 
2 
6 
6 
4 
3 
6 
3 
4 
4 
4 
6 
3 
6 
4 
4 
5 
2 
5 
1 718057793  
6 
5 
5 
3 
6 
3 
3 
5 
1 217205507  
5 
6 
5 
6 
3 
6 
4 
2 
5 
1 250349402  
3 
2 
5 
3 
3 
4 
5 
1 1477840186  
4 
1 1181152284  
5 
1 1802796557  
5 
6 
6 
6 
3 
1 1261930210  
3 
3 
1 1091812700  
1 349051516  
2 
3 
3 
3 
5 
6 
4 
4 
1 769098964  
3 
2 
6 
5 
1 600607841  
4 
2 
3 
4 
5 
3 
4 
5 
5 
5 
4 
1 588792911  
6 
1 998023263  
2 
1 529523800  
6 
2 
4 
2 
6 
3 
5 
6 
4 
4 
4 
3 
2 
6 
1 110340780  
6 
3 
4 
2 
4 
3 
6 
2 
5 
4 
3 
6 
3 
6 
1 1681266199  
6 
5 
2 
1 493576596  
6 
1 622800858  
1 1989853709  
4 
5 
4 
6 
5 
5 
1 1108749300  
5 
5 
2 
3 
1 1308996739  
3 
2 
2 
6 
3 
1 1669580760  
6 
1 1767777865  
3 
1 1507759900  
1 1401017825  
1 243378073  
2 
1 1504734642  
5 
1 756411958  
3 
2 
3 
6 
3 
5 
2 
1 1949181446  
1 1821207647  
3 
4 
4 
3 
4 
3 
4 
4 
6 
1 1597147598  
2 
1 519755592  
5 
1 2038413154  
1 1847497000  
6 
3 
2 
6 
4 
1 1997595778  
1 1072081791  
1 1502809910  
3 
1 1112042340  
6 
2 
5 
6 
4 
6 
4 
6 
3 
4 
1 16410843  
5 
2 
5 
2 
1 1851861426  
2 
1 1881141305  
4 
1 617018684  
5 
3 
3 
3 
6 
6 
1 293170689  
3 
5 
2 
4 
2 
2 
1 731680920  
2 
3 
6 
3 
1 1146542484  
5 
5 
4 
5 
1 403511470  
3 
6 
2 
5 
6 
4 
6 
2 
2 
6 
6 
4 
4 
2 
3 
5 
2 
2 
3 
2 
1 265463471  
4 
2 
6 
4 
1 1640119080  
3 
6 
2 
2 
3 
6 
6 
2 
6 
4 
6 
6 
4 
5 
5 
2 
1 1026312328  
3 
1 107833532  
4 
4 
6 
3 
2 
5 
2 
6 
5 
6 
5 
3 
2 
2 
1 601384733  
5 
1 187825420  
4 
4 
3 
6 
1 1777414292  
4 
1 221678950  
6 
1 1695585320  
5 
2 
1 1030948469  
3 
6 
6 
5 
5 
1 465057023  
2 
2 
1 1052836315  
1 1787360428  
3 
3 
1 266754821  
3 
3 
6 
2 
4 
5 
1 726560314  
5 
1 1237024378  
3 
4 
1 786510413  
6 
3 
1 617489821  
2 
4 
2 
3 
2 
4 
2 
5 
3 
2 
6 
2 
1 937037731  
1 636622544  
4 
3 
5 
3 
6 
5 
1 1689571612  
2 
2 
6 
5 
5 
2 
3 
5 
4 
1 292363993  
3 
6 
4 
5 
1 1748664884  
3 
1 1705982455  
2 
6 
1 2144225419  
3 
1 1482322541  
3 
1 175517491  
1 289912460  
3 
2 
4 
6 
5 
4 
1 66519813  
3 
4 
4 
4 
6 
3 
3 
5 
1 1322059975  
4 
3 
1 693423930  
3 
4 
1 331983284  
6 
4 
5 
3 
5 
3 
4 
2 
5 
6 
5 
6 
6 
6 
6 
1 814695408  
6 
1 1719736259  
5 
1 439816816  
4 
6 
3 
5 
4 
2 
5 
5 
5 
2 
1 1416080141  
1 1907561679  
5 
5 
6 
5 
2 
5 
4 
2 
5 
2 
5 
5 
5 
4 
6 
4 
6 
5 
2 
4 
5 
4 
4 
6 
4 
4 
1 69747461  
2 
6 
1 1637759091  
5 
6 
5 
3 
1 1455663351  
3 
2 
4 
4 
1 1100695930  
3 
6 
5 
1 2102816114  
3 
3 
3 
2 
2 
4 
2 
1 361016018  
2 
5 
5 
4 
4 
1 740572710  
4 
3 
1 222087287  
2 
2 
2 
6 
3 
4 
4 
6 
5 
3 
2 
3 
1 1087576333  
2 
4 
2 
6 
2 
6 
4 
2 
2 
2 
4 
5 
1 1977597089  
5 
1 1008597701  
3 
3 
2 
1 1705066154  
6 
1 767151172  
3 
2 
2 
3 
1 1645220245  
3 
4 
1 1247154118  
6 
3 
6 
1 1059515165  
1 1246401481  
5 
2 
1 805652925  
2 
5 
4 
1 1056256936  
2 
5 
5 
1 581240375  
6 
4 
3 
2 
1 981170416  
3 
1 1346169396  
6 
1 647760188  
1 155746743  
4 
3 
4 
3 
6 
3 
6 
4 
3 
3 
6 
4 
3 
1 2039593327  
4 
6 
1 979743473  
1 970442151  
6 
1 1611845938  
6 
3 
3 
4 
5 
4 
3 
6 
5 
5 
6 
3 
5 
4 
3 
2 
6 
2 
2 
3 
1 1419560289  
3 
4 
1 239038644  
4 
2 
1 1371923969  
3 
1 1489307750  
6 
6 
2 
4 
4 
2 
1 1876797735  
1 680103672  
4 
3 
1 442520033  
2 
1 1832130201  
4 
5 
4 
5 
3 
1 1041119691  
6 
3 
3 
2 
6 
6 
4 
2 
1 1183092743  
5 
1 2054217489  
6 
4 
6 
3 
2 
5 
2 
5 
5 
6 
1 2128696024  
2 
6 
4 
3 
1 1013206184  
6 
3 
4 
5 
6 
2 
4 
6 
5 
5 
3 
2 
1 915331542  
1 1686278530  
5 
3 
6 
1 1780357356  
1 413068139  
4 
3 
3 
4 
1 785949000  
3 
3 
3 
5 
3 
3 
5 
4 
2 
1 692388873  
1 1659469620  
5 
2 
4 
2 
2 
3 
1 1591601925  
6 
6 
2 
2 
5 
4 
2 
4 
2 
3 
1 1748645809  
6 
3 
4 
3 
1 93226347  
6 
6 
4 
5 
3 
2 
1 425288693  
3 
6 
3 
2 
1 947331558  
6 
1 740986536  
3 
4 
3 
3 
2 
1 581035436  
3 
5 
5 
5 
6 
3 
4 
4 
2 
3 
2 
1 839441237  
5 
5 
4 
3 
4 
1 1720730009  
5 
4 
5 
6 
4 
2 
5 
4 
3 
4 
4 
2 
2 
5 
6 
5 
3 
1 1551477588  
2 
5 
4 
3 
3 
6 
1 303803527  
6 
6 
1 992806650  
1 1790516232  
6 
5 
2 
4 
5 
6 
6 
1 1675727496  
2 
4 
6 
5 
1 334630753  
6 
6 
6 
6 
3 
5 
6 
5 
2 
5 
4 
5 
5 
6 
6 
6 
4 
1 1519830320  
6 
5 
5 
1 208347520  
5 
6 
2 
4 
2 
3 
6 
4 
6 
2 
6 
3 
3 
4 
6 
3 
6 
2 
1 777150786  
2 
5 
1 1204476873  
4 
2 
1 1249467211  
2 
1 1960243529  
4 
5 
5 
3 
1 1111210714  
6 
4 
4 
2 
6 
4 
2 
4 
4 
5 
5 
1 1230679587  
6 
3 
6 
3 
3 
3 
5 
6 
1 825966066  
3 
4 
1 2026542256  
3 
4 
6 
1 769474469  
2 
5 
3 
5 
2 
1 458839774  
3 
2 
1 292126747  
6 
6 
2 
6 
2 
6 
3 
4 
5 
5 
4 
1 1555423469  
2 
4 
4 
2 
5 
3 
5 
2 
5 
1 1151228648  
2 
6 
1 1951596368  
6 
4 
4 
4 
4 
4 
4 
5 
4 
1 999541746  
5 
4 
4 
5 
2 
5 
3 
3 
4 
6 
5 
2 
5 
2 
5 
5 
3 
3 
6 
6 
2 
5 
2 
1 752390809  
1 2044822715  
3 
1 1424830439  
5 
3 
1 1699722367  
2 
2 
2 
1 638325603  
2 
5 
4 
1 2005865876  
4 
6 
2 
6 
6 
6 
1 391679956  
6 
5 
3 
1 211571964  
4 
3 
1 1409859816  
5 
1 695483483  
4 
3 
2 
1 1204378615  
4 
2 
4 
1 1052892400  
6 
5 
6 
2 
2 
1 223727331  
3 
1 1539009368  
5 
1 425239072  
4 
3 
4 
3 
3 
6 
5 
5 
2 
6 
3 
1 432074852  
2 
5 
2 
2 
5 
1 168676506  
6 
2 
1 1629715946  
5 
2 
3 
4 
6 
1 1681542063  
3 
2 
5 
4 
2 
1 2128920035  
3 
2 
2 
6 
3 
4 
1 593443012  
1 764738003  
6 
2 
2 
4 
5 
1 807402453  
1 472501621  
6 
4 
2 
1 1534212472  
2 
6 
3 
2 
2 
3 
5 
3 
1 1266242228  
6 
6 
3 
1 764628368  
5 
1 942152294  
3 
5 
2 
5 
6 
5 
5 
5 
6 
1 269987228  
1 568741088  
5 
6 
4 
1 1941694040  
3 
1 1022378037  
1 466080156  
4 
4 
2 
1 1219040832  
4 
2 
5 
1 574616757  
4 
5 
2 
1 1104405759  
2 
1 1077423060  
1 966296713  
6 
5 
1 1315977724  
5 
6 
1 339799228  
3 
6 
1 1661780197  
5 
5 
5 
1 372872691  
3 
1 1392691628  
4 
3 
1 1885507528  
5 
4 
2 
6 
1 1911882059  
2 
2 
5 
6 
3 
5 
4 
1 1817930701  
1 170098732  
1 2080558565  
1 1300162999  
4 
6 
4 
3 
2 
3 
5 
1 1851640796  
2 
3 
1 2061994952  
3 
1 1893606011  
2 
6 
6 
5 
2 
2 
3 
1 468895151  
2 
4 
3 
5 
2 
3 
3 
3 
2 
5 
4 
4 
4 
4 
5 
2 
1 721913758  
2 
6 
4 
2 
1 218623984  
5 
1 2003107623  
5 
6 
6 
3 
6 
6 
5 
5 
5 
1 1988155986  
6 
5 
2 
2 
4 
6 
3 
3 
6 
3 
5 
2 
2 
2 
6 
4 
3 
1 983252353  
4 
1 797776269  
5 
1 110659566  
5 
4 
1 1551993441  
3 
1 591986662  
5 
1 1133037603  
1 2018073597  
3 
2 
3 
6 
5 
6 
4 
5 
2 
6 
5 
4 
2 
3 
5 
5 
2 
6 
3 
6 
3 
6 
4 
3 
1 1811027494  
3 
3 
2 
5 
5 
4 
1 1707654360  
4 
1 974995709  
4 
3 
1 740966906  
2 
3 
6 
5 
2 
1 526467426  
5 
3 
1 143489785  
4 
2 
5 
1 1080766134  
1 40763975  
3 
6 
1 516362476  
3 
3 
4 
4 
6 
1 325974114  
5 
4 
6 
5 
6 
3 
5 
3 
6 
4 
2 
1 1926271503  
3 
5 
3 
5 
4 
3 
2 
2 
4 
3 
3 
6 
5 
4 
2 
4 
4 
3 
6 
6 
3 
5 
1 280760887  
2 
1 2143904815  
5 
4 
3 
5 
2 
2 
2 
2 
1 2096370236  
3 
1 213835804  
3 
4 
3 
2 
6 
1 1296584166  
4 
3 
2 
3 
6 
6 
2 
5 
1 1800527384  
6 
3 
5 
5 
6 
5 
2 
4 
4 
3 
2 
3 
6 
1 128347108  
1 1042706530  
4 
3 
3 
2 
3 
4 
2 
2 
2 
3 
1 121938887  
1 850260866  
4 
1 1261330514  
1 2125046510  
5 
2 
4 
6 
5 
6 
2 
5 
4 
1 690933204  
1 97099219  
2 
6 
5 
5 
1 775339132  
4 
2 
2 
2 
3 
1 801592770  
6 
2 
3 
3 
1 1649092661  
6 
1 1367325794  
6 
6 
4 
2 
3 
3 
5 
1 1934630374  
4 
3 
2 
6 
2 
4 
4 
4 
4 
4 
2 
3 
1 1519682610  
2 
1 1030869640  
5 
6 
6 
4 
1 1494801086  
6 
1 347194671  
2 
2 
4 
1 1771836546  
1 2021268512  
2 
5 
1 490684456  
4 
4 
6 
1 705119032  
6 
1 2062032487  
1 1007046932  
5 
1 1031093146  
5 
3 
2 
4 
1 1840820343  
1 1287807819  
6 
3 
6 
4 
2 
2 
6 
5 
3 
6 
2 
3 
5 
3 
6 
2 
6 
6 
6 
1 1027514314  
4 
4 
6 
1 1789706931  
1 1501643623  
4 
1 176614832  
1 1442750667  
5 
4 
4 
5 
4 
1 1629990732  
2 
4 
5 
1 1219321362  
1 1564689554  
1 332767950  
5 
4 
6 
1 333168229  
6 
2 
2 
1 1542252416  
6 
1 1023701155  
3 
4 
3 
5 
4 
2 
2 
5 
5 
6 
5 
1 430267448  
1 170107900  
6 
1 1825293925  
5 
1 2079360109  
4 
3 
5 
6 
3 
5 
5 
2 
2 
3 
1 1537433694  
3 
6 
1 1612440651  
5 
3 
3 
1 1451559072  
2 
4 
4 
1 420819686  
5 
6 
6 
3 
1 959758090  
2 
4 
3 
2 
4 
1 1798753743  
6 
1 45172584  
1 833542954  
2 
3 
4 
4 
4 
3 
5 
4 
6 
4 
1 141954552  
4 
6 
2 
2 
2 
3 
4 
4 
2 
6 
2 
3 
5 
2 
4 
3 
2 
2 
3 
5 
5 
2 
3 
2 
2 
1 750291616  
6 
4 
1 748091794  
4 
6 
2 
3 
6 
4 
4 
3 
6 
4 
2 
4 
1 1149001484  
5 
1 1781384763  
6 
3 
2 
4 
1 441428489  
3 
3 
1 289325656  
3 
1 661415429  
4 
6 
3 
3 
2 
6 
1 83651772  
4 
4 
5 
2 
6 
5 
3 
5 
6 
2 
6 
6 
2 
6 
4 
3 
2 
2 
6 
2 
2 
3 
3 
1 1790969279  
3 
4 
4 
6 
5 
1 838030261  
5 
5 
6 
5 
2 
1 1526402439  
1 1273476363  
3 
2 
2 
4 
6 
5 
3 
1 2057351624  
5 
6 
4 
4 
3 
1 943608345  
5 
5 
6 
1 1606244314  
5 
3 
1 243036205  
1 338377113  
4 
5 
5 
5 
5 
2 
1 482461821  
3 
4 
2 
3 
4 
5 
2 
1 673303653  
1 508485014  
5 
2 
4 
3 
4 
5 
4 
1 160272098  
2 
1 605180115  
1 2045918708  
6 
6 
3 
2 
3 
6 
5 
6 
4 
4 
6 
5 
1 1772712750  
4 
1 2056739187  
5 
2 
3 
5 
1 319254747  
6 
4 
4 
4 
5 
2 
5 
3 
5 
4 
1 584987192  
5 
6 
3 
1 1708009282  
4 
2 
3 
1 364427331  
1 1418530146  
3 
3 
5 
6 
3 
5 
6 
4 
1 1849963834  
6 
3 
2 
2 
6 
5 
2 
4 
2 
6 
1 1114718948  
3 
4 
5 
3 
3 
3 
5 
4 
4 
5 
6 
4 
5 
6 
6 
1 19138292  
4 
5 
6 
4 
2 
6 
3 
2 
3 
6 
6 
5 
3 
5 
1 851481671  
6 
6 
2 
6 
5 
3 
1 748620063  
3 
3 
3 
1 460566781  
4 
1 1140807327  
3 
1 1410035492  
1 544218553  
1 784292958  
1 100582105  
4 
6 
4 
3 
4 
2 
2 
5 
4 
6 
3 
3 
1 2070620992  
1 2057769322  
3 
1 10450081  
2 
4 
1 866745689  
3 
5 
5 
3 
6 
3 
6 
3 
6 
4 
4 
3 
4 
2 
6 
4 
6 
4 
3 
4 
6 
1 1516529988  
4 
5 
1 253486286  
6 
6 
4 
2 
5 
6 
5 
3 
6 
2 
2 
5 
3 
2 
6 
5 
6 
3 
5 
3 
1 1205122803  
2 
6 
6 
5 
2 
1 1998991809  
3 
1 926789940  
4 
4 
6 
3 
5 
2 
2 
4 
6 
4 
1 1713607817  
5 
4 
5 
1 11780259  
6 
2 
2 
4 
4 
3 
1 1531970055  
5 
6 
5 
6 
1 1612042877  
2 
2 
2 
5 
4 
5 
5 
3 
3 
5 
1 1784493009  
5 
3 
5 
1 1441225594  
2 
6 
3 
2 
4 
5 
3 
6 
4 
3 
2 
5 
2 
1 1931297624  
1 221996553  
2 
2 
5 
2 
6 
5 
2 
3 
5 
6 
5 
1 1001751228  
1 148241308  
3 
3 
1 1640526700  
4 
6 
4 
4 
6 
2 
5 
4 
1 704231415  
1 1262960256  
3 
2 
5 
6 
5 
5 
3 
5 
3 
4 
1 1659664992  
6 
3 
5 
6 
6 
1 1555713086  
2 
2 
3 
5 
1 2011580319  
4 
1 2120231774  
6 
3 
1 549036765  
2 
5 
6 
4 
5 
1 1274132163  
2 
4 
6 
3 
1 516966679  
1 1333329723  
2 
3 
1 1374714268  
3 
5 
5 
2 
4 
4 
3 
6 
3 
4 
4 
3 
6 
4 
6 
4 
5 
4 
4 
3 
4 
6 
5 
6 
1 440104024  
4 
3 
1 1243615397  
2 
4 
6 
3 
6 
1 1385164350  
6 
3 
1 1306849713  
5 
4 
3 
4 
5 
5 
5 
3 
5 
1 612661737  
3 
1 1638650636  
6 
5 
4 
5 
3 
4 
5 
6 
4 
6 
6 
2 
3 
2 
1 364488868  
5 
6 
5 
6 
6 
6 
5 
6 
4 
1 464169898  
4 
1 417956928  
5 
6 
6 
5 
3 
1 2078096685  
3 
3 
2 
3 
1 475950158  
3 
6 
1 1949926983  
2 
4 
4 
3 
2 
1 1542655915  
3 
3 
5 
6 
2 
3 
3 
3 
2 
1 112959519  
1 1243668929  
5 
5 
6 
6 
6 
3 
3 
2 
6 
2 
2 
1 1326469891  
6 
5 
6 
3 
6 
2 
6 
1 334956073  
5 
1 97936510  
2 
2 
6 
5 
5 
4 
4 
6 
1 1474711199  
5 
4 
1 1975482773  
1 802167925  
5 
4 
2 
2 
6 
4 
4 
2 
4 
6 
6 
2 
5 
2 
1 590187807  
6 
4 
5 
1 1487664117  
4 
4 
4 
4 
3 
1 210397363  
5 
3 
1 454284478  
3 
6 
2 
5 
5 
3 
5 
5 
2 
1 1460412243  
6 
5 
6 
1 759434128  
5 
6 
6 
5 
1 1728416641  
6 
2 
6 
4 
6 
4 
1 1977378923  
4 
4 
4 
1 2092763851  
5 
1 955647262  
3 
4 
2 
6 
6 
1 269999299  
2 
1 1188895601  
1 193327964  
3 
4 
5 
3 
5 
6 
2 
5 
1 1576849012  
2 
1 1801557338  
5 
5 
6 
4 
4 
6 
6 
6 
3 
1 1831978600  
5 
5 
1 1941337881  
3 
6 
4 
4 
6 
4 
1 118243589  
6 
6 
4 
4 
3 
2 
3 
6 
1 102451881  
2 
3 
4 
1 1871950918  
1 594193747  
6 
5 
1 2052378864  
3 
2 
3 
5 
2 
4 
5 
5 
2 
2 
6 
1 1267123185  
4 
3 
2 
1 707153266  
6 
5 
1 1148564146  
4 
4 
6 
4 
4 
1 446109429  
3 
3 
1 1042109339  
5 
3 
6 
1 1246500656  
3 
1 1920820628  
2 
3 
4 
6 
1 870108464  
2 
1 2048668581  
6 
6 
4 
4 
3 
2 
1 363524788  
2 
5 
3 
3 
5 
5 
1 210288934  
6 
4 
1 111582296  
1 817809266  
4 
2 
1 1670701177  
5 
1 871016424  
6 
2 
1 398742260  
6 
6 
4 
3 
2 
1 1500596452  
5 
6 
4 
4 
6 
1 816296627  
5 
4 
6 
4 
2 
5 
5 
6 
3 
6 
2 
2 
5 
2 
5 
6 
1 1354389522  
3 
1 1770595751  
1 2005192228  
3 
2 
1 1547717486  
5 
1 1199961116  
1 1659265919  
5 
3 
1 1232212438  
5 
6 
3 
4 
6 
6 
2 
6 
5 
4 
2 
2 
2 
1 993815349  
4 
4 
5 
4 
5 
1 1777509508  
3 
2 
5 
2 
6 
5 
5 
2 
5 
6 
3 
3 
6 
2 
3 
3 
3 
1 1334664319  
1 718282619  
6 
5 
4 
1 224219607  
6 
5 
6 
5 
4 
2 
1 1239559536  
3 
4 
4 
1 1985405805  
4 
6 
5 
5 
1 931372873  
4 
4 
1 240640034  
3 
6 
2 
6 
6 
1 284031586  
3 
6 
4 
6 
6 
1 1973482213  
2 
5 
5 
6 
1 1487140690  
4 
6 
6 
3 
3 
4 
2 
1 57368566  
2 
3 
6 
2 
1 696107029  
1 1388325623  
6 
6 
6 
6 
5 
4 
1 420893354  
6 
6 
6 
4 
1 906395963  
6 
4 
1 1499907919  
4 
1 1238702621  
4 
2 
3 
1 429613493  
3 
3 
2 
6 
2 
2 
3 
2 
1 223440695  
5 
6 
1 1637444881  
6 
6 
2 
1 1930209945  
1 1039737322  
4 
1 844350755  
6 
3 
6 
3 
1 1553322049  
5 
3 
6 
5 
6 
1 897445903  
4 
5 
2 
1 244584593  
5 
6 
6 
6 
1 605799517  
3 
4 
2 
3 
3 
4 
5 
3 
6 
3 
6 
4 
1 409228174  
1 1476797031  
5 
4 
3 
6 
6 
1 1599614866  
1 39254034  
1 663977703  
6 
4 
6 
2 
3 
1 170413837  
3 
5 
3 
1 263473641  
5 
1 1903537239  
4 
1 8335994  
6 
1 1194846514  
5 
1 2144177273  
3 
6 
5 
2 
3 
2 
6 
5 
1 292367580  
2 
2 
6 
6 
2 
2 
5 
3 
6 
2 
5 
6 
5 
2 
3 
5 
5 
3 
3 
2 
2 
3 
3 
6 
6 
4 
5 
2 
5 
4 
2 
6 
4 
3 
2 
1 1020845079  
4 
6 
4 
1 1483834315  
1 349736147  
4 
6 
3 
5 
2 
3 
2 
1 1716952109  
5 
6 
6 
3 
4 
6 
3 
3 
2 
6 
6 
3 
3 
4 
6 
1 724676290  
5 
6 
3 
3 
1 770629501  
2 
2 
6 
2 
5 
2 
3 
1 475864424  
6 
5 
4 
2 
4 
4 
2 
1 77100561  
1 2009332122  
5 
1 905477917  
3 
3 
5 
4 
5 
6 
5 
3 
6 
6 
2 
1 300541256  
3 
1 1499293355  
6 
2 
6 
2 
4 
3 
2 
1 688204215  
5 
2 
1 1340278578  
4 
6 
6 
4 
5 
2 
1 196160462  
4 
3 
6 
4 
3 
5 
2 
2 
1 94042616  
1 90240833  
2 
4 
6 
4 
1 440745055  
1 699842133  
4 
3 
2 
4 
4 
1 499469007  
4 
3 
5 
1 1917542087  
4 
2 
3 
6 
3 
6 
4 
3 
2 
5 
1 151973351  
4 
1 538723041  
1 434036142  
3 
5 
4 
6 
1 322387188  
2 
6 
1 802196682  
3 
2 
5 
2 
3 
2 
4 
5 
3 
4 
1 190089733  
3 
3 
6 
2 
5 
1 330723183  
5 
5 
2 
3 
4 
4 
6 
6 
2 
3 
4 
5 
6 
5 
2 
2 
4 
1 1997043197  
2 
2 
2 
3 
3 
3 
4 
1 186783358  
5 
3 
2 
4 
2 
1 623090763  
2 
3 
3 
5 
6 
2 
2 
3 
3 
3 
1 870404628  
2 
2 
3 
1 1670617673  
1 972826910  
5 
2 
2 
5 
1 439873089  
6 
5 
4 
3 
3 
4 
1 247810315  
1 1743456412  
4 
6 
6 
3 
1 915737514  
3 
4 
5 
4 
1 324910876  
1 1605304886  
2 
6 
2 
6 
6 
2 
6 
1 1821215431  
6 
5 
2 
2 
1 625452132  
3 
6 
4 
5 
1 957114594  
2 
2 
4 
6 
4 
5 
5 
5 
1 361935998  
2 
4 
6 
4 
1 1965730710  
2 
2 
6 
5 
6 
5 
4 
2 
2 
3 
1 1153275056  
4 
1 455978614  
4 
3 
1 2055971544  
5 
1 1594020112  
2 
4 
3 
5 
3 
5 
2 
2 
4 
2 
4 
3 
3 
5 
3 
1 1155820747  
4 
3 
1 407956903  
3 
5 
6 
6 
5 
6 
1 1364078551  
1 1307794098  
6 
5 
3 
1 946679945  
1 1798114693  
5 
1 1630181287  
2 
4 
2 
4 
1 1748876627  
6 
3 
4 
4 
4 
4 
6 
2 
6 
5 
3 
4 
6 
4 
2 
4 
4 
4 
4 
3 
2 
1 1988204426  
3 
3 
3 
1 1960904470  
6 
4 
3 
6 
3 
4 
6 
3 
3 
6 
4 
2 
6 
6 
3 
5 
3 
2 
6 
1 1598436176  
6 
6 
2 
4 
6 
3 
3 
5 
1 27504136  
3 
4 
3 
2 
2 
6 
1 436511585  
6 
1 321357157  
4 
2 
3 
2 
1 1698121809  
5 
3 
1 1409338496  
5 
6 
3 
1 761230246  
6 
4 
2 
2 
3 
1 1945932124  
4 
6 
6 
3 
3 
2 
2 
1 1005311260  
5 
1 1676967760  
1 123359352  
6 
3 
4 
4 
3 
4 
4 
1 463132498  
2 
3 
4 
3 
2 
1 1350699544  
1 748811484  
3 
6 
4 
4 
1 1420247092  
3 
1 1712635542  
4 
3 
6 
5 
3 
2 
4 
3 
5 
2 
3 
2 
5 
2 
5 
6 
1 567058546  
4 
4 
4 
1 426038501  
2 
1 21130509  
4 
4 
1 475546442  
5 
6 
4 
6 
1 2020058613  
1 1176951256  
4 
6 
1 883503346  
6 
3 
1 1236653516  
1 337261707  
3 
4 
6 
2 
3 
4 
2 
6 
1 1830183291  
2 
3 
3 
3 
5 
4 
6 
5 
1 887284561  
6 
1 1967442994  
1 1431576270  
5 
4 
4 
1 728005339  
3 
6 
3 
4 
6 
5 
4 
2 
1 1780863816  
2 
4 
3 
4 
3 
6 
6 
3 
2 
3 
2 
1 882528799  
6 
3 
5 
3 
1 755509475  
6 
1 69891753  
6 
3 
5 
4 
6 
6 
1 1203885956  
1 306147636  
3 
3 
2 
4 
5 
1 1479230249  
4 
1 1965116202  
6 
5 
1 104596112  
5 
5 
1 337057861  
2 
2 
4 
1 1494600315  
4 
4 
5 
4 
3 
2 
4 
2 
6 
4 
5 
5 
2 
4 
1 227955464  
2 
3 
2 
3 
2 
4 
3 
2 
6 
2 
1 800190360  
5 
3 
5 
1 697816211  
2 
1 976766948  
6 
2 
6 
3 
4 
2 
4 
1 72953804  
5 
5 
5 
3 
6 
4 
3 
2 
6 
1 262968105  
4 
1 1543825494  
4 
4 
6 
2 
3 
1 498992305  
2 
5 
6 
1 284098614  
5 
1 2019371937  
5 
6 
6 
5 
4 
5 
5 
3 
5 
1 371567270  
1 1461049871  
5 
5 
2 
6 
5 
6 
1 755391635  
5 
5 
4 
5 
1 1608220786  
1 1798311578  
4 
2 
4 
5 
1 438091278  
2 
3 
3 
5 
6 
3 
4 
2 
4 
6 
3 
5 
2 
5 
1 348021699  
1 1618270924  
3 
1 1869667548  
6 
2 
2 
6 
3 
2 
1 1076027038  
5 
2 
2 
5 
5 
2 
1 1251651092  
4 
1 604712699  
3 
3 
5 
5 
3 
1 1831536513  
2 
2 
6 
2 
4 
4 
3 
5 
2 
6 
2 
4 
6 
3 
5 
4 
2 
4 
4 
3 
4 
4 
2 
3 
3 
5 
6 
4 
2 
2 
5 
4 
6 
3 
2 
4 
3 
6 
3 
6 
4 
2 
3 
2 
1 1321542845  
3 
6 
2 
1 1808598655  
1 2137684149  
5 
5 
5 
3 
5 
4 
2 
5 
4 
2 
3 
5 
5 
6 
6 
1 653289447  
3 
1 1626231210  
1 94796613  
4 
4 
4 
5 
5 
6 
2 
5 
2 
2 
1 990347308  
2 
1 973347877  
3 
2 
2 
2 
4 
3 
4 
6 
5 
4 
5 
4 
6 
6 
2 
2 
1 322752077  
1 1790537668  
3 
1 1671164088  
2 
6 
4 
2 
2 
1 1299519025  
3 
1 1863491473  
1 1934132193  
6 
5 
6 
3 
4 
2 
2 
1 695860872  
5 
4 
1 215000130  
2 
5 
1 70747160  
2 
2 
6 
5 
4 
3 
4 
6 
1 567749161  
6 
6 
4 
6 
3 
2 
4 
4 
4 
3 
2 
4 
1 586567401  
2 
2 
1 1531797031  
3 
6 
3 
5 
6 
5 
6 
6 
4 
6 
5 
3 
5 
2 
5 
6 
5 
6 
1 1323140796  
6 
3 
5 
2 
2 
2 
4 
6 
5 
3 
4 
2 
5 
4 
1 47304539  
1 1182624961  
4 
2 
1 1761232074  
5 
3 
5 
1 395326239  
5 
4 
1 653412237  
3 
2 
3 
4 
3 
5 
5 
2 
5 
3 
6 
6 
1 1483415974  
5 
4 
4 
3 
1 1471353277  
2 
3 
1 1905063329  
1 2088128674  
6 
2 
1 1155406143  
6 
4 
3 
1 1079122526  
1 1749243681  
6 
2 
3 
2 
5 
1 1145606644  
1 1732411973  
3 
5 
3 
1 1227991243  
3 
1 1240403258  
6 
3 
6 
4 
5 
5 
2 
6 
3 
5 
6 
5 
1 575275634  
6 
6 
1 53855472  
2 
5 
2 
6 
5 
3 
1 1563155335  
1 218329654  
6 
3 
2 
1 1725019560  
5 
6 
6 
6 
4 
3 
5 
6 
1 715190713  
4 
2 
4 
3 
5 
4 
3 
5 
1 2081821127  
4 
6 
1 1511668106  
1 1411051585  
2 
5 
3 
3 
1 149337610  
4 
6 
5 
2 
4 
1 1582415266  
3 
4 
5 
1 1978800746  
1 735905011  
5 
6 
1 966728649  
5 
2 
2 
6 
6 
3 
1 1154457894  
3 
2 
3 
1 783209550  
2 
5 
3 
3 
2 
1 1869962  
6 
4 
5 
6 
1 768206320  
6 
1 1178535789  
5 
4 
6 
3 
1 655282199  
3 
6 
6 
3 
1 104138646  
4 
5 
2 
4 
3 
1 502405419  
5 
6 
5 
3 
5 
4 
4 
3 
6 
2 
2 
5 
1 412861880  
5 
1 44783672  
3 
5 
3 
2 
2 
4 
5 
3 
1 1657811562  
3 
4 
2 
1 1491984406  
1 1794027354  
1 655934558  
2 
4 
6 
5 
4 
6 
4 
4 
4 
5 
1 1076912732  
3 
4 
5 
5 
1 874534949  
4 
1 1896337816  
4 
1 1652188366  
1 928390422  
1 1312009504  
4 
5 
4 
2 
3 
5 
4 
1 1870518020  
5 
6 
2 
5 
5 
4 
4 
1 505926334  
2 
3 
3 
4 
5 
1 2027200217  
6 
3 
2 
1 1804855500  
5 
4 
4 
5 
1 2017594440  
2 
6 
1 1290768154  
5 
4 
4 
1 1954193110  
6 
3 
5 
5 
2 
1 1452526058  
1 1122085252  
3 
6 
6 
2 
6 
1 542614473  
1 271771059  
3 
1 129059498  
4 
4 
2 
3 
2 
3 
2 
6 
5 
4 
1 1325824023  
5 
5 
2 
3 
4 
2 
6 
3 
2 
3 
3 
3 
3 
4 
4 
4 
6 
4 
2 
2 
2 
6 
5 
3 
6 
3 
2 
5 
1 273641021  
5 
5 
3 
5 
5 
6 
5 
5 
1 897265818  
5 
3 
1 356876165  
2 
3 
3 
3 
6 
5 
6 
3 
5 
5 
2 
1 928923220  
5 
3 
5 
1 1001404464  
4 
3 
2 
4 
1 859281584  
6 
3 
2 
2 
2 
3 
5 
5 
3 
5 
2 
1 1341785100  
6 
2 
1 1046188137  
4 
5 
3 
1 369609498  
1 686285859  
6 
4 
4 
1 692731843  
3 
2 
3 
6 
4 
5 
4 
5 
4 
5 
3 
6 
6 
3 
2 
1 1025544056  
4 
5 
6 
3 
6 
5 
3 
6 
5 
4 
5 
3 
1 1763198591  
2 
3 
1 1567266792  
4 
1 774398225  
6 
3 
5 
1 1267903309  
2 
5 
3 
5 
5 
5 
3 
3 
4 
6 
6 
2 
1 348173566  
4 
4 
4 
2 
6 
2 
6 
2 
5 
5 
4 
4 
2 
4 
2 
6 
1 2086407729  
4 
3 
1 990937681  
4 
3 
6 
6 
2 
6 
4 
2 
6 
4 
3 
5 
2 
6 
5 
4 
6 
1 854099901  
3 
4 
4 
1 1966124298  
6 
4 
1 648309533  
4 
3 
6 
5 
3 
1 724210693  
2 
3 
3 
4 
1 1109408804  
1 455018995  
6 
1 29253104  
3 
3 
6 
1 84010408  
4 
4 
5 
5 
2 
4 
5 
3 
2 
1 997633468  
2 
1 301024163  
3 
6 
3 
4 
3 
4 
4 
1 213069906  
1 175973844  
1 574665185  
4 
1 1110335724  
2 
2 
5 
6 
1 532850009  
5 
1 1503588405  
1 2111740188  
3 
6 
5 
5 
4 
3 
5 
2 
6 
2 
6 
3 
2 
4 
1 1392131593  
2 
3 
1 697889858  
2 
1 1010444677  
1 1761741091  
3 
1 1384175717  
1 1703176520  
6 
2 
2 
6 
4 
1 639801499  
6 
1 999890660  
6 
2 
3 
2 
5 
4 
4 
4 
5 
4 
3 
6 
4 
2 
6 
4 
2 
1 1122959665  
3 
3 
6 
1 1414199724  
4 
3 
5 
3 
6 
6 
6 
3 
6 
1 120310321  
6 
1 1471133231  
3 
1 1353123805  
3 
5 
6 
2 
2 
3 
6 
2 
6 
6 
6 
2 
4 
2 
1 1111248002  
1 177749484  
2 
4 
6 
4 
6 
5 
4 
4 
4 
4 
1 1171764455  
2 
2 
4 
4 
4 
6 
3 
3 
3 
5 
2 
6 
5 
2 
4 
5 
1 1759557536  
4 
4 
4 
1 901960178  
1 133689611  
4 
5 
1 67092883  
3 
3 
5 
2 
3 
1 931213282  
3 
6 
3 
2 
5 
3 
3 
4 
6 
6 
5 
1 217700019  
6 
1 1064726352  
6 
2 
5 
6 
2 
5 
1 1232237445  
2 
4 
6 
1 430769925  
1 1240700196  
4 
4 
2 
1 1806902630  
5 
3 
4 
1 1541105649  
2 
2 
1 1773550205  
1 1163007388  
4 
6 
4 
2 
3 
2 
1 1505362190  
1 1018198150  
6 
1 1860897246  
3 
6 
6 
5 
1 368323219  
2 
3 
6 
2 
6 
1 632455593  
5 
1 1097589315  
3 
4 
5 
1 2071499740  
2 
1 1272257092  
6 
3 
2 
1 2097479975  
2 
2 
6 
6 
1 1046975757  
3 
5 
2 
4 
2 
4 
6 
2 
3 
3 
6 
3 
5 
4 
3 
6 
6 
3 
6 
2 
2 
4 
3 
2 
4 
1 538973169  
4 
6 
5 
3 
5 
6 
6 
2 
2 
3 
5 
2 
3 
6 
3 
4 
4 
5 
4 
5 
3 
2 
2 
3 
1 70306648  
3 
2 
4 
2 
5 
6 
6 
5 
4 
4 
2 
4 
1 370625340  
3 
1 1892096974  
3 
5 
3 
5 
3 
2 
5 
6 
5 
3 
2 
3 
2 
1 1181554650  
6 
5 
6 
2 
6 
2 
3 
6 
3 
1 548374825  
6 
2 
2 
6 
5 
3 
4 
4 
2 
5 
6 
1 916377782  
6 
3 
4 
5 
5 
1 793628538  
4 
2 
3 
4 
6 
2 
2 
1 1450335003  
4 
3 
6 
6 
5 
6 
5 
4 
5 
5 
4 
6 
5 
4 
6 
2 
6 
4 
2 
3 
4 
6 
6 
5 
3 
1 1050067393  
3 
5 
1 860721422  
3 
3 
3 
3 
1 234064637  
5 
3 
3 
1 1267767413  
4 
5 
1 1925447774  
2 
5 
2 
3 
4 
6 
6 
3 
6 
5 
4 
4 
4 
5 
3 
3 
3 
6 
6 
6 
6 
6 
6 
2 
4 
3 
2 
5 
4 
6 
2 
2 
5 
6 
1 1466302082  
1 1698537338  
4 
6 
6 
4 
5 
1 1018664322  
4 
5 
1 1125721065  
1 1092159340  
1 644730879  
1 141244805  
5 
5 
1 450037882  
2 
1 1662929029  
6 
6 
5 
6 
2 
6 
1 2002142051  
1 818361101  
2 
5 
5 
5 
6 
2 
4 
5 
2 
1 147900974  
1 952247718  
1 742377193  
3 
1 1420158066  
1 902244045  
2 
2 
5 
4 
5 
4 
6 
4 
2 
4 
6 
6 
5 
2 
2 
4 
1 1789352950  
3 
5 
3 
2 
1 1959131235  
5 
2 
1 972550693  
5 
4 
2 
1 12494643  
2 
1 1703744562  
4 
2 
1 6621695  
4 
3 
3 
1 560869468  
4 
5 
6 
6 
1 472638696  
1 800250234  
5 
3 
6 
3 
4 
5 
3 
5 
1 2011204471  
1 1522706089  
6 
5 
5 
3 
4 
3 
5 
5 
5 
3 
3 
3 
6 
5 
1 1660971656  
2 
2 
1 97785460  
4 
3 
2 
6 
6 
6 
2 
1 642989854  
5 
2 
6 
1 1438935782  
3 
4 
6 
1 1564087542  
5 
1 194043545  
2 
1 310116456  
1 542324959  
2 
2 
2 
4 
5 
4 
1 1286202885  
2 
4 
3 
5 
2 
4 
6 
6 
6 
2 
5 
1 954847335  
3 
3 
2 
5 
6 
4 
5 
4 
6 
6 
4 
1 683569764  
1 1736240767  
4 
5 
3 
6 
1 470292716  
4 
6 
5 
3 
6 
5 
2 
5 
4 
4 
4 
1 538228167  
2 
5 
6 
5 
2 
5 
6 
2 
3 
1 407118220  
2 
3 
4 
1 618193690  
4 
5 
6 
4 
1 1490475885  
5 
4 
3 
5 
4 
6 
5 
2 
6 
6 
2 
2 
4 
2 
6 
6 
6 
2 
4 
1 1149495414  
3 
5 
4 
6 
6 
4 
2 
4 
3 
1 2038351756  
6 
1 245236282  
1 791364716  
4 
6 
2 
6 
1 1849999344  
4 
3 
2 
3 
1 1217786975  
6 
1 803859359  
5 
3 
3 
5 
6 
4 
5 
2 
4 
2 
2 
1 1406260258  
1 1224408671  
6 
1 1364728827  
2 
4 
3 
6 
3 
1 1878898954  
3 
6 
5 
4 
2 
6 
6 
3 
1 2024658905  
2 
2 
4 
2 
3 
4 
5 
4 
1 1228449650  
5 
5 
4 
4 
4 
5 
3 
5 
5 
6 
2 
3 
6 
1 1254121395  
6 
1 1538146913  
4 
6 
5 
4 
4 
4 
1 1326235110  
2 
5 
3 
3 
4 
3 
2 
5 
5 
3 
5 
2 
3 
2 
1 1897111250  
3 
5 
6 
5 
4 
3 
6 
6 
4 
1 829599047  
1 742839005  
6 
6 
2 
6 
5 
3 
4 
5 
1 2091154795  
5 
2 
4 
1 1139715503  
5 
3 
1 1285163964  
5 
4 
2 
3 
5 
4 
6 
6 
3 
1 1229874032  
3 
4 
3 
4 
4 
1 2094562838  
6 
1 1968733729  
1 818631151  
4 
2 
6 
4 
6 
1 417371906  
3 
1 359478248  
6 
4 
5 
4 
3 
2 
1 1225749371  
3 
3 
1 1035565596  
5 
4 
2 
2 
5 
1 1849954134  
2 
3 
5 
5 
5 
3 
2 
3 
6 
6 
2 
2 
4 
5 
6 
1 227761137  
1 926433704  
6 
1 2095190416  
4 
3 
3 
6 
6 
1 1019125854  
5 
1 628949400  
4 
5 
5 
6 
6 
3 
3 
4 
5 
3 
1 1165493744  
3 
1 1822985213  
4 
1 2035209658  
4 
2 
2 
2 
6 
1 242418767  
4 
1 1040230393  
2 
6 
2 
5 
5 
3 
4 
3 
4 
4 
6 
6 
6 
6 
2 
4 
1 1766624964  
6 
2 
1 119594024  
6 
3 
3 
1 121196395  
2 
5 
3 
2 
3 
5 
6 
2 
6 
3 
3 
2 
1 873262712  
2 
3 
1 1657740937  
2 
4 
1 1447431506  
1 622890314  
6 
2 
2 
3 
5 
4 
3 
6 
6 
3 
2 
5 
3 
1 339856336  
6 
1 42786863  
6 
2 
1 566561461  
4 
2 
2 
2 
3 
1 1479571839  
6 
2 
2 
3 
1 1327950827  
5 
6 
1 1796435493  
3 
4 
2 
4 
3 
3 
1 1426651029  
6 
6 
3 
2 
2 
4 
1 1149200908  
2 
4 
4 
6 
1 467582996  
4 
4 
5 
6 
2 
4 
3 
2 
5 
3 
1 1844022935  
1 1508679157  
4 
2 
3 
5 
5 
2 
6 
3 
2 
3 
2 
6 
4 
1 1693332367  
3 
4 
3 
5 
4 
1 732104883  
1 1211149643  
1 1921093505  
5 
2 
4 
6 
3 
3 
6 
4 
5 
6 
6 
3 
1 1658538587  
6 
4 
1 1158856411  
6 
1 792735711  
3 
1 140004340  
1 176866507  
5 
6 
2 
5 
2 
4 
2 
1 468237276  
3 
3 
4 
4 
4 
6 
5 
3 
1 27730350  
2 
6 
6 
4 
5 
6 
1 419285274  
2 
6 
2 
1 1508467669  
6 
2 
1 1794355315  
2 
6 
4 
2 
6 
3 
4 
2 
3 
1 538879298  
3 
1 1629664065  
2 
1 520134379  
4 
5 
5 
4 
3 
5 
6 
1 49136587  
3 
1 929611923  
6 
2 
5 
3 
3 
6 
2 
3 
6 
4 
6 
3 
2 
3 
5 
5 
3 
3 
1 1143024693  
2 
5 
1 388992923  
1 972398786  
3 
6 
2 
5 
3 
3 
1 1709586154  
5 
5 
3 
6 
1 1868564762  
6 
3 
3 
1 152865965  
2 
3 
1 1358537999  
6 
2 
1 1147732143  
6 
2 
6 
5 
4 
5 
5 
2 
6 
5 
4 
3 
1 1302066874  
1 1826120995  
6 
4 
3 
5 
3 
4 
3 
4 
3 
3 
1 844271430  
1 663262383  
2 
1 1371969714  
1 1576376313  
3 
5 
6 
1 1874412026  
2 
5 
3 
1 1145579571  
5 
4 
3 
4 
3 
6 
6 
4 
5 
2 
5 
4 
1 1087431253  
1 885784789  
2 
1 1938315282  
2 
6 
2 
6 
1 1227435593  
6 
5 
5 
5 
4 
4 
4 
4 
2 
1 1062651297  
6 
5 
2 
3 
1 259068911  
2 
3 
5 
2 
3 
4 
2 
2 
4 
1 1255165943  
3 
3 
1 1481936571  
3 
5 
3 
2 
3 
6 
1 1767536580  
5 
5 
2 
4 
2 
6 
2 
4 
4 
4 
3 
5 
5 
1 902037610  
6 
4 
5 
6 
2 
5 
1 2020815870  
5 
5 
6 
6 
2 
3 
3 
3 
2 
3 
5 
4 
6 
2 
2 
4 
1 1249716997  
2 
6 
3 
6 
5 
4 
5 
6 
2 
5 
5 
2 
1 1422171989  
5 
5 
5 
1 2069952457  
3 
6 
3 
3 
2 
3 
1 31845272  
6 
2 
3 
4 
4 
2 
5 
4 
2 
2 
1 417713034  
3 
4 
3 
6 
2 
3 
1 311461733  
1 1004244058  
2 
1 2127299188  
6 
4 
1 32542847  
4 
2 
3 
3 
3 
2 
5 
1 1157110024  
1 1338353539  
5 
4 
1 1180274991  
6 
3 
4 
1 311693250  
2 
1 1016990886  
4 
5 
4 
6 
5 
4 
2 
6 
4 
4 
1 2024546421  
6 
4 
6 
3 
5 
6 
4 
6 
6 
4 
6 
6 
4 
4 
4 
6 
4 
6 
3 
2 
5 
6 
2 
1 974955633  
6 
2 
3 
4 
1 241476953  
4 
5 
6 
3 
5 
3 
3 
4 
6 
3 
2 
3 
3 
3 
4 
2 
5 
5 
5 
5 
6 
2 
3 
3 
3 
4 
4 
6 
1 1453439087  
4 
3 
4 
1 701884011  
6 
3 
3 
2 
2 
3 
4 
1 1387056524  
5 
1 393386692  
6 
3 
3 
6 
6 
6 
4 
2 
6 
2 
1 1587668800  
4 
5 
4 
5 
1 1177888159  
1 1620822285  
2 
3 
5 
2 
2 
3 
6 
4 
5 
2 
1 502836449  
3 
2 
3 
1 1436957070  
4 
2 
3 
3 
4 
1 728504580  
6 
2 
6 
5 
3 
1 1984773021  
6 
5 
1 1057010002  
3 
1 1630542191  
2 
4 
1 1858105243  
5 
3 
4 
5 
3 
3 
1 159243352  
1 905230532  
5 
4 
2 
2 
3 
4 
2 
2 
6 
5 
3 
6 
3 
2 
5 
3 
3 
1 1780574052  
3 
5 
1 191088624  
5 
6 
1 1322943567  
6 
1 2092035785  
6 
2 
3 
6 
6 
4 
3 
4 
3 
5 
3 
1 1195332683  
6 
1 1302759107  
5 
6 
6 
3 
4 
4 
3 
2 
5 
2 
3 
4 
2 
3 
4 
2 
5 
6 
3 
6 
3 
1 2124578633  
2 
1 204959059  
6 
6 
5 
2 
6 
3 
1 493628999  
6 
6 
2 
3 
5 
2 
5 
1 1157369976  
3 
3 
3 
1 516652309  
5 
1 1510619885  
2 
3 
1 1034432749  
4 
3 
1 1491607942  
4 
5 
2 
4 
2 
6 
2 
2 
6 
1 1752096838  
3 
2 
4 
6 
4 
1 340388188  
6 
6 
6 
4 
5 
3 
6 
2 
3 
2 
3 
2 
2 
5 
5 
6 
5 
1 46008305  
1 991669715  
6 
4 
3 
4 
3 
3 
1 733774880  
2 
1 1633677105  
5 
3 
1 22074226  
5 
2 
3 
2 
3 
2 
5 
5 
5 
3 
1 207113517  
3 
6 
4 
6 
6 
3 
2 
4 
5 
1 2136513555  
1 1459031296  
3 
1 935618098  
1 1973802928  
2 
6 
1 368557650  
1 418676641  
1 1684424523  
3 
6 
2 
2 
2 
6 
5 
5 
5 
6 
3 
1 527801002  
1 1323907173  
3 
6 
1 1317514927  
1 718889627  
4 
6 
2 
6 
6 
3 
3 
3 
6 
6 
1 499367092  
5 
1 1262067065  
4 
2 
3 
3 
5 
5 
1 1914222310  
3 
5 
6 
4 
6 
4 
3 
6 
1 1802126200  
6 
5 
6 
6 
5 
6 
6 
2 
6 
4 
6 
4 
2 
1 1239162050  
4 
2 
1 2119181369  
2 
2 
2 
6 
6 
1 148271551  
2 
6 
3 
1 249048378  
1 488350030  
4 
1 1658891436  
1 1283481127  
3 
5 
2 
5 
6 
3 
6 
5 
2 
5 
3 
6 
5 
5 
2 
2 
2 
4 
4 
5 
3 
6 
5 
1 1979957972  
2 
3 
4 
1 1263504627  
2 
6 
5 
5 
4 
1 1623869316  
2 
1 2025966277  
6 
1 107690694  
2 
3 
2 
4 
4 
5 
4 
6 
6 
6 
3 
4 
1 210160548  
4 
2 
6 
1 1512159734  
5 
3 
2 
2 
3 
1 129764920  
2 
5 
2 
3 
3 
1 417274066  
6 
5 
4 
3 
2 
1 1501189641  
2 
1 1588796216  
1 1352892164  
4 
6 
3 
1 1327508921  
6 
1 1957353866  
4 
1 1771568805  
6 
4 
1 864449796  
6 
5 
6 
3 
5 
5 
2 
2 
3 
4 
1 337671221  
4 
4 
5 
5 
4 
5 
4 
5 
4 
4 
6 
1 947992330  
1 34481076  
5 
5 
1 1056560848  
1 1447359423  
2 
2 
5 
5 
3 
4 
4 
4 
1 1296548141  
6 
6 
4 
4 
6 
1 823299510  
6 
6 
3 
5 
4 
3 
4 
3 
2 
6 
6 
3 
5 
2 
6 
1 1102001975  
1 388226543  
5 
3 
3 
5 
2 
5 
2 
4 
1 794997231  
1 1250273526  
5 
2 
2 
5 
3 
2 
4 
2 
5 
4 
1 637274921  
4 
1 1283347261  
5 
2 
5 
2 
3 
3 
2 
3 
2 
5 
4 
6 
5 
4 
4 
3 
4 
6 
2 
4 
4 
5 
1 761681314  
3 
4 
3 
4 
3 
3 
3 
4 
2 
4 
1 1920756048  
3 
2 
2 
6 
6 
3 
5 
4 
2 
4 
3 
4 
5 
6 
2 
4 
3 
4 
4 
3 
2 
4 
6 
3 
6 
1 1115821585  
1 2025185941  
2 
1 1397141716  
5 
6 
3 
2 
3 
2 
2 
3 
5 
3 
5 
3 
3 
1 994304214  
6 
1 2132876635  
1 1607302265  
2 
6 
2 
1 358980300  
3 
3 
1 115157907  
2 
3 
2 
1 2024576331  
6 
6 
5 
5 
3 
1 1860169942  
5 
5 
1 1703954123  
1 1229984847  
3 
1 1040195215  
3 
3 
2 
4 
1 1513824342  
5 
3 
1 854070004  
1 1904645012  
6 
6 
3 
2 
6 
2 
4 
5 
3 
3 
2 
1 1851495563  
5 
3 
3 
1 1802062334  
1 1939126088  
1 760572763  
2 
6 
5 
2 
4 
2 
5 
2 
4 
2 
2 
6 
3 
6 
1 1101938109  
3 
1 1088190581  
2 
3 
6 
3 
5 
2 
3 
5 
3 
1 1583872273  
5 
4 
5 
2 
1 56456436  
3 
1 1476417124  
5 
4 
2 
5 
4 
5 
3 
3 
2 
5 
2 
6 
6 
4 
1 231385856  
2 
2 
1 1306729962  
6 
4 
2 
1 2113692045  
2 
1 1514733117  
1 2068411277  
1 1886964445  
6 
3 
5 
2 
2 
1 483071054  
1 1946113570  
6 
5 
2 
3 
6 
4 
6 
1 1136622514  
4 
3 
1 1477375268  
4 
6 
6 
3 
5 
6 
5 
4 
3 
3 
1 1931506558  
5 
1 596441131  
2 
1 1836355568  
2 
5 
2 
6 
3 
6 
2 
6 
6 
5 
5 
4 
1 2046664465  
3 
1 473533814  
3 
4 
4 
4 
6 
6 
6 
6 
2 
4 
1 1549041862  
1 1603134941  
6 
6 
3 
5 
3 
2 
6 
2 
3 
1 1703518661  
3 
4 
4 
6 
1 441753430  
2 
1 969475635  
4 
2 
3 
5 
4 
2 
3 
1 410105017  
2 
1 198914794  
2 
4 
4 
1 673487550  
1 64683703  
1 2138040882  
6 
6 
2 
6 
3 
1 1434060313  
3 
4 
3 
2 
5 
1 1166621813  
4 
3 
5 
2 
3 
2 
6 
6 
1 1078747815  
4 
1 870448938  
6 
6 
6 
3 
6 
5 
1 1223078249  
1 407681291  
1 1101834794  
4 
1 382324564  
4 
1 373889688  
5 
3 
4 
5 
6 
3 
4 
4 
1 469084263  
3 
6 
2 
5 
3 
5 
3 
3 
2 
4 
5 
2 
1 303252193  
4 
3 
2 
6 
1 113370485  
6 
1 952155317  
3 
2 
4 
5 
4 
3 
2 
6 
4 
5 
3 
6 
6 
1 101882115  
4 
3 
1 1249992999  
1 282046937  
4 
6 
1 2033388673  
6 
4 
2 
3 
5 
2 
1 1846434130  
6 
2 
4 
4 
6 
3 
2 
3 
3 
4 
6 
4 
6 
3 
5 
5 
5 
3 
2 
1 2118402505  
3 
5 
3 
4 
2 
6 
2 
3 
5 
6 
4 
5 
3 
3 
6 
3 
6 
1 1932569491  
5 
3 
1 172484296  
1 1519960720  
4 
4 
5 
4 
2 
1 1388220784  
3 
5 
5 
2 
3 
4 
3 
3 
2 
6 
3 
3 
3 
4 
3 
1 1876002957  
1 1961714150  
4 
2 
4 
1 210212771  
4 
1 138624326  
4 
4 
1 13145296  
2 
2 
5 
6 
3 
4 
1 883700321  
6 
2 
4 
6 
1 203308030  
6 
3 
6 
5 
2 
3 
2 
5 
6 
1 3702530  
5 
6 
2 
3 
1 170276986  
6 
4 
3 
3 
2 
1 1369929843  
1 1082450345  
4 
1 1040725924  
6 
2 
1 445524444  
2 
6 
4 
2 
2 
5 
6 
1 1490131636  
1 2142560718  
6 
6 
1 827849008  
2 
6 
6 
3 
4 
5 
5 
4 
2 
5 
3 
6 
3 
1 1864021324  
6 
5 
5 
4 
3 
4 
1 464161333  
2 
3 
6 
6 
6 
2 
4 
4 
4 
2 
5 
4 
2 
5 
1 1131101201  
4 
3 
1 1977391809  
3 
2 
3 
2 
5 
5 
2 
1 1416316650  
3 
3 
4 
5 
1 1232983317  
3 
1 1079901161  
4 
5 
5 
5 
6 
6 
4 
5 
1 1698363587  
3 
3 
2 
2 
6 
2 
1 1118888342  
4 
5 
3 
1 778851643  
1 1669282444  
1 903974185  
4 
2 
4 
4 
3 
4 
2 
1 951335940  
4 
2 
5 
3 
1 1041759516  
6 
2 
1 144711321  
1 679855249  
4 
2 
2 
5 
3 
6 
5 
2 
5 
3 
3 
4 
2 
1 855990018  
5 
1 354924092  
5 
3 
5 
1 818479576  
3 
4 
1 869135314  
3 
1 1238624413  
4 
1 1021787606  
6 
2 
6 
1 872837844  
4 
4 
1 1408901399  
6 
2 
3 
6 
6 
1 244233801  
2 
2 
4 
6 
5 
1 1955288189  
1 302143675  
5 
3 
5 
3 
1 689758245  
1 1297936177  
5 
6 
6 
5 
4 
1 297220745  
4 
1 1517607254  
2 
4 
2 
6 
2 
3 
1 1014473853  
1 761382078  
6 
5 
4 
1 501224807  
6 
6 
1 844382015  
2 
3 
6 
3 
1 30215080  
6 
1 1734208124  
5 
5 
2 
6 
2 
6 
3 
1 1924283176  
3 
4 
1 1728578667  
2 
3 
1 705612819  
5 
4 
2 
3 
3 
5 
3 
4 
3 
1 555651171  
1 1250377464  
4 
2 
5 
5 
2 
1 1609587004  
6 
4 
4 
3 
1 1506987111  
1 144653332  
1 1754298326  
1 39358713  
6 
3 
6 
1 1000643351  
4 
3 
3 
4 
1 2109222418  
5 
6 
5 
1 857838289  
6 
2 
4 
6 
6 
1 1869778665  
3 
6 
1 1200363184  
4 
4 
4 
4 
5 
5 
5 
1 1879625895  
1 595132862  
1 461780935  
3 
5 
3 
3 
6 
3 
1 2123859696  
6 
4 
6 
6 
2 
3 
1 402937403  
3 
1 763924611  
6 
1 666134293  
5 
4 
5 
2 
5 
2 
4 
4 
3 
1 1700873581  
1 1061145356  
4 
4 
3 
2 
2 
5 
1 36257899  
6 
3 
2 
2 
5 
5 
5 
5 
1 567863786  
4 
3 
3 
6 
2 
1 1822527435  
5 
1 537482707  
4 
1 1412245801  
6 
3 
5 
4 
1 1852742515  
6 
1 124207183  
4 
4 
4 
6 
3 
1 1189045329  
3 
3 
4 
6 
3 
5 
6 
3 
4 
5 
4 
6 
5 
5 
4 
4 
2 
5 
3 
6 
4 
3 
5 
6 
4 
2 
1 1433837535  
4 
5 
1 829820002  
1 1744696501  
6 
6 
6 
1 536731351  
2 
4 
6 
5 
3 
1 291923359  
3 
1 1104199964  
1 681384683  
6 
2 
6 
3 
2 
4 
5 
6 
2 
5 
3 
5 
2 
6 
5 
2 
3 
5 
2 
6 
4 
3 
5 
1 2046221685  
5 
2 
6 
5 
1 1143558677  
3 
6 
4 
4 
1 1682028034  
2 
6 
2 
2 
5 
3 
3 
3 
2 
6 
1 2007960455  
2 
3 
5 
6 
5 
4 
1 2001396966  
1 1404323052  
3 
4 
4 
6 
2 
5 
3 
5 
3 
2 
3 
5 
3 
4 
4 
1 1060839991  
6 
1 1733539213  
3 
2 
6 
3 
2 
3 
6 
5 
5 
6 
1 1999455914  
6 
6 
4 
3 
6 
2 
1 1522620927  
4 
2 
1 1709915261  
2 
3 
3 
6 
6 
4 
3 
2 
2 
2 
2 
4 
5 
5 
6 
3 
3 
2 
3 
1 254909669  
4 
4 
2 
4 
6 
2 
2 
6 
6 
1 139061890  
5 
4 
2 
3 
6 
5 
4 
3 
5 
1 228565907  
3 
6 
5 
1 1955783250  
2 
6 
3 
2 
3 
2 
5 
5 
1 1200207246  
4 
3 
2 
2 
4 
4 
5 
3 
3 
3 
3 
6 
2 
2 
5 
5 
1 264823806  
2 
6 
4 
4 
2 
5 
6 
2 
5 
2 
5 
6 
6 
4 
4 
3 
1 376163389  
5 
5 
4 
1 875251033  
5 
1 802306513  
3 
6 
6 
5 
5 
3 
4 
3 
4 
2 
3 
5 
6 
1 1788409190  
1 580509901  
5 
3 
3 
3 
2 
4 
6 
1 926513697  
2 
4 
3 
3 
3 
3 
3 
5 
4 
1 829970872  
5 
2 
3 
1 2014347436  
5 
2 
3 
5 
3 
6 
1 1756333699  
4 
3 
6 
1 427183725  
4 
5 
3 
1 403595139  
5 
5 
1 2048257058  
6 
4 
3 
1 1531383689  
6 
2 
6 
3 
5 
1 1084979822  
5 
5 
4 
2 
2 
4 
5 
3 
5 
5 
3 
4 
6 
5 
6 
6 
2 
2 
4 
5 
2 
1 1946995095  
1 527458719  
6 
5 
4 
1 619524209  
2 
2 
6 
6 
3 
6 
4 
4 
4 
1 1807471903  
6 
6 
3 
3 
1 381372037  
4 
2 
5 
6 
1 2023847261  
4 
2 
5 
5 
6 
6 
2 
2 
2 
1 720828246  
5 
5 
2 
6 
1 2114911251  
4 
1 1875819527  
1 95965525  
3 
1 1677342864  
2 
1 2130729196  
2 
1 235027415  
2 
1 1905908771  
6 
2 
5 
2 
4 
5 
4 
4 
4 
2 
4 
6 
6 
6 
2 
4 
5 
2 
1 1939028799  
5 
4 
5 
4 
5 
2 
4 
4 
2 
2 
4 
5 
3 
2 
1 1435234662  
5 
6 
2 
4 
4 
3 
4 
3 
4 
5 
4 
6 
1 23248930  
1 167708540  
5 
3 
2 
1 163002047  
6 
4 
3 
6 
5 
2 
6 
2 
4 
4 
2 
3 
3 
4 
4 
5 
1 825555443  
6 
5 
1 1956117730  
3 
1 743511948  
5 
3 
3 
1 1752069140  
1 638604954  
6 
3 
1 610375736  
3 
5 
1 1360919192  
4 
2 
5 
3 
5 
1 1065788679  
6 
4 
6 
5 
1 1013970875  
2 
2 
3 
1 1261692602  
5 
1 449688721  
6 
2 
3 
6 
3 
3 
3 
1 2098950698  
1 1061204050  
6 
3 
2 
4 
4 
5 
6 
4 
2 
2 
5 
5 
2 
6 
3 
1 977147440  
3 
2 
3 
4 
3 
4 
4 
2 
5 
6 
3 
2 
1 570991259  
1 721192305  
2 
4 
5 
1 1358519477  
3 
1 447354872  
3 
5 
1 1442020551  
5 
4 
3 
2 
2 
3 
3 
6 
4 
3 
1 1325947080  
1 175690751  
3 
2 
6 
4 
4 
4 
5 
4 
3 
2 
6 
3 
1 1537986077  
1 855806297  
5 
5 
2 
6 
3 
4 
2 
4 
5 
1 158936299  
4 
5 
2 
1 1773013492  
4 
4 
6 
2 
6 
4 
4 
6 
1 614231420  
1 2097965098  
6 
6 
2 
3 
4 
4 
6 
5 
1 1060764506  
2 
1 637480350  
5 
4 
2 
1 118189990  
2 
5 
6 
2 
2 
3 
1 1223766554  
4 
3 
2 
4 
5 
6 
5 
4 
5 
3 
4 
6 
6 
1 1463035794  
5 
6 
5 
3 
6 
3 
6 
3 
2 
5 
2 
6 
6 
6 
5 
2 
3 
2 
2 
3 
4 
4 
1 2074307721  
2 
5 
6 
3 
5 
6 
5 
6 
6 
2 
5 
6 
2 
6 
5 
2 
6 
6 
3 
1 1967278502  
2 
1 1067621286  
2 
6 
2 
4 
4 
6 
1 565429027  
1 430170591  
2 
5 
3 
1 281056830  
3 
3 
4 
1 1631217707  
6 
1 1444141466  
5 
3 
4 
1 1542749433  
4 
5 
3 
4 
1 2080906428  
6 
3 
1 1395608516  
6 
4 
4 
2 
3 
5 
1 456469835  
4 
4 
6 
6 
6 
3 
2 
6 
3 
5 
1 910570220  
1 1966599775  
1 1177662140  
2 
6 
4 
3 
1 121606049  
3 
6 
6 
1 266470999  
6 
5 
3 
5 
1 472199043  
6 
5 
2 
5 
6 
6 
4 
4 
6 
6 
4 
6 
4 
1 1447553130  
5 
1 442161750  
5 
3 
4 
2 
2 
4 
2 
5 
2 
5 
6 
5 
2 
2 
6 
6 
4 
1 2010185120  
1 155875779  
1 601098050  
2 
3 
2 
3 
2 
2 
2 
2 
1 1635714965  
5 
4 
2 
4 
6 
3 
1 770107199  
3 
3 
6 
6 
1 551579500  
1 548995823  
3 
6 
6 
4 
1 1407587550  
1 669769491  
4 
1 1772762377  
5 
1 723139696  
3 
2 
5 
2 
3 
4 
1 596593564  
2 
3 
4 
5 
6 
3 
1 1592557232  
1 1790760982  
2 
2 
1 1162022591  
3 
1 2022727823  
4 
6 
1 2071817813  
4 
5 
1 645756650  
6 
3 
4 
1 1319385641  
6 
6 
2 
1 1467083598  
2 
2 
2 
3 
2 
4 
3 
1 579179430  
1 567510510  
3 
1 1923553433  
4 
3 
4 
2 
2 
2 
5 
3 
6 
1 1489749650  
3 
1 386626637  
5 
5 
6 
1 953731925  
6 
2 
2 
1 1611355700  
5 
2 
2 
1 653097637  
1 1425930968  
1 911425182  
3 
2 
5 
1 1095259387  
2 
2 
6 
5 
5 
6 
2 
1 1288632441  
4 
4 
2 
3 
1 1067300961  
4 
4 
2 
5 
4 
3 
5 
2 
6 
2 
6 
6 
4 
6 
1 1696357437  
6 
2 
6 
2 
4 
6 
4 
1 776863758  
6 
5 
6 
1 1837408160  
5 
5 
5 
3 
4 
1 100453290  
4 
1 1325859581  
2 
1 1097512062  
5 
3 
2 
6 
1 770222781  
6 
6 
6 
5 
4 
3 
5 
6 
2 
2 
6 
4 
2 
6 
5 
1 951138311  
1 1820651758  
6 
6 
2 
3 
2 
5 
3 
3 
6 
4 
1 1366816345  
5 
2 
1 396211895  
2 
3 
4 
2 
2 
3 
3 
1 1463929093  
4 
4 
4 
1 381355288  
3 
1 271456070  
4 
4 
4 
5 
4 
5 
6 
4 
1 1388263258  
3 
6 
2 
6 
5 
3 
2 
2 
3 
4 
2 
2 
4 
3 
5 
1 1027111939  
5 
3 
6 
4 
4 
3 
1 1590841711  
1 707863208  
5 
6 
2 
3 
4 
6 
1 1606291369  
4 
6 
6 
6 
6 
2 
6 
3 
4 
2 
5 
1 10868573  
1 483932993  
2 
3 
6 
6 
4 
1 948557372  
3 
1 397495211  
2 
3 
2 
5 
5 
5 
5 
4 
6 
4 
3 
5 
6 
5 
3 
1 1437664918  
5 
3 
2 
3 
5 
6 
4 
1 412429424  
1 1050592848  
6 
6 
3 
5 
6 
3 
2 
5 
4 
3 
3 
2 
2 
2 
6 
1 716112238  
5 
6 
3 
1 1323854606  
3 
5 
2 
5 
4 
6 
2 
1 2145852235  
5 
6 
5 
4 
2 
4 
6 
1 2004744679  
4 
3 
4 
2 
6 
6 
1 243671919  
6 
4 
1 1694726025  
1 634124789  
2 
1 2081080079  
1 1795179315  
4 
3 
3 
6 
6 
4 
3 
3 
3 
5 
6 
6 
1 1959984371  
4 
4 
4 
6 
5 
4 
6 
3 
5 
6 
4 
1 1031108494  
1 417918448  
3 
6 
4 
4 
1 763639034  
2 
6 
2 
2 
3 
4 
2 
3 
3 
2 
6 
4 
2 
2 
5 
1 704276604  
4 
6 
2 
1 1784734793  
3 
1 1159850929  
4 
3 
6 
6 
6 
4 
2 
5 
2 
4 
4 
3 
2 
1 20722049  
3 
6 
2 
2 
6 
4 
3 
1 18606433  
6 
2 
1 1431306999  
2 
6 
5 
1 1408985307  
5 
2 
6 
5 
2 
1 1045718372  
4 
5 
2 
2 
3 
4 
2 
2 
6 
5 
5 
1 874665062  
3 
6 
2 
4 
5 
3 
1 2116848515  
4 
5 
5 
5 
5 
1 504526094  
2 
1 885533636  
5 
6 
5 
4 
1 453297860  
1 1453083466  
5 
2 
1 1283028847  
6 
6 
6 
4 
5 
4 
2 
4 
6 
5 
3 
4 
5 
4 
4 
5 
3 
1 1890962778  
6 
6 
1 1865512890  
3 
1 186138047  
4 
5 
5 
5 
1 459591369  
5 
4 
2 
6 
6 
3 
5 
6 
4 
4 
4 
1 1041883848  
5 
5 
1 184506634  
3 
1 316852400  
4 
4 
6 
5 
6 
6 
6 
5 
2 
5 
4 
6 
1 1285555767  
3 
5 
1 1879232659  
6 
4 
6 
4 
2 
5 
4 
1 950977190  
4 
5 
5 
6 
5 
1 1219152198  
5 
4 
3 
2 
1 1526928326  
4 
4 
1 763477913  
5 
1 102777044  
3 
2 
2 
2 
5 
4 
1 1944846774  
1 1527116947  
1 807053649  
1 1582097919  
4 
5 
6 
2 
5 
5 
4 
3 
2 
2 
4 
1 539484228  
1 827775698  
5 
6 
6 
1 1600704353  
3 
3 
6 
3 
2 
5 
1 1970791227  
1 89277358  
2 
6 
1 498939077  
5 
5 
2 
1 697972641  
2 
2 
4 
5 
5 
3 
1 58642225  
4 
3 
5 
2 
3 
6 
1 1003465171  
5 
3 
5 
2 
1 1583506277  
2 
4 
6 
3 
5 
6 
4 
2 
5 
3 
6 
3 
3 
6 
3 
1 511940086  
5 
1 309064989  
6 
3 
2 
5 
3 
5 
1 719051476  
1 255419216  
6 
5 
4 
3 
4 
1 27094231  
5 
3 
5 
2 
5 
1 905189523  
2 
2 
2 
5 
4 
2 
4 
2 
1 715010585  
5 
3 
1 1068978079  
5 
3 
6 
4 
4 
6 
3 
6 
5 
3 
5 
4 
5 
4 
6 
6 
3 
2 
5 
3 
4 
2 
3 
1 1089696158  
2 
4 
5 
1 1031862986  
3 
2 
3 
2 
2 
1 207050198  
1 821445169  
2 
1 1982840176  
2 
2 
6 
3 
5 
2 
6 
2 
4 
3 
6 
5 
6 
4 
1 1426202397  
1 200889848  
3 
1 598834441  
5 
5 
4 
3 
3 
2 
5 
3 
3 
2 
2 
2 
3 
6 
2 
2 
1 1528979441  
6 
4 
1 2145736622  
1 2125951388  
3 
1 188549442  
3 
4 
1 1580350894  
2 
5 
1 517951968  
4 
5 
6 
2 
5 
6 
6 
4 
2 
1 1016325141  
3 
5 
5 
6 
4 
5 
1 1033571599  
3 
1 341259547  
1 1105602499  
3 
6 
2 
5 
1 1532510676  
6 
1 1039232188  
3 
6 
1 1164244724  
6 
2 
6 
6 
5 
3 
1 388492200  
1 475254818  
4 
6 
6 
2 
3 
4 
4 
3 
5 
1 1676184810  
1 697557189  
4 
3 
4 
6 
2 
6 
6 
4 
2 
2 
2 
4 
5 
1 1194306294  
3 
4 
4 
3 
5 
1 1931604027  
3 
2 
6 
4 
5 
2 
1 724651421  
3 
3 
6 
3 
4 
5 
4 
1 2099495818  
2 
1 499130964  
6 
2 
4 
4 
6 
3 
2 
6 
5 
4 
6 
4 
1 1793629500  
3 
1 1041708328  
3 
4 
5 
2 
1 1530993950  
4 
4 
4 
4 
5 
2 
3 
2 
6 
3 
6 
6 
5 
3 
3 
4 
6 
6 
6 
2 
2 
5 
4 
1 2000679699  
3 
6 
4 
1 1863153497  
5 
2 
2 
6 
2 
3 
4 
1 1366350478  
5 
2 
5 
6 
3 
6 
2 
4 
5 
2 
6 
3 
5 
5 
4 
2 
3 
2 
2 
6 
4 
1 1279398448  
4 
5 
5 
6 
6 
4 
2 
2 
4 
1 2064043345  
2 
5 
2 
4 
1 1965184919  
5 
6 
5 
2 
5 
4 
1 660894241  
5 
1 2062296320  
6 
2 
1 1943652659  
2 
1 849443684  
4 
4 
5 
5 
1 1495163566  
1 314120979  
3 
4 
1 1865768825  
2 
4 
1 381251517  
1 655380526  
3 
3 
6 
2 
6 
4 
4 
4 
4 
3 
6 
6 
3 
1 823887676  
6 
1 1913762193  
3 
4 
2 
1 1694612715  
2 
6 
4 
2 
3 
2 
2 
6 
5 
4 
1 1988132400  
5 
1 154770745  
1 22383885  
2 
4 
1 1516833563  
6 
2 
1 852327935  
5 
5 
2 
6 
5 
1 1216690179  
3 
3 
6 
6 
2 
3 
2 
2 
1 1300953942  
5 
2 
2 
2 
4 
6 
6 
3 
2 
3 
2 
5 
4 
4 
6 
2 
2 
5 
2 
2 
3 
3 
3 
3 
6 
2 
6 
1 1576979356  
4 
6 
6 
6 
5 
3 
2 
4 
6 
1 1168702349  
3 
3 
1 1800084906  
2 
1 1223125208  
4 
2 
3 
6 
5 
4 
1 62927029  
3 
3 
3 
2 
2 
1 1183595209  
4 
6 
6 
1 1076321259  
3 
5 
1 1926080527  
5 
4 
5 
1 402462039  
2 
6 
5 
6 
1 208236059  
1 1842640224  
4 
6 
3 
5 
5 
6 
3 
3 
4 
4 
2 
4 
1 220163311  
4 
4 
1 869130301  
1 1757452896  
5 
6 
3 
6 
1 16332322  
1 1718573985  
1 1105132814  
3 
1 330453302  
3 
3 
2 
4 
2 
6 
2 
3 
5 
3 
3 
3 
5 
6 
3 
1 1436859162  
1 1486384331  
1 985833828  
5 
4 
4 
2 
6 
3 
6 
6 
4 
2 
6 
1 113263190  
2 
3 
6 
3 
6 
5 
5 
1 1252662877  
4 
3 
2 
6 
5 
3 
4 
4 
1 532962895  
6 
6 
1 2101395590  
2 
4 
6 
2 
4 
2 
2 
1 1407433622  
6 
2 
1 555346780  
3 
1 1470745505  
5 
1 112277909  
6 
1 1772036960  
1 624215799  
1 1689257265  
2 
6 
5 
4 
5 
5 
6 
2 
2 
5 
5 
5 
2 
1 793255661  
2 
2 
5 
2 
4 
1 276817058  
5 
2 
4 
5 
6 
1 764898826  
2 
4 
1 856182691  
4 
4 
4 
6 
1 1460412267  
6 
2 
4 
1 1841220085  
5 
2 
4 
2 
1 634779570  
3 
5 
1 1862874306  
5 
6 
3 
6 
6 
4 
5 
2 
4 
1 2049456145  
4 
4 
6 
4 
2 
1 329936146  
3 
5 
6 
2 
1 2083037617  
2 
6 
3 
6 
3 
5 
6 
5 
5 
5 
3 
1 771102798  
4 
5 
2 
1 2087389043  
5 
6 
6 
6 
4 
4 
2 
1 2099369940  
3 
4 
3 
1 342193135  
1 1045038209  
5 
2 
3 
3 
4 
6 
1 282339594  
6 
2 
1 1779052297  
5 
2 
3 
1 383938893  
4 
5 
5 
4 
1 1268173422  
4 
1 1892315487  
5 
4 
3 
4 
5 
2 
4 
1 1636601770  
5 
6 
4 
5 
3 
5 
4 
3 
4 
4 
3 
3 
2 
2 
5 
1 1801136318  
5 
5 
6 
6 
4 
3 
6 
1 1846227429  
4 
6 
1 896551744  
3 
3 
5 
5 
3 
2 
4 
2 
1 208999450  
6 
1 1169489287  
2 
6 
1 1008829654  
1 1981036410  
6 
5 
5 
6 
2 
5 
3 
2 
3 
6 
5 
6 
3 
6 
2 
2 
4 
4 
2 
5 
5 
3 
6 
3 
4 
5 
4 
5 
1 1793705086  
3 
1 550603271  
3 
6 
6 
6 
6 
1 626808424  
6 
5 
4 
5 
6 
1 2070522144  
1 1315502097  
1 1482991115  
1 1383450763  
5 
1 1009238535  
4 
2 
6 
2 
5 
5 
3 
6 
3 
4 
2 
3 
1 2117770685  
3 
6 
2 
1 1098841422  
4 
4 
2 
4 
1 911211032  
3 
5 
3 
3 
5 
1 300223183  
3 
3 
2 
5 
3 
4 
5 
4 
6 
3 
4 
3 
4 
1 1034395391  
6 
6 
1 1682313830  
5 
1 240128578  
1 986281683  
5 
5 
3 
6 
2 
2 
4 
5 
4 
4 
4 
3 
3 
3 
2 
3 
1 2024506965  
2 
4 
6 
4 
5 
3 
1 1285166788  
2 
1 1268621277  
3 
5 
3 
5 
5 
4 
3 
6 
3 
5 
2 
4 
2 
4 
5 
4 
3 
4 
6 
6 
3 
1 1656075614  
3 
2 
1 1669105681  
4 
3 
5 
6 
6 
6 
4 
6 
5 
3 
3 
3 
6 
3 
5 
5 
4 
6 
5 
1 389311052  
5 
5 
1 1400907453  
4 
2 
6 
5 
5 
1 1158223803  
4 
2 
1 42963722  
1 1099651234  
4 
3 
4 
6 
5 
3 
3 
3 
1 2054775547  
1 251963172  
6 
3 
4 
5 
3 
2 
6 
3 
6 
3 
1 121656873  
5 
3 
5 
5 
5 
5 
6 
2 
5 
5 
4 
4 
6 
4 
1 916121553  
4 
4 
2 
6 
2 
5 
4 
5 
1 85515935  
1 1915361960  
2 
6 
2 
1 1466724825  
6 
1 712324359  
1 1838400456  
6 
4 
5 
1 634743274  
4 
6 
1 47831826  
4 
1 1074367572  
5 
1 1643981809  
5 
6 
4 
6 
5 
5 
6 
3 
3 
4 
4 
5 
2 
2 
4 
6 
4 
4 
1 18118863  
3 
6 
5 
1 25725346  
5 
5 
3 
5 
3 
6 
5 
6 
3 
5 
6 
1 407709193  
2 
5 
3 
3 
5 
2 
3 
4 
6 
3 
1 318342046  
1 1060120737  
6 
6 
6 
4 
4 
5 
5 
3 
4 
2 
6 
5 
6 
4 
3 
4 
2 
1 2090023023  
5 
4 
4 
5 
6 
5 
3 
3 
5 
3 
5 
3 
1 558470625  
3 
6 
1 2046402421  
2 
1 1967046340  
5 
4 
5 
1 1843637413  
5 
3 
2 
5 
5 
6 
4 
3 
6 
5 
2 
5 
3 
6 
1 1167540050  
1 1475638306  
1 1365259446  
2 
4 
5 
4 
1 1556851102  
2 
2 
4 
1 729062111  
6 
5 
6 
4 
5 
3 
6 
4 
6 
2 
2 
2 
2 
5 
5 
4 
4 
4 
3 
4 
1 375999601  
1 1599814824  
5 
1 1828713346  
6 
2 
5 
2 
1 283291500  
5 
3 
6 
6 
2 
4 
2 
5 
3 
6 
5 
5 
3 
6 
2 
4 
1 1851777997  
6 
2 
3 
5 
4 
3 
1 1950370219  
1 1199413054  
4 
2 
3 
3 
6 
4 
6 
6 
5 
6 
6 
3 
2 
2 
2 
5 
2 
5 
4 
6 
4 
1 1937293932  
1 1718248531  
2 
6 
6 
2 
1 518654231  
5 
2 
5 
2 
1 502134643  
3 
3 
3 
4 
6 
6 
6 
2 
6 
1 1409165340  
2 
4 
4 
2 
1 1153397505  
3 
3 
4 
3 
2 
1 549966469  
6 
3 
6 
5 
3 
3 
3 
6 
5 
5 
6 
5 
4 
1 336049264  
3 
3 
2 
1 649895667  
3 
5 
5 
2 
6 
6 
6 
4 
5 
2 
3 
6 
6 
1 568085332  
5 
3 
6 
3 
2 
6 
6 
6 
6 
4 
3 
6 
6 
1 361774610  
5 
3 
2 
5 
2 
3 
4 
5 
6 
2 
4 
4 
4 
1 1057604860  
6 
1 886427378  
1 1421895347  
4 
6 
3 
4 
2 
5 
6 
3 
5 
2 
2 
5 
6 
5 
5 
5 
4 
5 
3 
6 
6 
2 
4 
1 1000144236  
6 
2 
3 
2 
3 
4 
5 
5 
2 
6 
6 
2 
1 1444898003  
2 
3 
4 
2 
2 
1 1320814120  
5 
5 
2 
2 
2 
6 
3 
1 819706928  
1 1141051768  
5 
5 
3 
5 
6 
1 340870523  
2 
5 
6 
3 
4 
6 
6 
3 
6 
3 
5 
4 
1 147861587  
2 
1 358827566  
5 
5 
3 
2 
1 1897721625  
1 876923698  
6 
3 
4 
1 734827167  
2 
3 
4 
2 
5 
1 1350052802  
2 
3 
4 
3 
5 
3 
2 
4 
2 
3 
3 
2 
4 
6 
5 
1 558153396  
3 
6 
6 
3 
1 1018118668  
1 1054347151  
6 
2 
2 
6 
5 
1 361039968  
3 
3 
2 
4 
5 
1 70048074  
4 
5 
3 
3 
6 
4 
6 
6 
3 
6 
2 
4 
6 
4 
1 844157435  
2 
3 
3 
2 
3 
1 2079288499  
6 
5 
3 
2 
1 588702305  
2 
4 
5 
3 
4 
2 
3 
3 
2 
2 
1 1346292078  
5 
6 
1 1340970191  
4 
5 
1 1742099810  
4 
1 1896258547  
4 
3 
2 
1 1677019455  
5 
1 244511829  
2 
2 
5 
1 316860231  
5 
5 
3 
1 2038794065  
5 
3 
6 
3 
1 1302116690  
5 
3 
1 1203287609  
2 
3 
3 
5 
5 
1 1313205765  
6 
2 
3 
2 
4 
1 154777278  
2 
5 
1 500701965  
2 
5 
6 
3 
5 
2 
6 
3 
4 
2 
5 
1 486536237  
4 
3 
2 
6 
2 
1 974484206  
2 
2 
5 
3 
6 
5 
6 
5 
4 
4 
1 1641753733  
4 
3 
3 
5 
1 827406760  
4 
3 
6 
1 1122345793  
6 
2 
2 
4 
4 
5 
3 
1 2000581300  
1 577644738  
6 
6 
1 1999269492  
2 
2 
6 
6 
6 
3 
5 
1 587924819  
5 
1 1927697540  
3 
1 409939240  
6 
5 
6 
4 
1 1606043487  
2 
5 
6 
1 834561043  
1 770979208  
3 
2 
6 
6 
3 
3 
3 
1 1676091561  
3 
6 
3 
5 
5 
2 
2 
3 
3 
2 
3 
6 
6 
2 
3 
1 1678718478  
1 702784060  
1 117310218  
4 
1 877526908  
3 
5 
6 
6 
1 2043754251  
3 
3 
4 
6 
2 
5 
6 
1 1859410029  
6 
2 
3 
5 
6 
1 626301807  
2 
1 1573290059  
4 
6 
3 
5 
1 2103921858  
1 943162038  
1 1464600476  
6 
3 
5 
4 
5 
6 
2 
2 
6 
6 
1 1258554900  
3 
3 
2 
4 
2 
5 
2 
2 
2 
4 
6 
2 
3 
2 
2 
3 
5 
6 
6 
4 
3 
1 2146449647  
1 630322593  
6 
6 
4 
6 
5 
6 
5 
4 
1 1413332178  
1 499667964  
1 1116858831  
5 
5 
4 
5 
6 
6 
3 
6 
2 
4 
2 
6 
6 
6 
1 240332737  
5 
2 
1 2141421698  
1 1944265591  
4 
4 
1 1362678530  
6 
1 1994519350  
1 374426681  
2 
2 
2 
1 1214464374  
4 
4 
2 
4 
1 434960521  
5 
6 
5 
1 154640573  
3 
2 
2 
3 
5 
2 
3 
3 
4 
2 
1 1624403615  
1 2041004009  
4 
5 
3 
3 
3 
5 
5 
2 
1 989201616  
6 
3 
3 
6 
2 
3 
2 
4 
2 
5 
1 247899175  
2 
6 
3 
6 
6 
2 
4 
5 
5 
3 
3 
2 
2 
5 
4 
3 
5 
5 
2 
2 
2 
1 1569611922  
1 520436446  
6 
5 
6 
3 
4 
2 
3 
1 950683235  
6 
5 
1 1686922141  
4 
1 1397963354  
2 
3 
1 846953839  
1 1398848522  
6 
5 
3 
1 2024265161  
3 
1 272760250  
6 
3 
2 
1 1355286732  
2 
2 
1 819943551  
4 
5 
5 
1 1737360726  
2 
6 
3 
4 
1 466357985  
1 818909551  
3 
1 220199672  
2 
5 
6 
1 1879690163  
2 
6 
6 
4 
6 
5 
6 
6 
2 
4 
2 
5 
4 
2 
1 1318577515  
1 1337058503  
5 
6 
6 
6 
1 2120022900  
6 
4 
4 
1 1312515565  
1 1133840446  
2 
2 
6 
4 
1 1335217783  
6 
4 
4 
5 
5 
3 
3 
4 
6 
5 
6 
2 
4 
4 
4 
5 
5 
6 
5 
6 
4 
1 1159551267  
6 
2 
1 1508267128  
6 
4 
2 
5 
4 
5 
5 
1 402198509  
6 
2 
5 
6 
1 1594511789  
4 
2 
2 
2 
3 
5 
6 
6 
5 
4 
5 
3 
3 
4 
1 1662907701  
2 
6 
6 
4 
5 
4 
3 
3 
5 
2 
2 
4 
4 
6 
