4 
5 
5 
5 
2 
2 
2 
3 
6 
2 
5 
5 
2 
4 
4 
1 931920945  
3 
5 
2 
1 460086303  
3 
1 1821892889  
5 
6 
2 
3 
1 48028544  
1 1265687697  
4 
1 2074249074  
3 
1 1461535670  
5 
5 
6 
2 
5 
2 
5 
5 
5 
3 
6 
2 
3 
3 
6 
2 
2 
3 
3 
6 
2 
4 
1 1208704378  
2 
6 
6 
1 1725148642  
1 943695038  
4 
4 
3 
4 
3 
4 
2 
3 
5 
2 
3 
3 
4 
5 
6 
4 
1 712743439  
6 
6 
4 
2 
2 
5 
3 
3 
3 
6 
3 
4 
2 
1 1823498208  
1 1197555948  
1 115446622  
2 
3 
2 
2 
6 
6 
2 
3 
4 
3 
2 
5 
5 
2 
4 
6 
2 
1 952332470  
4 
1 922749468  
6 
4 
3 
2 
5 
4 
3 
4 
2 
3 
6 
5 
1 1218664377  
2 
6 
1 1078118007  
5 
1 1996164931  
5 
4 
3 
1 1234580861  
4 
5 
1 219441387  
5 
5 
1 1450880740  
3 
5 
5 
6 
4 
6 
5 
4 
3 
5 
6 
4 
2 
6 
3 
5 
1 808935997  
4 
2 
6 
3 
3 
5 
3 
4 
6 
6 
5 
2 
4 
5 
3 
4 
5 
4 
3 
2 
5 
3 
2 
2 
2 
1 991756811  
2 
6 
1 1430205129  
1 201127909  
6 
1 1728936157  
1 844084384  
2 
6 
4 
1 1493279145  
6 
4 
3 
4 
2 
1 1085261397  
6 
5 
4 
4 
3 
3 
3 
6 
3 
2 
5 
1 489183062  
2 
4 
6 
5 
6 
6 
6 
4 
1 277716442  
4 
5 
5 
5 
3 
5 
3 
3 
5 
4 
5 
5 
4 
6 
5 
4 
1 1545347700  
6 
4 
3 
6 
1 163592303  
6 
6 
6 
5 
5 
3 
5 
2 
2 
1 325744986  
2 
4 
4 
4 
3 
6 
5 
2 
3 
2 
2 
2 
1 663551750  
4 
3 
1 90357729  
4 
4 
1 1787280656  
1 1872256128  
2 
2 
3 
3 
3 
6 
1 1815506371  
5 
4 
2 
2 
6 
5 
4 
1 583492046  
6 
1 437515920  
1 1491520931  
4 
1 1781047995  
2 
1 552962542  
3 
4 
5 
3 
4 
1 296369753  
2 
3 
3 
3 
4 
6 
3 
2 
3 
5 
2 
1 556313815  
5 
2 
6 
2 
5 
6 
2 
3 
1 1771626920  
3 
2 
4 
3 
1 1374487760  
1 404995098  
5 
2 
1 858724133  
6 
1 1593929147  
6 
1 1855875838  
4 
3 
4 
2 
2 
4 
6 
3 
2 
2 
6 
1 1667660130  
4 
1 438202311  
1 1138597320  
1 1868788039  
4 
2 
3 
2 
6 
5 
1 19654820  
5 
6 
1 1982681704  
5 
3 
5 
3 
4 
6 
2 
3 
4 
2 
6 
4 
2 
4 
3 
6 
2 
1 1214583536  
4 
3 
4 
1 1104916218  
2 
5 
6 
2 
1 324381118  
2 
5 
3 
6 
4 
3 
1 1492299978  
1 502780270  
6 
6 
1 487973421  
1 1818044964  
4 
5 
4 
1 1166332020  
5 
6 
6 
2 
1 578331150  
1 1457841973  
6 
2 
2 
6 
6 
2 
6 
2 
1 891104501  
1 246353873  
2 
4 
4 
4 
5 
3 
3 
1 2041334019  
4 
5 
2 
4 
2 
6 
4 
2 
3 
5 
4 
5 
6 
6 
2 
2 
2 
1 1328620421  
1 1737874804  
5 
5 
5 
4 
2 
1 1674898366  
1 1881582963  
1 2034244557  
5 
2 
2 
4 
6 
2 
1 83728533  
6 
6 
3 
1 1505726235  
2 
1 1261248669  
2 
5 
5 
3 
5 
4 
3 
3 
1 488723632  
5 
5 
2 
1 216966720  
5 
4 
6 
5 
5 
3 
4 
1 707694169  
6 
2 
5 
4 
4 
3 
3 
1 197115822  
6 
5 
2 
5 
2 
5 
1 1884626850  
4 
3 
6 
2 
6 
5 
1 1145896480  
1 1335713142  
6 
3 
5 
6 
4 
5 
6 
4 
1 1605931241  
2 
2 
4 
1 1165551300  
2 
2 
4 
1 1170911198  
2 
4 
5 
3 
1 673031129  
3 
6 
4 
6 
4 
6 
6 
6 
6 
2 
2 
3 
1 122983870  
1 1495292316  
3 
6 
5 
3 
3 
2 
4 
4 
1 17847459  
5 
6 
1 625764141  
3 
2 
2 
4 
6 
2 
5 
3 
5 
2 
1 1983265737  
1 1835892424  
2 
2 
6 
6 
2 
3 
1 1792096161  
5 
5 
1 414113239  
5 
5 
6 
3 
3 
5 
1 1146250749  
4 
5 
6 
2 
4 
3 
1 535717014  
3 
2 
5 
1 660467112  
1 1040101120  
3 
3 
5 
5 
6 
6 
4 
5 
2 
4 
3 
5 
5 
6 
6 
1 1864337435  
4 
6 
3 
2 
6 
3 
5 
1 250858268  
4 
1 567515839  
6 
5 
4 
4 
4 
5 
1 1598436751  
1 137619177  
4 
1 651244372  
1 956679338  
1 1398867847  
3 
1 1139968004  
5 
2 
3 
4 
6 
4 
4 
3 
2 
3 
2 
1 1173646059  
2 
6 
2 
3 
4 
5 
5 
4 
2 
5 
3 
1 2106562016  
5 
1 1337083827  
3 
1 910789261  
3 
1 1104974848  
1 525313321  
5 
6 
3 
3 
6 
1 369236855  
2 
2 
3 
1 123042500  
1 1696224520  
2 
2 
3 
2 
1 1042267984  
4 
4 
5 
1 246026371  
4 
4 
2 
2 
5 
5 
3 
6 
3 
1 1044033188  
4 
6 
5 
1 1060115444  
5 
6 
1 871790512  
6 
5 
3 
3 
1 879815278  
6 
1 748524220  
5 
3 
3 
2 
6 
5 
2 
5 
5 
2 
5 
5 
4 
1 516403025  
3 
5 
6 
2 
1 1293928517  
3 
1 1894774969  
4 
5 
1 1052120040  
3 
3 
4 
5 
6 
3 
5 
6 
5 
2 
3 
6 
4 
3 
3 
5 
1 1954395630  
5 
3 
4 
2 
4 
3 
2 
5 
6 
6 
3 
3 
2 
3 
2 
4 
1 787392441  
3 
6 
3 
6 
1 768973827  
5 
6 
2 
3 
5 
4 
3 
5 
2 
5 
6 
6 
1 57770250  
6 
2 
5 
6 
3 
3 
4 
2 
2 
3 
1 1354908280  
2 
6 
5 
6 
4 
1 219926930  
3 
2 
6 
6 
5 
1 195389428  
3 
4 
5 
3 
4 
3 
4 
2 
3 
2 
2 
1 2006152653  
2 
6 
6 
6 
2 
3 
2 
3 
6 
6 
2 
4 
1 1176606269  
4 
3 
5 
2 
3 
4 
4 
1 1594257275  
5 
3 
1 998637009  
1 202768680  
3 
2 
5 
4 
6 
5 
4 
3 
5 
5 
4 
6 
3 
2 
6 
3 
1 1553335643  
1 188237188  
5 
4 
1 1113557941  
5 
2 
5 
3 
3 
3 
4 
6 
4 
2 
5 
1 510826843  
6 
3 
1 713550510  
5 
3 
1 1482794796  
4 
2 
3 
1 633869343  
4 
6 
5 
6 
1 262291382  
5 
1 377579133  
5 
4 
6 
6 
3 
2 
5 
1 879895714  
4 
6 
3 
1 1306324570  
6 
4 
4 
6 
2 
2 
1 1437694577  
6 
2 
6 
1 1751686226  
3 
5 
5 
3 
5 
3 
6 
3 
3 
2 
3 
4 
5 
3 
1 38656200  
6 
5 
4 
4 
6 
4 
1 38735149  
6 
3 
6 
2 
2 
6 
5 
3 
4 
2 
4 
4 
6 
5 
4 
6 
6 
3 
1 120605604  
2 
4 
4 
4 
1 1332584718  
2 
6 
5 
3 
2 
3 
4 
2 
1 1933510118  
3 
5 
1 1172725644  
4 
4 
3 
2 
3 
1 1139496700  
4 
5 
1 573418911  
4 
1 1941699471  
4 
6 
3 
1 1197266950  
5 
4 
2 
2 
1 1928327192  
6 
2 
5 
1 14142754  
1 1392656378  
6 
1 1786996197  
5 
5 
6 
6 
4 
4 
1 1190749023  
3 
5 
4 
2 
5 
4 
6 
5 
5 
6 
1 839430005  
3 
4 
6 
1 638149558  
4 
3 
6 
1 1393517703  
6 
1 245282000  
3 
3 
4 
3 
5 
1 826386747  
2 
2 
5 
4 
1 359591996  
1 756108843  
2 
5 
1 1539937257  
2 
3 
6 
2 
2 
6 
4 
1 1842386793  
1 1389978187  
2 
3 
6 
3 
2 
4 
2 
4 
4 
3 
5 
4 
6 
1 1802228639  
6 
4 
4 
6 
4 
4 
2 
4 
3 
3 
2 
4 
5 
2 
2 
6 
3 
1 72482278  
2 
4 
3 
2 
2 
6 
3 
6 
4 
2 
4 
2 
3 
5 
4 
6 
1 122390253  
4 
3 
6 
3 
2 
5 
4 
5 
3 
1 961069561  
2 
6 
4 
3 
1 1510176855  
3 
3 
5 
1 1874076480  
5 
5 
5 
1 999725762  
5 
2 
2 
3 
3 
2 
2 
5 
3 
1 1548912004  
1 1994682084  
3 
4 
4 
2 
4 
4 
5 
1 184826832  
6 
3 
3 
2 
4 
1 1334938474  
1 1019924080  
3 
6 
6 
1 1324323532  
5 
1 1908357385  
1 814139903  
3 
4 
1 374106834  
4 
1 1689200929  
2 
5 
1 828282657  
3 
4 
2 
4 
1 1766763213  
2 
2 
2 
3 
5 
3 
5 
3 
6 
1 1328713478  
5 
5 
5 
4 
5 
4 
2 
2 
4 
2 
4 
6 
2 
6 
4 
2 
1 2019031680  
5 
1 458709570  
3 
5 
1 1966863037  
1 1265065735  
1 703991571  
3 
3 
6 
3 
3 
3 
1 645766136  
2 
1 1624657732  
2 
4 
6 
5 
6 
2 
5 
1 1460100414  
5 
1 38219745  
1 1319560877  
4 
5 
6 
3 
1 702594953  
3 
4 
2 
1 1840448384  
6 
6 
6 
6 
4 
5 
6 
1 1392043155  
1 824985207  
4 
5 
1 654034297  
2 
6 
5 
5 
2 
1 754736362  
6 
4 
5 
3 
4 
1 551578039  
2 
3 
2 
6 
4 
2 
5 
5 
6 
4 
5 
1 1653760059  
1 156164718  
5 
6 
5 
2 
3 
1 398776475  
2 
4 
3 
4 
5 
4 
5 
6 
2 
2 
3 
6 
6 
5 
3 
5 
5 
1 1838586891  
4 
1 1491103192  
1 1418700555  
5 
6 
6 
4 
3 
3 
3 
6 
6 
3 
3 
2 
4 
3 
1 1015426775  
3 
5 
2 
1 1251976929  
5 
1 85356810  
5 
6 
4 
1 1389533610  
4 
5 
5 
2 
4 
3 
5 
3 
6 
6 
4 
5 
2 
2 
4 
3 
4 
5 
3 
5 
5 
5 
2 
1 793694211  
5 
6 
4 
6 
6 
4 
4 
5 
2 
3 
1 913639468  
1 1008813175  
6 
1 2122407689  
6 
5 
1 785187500  
6 
6 
3 
2 
3 
6 
4 
1 1467522745  
3 
6 
4 
5 
3 
3 
1 1941787078  
3 
2 
1 2050253236  
5 
6 
6 
5 
4 
1 24030668  
5 
6 
5 
5 
3 
4 
3 
1 440069566  
1 1527427320  
2 
1 1484131083  
2 
5 
2 
5 
2 
5 
2 
2 
4 
3 
6 
4 
2 
4 
5 
3 
4 
5 
4 
5 
2 
4 
2 
3 
2 
4 
6 
1 478289311  
2 
2 
4 
2 
3 
5 
3 
5 
1 699504549  
4 
2 
6 
4 
1 39242388  
5 
4 
5 
2 
3 
1 171254047  
5 
4 
6 
4 
4 
2 
4 
4 
6 
4 
5 
1 2091547704  
4 
6 
6 
2 
5 
6 
4 
2 
3 
5 
1 864227595  
1 825288345  
6 
2 
3 
3 
6 
2 
4 
5 
3 
1 698800418  
1 1415805634  
2 
5 
3 
6 
2 
6 
3 
5 
3 
2 
3 
5 
4 
2 
1 331564756  
1 854965136  
1 1814582109  
4 
5 
2 
4 
6 
6 
2 
5 
5 
3 
1 22668000  
6 
1 198584680  
2 
6 
2 
6 
4 
4 
5 
2 
5 
2 
6 
1 1085799016  
3 
5 
4 
4 
4 
4 
6 
2 
1 1038094775  
5 
1 1450561609  
6 
2 
1 1171155827  
3 
4 
4 
6 
3 
1 280144737  
1 96772172  
2 
6 
6 
5 
1 2084795295  
4 
2 
3 
4 
5 
4 
3 
3 
5 
2 
3 
6 
6 
6 
6 
2 
4 
5 
5 
5 
2 
6 
3 
5 
2 
6 
5 
6 
4 
2 
5 
2 
2 
5 
3 
2 
1 1288957912  
3 
6 
2 
1 71696214  
1 722499147  
1 608997010  
6 
1 2013483292  
4 
6 
2 
4 
1 625268735  
5 
4 
2 
4 
2 
5 
6 
5 
5 
5 
3 
3 
3 
4 
6 
3 
6 
1 633027678  
4 
5 
3 
6 
6 
2 
5 
3 
2 
3 
6 
1 306069211  
1 5212407  
5 
5 
1 2117158761  
2 
5 
1 784358522  
4 
1 704716956  
2 
1 8917502  
4 
1 955612570  
6 
4 
3 
2 
2 
2 
1 648781012  
2 
3 
4 
1 873145097  
3 
2 
2 
1 1780900915  
1 1347581430  
3 
6 
6 
3 
6 
6 
1 141467084  
3 
4 
6 
4 
6 
2 
1 2112465671  
1 55062918  
4 
1 1956049193  
1 2135133671  
4 
2 
4 
2 
5 
6 
6 
3 
3 
2 
6 
5 
6 
6 
3 
6 
6 
6 
2 
3 
4 
1 253647598  
6 
2 
5 
6 
2 
2 
1 894364562  
6 
2 
4 
5 
6 
5 
3 
4 
2 
5 
2 
1 1025744799  
5 
3 
2 
3 
1 1704209208  
2 
5 
4 
4 
3 
2 
6 
6 
4 
5 
2 
3 
5 
2 
6 
5 
4 
1 2065520389  
3 
5 
4 
5 
1 1305889536  
1 1800981380  
1 2002832036  
4 
3 
2 
1 447363801  
3 
4 
1 1872677594  
5 
1 577847535  
3 
5 
3 
3 
5 
6 
6 
4 
6 
4 
5 
3 
2 
6 
6 
2 
2 
5 
4 
6 
6 
5 
1 1056360811  
5 
6 
4 
6 
4 
5 
6 
1 1738677239  
5 
6 
3 
1 1203116271  
3 
1 1689388489  
4 
2 
3 
6 
3 
4 
1 2044746450  
5 
2 
1 1208328678  
5 
2 
4 
2 
6 
1 1659063603  
4 
6 
4 
1 681621324  
3 
4 
4 
6 
1 1913045635  
4 
2 
4 
1 1667981105  
3 
3 
3 
1 1637233894  
4 
2 
5 
1 414342999  
5 
6 
4 
2 
5 
6 
2 
1 393642554  
6 
6 
1 1270651161  
5 
4 
3 
3 
1 1761924430  
2 
3 
1 535109638  
5 
6 
3 
4 
2 
2 
5 
2 
5 
5 
6 
3 
3 
6 
5 
5 
3 
2 
2 
5 
6 
2 
6 
1 1235633185  
4 
1 1816987348  
3 
4 
4 
6 
6 
1 343675184  
3 
1 1223283208  
6 
5 
4 
1 2070634947  
6 
2 
1 1238039746  
5 
4 
1 101544359  
3 
1 1627360507  
4 
5 
5 
1 1156076487  
4 
3 
4 
4 
5 
5 
6 
4 
3 
4 
3 
4 
4 
1 1407433896  
2 
2 
4 
2 
3 
6 
5 
5 
4 
6 
6 
2 
2 
6 
6 
4 
2 
6 
1 1280858239  
2 
3 
6 
2 
5 
1 1011424875  
1 1854797697  
4 
1 1006052186  
6 
1 1589272410  
2 
2 
2 
3 
1 763674860  
3 
3 
3 
4 
2 
2 
6 
5 
2 
2 
2 
2 
2 
6 
4 
4 
2 
5 
2 
1 597245777  
6 
2 
1 644905033  
3 
3 
1 305579701  
4 
6 
5 
5 
3 
5 
5 
1 494508579  
2 
2 
4 
6 
4 
3 
5 
1 1853233712  
3 
2 
4 
2 
3 
1 1964643304  
6 
5 
1 1176129903  
6 
2 
1 1618795699  
5 
2 
2 
6 
5 
3 
1 1485140761  
3 
2 
2 
2 
6 
2 
6 
5 
1 665880150  
2 
4 
3 
5 
6 
1 2033138698  
2 
1 1878783316  
4 
4 
1 1936531311  
2 
5 
5 
5 
5 
1 1647579480  
6 
4 
5 
4 
1 266409306  
6 
6 
3 
1 1024680848  
4 
4 
4 
6 
2 
2 
5 
4 
5 
4 
6 
2 
1 1317083181  
6 
2 
1 610084490  
6 
1 100480409  
6 
3 
5 
5 
1 1240234480  
1 1848124236  
5 
1 202024768  
3 
2 
3 
1 720111339  
3 
2 
5 
3 
1 856717075  
5 
1 1609458664  
4 
4 
5 
3 
5 
5 
2 
4 
6 
1 2000969578  
4 
2 
5 
3 
3 
6 
2 
6 
1 1868141950  
5 
1 1316772713  
2 
4 
2 
5 
5 
5 
5 
4 
6 
2 
4 
4 
1 859538116  
1 1309930713  
5 
4 
4 
6 
6 
1 2080447573  
4 
5 
2 
6 
1 1456783893  
1 1954835746  
1 238543627  
3 
4 
1 1951292472  
6 
1 1660585810  
5 
3 
2 
2 
1 55703283  
3 
4 
6 
3 
6 
3 
6 
3 
2 
4 
1 979938728  
3 
3 
6 
1 1131897861  
3 
5 
4 
4 
3 
2 
5 
3 
6 
3 
2 
5 
4 
6 
5 
4 
1 1540844045  
3 
3 
1 1645818878  
5 
2 
6 
2 
5 
3 
2 
2 
4 
1 1017552912  
3 
3 
1 1272143713  
4 
2 
2 
2 
4 
6 
4 
4 
6 
3 
4 
6 
5 
1 1434866541  
3 
4 
2 
4 
4 
4 
6 
4 
1 517648744  
1 1538553019  
2 
2 
1 312063742  
6 
6 
1 1834731925  
3 
1 1153862  
4 
4 
6 
3 
3 
4 
6 
3 
4 
3 
2 
4 
1 412544151  
3 
6 
6 
5 
6 
1 927482757  
3 
6 
2 
1 1849278098  
1 614568919  
5 
2 
5 
4 
6 
4 
2 
5 
6 
6 
2 
5 
6 
2 
1 1647594096  
2 
3 
6 
2 
3 
1 558511526  
3 
6 
4 
6 
6 
2 
3 
6 
6 
5 
3 
5 
5 
6 
2 
4 
5 
6 
3 
5 
1 76543936  
3 
4 
3 
2 
6 
6 
3 
5 
5 
5 
4 
5 
2 
6 
3 
4 
5 
1 1501080027  
2 
2 
3 
5 
5 
1 279169828  
3 
4 
6 
4 
6 
4 
3 
4 
2 
1 1393316649  
5 
3 
4 
6 
1 213134495  
5 
1 1589100541  
2 
1 1326280575  
6 
2 
5 
5 
1 1669918389  
6 
6 
6 
1 1396452640  
4 
4 
2 
1 1564824202  
4 
2 
5 
5 
1 1473727213  
1 909554802  
1 1620527485  
5 
2 
5 
6 
1 306182293  
3 
6 
3 
2 
1 2041452664  
2 
5 
1 1013887882  
5 
5 
2 
3 
3 
3 
4 
3 
6 
1 1952001171  
5 
5 
4 
6 
6 
1 911521928  
5 
6 
6 
4 
6 
3 
6 
2 
1 138547947  
4 
6 
1 1239384065  
2 
5 
6 
3 
6 
6 
4 
5 
3 
6 
3 
1 1429170672  
4 
3 
6 
4 
2 
3 
3 
3 
6 
2 
6 
4 
6 
2 
2 
1 1677100967  
1 1551447807  
1 1116418950  
4 
1 1678254829  
1 1963991958  
2 
5 
6 
1 2043901707  
1 1380049279  
5 
5 
6 
5 
4 
5 
2 
6 
5 
2 
6 
3 
1 431077229  
5 
1 1544012156  
3 
5 
2 
5 
4 
6 
6 
3 
6 
1 1938560805  
3 
1 507621165  
5 
1 897608535  
4 
2 
2 
2 
5 
5 
6 
6 
2 
1 70246986  
6 
4 
2 
3 
5 
1 1900937815  
5 
2 
5 
3 
1 1110743030  
3 
4 
5 
2 
5 
4 
3 
4 
4 
1 1659347527  
3 
6 
3 
1 1079734742  
4 
6 
4 
2 
6 
4 
3 
4 
5 
4 
4 
3 
4 
2 
6 
1 633177771  
6 
6 
5 
1 908316519  
4 
5 
6 
4 
1 497075296  
4 
3 
1 2106904985  
2 
3 
2 
5 
1 1817871322  
3 
2 
5 
5 
6 
2 
4 
2 
3 
2 
5 
2 
6 
4 
4 
4 
2 
2 
5 
2 
1 2117602781  
5 
4 
6 
4 
2 
4 
2 
2 
5 
6 
2 
5 
1 265603630  
2 
3 
6 
3 
1 1711840338  
1 984007016  
3 
6 
5 
5 
5 
2 
3 
4 
2 
2 
1 70121154  
1 475878618  
6 
5 
6 
3 
3 
1 1122554963  
3 
2 
1 1309505219  
1 1905049290  
3 
5 
1 652172282  
1 713469378  
2 
5 
1 873984592  
5 
5 
4 
3 
5 
1 182943463  
2 
3 
2 
3 
2 
3 
5 
5 
3 
5 
2 
4 
1 529977688  
2 
4 
6 
4 
6 
2 
6 
3 
2 
3 
3 
2 
4 
5 
5 
5 
6 
3 
3 
6 
4 
3 
4 
5 
6 
5 
3 
4 
6 
4 
4 
4 
4 
3 
1 770402652  
3 
6 
5 
1 1562992743  
3 
5 
6 
2 
1 961054917  
3 
1 166931160  
6 
2 
2 
2 
6 
3 
3 
2 
3 
2 
4 
1 1354069900  
4 
1 1468676083  
3 
5 
1 1064539695  
4 
1 1424316886  
6 
6 
6 
4 
5 
2 
5 
3 
2 
5 
3 
3 
2 
6 
3 
5 
3 
1 1222130250  
4 
3 
2 
3 
3 
4 
2 
1 27799077  
1 936180766  
2 
5 
5 
6 
5 
1 154381344  
6 
6 
4 
6 
2 
6 
4 
6 
4 
2 
2 
4 
4 
1 660976849  
4 
5 
2 
1 1844497285  
5 
3 
6 
3 
4 
6 
4 
2 
6 
1 651456640  
3 
2 
2 
1 620398186  
3 
5 
2 
4 
6 
5 
2 
2 
2 
1 1514884959  
5 
3 
4 
6 
5 
4 
4 
5 
6 
3 
1 621575773  
1 886001816  
1 1079241649  
3 
6 
6 
2 
2 
6 
6 
3 
3 
1 1605582789  
2 
3 
5 
5 
3 
5 
5 
1 956122970  
3 
6 
2 
1 1555120267  
2 
6 
6 
4 
4 
1 580654105  
2 
3 
5 
1 118144541  
2 
1 1312685910  
2 
1 1232826387  
1 831613919  
1 39186854  
1 1415769851  
2 
4 
5 
1 1361591607  
3 
3 
2 
5 
4 
1 809589506  
1 831278946  
2 
6 
6 
1 175162877  
3 
2 
1 976520666  
6 
6 
4 
3 
6 
2 
5 
1 37865198  
3 
3 
3 
5 
2 
5 
2 
2 
2 
6 
3 
5 
4 
4 
6 
4 
6 
4 
5 
4 
4 
1 1643838960  
1 2041060361  
6 
3 
3 
1 1462182085  
6 
5 
5 
6 
4 
6 
5 
2 
2 
3 
4 
6 
1 718485562  
4 
1 2068859439  
4 
5 
5 
5 
2 
2 
4 
6 
3 
3 
4 
2 
6 
1 250879203  
4 
4 
6 
6 
4 
5 
6 
1 872866906  
6 
5 
2 
3 
1 582352640  
2 
5 
6 
4 
1 2095376488  
2 
2 
2 
3 
6 
5 
1 1524323546  
5 
5 
6 
2 
4 
4 
4 
6 
4 
4 
2 
1 1202750826  
2 
3 
4 
6 
5 
1 1462777800  
3 
3 
3 
2 
6 
5 
6 
1 2145899319  
5 
2 
5 
4 
1 2088752642  
5 
2 
3 
3 
6 
5 
6 
6 
5 
2 
6 
2 
2 
2 
5 
5 
5 
4 
6 
1 394535801  
2 
6 
6 
5 
2 
1 1603998461  
4 
6 
6 
2 
6 
2 
3 
2 
5 
1 897391965  
5 
3 
3 
3 
6 
4 
5 
6 
1 1949656069  
1 37168918  
3 
1 1015536506  
4 
4 
4 
6 
3 
6 
4 
6 
1 1114858331  
1 1269995305  
4 
1 1847150426  
2 
4 
3 
6 
2 
1 1154045185  
5 
2 
1 538281508  
6 
4 
5 
4 
6 
1 1061258385  
1 1963634692  
1 1369560454  
2 
3 
2 
1 1236421262  
5 
2 
6 
1 792671710  
2 
6 
3 
2 
6 
2 
2 
4 
1 1407425653  
2 
4 
1 732776574  
5 
1 686248424  
3 
3 
4 
6 
4 
6 
4 
4 
4 
2 
5 
6 
3 
2 
4 
5 
1 722124090  
3 
6 
1 1451262136  
5 
2 
2 
5 
3 
2 
1 607624215  
3 
6 
1 973003293  
3 
5 
6 
2 
2 
6 
6 
2 
5 
1 176645394  
3 
3 
5 
5 
3 
5 
5 
3 
6 
6 
3 
3 
1 1189976855  
2 
6 
1 920896133  
5 
6 
2 
5 
2 
6 
3 
4 
3 
2 
3 
4 
4 
2 
4 
4 
3 
3 
3 
1 1700968940  
2 
3 
6 
5 
4 
2 
1 245244033  
6 
2 
6 
6 
1 236190285  
1 1699384612  
4 
2 
5 
3 
6 
6 
1 186513027  
1 630726087  
3 
1 1155899425  
3 
5 
4 
3 
6 
6 
6 
2 
5 
2 
4 
4 
2 
4 
3 
6 
3 
1 1083904992  
2 
3 
5 
3 
5 
2 
2 
6 
6 
5 
5 
6 
4 
4 
1 432898508  
2 
6 
2 
3 
1 1193068343  
1 2099441499  
3 
1 1547756839  
3 
4 
4 
4 
2 
2 
5 
5 
1 315580000  
1 1799108277  
3 
5 
2 
2 
1 554318376  
1 853861509  
4 
5 
6 
5 
1 712883014  
1 370469420  
1 75938315  
2 
1 1949304277  
3 
3 
4 
6 
6 
4 
3 
6 
3 
2 
2 
6 
4 
4 
2 
1 1163141131  
4 
1 1483363968  
3 
1 534597203  
1 1849389555  
5 
4 
4 
2 
5 
6 
4 
5 
3 
6 
6 
6 
2 
1 58004410  
3 
3 
3 
1 1985859340  
4 
3 
3 
6 
4 
5 
2 
6 
1 309530122  
5 
2 
1 1031007703  
2 
4 
5 
4 
4 
1 15021086  
3 
5 
4 
4 
2 
4 
4 
5 
4 
3 
6 
6 
4 
4 
5 
4 
1 1499506977  
4 
2 
1 1951903837  
2 
5 
3 
3 
1 1715990027  
4 
2 
6 
3 
5 
2 
3 
3 
6 
6 
6 
5 
6 
4 
4 
4 
5 
5 
1 1744751010  
1 40610474  
6 
3 
1 1267890991  
3 
2 
6 
4 
2 
2 
5 
4 
5 
4 
2 
4 
4 
2 
3 
6 
2 
4 
2 
6 
1 1931264037  
6 
2 
4 
5 
6 
2 
1 671336561  
2 
5 
4 
5 
6 
4 
1 276306768  
1 867685382  
6 
4 
5 
6 
5 
1 1104235069  
5 
2 
3 
4 
5 
5 
4 
5 
3 
6 
5 
3 
4 
2 
4 
1 1469375111  
4 
6 
2 
2 
3 
1 819643233  
1 504508260  
5 
4 
4 
5 
2 
2 
1 1784955111  
6 
1 471267862  
2 
5 
6 
4 
1 1058826637  
4 
6 
6 
1 491332972  
5 
3 
3 
6 
3 
5 
1 1184150876  
2 
6 
6 
5 
3 
5 
6 
2 
6 
5 
6 
1 1429296057  
6 
2 
4 
2 
3 
3 
2 
4 
1 567271288  
2 
5 
2 
1 985971505  
5 
4 
6 
3 
3 
1 444953540  
5 
2 
3 
5 
2 
3 
2 
4 
4 
3 
3 
6 
6 
2 
6 
5 
4 
1 2050635256  
1 1520568709  
5 
4 
4 
2 
6 
5 
2 
6 
4 
2 
6 
2 
6 
4 
6 
4 
3 
5 
4 
6 
6 
6 
4 
1 146859447  
5 
2 
3 
6 
3 
5 
2 
1 2108639667  
1 1358944401  
6 
4 
1 456389569  
2 
5 
2 
1 992163722  
4 
1 1373965487  
5 
5 
4 
1 1955896546  
3 
5 
3 
6 
1 796583911  
1 942471866  
1 1553163908  
6 
4 
1 837194386  
6 
2 
2 
5 
6 
2 
5 
5 
6 
2 
6 
3 
1 62879209  
2 
1 1336944298  
2 
2 
2 
1 1508530947  
2 
5 
3 
3 
1 339185977  
5 
1 57146032  
1 465282369  
5 
6 
1 1808561088  
3 
1 876789265  
4 
2 
3 
6 
5 
2 
6 
3 
5 
5 
2 
2 
4 
6 
4 
2 
4 
3 
2 
2 
2 
4 
3 
4 
3 
3 
3 
3 
3 
2 
4 
3 
3 
3 
3 
1 969790629  
1 1446032552  
1 1348057127  
3 
1 2028617266  
1 1937365524  
1 384724355  
1 1310429676  
3 
6 
5 
4 
2 
5 
1 357153164  
1 1370695861  
3 
3 
5 
3 
4 
1 1755383216  
1 260304773  
1 743780922  
4 
2 
2 
6 
6 
4 
3 
4 
4 
5 
4 
3 
5 
6 
6 
6 
3 
3 
6 
1 1902242664  
5 
6 
4 
2 
6 
1 221460792  
5 
4 
2 
6 
3 
3 
1 2102725323  
2 
4 
6 
6 
2 
4 
2 
6 
4 
2 
6 
4 
5 
4 
2 
5 
3 
2 
6 
2 
6 
4 
5 
6 
1 211148585  
5 
2 
2 
5 
3 
3 
1 1213624514  
4 
6 
4 
1 1329207162  
6 
3 
1 19561484  
4 
1 2010208426  
3 
2 
4 
6 
2 
6 
2 
1 124195381  
4 
3 
4 
1 1572725392  
1 699919164  
4 
6 
4 
3 
5 
2 
4 
1 187074590  
4 
6 
3 
3 
1 762186042  
1 60966463  
6 
1 526260568  
3 
1 819332074  
6 
1 526248832  
5 
1 187338008  
5 
4 
1 1696121339  
4 
3 
6 
4 
6 
2 
4 
1 1496039462  
4 
2 
6 
4 
4 
2 
5 
2 
6 
4 
3 
5 
1 1633370560  
2 
2 
4 
6 
2 
6 
3 
3 
4 
2 
1 896694818  
4 
2 
1 1377173080  
2 
1 1423252437  
3 
1 1281419174  
1 540119108  
2 
2 
4 
1 1780405601  
4 
6 
5 
5 
3 
5 
2 
5 
4 
2 
4 
3 
1 504631387  
1 148018677  
3 
5 
4 
6 
6 
3 
5 
1 2040710374  
4 
2 
5 
3 
2 
3 
5 
4 
2 
3 
2 
5 
6 
4 
6 
2 
5 
6 
5 
5 
4 
1 1248412309  
1 2050261341  
6 
1 114687518  
6 
1 1203653984  
3 
1 113926278  
2 
3 
3 
1 1328312033  
5 
5 
5 
2 
5 
4 
4 
3 
6 
2 
6 
1 385377498  
3 
2 
3 
3 
4 
3 
1 133487762  
1 1191036811  
4 
3 
5 
6 
1 509572879  
3 
4 
2 
3 
6 
2 
4 
1 1706213155  
5 
2 
2 
2 
1 1890955975  
3 
4 
5 
2 
1 696647470  
4 
6 
2 
5 
5 
2 
2 
5 
6 
1 320915549  
3 
3 
1 1951922438  
3 
3 
3 
1 1222908038  
6 
1 1140247624  
2 
1 330687623  
1 1410246046  
4 
6 
5 
4 
4 
1 688885315  
5 
1 1826727085  
2 
4 
6 
4 
4 
5 
2 
2 
6 
3 
3 
2 
3 
1 896132959  
4 
3 
1 1585580134  
1 1056416517  
4 
3 
5 
6 
2 
6 
6 
6 
2 
1 171901748  
1 719515660  
4 
1 1596535626  
1 1952307349  
1 1224147047  
1 1744554303  
3 
2 
2 
1 1845534076  
4 
2 
6 
2 
1 325075708  
3 
6 
3 
5 
5 
1 1647331996  
1 1960221594  
3 
1 1528729692  
4 
5 
1 1761258274  
1 1141049979  
2 
1 1914107190  
6 
5 
3 
5 
6 
6 
2 
5 
5 
5 
1 1894746037  
5 
6 
2 
2 
5 
3 
2 
6 
2 
2 
6 
6 
5 
5 
4 
4 
3 
3 
2 
3 
1 184603142  
3 
6 
1 276196422  
1 1453475544  
1 2075559117  
1 972843892  
4 
3 
6 
5 
4 
2 
3 
1 1774391093  
4 
2 
4 
3 
6 
6 
2 
4 
4 
5 
6 
6 
4 
5 
4 
2 
1 1879997908  
3 
3 
3 
3 
2 
2 
3 
2 
4 
1 48268282  
3 
4 
4 
4 
4 
3 
1 767155069  
1 63201883  
1 1458514328  
1 1456040385  
6 
4 
1 1889928968  
2 
5 
5 
4 
6 
1 207163639  
1 894136871  
6 
5 
1 798861837  
3 
1 379065387  
4 
2 
6 
4 
1 1613652531  
1 247913815  
6 
4 
6 
1 183889089  
4 
6 
6 
5 
6 
6 
6 
4 
1 690315930  
4 
1 1992468118  
3 
4 
4 
1 2029423165  
1 1015391638  
1 1492316466  
1 1842161111  
2 
6 
5 
2 
2 
5 
6 
5 
2 
5 
4 
4 
5 
4 
4 
2 
2 
5 
3 
5 
3 
4 
2 
4 
3 
2 
6 
6 
6 
3 
1 396637682  
3 
2 
1 1106091093  
1 835727443  
5 
6 
4 
4 
4 
2 
5 
2 
2 
2 
2 
2 
3 
5 
5 
4 
4 
5 
6 
3 
1 163261224  
6 
4 
2 
1 853353482  
3 
3 
3 
6 
5 
1 1020330585  
3 
4 
1 439457646  
1 159345378  
1 948406055  
1 1412301538  
4 
6 
4 
1 1933736471  
6 
6 
4 
4 
1 680920315  
3 
4 
4 
5 
6 
2 
2 
4 
6 
6 
6 
6 
1 1460569820  
3 
2 
3 
1 553407893  
1 744122198  
4 
3 
3 
5 
1 771600501  
6 
5 
1 2009448278  
3 
1 486567518  
2 
5 
2 
4 
4 
1 978764140  
3 
1 756101501  
3 
5 
4 
1 1285429355  
4 
4 
4 
5 
2 
3 
2 
6 
5 
5 
3 
2 
1 1357829528  
3 
3 
6 
1 222270384  
1 1533343171  
1 1541718617  
6 
5 
5 
6 
3 
4 
3 
4 
3 
1 912586314  
6 
1 1378327641  
2 
5 
5 
1 1423658134  
2 
6 
4 
1 1927977952  
4 
2 
2 
4 
3 
6 
2 
1 723160460  
3 
2 
2 
6 
5 
6 
6 
3 
1 1118335597  
2 
5 
1 177131986  
5 
5 
1 1829251553  
3 
3 
2 
4 
2 
1 1954063040  
6 
5 
5 
6 
5 
4 
4 
3 
3 
4 
6 
2 
1 340393210  
3 
5 
4 
1 535121387  
2 
5 
4 
5 
2 
5 
1 826909978  
2 
1 779850857  
4 
6 
2 
6 
5 
3 
4 
6 
6 
3 
1 694466765  
3 
4 
1 1775316033  
5 
1 44668747  
1 480719588  
4 
4 
6 
1 308752700  
3 
5 
5 
6 
2 
3 
4 
1 1505238568  
6 
4 
5 
2 
5 
1 1034127481  
2 
2 
1 1052874898  
2 
4 
3 
1 129355421  
5 
4 
6 
2 
1 896092111  
1 1539442416  
6 
5 
5 
6 
4 
1 1108119561  
2 
4 
5 
4 
1 1652193612  
1 677388123  
3 
6 
4 
3 
1 318465441  
6 
5 
3 
6 
6 
4 
1 1874463996  
1 63247646  
1 1860184058  
1 639566662  
5 
2 
6 
5 
5 
5 
1 1441575288  
6 
4 
6 
5 
2 
2 
6 
4 
5 
3 
1 1136358544  
6 
1 420060966  
4 
4 
6 
6 
4 
4 
3 
3 
6 
5 
6 
5 
2 
6 
2 
6 
1 17252100  
1 107210494  
6 
1 597192952  
4 
1 1846503653  
6 
4 
6 
5 
2 
3 
6 
3 
5 
1 2061273534  
2 
4 
4 
3 
1 937586163  
3 
5 
6 
1 234141392  
4 
3 
3 
3 
3 
2 
6 
5 
5 
1 740699864  
4 
3 
2 
6 
2 
2 
5 
6 
3 
2 
1 1717437020  
3 
4 
5 
6 
5 
4 
1 928608157  
3 
6 
3 
2 
2 
5 
6 
5 
4 
3 
2 
6 
4 
4 
2 
5 
5 
2 
4 
4 
3 
5 
1 368532249  
5 
4 
3 
5 
5 
5 
5 
4 
2 
6 
1 1762105767  
5 
3 
3 
6 
6 
6 
2 
6 
5 
5 
5 
4 
1 1409327745  
2 
6 
5 
1 677284949  
1 1119860687  
2 
6 
6 
1 295971579  
5 
6 
6 
1 1730159847  
2 
4 
2 
1 1249216108  
1 1192063690  
3 
1 1122118615  
4 
6 
6 
1 209852022  
3 
2 
4 
4 
5 
1 696773655  
1 1799506739  
4 
3 
4 
3 
1 528317463  
1 423754003  
1 1862754385  
1 241017874  
5 
1 1063320666  
2 
2 
6 
2 
6 
5 
4 
6 
2 
2 
1 1156846025  
6 
1 1377376418  
6 
4 
2 
5 
3 
1 1483381632  
2 
6 
6 
4 
4 
3 
6 
2 
6 
2 
5 
5 
4 
5 
4 
2 
3 
6 
4 
4 
4 
6 
4 
4 
6 
1 1174098125  
1 1484586912  
5 
4 
1 2080574585  
2 
6 
5 
4 
5 
6 
5 
4 
5 
2 
6 
6 
5 
2 
3 
4 
5 
6 
6 
3 
5 
4 
4 
1 873118130  
4 
1 1398376799  
4 
6 
4 
4 
4 
4 
6 
6 
5 
6 
6 
2 
5 
2 
1 870677100  
5 
4 
3 
4 
3 
1 1107259522  
2 
6 
1 2139076663  
2 
5 
3 
6 
3 
4 
1 440630472  
2 
4 
5 
5 
3 
1 2035867679  
5 
4 
3 
6 
4 
3 
2 
6 
2 
5 
1 360125265  
2 
2 
4 
4 
5 
2 
5 
3 
1 55252591  
5 
4 
6 
3 
5 
3 
6 
4 
6 
2 
1 1297711777  
3 
6 
1 1037410214  
6 
6 
5 
6 
4 
1 1175113279  
4 
2 
6 
6 
1 1593683356  
4 
5 
3 
5 
1 620086414  
1 276845739  
5 
1 638263398  
3 
6 
5 
2 
1 1742205029  
1 486697761  
2 
5 
3 
5 
5 
4 
4 
2 
6 
2 
5 
2 
3 
1 1335037053  
3 
1 1394228120  
4 
1 1015015225  
1 1758791057  
1 1109498858  
6 
4 
6 
5 
3 
5 
4 
6 
1 1256033099  
6 
5 
1 674628075  
5 
1 118861235  
4 
6 
5 
3 
2 
3 
2 
3 
1 485925869  
4 
1 10526059  
6 
3 
6 
5 
2 
2 
2 
4 
4 
3 
6 
3 
4 
2 
1 1292959361  
5 
2 
4 
5 
1 1970512782  
1 2091100644  
6 
6 
3 
1 18593843  
4 
1 1221405933  
4 
6 
6 
4 
1 814294096  
4 
6 
6 
6 
6 
6 
4 
4 
1 1125853366  
2 
2 
1 1212998948  
6 
4 
1 1254924568  
5 
2 
3 
6 
3 
3 
4 
5 
3 
2 
4 
5 
5 
5 
2 
4 
3 
6 
6 
5 
3 
5 
1 1014237397  
2 
1 1573124213  
2 
4 
5 
2 
5 
1 1310177160  
6 
1 164465526  
1 463050780  
3 
6 
4 
2 
5 
5 
1 337806791  
4 
2 
5 
5 
5 
2 
5 
4 
4 
1 1758148882  
5 
2 
2 
5 
5 
2 
6 
5 
3 
5 
5 
4 
3 
2 
3 
6 
1 1083137194  
3 
5 
4 
4 
2 
5 
3 
1 614652530  
3 
6 
4 
1 248928633  
2 
3 
6 
5 
1 677858575  
6 
6 
4 
3 
5 
2 
3 
2 
1 1101350292  
5 
5 
4 
5 
4 
3 
2 
1 1583965686  
4 
4 
1 2072086696  
6 
2 
5 
1 2116365517  
3 
5 
5 
4 
3 
2 
5 
4 
3 
1 1195273095  
5 
5 
3 
5 
3 
6 
3 
1 1034101906  
1 1224914968  
5 
3 
3 
2 
5 
2 
2 
5 
3 
4 
3 
5 
1 1869901170  
4 
1 1152963141  
5 
3 
5 
4 
5 
4 
1 1710840837  
4 
3 
6 
6 
2 
3 
3 
5 
1 1880427230  
2 
5 
4 
1 298438854  
2 
2 
6 
4 
4 
2 
2 
4 
2 
6 
4 
6 
6 
1 1533869971  
1 1824044226  
1 317032698  
5 
3 
1 607792256  
2 
3 
1 490854675  
4 
3 
5 
2 
5 
4 
1 1442886064  
3 
3 
4 
5 
1 1820791205  
6 
6 
4 
6 
3 
1 1745779243  
6 
5 
4 
5 
3 
4 
2 
5 
4 
3 
3 
4 
1 309639813  
6 
4 
1 1246431770  
2 
1 908472755  
5 
5 
5 
5 
6 
5 
1 474105340  
5 
3 
2 
2 
6 
2 
6 
4 
5 
3 
2 
6 
3 
1 1709482550  
3 
4 
3 
2 
2 
3 
1 1246279546  
4 
2 
6 
6 
6 
4 
1 84770574  
2 
1 645136096  
2 
6 
3 
4 
2 
6 
6 
3 
1 1860932077  
4 
1 333699207  
1 1322994672  
5 
6 
1 814798721  
1 1917664894  
6 
6 
4 
1 1247597720  
3 
6 
5 
6 
2 
3 
2 
4 
6 
2 
2 
5 
1 783680590  
1 965454341  
2 
4 
2 
4 
6 
6 
5 
1 134215978  
5 
6 
1 2008595558  
5 
4 
6 
6 
3 
5 
6 
6 
1 687871864  
5 
4 
1 1287179119  
4 
1 1571952747  
4 
4 
2 
2 
1 420815446  
5 
4 
3 
5 
5 
5 
4 
2 
5 
5 
6 
6 
2 
1 1585617974  
2 
1 958339071  
5 
6 
5 
1 97376024  
3 
4 
3 
2 
2 
5 
4 
2 
2 
2 
4 
5 
4 
5 
4 
1 1902650672  
5 
5 
5 
1 1566131327  
3 
3 
6 
6 
2 
4 
5 
6 
5 
3 
2 
6 
5 
6 
2 
1 588230699  
3 
1 1198053088  
5 
3 
3 
4 
6 
2 
1 1239438884  
2 
5 
1 186526295  
4 
1 1507692901  
4 
6 
5 
4 
4 
2 
6 
6 
5 
6 
5 
2 
3 
2 
5 
4 
1 338387007  
4 
3 
6 
5 
2 
2 
3 
4 
2 
3 
5 
5 
4 
6 
5 
4 
6 
5 
2 
6 
1 1094999050  
4 
5 
4 
6 
1 1981798241  
1 2047869557  
6 
1 193794949  
6 
2 
2 
2 
1 2066568816  
2 
6 
2 
5 
5 
1 545522006  
6 
2 
3 
5 
5 
2 
5 
2 
2 
4 
6 
2 
4 
4 
3 
2 
6 
3 
5 
5 
3 
3 
6 
1 2054727026  
6 
3 
1 252784375  
5 
5 
3 
2 
5 
2 
6 
5 
4 
5 
3 
3 
5 
4 
5 
6 
5 
4 
4 
2 
4 
5 
3 
6 
3 
6 
1 1868516678  
6 
2 
1 722042099  
5 
6 
6 
3 
4 
5 
1 22965621  
6 
2 
1 968630750  
1 1505722689  
3 
5 
6 
1 988419963  
3 
1 1102846728  
2 
3 
6 
1 1366834599  
2 
6 
3 
2 
3 
5 
4 
2 
4 
6 
4 
2 
4 
2 
6 
1 1676291827  
3 
5 
5 
3 
6 
2 
4 
4 
3 
5 
2 
1 242542199  
3 
5 
3 
3 
1 791303698  
5 
1 2097107273  
2 
6 
5 
5 
1 1828160173  
4 
2 
4 
1 1749642769  
2 
2 
6 
1 46999649  
4 
1 1583327197  
5 
4 
5 
3 
3 
3 
1 1168290449  
1 635230349  
5 
4 
5 
6 
3 
4 
1 633896637  
5 
1 260245685  
5 
2 
4 
4 
3 
1 821756644  
1 2141589539  
6 
2 
4 
4 
4 
6 
6 
1 598632692  
2 
4 
3 
5 
1 1916755694  
6 
5 
4 
6 
1 1975904132  
5 
1 499018602  
3 
6 
5 
6 
5 
1 2110550643  
3 
3 
5 
5 
4 
2 
5 
3 
5 
6 
5 
5 
4 
3 
5 
2 
1 1894989300  
6 
1 1044540608  
2 
2 
4 
2 
6 
1 2017794021  
3 
4 
2 
4 
3 
4 
5 
5 
3 
2 
3 
2 
2 
3 
2 
2 
6 
1 290028  
4 
1 765573638  
4 
1 592352472  
3 
3 
5 
5 
2 
1 23255649  
1 1734204388  
1 2098075161  
2 
4 
3 
3 
3 
2 
3 
4 
1 1011675612  
3 
5 
6 
5 
1 689567468  
5 
5 
6 
6 
2 
4 
1 1317426112  
4 
4 
4 
4 
1 540483791  
2 
5 
4 
6 
3 
5 
4 
2 
6 
3 
3 
6 
3 
2 
6 
5 
3 
2 
6 
4 
3 
6 
3 
2 
3 
2 
5 
6 
4 
5 
3 
6 
2 
3 
3 
3 
5 
1 932109667  
6 
5 
1 2108729811  
6 
6 
4 
5 
4 
2 
2 
4 
1 490107416  
5 
5 
5 
6 
5 
6 
1 612786193  
6 
3 
4 
3 
4 
1 1710888932  
6 
3 
6 
2 
5 
6 
2 
5 
4 
3 
5 
5 
1 537107066  
4 
5 
5 
6 
6 
1 48629742  
2 
1 731695733  
5 
6 
5 
3 
4 
1 1172337415  
3 
4 
5 
1 682526380  
4 
3 
6 
6 
3 
3 
5 
5 
1 991941419  
4 
2 
2 
5 
6 
6 
6 
3 
2 
1 1994094059  
1 676632271  
4 
1 1590574111  
1 1763366105  
6 
6 
4 
4 
3 
1 505052755  
5 
1 2089592713  
5 
4 
1 1726433101  
6 
5 
5 
5 
5 
2 
2 
6 
1 252558408  
4 
5 
1 986649673  
4 
6 
1 1596743474  
4 
2 
2 
2 
2 
3 
6 
3 
1 252848436  
3 
2 
1 1752223311  
3 
6 
1 41612299  
4 
5 
2 
2 
5 
3 
4 
4 
6 
1 276104085  
4 
6 
5 
4 
3 
3 
2 
6 
4 
2 
3 
2 
4 
6 
6 
2 
3 
5 
3 
2 
2 
3 
2 
4 
3 
5 
4 
5 
6 
2 
3 
5 
1 1338944051  
4 
4 
6 
4 
5 
5 
3 
6 
6 
4 
6 
3 
2 
3 
4 
4 
4 
6 
1 2139687460  
4 
6 
5 
2 
6 
4 
3 
4 
2 
4 
1 1287779698  
1 2028511519  
5 
5 
6 
2 
3 
3 
4 
1 1309629925  
5 
2 
2 
1 1828263489  
2 
3 
4 
2 
4 
2 
2 
4 
5 
1 813137539  
2 
1 1270876088  
3 
5 
4 
6 
1 170887258  
5 
1 1425923732  
3 
1 834281372  
6 
4 
4 
5 
3 
6 
2 
1 707994324  
4 
6 
5 
4 
1 1474553474  
5 
3 
1 1565977106  
6 
1 1880331739  
5 
2 
4 
3 
5 
2 
6 
3 
3 
6 
3 
5 
2 
2 
1 9596206  
5 
4 
3 
3 
4 
4 
5 
4 
5 
2 
3 
6 
4 
6 
2 
2 
6 
3 
3 
6 
6 
2 
5 
5 
2 
5 
6 
5 
6 
2 
6 
6 
5 
4 
2 
1 410434877  
6 
3 
3 
2 
4 
4 
2 
4 
4 
2 
3 
1 1726942150  
6 
4 
3 
2 
1 686228477  
5 
4 
6 
2 
6 
4 
3 
3 
4 
3 
3 
6 
4 
3 
6 
2 
4 
3 
5 
5 
2 
5 
2 
3 
2 
2 
3 
1 2001008988  
2 
2 
2 
6 
3 
4 
4 
1 1342824607  
1 1191281233  
5 
6 
1 1943118054  
5 
6 
3 
1 921774060  
3 
1 1443839641  
1 782284079  
6 
5 
2 
1 371033887  
5 
3 
5 
6 
5 
4 
5 
5 
2 
1 1696688077  
4 
2 
2 
1 387023743  
5 
2 
3 
4 
4 
1 412646186  
4 
2 
5 
4 
4 
4 
1 1972792162  
4 
6 
3 
6 
2 
5 
3 
3 
6 
1 1725967794  
2 
2 
2 
4 
3 
5 
6 
5 
4 
5 
3 
3 
5 
3 
3 
2 
4 
3 
1 404849998  
1 1113088212  
5 
3 
4 
6 
4 
2 
6 
3 
1 1606995666  
1 1714479923  
3 
3 
6 
6 
5 
6 
4 
5 
4 
1 793868054  
6 
3 
1 272649557  
5 
6 
6 
1 837872363  
3 
2 
6 
2 
1 964755312  
4 
3 
1 1698573289  
2 
2 
3 
5 
5 
6 
4 
1 1672153736  
6 
1 1672749636  
4 
5 
6 
5 
6 
2 
4 
3 
4 
2 
1 1025643115  
6 
1 1090647194  
4 
6 
6 
6 
2 
3 
4 
1 1405597727  
6 
2 
6 
6 
5 
1 1035239322  
6 
1 1501082071  
1 985056229  
1 1721467799  
3 
3 
3 
1 1354607411  
6 
1 180397188  
4 
5 
6 
3 
1 765265384  
4 
4 
3 
2 
3 
4 
1 1150241817  
2 
5 
2 
1 1102171249  
6 
5 
2 
6 
6 
6 
1 61621377  
5 
2 
1 1932525897  
1 1473205136  
4 
5 
6 
5 
5 
2 
2 
4 
4 
5 
5 
4 
5 
4 
1 1758309454  
3 
2 
4 
4 
5 
1 172065992  
2 
4 
3 
3 
2 
4 
5 
1 1885851322  
5 
2 
3 
3 
4 
1 1583617969  
2 
2 
1 1898033786  
5 
6 
6 
5 
5 
2 
2 
2 
3 
6 
6 
4 
3 
5 
6 
2 
5 
6 
6 
6 
4 
1 143217672  
4 
1 549222533  
6 
5 
5 
4 
5 
3 
3 
2 
1 1357545804  
4 
3 
6 
6 
5 
2 
3 
1 1857697596  
2 
2 
1 1343090587  
6 
3 
1 1630195361  
3 
4 
2 
5 
6 
1 548086311  
3 
1 160362251  
1 1181285002  
6 
5 
2 
4 
4 
2 
5 
1 72756399  
1 1833111887  
3 
5 
4 
4 
2 
2 
1 59444470  
1 1163403593  
5 
1 1091225966  
1 1094683792  
4 
6 
4 
2 
5 
2 
5 
6 
6 
6 
5 
6 
3 
1 517002016  
4 
1 2076282195  
5 
2 
6 
2 
5 
6 
6 
3 
2 
4 
1 668667943  
2 
4 
3 
4 
6 
4 
6 
6 
1 1871609428  
1 109195736  
6 
3 
6 
5 
3 
1 1433933328  
2 
2 
6 
3 
6 
4 
6 
3 
2 
2 
2 
6 
5 
3 
3 
1 874367597  
3 
1 1211366985  
4 
4 
3 
5 
6 
5 
2 
5 
3 
2 
1 1495554705  
1 659409846  
2 
2 
2 
5 
2 
2 
3 
6 
5 
4 
3 
3 
4 
5 
3 
2 
5 
6 
6 
1 537088473  
5 
6 
3 
6 
1 1106380512  
6 
3 
3 
6 
5 
3 
1 831475838  
2 
5 
4 
4 
2 
6 
2 
2 
3 
4 
5 
1 275456147  
5 
1 542514833  
5 
5 
6 
4 
2 
4 
4 
4 
4 
5 
4 
5 
5 
6 
2 
4 
1 582025977  
2 
3 
1 418673819  
6 
2 
3 
1 1091737366  
3 
5 
3 
1 1939571781  
6 
3 
6 
3 
5 
5 
1 128887767  
6 
5 
3 
3 
1 287344306  
6 
5 
1 1422283495  
2 
1 676974079  
2 
5 
5 
4 
3 
4 
1 447706557  
3 
6 
2 
1 456084849  
4 
3 
6 
5 
2 
6 
2 
1 749730478  
5 
4 
4 
6 
2 
3 
3 
4 
5 
4 
3 
4 
6 
1 133334797  
2 
4 
4 
4 
1 515529319  
2 
1 1913134072  
6 
1 1224560763  
4 
2 
6 
3 
2 
4 
1 1610213111  
3 
6 
4 
2 
4 
1 282652440  
6 
6 
5 
1 1153359311  
6 
1 131397407  
5 
3 
5 
6 
5 
2 
1 6778220  
2 
4 
6 
3 
3 
4 
3 
3 
1 1262555047  
4 
4 
5 
3 
6 
5 
2 
6 
5 
3 
2 
3 
6 
2 
6 
5 
3 
4 
6 
6 
1 1565330735  
3 
5 
3 
5 
5 
3 
3 
2 
3 
3 
2 
6 
5 
4 
1 881145818  
5 
3 
6 
4 
3 
5 
4 
1 326438384  
3 
6 
5 
1 913401792  
5 
1 1540555664  
1 863526857  
1 2019782304  
5 
5 
6 
3 
6 
4 
3 
2 
5 
6 
6 
5 
2 
3 
6 
5 
4 
4 
3 
4 
1 224547855  
5 
3 
1 1138983004  
6 
3 
3 
5 
3 
1 414813489  
4 
5 
5 
5 
4 
1 806573832  
6 
6 
5 
6 
3 
1 1557656823  
2 
4 
4 
2 
3 
4 
1 1506550856  
3 
1 598661965  
2 
4 
3 
2 
5 
6 
5 
1 1686544591  
5 
2 
1 1793895162  
6 
1 2020945460  
1 216035022  
1 94118071  
6 
2 
6 
6 
2 
4 
5 
3 
5 
6 
6 
5 
6 
2 
5 
6 
4 
4 
5 
2 
6 
5 
1 329546662  
4 
2 
2 
4 
2 
1 965765500  
3 
3 
3 
2 
1 227452868  
4 
1 845075981  
3 
1 731415924  
1 1452013632  
5 
4 
4 
4 
3 
4 
3 
5 
4 
4 
1 307805445  
2 
6 
1 1014068365  
6 
2 
6 
2 
6 
4 
2 
6 
6 
3 
1 457889295  
1 439202852  
5 
2 
1 1020846585  
2 
2 
1 1720444342  
2 
1 2004533587  
3 
6 
6 
3 
5 
4 
5 
6 
3 
1 1901992403  
5 
3 
2 
3 
1 2046882726  
4 
1 770451731  
4 
1 1295064420  
3 
6 
5 
5 
2 
1 762925935  
1 642750388  
1 1519612275  
3 
1 1901908939  
6 
1 1057563877  
4 
4 
5 
2 
3 
6 
6 
5 
3 
6 
4 
5 
3 
5 
1 178702459  
5 
3 
5 
5 
1 1312082114  
1 416631085  
4 
3 
4 
6 
2 
2 
5 
5 
3 
6 
2 
4 
1 777364424  
6 
1 851143057  
6 
5 
1 63042599  
4 
1 650826237  
1 1067178079  
1 157160671  
5 
6 
3 
3 
5 
1 980372899  
6 
6 
4 
1 2032943580  
5 
1 384613539  
5 
6 
6 
6 
2 
6 
3 
1 1825448880  
6 
4 
2 
3 
5 
3 
2 
5 
5 
2 
6 
1 616875856  
2 
2 
3 
5 
1 1836627171  
2 
2 
3 
5 
2 
2 
4 
5 
3 
6 
2 
3 
4 
4 
5 
5 
4 
4 
1 2133254325  
6 
1 1630944221  
5 
1 147032818  
3 
4 
5 
4 
5 
3 
4 
4 
2 
6 
4 
6 
3 
3 
3 
6 
3 
2 
4 
2 
4 
3 
6 
2 
4 
4 
4 
5 
2 
2 
5 
1 424973529  
3 
6 
5 
3 
4 
6 
2 
6 
2 
5 
5 
4 
5 
4 
5 
2 
5 
3 
5 
1 504307159  
4 
5 
1 1867477160  
4 
5 
5 
6 
6 
4 
1 282023468  
5 
1 258815914  
5 
2 
4 
2 
3 
1 1766876238  
3 
1 1052475200  
6 
3 
1 1553880334  
1 382318525  
1 1695225588  
6 
6 
6 
5 
5 
5 
6 
3 
4 
6 
3 
5 
1 926008961  
2 
4 
5 
5 
2 
6 
6 
1 136743816  
2 
6 
2 
1 605305817  
2 
4 
2 
6 
6 
1 1104711420  
1 1448825931  
6 
3 
2 
1 1021936903  
4 
5 
6 
3 
1 1882075845  
1 152485340  
2 
6 
3 
1 1084979502  
3 
5 
6 
5 
2 
4 
6 
3 
1 385418434  
6 
1 1219663420  
6 
1 1242140173  
3 
5 
2 
6 
4 
4 
4 
1 1365791333  
6 
6 
2 
2 
1 1105123352  
3 
4 
5 
4 
4 
2 
2 
5 
5 
2 
2 
1 1626753713  
2 
1 1043756565  
3 
4 
4 
4 
6 
3 
2 
5 
3 
2 
4 
2 
5 
1 1721999208  
6 
3 
2 
2 
4 
2 
3 
4 
2 
1 1315897236  
4 
1 1029527243  
4 
3 
2 
2 
5 
2 
4 
6 
3 
5 
6 
3 
2 
5 
6 
3 
1 1205459782  
4 
1 1462930055  
2 
1 1454500772  
3 
5 
5 
2 
2 
1 1709766941  
4 
5 
5 
2 
6 
6 
5 
1 1182923567  
2 
2 
2 
1 1736524241  
5 
4 
2 
2 
2 
3 
2 
5 
4 
5 
6 
6 
3 
1 1968582855  
3 
4 
6 
5 
4 
3 
1 802316158  
1 641515793  
5 
1 1374979542  
2 
3 
1 1184634683  
3 
1 189257733  
4 
1 153504855  
1 1321378500  
3 
1 794563550  
4 
4 
4 
3 
6 
2 
4 
3 
4 
1 1258216276  
1 622720783  
3 
6 
1 1816500453  
6 
6 
6 
1 992808473  
6 
4 
5 
5 
2 
1 775206123  
3 
3 
2 
1 753996308  
6 
3 
5 
5 
1 1378226907  
4 
4 
2 
5 
6 
2 
3 
4 
6 
6 
6 
6 
4 
2 
3 
4 
6 
4 
5 
6 
6 
1 1994869543  
2 
1 1996136481  
6 
1 596534592  
4 
5 
1 952509247  
1 1475406546  
3 
2 
3 
3 
5 
1 1640291157  
5 
3 
4 
1 527024808  
2 
2 
5 
4 
4 
1 643820135  
6 
3 
5 
5 
2 
2 
4 
1 522334752  
1 1732484590  
4 
6 
2 
6 
2 
6 
4 
2 
4 
5 
1 2106750190  
3 
3 
4 
1 1976835525  
5 
2 
5 
2 
5 
4 
5 
2 
6 
1 1294767883  
3 
2 
3 
5 
5 
1 1142190109  
6 
2 
4 
1 1565876118  
6 
4 
5 
4 
5 
1 1115867090  
4 
4 
1 1944506267  
5 
5 
3 
1 59908263  
3 
6 
6 
1 343362984  
3 
5 
6 
4 
5 
3 
1 981657303  
3 
4 
5 
4 
3 
2 
1 249165996  
2 
5 
5 
2 
2 
6 
6 
6 
4 
2 
2 
2 
2 
6 
6 
6 
4 
4 
2 
3 
2 
1 496867840  
3 
3 
2 
6 
6 
1 155552155  
2 
1 1043729546  
3 
3 
3 
3 
4 
2 
5 
3 
5 
5 
5 
2 
6 
3 
5 
4 
4 
5 
1 1755084116  
4 
5 
4 
4 
4 
1 778272938  
6 
4 
5 
2 
3 
3 
5 
4 
6 
5 
1 712746352  
1 600408941  
2 
2 
1 1553479061  
1 1466742660  
4 
6 
1 1978635848  
5 
5 
2 
1 1400864957  
6 
2 
2 
4 
5 
3 
5 
3 
3 
3 
3 
1 1315395493  
4 
3 
5 
3 
1 427686792  
1 205890556  
4 
6 
3 
6 
5 
3 
5 
5 
6 
5 
6 
2 
6 
2 
1 643318392  
4 
4 
1 2067977949  
2 
3 
4 
3 
6 
6 
2 
4 
6 
5 
1 732915364  
6 
6 
5 
2 
6 
1 1287138527  
5 
1 442829054  
4 
1 317916306  
5 
5 
1 1246405069  
1 272180931  
6 
1 1612684189  
3 
2 
5 
5 
5 
3 
2 
2 
4 
5 
4 
2 
5 
4 
1 241111530  
6 
5 
4 
4 
1 1838057049  
3 
2 
5 
2 
5 
1 581067632  
6 
6 
6 
3 
1 38134150  
1 1897965312  
2 
4 
3 
2 
3 
2 
5 
2 
5 
2 
1 924430616  
3 
6 
3 
3 
3 
1 1019791453  
4 
3 
6 
2 
6 
2 
5 
1 2147131308  
6 
4 
6 
2 
4 
3 
3 
1 1421298456  
5 
4 
1 1175343608  
3 
1 1043377206  
1 1028898924  
2 
4 
4 
5 
1 1953616546  
1 1756123558  
2 
4 
2 
2 
6 
5 
2 
4 
6 
2 
6 
3 
2 
2 
3 
4 
6 
3 
5 
5 
2 
6 
1 1629307865  
1 1359611959  
5 
1 1075382570  
1 1460460065  
2 
6 
5 
5 
3 
1 612993268  
6 
3 
3 
3 
3 
2 
3 
5 
5 
3 
1 243294416  
1 1888146857  
4 
5 
3 
2 
4 
3 
4 
6 
4 
3 
1 818883825  
2 
1 886612808  
6 
5 
1 1808641159  
3 
1 1551799189  
1 26267687  
3 
1 103986565  
5 
4 
1 1869715496  
1 1272672756  
2 
2 
6 
2 
2 
4 
2 
4 
6 
5 
4 
3 
1 376167496  
2 
4 
4 
4 
1 1334916037  
5 
6 
2 
2 
5 
6 
6 
4 
4 
1 1513784286  
4 
4 
5 
5 
2 
1 66740897  
4 
3 
5 
3 
5 
4 
5 
1 1915983669  
5 
2 
1 1551918436  
6 
2 
1 1964706209  
1 692930638  
3 
6 
5 
5 
5 
3 
2 
2 
6 
2 
2 
6 
1 424226241  
6 
4 
6 
4 
6 
2 
2 
6 
6 
6 
6 
2 
3 
5 
4 
4 
3 
2 
3 
3 
4 
2 
5 
2 
1 1964353869  
4 
1 2114229094  
1 1599569849  
5 
5 
4 
6 
1 860247427  
1 995644371  
6 
3 
5 
2 
1 1405702747  
1 468887338  
3 
6 
5 
5 
2 
6 
1 477468588  
4 
5 
5 
1 617831059  
5 
2 
5 
3 
1 1544269908  
5 
5 
4 
5 
4 
1 1937928654  
4 
4 
4 
6 
5 
4 
2 
4 
5 
2 
1 1230824327  
6 
4 
3 
4 
6 
1 1787564324  
5 
4 
3 
4 
2 
3 
2 
1 1678591863  
3 
1 2049708152  
2 
3 
6 
4 
6 
4 
1 526693484  
5 
2 
4 
4 
4 
6 
3 
1 1339749374  
6 
3 
6 
3 
6 
4 
5 
5 
1 1454023694  
6 
6 
3 
5 
1 552961171  
2 
2 
2 
1 1443735939  
5 
1 1176255542  
6 
1 1825633927  
3 
3 
4 
5 
4 
1 1819903435  
2 
6 
2 
6 
1 363687931  
4 
4 
2 
6 
3 
1 1191934566  
2 
5 
3 
1 1886644332  
2 
3 
4 
6 
3 
4 
1 132187953  
2 
3 
6 
3 
4 
6 
4 
2 
5 
2 
6 
4 
1 596369354  
5 
1 1703866893  
3 
5 
5 
1 825118591  
3 
1 1020595596  
4 
5 
1 1520737114  
6 
4 
4 
1 791864037  
1 472681797  
3 
2 
1 233500894  
6 
1 1787508408  
1 1878384545  
3 
1 702388232  
5 
2 
1 117493349  
1 348731956  
6 
6 
4 
3 
5 
2 
1 99174492  
1 2055422003  
1 1579556283  
6 
1 1886738817  
1 1586530218  
4 
1 1481780788  
1 265948653  
1 778795945  
3 
2 
6 
6 
6 
6 
5 
6 
5 
5 
3 
6 
1 788320834  
2 
3 
1 818909825  
1 75048236  
5 
1 1964576376  
1 497060104  
4 
5 
5 
3 
2 
2 
4 
2 
5 
2 
5 
4 
4 
6 
3 
6 
4 
3 
2 
1 1894951672  
5 
4 
4 
2 
3 
3 
3 
2 
5 
2 
4 
4 
4 
2 
4 
3 
2 
3 
5 
6 
5 
2 
1 180780659  
1 1688994670  
2 
4 
4 
5 
6 
6 
2 
4 
1 1634112356  
3 
1 312968612  
1 137880377  
2 
1 1190495602  
5 
4 
1 1138087203  
6 
5 
2 
1 1158475973  
2 
1 563749068  
3 
1 1929951241  
2 
3 
3 
1 1631157770  
2 
3 
1 797249962  
2 
3 
2 
5 
2 
4 
2 
6 
2 
4 
3 
4 
1 1569976001  
5 
2 
3 
2 
6 
1 1362058667  
6 
4 
1 1499638194  
4 
4 
1 1687469350  
5 
6 
6 
1 1710790623  
6 
5 
2 
2 
3 
4 
4 
5 
5 
6 
3 
6 
3 
2 
2 
1 1598812687  
2 
6 
2 
5 
3 
1 1595407705  
2 
1 1142863259  
4 
1 1338067856  
2 
4 
1 1034454276  
4 
5 
3 
3 
1 477160399  
2 
1 1604016509  
4 
3 
1 1813250221  
6 
1 1265481233  
2 
4 
1 275442686  
4 
4 
2 
1 1888298457  
3 
2 
1 1082573961  
1 772502791  
3 
2 
6 
2 
2 
4 
2 
3 
2 
5 
5 
2 
4 
1 1635766481  
1 1263354620  
5 
4 
1 314013813  
2 
4 
1 1122395190  
2 
5 
2 
1 1576323233  
2 
6 
6 
1 451894190  
3 
6 
5 
5 
6 
4 
4 
6 
6 
2 
6 
2 
6 
6 
4 
6 
4 
2 
4 
2 
4 
5 
5 
3 
4 
1 165407144  
1 566926788  
1 1610370163  
3 
4 
2 
5 
5 
6 
2 
2 
4 
6 
5 
4 
5 
2 
6 
1 729156212  
5 
1 349394381  
4 
1 1094044286  
4 
3 
3 
3 
6 
5 
5 
5 
5 
3 
1 1526406175  
2 
1 1919370383  
2 
5 
5 
6 
3 
6 
6 
3 
5 
1 308619305  
3 
3 
4 
2 
6 
5 
4 
4 
5 
5 
1 878560721  
3 
4 
5 
2 
2 
5 
3 
5 
5 
1 1459356085  
2 
3 
3 
4 
6 
5 
5 
4 
3 
4 
4 
5 
3 
2 
5 
4 
5 
3 
1 2019409929  
3 
4 
5 
3 
5 
6 
6 
5 
5 
6 
5 
2 
5 
1 329889760  
5 
3 
1 907280143  
1 1014789540  
4 
3 
3 
3 
5 
3 
1 1667957616  
3 
1 1941734419  
5 
5 
4 
3 
3 
6 
5 
1 1491949939  
5 
2 
6 
4 
6 
3 
1 1124490478  
2 
2 
5 
1 1607500992  
4 
1 609947524  
5 
6 
4 
2 
5 
6 
5 
4 
4 
4 
1 1399933164  
6 
1 1348315801  
5 
2 
1 1692521485  
5 
4 
4 
6 
4 
4 
4 
4 
4 
1 24952307  
5 
6 
5 
4 
2 
2 
6 
3 
6 
2 
1 836598635  
2 
6 
2 
5 
4 
6 
2 
1 808392457  
4 
5 
5 
6 
6 
3 
4 
1 338966121  
5 
5 
5 
4 
1 1958993825  
4 
4 
1 237232042  
3 
3 
4 
3 
4 
1 790860311  
1 2124400969  
3 
3 
2 
4 
1 804158831  
5 
4 
1 253746827  
4 
3 
3 
5 
3 
3 
4 
2 
1 706073533  
1 1153553212  
5 
3 
3 
2 
4 
1 1347791113  
3 
6 
6 
6 
5 
2 
6 
4 
2 
1 84996060  
4 
5 
2 
5 
2 
3 
2 
1 925439947  
3 
2 
3 
5 
2 
2 
1 1656410418  
3 
2 
3 
4 
3 
1 963556782  
5 
1 237312385  
5 
4 
1 1528336699  
4 
4 
3 
6 
6 
4 
1 1293446542  
6 
5 
2 
5 
1 1144592528  
1 395642591  
3 
4 
2 
1 813920511  
4 
2 
3 
1 938843299  
5 
3 
5 
6 
2 
5 
2 
5 
5 
1 1887592530  
4 
5 
5 
6 
4 
6 
3 
5 
6 
1 1938410989  
3 
1 398860643  
6 
5 
5 
3 
5 
2 
1 350056406  
5 
6 
4 
2 
1 1190860505  
4 
5 
5 
6 
3 
1 1747176444  
1 2042577891  
3 
1 1215812813  
2 
1 436291431  
6 
4 
4 
5 
3 
1 703486701  
2 
3 
1 1554778934  
3 
1 247801608  
5 
2 
1 940718743  
1 198155597  
1 224718929  
5 
1 1744877574  
6 
1 451902424  
1 930792463  
1 750947139  
2 
2 
5 
3 
2 
4 
1 1799693537  
1 1015788523  
3 
6 
5 
6 
3 
6 
2 
4 
5 
5 
5 
5 
1 1676387086  
1 1308620308  
5 
2 
3 
5 
5 
6 
1 1979345305  
4 
3 
1 1913699471  
4 
3 
3 
4 
2 
4 
1 689473359  
6 
6 
6 
1 1125308200  
4 
5 
2 
3 
1 910808351  
3 
3 
3 
5 
1 1085115951  
4 
4 
3 
2 
2 
3 
4 
5 
2 
2 
6 
6 
2 
4 
4 
6 
5 
4 
1 1939228711  
5 
5 
2 
1 1849651650  
5 
5 
3 
1 825224833  
3 
6 
4 
5 
1 1730156052  
2 
4 
6 
1 101028645  
1 1175281240  
2 
6 
4 
5 
4 
2 
1 773532909  
5 
3 
3 
5 
5 
2 
3 
5 
4 
2 
3 
3 
1 1848205090  
3 
4 
4 
3 
3 
4 
2 
4 
4 
3 
4 
2 
2 
5 
5 
1 1070375483  
3 
6 
4 
6 
4 
2 
5 
3 
3 
4 
3 
3 
5 
6 
1 1989345722  
4 
6 
2 
2 
1 137012873  
2 
2 
1 1773862184  
3 
2 
1 1396641008  
1 384814482  
2 
1 567097280  
5 
3 
4 
1 1594796606  
1 609533411  
2 
2 
1 164491206  
5 
2 
5 
4 
5 
1 2046699030  
3 
4 
4 
6 
6 
2 
1 1540325874  
1 915438345  
1 1698908920  
2 
4 
2 
6 
2 
5 
3 
5 
5 
3 
2 
1 408630750  
6 
2 
4 
2 
4 
1 444341784  
6 
1 860045580  
2 
3 
6 
6 
4 
1 240492407  
1 210557607  
2 
3 
3 
6 
1 1549518939  
4 
3 
2 
4 
1 1365800607  
1 1121365959  
3 
4 
5 
4 
6 
2 
3 
4 
4 
1 487151242  
4 
4 
1 1157545670  
2 
2 
5 
6 
4 
3 
1 823533961  
1 1312376076  
3 
3 
3 
5 
3 
2 
2 
5 
4 
3 
4 
3 
3 
5 
2 
6 
1 740218074  
5 
5 
5 
1 924562607  
5 
2 
2 
5 
2 
6 
5 
2 
5 
2 
2 
1 340173668  
2 
5 
6 
2 
4 
5 
2 
2 
2 
5 
4 
3 
2 
3 
6 
1 1513750984  
4 
3 
4 
2 
1 625284049  
1 1410549151  
4 
6 
6 
1 1355613058  
3 
4 
3 
3 
1 762296922  
2 
5 
6 
3 
1 1036927688  
5 
6 
1 604770419  
3 
2 
4 
3 
4 
5 
1 1147111404  
2 
3 
6 
5 
1 1604024968  
5 
3 
5 
2 
2 
4 
1 52083377  
3 
6 
5 
3 
4 
5 
3 
2 
3 
5 
1 1756644816  
6 
5 
3 
2 
2 
1 1768516174  
6 
2 
3 
3 
1 2098782407  
4 
6 
4 
1 1149487042  
4 
5 
6 
1 536470872  
2 
5 
5 
6 
4 
3 
3 
6 
6 
2 
2 
1 1650207679  
6 
2 
5 
1 1558117792  
5 
2 
6 
5 
3 
2 
5 
5 
5 
3 
6 
1 980812656  
2 
4 
5 
6 
3 
4 
1 362769611  
5 
5 
2 
5 
3 
4 
6 
6 
3 
6 
6 
5 
5 
1 1798610200  
2 
6 
6 
2 
4 
5 
2 
2 
1 1191370263  
2 
4 
3 
2 
6 
1 1912288551  
6 
2 
5 
3 
4 
3 
3 
6 
1 1016927159  
4 
1 165252574  
5 
3 
1 251956145  
4 
2 
2 
6 
5 
1 26989182  
6 
6 
2 
2 
2 
1 988786536  
1 1564332221  
6 
1 767207256  
4 
5 
4 
3 
4 
4 
5 
3 
2 
5 
4 
2 
2 
3 
6 
3 
1 1913349143  
2 
5 
6 
2 
2 
5 
6 
2 
4 
3 
4 
2 
5 
4 
1 1904505889  
5 
6 
1 133474592  
3 
5 
3 
3 
1 391149544  
6 
4 
3 
1 1167571393  
2 
5 
5 
6 
3 
2 
1 1489087651  
1 1153446466  
3 
1 57015433  
4 
3 
4 
1 2093858070  
3 
4 
5 
5 
4 
1 153074223  
1 1661040401  
5 
6 
1 2145941447  
3 
4 
3 
6 
1 1909719039  
3 
4 
6 
6 
5 
5 
5 
3 
3 
4 
3 
2 
4 
5 
4 
4 
3 
6 
6 
2 
1 1282072927  
3 
4 
4 
1 2097240206  
4 
5 
1 911722433  
3 
2 
2 
6 
3 
2 
1 1818543799  
3 
4 
1 1599964238  
3 
2 
6 
3 
5 
3 
2 
4 
1 322356578  
4 
6 
2 
1 651872807  
5 
6 
4 
1 1962733849  
5 
6 
6 
2 
2 
4 
4 
4 
2 
6 
1 2120966778  
2 
1 1843243071  
5 
3 
3 
2 
3 
6 
3 
3 
3 
5 
4 
6 
4 
4 
5 
4 
4 
1 1727538752  
6 
5 
1 990410289  
6 
5 
2 
1 2008495645  
3 
2 
1 1979494898  
2 
4 
5 
1 1017399471  
4 
4 
3 
2 
4 
1 849798533  
2 
2 
4 
5 
2 
3 
4 
3 
1 1396343471  
6 
1 1784606728  
6 
3 
1 615664028  
3 
6 
2 
6 
5 
2 
5 
1 1153365713  
6 
2 
6 
5 
3 
6 
3 
3 
6 
3 
2 
2 
3 
1 1918081320  
2 
2 
6 
2 
4 
2 
4 
1 1006813572  
4 
1 173453458  
1 1259685323  
5 
5 
4 
3 
2 
5 
2 
6 
6 
3 
1 12776391  
5 
2 
5 
5 
4 
6 
6 
2 
2 
1 230468891  
6 
6 
2 
1 1206059745  
3 
1 165850614  
4 
5 
5 
2 
4 
3 
5 
6 
1 1891509292  
3 
1 1204517544  
2 
5 
2 
5 
3 
1 2075569653  
6 
6 
3 
2 
4 
4 
6 
6 
1 1026098571  
2 
6 
6 
3 
4 
6 
3 
1 1154274103  
4 
2 
2 
6 
4 
1 839808438  
6 
4 
3 
1 697158723  
1 606754693  
1 1162165016  
5 
2 
4 
3 
1 1349031530  
4 
4 
6 
5 
2 
5 
3 
5 
6 
4 
3 
3 
1 422004894  
2 
6 
3 
4 
2 
6 
5 
6 
6 
3 
6 
3 
1 1135648146  
5 
5 
6 
6 
4 
6 
1 1044790953  
2 
5 
2 
6 
4 
3 
6 
5 
6 
1 2059999  
2 
5 
3 
5 
1 2126058436  
3 
1 905802951  
5 
5 
4 
4 
5 
6 
2 
6 
3 
2 
5 
2 
3 
2 
4 
1 1981554897  
2 
1 995974259  
6 
3 
2 
1 1755601484  
5 
4 
5 
6 
4 
6 
1 1230414720  
6 
1 633097339  
5 
1 223781865  
4 
3 
3 
2 
2 
3 
2 
1 236296785  
1 403695012  
6 
1 1230595437  
3 
5 
6 
1 409750243  
2 
6 
3 
2 
6 
5 
2 
3 
4 
4 
6 
5 
5 
4 
4 
1 1663380335  
4 
2 
3 
1 1243371828  
5 
5 
1 640219134  
5 
3 
4 
1 721956433  
3 
5 
2 
6 
2 
6 
2 
4 
5 
4 
6 
2 
5 
3 
2 
3 
4 
1 1409222442  
3 
1 384244778  
2 
2 
5 
4 
2 
1 1926473977  
6 
1 1337308447  
6 
2 
3 
3 
6 
4 
3 
3 
2 
4 
3 
3 
1 1410343350  
6 
1 933264432  
5 
5 
4 
2 
4 
2 
6 
2 
2 
4 
6 
3 
5 
4 
1 29633238  
6 
6 
4 
1 2107502073  
5 
5 
6 
6 
2 
3 
4 
5 
2 
2 
2 
2 
5 
5 
2 
1 1540019125  
1 1191798254  
1 1309049955  
3 
3 
6 
2 
6 
2 
6 
1 1962024020  
6 
5 
6 
4 
4 
5 
3 
1 179962753  
2 
2 
5 
6 
4 
3 
2 
5 
3 
5 
4 
5 
6 
1 206357261  
4 
1 1964084019  
6 
4 
3 
6 
1 158537541  
6 
3 
5 
5 
5 
1 1112160212  
3 
3 
6 
2 
3 
4 
5 
1 1798155268  
1 1154511800  
2 
4 
1 720278048  
3 
3 
6 
3 
1 881086340  
2 
5 
4 
6 
2 
2 
1 1787609140  
6 
3 
4 
2 
1 944059913  
4 
1 1117383126  
4 
1 43820504  
4 
3 
3 
5 
3 
2 
4 
2 
6 
2 
3 
2 
4 
2 
4 
2 
3 
3 
6 
6 
6 
4 
6 
1 27171703  
6 
1 1527133369  
1 1707200839  
2 
4 
4 
5 
4 
1 1270543531  
4 
2 
4 
6 
3 
6 
4 
5 
2 
2 
3 
6 
4 
4 
3 
4 
4 
5 
2 
6 
2 
5 
1 19868856  
3 
4 
3 
3 
4 
4 
3 
1 281673624  
1 532282326  
6 
6 
1 404113634  
1 60663954  
6 
2 
4 
1 1869590773  
1 1814456984  
6 
6 
4 
4 
2 
6 
5 
6 
2 
6 
1 993928386  
1 1899224011  
4 
1 1774475409  
6 
6 
3 
1 386463864  
6 
5 
2 
6 
2 
6 
3 
1 943538618  
1 936041717  
2 
6 
5 
1 201004236  
4 
5 
2 
4 
6 
4 
2 
5 
2 
1 1123501371  
2 
6 
2 
2 
1 1142398978  
5 
4 
3 
5 
6 
4 
2 
1 17604607  
1 1282038912  
6 
1 107075542  
5 
1 1815759875  
4 
3 
1 289067064  
1 827353590  
6 
2 
2 
3 
6 
1 549362567  
3 
2 
1 2076676204  
6 
2 
6 
5 
1 1771413504  
1 1666745693  
3 
2 
6 
2 
3 
3 
1 2120496708  
6 
1 1798585207  
1 1046395415  
5 
3 
4 
5 
3 
6 
1 1680213900  
1 921645090  
3 
6 
3 
3 
6 
5 
6 
6 
1 1066264271  
3 
3 
6 
1 1961887524  
1 1453927416  
6 
4 
1 1470377905  
5 
1 2022551478  
2 
3 
6 
1 1176034542  
1 1137351242  
2 
5 
5 
2 
3 
6 
5 
2 
6 
4 
6 
6 
1 868996217  
2 
3 
2 
6 
3 
2 
4 
4 
3 
5 
4 
4 
1 927774905  
4 
6 
6 
1 764343003  
2 
5 
6 
1 1255460081  
4 
4 
4 
2 
1 1871313523  
3 
6 
5 
2 
4 
6 
6 
4 
6 
2 
3 
2 
4 
4 
3 
6 
1 1700384720  
5 
5 
1 1456464317  
2 
1 847331246  
4 
6 
2 
4 
6 
2 
5 
1 695300050  
6 
3 
2 
4 
2 
4 
1 1474068924  
3 
2 
2 
6 
3 
2 
5 
4 
3 
4 
6 
5 
1 2129370158  
3 
2 
3 
5 
3 
2 
6 
1 802375592  
2 
2 
2 
4 
5 
2 
4 
2 
3 
6 
5 
6 
3 
6 
6 
3 
2 
4 
5 
1 1142345151  
6 
1 270953575  
5 
3 
4 
2 
3 
2 
1 1629729183  
6 
1 1691707718  
6 
1 200146131  
5 
6 
6 
4 
1 1253659039  
2 
2 
3 
6 
1 1210969764  
2 
6 
6 
6 
1 173159192  
2 
6 
4 
2 
2 
3 
3 
4 
6 
4 
3 
2 
2 
1 904760598  
3 
2 
4 
2 
4 
5 
1 109881531  
6 
4 
5 
5 
1 1853373092  
1 1826405688  
6 
4 
5 
1 1176145802  
6 
3 
6 
6 
1 1667776968  
3 
2 
4 
5 
4 
4 
2 
6 
4 
6 
6 
6 
1 1132849457  
4 
1 499040059  
1 1542844799  
1 161400351  
6 
3 
3 
2 
5 
2 
4 
2 
6 
5 
5 
2 
4 
3 
2 
6 
5 
1 1636391301  
6 
2 
1 264357368  
6 
6 
4 
6 
1 1089175256  
5 
6 
6 
6 
5 
1 253250657  
5 
3 
2 
5 
5 
5 
6 
3 
4 
1 1519817449  
3 
3 
4 
3 
5 
4 
5 
6 
5 
2 
6 
3 
6 
6 
1 813005132  
6 
1 1953635377  
6 
3 
3 
6 
3 
1 828798118  
2 
5 
3 
5 
1 1660336378  
2 
6 
4 
1 501451780  
1 155383394  
4 
4 
2 
6 
3 
6 
5 
3 
5 
2 
1 1642222889  
1 1303827372  
1 1297728545  
1 1913176464  
4 
1 786072907  
2 
4 
5 
4 
6 
1 841952615  
4 
6 
3 
6 
4 
1 2113322595  
6 
2 
5 
1 2039731946  
3 
2 
1 2052922379  
5 
1 138998139  
4 
2 
5 
3 
3 
3 
3 
5 
5 
6 
1 797008896  
3 
4 
2 
6 
1 15320262  
2 
2 
5 
5 
2 
3 
4 
4 
3 
4 
1 1992371231  
5 
6 
4 
2 
5 
5 
3 
1 475930937  
6 
6 
4 
5 
1 1191466064  
1 1512664552  
6 
6 
5 
1 1608780394  
5 
6 
5 
4 
5 
1 1690506124  
4 
3 
5 
4 
1 908025703  
5 
3 
4 
1 1770180745  
1 1179413777  
6 
1 1172383071  
3 
5 
2 
2 
5 
5 
3 
4 
4 
1 711872353  
3 
2 
4 
4 
2 
2 
1 1432664434  
6 
5 
3 
6 
6 
6 
1 544716872  
1 1524877485  
6 
4 
4 
6 
4 
5 
4 
1 1238816164  
6 
6 
1 1373514990  
5 
1 1037730216  
5 
3 
1 1740267944  
4 
1 1528898384  
1 532469457  
4 
1 896611668  
2 
5 
1 679143281  
3 
2 
5 
1 298162273  
2 
3 
4 
1 1682684576  
1 1521095896  
6 
6 
2 
2 
3 
6 
5 
1 264001220  
1 1574932874  
5 
4 
1 1426534628  
5 
2 
3 
3 
2 
6 
