6 
1 2076399607  
6 
1 1669031517  
3 
1 683242936  
4 
4 
1 2111536443  
5 
6 
4 
6 
2 
2 
6 
5 
4 
4 
2 
3 
3 
1 512460078  
2 
3 
6 
4 
4 
6 
1 308587510  
5 
5 
4 
2 
1 615172704  
4 
2 
3 
3 
3 
5 
3 
2 
4 
5 
3 
6 
2 
1 686195881  
3 
6 
4 
1 1827210699  
4 
4 
1 659028564  
6 
3 
3 
2 
5 
3 
2 
2 
6 
3 
6 
3 
6 
5 
5 
6 
2 
5 
5 
3 
5 
4 
5 
1 198763161  
5 
1 1878920712  
4 
6 
5 
6 
1 623083856  
5 
3 
3 
6 
5 
1 2144458390  
1 1502877781  
5 
5 
4 
1 1705803373  
5 
5 
3 
1 316473005  
4 
2 
5 
6 
4 
3 
1 840735640  
4 
3 
6 
3 
1 718057793  
5 
2 
1 217205507  
3 
6 
5 
4 
6 
1 250349402  
1 1477840186  
1 1181152284  
2 
2 
4 
2 
1 1802796557  
6 
1 1261930210  
3 
3 
1 1091812700  
1 349051516  
3 
6 
6 
3 
3 
1 769098964  
5 
5 
4 
3 
6 
6 
5 
6 
2 
5 
5 
3 
1 600607841  
6 
4 
3 
3 
5 
1 588792911  
1 998023263  
4 
3 
2 
4 
1 529523800  
4 
3 
1 110340780  
3 
4 
4 
1 1681266199  
5 
5 
1 493576596  
5 
1 622800858  
1 1989853709  
5 
2 
5 
5 
1 1108749300  
6 
5 
1 1308996739  
6 
6 
3 
5 
4 
6 
2 
5 
5 
2 
3 
3 
5 
4 
3 
2 
3 
6 
3 
1 1669580760  
1 1767777865  
2 
5 
2 
6 
4 
4 
2 
1 1507759900  
4 
6 
4 
5 
5 
5 
5 
6 
6 
1 1401017825  
2 
4 
4 
4 
1 243378073  
1 1504734642  
4 
3 
2 
3 
2 
3 
5 
5 
4 
4 
4 
4 
2 
1 756411958  
2 
4 
3 
1 1949181446  
4 
1 1821207647  
5 
2 
2 
5 
3 
1 1597147598  
4 
4 
4 
3 
6 
2 
5 
2 
1 519755592  
2 
6 
3 
5 
6 
1 2038413154  
1 1847497000  
3 
2 
1 1997595778  
4 
5 
2 
3 
4 
6 
3 
5 
5 
4 
6 
1 1072081791  
5 
3 
5 
1 1502809910  
2 
1 1112042340  
2 
6 
2 
6 
6 
6 
1 16410843  
5 
1 1851861426  
4 
6 
5 
4 
5 
4 
4 
4 
6 
1 1881141305  
6 
4 
2 
6 
3 
6 
3 
3 
4 
1 617018684  
4 
2 
5 
2 
5 
2 
6 
5 
1 293170689  
6 
2 
1 731680920  
1 1146542484  
2 
6 
6 
5 
3 
6 
2 
3 
3 
3 
2 
6 
6 
4 
6 
1 403511470  
5 
2 
2 
6 
4 
6 
2 
1 265463471  
6 
5 
5 
5 
2 
4 
6 
4 
2 
3 
1 1640119080  
4 
6 
1 1026312328  
3 
5 
5 
3 
3 
4 
6 
1 107833532  
6 
5 
2 
3 
1 601384733  
2 
5 
5 
4 
5 
4 
1 187825420  
2 
1 1777414292  
6 
2 
3 
5 
3 
6 
1 221678950  
1 1695585320  
2 
5 
5 
3 
1 1030948469  
2 
3 
5 
2 
3 
3 
6 
1 465057023  
4 
4 
1 1052836315  
5 
2 
2 
5 
4 
3 
5 
6 
4 
1 1787360428  
1 266754821  
2 
1 726560314  
3 
6 
1 1237024378  
3 
5 
4 
1 786510413  
1 617489821  
5 
4 
4 
6 
6 
2 
2 
5 
1 937037731  
6 
1 636622544  
2 
4 
2 
5 
6 
5 
2 
6 
6 
5 
5 
3 
2 
5 
3 
5 
2 
6 
5 
3 
2 
3 
2 
4 
2 
4 
4 
3 
2 
1 1689571612  
4 
5 
4 
4 
4 
1 292363993  
1 1748664884  
3 
1 1705982455  
6 
1 2144225419  
1 1482322541  
4 
4 
5 
4 
2 
6 
4 
4 
3 
1 175517491  
1 289912460  
4 
3 
3 
6 
6 
6 
4 
5 
4 
1 66519813  
3 
6 
4 
1 1322059975  
1 693423930  
6 
6 
4 
2 
4 
2 
5 
6 
6 
6 
2 
3 
1 331983284  
4 
5 
2 
2 
6 
1 814695408  
2 
1 1719736259  
3 
6 
2 
6 
5 
2 
4 
1 439816816  
3 
4 
1 1416080141  
5 
5 
2 
4 
3 
3 
4 
5 
2 
4 
6 
2 
1 1907561679  
4 
6 
1 69747461  
5 
4 
3 
6 
1 1637759091  
6 
4 
5 
3 
6 
6 
3 
4 
1 1455663351  
3 
5 
6 
6 
3 
3 
2 
3 
5 
5 
3 
3 
5 
6 
3 
1 1100695930  
6 
5 
3 
6 
6 
5 
5 
4 
4 
6 
1 2102816114  
5 
5 
1 361016018  
3 
6 
6 
3 
3 
6 
3 
6 
1 740572710  
6 
3 
3 
6 
2 
4 
1 222087287  
6 
2 
4 
6 
3 
3 
6 
4 
5 
4 
5 
6 
2 
1 1087576333  
3 
6 
3 
1 1977597089  
6 
3 
5 
5 
4 
1 1008597701  
6 
2 
4 
6 
4 
5 
1 1705066154  
6 
3 
5 
4 
1 767151172  
5 
4 
1 1645220245  
5 
5 
2 
4 
4 
2 
4 
2 
2 
1 1247154118  
1 1059515165  
2 
4 
4 
2 
5 
6 
6 
2 
5 
2 
6 
1 1246401481  
4 
4 
4 
5 
1 805652925  
3 
4 
3 
3 
6 
2 
5 
3 
2 
3 
6 
1 1056256936  
3 
1 581240375  
1 981170416  
3 
2 
4 
6 
5 
4 
4 
2 
5 
4 
3 
4 
5 
2 
6 
5 
5 
6 
1 1346169396  
4 
3 
4 
1 647760188  
1 155746743  
2 
2 
4 
6 
2 
1 2039593327  
5 
4 
3 
4 
1 979743473  
1 970442151  
5 
6 
4 
4 
5 
5 
2 
5 
3 
4 
3 
4 
4 
3 
5 
3 
4 
5 
3 
1 1611845938  
3 
2 
3 
3 
1 1419560289  
3 
5 
5 
1 239038644  
1 1371923969  
5 
6 
3 
6 
6 
6 
1 1489307750  
1 1876797735  
1 680103672  
3 
3 
1 442520033  
2 
5 
6 
6 
3 
3 
3 
2 
1 1832130201  
2 
2 
6 
6 
6 
2 
1 1041119691  
3 
4 
3 
4 
4 
5 
2 
5 
4 
5 
6 
4 
1 1183092743  
2 
4 
2 
4 
2 
4 
1 2054217489  
3 
3 
1 2128696024  
5 
5 
3 
3 
2 
2 
3 
6 
2 
5 
6 
5 
1 1013206184  
4 
3 
2 
6 
5 
3 
3 
3 
6 
6 
2 
1 915331542  
2 
1 1686278530  
6 
5 
1 1780357356  
6 
4 
2 
5 
6 
3 
1 413068139  
4 
3 
5 
1 785949000  
6 
1 692388873  
2 
1 1659469620  
3 
3 
2 
2 
1 1591601925  
5 
1 1748645809  
4 
4 
4 
6 
2 
3 
6 
6 
4 
1 93226347  
4 
6 
2 
3 
1 425288693  
2 
2 
1 947331558  
2 
5 
6 
5 
1 740986536  
6 
3 
2 
4 
3 
5 
1 581035436  
5 
4 
3 
5 
4 
4 
1 839441237  
2 
3 
1 1720730009  
1 1551477588  
6 
4 
6 
1 303803527  
2 
5 
3 
3 
3 
6 
4 
3 
3 
4 
4 
2 
1 992806650  
6 
4 
1 1790516232  
6 
1 1675727496  
3 
3 
3 
4 
3 
4 
3 
6 
5 
1 334630753  
2 
5 
5 
6 
1 1519830320  
5 
2 
2 
5 
4 
4 
4 
3 
4 
5 
1 208347520  
4 
2 
6 
1 777150786  
6 
6 
3 
1 1204476873  
2 
4 
2 
2 
1 1249467211  
4 
2 
4 
4 
4 
1 1960243529  
4 
4 
2 
6 
4 
2 
1 1111210714  
3 
4 
4 
5 
4 
2 
1 1230679587  
2 
4 
2 
4 
6 
6 
5 
1 825966066  
2 
3 
6 
5 
5 
5 
6 
1 2026542256  
4 
5 
6 
3 
2 
4 
6 
1 769474469  
4 
1 458839774  
1 292126747  
5 
1 1555423469  
2 
3 
3 
3 
5 
2 
6 
5 
4 
6 
3 
1 1151228648  
1 1951596368  
6 
2 
4 
2 
3 
5 
5 
6 
6 
1 999541746  
2 
6 
5 
3 
6 
4 
4 
2 
6 
2 
2 
3 
2 
5 
1 752390809  
2 
6 
5 
6 
4 
1 2044822715  
4 
1 1424830439  
3 
2 
4 
3 
6 
5 
4 
5 
3 
1 1699722367  
3 
3 
1 638325603  
5 
3 
5 
6 
6 
3 
4 
4 
2 
2 
5 
5 
5 
1 2005865876  
5 
5 
3 
4 
1 391679956  
4 
2 
1 211571964  
2 
5 
2 
1 1409859816  
6 
5 
3 
6 
5 
6 
3 
3 
1 695483483  
1 1204378615  
1 1052892400  
1 223727331  
4 
5 
4 
3 
3 
2 
1 1539009368  
2 
4 
5 
5 
1 425239072  
3 
2 
3 
4 
3 
3 
2 
4 
2 
5 
1 432074852  
5 
6 
1 168676506  
5 
5 
4 
4 
1 1629715946  
6 
5 
6 
2 
4 
6 
6 
4 
6 
2 
3 
4 
6 
5 
1 1681542063  
3 
6 
6 
3 
3 
1 2128920035  
4 
3 
1 593443012  
4 
3 
2 
2 
6 
4 
4 
4 
6 
1 764738003  
6 
5 
4 
3 
4 
4 
4 
6 
5 
3 
4 
4 
3 
6 
6 
1 807402453  
1 472501621  
6 
2 
4 
3 
1 1534212472  
4 
1 1266242228  
3 
2 
6 
4 
6 
3 
1 764628368  
4 
4 
3 
2 
3 
5 
2 
1 942152294  
6 
4 
1 269987228  
5 
6 
1 568741088  
4 
4 
1 1941694040  
5 
3 
1 1022378037  
1 466080156  
5 
4 
4 
2 
3 
6 
5 
1 1219040832  
6 
1 574616757  
2 
5 
3 
5 
1 1104405759  
3 
1 1077423060  
3 
1 966296713  
4 
5 
2 
4 
2 
5 
1 1315977724  
4 
6 
4 
5 
5 
2 
5 
2 
6 
2 
1 339799228  
3 
3 
2 
2 
1 1661780197  
6 
3 
1 372872691  
2 
5 
2 
2 
1 1392691628  
1 1885507528  
4 
1 1911882059  
3 
1 1817930701  
6 
3 
1 170098732  
1 2080558565  
5 
2 
6 
6 
4 
5 
4 
5 
1 1300162999  
5 
1 1851640796  
1 2061994952  
3 
2 
5 
2 
6 
3 
1 1893606011  
6 
5 
6 
3 
6 
5 
2 
6 
4 
1 468895151  
5 
4 
1 721913758  
5 
2 
4 
6 
2 
6 
4 
1 218623984  
2 
4 
5 
3 
6 
5 
3 
3 
3 
6 
5 
2 
5 
3 
4 
2 
4 
4 
2 
1 2003107623  
4 
2 
6 
1 1988155986  
3 
2 
1 983252353  
4 
5 
1 797776269  
2 
6 
2 
2 
6 
2 
6 
1 110659566  
6 
1 1551993441  
5 
6 
1 591986662  
6 
2 
2 
3 
6 
5 
3 
4 
5 
5 
4 
3 
5 
6 
5 
6 
3 
1 1133037603  
6 
6 
6 
6 
1 2018073597  
1 1811027494  
4 
5 
4 
3 
5 
2 
6 
4 
1 1707654360  
1 974995709  
2 
1 740966906  
5 
6 
4 
3 
6 
3 
2 
2 
1 526467426  
6 
1 143489785  
1 1080766134  
2 
3 
4 
1 40763975  
3 
5 
2 
3 
1 516362476  
1 325974114  
2 
4 
6 
6 
6 
5 
2 
4 
4 
3 
1 1926271503  
5 
5 
5 
5 
2 
6 
6 
4 
1 280760887  
3 
2 
3 
2 
5 
1 2143904815  
1 2096370236  
3 
4 
6 
5 
6 
2 
5 
5 
1 213835804  
1 1296584166  
6 
5 
5 
1 1800527384  
4 
5 
2 
3 
2 
2 
3 
4 
4 
1 128347108  
6 
6 
4 
5 
6 
1 1042706530  
3 
4 
3 
1 121938887  
4 
4 
2 
6 
1 850260866  
6 
5 
5 
5 
2 
3 
5 
6 
3 
4 
4 
3 
6 
4 
5 
3 
5 
4 
3 
6 
2 
1 1261330514  
1 2125046510  
3 
3 
1 690933204  
1 97099219  
4 
3 
5 
6 
5 
1 775339132  
6 
4 
4 
6 
2 
5 
5 
1 801592770  
1 1649092661  
2 
5 
6 
4 
4 
2 
5 
2 
3 
4 
3 
5 
3 
2 
3 
2 
2 
2 
3 
2 
3 
3 
6 
5 
1 1367325794  
3 
5 
1 1934630374  
4 
4 
1 1519682610  
6 
6 
2 
1 1030869640  
6 
3 
3 
1 1494801086  
5 
4 
6 
3 
4 
3 
5 
1 347194671  
4 
6 
1 1771836546  
1 2021268512  
1 490684456  
4 
5 
4 
2 
4 
6 
2 
2 
6 
6 
1 705119032  
6 
4 
1 2062032487  
1 1007046932  
6 
6 
6 
4 
4 
1 1031093146  
1 1840820343  
5 
1 1287807819  
4 
1 1027514314  
2 
5 
6 
3 
3 
5 
6 
6 
2 
1 1789706931  
1 1501643623  
1 176614832  
1 1442750667  
5 
3 
4 
3 
5 
1 1629990732  
1 1219321362  
6 
4 
4 
3 
6 
6 
1 1564689554  
1 332767950  
3 
2 
3 
5 
5 
3 
2 
1 333168229  
1 1542252416  
3 
3 
2 
3 
4 
2 
3 
4 
3 
2 
5 
5 
6 
3 
6 
2 
2 
4 
4 
1 1023701155  
1 430267448  
2 
5 
5 
1 170107900  
1 1825293925  
4 
2 
2 
2 
6 
5 
2 
6 
4 
6 
5 
6 
2 
6 
6 
4 
4 
3 
4 
5 
1 2079360109  
3 
2 
3 
2 
6 
6 
6 
5 
3 
6 
2 
3 
2 
2 
6 
5 
5 
2 
2 
2 
3 
5 
6 
6 
4 
6 
5 
4 
6 
6 
6 
3 
3 
2 
1 1537433694  
3 
6 
5 
2 
1 1612440651  
2 
5 
3 
2 
1 1451559072  
1 420819686  
6 
6 
5 
2 
3 
1 959758090  
4 
1 1798753743  
5 
4 
3 
3 
3 
2 
5 
3 
3 
2 
5 
3 
6 
2 
1 45172584  
2 
2 
6 
1 833542954  
6 
3 
3 
5 
2 
6 
2 
5 
4 
6 
6 
3 
2 
5 
1 141954552  
1 750291616  
3 
3 
3 
6 
4 
2 
2 
2 
5 
4 
6 
5 
1 748091794  
6 
5 
5 
3 
4 
1 1149001484  
4 
4 
2 
1 1781384763  
4 
2 
3 
6 
2 
6 
2 
2 
3 
4 
4 
3 
5 
5 
1 441428489  
4 
1 289325656  
5 
5 
4 
4 
1 661415429  
1 83651772  
4 
4 
1 1790969279  
4 
6 
2 
4 
5 
2 
4 
2 
6 
3 
3 
2 
3 
2 
6 
2 
4 
6 
5 
3 
4 
5 
2 
3 
2 
6 
6 
3 
5 
6 
6 
1 838030261  
5 
2 
2 
3 
5 
3 
4 
3 
3 
3 
6 
2 
1 1526402439  
4 
6 
2 
2 
3 
5 
5 
4 
2 
4 
4 
1 1273476363  
1 2057351624  
2 
4 
4 
4 
4 
3 
1 943608345  
2 
6 
4 
5 
5 
5 
3 
2 
6 
2 
3 
4 
4 
3 
3 
6 
4 
4 
4 
2 
2 
5 
3 
2 
5 
1 1606244314  
1 243036205  
4 
5 
5 
1 338377113  
3 
3 
3 
4 
5 
6 
3 
6 
5 
6 
5 
2 
4 
3 
1 482461821  
3 
4 
3 
2 
1 673303653  
4 
1 508485014  
1 160272098  
5 
1 605180115  
1 2045918708  
5 
1 1772712750  
6 
6 
3 
5 
2 
6 
2 
4 
1 2056739187  
2 
5 
2 
5 
1 319254747  
3 
2 
2 
1 584987192  
6 
3 
3 
5 
4 
2 
5 
4 
5 
4 
1 1708009282  
4 
1 364427331  
4 
6 
2 
3 
5 
6 
2 
6 
1 1418530146  
5 
5 
2 
6 
5 
3 
5 
2 
5 
6 
6 
6 
1 1849963834  
6 
2 
4 
2 
6 
4 
1 1114718948  
2 
3 
3 
5 
2 
1 19138292  
1 851481671  
3 
2 
1 748620063  
2 
2 
6 
2 
3 
5 
4 
2 
5 
2 
3 
6 
4 
6 
4 
6 
5 
2 
6 
6 
4 
3 
1 460566781  
2 
2 
3 
5 
2 
2 
1 1140807327  
6 
3 
3 
1 1410035492  
5 
4 
3 
4 
6 
1 544218553  
6 
4 
3 
2 
5 
4 
2 
2 
5 
5 
3 
3 
5 
5 
4 
5 
6 
4 
5 
5 
6 
2 
6 
3 
1 784292958  
6 
4 
4 
2 
4 
6 
6 
1 100582105  
1 2070620992  
2 
4 
4 
3 
2 
3 
4 
6 
2 
6 
6 
6 
2 
6 
5 
1 2057769322  
1 10450081  
2 
1 866745689  
4 
4 
5 
3 
4 
3 
1 1516529988  
4 
5 
5 
4 
1 253486286  
2 
1 1205122803  
4 
3 
6 
6 
2 
1 1998991809  
2 
1 926789940  
4 
6 
6 
3 
6 
3 
5 
5 
5 
5 
5 
2 
2 
2 
5 
5 
4 
1 1713607817  
3 
1 11780259  
3 
3 
1 1531970055  
3 
2 
1 1612042877  
4 
6 
2 
4 
6 
4 
6 
6 
6 
2 
5 
4 
6 
6 
4 
3 
3 
6 
4 
3 
3 
2 
2 
4 
3 
3 
2 
3 
5 
4 
1 1784493009  
3 
2 
4 
6 
5 
6 
1 1441225594  
1 1931297624  
1 221996553  
6 
1 1001751228  
6 
6 
6 
4 
1 148241308  
4 
2 
2 
4 
3 
5 
2 
5 
2 
4 
1 1640526700  
4 
3 
2 
1 704231415  
3 
4 
3 
5 
6 
6 
3 
6 
3 
5 
2 
2 
3 
3 
5 
2 
5 
2 
4 
3 
2 
4 
6 
5 
1 1262960256  
2 
4 
4 
4 
3 
1 1659664992  
5 
6 
5 
5 
4 
4 
6 
2 
2 
6 
3 
1 1555713086  
2 
2 
5 
3 
5 
3 
3 
1 2011580319  
3 
6 
3 
5 
6 
6 
6 
4 
1 2120231774  
4 
5 
1 549036765  
4 
1 1274132163  
4 
5 
4 
2 
2 
6 
3 
6 
4 
2 
5 
5 
2 
5 
1 516966679  
3 
2 
4 
5 
1 1333329723  
2 
5 
4 
4 
5 
6 
4 
5 
3 
2 
6 
2 
2 
1 1374714268  
3 
6 
3 
4 
6 
2 
5 
3 
1 440104024  
6 
6 
3 
3 
4 
1 1243615397  
2 
5 
1 1385164350  
1 1306849713  
6 
5 
3 
5 
4 
5 
4 
2 
5 
4 
1 612661737  
3 
3 
1 1638650636  
1 364488868  
3 
3 
2 
6 
6 
2 
1 464169898  
2 
1 417956928  
1 2078096685  
6 
5 
2 
5 
6 
4 
5 
4 
4 
1 475950158  
5 
3 
5 
1 1949926983  
2 
5 
3 
5 
1 1542655915  
1 112959519  
3 
2 
4 
2 
5 
4 
3 
6 
3 
3 
6 
1 1243668929  
3 
3 
5 
5 
3 
5 
2 
4 
6 
5 
4 
1 1326469891  
2 
4 
1 334956073  
5 
1 97936510  
6 
6 
1 1474711199  
3 
4 
1 1975482773  
2 
5 
6 
4 
4 
2 
1 802167925  
2 
6 
3 
3 
6 
1 590187807  
1 1487664117  
1 210397363  
3 
5 
5 
1 454284478  
4 
5 
4 
6 
6 
3 
6 
6 
2 
2 
6 
5 
6 
1 1460412243  
2 
2 
3 
1 759434128  
5 
4 
5 
2 
5 
1 1728416641  
2 
2 
6 
5 
1 1977378923  
3 
4 
6 
4 
3 
6 
4 
4 
6 
1 2092763851  
6 
2 
6 
5 
1 955647262  
5 
2 
6 
3 
5 
6 
5 
1 269999299  
2 
3 
5 
5 
2 
3 
2 
6 
6 
4 
1 1188895601  
5 
1 193327964  
5 
2 
1 1576849012  
4 
3 
2 
3 
6 
1 1801557338  
6 
6 
6 
5 
2 
5 
1 1831978600  
6 
2 
3 
5 
1 1941337881  
4 
5 
5 
6 
4 
2 
1 118243589  
3 
6 
1 102451881  
6 
1 1871950918  
3 
6 
3 
4 
1 594193747  
4 
2 
5 
2 
5 
4 
1 2052378864  
1 1267123185  
1 707153266  
6 
1 1148564146  
6 
1 446109429  
1 1042109339  
1 1246500656  
5 
3 
4 
5 
5 
1 1920820628  
4 
5 
2 
1 870108464  
1 2048668581  
5 
3 
2 
1 363524788  
1 210288934  
2 
3 
6 
3 
4 
2 
1 111582296  
6 
5 
1 817809266  
2 
1 1670701177  
1 871016424  
1 398742260  
3 
3 
4 
3 
2 
5 
3 
6 
4 
4 
4 
3 
5 
4 
1 1500596452  
5 
1 816296627  
1 1354389522  
3 
6 
6 
2 
1 1770595751  
4 
6 
1 2005192228  
2 
6 
6 
2 
6 
5 
4 
5 
2 
2 
4 
2 
5 
5 
2 
6 
5 
6 
4 
3 
2 
4 
1 1547717486  
4 
3 
5 
1 1199961116  
3 
4 
4 
2 
1 1659265919  
4 
5 
1 1232212438  
6 
4 
1 993815349  
1 1777509508  
4 
1 1334664319  
4 
1 718282619  
2 
1 224219607  
1 1239559536  
2 
6 
1 1985405805  
5 
1 931372873  
6 
6 
2 
2 
3 
6 
1 240640034  
1 284031586  
2 
4 
6 
6 
5 
3 
5 
6 
2 
6 
1 1973482213  
5 
1 1487140690  
1 57368566  
4 
6 
5 
5 
4 
6 
6 
3 
6 
1 696107029  
5 
4 
2 
4 
2 
5 
3 
3 
2 
3 
6 
6 
6 
6 
4 
1 1388325623  
4 
3 
2 
5 
5 
1 420893354  
4 
4 
3 
3 
2 
5 
4 
4 
3 
1 906395963  
5 
1 1499907919  
5 
2 
2 
4 
4 
5 
6 
4 
3 
2 
4 
5 
2 
2 
1 1238702621  
1 429613493  
3 
4 
3 
1 223440695  
3 
4 
3 
5 
6 
4 
2 
1 1637444881  
2 
6 
4 
2 
5 
4 
3 
1 1930209945  
4 
6 
2 
1 1039737322  
5 
3 
3 
4 
5 
3 
5 
3 
5 
2 
3 
6 
5 
5 
1 844350755  
5 
6 
2 
1 1553322049  
1 897445903  
6 
6 
3 
6 
5 
2 
1 244584593  
3 
3 
6 
4 
6 
5 
6 
1 605799517  
6 
4 
1 409228174  
3 
2 
5 
3 
1 1476797031  
5 
2 
5 
3 
5 
5 
3 
4 
5 
1 1599614866  
3 
1 39254034  
1 663977703  
5 
5 
3 
6 
1 170413837  
3 
5 
2 
4 
2 
5 
3 
4 
5 
1 263473641  
3 
4 
5 
5 
4 
4 
5 
1 1903537239  
5 
3 
5 
2 
5 
4 
5 
5 
1 8335994  
6 
2 
1 1194846514  
1 2144177273  
2 
6 
5 
1 292367580  
4 
5 
6 
1 1020845079  
5 
3 
4 
4 
5 
2 
1 1483834315  
2 
6 
2 
2 
3 
6 
3 
4 
1 349736147  
4 
1 1716952109  
4 
5 
3 
5 
3 
1 724676290  
2 
6 
4 
4 
2 
6 
2 
5 
3 
1 770629501  
4 
1 475864424  
4 
5 
2 
5 
3 
6 
6 
3 
4 
5 
4 
1 77100561  
3 
5 
3 
2 
4 
5 
4 
1 2009332122  
4 
2 
1 905477917  
4 
1 300541256  
5 
2 
1 1499293355  
1 688204215  
5 
2 
1 1340278578  
4 
3 
2 
6 
6 
6 
1 196160462  
4 
5 
5 
5 
6 
6 
6 
6 
6 
3 
1 94042616  
3 
2 
6 
3 
4 
3 
3 
3 
2 
5 
5 
2 
2 
1 90240833  
3 
3 
3 
6 
3 
1 440745055  
4 
3 
2 
5 
2 
3 
1 699842133  
2 
2 
2 
4 
4 
5 
2 
1 499469007  
1 1917542087  
1 151973351  
4 
4 
2 
1 538723041  
2 
1 434036142  
2 
3 
3 
5 
4 
2 
5 
3 
5 
2 
6 
2 
2 
1 322387188  
3 
6 
3 
3 
3 
1 802196682  
2 
6 
5 
5 
2 
3 
5 
4 
4 
3 
1 190089733  
2 
2 
1 330723183  
2 
3 
5 
6 
4 
1 1997043197  
4 
1 186783358  
5 
6 
5 
3 
2 
1 623090763  
3 
3 
3 
6 
6 
5 
6 
3 
2 
4 
1 870404628  
5 
2 
3 
4 
2 
5 
6 
3 
2 
2 
5 
4 
3 
4 
6 
2 
1 1670617673  
1 972826910  
2 
2 
3 
6 
5 
1 439873089  
1 247810315  
5 
3 
5 
5 
4 
3 
4 
2 
3 
4 
6 
2 
6 
2 
3 
1 1743456412  
4 
6 
6 
5 
6 
2 
1 915737514  
2 
4 
4 
2 
5 
1 324910876  
4 
2 
6 
6 
4 
3 
5 
3 
6 
4 
3 
5 
3 
4 
5 
3 
4 
3 
2 
5 
6 
3 
5 
1 1605304886  
6 
4 
4 
4 
4 
3 
1 1821215431  
1 625452132  
2 
2 
3 
5 
4 
3 
1 957114594  
3 
6 
4 
3 
6 
4 
2 
5 
3 
6 
5 
2 
5 
3 
4 
6 
5 
2 
6 
2 
3 
2 
1 361935998  
4 
4 
1 1965730710  
4 
5 
4 
4 
2 
3 
6 
5 
2 
2 
2 
1 1153275056  
6 
4 
5 
5 
4 
1 455978614  
6 
5 
3 
3 
1 2055971544  
3 
5 
4 
3 
5 
3 
3 
3 
1 1594020112  
6 
1 1155820747  
6 
1 407956903  
1 1364078551  
5 
1 1307794098  
1 946679945  
1 1798114693  
2 
4 
2 
1 1630181287  
3 
6 
6 
3 
5 
3 
3 
6 
2 
3 
1 1748876627  
3 
6 
3 
5 
1 1988204426  
4 
2 
3 
6 
3 
5 
3 
4 
1 1960904470  
1 1598436176  
3 
6 
2 
3 
1 27504136  
4 
5 
6 
1 436511585  
6 
6 
4 
2 
5 
1 321357157  
2 
6 
4 
4 
4 
2 
4 
3 
5 
1 1698121809  
5 
3 
6 
3 
2 
3 
1 1409338496  
2 
4 
6 
4 
2 
4 
3 
2 
3 
3 
5 
6 
1 761230246  
2 
6 
1 1945932124  
3 
5 
3 
6 
2 
3 
3 
2 
2 
2 
2 
4 
6 
4 
6 
3 
2 
3 
4 
3 
2 
3 
3 
5 
2 
6 
5 
4 
5 
2 
5 
1 1005311260  
5 
6 
3 
2 
6 
2 
4 
4 
3 
2 
2 
6 
4 
6 
5 
3 
2 
4 
2 
5 
6 
2 
6 
1 1676967760  
3 
1 123359352  
2 
1 463132498  
6 
3 
1 1350699544  
5 
6 
6 
1 748811484  
4 
5 
3 
4 
4 
2 
3 
1 1420247092  
3 
5 
2 
3 
2 
1 1712635542  
2 
1 567058546  
2 
5 
4 
3 
4 
2 
2 
2 
3 
5 
2 
3 
6 
1 426038501  
3 
2 
3 
4 
6 
4 
6 
5 
5 
6 
1 21130509  
1 475546442  
4 
2 
3 
2 
6 
4 
4 
1 2020058613  
3 
6 
1 1176951256  
6 
2 
1 883503346  
6 
2 
6 
3 
4 
1 1236653516  
4 
2 
1 337261707  
6 
6 
2 
1 1830183291  
2 
1 887284561  
6 
1 1967442994  
3 
4 
3 
2 
6 
6 
1 1431576270  
1 728005339  
3 
2 
2 
5 
3 
1 1780863816  
2 
5 
2 
4 
4 
6 
1 882528799  
3 
2 
1 755509475  
3 
2 
5 
1 69891753  
3 
5 
5 
4 
3 
6 
6 
1 1203885956  
2 
5 
2 
2 
4 
1 306147636  
6 
6 
5 
1 1479230249  
3 
4 
3 
3 
1 1965116202  
1 104596112  
2 
4 
5 
3 
6 
4 
6 
5 
2 
4 
1 337057861  
1 1494600315  
4 
2 
6 
5 
2 
2 
3 
1 227955464  
5 
4 
2 
2 
3 
4 
3 
3 
5 
3 
3 
3 
2 
2 
6 
6 
6 
5 
3 
3 
3 
4 
6 
3 
4 
5 
6 
4 
2 
1 800190360  
1 697816211  
2 
3 
4 
2 
5 
1 976766948  
4 
1 72953804  
3 
4 
6 
1 262968105  
6 
6 
2 
4 
6 
6 
5 
3 
1 1543825494  
1 498992305  
1 284098614  
2 
2 
4 
3 
1 2019371937  
3 
4 
5 
3 
3 
4 
2 
6 
6 
4 
6 
2 
5 
1 371567270  
2 
4 
3 
2 
2 
1 1461049871  
3 
2 
3 
5 
4 
4 
6 
3 
1 755391635  
1 1608220786  
2 
2 
5 
6 
6 
6 
4 
3 
1 1798311578  
6 
2 
4 
4 
1 438091278  
4 
3 
2 
6 
4 
2 
3 
5 
5 
5 
6 
5 
3 
4 
6 
6 
6 
2 
3 
5 
1 348021699  
4 
3 
5 
2 
2 
4 
2 
1 1618270924  
2 
2 
5 
6 
5 
1 1869667548  
2 
3 
3 
1 1076027038  
2 
5 
2 
4 
4 
2 
3 
6 
4 
2 
3 
2 
2 
6 
6 
3 
2 
3 
3 
5 
1 1251651092  
3 
6 
2 
5 
3 
2 
1 604712699  
4 
3 
5 
4 
3 
1 1831536513  
2 
5 
6 
5 
2 
4 
5 
3 
4 
4 
3 
3 
3 
2 
2 
4 
2 
5 
3 
4 
1 1321542845  
2 
1 1808598655  
3 
6 
3 
3 
3 
3 
4 
3 
6 
5 
3 
2 
2 
3 
2 
5 
5 
2 
2 
5 
2 
5 
5 
5 
4 
3 
2 
2 
5 
5 
6 
5 
5 
5 
4 
3 
4 
4 
5 
4 
4 
4 
6 
2 
6 
2 
2 
2 
3 
3 
1 2137684149  
4 
4 
2 
6 
5 
5 
2 
6 
6 
2 
1 653289447  
4 
1 1626231210  
6 
1 94796613  
6 
2 
1 990347308  
5 
4 
3 
4 
4 
5 
5 
3 
5 
5 
4 
3 
3 
5 
2 
5 
3 
4 
4 
5 
6 
6 
1 973347877  
6 
1 322752077  
4 
3 
4 
2 
2 
2 
3 
3 
3 
6 
3 
6 
5 
5 
6 
3 
5 
6 
3 
2 
5 
4 
3 
2 
6 
4 
5 
5 
4 
4 
5 
5 
6 
1 1790537668  
1 1671164088  
2 
5 
2 
5 
1 1299519025  
2 
3 
3 
5 
5 
4 
3 
6 
5 
4 
2 
4 
3 
1 1863491473  
6 
5 
3 
4 
3 
4 
3 
1 1934132193  
5 
5 
1 695860872  
4 
5 
3 
5 
4 
6 
5 
3 
2 
4 
6 
3 
1 215000130  
6 
4 
5 
5 
5 
6 
5 
1 70747160  
5 
5 
1 567749161  
3 
2 
4 
5 
3 
3 
6 
6 
3 
3 
2 
1 586567401  
1 1531797031  
4 
3 
6 
5 
1 1323140796  
1 47304539  
6 
2 
3 
1 1182624961  
3 
5 
3 
5 
6 
1 1761232074  
3 
3 
1 395326239  
6 
4 
6 
5 
6 
6 
6 
1 653412237  
3 
2 
1 1483415974  
2 
4 
2 
6 
1 1471353277  
2 
3 
5 
1 1905063329  
3 
2 
1 2088128674  
6 
6 
4 
5 
4 
5 
5 
5 
4 
6 
4 
3 
3 
2 
6 
2 
5 
4 
2 
4 
3 
4 
5 
4 
5 
5 
6 
4 
5 
3 
5 
6 
2 
5 
1 1155406143  
3 
6 
6 
5 
3 
3 
6 
5 
1 1079122526  
3 
6 
2 
6 
5 
3 
3 
1 1749243681  
3 
2 
2 
4 
1 1145606644  
1 1732411973  
6 
1 1227991243  
2 
1 1240403258  
3 
3 
6 
3 
5 
5 
5 
2 
2 
6 
5 
1 575275634  
3 
3 
3 
5 
3 
1 53855472  
2 
3 
3 
3 
5 
6 
4 
5 
1 1563155335  
1 218329654  
4 
3 
2 
6 
2 
3 
1 1725019560  
3 
4 
6 
1 715190713  
5 
1 2081821127  
3 
3 
6 
6 
3 
2 
6 
4 
1 1511668106  
2 
6 
3 
6 
3 
3 
5 
6 
5 
3 
6 
1 1411051585  
6 
5 
4 
2 
6 
6 
4 
3 
1 149337610  
2 
4 
2 
5 
5 
6 
2 
1 1582415266  
3 
3 
2 
1 1978800746  
4 
2 
5 
3 
1 735905011  
3 
6 
1 966728649  
6 
1 1154457894  
1 783209550  
1 1869962  
4 
4 
2 
5 
3 
5 
1 768206320  
2 
3 
5 
5 
1 1178535789  
2 
6 
2 
1 655282199  
4 
1 104138646  
6 
2 
2 
5 
5 
6 
6 
3 
3 
5 
4 
5 
6 
1 502405419  
1 412861880  
2 
4 
2 
3 
1 44783672  
2 
4 
5 
4 
1 1657811562  
1 1491984406  
1 1794027354  
1 655934558  
4 
2 
1 1076912732  
1 874534949  
4 
1 1896337816  
6 
3 
5 
1 1652188366  
1 928390422  
1 1312009504  
6 
4 
2 
2 
2 
2 
1 1870518020  
4 
6 
6 
1 505926334  
5 
2 
2 
6 
1 2027200217  
5 
1 1804855500  
1 2017594440  
1 1290768154  
3 
1 1954193110  
4 
6 
1 1452526058  
3 
6 
5 
3 
5 
3 
3 
4 
6 
4 
2 
3 
4 
4 
4 
5 
4 
1 1122085252  
4 
5 
4 
6 
1 542614473  
2 
3 
3 
3 
4 
5 
6 
4 
5 
3 
5 
1 271771059  
1 129059498  
2 
3 
6 
5 
5 
1 1325824023  
6 
6 
3 
4 
1 273641021  
1 897265818  
4 
4 
3 
4 
6 
1 356876165  
4 
3 
1 928923220  
3 
6 
6 
3 
2 
3 
4 
3 
3 
2 
2 
5 
2 
6 
4 
2 
6 
1 1001404464  
6 
4 
4 
5 
5 
3 
6 
3 
2 
1 859281584  
1 1341785100  
2 
3 
5 
1 1046188137  
6 
1 369609498  
1 686285859  
6 
5 
5 
1 692731843  
5 
4 
2 
1 1025544056  
6 
4 
2 
1 1763198591  
5 
6 
4 
3 
3 
6 
5 
5 
5 
5 
6 
1 1567266792  
4 
2 
2 
1 774398225  
6 
6 
4 
1 1267903309  
2 
2 
1 348173566  
4 
4 
2 
5 
5 
6 
2 
3 
2 
6 
4 
3 
5 
1 2086407729  
5 
2 
5 
3 
2 
4 
3 
3 
5 
6 
2 
4 
4 
3 
3 
1 990937681  
4 
2 
2 
2 
6 
2 
5 
4 
4 
1 854099901  
5 
6 
6 
5 
3 
3 
1 1966124298  
6 
4 
5 
2 
3 
2 
5 
5 
4 
6 
4 
4 
4 
1 648309533  
5 
1 724210693  
2 
4 
6 
4 
5 
4 
3 
5 
1 1109408804  
6 
4 
5 
6 
4 
1 455018995  
2 
5 
1 29253104  
6 
1 84010408  
5 
6 
4 
2 
3 
1 997633468  
6 
1 301024163  
4 
1 213069906  
4 
6 
4 
1 175973844  
5 
5 
2 
3 
3 
1 574665185  
3 
1 1110335724  
2 
3 
3 
4 
1 532850009  
5 
1 1503588405  
4 
1 2111740188  
2 
5 
4 
6 
6 
2 
6 
4 
6 
3 
1 1392131593  
4 
6 
4 
4 
5 
5 
6 
3 
3 
6 
4 
3 
6 
5 
2 
5 
4 
1 697889858  
5 
2 
3 
5 
4 
3 
6 
1 1010444677  
3 
1 1761741091  
6 
2 
2 
1 1384175717  
5 
2 
2 
5 
2 
6 
3 
4 
4 
6 
3 
3 
3 
5 
5 
2 
3 
3 
1 1703176520  
4 
2 
3 
5 
1 639801499  
6 
1 999890660  
5 
5 
3 
3 
5 
1 1122959665  
5 
5 
4 
2 
1 1414199724  
6 
3 
5 
4 
4 
6 
2 
2 
4 
3 
1 120310321  
2 
3 
1 1471133231  
4 
2 
6 
6 
5 
2 
5 
5 
2 
4 
1 1353123805  
5 
2 
2 
1 1111248002  
4 
3 
3 
4 
2 
6 
1 177749484  
1 1171764455  
2 
6 
1 1759557536  
5 
3 
4 
4 
5 
2 
6 
5 
2 
5 
5 
2 
5 
6 
5 
5 
6 
2 
1 901960178  
6 
3 
6 
5 
4 
6 
2 
4 
2 
5 
3 
4 
6 
3 
6 
6 
4 
5 
6 
6 
4 
6 
4 
4 
2 
1 133689611  
3 
2 
6 
1 67092883  
4 
4 
6 
2 
4 
4 
4 
6 
2 
3 
4 
5 
3 
4 
4 
6 
4 
5 
2 
3 
1 931213282  
3 
6 
5 
6 
1 217700019  
2 
3 
5 
6 
3 
2 
6 
1 1064726352  
3 
4 
4 
3 
5 
1 1232237445  
4 
5 
2 
2 
2 
2 
1 430769925  
5 
5 
5 
1 1240700196  
6 
5 
2 
5 
2 
5 
3 
6 
2 
6 
5 
5 
6 
5 
3 
1 1806902630  
5 
3 
2 
1 1541105649  
4 
2 
3 
3 
6 
2 
2 
5 
4 
6 
2 
1 1773550205  
2 
3 
2 
3 
4 
6 
4 
5 
1 1163007388  
4 
3 
6 
3 
3 
2 
3 
2 
4 
3 
3 
4 
5 
1 1505362190  
2 
6 
3 
2 
5 
5 
6 
6 
6 
3 
2 
4 
4 
4 
6 
1 1018198150  
2 
5 
1 1860897246  
5 
1 368323219  
4 
1 632455593  
2 
6 
3 
2 
3 
6 
2 
3 
2 
2 
2 
6 
4 
2 
2 
3 
5 
2 
2 
2 
3 
1 1097589315  
3 
6 
4 
3 
3 
3 
3 
1 2071499740  
5 
5 
3 
6 
2 
1 1272257092  
5 
5 
1 2097479975  
3 
4 
2 
2 
3 
1 1046975757  
4 
5 
3 
2 
2 
5 
6 
1 538973169  
6 
3 
2 
6 
2 
4 
4 
4 
4 
2 
2 
6 
5 
3 
2 
2 
3 
3 
2 
5 
5 
1 70306648  
6 
5 
5 
1 370625340  
2 
5 
1 1892096974  
1 1181554650  
2 
2 
5 
1 548374825  
1 916377782  
3 
3 
5 
1 793628538  
2 
2 
5 
6 
3 
2 
1 1450335003  
5 
6 
1 1050067393  
4 
2 
2 
5 
4 
3 
4 
2 
1 860721422  
5 
4 
2 
3 
4 
2 
5 
5 
2 
1 234064637  
5 
3 
1 1267767413  
3 
3 
5 
6 
4 
2 
2 
1 1925447774  
5 
3 
3 
5 
2 
5 
1 1466302082  
6 
6 
4 
3 
6 
6 
2 
2 
1 1698537338  
4 
1 1018664322  
1 1125721065  
3 
3 
1 1092159340  
3 
5 
1 644730879  
1 141244805  
5 
2 
1 450037882  
4 
5 
2 
4 
6 
4 
1 1662929029  
1 2002142051  
4 
4 
6 
4 
5 
2 
4 
3 
6 
6 
2 
1 818361101  
1 147900974  
6 
6 
3 
1 952247718  
2 
4 
5 
1 742377193  
5 
1 1420158066  
1 902244045  
1 1789352950  
5 
5 
5 
5 
4 
3 
5 
3 
5 
6 
1 1959131235  
2 
4 
4 
5 
1 972550693  
4 
4 
4 
1 12494643  
5 
4 
3 
2 
1 1703744562  
5 
2 
2 
2 
5 
1 6621695  
3 
5 
1 560869468  
2 
2 
2 
4 
4 
1 472638696  
3 
2 
1 800250234  
1 2011204471  
6 
6 
6 
5 
2 
5 
6 
1 1522706089  
6 
5 
1 1660971656  
6 
4 
1 97785460  
4 
5 
3 
2 
5 
2 
4 
1 642989854  
1 1438935782  
1 1564087542  
2 
1 194043545  
6 
1 310116456  
3 
6 
4 
5 
1 542324959  
2 
1 1286202885  
3 
2 
2 
1 954847335  
6 
5 
4 
4 
3 
1 683569764  
5 
3 
1 1736240767  
3 
5 
5 
5 
1 470292716  
1 538228167  
3 
6 
1 407118220  
2 
5 
3 
1 618193690  
3 
4 
2 
2 
3 
6 
5 
4 
5 
3 
3 
6 
4 
2 
3 
6 
1 1490475885  
4 
5 
4 
4 
6 
3 
5 
4 
2 
5 
1 1149495414  
6 
5 
4 
4 
1 2038351756  
4 
6 
3 
1 245236282  
5 
1 791364716  
2 
6 
2 
6 
2 
1 1849999344  
1 1217786975  
3 
5 
1 803859359  
1 1406260258  
1 1224408671  
1 1364728827  
3 
2 
3 
6 
4 
6 
4 
4 
4 
3 
5 
4 
6 
5 
5 
3 
2 
2 
5 
1 1878898954  
5 
2 
2 
5 
3 
3 
2 
6 
3 
5 
5 
1 2024658905  
1 1228449650  
3 
4 
6 
2 
2 
6 
1 1254121395  
1 1538146913  
2 
3 
2 
4 
1 1326235110  
1 1897111250  
5 
3 
5 
3 
4 
5 
3 
2 
2 
3 
4 
2 
1 829599047  
1 742839005  
5 
5 
5 
3 
6 
3 
2 
1 2091154795  
3 
6 
3 
1 1139715503  
1 1285163964  
1 1229874032  
5 
2 
3 
2 
1 2094562838  
2 
2 
4 
3 
6 
2 
4 
5 
6 
6 
6 
3 
3 
5 
3 
5 
4 
5 
4 
4 
6 
1 1968733729  
1 818631151  
5 
2 
6 
4 
5 
1 417371906  
5 
5 
2 
3 
5 
4 
4 
6 
3 
4 
4 
1 359478248  
6 
2 
1 1225749371  
5 
3 
1 1035565596  
1 1849954134  
3 
6 
2 
6 
6 
6 
4 
1 227761137  
5 
5 
5 
1 926433704  
5 
2 
2 
6 
2 
2 
1 2095190416  
3 
6 
1 1019125854  
1 628949400  
1 1165493744  
6 
6 
5 
1 1822985213  
1 2035209658  
4 
6 
3 
5 
1 242418767  
1 1040230393  
5 
6 
2 
5 
3 
4 
3 
6 
1 1766624964  
5 
5 
2 
6 
5 
2 
3 
2 
3 
1 119594024  
2 
4 
1 121196395  
2 
4 
5 
2 
3 
6 
4 
6 
4 
1 873262712  
6 
5 
3 
3 
4 
2 
4 
5 
5 
1 1657740937  
3 
2 
6 
4 
4 
6 
1 1447431506  
3 
5 
6 
2 
3 
1 622890314  
4 
5 
6 
5 
1 339856336  
2 
4 
3 
4 
1 42786863  
1 566561461  
3 
3 
3 
2 
4 
1 1479571839  
3 
5 
5 
2 
6 
1 1327950827  
1 1796435493  
2 
3 
6 
5 
2 
4 
6 
2 
1 1426651029  
5 
5 
5 
4 
6 
5 
1 1149200908  
3 
4 
3 
2 
4 
6 
5 
3 
4 
2 
2 
6 
1 467582996  
3 
1 1844022935  
1 1508679157  
4 
4 
6 
3 
1 1693332367  
2 
1 732104883  
3 
1 1211149643  
2 
2 
2 
2 
5 
3 
6 
2 
6 
2 
5 
2 
1 1921093505  
5 
1 1658538587  
4 
6 
5 
3 
4 
3 
1 1158856411  
1 792735711  
6 
4 
6 
3 
6 
1 140004340  
2 
3 
4 
3 
6 
5 
3 
6 
4 
6 
2 
5 
1 176866507  
3 
5 
5 
2 
2 
5 
6 
2 
1 468237276  
5 
1 27730350  
2 
5 
3 
2 
1 419285274  
4 
4 
5 
3 
2 
6 
1 1508467669  
3 
3 
1 1794355315  
1 538879298  
5 
5 
4 
3 
1 1629664065  
3 
5 
4 
1 520134379  
2 
6 
4 
2 
4 
1 49136587  
2 
2 
6 
3 
5 
3 
3 
2 
1 929611923  
4 
4 
1 1143024693  
1 388992923  
5 
6 
2 
6 
3 
2 
6 
5 
3 
1 972398786  
4 
3 
2 
2 
3 
1 1709586154  
3 
2 
5 
3 
5 
3 
2 
2 
1 1868564762  
1 152865965  
6 
5 
1 1358537999  
2 
6 
5 
3 
3 
1 1147732143  
1 1302066874  
1 1826120995  
3 
3 
6 
2 
6 
1 844271430  
2 
1 663262383  
1 1371969714  
3 
3 
3 
4 
6 
6 
4 
6 
5 
2 
2 
1 1576376313  
1 1874412026  
4 
2 
1 1145579571  
2 
5 
6 
6 
6 
6 
4 
1 1087431253  
3 
1 885784789  
5 
3 
5 
5 
2 
3 
3 
3 
6 
5 
6 
4 
5 
2 
4 
6 
6 
4 
1 1938315282  
1 1227435593  
2 
2 
2 
2 
6 
4 
2 
6 
2 
6 
1 1062651297  
1 259068911  
1 1255165943  
6 
3 
6 
2 
4 
3 
6 
3 
3 
2 
6 
5 
4 
4 
1 1481936571  
3 
4 
3 
6 
5 
5 
1 1767536580  
5 
6 
4 
1 902037610  
2 
5 
6 
4 
5 
1 2020815870  
6 
2 
3 
2 
6 
4 
3 
3 
6 
4 
1 1249716997  
3 
3 
5 
1 1422171989  
2 
2 
3 
6 
2 
4 
4 
1 2069952457  
3 
3 
2 
1 31845272  
4 
2 
1 417713034  
3 
6 
6 
4 
2 
4 
3 
3 
6 
1 311461733  
4 
1 1004244058  
6 
1 2127299188  
2 
2 
5 
1 32542847  
4 
6 
6 
5 
4 
5 
6 
5 
3 
5 
4 
3 
5 
2 
1 1157110024  
1 1338353539  
5 
2 
3 
2 
3 
1 1180274991  
2 
1 311693250  
1 1016990886  
6 
1 2024546421  
6 
1 974955633  
2 
4 
1 241476953  
6 
3 
2 
4 
3 
5 
2 
6 
2 
6 
3 
4 
3 
2 
2 
1 1453439087  
1 701884011  
4 
5 
3 
6 
1 1387056524  
6 
6 
2 
1 393386692  
2 
1 1587668800  
6 
3 
6 
1 1177888159  
3 
2 
2 
3 
5 
4 
2 
5 
6 
1 1620822285  
4 
5 
1 502836449  
3 
6 
1 1436957070  
3 
5 
2 
4 
3 
3 
1 728504580  
3 
2 
2 
6 
4 
2 
3 
1 1984773021  
3 
3 
3 
3 
2 
2 
2 
6 
4 
5 
6 
3 
2 
3 
4 
1 1057010002  
3 
5 
5 
2 
4 
4 
6 
6 
5 
6 
5 
4 
1 1630542191  
2 
5 
5 
5 
6 
5 
1 1858105243  
5 
3 
2 
4 
4 
4 
4 
5 
6 
3 
6 
1 159243352  
5 
5 
1 905230532  
1 1780574052  
1 191088624  
5 
3 
6 
3 
6 
3 
2 
1 1322943567  
4 
5 
4 
3 
5 
2 
6 
1 2092035785  
6 
3 
5 
6 
3 
1 1195332683  
2 
1 1302759107  
5 
1 2124578633  
3 
1 204959059  
5 
6 
4 
3 
3 
6 
3 
1 493628999  
1 1157369976  
2 
3 
5 
2 
3 
3 
3 
2 
2 
2 
4 
4 
3 
6 
4 
1 516652309  
2 
3 
2 
1 1510619885  
5 
6 
6 
1 1034432749  
3 
1 1491607942  
2 
2 
4 
3 
4 
6 
4 
1 1752096838  
4 
2 
5 
1 340388188  
5 
3 
2 
5 
2 
3 
5 
2 
3 
2 
2 
2 
3 
3 
2 
1 46008305  
2 
6 
1 991669715  
2 
5 
6 
6 
4 
4 
3 
6 
6 
4 
5 
1 733774880  
1 1633677105  
4 
1 22074226  
4 
6 
6 
6 
4 
1 207113517  
5 
3 
4 
6 
6 
1 2136513555  
4 
3 
2 
5 
6 
5 
2 
5 
2 
1 1459031296  
4 
4 
1 935618098  
3 
1 1973802928  
3 
5 
6 
6 
2 
3 
2 
2 
6 
5 
6 
5 
4 
5 
5 
3 
3 
3 
1 368557650  
2 
3 
6 
2 
1 418676641  
5 
1 1684424523  
4 
5 
6 
3 
1 527801002  
4 
1 1323907173  
4 
2 
1 1317514927  
6 
5 
1 718889627  
6 
5 
6 
1 499367092  
3 
5 
4 
5 
3 
4 
5 
5 
4 
4 
3 
2 
1 1262067065  
2 
6 
1 1914222310  
5 
4 
2 
1 1802126200  
4 
2 
3 
4 
3 
2 
4 
1 1239162050  
3 
2 
6 
5 
4 
5 
1 2119181369  
1 148271551  
3 
5 
2 
1 249048378  
5 
2 
6 
1 488350030  
6 
3 
1 1658891436  
4 
4 
4 
3 
4 
3 
1 1283481127  
4 
2 
2 
2 
1 1979957972  
5 
5 
5 
3 
2 
1 1263504627  
4 
1 1623869316  
1 2025966277  
5 
4 
1 107690694  
3 
3 
2 
1 210160548  
6 
6 
4 
3 
2 
1 1512159734  
6 
5 
5 
2 
1 129764920  
5 
2 
1 417274066  
3 
4 
5 
4 
3 
2 
5 
3 
3 
6 
6 
2 
4 
1 1501189641  
3 
4 
1 1588796216  
1 1352892164  
2 
5 
4 
5 
3 
6 
2 
2 
6 
6 
2 
3 
3 
1 1327508921  
4 
6 
6 
5 
5 
3 
2 
3 
6 
3 
2 
3 
1 1957353866  
1 1771568805  
5 
3 
3 
6 
5 
4 
4 
2 
3 
3 
6 
1 864449796  
2 
5 
1 337671221  
6 
3 
1 947992330  
5 
3 
1 34481076  
1 1056560848  
3 
1 1447359423  
6 
6 
4 
4 
1 1296548141  
4 
6 
5 
1 823299510  
4 
2 
2 
5 
2 
4 
1 1102001975  
5 
2 
3 
1 388226543  
1 794997231  
2 
4 
5 
2 
2 
5 
4 
6 
2 
4 
6 
5 
3 
1 1250273526  
5 
4 
5 
1 637274921  
1 1283347261  
2 
6 
5 
6 
1 761681314  
6 
6 
6 
3 
1 1920756048  
5 
2 
2 
1 1115821585  
3 
4 
2 
6 
6 
3 
1 2025185941  
5 
6 
2 
6 
4 
2 
5 
1 1397141716  
4 
2 
6 
4 
2 
5 
3 
5 
2 
4 
3 
5 
5 
5 
6 
3 
6 
6 
3 
6 
3 
4 
5 
1 994304214  
4 
4 
6 
2 
4 
4 
3 
3 
5 
2 
1 2132876635  
3 
1 1607302265  
5 
2 
1 358980300  
3 
5 
3 
1 115157907  
5 
6 
1 2024576331  
4 
4 
2 
6 
1 1860169942  
1 1703954123  
6 
6 
6 
2 
2 
1 1229984847  
3 
3 
5 
5 
3 
6 
3 
4 
1 1040195215  
3 
6 
4 
3 
3 
2 
5 
4 
2 
3 
2 
1 1513824342  
6 
1 854070004  
6 
4 
2 
1 1904645012  
5 
4 
4 
4 
1 1851495563  
6 
4 
2 
4 
3 
1 1802062334  
5 
1 1939126088  
5 
2 
6 
1 760572763  
3 
3 
2 
3 
6 
3 
5 
3 
4 
2 
6 
5 
6 
4 
2 
6 
6 
6 
3 
6 
5 
3 
5 
5 
2 
6 
3 
2 
6 
3 
1 1101938109  
2 
4 
5 
6 
4 
4 
1 1088190581  
6 
6 
6 
6 
3 
6 
1 1583872273  
2 
3 
1 56456436  
3 
4 
2 
4 
2 
2 
1 1476417124  
3 
1 231385856  
6 
2 
6 
2 
4 
6 
2 
6 
5 
3 
3 
3 
6 
6 
2 
3 
2 
6 
3 
6 
5 
2 
2 
6 
4 
5 
4 
6 
2 
3 
2 
6 
2 
1 1306729962  
2 
4 
2 
2 
2 
4 
3 
3 
2 
1 2113692045  
6 
3 
2 
2 
6 
4 
3 
5 
1 1514733117  
4 
3 
6 
3 
3 
5 
2 
2 
3 
6 
2 
4 
5 
1 2068411277  
2 
3 
5 
6 
5 
1 1886964445  
5 
6 
5 
3 
6 
5 
1 483071054  
1 1946113570  
4 
4 
6 
1 1136622514  
1 1477375268  
1 1931506558  
6 
5 
5 
2 
4 
3 
2 
6 
2 
4 
5 
6 
4 
1 596441131  
4 
1 1836355568  
4 
4 
1 2046664465  
3 
5 
2 
5 
4 
2 
6 
5 
1 473533814  
6 
1 1549041862  
1 1603134941  
3 
2 
1 1703518661  
1 441753430  
4 
3 
6 
3 
2 
2 
3 
5 
4 
6 
4 
2 
3 
5 
6 
1 969475635  
4 
2 
5 
2 
6 
2 
1 410105017  
5 
3 
2 
6 
1 198914794  
4 
6 
3 
1 673487550  
3 
2 
5 
4 
2 
1 64683703  
1 2138040882  
3 
3 
2 
1 1434060313  
5 
4 
3 
5 
4 
2 
3 
1 1166621813  
2 
5 
3 
5 
2 
2 
6 
5 
1 1078747815  
5 
5 
4 
1 870448938  
4 
4 
5 
1 1223078249  
2 
2 
1 407681291  
2 
4 
1 1101834794  
6 
2 
4 
6 
3 
5 
5 
5 
6 
2 
6 
3 
6 
2 
6 
4 
1 382324564  
2 
5 
4 
2 
3 
4 
1 373889688  
1 469084263  
1 303252193  
2 
2 
3 
5 
3 
4 
4 
6 
6 
4 
5 
1 113370485  
2 
4 
6 
4 
2 
1 952155317  
4 
1 101882115  
3 
5 
3 
1 1249992999  
5 
6 
5 
4 
3 
2 
2 
3 
2 
4 
1 282046937  
3 
6 
2 
4 
2 
4 
4 
1 2033388673  
5 
2 
3 
5 
6 
5 
2 
4 
4 
1 1846434130  
6 
6 
1 2118402505  
1 1932569491  
3 
6 
3 
4 
2 
3 
5 
5 
4 
3 
2 
3 
5 
5 
2 
6 
2 
2 
4 
2 
3 
1 172484296  
6 
6 
2 
4 
2 
5 
2 
4 
4 
2 
3 
1 1519960720  
6 
4 
3 
6 
6 
1 1388220784  
6 
6 
4 
3 
5 
4 
4 
3 
5 
3 
3 
5 
5 
5 
4 
5 
2 
1 1876002957  
4 
3 
3 
1 1961714150  
1 210212771  
3 
6 
2 
1 138624326  
6 
5 
6 
1 13145296  
6 
4 
5 
2 
6 
6 
6 
1 883700321  
4 
6 
4 
1 203308030  
3 
2 
5 
5 
4 
5 
2 
2 
3 
2 
5 
4 
2 
5 
3 
4 
6 
1 3702530  
1 170276986  
6 
6 
6 
4 
3 
5 
2 
4 
5 
6 
2 
5 
4 
2 
4 
2 
3 
6 
6 
2 
4 
5 
1 1369929843  
1 1082450345  
6 
3 
4 
6 
1 1040725924  
2 
5 
3 
5 
5 
4 
4 
5 
2 
5 
1 445524444  
4 
1 1490131636  
2 
4 
4 
1 2142560718  
5 
6 
5 
6 
1 827849008  
4 
2 
1 1864021324  
6 
6 
3 
4 
3 
1 464161333  
4 
4 
4 
1 1131101201  
5 
2 
4 
2 
1 1977391809  
5 
6 
5 
4 
1 1416316650  
5 
6 
1 1232983317  
5 
3 
3 
5 
2 
5 
3 
3 
5 
2 
2 
4 
1 1079901161  
5 
1 1698363587  
5 
4 
6 
5 
3 
4 
5 
3 
2 
5 
1 1118888342  
2 
3 
1 778851643  
2 
3 
2 
6 
5 
3 
1 1669282444  
6 
3 
4 
3 
4 
1 903974185  
6 
1 951335940  
1 1041759516  
6 
3 
6 
3 
4 
3 
4 
5 
5 
3 
5 
1 144711321  
5 
5 
4 
2 
5 
2 
5 
4 
6 
3 
6 
3 
3 
3 
5 
1 679855249  
2 
5 
3 
5 
5 
5 
5 
4 
1 855990018  
5 
1 354924092  
1 818479576  
6 
6 
5 
5 
3 
6 
4 
6 
2 
1 869135314  
2 
6 
6 
5 
6 
4 
5 
5 
1 1238624413  
6 
2 
4 
6 
5 
6 
4 
2 
2 
1 1021787606  
3 
2 
1 872837844  
3 
5 
2 
5 
1 1408901399  
2 
1 244233801  
4 
6 
5 
1 1955288189  
5 
1 302143675  
3 
4 
1 689758245  
1 1297936177  
5 
6 
6 
5 
3 
4 
3 
5 
4 
1 297220745  
4 
2 
2 
3 
3 
5 
1 1517607254  
2 
5 
6 
1 1014473853  
4 
3 
6 
1 761382078  
4 
2 
5 
1 501224807  
6 
5 
3 
1 844382015  
4 
4 
3 
4 
5 
3 
1 30215080  
6 
3 
1 1734208124  
1 1924283176  
1 1728578667  
3 
5 
5 
4 
3 
6 
6 
1 705612819  
1 555651171  
4 
4 
5 
6 
3 
6 
2 
3 
2 
2 
6 
1 1250377464  
1 1609587004  
1 1506987111  
2 
3 
2 
1 144653332  
4 
3 
6 
1 1754298326  
3 
4 
6 
6 
5 
2 
4 
4 
1 39358713  
4 
5 
3 
6 
4 
3 
2 
3 
5 
6 
2 
5 
2 
4 
2 
2 
4 
6 
6 
1 1000643351  
6 
6 
5 
4 
6 
2 
6 
4 
6 
2 
6 
3 
4 
6 
2 
1 2109222418  
1 857838289  
3 
6 
6 
6 
3 
3 
3 
5 
1 1869778665  
5 
4 
1 1200363184  
6 
4 
3 
5 
6 
6 
5 
2 
5 
1 1879625895  
3 
3 
2 
1 595132862  
1 461780935  
5 
1 2123859696  
4 
4 
3 
3 
1 402937403  
6 
6 
2 
3 
1 763924611  
6 
6 
5 
2 
4 
4 
2 
4 
4 
4 
5 
1 666134293  
6 
5 
4 
1 1700873581  
4 
4 
4 
1 1061145356  
2 
6 
1 36257899  
2 
2 
6 
1 567863786  
6 
4 
2 
2 
5 
3 
6 
4 
1 1822527435  
4 
2 
2 
5 
6 
4 
6 
5 
2 
2 
5 
3 
4 
4 
4 
4 
1 537482707  
6 
4 
6 
1 1412245801  
4 
2 
2 
6 
3 
4 
3 
4 
1 1852742515  
3 
5 
5 
3 
2 
5 
1 124207183  
6 
1 1189045329  
6 
3 
6 
5 
4 
4 
5 
4 
6 
1 1433837535  
2 
4 
4 
3 
4 
6 
6 
5 
6 
4 
2 
3 
5 
4 
1 829820002  
6 
2 
3 
5 
5 
6 
6 
3 
2 
1 1744696501  
3 
4 
1 536731351  
2 
5 
6 
4 
3 
1 291923359  
3 
3 
5 
2 
6 
4 
2 
5 
2 
6 
4 
6 
4 
6 
2 
1 1104199964  
3 
4 
1 681384683  
1 2046221685  
1 1143558677  
5 
1 1682028034  
5 
2 
3 
2 
1 2007960455  
2 
5 
3 
2 
1 2001396966  
5 
2 
4 
6 
6 
4 
2 
5 
6 
3 
6 
4 
1 1404323052  
3 
5 
5 
6 
3 
3 
4 
3 
2 
1 1060839991  
2 
1 1733539213  
2 
4 
3 
5 
3 
6 
4 
1 1999455914  
6 
3 
6 
2 
3 
6 
5 
2 
1 1522620927  
5 
1 1709915261  
3 
6 
1 254909669  
4 
2 
2 
2 
6 
2 
5 
4 
6 
5 
2 
3 
1 139061890  
6 
6 
1 228565907  
4 
3 
2 
1 1955783250  
6 
6 
5 
1 1200207246  
1 264823806  
1 376163389  
6 
5 
2 
4 
2 
4 
3 
3 
4 
5 
1 875251033  
1 802306513  
5 
4 
4 
2 
2 
5 
6 
3 
1 1788409190  
5 
5 
6 
5 
6 
6 
6 
6 
1 580509901  
4 
1 926513697  
2 
4 
6 
5 
4 
2 
5 
3 
2 
1 829970872  
1 2014347436  
3 
1 1756333699  
4 
6 
5 
5 
4 
2 
1 427183725  
2 
1 403595139  
2 
5 
2 
6 
4 
4 
3 
3 
4 
2 
1 2048257058  
4 
6 
1 1531383689  
1 1084979822  
1 1946995095  
6 
1 527458719  
5 
5 
4 
4 
2 
1 619524209  
5 
4 
5 
2 
5 
4 
1 1807471903  
6 
4 
4 
2 
1 381372037  
1 2023847261  
5 
2 
3 
1 720828246  
3 
1 2114911251  
1 1875819527  
4 
3 
3 
3 
3 
1 95965525  
5 
5 
1 1677342864  
1 2130729196  
1 235027415  
1 1905908771  
1 1939028799  
6 
2 
3 
3 
5 
3 
3 
4 
3 
3 
6 
2 
1 1435234662  
2 
6 
5 
4 
2 
5 
5 
6 
2 
3 
6 
6 
2 
5 
4 
6 
5 
2 
3 
2 
1 23248930  
2 
6 
2 
4 
3 
1 167708540  
5 
4 
1 163002047  
3 
3 
5 
2 
6 
4 
4 
1 825555443  
5 
2 
4 
1 1956117730  
4 
1 743511948  
4 
3 
3 
4 
4 
3 
3 
1 1752069140  
1 638604954  
3 
2 
2 
4 
2 
5 
1 610375736  
6 
4 
4 
3 
4 
5 
5 
5 
4 
2 
5 
2 
1 1360919192  
4 
1 1065788679  
6 
3 
1 1013970875  
1 1261692602  
3 
6 
2 
2 
3 
2 
5 
3 
3 
3 
4 
5 
5 
3 
1 449688721  
2 
6 
3 
5 
3 
5 
6 
5 
1 2098950698  
4 
4 
2 
6 
6 
2 
4 
5 
5 
4 
3 
4 
1 1061204050  
1 977147440  
1 570991259  
2 
4 
5 
4 
1 721192305  
6 
1 1358519477  
3 
2 
6 
5 
3 
5 
5 
4 
6 
2 
2 
2 
2 
4 
5 
6 
6 
4 
2 
4 
4 
2 
3 
3 
6 
3 
3 
5 
6 
3 
1 447354872  
5 
2 
2 
2 
5 
6 
3 
1 1442020551  
3 
2 
5 
6 
5 
4 
1 1325947080  
3 
3 
1 175690751  
6 
4 
3 
4 
4 
4 
6 
5 
1 1537986077  
3 
4 
2 
5 
2 
5 
6 
4 
2 
4 
2 
6 
1 855806297  
2 
2 
1 158936299  
6 
1 1773013492  
5 
3 
6 
3 
4 
4 
3 
4 
6 
1 614231420  
3 
5 
2 
2 
2 
3 
5 
2 
3 
6 
4 
4 
4 
4 
6 
2 
5 
6 
1 2097965098  
4 
6 
6 
4 
6 
2 
3 
3 
6 
2 
6 
1 1060764506  
1 637480350  
1 118189990  
1 1223766554  
5 
4 
1 1463035794  
5 
2 
5 
2 
5 
4 
4 
1 2074307721  
4 
6 
3 
6 
3 
2 
2 
6 
4 
6 
6 
6 
2 
5 
4 
2 
2 
1 1967278502  
3 
2 
4 
6 
1 1067621286  
4 
6 
6 
5 
4 
6 
1 565429027  
3 
3 
6 
1 430170591  
1 281056830  
3 
2 
4 
6 
6 
4 
5 
5 
1 1631217707  
1 1444141466  
5 
3 
1 1542749433  
6 
2 
1 2080906428  
6 
5 
2 
6 
2 
5 
3 
2 
2 
4 
1 1395608516  
6 
5 
5 
6 
2 
6 
2 
4 
4 
6 
6 
5 
1 456469835  
3 
2 
1 910570220  
3 
5 
6 
4 
3 
6 
1 1966599775  
5 
3 
4 
6 
4 
1 1177662140  
1 121606049  
6 
6 
4 
2 
6 
4 
2 
2 
5 
4 
3 
5 
4 
5 
3 
4 
4 
5 
3 
1 266470999  
6 
4 
4 
4 
1 472199043  
3 
5 
1 1447553130  
6 
5 
6 
6 
4 
4 
3 
5 
5 
4 
2 
5 
6 
4 
6 
1 442161750  
5 
5 
4 
4 
6 
4 
2 
6 
4 
2 
4 
5 
4 
4 
1 2010185120  
5 
3 
6 
4 
2 
6 
5 
1 155875779  
6 
4 
5 
5 
4 
5 
6 
1 601098050  
1 1635714965  
5 
5 
2 
2 
3 
4 
5 
3 
3 
1 770107199  
6 
3 
6 
1 551579500  
3 
4 
2 
4 
4 
3 
4 
2 
3 
5 
6 
6 
5 
5 
5 
1 548995823  
6 
2 
4 
5 
5 
4 
2 
1 1407587550  
4 
5 
2 
1 669769491  
4 
1 1772762377  
1 723139696  
3 
1 596593564  
2 
2 
2 
2 
1 1592557232  
2 
6 
2 
5 
4 
3 
6 
2 
6 
6 
4 
3 
1 1790760982  
2 
3 
2 
1 1162022591  
2 
6 
3 
1 2022727823  
4 
1 2071817813  
5 
5 
1 645756650  
6 
3 
5 
1 1319385641  
1 1467083598  
1 579179430  
3 
1 567510510  
3 
3 
4 
5 
2 
2 
4 
4 
3 
3 
6 
1 1923553433  
1 1489749650  
1 386626637  
5 
1 953731925  
5 
4 
5 
1 1611355700  
3 
2 
5 
5 
6 
1 653097637  
1 1425930968  
6 
6 
3 
2 
4 
5 
4 
6 
3 
4 
1 911425182  
6 
2 
2 
5 
5 
6 
3 
5 
4 
4 
2 
5 
5 
4 
3 
5 
3 
1 1095259387  
2 
4 
5 
6 
2 
4 
4 
4 
1 1288632441  
4 
4 
5 
2 
5 
1 1067300961  
4 
3 
3 
5 
6 
3 
3 
2 
1 1696357437  
6 
4 
6 
4 
6 
4 
6 
3 
6 
4 
6 
1 776863758  
6 
3 
2 
4 
3 
1 1837408160  
5 
6 
2 
1 100453290  
3 
6 
3 
4 
5 
1 1325859581  
4 
1 1097512062  
3 
2 
2 
1 770222781  
1 951138311  
2 
2 
1 1820651758  
3 
4 
6 
5 
2 
5 
2 
6 
2 
4 
5 
1 1366816345  
1 396211895  
2 
1 1463929093  
3 
3 
5 
4 
2 
1 381355288  
6 
3 
4 
6 
4 
6 
2 
6 
2 
1 271456070  
5 
5 
4 
3 
2 
4 
6 
6 
1 1388263258  
5 
2 
1 1027111939  
1 1590841711  
1 707863208  
2 
1 1606291369  
5 
1 10868573  
3 
4 
4 
5 
5 
4 
1 483932993  
3 
2 
4 
5 
4 
5 
4 
6 
6 
1 948557372  
2 
4 
3 
4 
2 
6 
6 
4 
1 397495211  
1 1437664918  
4 
5 
3 
2 
1 412429424  
2 
4 
2 
1 1050592848  
6 
1 716112238  
1 1323854606  
3 
3 
2 
5 
5 
6 
4 
1 2145852235  
4 
4 
2 
6 
5 
4 
6 
4 
4 
2 
2 
2 
1 2004744679  
6 
1 243671919  
4 
3 
4 
1 1694726025  
1 634124789  
3 
3 
1 2081080079  
3 
2 
4 
6 
2 
6 
3 
1 1795179315  
5 
3 
3 
6 
5 
4 
5 
3 
2 
2 
1 1959984371  
3 
5 
1 1031108494  
2 
6 
3 
1 417918448  
6 
3 
2 
1 763639034  
5 
2 
6 
5 
2 
6 
6 
6 
5 
2 
3 
4 
4 
6 
6 
3 
3 
4 
1 704276604  
3 
1 1784734793  
1 1159850929  
4 
1 20722049  
4 
1 18606433  
3 
6 
1 1431306999  
5 
6 
4 
3 
2 
3 
6 
2 
5 
4 
3 
5 
5 
1 1408985307  
1 1045718372  
3 
4 
5 
6 
4 
2 
6 
5 
6 
6 
1 874665062  
5 
4 
3 
6 
3 
4 
4 
6 
4 
3 
2 
1 2116848515  
2 
5 
5 
2 
4 
5 
3 
6 
5 
6 
1 504526094  
6 
3 
1 885533636  
1 453297860  
4 
6 
2 
3 
1 1453083466  
5 
2 
1 1283028847  
5 
4 
5 
5 
1 1890962778  
4 
1 1865512890  
5 
5 
5 
3 
5 
4 
5 
6 
6 
5 
1 186138047  
1 459591369  
5 
1 1041883848  
5 
2 
4 
6 
1 184506634  
5 
1 316852400  
2 
4 
1 1285555767  
1 1879232659  
2 
2 
5 
3 
2 
3 
5 
4 
6 
1 950977190  
2 
4 
6 
5 
5 
6 
2 
5 
4 
5 
2 
2 
2 
6 
2 
2 
4 
1 1219152198  
4 
4 
3 
4 
6 
1 1526928326  
5 
6 
1 763477913  
1 102777044  
3 
1 1944846774  
6 
3 
5 
4 
5 
3 
6 
3 
5 
3 
2 
4 
1 1527116947  
6 
4 
3 
4 
5 
3 
1 807053649  
3 
3 
6 
3 
4 
5 
3 
1 1582097919  
5 
4 
3 
3 
3 
4 
4 
2 
4 
1 539484228  
2 
5 
2 
4 
3 
6 
1 827775698  
3 
5 
6 
6 
4 
2 
3 
6 
1 1600704353  
2 
1 1970791227  
6 
3 
6 
6 
4 
6 
3 
1 89277358  
3 
4 
2 
2 
3 
1 498939077  
2 
2 
3 
5 
1 697972641  
2 
1 58642225  
6 
4 
2 
4 
3 
4 
6 
2 
2 
6 
4 
6 
2 
6 
1 1003465171  
4 
1 1583506277  
1 511940086  
2 
1 309064989  
3 
3 
1 719051476  
3 
6 
1 255419216  
5 
1 27094231  
2 
2 
6 
4 
6 
3 
6 
6 
1 905189523  
5 
3 
4 
2 
5 
6 
4 
2 
4 
6 
6 
6 
2 
1 715010585  
5 
2 
6 
2 
6 
2 
6 
4 
4 
4 
1 1068978079  
6 
1 1089696158  
1 1031862986  
2 
3 
6 
2 
1 207050198  
2 
2 
4 
2 
1 821445169  
6 
2 
2 
2 
2 
5 
1 1982840176  
2 
2 
3 
5 
5 
4 
5 
3 
5 
5 
2 
5 
1 1426202397  
2 
3 
4 
6 
3 
6 
5 
4 
3 
2 
5 
1 200889848  
2 
5 
1 598834441  
4 
3 
5 
1 1528979441  
4 
3 
3 
4 
4 
2 
2 
5 
5 
1 2145736622  
3 
5 
4 
1 2125951388  
6 
6 
6 
6 
2 
3 
1 188549442  
5 
2 
4 
5 
1 1580350894  
5 
2 
5 
3 
1 517951968  
2 
5 
4 
5 
2 
5 
3 
6 
5 
4 
3 
6 
6 
5 
3 
6 
5 
5 
3 
5 
1 1016325141  
1 1033571599  
1 341259547  
3 
1 1105602499  
3 
3 
4 
6 
1 1532510676  
6 
5 
5 
1 1039232188  
3 
6 
2 
1 1164244724  
4 
5 
3 
3 
2 
4 
6 
3 
4 
2 
5 
1 388492200  
1 475254818  
2 
3 
1 1676184810  
6 
3 
2 
4 
4 
1 697557189  
2 
6 
5 
6 
5 
4 
1 1194306294  
4 
3 
2 
4 
6 
6 
1 1931604027  
5 
3 
4 
1 724651421  
3 
3 
6 
2 
5 
3 
3 
5 
3 
6 
2 
5 
1 2099495818  
6 
2 
3 
3 
2 
5 
4 
6 
1 499130964  
5 
5 
2 
2 
4 
6 
2 
2 
2 
5 
3 
3 
5 
4 
3 
5 
2 
4 
4 
1 1793629500  
6 
1 1041708328  
4 
3 
6 
4 
3 
6 
3 
2 
3 
1 1530993950  
3 
5 
4 
6 
5 
4 
1 2000679699  
1 1863153497  
4 
1 1366350478  
1 1279398448  
1 2064043345  
1 1965184919  
3 
4 
6 
5 
4 
1 660894241  
6 
6 
5 
1 2062296320  
2 
2 
2 
2 
2 
6 
5 
5 
1 1943652659  
2 
1 849443684  
3 
4 
1 1495163566  
5 
4 
1 314120979  
5 
4 
1 1865768825  
3 
3 
6 
5 
5 
3 
4 
5 
6 
2 
4 
5 
5 
1 381251517  
3 
6 
3 
4 
4 
1 655380526  
6 
3 
4 
2 
5 
4 
6 
2 
5 
4 
4 
2 
3 
1 823887676  
6 
1 1913762193  
4 
3 
5 
1 1694612715  
5 
3 
3 
2 
1 1988132400  
3 
6 
4 
1 154770745  
2 
6 
1 22383885  
3 
6 
3 
6 
5 
6 
4 
6 
2 
1 1516833563  
6 
1 852327935  
5 
1 1216690179  
1 1300953942  
4 
1 1576979356  
5 
1 1168702349  
5 
3 
2 
1 1800084906  
4 
5 
2 
6 
6 
6 
2 
6 
5 
2 
5 
5 
3 
4 
4 
5 
4 
6 
2 
6 
2 
6 
2 
2 
2 
3 
6 
3 
2 
1 1223125208  
3 
3 
3 
2 
3 
3 
1 62927029  
2 
3 
5 
3 
2 
4 
6 
3 
5 
2 
3 
1 1183595209  
4 
4 
5 
2 
5 
3 
2 
4 
1 1076321259  
1 1926080527  
3 
1 402462039  
6 
4 
2 
4 
3 
3 
5 
1 208236059  
5 
5 
4 
5 
5 
5 
4 
6 
6 
4 
2 
4 
3 
4 
1 1842640224  
1 220163311  
1 869130301  
4 
5 
4 
6 
2 
5 
2 
1 1757452896  
1 16332322  
4 
2 
5 
2 
3 
2 
6 
2 
1 1718573985  
1 1105132814  
3 
6 
5 
6 
1 330453302  
4 
6 
5 
1 1436859162  
2 
4 
4 
4 
4 
3 
3 
1 1486384331  
1 985833828  
2 
3 
4 
4 
5 
1 113263190  
1 1252662877  
4 
1 532962895  
2 
1 2101395590  
1 1407433622  
6 
2 
1 555346780  
6 
4 
2 
1 1470745505  
5 
1 112277909  
2 
4 
5 
1 1772036960  
4 
2 
5 
6 
5 
4 
1 624215799  
3 
2 
2 
6 
2 
3 
3 
2 
5 
4 
1 1689257265  
2 
2 
6 
3 
6 
4 
1 793255661  
4 
1 276817058  
5 
5 
2 
3 
1 764898826  
1 856182691  
2 
5 
6 
2 
4 
5 
6 
2 
2 
3 
6 
2 
5 
6 
5 
5 
2 
2 
3 
1 1460412267  
2 
6 
4 
6 
1 1841220085  
1 634779570  
2 
3 
2 
6 
4 
6 
6 
4 
4 
5 
2 
5 
2 
2 
3 
5 
5 
1 1862874306  
3 
5 
1 2049456145  
1 329936146  
6 
4 
2 
1 2083037617  
2 
1 771102798  
3 
1 2087389043  
6 
6 
2 
2 
4 
1 2099369940  
6 
6 
6 
6 
1 342193135  
4 
3 
2 
1 1045038209  
1 282339594  
3 
1 1779052297  
1 383938893  
6 
3 
2 
6 
3 
3 
2 
2 
6 
6 
4 
3 
1 1268173422  
5 
4 
2 
6 
6 
5 
5 
3 
2 
1 1892315487  
2 
6 
3 
3 
1 1636601770  
1 1801136318  
3 
5 
3 
1 1846227429  
6 
6 
2 
3 
1 896551744  
1 208999450  
2 
4 
2 
6 
3 
2 
5 
2 
6 
5 
3 
1 1169489287  
1 1008829654  
3 
2 
5 
4 
3 
1 1981036410  
3 
4 
6 
2 
3 
2 
5 
6 
6 
6 
1 1793705086  
3 
6 
1 550603271  
1 626808424  
5 
6 
4 
4 
2 
1 2070522144  
1 1315502097  
6 
5 
2 
1 1482991115  
4 
3 
4 
1 1383450763  
3 
2 
4 
1 1009238535  
4 
6 
3 
3 
3 
2 
3 
3 
2 
6 
5 
2 
5 
3 
4 
3 
6 
5 
3 
5 
5 
6 
3 
2 
2 
1 2117770685  
6 
6 
5 
2 
1 1098841422  
1 911211032  
1 300223183  
1 1034395391  
6 
6 
4 
4 
6 
5 
6 
6 
4 
2 
6 
6 
4 
5 
2 
4 
2 
5 
4 
1 1682313830  
6 
2 
1 240128578  
2 
3 
2 
1 986281683  
2 
3 
6 
1 2024506965  
1 1285166788  
6 
3 
2 
4 
5 
2 
1 1268621277  
3 
1 1656075614  
4 
1 1669105681  
2 
4 
2 
4 
3 
5 
4 
1 389311052  
3 
1 1400907453  
2 
6 
4 
3 
4 
5 
5 
1 1158223803  
4 
4 
6 
4 
3 
2 
1 42963722  
3 
5 
3 
4 
2 
6 
1 1099651234  
2 
6 
2 
4 
1 2054775547  
4 
4 
1 251963172  
1 121656873  
5 
2 
3 
5 
2 
6 
2 
3 
4 
4 
3 
4 
6 
5 
2 
6 
4 
1 916121553  
3 
4 
1 85515935  
4 
6 
2 
4 
5 
5 
2 
1 1915361960  
1 1466724825  
6 
5 
1 712324359  
3 
6 
6 
1 1838400456  
4 
6 
4 
3 
5 
2 
1 634743274  
4 
2 
2 
4 
5 
6 
2 
2 
1 47831826  
1 1074367572  
1 1643981809  
4 
4 
1 18118863  
1 25725346  
6 
5 
2 
3 
4 
3 
2 
6 
2 
6 
6 
2 
6 
3 
6 
3 
4 
5 
6 
3 
5 
1 407709193  
6 
4 
1 318342046  
4 
6 
2 
4 
5 
3 
2 
2 
4 
6 
4 
2 
6 
1 1060120737  
5 
2 
6 
1 2090023023  
4 
1 558470625  
2 
4 
5 
5 
5 
5 
4 
6 
3 
1 2046402421  
1 1967046340  
1 1843637413  
6 
4 
4 
4 
1 1167540050  
5 
1 1475638306  
3 
4 
4 
3 
2 
6 
6 
1 1365259446  
2 
4 
4 
2 
1 1556851102  
6 
1 729062111  
4 
3 
6 
4 
3 
4 
1 375999601  
3 
5 
5 
1 1599814824  
3 
6 
3 
5 
2 
5 
3 
3 
2 
1 1828713346  
2 
4 
4 
5 
4 
3 
2 
3 
2 
3 
1 283291500  
2 
1 1851777997  
4 
6 
5 
1 1950370219  
6 
2 
1 1199413054  
6 
2 
2 
1 1937293932  
6 
3 
3 
6 
6 
6 
3 
2 
4 
6 
4 
2 
5 
5 
3 
4 
3 
4 
6 
6 
5 
5 
1 1718248531  
4 
2 
6 
4 
5 
6 
3 
5 
6 
1 518654231  
1 502134643  
5 
6 
5 
5 
4 
3 
2 
6 
5 
6 
5 
2 
4 
3 
1 1409165340  
3 
6 
1 1153397505  
1 549966469  
2 
6 
1 336049264  
3 
2 
2 
5 
6 
5 
5 
4 
1 649895667  
1 568085332  
4 
1 361774610  
3 
6 
1 1057604860  
3 
3 
5 
5 
4 
1 886427378  
6 
2 
2 
1 1421895347  
4 
5 
5 
2 
2 
4 
6 
1 1000144236  
5 
2 
3 
4 
1 1444898003  
4 
2 
2 
2 
3 
5 
5 
1 1320814120  
6 
1 819706928  
4 
2 
1 1141051768  
5 
1 340870523  
1 147861587  
6 
4 
3 
2 
1 358827566  
2 
6 
6 
3 
6 
4 
3 
5 
3 
5 
6 
6 
1 1897721625  
2 
2 
6 
2 
4 
2 
2 
6 
2 
4 
2 
6 
6 
4 
6 
2 
2 
2 
5 
1 876923698  
4 
1 734827167  
3 
4 
2 
6 
1 1350052802  
1 558153396  
1 1018118668  
5 
2 
6 
5 
6 
4 
4 
4 
2 
3 
5 
4 
3 
6 
5 
4 
5 
2 
6 
3 
3 
3 
6 
5 
5 
2 
2 
2 
3 
1 1054347151  
2 
2 
2 
3 
3 
3 
2 
6 
2 
1 361039968  
4 
3 
6 
5 
5 
3 
2 
5 
1 70048074  
4 
3 
5 
6 
4 
2 
1 844157435  
3 
1 2079288499  
2 
5 
3 
1 588702305  
6 
2 
2 
4 
3 
6 
2 
1 1346292078  
5 
2 
4 
5 
5 
2 
4 
4 
2 
6 
5 
1 1340970191  
1 1742099810  
5 
2 
6 
5 
4 
4 
3 
5 
4 
5 
1 1896258547  
3 
6 
5 
3 
6 
4 
3 
4 
5 
3 
2 
5 
4 
3 
6 
4 
1 1677019455  
6 
5 
3 
3 
3 
1 244511829  
2 
4 
6 
6 
6 
2 
2 
2 
2 
2 
2 
3 
5 
3 
6 
3 
3 
2 
3 
6 
4 
2 
6 
2 
2 
5 
4 
4 
6 
6 
6 
4 
6 
3 
4 
5 
2 
3 
2 
4 
6 
4 
5 
5 
3 
4 
3 
4 
2 
1 316860231  
5 
1 2038794065  
2 
3 
4 
5 
3 
2 
5 
5 
4 
6 
3 
3 
5 
4 
6 
4 
3 
5 
6 
1 1302116690  
6 
5 
1 1203287609  
3 
2 
2 
1 1313205765  
2 
6 
3 
4 
2 
1 154777278  
4 
5 
1 500701965  
6 
2 
3 
2 
5 
2 
5 
5 
4 
4 
6 
2 
1 486536237  
2 
1 974484206  
4 
6 
3 
6 
1 1641753733  
3 
1 827406760  
2 
6 
5 
4 
2 
1 1122345793  
1 2000581300  
4 
5 
6 
4 
6 
4 
5 
3 
2 
3 
2 
3 
6 
6 
4 
1 577644738  
2 
6 
1 1999269492  
3 
5 
3 
2 
4 
4 
4 
5 
2 
3 
2 
2 
1 587924819  
5 
2 
3 
3 
3 
2 
5 
5 
2 
6 
2 
3 
5 
1 1927697540  
5 
3 
4 
5 
1 409939240  
5 
2 
6 
1 1606043487  
6 
1 834561043  
4 
2 
1 770979208  
4 
2 
