2 
1 816410535  
1 307370742  
3 
1 1694616280  
5 
4 
6 
5 
3 
6 
4 
2 
1 1672395599  
6 
6 
2 
5 
1 846835734  
5 
3 
1 928455699  
3 
2 
1 369986876  
2 
5 
1 1856424354  
1 627336817  
2 
1 2051983975  
1 1056700218  
5 
6 
1 539587039  
5 
6 
1 1657020098  
2 
2 
6 
1 2091295228  
5 
4 
2 
6 
5 
6 
6 
4 
5 
4 
5 
1 597002272  
6 
4 
4 
2 
3 
1 411383893  
1 693212784  
2 
6 
1 1592850449  
6 
2 
3 
1 1920363879  
1 2088328042  
3 
6 
5 
1 825231403  
1 292537077  
1 1094104849  
5 
4 
2 
2 
6 
3 
1 1326457639  
1 601546727  
5 
5 
3 
5 
3 
4 
5 
4 
4 
5 
1 1504379064  
6 
5 
1 1185319490  
5 
5 
5 
6 
6 
5 
5 
4 
4 
2 
1 1910065551  
6 
5 
6 
4 
4 
2 
6 
6 
4 
2 
4 
4 
5 
6 
4 
3 
2 
5 
6 
2 
3 
6 
6 
6 
3 
4 
6 
3 
3 
5 
1 723290415  
2 
3 
5 
6 
5 
6 
3 
3 
5 
6 
6 
4 
4 
1 257874588  
3 
2 
4 
1 619343378  
3 
2 
5 
6 
5 
1 1539700950  
1 565245331  
2 
3 
5 
4 
6 
1 166476010  
4 
6 
4 
4 
2 
3 
6 
6 
5 
3 
2 
3 
2 
5 
3 
6 
6 
4 
6 
1 1064612902  
5 
5 
2 
3 
2 
6 
3 
3 
4 
6 
3 
4 
6 
3 
5 
1 1412081065  
3 
6 
6 
5 
6 
4 
5 
3 
4 
5 
1 1094931710  
3 
2 
4 
5 
4 
2 
5 
2 
2 
2 
5 
6 
6 
6 
2 
5 
3 
2 
4 
4 
5 
5 
5 
1 1434599778  
4 
2 
2 
6 
5 
1 1121021772  
3 
2 
1 1722268527  
1 1339100105  
1 30238342  
5 
1 114371918  
1 848636555  
1 2121533571  
1 711374190  
3 
5 
4 
6 
4 
3 
6 
1 1260020449  
4 
1 667262707  
6 
4 
6 
4 
5 
1 156740991  
3 
6 
6 
2 
3 
3 
4 
5 
2 
1 1032900680  
4 
4 
2 
1 608107101  
5 
5 
2 
5 
3 
1 981972394  
2 
2 
2 
3 
6 
3 
4 
1 1325437757  
4 
4 
5 
4 
5 
4 
1 1702211951  
3 
6 
6 
6 
5 
3 
4 
5 
3 
3 
4 
3 
2 
6 
5 
5 
4 
1 160946385  
2 
4 
4 
1 1926984484  
6 
6 
3 
6 
1 1059107367  
6 
1 1346265876  
1 1689566387  
4 
6 
2 
4 
6 
6 
6 
6 
5 
5 
3 
5 
2 
6 
2 
5 
4 
6 
2 
3 
6 
4 
5 
6 
5 
1 1782397782  
1 1604140464  
4 
6 
2 
3 
5 
5 
4 
3 
6 
2 
6 
1 161426117  
2 
2 
4 
4 
2 
5 
5 
6 
2 
5 
5 
5 
1 1174615084  
3 
4 
6 
6 
3 
5 
3 
4 
6 
3 
6 
3 
3 
5 
5 
6 
5 
5 
1 21902147  
3 
3 
1 327902127  
2 
2 
6 
4 
2 
4 
3 
2 
3 
6 
6 
5 
6 
2 
6 
6 
2 
3 
5 
2 
2 
5 
1 91744338  
5 
5 
2 
6 
1 1433983213  
6 
1 1422833837  
3 
5 
2 
6 
6 
5 
3 
2 
4 
1 1526344116  
1 407521337  
5 
6 
3 
2 
4 
4 
4 
3 
1 997618716  
5 
1 717960573  
1 437759679  
3 
3 
5 
4 
2 
1 1111990635  
2 
5 
1 1566597129  
6 
4 
6 
2 
2 
2 
3 
5 
1 411809602  
5 
4 
6 
5 
5 
4 
1 1823364825  
5 
5 
6 
3 
2 
4 
1 679133930  
6 
4 
4 
4 
3 
6 
2 
3 
6 
5 
5 
4 
3 
3 
5 
2 
4 
2 
5 
2 
2 
2 
3 
2 
4 
2 
3 
2 
1 1079072309  
3 
5 
1 1980105817  
1 1712034610  
3 
6 
4 
5 
5 
2 
3 
6 
2 
6 
6 
6 
3 
1 1687179411  
3 
5 
1 814594563  
2 
6 
6 
1 889988719  
1 1241907714  
2 
2 
3 
5 
2 
1 975540949  
3 
4 
2 
5 
3 
5 
4 
5 
5 
5 
6 
2 
5 
4 
1 669489555  
3 
3 
2 
1 153531433  
6 
3 
2 
3 
5 
2 
6 
5 
6 
3 
2 
5 
3 
2 
6 
5 
2 
4 
2 
5 
2 
3 
3 
3 
6 
4 
3 
4 
2 
6 
4 
1 174323177  
5 
1 211572294  
3 
2 
4 
6 
4 
6 
1 1935929215  
4 
2 
4 
6 
6 
6 
6 
6 
1 1778463641  
6 
2 
4 
3 
1 372998411  
1 963060651  
6 
3 
4 
5 
2 
5 
2 
4 
1 1800365789  
6 
3 
2 
6 
3 
5 
2 
5 
6 
2 
6 
3 
4 
2 
3 
6 
1 700900538  
4 
5 
6 
1 1054804990  
2 
1 1086865354  
2 
3 
4 
6 
3 
3 
1 2123734376  
5 
2 
3 
4 
3 
3 
3 
1 433665458  
3 
3 
2 
1 1494386691  
5 
5 
3 
4 
2 
6 
2 
2 
1 973869444  
1 1151626032  
3 
1 1932146370  
4 
3 
4 
5 
6 
3 
4 
6 
4 
1 2085860079  
5 
5 
4 
3 
5 
2 
4 
4 
1 570739513  
3 
1 196472325  
4 
2 
2 
1 1761741257  
2 
1 1249873443  
4 
4 
1 1275544634  
1 1594363426  
2 
2 
1 814424405  
3 
4 
6 
2 
3 
2 
2 
6 
5 
5 
1 815240397  
5 
6 
6 
1 261474341  
2 
6 
4 
2 
5 
1 1704413124  
1 2057148111  
4 
5 
2 
5 
5 
6 
3 
5 
3 
1 1237015290  
5 
1 226419031  
5 
3 
3 
3 
1 63195896  
1 1411338467  
1 437991325  
4 
6 
6 
6 
5 
3 
5 
2 
5 
1 1999125111  
2 
4 
1 1042318461  
6 
2 
1 810989736  
5 
3 
1 814702115  
5 
1 695200602  
4 
1 1511890274  
5 
4 
5 
1 1869507105  
6 
3 
6 
6 
3 
5 
1 1782065956  
4 
5 
2 
3 
2 
6 
1 1488141002  
6 
5 
2 
2 
1 155688915  
3 
4 
1 1128968999  
1 314526799  
3 
6 
1 1307314947  
2 
6 
2 
1 913631721  
6 
5 
2 
5 
1 252903230  
5 
6 
3 
1 1878054460  
4 
4 
6 
5 
3 
1 1110104046  
6 
6 
6 
5 
2 
4 
1 2014644487  
1 980444255  
4 
1 238165033  
4 
1 1461524265  
2 
5 
5 
6 
1 1794868660  
1 1053405430  
1 1722998607  
5 
6 
3 
4 
6 
5 
6 
4 
3 
3 
1 1351798136  
4 
1 963069894  
4 
4 
5 
2 
4 
6 
4 
5 
5 
5 
1 812530249  
6 
1 1578217167  
2 
2 
6 
5 
3 
4 
4 
6 
3 
6 
4 
1 1026265790  
1 76385069  
5 
4 
5 
5 
6 
4 
1 2016208492  
4 
2 
5 
5 
2 
2 
6 
6 
6 
1 877907254  
1 1118703530  
2 
3 
2 
2 
2 
1 679714580  
6 
6 
1 1692609369  
6 
6 
2 
5 
4 
4 
4 
4 
2 
3 
2 
1 1813904132  
6 
3 
2 
4 
5 
1 44121207  
2 
3 
5 
4 
4 
1 1414632826  
4 
1 1448486440  
6 
6 
5 
6 
3 
6 
3 
4 
4 
6 
3 
6 
2 
4 
6 
6 
5 
1 1532262209  
4 
1 1570321741  
2 
1 429971791  
4 
4 
4 
4 
1 1846789008  
6 
2 
4 
5 
2 
6 
1 730153041  
6 
3 
1 1343603512  
6 
4 
2 
1 2099692239  
2 
4 
6 
3 
5 
5 
2 
2 
5 
2 
5 
6 
5 
5 
4 
5 
5 
6 
6 
5 
2 
2 
4 
4 
2 
5 
4 
2 
6 
3 
1 460723853  
2 
6 
6 
5 
1 306223911  
5 
1 1966853078  
3 
2 
1 1441168109  
6 
2 
2 
4 
3 
5 
5 
6 
3 
1 544388944  
6 
3 
1 1280893696  
4 
3 
3 
1 1088553121  
1 1597794374  
4 
3 
3 
6 
5 
1 856408655  
2 
6 
2 
3 
2 
5 
3 
3 
4 
1 292867610  
1 413380620  
6 
6 
6 
5 
2 
4 
4 
3 
6 
5 
4 
4 
2 
5 
5 
3 
3 
5 
4 
6 
6 
5 
4 
4 
6 
2 
2 
1 1668938904  
6 
4 
6 
6 
2 
2 
3 
4 
6 
4 
5 
5 
2 
4 
6 
2 
6 
3 
2 
3 
6 
4 
2 
2 
1 1871084777  
2 
1 1439646411  
5 
6 
3 
2 
2 
6 
2 
5 
5 
4 
5 
6 
1 1745323973  
6 
3 
4 
6 
6 
2 
6 
5 
4 
3 
1 1739809622  
6 
3 
4 
5 
6 
1 170070017  
2 
6 
3 
3 
5 
4 
1 716543855  
6 
5 
2 
6 
3 
5 
1 272040554  
1 1862679386  
6 
3 
4 
5 
3 
3 
1 382964339  
5 
5 
5 
2 
6 
3 
6 
2 
6 
2 
4 
5 
1 316161761  
1 1129828564  
2 
4 
5 
4 
5 
5 
5 
2 
2 
1 1831450779  
6 
1 1848423971  
3 
6 
5 
5 
6 
3 
5 
5 
1 552666657  
3 
6 
1 113938922  
4 
6 
2 
5 
1 1547729331  
5 
4 
6 
2 
1 1282819698  
5 
4 
6 
1 1457542435  
3 
6 
6 
4 
4 
5 
1 1499937922  
6 
1 1743543552  
1 1763766346  
6 
1 1319307353  
3 
3 
5 
6 
3 
3 
3 
3 
1 1037228013  
6 
6 
6 
1 160671642  
3 
4 
3 
2 
3 
5 
6 
1 452717401  
4 
3 
3 
1 2125781134  
4 
3 
5 
5 
5 
1 1758466016  
1 1309126056  
5 
4 
1 271165096  
6 
5 
2 
3 
4 
1 24362989  
2 
1 830581312  
4 
6 
1 2142249874  
5 
6 
3 
3 
5 
5 
4 
2 
1 1464009400  
5 
1 428421638  
5 
4 
1 1734575848  
2 
6 
1 1634079417  
1 1144965493  
6 
6 
1 2006616402  
1 1349275155  
2 
2 
5 
1 1527929833  
1 175294516  
3 
6 
2 
4 
2 
1 331620071  
5 
2 
6 
3 
3 
6 
4 
6 
4 
2 
6 
1 1211896964  
2 
1 2023718487  
4 
3 
1 884286728  
4 
6 
5 
2 
3 
5 
6 
4 
5 
2 
2 
6 
3 
4 
2 
4 
3 
4 
1 1325835887  
2 
1 1423964170  
4 
6 
5 
2 
2 
5 
6 
3 
5 
6 
2 
3 
2 
5 
4 
5 
4 
4 
3 
4 
4 
1 19622779  
6 
2 
6 
2 
6 
1 635894674  
3 
3 
6 
6 
3 
2 
1 776418445  
2 
3 
1 1763166331  
6 
1 252177372  
5 
5 
2 
4 
4 
3 
1 2095725798  
6 
2 
1 652910696  
5 
6 
6 
5 
2 
4 
4 
2 
3 
1 412849014  
1 400959551  
1 631208182  
6 
4 
5 
6 
4 
2 
5 
3 
5 
1 23831382  
2 
6 
4 
6 
6 
5 
6 
1 1710085607  
4 
6 
4 
1 902373279  
1 48194371  
6 
5 
6 
2 
3 
3 
2 
3 
5 
2 
4 
5 
2 
4 
2 
5 
6 
3 
4 
6 
6 
3 
6 
5 
6 
2 
1 393183271  
4 
6 
2 
4 
6 
3 
2 
2 
5 
3 
3 
6 
6 
4 
6 
5 
1 897139505  
4 
3 
4 
6 
6 
4 
2 
2 
3 
2 
2 
1 1512203771  
3 
6 
1 821604909  
6 
6 
5 
3 
5 
5 
2 
1 484231705  
3 
2 
3 
1 998799540  
4 
2 
5 
4 
6 
2 
1 1966570403  
2 
4 
4 
2 
2 
5 
3 
3 
3 
2 
2 
5 
1 343364459  
5 
4 
1 200591047  
1 1347016588  
6 
4 
5 
1 518658975  
3 
5 
5 
4 
4 
1 532211118  
4 
2 
6 
4 
5 
5 
5 
4 
4 
1 411429904  
5 
6 
3 
4 
4 
3 
4 
3 
4 
4 
3 
6 
3 
3 
4 
2 
5 
6 
2 
6 
6 
1 394893814  
2 
3 
4 
5 
1 1416497847  
6 
4 
6 
6 
1 1737265791  
3 
2 
6 
6 
6 
2 
3 
2 
2 
6 
3 
5 
5 
2 
5 
2 
2 
5 
5 
6 
6 
2 
2 
3 
4 
1 1818857985  
3 
6 
1 1436120626  
4 
3 
4 
6 
3 
5 
5 
5 
4 
1 225676817  
6 
5 
4 
1 447792782  
6 
5 
5 
5 
4 
4 
2 
4 
5 
3 
2 
3 
6 
2 
3 
6 
4 
5 
6 
2 
3 
2 
3 
2 
4 
2 
2 
2 
6 
5 
5 
2 
2 
2 
4 
6 
5 
6 
3 
6 
4 
5 
4 
1 1051803309  
1 477854189  
6 
4 
6 
2 
6 
4 
4 
1 396034932  
4 
1 1704714005  
3 
3 
6 
4 
3 
5 
3 
1 890703203  
3 
3 
3 
2 
2 
5 
4 
1 796994483  
1 188438539  
6 
6 
2 
5 
4 
6 
3 
5 
1 914534586  
6 
6 
2 
1 359596442  
4 
3 
5 
3 
1 1090811818  
3 
5 
5 
5 
3 
1 962728957  
6 
1 752779713  
3 
4 
6 
5 
4 
6 
2 
1 1987951323  
2 
3 
6 
6 
5 
6 
5 
1 327449081  
4 
2 
4 
1 1574384623  
6 
5 
1 324699380  
3 
5 
1 1326248621  
3 
5 
4 
1 1393471378  
6 
6 
6 
2 
2 
6 
4 
6 
5 
1 668063840  
2 
5 
1 1526839669  
5 
4 
1 593004318  
5 
6 
1 1186722815  
3 
4 
1 2059050787  
5 
4 
6 
6 
3 
2 
1 1004434222  
2 
2 
4 
1 1581616630  
2 
6 
2 
6 
1 1328064986  
5 
3 
6 
3 
3 
4 
4 
2 
1 594216366  
3 
5 
4 
3 
1 1252990967  
5 
3 
3 
4 
6 
6 
2 
4 
1 616701964  
5 
2 
6 
6 
4 
5 
5 
2 
5 
4 
6 
2 
2 
5 
1 819893183  
4 
5 
5 
5 
4 
5 
2 
2 
4 
5 
2 
6 
4 
5 
6 
3 
1 1700783749  
2 
5 
2 
1 1668505273  
2 
6 
2 
6 
5 
5 
6 
1 1297747373  
4 
6 
1 2096818681  
6 
2 
6 
6 
1 1225735630  
4 
1 40966928  
4 
6 
3 
6 
3 
6 
1 746329516  
3 
2 
6 
2 
1 1414174170  
4 
3 
5 
1 955501514  
1 1105925958  
3 
5 
4 
1 357502340  
4 
1 1918230472  
3 
3 
6 
5 
5 
4 
4 
1 1858705671  
1 197970016  
1 98195905  
2 
2 
2 
4 
4 
4 
3 
1 1285606646  
3 
2 
3 
1 522669396  
5 
1 1424444526  
2 
1 531594376  
5 
6 
3 
6 
1 1190733236  
6 
1 803800547  
3 
2 
5 
6 
3 
1 1124598694  
2 
1 229972404  
4 
5 
5 
5 
2 
2 
4 
5 
1 715367687  
4 
6 
6 
5 
4 
1 2129032917  
2 
1 1811589034  
6 
1 2043432673  
1 575765635  
1 917096353  
6 
2 
3 
5 
5 
2 
2 
5 
1 512650990  
4 
2 
3 
2 
5 
2 
4 
4 
1 1395658818  
4 
3 
5 
6 
3 
4 
5 
5 
4 
1 470396454  
4 
6 
6 
2 
4 
1 33672615  
3 
1 545922543  
1 419731487  
4 
3 
1 1259408246  
4 
3 
2 
2 
4 
5 
4 
6 
5 
4 
4 
2 
6 
5 
4 
1 586889472  
2 
1 1166061003  
1 526098768  
2 
4 
2 
4 
4 
2 
4 
1 1542390986  
2 
4 
2 
6 
5 
1 124503313  
5 
1 883601108  
6 
5 
2 
3 
6 
5 
5 
1 1313137810  
1 1983208984  
1 1081571124  
4 
6 
6 
6 
6 
5 
5 
2 
3 
1 1411333715  
5 
6 
5 
4 
4 
4 
3 
6 
3 
4 
1 1121331983  
5 
2 
3 
5 
2 
2 
5 
3 
4 
3 
4 
6 
6 
1 1604240521  
6 
2 
4 
3 
5 
4 
5 
3 
6 
5 
3 
3 
2 
1 688294594  
1 1652926359  
5 
3 
3 
1 647490109  
5 
5 
4 
5 
6 
5 
4 
2 
2 
6 
2 
4 
3 
4 
4 
3 
3 
4 
6 
2 
6 
6 
3 
3 
4 
5 
4 
1 1492095141  
5 
1 630041406  
4 
1 877462513  
4 
6 
5 
5 
3 
6 
1 59979180  
6 
3 
2 
1 611590675  
2 
2 
2 
5 
2 
1 541567899  
4 
6 
3 
6 
4 
3 
3 
2 
2 
5 
6 
4 
3 
1 2103411854  
2 
6 
1 1187356310  
3 
5 
4 
1 1458664252  
2 
5 
2 
2 
2 
2 
2 
3 
2 
2 
4 
4 
5 
1 468579196  
3 
4 
1 435531480  
3 
4 
6 
6 
3 
1 1929060706  
4 
4 
2 
2 
1 502251811  
4 
2 
6 
1 981454024  
3 
2 
1 201308545  
1 1761660057  
4 
6 
3 
1 1568343496  
2 
1 1367369548  
1 140275177  
6 
4 
4 
3 
2 
5 
2 
5 
5 
3 
1 963250834  
2 
2 
2 
4 
5 
1 1491872861  
4 
2 
2 
1 1023876286  
1 128904997  
4 
4 
4 
3 
3 
2 
3 
4 
1 1327598198  
3 
2 
4 
6 
1 2105447410  
5 
3 
4 
5 
2 
5 
1 1540238712  
6 
1 301446533  
3 
1 1562204283  
1 81049658  
4 
1 1954372892  
3 
2 
6 
4 
1 62210745  
3 
3 
3 
6 
5 
3 
6 
5 
4 
6 
1 1573144800  
2 
3 
3 
5 
5 
6 
4 
5 
4 
1 436930650  
6 
6 
3 
1 939673258  
1 1633123980  
3 
4 
5 
2 
3 
2 
6 
3 
5 
6 
5 
6 
5 
2 
4 
3 
3 
2 
4 
3 
3 
1 1048521325  
3 
6 
3 
4 
5 
1 1481241158  
5 
3 
5 
3 
6 
1 1589052186  
5 
1 88393987  
3 
2 
6 
1 792421762  
5 
4 
2 
6 
5 
5 
1 2057631382  
5 
2 
3 
4 
1 523925468  
5 
5 
5 
2 
6 
4 
3 
5 
2 
5 
2 
5 
1 573998821  
6 
1 412399546  
6 
5 
1 1505379492  
3 
2 
6 
2 
3 
2 
3 
2 
5 
3 
1 775307366  
6 
1 26575955  
6 
3 
4 
6 
5 
5 
1 926239340  
2 
6 
5 
4 
4 
6 
4 
4 
5 
1 2142676915  
6 
6 
3 
6 
6 
6 
3 
5 
1 166851133  
4 
1 1889490174  
3 
2 
4 
6 
2 
1 1487066128  
6 
2 
2 
2 
4 
3 
5 
4 
4 
3 
6 
3 
4 
6 
6 
4 
3 
5 
1 1190727419  
4 
6 
6 
6 
5 
6 
2 
2 
5 
5 
1 2018395171  
5 
6 
6 
6 
5 
5 
2 
2 
5 
1 667180678  
2 
2 
3 
6 
2 
1 1148691181  
1 1411150236  
3 
3 
4 
2 
1 968627211  
4 
5 
6 
3 
3 
1 563411817  
6 
5 
6 
2 
4 
1 1492199894  
6 
6 
4 
6 
4 
2 
4 
3 
3 
5 
1 775516456  
1 625622562  
3 
1 917861046  
4 
5 
1 1212447106  
6 
2 
2 
3 
2 
5 
4 
3 
4 
6 
2 
1 1565295820  
5 
4 
1 403501379  
2 
2 
2 
6 
2 
5 
5 
2 
2 
3 
1 113484784  
3 
6 
2 
4 
4 
4 
1 899053330  
1 1992553565  
3 
2 
4 
3 
5 
2 
2 
2 
2 
1 201878771  
3 
4 
3 
3 
6 
6 
3 
5 
6 
1 1691475093  
4 
1 1902701300  
2 
3 
1 725804239  
2 
3 
1 117990266  
4 
4 
4 
1 167617198  
6 
5 
3 
6 
2 
2 
4 
1 83700083  
3 
4 
2 
1 893297632  
5 
6 
1 194193153  
5 
4 
4 
5 
6 
3 
3 
4 
4 
5 
5 
3 
2 
1 1009939423  
6 
2 
1 888490899  
6 
4 
6 
5 
6 
1 361044286  
6 
2 
6 
2 
1 751945950  
5 
4 
6 
5 
1 228073380  
4 
2 
6 
5 
3 
1 1551771705  
1 622857473  
4 
6 
4 
3 
1 895254058  
3 
4 
4 
3 
6 
5 
6 
6 
5 
1 552979239  
5 
4 
6 
2 
4 
1 2034007709  
3 
4 
3 
2 
5 
3 
2 
2 
6 
1 1863881270  
4 
3 
5 
4 
6 
5 
3 
2 
3 
1 1116391056  
5 
1 1378723956  
4 
6 
5 
1 491914078  
3 
3 
4 
4 
2 
6 
4 
3 
1 1742013618  
5 
3 
1 149101354  
6 
1 1704361184  
4 
3 
3 
5 
2 
3 
3 
5 
3 
4 
1 1159825790  
4 
3 
4 
5 
2 
2 
2 
3 
2 
6 
6 
2 
6 
2 
1 552602733  
4 
1 1817845968  
2 
3 
4 
2 
1 2058879121  
6 
5 
6 
3 
6 
4 
3 
2 
1 397672651  
4 
1 2019724740  
3 
3 
4 
4 
1 1602870566  
1 152890303  
3 
4 
1 598045331  
1 1720860832  
3 
3 
2 
6 
2 
2 
5 
2 
1 320507501  
6 
5 
4 
3 
1 681745415  
1 466674816  
2 
2 
1 514700654  
6 
3 
2 
2 
3 
2 
2 
1 1691684838  
4 
5 
2 
4 
3 
3 
1 1355165716  
5 
2 
5 
2 
6 
1 875744941  
3 
2 
5 
2 
6 
6 
3 
4 
6 
5 
3 
3 
2 
1 296147140  
4 
2 
2 
6 
5 
6 
5 
2 
6 
3 
3 
2 
1 1583239096  
6 
3 
2 
3 
6 
1 280032998  
6 
6 
5 
2 
3 
2 
3 
1 919004614  
1 331009506  
1 833012237  
1 805528675  
5 
6 
2 
1 47407128  
2 
1 1949403293  
4 
3 
3 
1 36768983  
4 
1 539321206  
4 
4 
3 
2 
6 
1 1543933263  
1 185870338  
4 
5 
6 
4 
3 
4 
4 
4 
1 96198743  
4 
6 
5 
1 556275406  
6 
1 738473071  
3 
6 
6 
4 
3 
3 
2 
5 
6 
4 
4 
3 
4 
5 
6 
6 
3 
4 
3 
1 1914044711  
5 
4 
5 
5 
3 
2 
5 
6 
4 
5 
6 
5 
2 
1 467670879  
1 1136145722  
2 
1 1786285803  
3 
3 
4 
4 
6 
1 2070541445  
2 
6 
3 
5 
2 
6 
2 
3 
5 
5 
3 
6 
1 1289036025  
1 236847487  
3 
3 
2 
5 
4 
2 
2 
6 
5 
6 
2 
4 
6 
4 
1 1643918629  
3 
1 1609543526  
5 
2 
1 918592902  
3 
2 
1 2110593445  
3 
2 
6 
2 
4 
6 
6 
6 
3 
2 
5 
2 
3 
3 
1 2124244181  
2 
5 
1 462794092  
4 
5 
1 1318275513  
5 
5 
2 
4 
2 
3 
1 852505474  
6 
3 
6 
3 
2 
4 
2 
6 
3 
2 
1 758941233  
6 
2 
6 
6 
2 
1 754030961  
6 
6 
5 
6 
1 1132538472  
3 
6 
5 
3 
5 
3 
5 
1 1677945847  
1 1085040468  
3 
5 
2 
5 
2 
6 
4 
1 1965550710  
6 
5 
2 
3 
2 
1 335990874  
3 
6 
6 
4 
2 
3 
3 
5 
2 
2 
1 1132447596  
2 
4 
5 
6 
4 
5 
1 1767470355  
5 
6 
6 
3 
3 
5 
6 
3 
4 
2 
2 
6 
2 
4 
1 372759858  
2 
4 
1 1671768803  
2 
6 
3 
5 
1 1163919971  
1 558630196  
5 
4 
3 
2 
4 
3 
4 
1 1767967546  
1 1720195377  
5 
4 
3 
6 
6 
3 
1 1297103267  
4 
1 1534528609  
5 
2 
3 
3 
2 
6 
3 
5 
1 40382608  
4 
5 
4 
5 
2 
6 
6 
2 
4 
3 
6 
2 
1 285765342  
2 
4 
6 
5 
1 1173330765  
1 2110924053  
2 
5 
1 1574801367  
1 1410178252  
2 
1 1607359034  
6 
3 
1 1036861246  
3 
1 181287506  
1 1570468831  
5 
5 
4 
3 
4 
1 1013621779  
1 644081598  
5 
5 
3 
4 
5 
4 
1 741260697  
5 
3 
5 
4 
6 
2 
6 
4 
4 
1 1866127253  
3 
4 
1 1403022831  
2 
6 
4 
4 
4 
2 
5 
2 
5 
6 
3 
6 
2 
4 
6 
4 
5 
2 
4 
5 
4 
5 
2 
2 
4 
6 
6 
1 1495291658  
1 851182077  
3 
5 
3 
4 
2 
2 
3 
1 933485030  
4 
2 
6 
1 432848478  
6 
3 
5 
4 
6 
6 
4 
3 
5 
5 
2 
6 
1 669249139  
2 
1 1269475905  
4 
6 
6 
1 1565296075  
2 
4 
2 
6 
6 
2 
1 289235847  
4 
5 
3 
1 1642235763  
6 
3 
4 
1 1089581230  
1 1453155818  
3 
6 
2 
2 
2 
6 
6 
3 
6 
3 
1 53382311  
1 710065128  
3 
2 
4 
6 
1 1025867547  
1 1350485578  
3 
5 
3 
1 97110089  
1 1066250155  
3 
3 
4 
3 
1 1636250920  
4 
1 1270440854  
4 
1 1029690560  
5 
5 
2 
4 
1 1063568640  
3 
1 533135458  
1 489565946  
2 
1 2100429886  
6 
3 
5 
3 
2 
1 714422964  
1 2060034777  
1 966568017  
1 1358504563  
5 
5 
2 
3 
1 653811826  
3 
6 
2 
6 
6 
1 685211622  
6 
2 
6 
6 
2 
4 
5 
4 
3 
4 
6 
6 
2 
1 614043746  
5 
6 
1 1619837  
6 
3 
6 
4 
5 
6 
4 
5 
6 
4 
6 
1 1536393699  
2 
2 
4 
2 
1 1547528777  
5 
5 
2 
6 
5 
2 
4 
3 
2 
2 
5 
4 
1 434468315  
3 
1 58159191  
5 
2 
1 669521034  
6 
4 
5 
1 1999764390  
1 347395038  
3 
1 164273149  
1 941861972  
5 
2 
6 
1 1800550856  
5 
1 217655460  
5 
1 1651927100  
5 
6 
5 
3 
6 
5 
3 
2 
2 
1 678934755  
4 
4 
4 
4 
1 1568141038  
1 1749037190  
6 
5 
2 
2 
5 
4 
2 
1 1745184910  
2 
3 
5 
4 
4 
2 
3 
3 
5 
3 
2 
1 1056908311  
2 
5 
4 
4 
4 
2 
1 871994396  
4 
3 
5 
5 
6 
6 
4 
1 627391822  
1 2120476951  
2 
1 1405129855  
6 
4 
3 
5 
6 
4 
5 
4 
3 
3 
3 
5 
5 
1 1116957768  
4 
2 
4 
5 
2 
3 
5 
1 2073423189  
6 
6 
5 
1 2119552819  
3 
5 
1 1029508897  
2 
1 892507558  
6 
5 
6 
1 1330573734  
3 
6 
4 
2 
6 
3 
5 
1 1683320724  
6 
3 
2 
2 
6 
4 
1 1577719180  
6 
3 
2 
1 1944617481  
1 1684940561  
6 
4 
5 
6 
6 
2 
2 
4 
5 
5 
3 
2 
1 966629231  
4 
5 
3 
2 
1 1344662610  
4 
6 
6 
3 
1 2119408876  
3 
2 
2 
3 
1 1024788422  
2 
6 
4 
3 
4 
3 
3 
5 
1 2014183644  
5 
2 
5 
6 
2 
6 
6 
2 
3 
2 
5 
1 1971689619  
5 
1 1372183460  
5 
6 
2 
2 
1 30973145  
6 
1 766067943  
3 
2 
1 1025250668  
3 
6 
4 
3 
2 
2 
4 
3 
5 
1 248628605  
3 
5 
6 
2 
4 
6 
4 
1 270511396  
1 1704185423  
5 
1 1816769643  
6 
6 
4 
3 
6 
1 2019548586  
5 
5 
3 
6 
5 
6 
1 1301886685  
1 726194306  
4 
4 
3 
4 
3 
5 
5 
2 
1 744059334  
3 
4 
4 
5 
3 
4 
2 
2 
3 
3 
5 
1 1929278507  
2 
4 
3 
5 
6 
5 
4 
2 
1 699187609  
4 
4 
1 1705541  
4 
1 898752627  
6 
4 
4 
3 
1 625127150  
2 
2 
1 2121258361  
1 1928261525  
4 
4 
1 1517634708  
1 1304348447  
2 
3 
3 
6 
4 
3 
2 
1 1464098601  
3 
5 
5 
4 
2 
6 
5 
1 947870240  
3 
1 1101482280  
3 
6 
6 
3 
2 
1 1001555514  
2 
1 1914499472  
2 
3 
5 
1 298661242  
3 
1 973480742  
4 
5 
1 791804246  
6 
2 
1 165361238  
3 
3 
6 
2 
6 
1 797686713  
5 
2 
2 
3 
6 
1 16504059  
6 
5 
4 
2 
6 
1 196334383  
1 1563754657  
2 
1 1041754727  
5 
6 
3 
3 
2 
5 
2 
2 
1 444962988  
6 
4 
6 
5 
5 
5 
2 
6 
4 
1 1834266053  
3 
6 
1 598456503  
4 
3 
5 
6 
5 
2 
6 
6 
2 
2 
6 
5 
2 
5 
4 
3 
5 
2 
6 
6 
4 
2 
4 
6 
1 114248984  
3 
2 
2 
6 
2 
2 
2 
3 
2 
3 
1 1706330991  
4 
2 
2 
4 
4 
1 1900343188  
4 
3 
3 
1 840443290  
1 302906677  
3 
4 
3 
5 
2 
1 1682138048  
4 
6 
5 
2 
1 1539630900  
5 
5 
5 
4 
4 
6 
5 
1 304612219  
4 
6 
1 433407027  
4 
1 17274402  
6 
6 
2 
4 
3 
3 
5 
3 
1 278386932  
2 
2 
4 
5 
1 214184904  
3 
6 
2 
5 
2 
5 
5 
1 1534909111  
6 
3 
1 1582735379  
4 
1 1678283505  
2 
5 
2 
6 
6 
3 
1 335295703  
2 
5 
2 
4 
5 
1 536734012  
3 
1 532355371  
1 102311527  
4 
2 
4 
5 
5 
2 
3 
3 
5 
2 
6 
5 
5 
6 
3 
5 
6 
6 
2 
4 
2 
4 
4 
4 
6 
1 835395254  
2 
6 
6 
4 
5 
6 
5 
4 
6 
5 
4 
6 
1 1505836114  
1 894115774  
2 
1 1000756493  
2 
4 
1 156039179  
6 
1 910619833  
1 1197090876  
1 1719793836  
2 
5 
1 1952374560  
5 
2 
2 
5 
2 
2 
5 
1 1642053865  
3 
3 
6 
5 
3 
4 
1 1406576241  
3 
6 
1 403347415  
2 
1 1756302849  
6 
4 
3 
5 
6 
2 
1 965423584  
3 
2 
6 
6 
2 
4 
4 
2 
4 
5 
3 
1 156206956  
5 
2 
3 
2 
3 
2 
6 
1 449262491  
1 1268330262  
1 1838345004  
5 
1 1988893391  
4 
1 1572942481  
4 
6 
4 
4 
6 
3 
5 
5 
3 
5 
6 
3 
3 
6 
2 
6 
1 124268383  
6 
5 
1 2006167794  
5 
6 
4 
5 
1 1851329413  
3 
4 
1 338453288  
5 
5 
5 
3 
2 
1 1393593257  
3 
2 
1 1286581144  
1 2016736793  
5 
2 
3 
1 1728888960  
5 
4 
4 
1 1823315156  
1 401608517  
1 1831200488  
1 511226763  
5 
6 
3 
5 
2 
3 
2 
3 
5 
1 1907444631  
4 
5 
3 
5 
5 
3 
5 
5 
4 
6 
6 
4 
1 577832614  
3 
3 
1 1511983256  
3 
1 2063483810  
1 1488452447  
1 561590484  
2 
4 
5 
1 1635793999  
2 
1 1293343359  
3 
3 
6 
2 
6 
4 
2 
3 
2 
2 
6 
1 56160701  
6 
5 
4 
1 894886592  
4 
4 
6 
6 
5 
5 
6 
4 
1 1696690775  
3 
2 
2 
4 
6 
5 
6 
4 
1 1812463550  
2 
1 1860310177  
4 
2 
4 
1 1852897731  
4 
6 
1 114242394  
3 
1 981156791  
3 
3 
1 1543759087  
5 
1 2103135785  
5 
2 
2 
1 406615624  
6 
1 1668027470  
2 
5 
2 
2 
5 
4 
2 
1 1961819931  
5 
1 110461389  
1 2006480758  
6 
4 
4 
6 
5 
6 
1 1207929540  
5 
6 
2 
1 1397042533  
4 
1 1875733904  
4 
5 
4 
1 789334853  
5 
1 1072874042  
3 
2 
1 129858773  
3 
4 
2 
5 
4 
3 
2 
2 
6 
6 
6 
6 
5 
1 473051693  
3 
5 
5 
6 
5 
5 
3 
3 
3 
5 
3 
2 
4 
4 
2 
1 1584100805  
1 2037303404  
1 1050884307  
4 
4 
2 
5 
5 
3 
1 948600413  
6 
4 
3 
1 1953303566  
5 
1 391853106  
1 1510190897  
2 
1 1441613917  
1 1685196465  
6 
6 
1 1566351599  
6 
5 
2 
5 
4 
5 
4 
1 189016862  
3 
6 
6 
3 
6 
6 
4 
5 
3 
5 
3 
4 
1 1234403592  
1 1231331501  
5 
4 
5 
2 
5 
6 
5 
2 
5 
6 
6 
4 
6 
6 
1 2049327039  
1 939817675  
2 
5 
5 
2 
3 
6 
4 
1 1345573895  
2 
3 
3 
2 
6 
4 
5 
6 
2 
5 
3 
1 883000182  
3 
2 
2 
1 336093114  
4 
1 1301226033  
3 
6 
4 
4 
5 
4 
5 
1 1289615806  
4 
2 
2 
6 
5 
4 
5 
2 
6 
3 
2 
3 
3 
4 
5 
3 
1 2004120585  
6 
6 
5 
4 
6 
6 
1 1115562316  
2 
4 
6 
4 
2 
5 
5 
2 
5 
4 
1 1400077195  
6 
2 
2 
5 
6 
6 
6 
4 
1 1863117695  
4 
3 
3 
1 176008209  
3 
5 
4 
5 
2 
5 
2 
3 
5 
1 649636080  
4 
4 
3 
6 
3 
5 
2 
3 
6 
6 
1 1591367951  
5 
1 965343062  
5 
5 
4 
2 
6 
6 
2 
6 
4 
1 1722510122  
1 1721226724  
4 
3 
4 
5 
6 
4 
3 
6 
5 
2 
2 
5 
5 
3 
4 
4 
1 1438394755  
5 
6 
2 
1 1159127279  
2 
2 
2 
1 1611046480  
3 
3 
2 
5 
5 
1 341795414  
2 
4 
5 
2 
4 
4 
6 
6 
2 
3 
3 
5 
5 
2 
2 
4 
4 
6 
5 
4 
3 
2 
2 
2 
6 
6 
4 
4 
5 
2 
1 2107727692  
2 
4 
1 1416866399  
3 
5 
2 
3 
3 
3 
5 
5 
6 
3 
6 
6 
4 
4 
3 
3 
5 
2 
6 
3 
4 
4 
4 
4 
4 
3 
3 
3 
5 
4 
6 
3 
3 
6 
6 
4 
2 
6 
6 
1 733648520  
5 
3 
6 
4 
6 
1 1470434942  
4 
4 
2 
6 
1 710996668  
1 271361337  
3 
1 889302893  
6 
3 
5 
1 900013530  
4 
3 
5 
2 
1 1505764930  
1 2120634394  
2 
6 
2 
1 801856921  
4 
2 
5 
2 
4 
5 
4 
6 
2 
3 
4 
5 
3 
1 298098957  
1 1318724642  
1 1684857103  
3 
4 
2 
2 
3 
6 
3 
1 634192072  
2 
1 472467027  
1 826989261  
3 
6 
3 
6 
4 
6 
1 490829009  
6 
1 1588029343  
1 79582808  
6 
6 
2 
4 
5 
4 
4 
5 
4 
1 206463056  
1 1764037552  
3 
4 
1 729218889  
6 
3 
3 
3 
2 
3 
5 
4 
4 
6 
5 
6 
4 
2 
2 
4 
3 
4 
5 
4 
6 
1 1797831008  
2 
3 
3 
3 
6 
4 
2 
5 
2 
4 
4 
5 
2 
5 
4 
4 
1 581896966  
6 
3 
6 
3 
4 
6 
4 
1 304245363  
5 
5 
3 
5 
2 
1 1371574084  
5 
5 
5 
2 
2 
3 
1 2020291721  
4 
4 
2 
4 
5 
2 
4 
5 
1 1463372643  
6 
5 
2 
5 
4 
3 
2 
1 835136917  
5 
4 
1 214603487  
5 
2 
6 
5 
1 1423616687  
3 
4 
1 104519668  
2 
2 
5 
1 948252007  
3 
4 
2 
3 
1 746567981  
3 
3 
6 
3 
1 815516336  
1 1219613345  
1 1635870874  
3 
2 
3 
3 
6 
5 
3 
2 
3 
6 
4 
3 
3 
4 
3 
2 
6 
2 
1 1715529867  
1 577894627  
3 
4 
4 
1 1609021621  
1 369903140  
4 
1 875993584  
4 
1 780262615  
4 
2 
2 
1 2054760244  
5 
6 
5 
3 
4 
2 
4 
3 
4 
6 
2 
3 
1 1510185656  
1 1252729642  
6 
5 
1 734265857  
3 
3 
5 
1 2001014665  
5 
1 693275337  
4 
2 
2 
4 
2 
4 
4 
3 
3 
1 813848666  
5 
6 
1 59994074  
4 
2 
5 
5 
2 
1 309829242  
1 1543067555  
1 1857825082  
6 
3 
4 
4 
6 
4 
4 
1 891726208  
3 
3 
6 
5 
5 
1 1847312918  
2 
1 1081915518  
4 
1 764534282  
1 1163201913  
2 
3 
4 
5 
3 
5 
2 
5 
6 
1 1917052435  
2 
4 
5 
3 
3 
3 
2 
2 
5 
1 979137769  
1 439334953  
4 
3 
1 2021572103  
4 
3 
5 
1 1927389777  
6 
2 
4 
6 
1 1185902934  
6 
2 
6 
6 
4 
5 
4 
4 
6 
5 
6 
6 
2 
2 
6 
3 
3 
3 
5 
5 
4 
1 689604792  
4 
1 999519474  
3 
1 674290161  
5 
3 
5 
6 
1 257651011  
1 1577414101  
5 
4 
4 
2 
4 
3 
6 
4 
2 
4 
4 
1 135828134  
5 
6 
4 
2 
2 
6 
6 
6 
1 627554151  
3 
1 305924037  
2 
3 
4 
2 
6 
4 
2 
4 
2 
1 916090749  
6 
1 534830747  
4 
4 
5 
2 
5 
6 
1 1816109694  
6 
2 
1 21336743  
5 
6 
6 
2 
4 
5 
2 
1 1269096605  
5 
4 
4 
1 1669640711  
5 
6 
2 
2 
4 
4 
3 
1 714612080  
1 2082945271  
1 1729634785  
1 1024441322  
3 
3 
3 
2 
5 
3 
5 
5 
5 
6 
3 
5 
6 
6 
5 
2 
4 
1 1478529178  
5 
1 1439976219  
4 
5 
3 
4 
3 
2 
3 
2 
5 
2 
3 
4 
5 
4 
3 
2 
2 
3 
4 
1 1916167531  
6 
1 1178358448  
3 
6 
1 374408090  
5 
6 
4 
1 533218165  
6 
6 
4 
4 
1 194076714  
4 
2 
5 
6 
5 
4 
3 
2 
4 
3 
1 143976877  
4 
6 
4 
1 1512355934  
6 
5 
1 633411667  
5 
3 
3 
2 
6 
6 
1 18065333  
5 
5 
6 
3 
5 
4 
6 
3 
5 
1 1292262063  
2 
2 
6 
6 
1 1819314601  
5 
2 
1 707670125  
2 
4 
3 
5 
1 144297889  
6 
1 346121114  
1 965321136  
5 
5 
5 
2 
2 
3 
4 
2 
4 
4 
5 
1 1721711990  
2 
6 
1 481949248  
3 
4 
1 1592875287  
4 
2 
1 2027636028  
2 
2 
6 
2 
4 
4 
1 1398039997  
5 
2 
2 
4 
5 
5 
5 
3 
2 
4 
1 2127706035  
6 
3 
5 
4 
5 
1 1696262074  
1 1419376740  
4 
3 
2 
5 
5 
4 
5 
1 1249318992  
2 
3 
2 
3 
3 
4 
6 
4 
6 
6 
2 
3 
5 
2 
4 
3 
1 1218419137  
6 
1 2133988821  
4 
3 
4 
3 
6 
6 
5 
5 
2 
5 
3 
3 
6 
1 1184780615  
4 
3 
6 
3 
6 
4 
4 
3 
4 
4 
4 
6 
4 
6 
1 800570275  
4 
5 
2 
5 
1 1010946495  
5 
1 515826145  
6 
3 
1 93062846  
6 
4 
1 779630378  
6 
3 
5 
1 1694184593  
5 
5 
2 
5 
4 
5 
3 
6 
1 467470936  
2 
2 
3 
3 
4 
6 
5 
1 1312848543  
3 
2 
5 
6 
6 
1 1888261307  
3 
5 
6 
5 
3 
6 
2 
1 611447814  
1 677720830  
2 
1 374189326  
2 
2 
1 629513147  
1 1969982893  
6 
5 
4 
2 
6 
6 
2 
1 46020280  
6 
2 
4 
5 
2 
4 
6 
3 
1 1337183272  
5 
6 
1 2114280783  
3 
6 
3 
6 
3 
3 
1 392141394  
5 
1 155020760  
1 1688509125  
2 
5 
6 
1 874090643  
2 
1 1747896047  
1 1568661505  
3 
1 124646992  
2 
1 1728118434  
1 1117439931  
4 
5 
1 1544023733  
3 
6 
4 
5 
6 
6 
6 
3 
5 
2 
2 
5 
6 
4 
1 829953778  
2 
2 
3 
2 
6 
1 188375421  
4 
6 
2 
5 
2 
4 
6 
2 
6 
5 
4 
6 
6 
6 
6 
6 
5 
6 
3 
3 
1 1530528906  
6 
6 
6 
6 
2 
2 
3 
3 
1 2014734393  
3 
1 988945696  
4 
3 
3 
6 
1 393991753  
6 
4 
5 
5 
5 
6 
5 
5 
2 
2 
2 
1 383076890  
2 
3 
4 
5 
5 
5 
6 
6 
1 1082008542  
3 
3 
6 
6 
4 
5 
2 
2 
5 
5 
4 
3 
3 
1 1173622132  
3 
5 
3 
3 
3 
2 
1 2077261484  
5 
2 
6 
3 
6 
1 1549479479  
1 338987027  
1 1818039143  
6 
5 
2 
2 
3 
3 
2 
3 
3 
1 13443645  
2 
5 
1 1016707857  
2 
1 44744822  
1 642956792  
4 
4 
5 
6 
1 839207103  
2 
6 
3 
3 
6 
6 
6 
1 90765102  
3 
6 
3 
6 
2 
6 
3 
2 
5 
2 
3 
1 1980140064  
1 806004238  
5 
5 
1 482906496  
5 
2 
3 
2 
1 2135160824  
3 
4 
5 
1 347029715  
6 
5 
1 1356997139  
3 
5 
2 
4 
3 
4 
3 
2 
6 
2 
4 
5 
2 
3 
1 1735573223  
4 
1 1915691221  
1 1481644132  
1 1316208010  
1 885647504  
1 878184217  
1 2146161788  
6 
5 
3 
5 
6 
3 
2 
1 1074022925  
2 
6 
3 
2 
1 261229475  
5 
6 
5 
3 
3 
6 
6 
5 
3 
3 
3 
5 
3 
3 
1 2013412534  
6 
6 
1 2062968621  
3 
5 
5 
5 
3 
4 
6 
6 
4 
3 
2 
2 
5 
1 655221228  
1 249005776  
6 
2 
2 
4 
2 
2 
5 
2 
3 
4 
3 
4 
1 997493516  
6 
3 
6 
2 
6 
1 1828843360  
2 
3 
4 
6 
1 178783612  
5 
3 
4 
2 
2 
6 
3 
5 
6 
4 
3 
4 
1 399489347  
5 
1 20346740  
2 
4 
6 
5 
1 1996822756  
2 
3 
5 
4 
5 
1 412932992  
3 
4 
6 
4 
5 
3 
2 
4 
4 
6 
3 
2 
2 
1 1037054597  
2 
3 
5 
6 
1 2041567578  
4 
6 
1 1055889784  
4 
3 
4 
6 
4 
6 
1 1876261700  
2 
4 
5 
5 
2 
1 2132332680  
6 
6 
1 888546200  
1 534782290  
6 
5 
6 
1 467755528  
5 
5 
5 
2 
4 
1 876223376  
5 
4 
6 
2 
3 
5 
6 
6 
6 
4 
5 
3 
5 
6 
3 
5 
5 
5 
1 881812006  
1 1824752668  
5 
5 
3 
6 
6 
2 
6 
2 
3 
3 
5 
6 
5 
6 
1 464312951  
3 
4 
5 
1 650019579  
1 1158913152  
2 
2 
1 1780520961  
3 
2 
1 1535667083  
1 2037097369  
4 
4 
2 
1 1779199102  
2 
5 
4 
1 462206361  
3 
4 
3 
1 150843196  
1 1645127988  
5 
6 
2 
2 
5 
3 
4 
6 
6 
6 
3 
1 377691334  
2 
6 
2 
3 
3 
4 
6 
5 
6 
1 806064424  
2 
1 1894133764  
5 
2 
4 
5 
1 1375184850  
2 
5 
2 
1 487424137  
6 
1 2072917377  
3 
5 
4 
6 
1 1774674197  
1 507770877  
2 
3 
5 
4 
5 
6 
6 
4 
2 
5 
3 
4 
4 
2 
5 
1 1922256485  
3 
2 
1 40123541  
2 
6 
6 
4 
6 
3 
1 1544825474  
3 
6 
4 
5 
5 
3 
5 
3 
6 
5 
1 1816340415  
5 
4 
4 
5 
4 
4 
1 1096013325  
5 
2 
4 
3 
4 
4 
6 
1 1273603527  
6 
2 
2 
6 
6 
6 
3 
6 
4 
3 
2 
6 
2 
1 1801189447  
6 
2 
6 
4 
1 1984559525  
3 
6 
3 
3 
3 
4 
2 
3 
6 
6 
5 
4 
1 1808385817  
1 121461327  
2 
5 
5 
6 
1 713299253  
1 542714175  
2 
4 
1 1946213995  
6 
3 
1 1177612205  
4 
6 
4 
4 
6 
4 
5 
6 
2 
1 1192733754  
6 
4 
1 957643499  
4 
1 810649518  
1 580917190  
6 
2 
4 
2 
6 
4 
2 
3 
5 
3 
3 
4 
4 
2 
2 
5 
5 
3 
3 
4 
5 
5 
3 
6 
2 
3 
2 
5 
6 
3 
2 
6 
2 
3 
5 
5 
3 
1 847257220  
3 
6 
3 
4 
3 
3 
5 
1 442364972  
6 
5 
2 
5 
2 
6 
4 
2 
2 
3 
5 
3 
3 
3 
3 
2 
2 
5 
4 
6 
6 
5 
1 1043123551  
1 998100416  
3 
6 
3 
4 
2 
1 2087492960  
6 
2 
5 
6 
3 
2 
3 
3 
5 
5 
1 1420814885  
5 
1 1804164841  
6 
1 1834143077  
1 648516088  
1 144105330  
1 1759576806  
4 
6 
5 
1 275706637  
1 651876207  
6 
2 
1 1534349643  
4 
5 
1 315830179  
2 
3 
3 
6 
2 
3 
3 
4 
5 
6 
4 
3 
6 
1 49218033  
4 
1 1203206410  
6 
4 
1 1411843504  
5 
3 
1 1322821560  
5 
4 
6 
2 
3 
5 
1 856912209  
2 
2 
4 
1 1248919382  
6 
6 
2 
4 
6 
2 
5 
4 
6 
5 
4 
6 
2 
5 
2 
4 
3 
2 
5 
3 
5 
1 983723730  
3 
6 
4 
6 
1 978373536  
6 
2 
2 
5 
5 
2 
6 
3 
2 
2 
6 
3 
2 
6 
2 
4 
5 
2 
4 
5 
4 
4 
1 1962218635  
6 
5 
5 
4 
5 
4 
6 
5 
3 
5 
3 
2 
5 
4 
3 
1 1526437905  
3 
4 
5 
1 777103884  
3 
5 
3 
1 992347192  
3 
1 571688012  
2 
4 
1 1734747383  
2 
5 
2 
4 
1 1802996711  
2 
5 
2 
3 
3 
6 
6 
3 
1 1152605202  
5 
6 
6 
6 
3 
1 434520956  
6 
1 97878035  
6 
1 48245105  
5 
3 
2 
5 
3 
4 
6 
6 
6 
5 
5 
6 
2 
4 
4 
2 
3 
1 1432621372  
4 
6 
4 
4 
4 
3 
2 
3 
6 
1 37887348  
1 1469059990  
1 1089302565  
1 1872030425  
1 2117576078  
6 
4 
1 1233407895  
1 1484123583  
3 
6 
1 245799068  
6 
2 
6 
4 
6 
3 
2 
5 
3 
2 
5 
6 
5 
3 
3 
6 
2 
1 1885284102  
4 
6 
2 
6 
3 
4 
4 
4 
1 870989578  
3 
6 
2 
3 
6 
4 
6 
1 561629247  
4 
3 
1 1934502136  
5 
1 2074195988  
1 1973472751  
5 
6 
5 
3 
6 
3 
6 
4 
2 
1 1109840048  
6 
2 
1 783624549  
6 
6 
2 
4 
1 1074908485  
5 
1 2093563778  
4 
6 
1 1761998085  
6 
3 
4 
6 
6 
2 
1 889643473  
5 
5 
2 
3 
2 
5 
2 
6 
3 
4 
5 
5 
5 
3 
5 
2 
3 
5 
3 
1 1472518036  
1 391618321  
3 
5 
1 1881990665  
4 
5 
6 
2 
4 
5 
1 2044206048  
4 
6 
3 
5 
5 
1 2126365705  
5 
1 1537503728  
1 1049327602  
5 
6 
4 
4 
2 
5 
3 
2 
4 
3 
2 
5 
4 
6 
3 
3 
4 
3 
2 
5 
6 
3 
3 
4 
1 413403013  
5 
3 
4 
6 
4 
4 
4 
3 
4 
4 
4 
3 
1 1635381764  
6 
6 
1 1097572707  
1 1846024385  
3 
1 1673269112  
4 
5 
2 
2 
6 
6 
3 
4 
6 
5 
4 
5 
6 
3 
4 
6 
3 
4 
5 
1 419149049  
1 787843303  
5 
1 1397815889  
1 389241480  
4 
3 
5 
1 2021251198  
4 
2 
3 
5 
2 
2 
4 
3 
5 
6 
4 
3 
6 
6 
1 734455824  
2 
4 
1 635040548  
4 
4 
3 
4 
4 
6 
1 1759051653  
1 1605445402  
4 
1 1196669795  
5 
2 
3 
5 
1 1546070141  
5 
5 
5 
2 
5 
2 
6 
4 
1 1532157742  
3 
5 
4 
2 
6 
1 1022658898  
6 
1 508426541  
1 168298643  
2 
2 
1 2097567384  
2 
5 
2 
5 
1 454506672  
4 
2 
2 
6 
6 
2 
3 
1 1930296728  
1 839727209  
1 1927024708  
2 
6 
1 174431402  
5 
1 574234226  
6 
5 
3 
5 
5 
6 
4 
5 
2 
5 
2 
1 1823747108  
6 
1 153313459  
4 
5 
5 
3 
6 
6 
6 
2 
2 
1 2111737955  
6 
1 725591062  
2 
4 
5 
2 
6 
2 
5 
5 
1 566716472  
5 
4 
1 1599636071  
1 1823163769  
2 
5 
6 
2 
4 
4 
4 
5 
1 265257209  
6 
3 
1 1125421535  
1 94829170  
5 
1 1053100512  
2 
5 
1 375753776  
1 484070650  
3 
5 
6 
1 926868063  
1 1110209600  
2 
3 
5 
6 
2 
1 1119111198  
3 
1 538436068  
6 
4 
5 
2 
6 
4 
5 
2 
5 
2 
5 
3 
1 568171354  
4 
5 
2 
3 
4 
5 
6 
4 
2 
3 
1 168297345  
4 
6 
3 
1 2084506209  
6 
2 
4 
5 
1 2100329096  
6 
6 
6 
4 
6 
6 
1 1190956244  
6 
1 445449102  
6 
6 
4 
6 
2 
1 121144091  
4 
4 
1 1141039980  
2 
6 
5 
6 
2 
1 899955774  
2 
6 
2 
6 
3 
5 
3 
6 
6 
6 
2 
6 
3 
5 
2 
1 2051440819  
1 1980767189  
3 
2 
4 
5 
5 
3 
5 
4 
4 
1 679496834  
1 78388573  
5 
1 407517767  
5 
2 
2 
1 355760294  
3 
2 
3 
2 
1 231702032  
1 371772074  
1 1081351356  
5 
3 
2 
5 
1 798418504  
1 1971408145  
4 
1 757031477  
3 
5 
6 
1 1063675714  
4 
6 
6 
4 
3 
4 
5 
3 
2 
3 
4 
5 
4 
6 
2 
5 
3 
1 949346032  
1 851860648  
3 
5 
5 
2 
3 
4 
2 
4 
6 
6 
1 2116776226  
4 
5 
4 
4 
6 
4 
3 
3 
4 
6 
2 
2 
2 
6 
5 
4 
4 
5 
2 
6 
5 
5 
2 
6 
2 
4 
3 
5 
1 1325099808  
3 
2 
4 
1 1335931298  
2 
6 
5 
1 896160641  
6 
1 287825760  
5 
5 
3 
2 
4 
1 307558849  
5 
4 
4 
3 
5 
5 
1 1434596709  
4 
2 
3 
3 
3 
4 
6 
6 
2 
2 
6 
6 
1 855997114  
5 
2 
6 
3 
5 
2 
1 475856194  
6 
6 
4 
1 1371619270  
6 
3 
6 
1 808842562  
1 1666812438  
1 1817068373  
5 
5 
4 
6 
4 
6 
3 
3 
4 
4 
4 
3 
4 
5 
2 
4 
2 
4 
2 
1 929986653  
2 
6 
5 
4 
6 
4 
2 
5 
3 
4 
5 
5 
2 
4 
4 
6 
4 
3 
1 660368770  
3 
1 569540499  
3 
6 
1 833943825  
5 
5 
3 
3 
3 
4 
3 
2 
3 
4 
6 
6 
5 
3 
6 
5 
4 
6 
1 493652311  
5 
4 
3 
6 
5 
4 
4 
4 
4 
6 
2 
1 1249037334  
1 912332398  
1 901170079  
1 1604797628  
2 
4 
5 
4 
2 
3 
4 
3 
4 
4 
3 
2 
6 
5 
2 
4 
1 1144034431  
1 1272942153  
3 
6 
5 
4 
2 
1 538665337  
5 
1 1942452935  
5 
1 1096866651  
4 
5 
5 
2 
5 
4 
5 
1 1295696814  
2 
5 
4 
5 
5 
2 
6 
5 
5 
4 
3 
1 858645001  
1 2046212683  
5 
3 
3 
5 
1 73814  
2 
2 
4 
2 
5 
3 
1 827937580  
3 
3 
3 
2 
6 
5 
5 
1 1223828844  
1 1336005113  
4 
2 
6 
5 
3 
1 1724098221  
4 
2 
2 
4 
6 
3 
4 
1 1511654604  
5 
6 
5 
2 
5 
4 
4 
6 
3 
3 
2 
4 
6 
6 
1 1643563962  
1 1011211283  
1 220168071  
4 
3 
6 
5 
6 
4 
3 
6 
6 
4 
5 
2 
2 
4 
3 
6 
3 
4 
1 2119420156  
2 
4 
2 
5 
2 
6 
5 
1 235346905  
6 
4 
3 
1 1029010633  
5 
6 
5 
4 
3 
5 
1 1638748947  
1 2052415278  
3 
2 
3 
2 
5 
5 
3 
5 
1 1958997287  
5 
3 
1 151634069  
3 
1 474472130  
2 
5 
6 
2 
4 
2 
4 
5 
2 
4 
5 
5 
6 
4 
6 
4 
1 645457464  
3 
2 
2 
6 
5 
3 
2 
5 
6 
5 
1 645286381  
4 
6 
3 
3 
3 
4 
4 
1 1723509464  
1 1557789862  
4 
6 
3 
6 
1 1546456460  
2 
2 
6 
2 
5 
5 
5 
1 1180823444  
4 
6 
2 
2 
4 
6 
5 
1 554340645  
6 
5 
3 
2 
3 
2 
2 
6 
1 671914965  
1 1719488781  
5 
6 
3 
4 
3 
6 
5 
3 
2 
3 
4 
6 
6 
2 
2 
5 
3 
4 
2 
2 
3 
6 
4 
6 
5 
2 
6 
6 
4 
5 
5 
3 
3 
4 
4 
6 
1 349309933  
4 
6 
6 
3 
6 
4 
1 1768781616  
5 
5 
6 
4 
6 
5 
6 
3 
5 
1 867701948  
1 1207954934  
4 
5 
1 1667510652  
6 
5 
6 
3 
6 
4 
1 867775762  
2 
5 
3 
5 
2 
2 
4 
2 
5 
4 
6 
1 2035892514  
5 
2 
2 
1 743855848  
2 
6 
3 
6 
4 
3 
4 
6 
2 
1 56297227  
1 1612507088  
4 
6 
5 
1 108026804  
4 
6 
6 
3 
1 1699861189  
1 476234723  
5 
1 328194875  
6 
3 
4 
1 1671797698  
1 711581628  
6 
2 
5 
2 
3 
6 
1 1357205509  
6 
6 
1 1163062997  
1 616513259  
3 
1 1168719148  
6 
5 
4 
6 
1 1314697066  
6 
3 
6 
4 
1 1090985389  
5 
2 
1 1814176612  
6 
1 1959983447  
4 
5 
1 667011205  
1 1224482826  
3 
4 
3 
2 
4 
5 
6 
6 
2 
1 1358956259  
4 
1 1847834649  
5 
1 1778823472  
6 
5 
2 
6 
4 
4 
5 
3 
3 
2 
3 
4 
5 
5 
6 
2 
4 
3 
5 
1 2030871225  
2 
6 
6 
3 
3 
4 
3 
1 1419839783  
6 
5 
1 2128133405  
6 
4 
3 
4 
1 1652169193  
2 
6 
6 
3 
2 
5 
2 
4 
6 
2 
2 
4 
6 
4 
3 
1 140058083  
2 
3 
3 
5 
5 
3 
2 
6 
3 
2 
5 
1 1188604691  
6 
5 
6 
2 
3 
4 
1 1172196197  
6 
2 
4 
3 
5 
4 
2 
1 1007833845  
2 
3 
6 
6 
6 
6 
6 
2 
4 
1 1077013558  
6 
1 1916052045  
2 
5 
3 
4 
4 
4 
4 
6 
5 
2 
5 
4 
1 1064131073  
5 
6 
3 
1 542036998  
2 
6 
6 
2 
2 
6 
1 2024078850  
6 
3 
6 
3 
2 
6 
6 
1 616508614  
3 
2 
3 
6 
6 
6 
4 
2 
5 
3 
1 1018271721  
2 
5 
5 
2 
4 
6 
1 204790077  
3 
2 
4 
5 
1 140822664  
3 
4 
5 
2 
4 
3 
4 
4 
5 
2 
4 
1 1729853349  
1 1561995586  
2 
1 1303885661  
3 
5 
1 198882960  
5 
5 
5 
3 
1 583231086  
1 471099080  
5 
4 
4 
2 
3 
1 1289868349  
3 
4 
4 
1 249924050  
6 
1 283598879  
3 
2 
6 
5 
1 1956879554  
6 
4 
5 
3 
2 
5 
1 1474406877  
4 
1 1642555139  
1 1657230556  
1 1105746701  
5 
6 
4 
5 
2 
6 
1 1525942716  
2 
2 
4 
4 
2 
2 
6 
4 
5 
1 929586691  
5 
5 
3 
2 
6 
5 
2 
2 
4 
2 
2 
5 
3 
5 
1 1086396458  
5 
1 1030628261  
4 
1 1069644774  
5 
4 
5 
2 
2 
5 
6 
4 
5 
4 
4 
3 
5 
3 
6 
6 
4 
4 
5 
2 
4 
1 127517501  
1 55340811  
3 
6 
2 
2 
5 
6 
2 
3 
6 
3 
1 2077478619  
4 
6 
4 
4 
2 
6 
3 
3 
4 
2 
3 
1 1204531059  
3 
1 1971392856  
1 994126044  
4 
1 1746568057  
5 
2 
4 
6 
2 
6 
5 
1 1847988058  
6 
2 
1 1610634659  
1 617356130  
6 
5 
4 
5 
2 
6 
6 
5 
5 
2 
4 
2 
6 
6 
3 
2 
1 2052778136  
5 
3 
6 
2 
4 
1 1751457323  
4 
2 
4 
1 199725832  
4 
6 
5 
6 
2 
6 
3 
6 
1 1467290074  
5 
6 
3 
5 
5 
2 
6 
3 
6 
6 
1 907859337  
5 
3 
6 
3 
3 
2 
6 
3 
3 
6 
5 
5 
4 
4 
4 
6 
1 398608792  
2 
6 
1 2050521161  
4 
4 
5 
3 
4 
5 
6 
3 
3 
3 
1 1378958417  
1 1688477142  
6 
3 
1 152961563  
6 
3 
6 
3 
5 
6 
2 
1 1662557296  
5 
4 
6 
2 
4 
3 
5 
2 
1 1497873048  
4 
4 
2 
1 1627368440  
5 
2 
3 
3 
2 
1 1157628787  
4 
5 
2 
3 
2 
3 
4 
6 
6 
5 
4 
3 
3 
3 
1 1007619956  
4 
5 
5 
6 
5 
3 
5 
5 
6 
2 
2 
5 
4 
2 
4 
5 
2 
1 585631493  
5 
1 536087855  
6 
4 
1 1937206647  
6 
1 1672027951  
4 
3 
3 
4 
4 
5 
1 1566716117  
3 
5 
5 
3 
6 
5 
2 
4 
6 
2 
2 
2 
5 
4 
2 
5 
4 
4 
3 
2 
4 
5 
2 
2 
2 
3 
4 
3 
4 
5 
3 
4 
2 
6 
4 
4 
1 859367773  
4 
3 
2 
5 
1 1799545453  
2 
3 
6 
4 
4 
2 
6 
2 
2 
2 
6 
1 1622056928  
5 
6 
6 
4 
3 
3 
4 
4 
6 
5 
1 789362745  
1 856592864  
4 
1 1445966136  
3 
2 
1 1783488789  
2 
6 
4 
3 
6 
4 
6 
6 
3 
2 
4 
6 
2 
2 
2 
6 
6 
4 
4 
1 455677274  
3 
3 
4 
6 
5 
4 
4 
5 
3 
6 
2 
3 
3 
1 1146470547  
3 
6 
2 
1 1246639800  
2 
2 
2 
6 
2 
6 
3 
1 1073033404  
3 
3 
4 
4 
1 1051765035  
2 
2 
2 
5 
2 
6 
2 
6 
2 
2 
6 
4 
3 
2 
5 
6 
2 
3 
4 
6 
2 
6 
2 
2 
5 
5 
6 
2 
4 
5 
2 
5 
3 
5 
1 850613476  
6 
1 1272759236  
3 
3 
5 
2 
2 
5 
1 371571461  
3 
2 
6 
1 1758472813  
3 
3 
4 
4 
6 
5 
6 
2 
2 
1 1671368029  
3 
4 
2 
4 
4 
3 
6 
1 274608974  
6 
4 
4 
6 
3 
5 
5 
4 
1 989947582  
3 
5 
2 
2 
4 
2 
4 
2 
4 
1 1212361523  
6 
1 427570538  
4 
6 
4 
2 
1 505021230  
3 
6 
5 
4 
1 562750923  
3 
4 
1 2054938978  
4 
1 1662650018  
6 
3 
6 
5 
6 
1 1570370880  
2 
6 
2 
1 493086824  
3 
1 51254225  
6 
5 
2 
6 
4 
5 
6 
1 1360093879  
6 
1 17631127  
4 
3 
5 
6 
3 
5 
1 1617970342  
5 
6 
1 71978005  
3 
4 
3 
5 
5 
3 
1 1817176580  
5 
6 
1 1092543622  
2 
6 
5 
6 
3 
6 
6 
2 
4 
1 861340750  
5 
5 
2 
4 
4 
5 
2 
1 526285797  
6 
2 
6 
2 
1 391026111  
3 
3 
3 
1 497345891  
6 
4 
2 
5 
5 
2 
1 981963071  
1 1537496658  
1 1743985692  
6 
2 
5 
2 
5 
1 2054996475  
3 
2 
5 
2 
3 
5 
1 441778045  
5 
2 
5 
4 
4 
5 
6 
6 
4 
4 
2 
5 
1 447115520  
2 
6 
6 
6 
6 
5 
6 
1 1180272064  
5 
1 813349506  
6 
6 
1 58104685  
6 
4 
1 704156445  
1 1087958481  
5 
3 
5 
1 1048052267  
1 1916517968  
6 
1 1515529019  
3 
5 
6 
3 
1 1553073497  
2 
5 
2 
5 
4 
5 
4 
4 
5 
5 
4 
6 
6 
4 
6 
3 
3 
5 
6 
5 
3 
1 331785243  
2 
5 
6 
3 
2 
1 1422984349  
4 
6 
5 
1 1068239867  
3 
3 
5 
4 
5 
5 
4 
3 
2 
3 
2 
4 
1 1902156123  
6 
2 
3 
3 
5 
1 1916071173  
2 
2 
6 
5 
3 
4 
3 
6 
4 
6 
3 
6 
2 
5 
2 
4 
3 
5 
4 
6 
2 
6 
4 
5 
5 
2 
6 
1 1119494093  
6 
6 
4 
5 
5 
5 
1 1114766355  
2 
2 
4 
6 
3 
6 
4 
4 
5 
6 
6 
2 
5 
4 
5 
3 
4 
6 
5 
2 
6 
6 
3 
4 
6 
4 
3 
2 
5 
1 1933702301  
3 
5 
4 
1 589980787  
6 
5 
4 
2 
6 
3 
5 
6 
4 
5 
1 1186744360  
5 
1 1603395233  
2 
3 
1 1682524410  
4 
5 
6 
2 
3 
3 
6 
1 2048085110  
5 
3 
3 
2 
1 2129681030  
4 
5 
4 
3 
1 2073550521  
1 397947353  
3 
5 
4 
4 
4 
6 
2 
4 
4 
4 
6 
5 
6 
2 
3 
3 
6 
1 964160453  
2 
2 
1 1463563531  
3 
1 2141933045  
5 
1 871673281  
5 
5 
3 
5 
4 
1 1905341576  
1 441564917  
3 
3 
3 
2 
6 
1 2051945345  
4 
1 571207434  
2 
2 
6 
5 
3 
6 
1 499669602  
2 
6 
4 
4 
6 
1 608618142  
3 
6 
3 
6 
3 
3 
3 
4 
2 
1 1659165915  
3 
2 
3 
1 1547721869  
3 
4 
4 
3 
5 
6 
2 
2 
4 
1 377652462  
5 
5 
1 1027211286  
1 953311719  
2 
2 
2 
2 
4 
5 
1 709437705  
3 
1 302711988  
1 2021551586  
4 
5 
4 
6 
4 
5 
1 464110181  
4 
3 
2 
2 
4 
6 
3 
6 
4 
6 
3 
5 
1 71299513  
1 993562031  
6 
5 
5 
2 
1 1578876536  
3 
6 
4 
1 2005001814  
1 1583542819  
2 
3 
3 
4 
5 
6 
3 
5 
3 
1 618137248  
3 
4 
4 
5 
2 
5 
6 
4 
6 
2 
4 
1 1460913400  
5 
2 
6 
6 
1 1118583581  
5 
6 
4 
5 
1 518738710  
5 
5 
5 
5 
1 1443110782  
4 
6 
1 1044650454  
4 
4 
5 
1 916686063  
4 
4 
1 259787588  
1 360730337  
6 
6 
2 
4 
2 
6 
6 
3 
6 
1 911135461  
6 
5 
3 
5 
2 
5 
4 
1 1131460869  
3 
1 118588265  
5 
2 
5 
4 
2 
2 
1 1352700378  
4 
1 1035922566  
6 
3 
2 
3 
1 689795699  
2 
2 
4 
6 
3 
5 
3 
1 1852369981  
5 
2 
4 
1 1644540708  
1 201477967  
5 
5 
1 1252608202  
2 
2 
3 
4 
5 
5 
3 
3 
1 2022193170  
4 
2 
5 
2 
5 
6 
1 1228689253  
6 
1 58436273  
4 
5 
1 584147227  
4 
6 
1 1531401241  
4 
4 
4 
6 
3 
2 
2 
4 
1 2079987860  
6 
6 
2 
3 
4 
2 
3 
4 
6 
4 
6 
2 
1 1048257408  
4 
5 
6 
2 
5 
4 
1 1602700755  
1 926066243  
4 
1 479650296  
5 
2 
6 
1 1460218921  
4 
2 
1 362125414  
4 
6 
1 1097787544  
1 773648673  
3 
3 
1 1480708995  
1 1616526254  
4 
3 
1 69275808  
4 
4 
4 
2 
4 
4 
5 
1 377875801  
4 
4 
4 
2 
5 
1 385728670  
3 
4 
2 
6 
2 
4 
6 
2 
2 
3 
2 
2 
3 
5 
2 
2 
5 
1 329063396  
5 
1 738606138  
4 
6 
2 
1 1296864131  
5 
3 
4 
3 
2 
6 
6 
6 
5 
6 
5 
1 1460524265  
6 
2 
6 
6 
3 
6 
1 857194403  
1 502080861  
4 
1 348963183  
4 
6 
6 
4 
1 1546990103  
3 
1 206967194  
6 
3 
4 
2 
1 1993503891  
2 
3 
6 
3 
1 1748468070  
4 
1 1459575397  
3 
1 1868213413  
4 
4 
1 829673675  
4 
6 
6 
2 
4 
3 
2 
5 
3 
2 
4 
4 
1 1518011670  
2 
6 
4 
3 
2 
3 
5 
5 
4 
1 304876992  
2 
2 
2 
2 
6 
5 
1 213591269  
1 1450515882  
5 
5 
3 
6 
5 
2 
1 1353134401  
6 
5 
2 
1 1816292024  
2 
6 
2 
1 229098478  
5 
3 
1 1832784697  
4 
1 1129027297  
3 
5 
4 
5 
6 
2 
3 
2 
2 
6 
3 
2 
2 
4 
1 591223892  
5 
1 783088594  
5 
2 
1 1902675971  
1 2071932888  
2 
3 
6 
6 
4 
3 
5 
3 
2 
5 
3 
5 
1 252131200  
3 
3 
5 
1 1971951779  
1 302325041  
3 
6 
4 
2 
4 
2 
3 
3 
4 
4 
5 
4 
5 
2 
6 
4 
1 637859870  
2 
2 
2 
3 
4 
3 
5 
4 
6 
2 
5 
2 
1 153531527  
3 
5 
4 
4 
4 
5 
4 
4 
2 
2 
1 1040931180  
4 
6 
3 
1 1934724001  
6 
5 
6 
5 
2 
3 
1 1614055792  
1 1898125583  
1 289321215  
4 
3 
1 1963018975  
3 
3 
1 1297632038  
5 
4 
6 
3 
5 
5 
5 
2 
6 
1 496288409  
5 
6 
6 
6 
1 1809039218  
1 898616460  
5 
6 
2 
2 
3 
5 
1 1955863806  
6 
4 
6 
1 1529768983  
5 
4 
4 
2 
6 
3 
1 1728290136  
1 1326391829  
3 
1 1834645975  
3 
2 
1 1941881405  
1 629424063  
6 
6 
1 1040296728  
6 
2 
5 
3 
3 
6 
5 
4 
3 
6 
1 1610689781  
1 858522541  
5 
2 
5 
3 
2 
6 
6 
4 
2 
5 
4 
5 
2 
2 
4 
2 
4 
2 
2 
4 
3 
3 
4 
5 
4 
5 
1 725597778  
4 
5 
4 
3 
3 
6 
3 
2 
1 592233430  
4 
1 1449746434  
5 
2 
4 
6 
6 
2 
2 
3 
3 
3 
4 
1 1508686372  
6 
3 
6 
2 
5 
6 
4 
2 
6 
5 
5 
4 
2 
1 347425753  
4 
5 
3 
4 
5 
3 
6 
6 
3 
4 
6 
6 
5 
3 
6 
3 
6 
2 
3 
4 
1 1374195674  
1 1760817572  
5 
2 
1 171893884  
3 
6 
1 1676520715  
4 
4 
5 
3 
5 
2 
5 
3 
4 
5 
1 251193795  
5 
1 325425411  
3 
2 
3 
5 
2 
2 
5 
3 
4 
2 
4 
5 
1 569968247  
3 
6 
4 
3 
6 
2 
6 
1 38434148  
1 1939481203  
5 
5 
5 
2 
4 
5 
2 
2 
2 
6 
5 
5 
5 
2 
1 320610183  
1 327755363  
3 
1 1755016530  
4 
1 1618242221  
1 824043773  
4 
3 
5 
5 
3 
5 
5 
6 
4 
6 
4 
3 
3 
1 1416572100  
2 
4 
1 369375034  
6 
4 
6 
6 
3 
5 
2 
3 
5 
5 
6 
3 
5 
3 
6 
2 
3 
6 
1 632423931  
3 
4 
5 
5 
1 798857435  
3 
3 
1 2097665170  
5 
3 
6 
2 
6 
3 
4 
2 
6 
3 
5 
6 
6 
4 
2 
5 
5 
3 
6 
5 
3 
1 1958815760  
3 
6 
3 
4 
4 
2 
4 
4 
5 
1 486019763  
2 
4 
6 
4 
4 
6 
3 
4 
6 
4 
4 
5 
4 
3 
1 1892062927  
6 
1 440756176  
6 
5 
2 
6 
5 
5 
1 1526316491  
1 1355269060  
1 1299278717  
5 
5 
4 
4 
5 
3 
4 
1 104430621  
5 
4 
2 
4 
3 
5 
3 
6 
6 
2 
1 1947502490  
5 
3 
4 
6 
5 
4 
4 
4 
2 
2 
3 
2 
2 
3 
1 601541503  
3 
5 
4 
6 
3 
4 
4 
5 
2 
6 
6 
5 
5 
4 
1 1613116993  
6 
5 
1 147444596  
1 1975737177  
5 
5 
4 
2 
3 
4 
3 
6 
4 
5 
6 
4 
4 
5 
5 
5 
5 
5 
2 
2 
5 
3 
1 1226450918  
4 
5 
4 
1 319338480  
4 
2 
5 
2 
1 1504774245  
5 
2 
4 
6 
4 
2 
3 
6 
6 
1 1477644713  
4 
2 
3 
4 
3 
6 
5 
1 644763892  
3 
1 2074742492  
6 
2 
3 
4 
5 
4 
5 
1 1516078861  
2 
5 
4 
1 436761447  
4 
2 
5 
4 
2 
5 
6 
6 
2 
4 
5 
2 
6 
6 
1 247869027  
2 
5 
2 
3 
5 
4 
3 
6 
2 
6 
2 
2 
3 
1 1843834225  
4 
1 44294330  
5 
6 
4 
4 
4 
4 
4 
2 
6 
3 
6 
2 
1 1866111249  
1 520394350  
2 
1 1460866430  
1 88002635  
5 
1 1152818281  
3 
2 
2 
5 
1 112240218  
5 
3 
3 
3 
5 
5 
3 
2 
1 38184157  
1 964150394  
4 
1 598259981  
5 
3 
6 
2 
2 
5 
6 
2 
3 
3 
1 1930247084  
4 
4 
3 
2 
5 
3 
1 1404906570  
6 
4 
3 
1 2124576472  
5 
2 
4 
2 
6 
6 
2 
3 
3 
6 
5 
3 
4 
3 
2 
4 
5 
2 
3 
4 
1 1138032496  
5 
2 
4 
4 
1 556701639  
2 
1 81523446  
3 
3 
4 
1 938051338  
6 
5 
6 
3 
5 
1 1158243143  
1 1694640439  
4 
4 
4 
5 
6 
5 
2 
5 
6 
3 
2 
2 
2 
4 
6 
1 1085495934  
4 
3 
4 
5 
6 
4 
4 
4 
3 
5 
2 
5 
4 
1 986496672  
1 773607709  
2 
1 1404834415  
4 
4 
5 
1 343787269  
4 
4 
2 
3 
3 
5 
6 
1 103768774  
5 
6 
6 
6 
1 2049598307  
3 
6 
3 
3 
1 271046114  
6 
5 
6 
4 
1 1619847636  
1 338876106  
4 
3 
3 
3 
1 518915141  
4 
6 
4 
1 1316198213  
2 
6 
5 
2 
1 383170436  
3 
4 
4 
3 
4 
5 
5 
6 
1 237542742  
2 
6 
5 
4 
1 1836592563  
3 
1 1844036867  
2 
2 
5 
2 
1 325545377  
5 
5 
5 
2 
6 
1 841927196  
3 
3 
2 
4 
5 
3 
1 1956277085  
1 363729534  
6 
2 
6 
2 
4 
3 
6 
2 
4 
6 
4 
5 
5 
3 
3 
6 
4 
4 
5 
2 
6 
2 
6 
2 
1 1806077590  
1 407053418  
2 
4 
4 
3 
4 
1 146492970  
4 
2 
5 
5 
1 1063500512  
6 
6 
3 
6 
1 384146242  
2 
5 
3 
3 
6 
6 
3 
4 
5 
4 
1 1284525466  
2 
5 
2 
3 
4 
1 1620202152  
6 
5 
6 
4 
1 465669688  
1 75093157  
2 
2 
5 
5 
3 
2 
3 
3 
5 
2 
1 630961647  
4 
4 
4 
4 
1 12826480  
4 
2 
2 
3 
5 
5 
6 
2 
5 
1 1160589091  
1 1617458319  
2 
2 
6 
6 
2 
1 786434189  
3 
4 
2 
5 
3 
1 417939858  
5 
5 
4 
6 
5 
4 
2 
5 
3 
1 1961245589  
1 890202964  
1 320054517  
2 
4 
5 
1 84808055  
4 
6 
2 
5 
3 
4 
4 
6 
4 
1 362566952  
5 
6 
1 658930624  
1 603723196  
4 
1 1678765165  
6 
6 
6 
2 
3 
2 
5 
4 
6 
6 
5 
4 
1 1042101060  
2 
5 
2 
4 
6 
1 841265939  
4 
3 
1 1367874080  
5 
1 738654279  
5 
3 
2 
1 1166811316  
5 
1 62317628  
5 
1 547447716  
1 1530540851  
3 
2 
6 
3 
1 1868395219  
4 
1 954501134  
1 1677033821  
1 784412083  
1 1338647377  
6 
6 
2 
1 814075640  
1 257130587  
4 
6 
2 
4 
5 
6 
2 
6 
4 
6 
6 
2 
3 
3 
6 
3 
6 
5 
1 1804317065  
2 
5 
4 
4 
5 
6 
5 
2 
6 
3 
1 889168797  
4 
6 
6 
4 
5 
5 
1 888092234  
6 
5 
5 
5 
1 1817143545  
3 
4 
4 
6 
5 
6 
4 
4 
6 
5 
5 
2 
4 
6 
4 
4 
1 2049757888  
6 
3 
5 
1 358066906  
2 
4 
6 
1 456094087  
4 
5 
3 
3 
1 320214099  
3 
4 
1 171828847  
5 
3 
1 1346297051  
2 
4 
3 
1 640268616  
3 
5 
2 
5 
1 256636902  
1 1708864003  
5 
4 
3 
2 
3 
4 
3 
1 1299199240  
1 860360098  
6 
5 
1 1240145520  
2 
1 193816653  
3 
1 1701626037  
1 460535952  
6 
1 932470932  
4 
2 
4 
2 
2 
2 
2 
6 
6 
6 
6 
5 
1 720953706  
1 522853580  
4 
5 
6 
4 
1 1479918649  
5 
6 
4 
2 
4 
3 
3 
6 
4 
3 
5 
5 
6 
6 
2 
4 
6 
3 
6 
3 
5 
2 
6 
3 
6 
4 
3 
1 104010909  
6 
6 
4 
3 
2 
5 
3 
2 
5 
4 
5 
4 
5 
1 243765151  
4 
6 
4 
3 
3 
3 
4 
4 
6 
1 286936135  
4 
1 1781044730  
2 
1 1028177235  
3 
3 
6 
5 
5 
4 
4 
5 
5 
5 
4 
5 
1 1625583512  
4 
1 447636722  
5 
3 
1 1285307822  
6 
4 
1 1282416930  
6 
1 1336805519  
4 
6 
2 
6 
5 
4 
2 
1 25916409  
5 
6 
4 
6 
6 
2 
3 
1 952076827  
4 
4 
5 
6 
6 
1 1239079760  
4 
3 
2 
6 
4 
4 
4 
2 
5 
4 
6 
3 
3 
3 
6 
4 
2 
5 
2 
3 
1 383983315  
2 
3 
2 
6 
2 
5 
4 
3 
3 
3 
4 
4 
6 
4 
2 
1 1408170914  
3 
2 
6 
3 
6 
2 
4 
5 
1 1559293859  
1 555812162  
6 
6 
6 
4 
4 
2 
2 
6 
3 
2 
2 
4 
2 
4 
6 
2 
3 
4 
1 606984317  
2 
1 52078827  
4 
1 812449064  
5 
3 
4 
4 
1 168364672  
1 1351278068  
5 
3 
3 
6 
2 
2 
2 
1 1672809162  
2 
2 
5 
4 
6 
1 1408510192  
1 1545094721  
1 1226951552  
3 
1 1869046144  
3 
5 
6 
6 
4 
4 
2 
6 
4 
3 
3 
3 
1 330082005  
4 
1 1947905258  
6 
3 
6 
4 
3 
5 
6 
3 
1 244416077  
3 
5 
5 
2 
5 
5 
3 
6 
4 
6 
2 
2 
5 
5 
3 
4 
3 
1 1810000654  
1 2051916167  
4 
1 488181228  
6 
3 
1 2096936790  
5 
4 
4 
3 
3 
2 
3 
3 
1 1685477249  
3 
3 
5 
2 
3 
2 
4 
4 
3 
3 
3 
5 
6 
4 
4 
5 
4 
2 
5 
4 
5 
3 
5 
2 
4 
5 
3 
4 
5 
6 
6 
4 
4 
1 1516358463  
3 
5 
1 1575036654  
2 
1 2133113972  
1 654182638  
6 
1 709969936  
3 
1 1322435843  
5 
3 
4 
6 
1 680099047  
3 
6 
3 
5 
4 
6 
6 
2 
3 
2 
2 
3 
6 
4 
2 
1 1662046764  
1 414031955  
2 
1 1064082362  
4 
6 
4 
3 
1 922734030  
5 
2 
1 1973325814  
5 
3 
2 
3 
5 
3 
1 1619894524  
1 1529718348  
2 
5 
5 
4 
3 
3 
1 2025404642  
1 284859940  
6 
3 
3 
1 1698083020  
1 1229199062  
2 
5 
4 
4 
3 
5 
6 
2 
1 1957669102  
1 959109565  
2 
6 
5 
4 
2 
6 
6 
5 
6 
4 
3 
6 
6 
1 626810135  
4 
6 
4 
3 
1 1037137006  
4 
2 
1 680672061  
6 
6 
5 
3 
5 
2 
2 
2 
4 
3 
3 
2 
5 
2 
4 
4 
6 
2 
1 956892140  
6 
5 
5 
5 
6 
4 
4 
6 
6 
3 
2 
4 
3 
5 
1 837558616  
3 
3 
4 
4 
5 
2 
2 
4 
4 
1 925088138  
4 
1 619409147  
5 
6 
6 
4 
6 
1 741991135  
5 
2 
3 
6 
6 
4 
6 
6 
1 1413269367  
6 
3 
1 568862289  
5 
1 279984737  
2 
6 
2 
3 
5 
5 
3 
5 
2 
4 
5 
4 
4 
1 782144182  
1 2143898943  
2 
4 
3 
3 
1 265615061  
3 
6 
2 
3 
4 
6 
3 
4 
6 
3 
2 
3 
6 
4 
3 
6 
4 
4 
3 
4 
1 1436326820  
1 706385232  
4 
1 1588050904  
6 
3 
6 
5 
5 
1 2116425867  
2 
2 
6 
5 
2 
5 
5 
6 
1 220948348  
3 
2 
6 
3 
4 
2 
4 
2 
3 
4 
3 
3 
4 
4 
2 
3 
3 
2 
6 
3 
4 
1 2002082860  
2 
5 
4 
2 
6 
4 
6 
5 
5 
1 1033024581  
4 
1 1143682378  
5 
1 1827925026  
5 
6 
6 
3 
4 
4 
2 
3 
4 
2 
2 
5 
6 
2 
2 
6 
3 
2 
1 505435457  
3 
4 
5 
4 
5 
3 
1 525917078  
5 
6 
6 
2 
4 
2 
6 
3 
3 
4 
5 
1 1705846020  
1 790295397  
5 
3 
4 
3 
1 76516451  
6 
5 
1 787561434  
1 600480852  
3 
2 
5 
3 
1 1035626016  
5 
1 1414371569  
2 
3 
4 
5 
5 
1 1637617858  
3 
3 
1 1716298077  
2 
4 
2 
2 
6 
5 
6 
3 
2 
5 
