4 
2 
3 
2 
3 
2 
6 
4 
6 
3 
1 655510021  
3 
3 
2 
6 
1 1122914078  
3 
2 
2 
5 
4 
1 1660732187  
4 
6 
3 
4 
5 
6 
1 189499165  
3 
2 
2 
5 
6 
3 
2 
6 
2 
6 
3 
2 
4 
6 
5 
6 
1 1216612583  
6 
6 
1 508883824  
5 
3 
5 
1 160314525  
2 
6 
3 
3 
2 
3 
1 921285602  
2 
2 
6 
2 
1 1616253994  
1 265824267  
3 
4 
2 
5 
1 1964685445  
2 
5 
2 
5 
4 
6 
1 1397472579  
1 593470118  
4 
5 
2 
6 
1 2097543350  
3 
2 
1 1898474352  
1 250148199  
4 
3 
5 
4 
2 
6 
5 
6 
5 
5 
4 
3 
3 
6 
2 
4 
6 
5 
4 
3 
4 
6 
3 
4 
3 
2 
1 66670783  
6 
3 
1 269502903  
3 
6 
6 
3 
2 
1 2119695654  
3 
4 
2 
5 
3 
5 
4 
2 
2 
4 
3 
2 
5 
3 
5 
5 
1 821721329  
2 
4 
1 1486709547  
2 
1 265341113  
3 
5 
4 
2 
6 
2 
2 
3 
5 
6 
3 
4 
3 
5 
1 1105936335  
1 954165700  
1 1115612950  
1 2033982009  
3 
2 
2 
1 1072759791  
1 2097655370  
6 
6 
2 
4 
2 
3 
1 984454629  
3 
1 1150531887  
6 
3 
1 1458428474  
3 
3 
1 1639964650  
1 125962317  
1 971677014  
1 1829463815  
6 
2 
2 
6 
5 
5 
2 
2 
4 
4 
3 
4 
2 
4 
6 
4 
2 
1 1342574900  
2 
2 
2 
6 
5 
3 
4 
5 
5 
5 
2 
2 
5 
5 
2 
2 
2 
3 
1 1480560838  
2 
5 
6 
3 
3 
3 
2 
2 
6 
5 
3 
6 
5 
3 
4 
1 1989778340  
2 
3 
3 
1 116376854  
5 
5 
5 
5 
6 
5 
5 
5 
6 
1 949331185  
2 
5 
3 
2 
1 108118959  
5 
5 
3 
2 
3 
1 2081062299  
2 
1 199320116  
4 
2 
6 
6 
1 701589077  
2 
2 
4 
3 
3 
6 
5 
4 
1 2031122001  
3 
6 
4 
6 
1 2097794469  
4 
2 
4 
3 
6 
3 
5 
3 
2 
3 
2 
6 
3 
2 
4 
1 951737276  
1 2097792784  
5 
5 
5 
3 
3 
6 
4 
3 
3 
3 
5 
6 
2 
6 
3 
3 
4 
3 
2 
5 
2 
4 
2 
1 219813724  
6 
5 
4 
5 
1 923949282  
1 772030466  
4 
3 
5 
4 
1 1706523271  
3 
5 
6 
2 
2 
2 
4 
6 
5 
6 
4 
3 
1 1189290395  
4 
6 
2 
2 
5 
6 
2 
6 
6 
4 
2 
5 
6 
5 
3 
5 
5 
1 1877966801  
6 
1 513205323  
4 
3 
5 
5 
1 157419698  
2 
6 
2 
6 
2 
6 
5 
1 1764465162  
4 
3 
5 
1 1585965115  
1 107591420  
5 
3 
4 
4 
5 
5 
4 
4 
6 
1 601436143  
6 
5 
5 
6 
5 
5 
1 589013354  
3 
5 
1 1566019894  
5 
3 
1 93917145  
2 
1 714975671  
3 
2 
1 390213260  
1 1923380960  
6 
6 
6 
4 
4 
4 
5 
5 
4 
2 
4 
5 
3 
5 
6 
2 
6 
6 
6 
5 
6 
6 
6 
6 
3 
6 
4 
2 
2 
6 
6 
1 2057550571  
3 
5 
4 
4 
1 1870774099  
6 
1 1765675653  
6 
5 
1 26443777  
1 672621636  
4 
3 
4 
6 
3 
6 
3 
1 1873794612  
6 
3 
1 2107506076  
1 871941752  
3 
2 
2 
4 
3 
1 427900042  
3 
6 
1 1991144429  
4 
1 822252573  
4 
3 
1 1379637318  
5 
4 
5 
4 
4 
1 1941453565  
4 
5 
6 
6 
2 
6 
6 
3 
2 
1 1042066297  
2 
6 
1 156102953  
4 
3 
4 
5 
5 
1 566000383  
5 
5 
3 
1 601105920  
3 
6 
4 
6 
3 
3 
4 
5 
2 
1 1345393348  
1 296483537  
1 1114311244  
4 
1 1502813046  
3 
3 
3 
5 
3 
2 
4 
5 
4 
4 
2 
1 2060948699  
3 
2 
3 
1 552792711  
1 1610404466  
2 
1 514901195  
2 
2 
5 
6 
1 1141806065  
3 
1 1028940713  
6 
3 
4 
1 608818340  
2 
2 
2 
3 
5 
5 
3 
4 
2 
1 1856781736  
4 
2 
2 
6 
1 1419153973  
1 384715653  
6 
5 
2 
2 
5 
5 
5 
6 
6 
2 
2 
2 
5 
2 
4 
5 
2 
3 
6 
1 1766848659  
2 
2 
4 
1 1142444424  
4 
3 
5 
1 2907658  
2 
1 1793292436  
6 
3 
1 1815066060  
4 
2 
4 
4 
4 
3 
3 
2 
3 
6 
5 
1 1876702270  
2 
5 
4 
6 
5 
3 
4 
5 
2 
1 1753314864  
2 
2 
1 539524165  
4 
4 
3 
4 
6 
4 
5 
2 
2 
5 
6 
5 
3 
5 
4 
1 157118664  
1 1596975645  
6 
4 
3 
6 
1 1361776738  
1 1536755983  
3 
4 
4 
4 
2 
6 
6 
3 
2 
1 1390945562  
6 
1 256359388  
6 
4 
3 
6 
3 
6 
1 1692858936  
6 
4 
3 
6 
4 
3 
1 1956945946  
4 
3 
6 
5 
5 
5 
3 
4 
5 
6 
5 
3 
6 
6 
3 
2 
2 
5 
2 
4 
1 857465308  
6 
4 
1 890768636  
1 105945835  
2 
2 
2 
1 1971776552  
1 246098035  
5 
3 
6 
4 
3 
2 
2 
3 
2 
6 
4 
2 
4 
4 
2 
1 19410886  
1 377085615  
3 
3 
2 
5 
4 
2 
1 1856502501  
1 534312081  
5 
5 
6 
6 
4 
2 
5 
1 1518891680  
4 
3 
6 
4 
5 
2 
5 
1 737959566  
3 
6 
2 
3 
3 
6 
4 
2 
5 
3 
5 
5 
4 
1 1143130422  
6 
2 
6 
6 
3 
6 
3 
1 1228189768  
5 
1 9629892  
5 
5 
3 
6 
1 1527846075  
6 
2 
4 
5 
3 
4 
3 
2 
6 
5 
2 
4 
1 847554779  
1 1152074316  
6 
4 
2 
5 
3 
5 
6 
2 
4 
2 
4 
2 
2 
1 1530753733  
4 
1 493363567  
6 
6 
2 
5 
3 
3 
6 
3 
4 
2 
3 
2 
2 
6 
6 
2 
6 
3 
3 
6 
6 
5 
2 
3 
1 819656729  
6 
1 1259972355  
2 
1 99194783  
3 
3 
1 1359180894  
1 1417091020  
2 
6 
4 
4 
5 
2 
3 
6 
6 
1 1696170428  
2 
3 
3 
5 
3 
5 
6 
1 573473984  
5 
2 
1 806363355  
3 
6 
6 
4 
1 939632343  
2 
3 
6 
6 
4 
2 
1 829833372  
5 
2 
4 
6 
3 
1 351738643  
5 
4 
4 
1 749094641  
5 
6 
3 
1 1687298681  
6 
3 
2 
1 1242507279  
3 
4 
5 
6 
2 
1 855040476  
2 
2 
2 
2 
1 1511591585  
2 
6 
3 
1 1488605314  
6 
1 874451362  
2 
2 
6 
6 
3 
6 
4 
3 
1 1888677201  
6 
4 
3 
3 
1 1197624168  
6 
2 
5 
6 
3 
5 
4 
1 1408763444  
1 1260085233  
1 1935583734  
3 
4 
2 
1 404410218  
6 
4 
1 340791354  
3 
2 
3 
6 
3 
3 
5 
2 
6 
4 
5 
4 
4 
4 
6 
4 
2 
4 
6 
4 
6 
3 
5 
2 
2 
2 
5 
3 
5 
6 
4 
3 
6 
3 
5 
2 
4 
1 1945213626  
1 1932256293  
5 
3 
1 1188346133  
1 949804295  
3 
6 
4 
3 
2 
3 
1 1315526378  
1 1681709701  
2 
3 
1 1769461024  
5 
3 
6 
6 
6 
6 
3 
5 
3 
5 
5 
2 
6 
3 
4 
4 
4 
2 
1 428015085  
2 
2 
4 
2 
6 
6 
2 
4 
3 
3 
2 
4 
1 1780904484  
3 
3 
4 
1 981158270  
5 
6 
6 
3 
1 1845106105  
5 
5 
4 
2 
6 
3 
1 1329591265  
3 
2 
4 
3 
2 
3 
5 
5 
3 
3 
6 
2 
4 
6 
4 
3 
6 
5 
2 
3 
6 
5 
6 
3 
4 
1 1554632254  
2 
6 
5 
4 
4 
3 
6 
2 
6 
1 503985812  
4 
5 
6 
2 
6 
3 
6 
5 
4 
3 
3 
3 
2 
1 121739960  
5 
2 
3 
3 
4 
5 
2 
2 
3 
6 
6 
6 
3 
3 
2 
1 236981979  
4 
6 
6 
1 855724455  
5 
3 
6 
1 870834601  
6 
6 
4 
5 
2 
4 
5 
2 
6 
5 
4 
4 
2 
3 
4 
3 
1 1924280660  
3 
5 
2 
2 
4 
3 
4 
2 
4 
3 
6 
3 
3 
3 
3 
6 
2 
3 
6 
3 
2 
1 2098231735  
3 
6 
1 1725875077  
6 
6 
6 
5 
1 1288388597  
1 1439353401  
6 
1 452842791  
5 
3 
3 
4 
5 
6 
5 
2 
3 
3 
1 1029582150  
1 489493921  
2 
3 
3 
2 
5 
1 1861606235  
6 
4 
1 142183736  
5 
5 
1 277594008  
1 118532805  
1 482975090  
2 
2 
3 
5 
2 
6 
3 
4 
4 
6 
3 
3 
3 
5 
2 
6 
6 
4 
4 
3 
2 
1 75323986  
6 
6 
5 
1 2050789098  
5 
5 
4 
2 
2 
2 
4 
4 
2 
3 
3 
4 
6 
6 
5 
2 
1 1671321223  
5 
2 
1 1025128281  
4 
2 
2 
4 
6 
4 
5 
6 
3 
3 
3 
1 1218831828  
1 1205547276  
4 
2 
4 
3 
6 
4 
6 
4 
1 647105657  
5 
1 1646846914  
4 
2 
6 
5 
1 838968113  
4 
2 
6 
6 
4 
6 
2 
2 
6 
6 
6 
6 
3 
6 
6 
3 
4 
5 
1 1628263927  
2 
3 
2 
1 1344469371  
2 
5 
4 
6 
1 21075730  
5 
3 
4 
3 
2 
5 
4 
5 
3 
1 1035412534  
2 
1 1848455184  
2 
6 
3 
2 
3 
1 142815690  
3 
4 
5 
5 
3 
2 
4 
2 
1 1272394513  
4 
4 
1 556695991  
2 
4 
5 
6 
2 
5 
2 
3 
2 
3 
5 
3 
1 1013650291  
3 
2 
6 
2 
3 
4 
6 
4 
3 
3 
1 1049191525  
5 
2 
5 
3 
3 
5 
4 
4 
6 
5 
1 507444078  
2 
3 
6 
3 
6 
6 
5 
2 
6 
5 
2 
1 592041720  
1 190096474  
1 1946797480  
6 
4 
4 
5 
2 
3 
6 
5 
2 
2 
4 
5 
5 
3 
2 
4 
5 
2 
4 
6 
2 
1 1044884511  
3 
2 
1 1219678625  
2 
6 
5 
2 
4 
3 
4 
5 
5 
6 
3 
3 
2 
1 288807753  
2 
6 
2 
6 
6 
2 
2 
3 
3 
5 
4 
2 
2 
5 
2 
2 
3 
5 
3 
3 
5 
1 759007099  
5 
4 
1 1361862361  
4 
2 
1 566401761  
5 
4 
4 
4 
2 
2 
3 
4 
6 
4 
3 
6 
2 
3 
1 877539904  
4 
5 
3 
6 
5 
3 
4 
2 
5 
3 
6 
3 
1 1844837451  
4 
6 
4 
6 
5 
4 
5 
3 
3 
4 
3 
1 641725748  
6 
1 780845355  
1 1368675026  
5 
2 
6 
2 
2 
4 
1 1666854029  
5 
6 
6 
6 
6 
6 
4 
1 1999677183  
2 
6 
2 
4 
1 426738655  
3 
3 
6 
3 
4 
4 
2 
5 
1 166476039  
5 
6 
5 
6 
4 
2 
4 
6 
3 
1 1499040449  
3 
1 1265706768  
5 
4 
3 
5 
1 1794739966  
2 
2 
6 
1 696026173  
6 
1 1286782498  
3 
4 
4 
6 
3 
4 
2 
1 682668852  
5 
4 
6 
2 
6 
6 
6 
2 
5 
4 
5 
6 
6 
3 
3 
5 
6 
3 
5 
6 
6 
2 
5 
6 
3 
4 
5 
5 
6 
4 
5 
5 
2 
2 
4 
4 
6 
2 
3 
3 
3 
1 396997709  
4 
3 
4 
3 
2 
4 
6 
4 
6 
6 
2 
5 
5 
3 
4 
5 
4 
6 
6 
3 
4 
6 
5 
2 
4 
3 
4 
3 
1 1429598188  
2 
5 
5 
4 
4 
6 
1 1955063365  
1 953693700  
3 
4 
2 
2 
2 
3 
4 
1 295764831  
3 
3 
2 
5 
6 
5 
3 
6 
6 
5 
5 
5 
2 
2 
4 
3 
1 856771242  
4 
1 1461137779  
5 
5 
2 
2 
2 
1 887806551  
1 1046867717  
5 
4 
4 
6 
6 
2 
1 1260451611  
2 
2 
2 
2 
6 
1 1932691062  
6 
2 
1 119062694  
2 
4 
1 1549259364  
1 544214513  
6 
3 
2 
1 1480925055  
2 
4 
5 
1 2115661126  
1 1421754418  
4 
5 
5 
2 
2 
5 
3 
4 
5 
5 
6 
6 
1 1178278858  
1 609903226  
5 
5 
5 
5 
3 
2 
4 
6 
5 
3 
5 
4 
2 
4 
1 55116125  
1 399470236  
4 
5 
1 129273607  
3 
2 
1 2054793308  
1 826208891  
6 
2 
1 295749646  
3 
1 1406350110  
1 2091915659  
6 
4 
5 
4 
5 
4 
1 2090489613  
2 
6 
1 2102376283  
6 
5 
5 
1 1231214509  
4 
6 
2 
5 
1 625674817  
6 
2 
6 
6 
4 
6 
1 351890344  
5 
6 
2 
5 
2 
2 
2 
5 
3 
6 
4 
1 513329049  
6 
2 
4 
1 433254535  
2 
4 
3 
3 
5 
2 
2 
1 1305584044  
4 
1 809093880  
1 1290025777  
5 
1 619238175  
1 1696900431  
1 189409846  
5 
6 
4 
1 1879689786  
4 
6 
5 
6 
5 
1 1482107846  
5 
4 
1 308472540  
4 
3 
3 
2 
1 1281465503  
4 
5 
1 2026322359  
3 
3 
5 
1 1789397595  
5 
6 
2 
6 
5 
5 
1 1249642981  
2 
4 
5 
6 
5 
1 1300593129  
2 
5 
1 820192805  
1 1859546207  
1 1355709254  
4 
4 
3 
1 1219663042  
2 
5 
6 
6 
5 
3 
6 
5 
1 1988819814  
3 
4 
4 
5 
2 
6 
6 
5 
3 
2 
3 
4 
1 1263018915  
1 2045871933  
5 
2 
2 
4 
1 137085813  
1 521885377  
1 1990303945  
6 
4 
3 
1 80091778  
5 
6 
6 
3 
6 
4 
3 
5 
4 
3 
3 
2 
2 
3 
1 476778012  
3 
5 
1 1074034806  
3 
1 705766595  
3 
1 828668356  
2 
6 
5 
2 
4 
4 
5 
5 
3 
3 
6 
2 
1 1587363856  
5 
5 
6 
5 
4 
5 
1 1139021130  
6 
3 
5 
5 
2 
6 
6 
3 
3 
2 
1 2134252400  
4 
5 
5 
4 
1 248974088  
5 
3 
4 
4 
1 281563260  
4 
1 606006928  
2 
3 
5 
2 
4 
5 
1 1945874520  
3 
6 
2 
6 
2 
5 
2 
1 470973106  
3 
5 
3 
3 
6 
2 
5 
3 
2 
1 338213066  
6 
2 
5 
6 
4 
5 
2 
4 
2 
1 1280498718  
6 
2 
4 
6 
1 779445647  
5 
6 
4 
1 1619678569  
3 
6 
3 
6 
2 
5 
5 
1 1159337429  
4 
2 
4 
5 
6 
4 
4 
2 
1 421359594  
4 
3 
4 
2 
2 
3 
3 
1 721837902  
6 
3 
2 
3 
4 
5 
6 
5 
4 
4 
5 
1 312446911  
5 
2 
4 
3 
3 
2 
4 
6 
3 
2 
3 
2 
1 1241552400  
6 
1 433900461  
3 
4 
3 
6 
4 
2 
3 
3 
6 
1 1668156165  
3 
6 
4 
2 
2 
1 313731794  
5 
2 
4 
4 
2 
3 
4 
1 275236628  
2 
2 
6 
6 
1 783691432  
1 212120079  
1 412322441  
5 
3 
3 
3 
3 
6 
6 
2 
1 1305576809  
4 
1 54940376  
3 
3 
3 
4 
2 
1 492414219  
1 1782354821  
2 
4 
1 1128975183  
4 
3 
3 
6 
6 
4 
1 1198180814  
5 
2 
5 
5 
6 
1 463539529  
2 
6 
2 
5 
3 
5 
3 
3 
1 568855391  
1 189718297  
4 
2 
1 450308282  
2 
2 
2 
3 
6 
4 
3 
6 
1 817829479  
5 
5 
4 
4 
3 
1 471281557  
6 
5 
3 
2 
1 1056315210  
2 
3 
1 616220351  
6 
3 
4 
3 
2 
6 
2 
3 
2 
2 
6 
3 
2 
3 
5 
2 
4 
1 942254663  
4 
6 
6 
4 
5 
4 
2 
6 
1 1394528276  
6 
1 1896719069  
5 
3 
3 
1 1721700310  
4 
2 
4 
2 
3 
2 
4 
4 
6 
3 
6 
5 
2 
1 866723198  
4 
4 
6 
1 908572851  
2 
6 
3 
1 2143059905  
3 
5 
4 
3 
1 1588561100  
2 
4 
3 
1 1221019762  
6 
2 
4 
4 
5 
4 
5 
1 1237128657  
1 2022461562  
1 741692279  
5 
5 
5 
1 1550860451  
3 
4 
6 
5 
5 
3 
2 
2 
6 
1 150214542  
6 
1 1525383712  
2 
2 
6 
6 
2 
2 
3 
4 
3 
5 
2 
4 
5 
2 
1 1762980530  
3 
3 
5 
1 562536983  
6 
6 
1 683476873  
2 
1 1817920907  
2 
5 
3 
5 
6 
3 
1 1054951202  
2 
3 
1 318348047  
3 
3 
6 
3 
4 
6 
6 
4 
4 
2 
4 
1 799412442  
5 
3 
5 
3 
5 
5 
5 
1 105648368  
1 781887576  
3 
4 
3 
4 
4 
2 
2 
2 
4 
5 
1 1368267833  
5 
1 295366665  
3 
5 
1 1232195858  
3 
6 
2 
6 
1 38613664  
6 
1 766648222  
2 
3 
4 
5 
3 
6 
2 
6 
6 
2 
2 
4 
3 
3 
2 
3 
1 141027420  
6 
1 654834016  
5 
3 
3 
4 
2 
4 
4 
2 
6 
2 
6 
3 
4 
4 
1 1708902886  
1 1535555697  
3 
2 
5 
3 
3 
5 
6 
2 
6 
6 
1 404069437  
1 1283119548  
3 
3 
5 
1 254795247  
6 
2 
1 1312642288  
5 
3 
4 
6 
4 
6 
2 
2 
4 
2 
3 
4 
4 
4 
1 1278695805  
4 
3 
5 
4 
3 
1 1843356347  
6 
6 
5 
6 
5 
3 
5 
4 
4 
2 
3 
4 
5 
6 
6 
1 386178402  
1 368340814  
6 
6 
3 
1 1718334261  
3 
4 
3 
2 
3 
6 
6 
4 
5 
2 
1 1127870682  
3 
2 
1 1919201265  
1 1868548803  
1 505770746  
3 
6 
5 
1 1534698148  
5 
3 
1 283602138  
6 
4 
5 
1 1189247619  
2 
6 
4 
6 
2 
5 
1 1205135407  
3 
5 
5 
5 
2 
3 
6 
6 
1 1338553340  
4 
2 
4 
3 
4 
1 1507595666  
5 
5 
4 
2 
4 
6 
4 
6 
6 
5 
6 
6 
2 
4 
6 
3 
6 
1 2004547849  
4 
3 
5 
4 
1 1444201709  
2 
4 
2 
6 
6 
6 
1 141999595  
5 
1 1225332034  
3 
3 
4 
6 
2 
6 
1 1739568374  
3 
4 
3 
1 1374195453  
5 
3 
6 
2 
1 1263945698  
5 
3 
3 
3 
1 358732949  
5 
5 
4 
2 
6 
3 
5 
3 
3 
3 
1 1515222874  
5 
1 1918779714  
2 
6 
3 
2 
5 
5 
5 
1 2067635835  
5 
4 
6 
3 
4 
6 
4 
4 
6 
3 
3 
2 
5 
6 
4 
5 
6 
1 903294923  
4 
1 175365504  
2 
2 
3 
3 
1 1203271735  
2 
4 
2 
2 
2 
2 
5 
5 
6 
4 
5 
3 
2 
2 
2 
2 
3 
4 
4 
5 
2 
1 1158090170  
3 
2 
3 
4 
2 
1 1488007792  
3 
3 
2 
2 
5 
3 
3 
5 
6 
6 
6 
2 
5 
6 
5 
6 
4 
6 
1 334483893  
4 
6 
2 
6 
4 
3 
4 
6 
1 853962869  
4 
4 
3 
6 
4 
2 
4 
1 1874186195  
2 
3 
1 702824707  
3 
1 424813483  
3 
3 
6 
3 
6 
5 
2 
5 
3 
5 
2 
1 854573229  
3 
3 
4 
2 
2 
2 
2 
4 
5 
4 
3 
6 
6 
6 
2 
5 
4 
4 
3 
1 474542325  
1 145878638  
4 
5 
3 
6 
3 
5 
3 
5 
3 
2 
6 
3 
2 
6 
4 
1 1360343975  
3 
4 
3 
1 2009240473  
6 
4 
2 
6 
2 
4 
2 
3 
2 
2 
1 429480777  
3 
3 
6 
1 402107946  
6 
5 
3 
1 1066892232  
6 
3 
1 1768034117  
5 
4 
5 
3 
3 
1 1909703613  
5 
4 
5 
4 
2 
4 
6 
4 
6 
3 
1 923956433  
5 
5 
2 
4 
2 
3 
2 
4 
3 
6 
4 
6 
5 
4 
1 1064752178  
3 
2 
6 
1 2051703208  
3 
3 
2 
1 1804819  
1 656836905  
5 
5 
4 
2 
3 
1 1278415013  
1 1265750517  
2 
6 
5 
6 
4 
4 
1 1015569854  
5 
3 
1 646154239  
2 
5 
4 
2 
2 
5 
1 1037046584  
3 
3 
3 
4 
5 
1 935722041  
6 
3 
5 
5 
1 1549449162  
3 
2 
1 1212412088  
5 
6 
5 
4 
1 2138993776  
2 
5 
2 
6 
5 
3 
1 560055684  
5 
6 
5 
1 552936232  
4 
4 
2 
1 325994021  
4 
3 
2 
3 
1 1414018554  
1 279638779  
1 1028818729  
4 
1 1838832037  
3 
1 1134212008  
2 
1 1503361054  
6 
3 
2 
3 
6 
5 
3 
2 
4 
3 
1 1984710675  
6 
6 
4 
6 
6 
4 
4 
5 
5 
4 
1 347072335  
5 
1 1365117879  
1 266707804  
3 
5 
4 
1 749180282  
5 
6 
5 
1 284526463  
1 2034741922  
2 
4 
4 
2 
6 
4 
5 
1 511400247  
6 
1 1208482896  
1 952010452  
6 
2 
1 415619807  
5 
1 1210287715  
5 
1 1608847357  
6 
5 
4 
5 
3 
2 
4 
6 
1 1694034820  
1 328554584  
3 
1 476933563  
3 
4 
5 
6 
4 
2 
4 
1 192705412  
1 1365601168  
4 
6 
5 
5 
6 
2 
3 
3 
1 1412655604  
3 
5 
1 1742154574  
2 
2 
1 430529608  
3 
2 
2 
2 
5 
1 1404165733  
6 
3 
2 
4 
4 
5 
3 
5 
3 
5 
2 
1 154726611  
6 
3 
3 
1 983465841  
1 1730159754  
2 
5 
3 
3 
4 
4 
3 
1 1568745165  
1 1263104620  
4 
2 
4 
2 
5 
5 
3 
4 
4 
1 611494835  
4 
6 
6 
6 
3 
5 
2 
2 
5 
2 
2 
4 
6 
2 
5 
6 
2 
5 
2 
3 
2 
6 
6 
3 
6 
6 
5 
5 
4 
2 
2 
1 1260093554  
3 
2 
3 
6 
6 
3 
5 
4 
1 249832981  
5 
5 
5 
6 
1 2114855889  
3 
3 
5 
1 1097320581  
3 
3 
6 
3 
4 
4 
5 
5 
3 
6 
5 
1 596905316  
2 
5 
6 
6 
1 1332490120  
3 
1 1364028386  
5 
6 
2 
5 
6 
6 
5 
4 
2 
3 
1 1346085598  
4 
2 
5 
2 
4 
2 
1 1617016583  
4 
1 1251286660  
1 1857485845  
5 
1 678015831  
2 
1 55813464  
5 
1 125622004  
5 
1 1888303546  
4 
1 1664660822  
3 
5 
4 
1 1819656825  
2 
3 
2 
2 
4 
1 69374483  
5 
2 
6 
1 2141594385  
2 
2 
3 
2 
6 
4 
1 2012362237  
5 
6 
1 1434975651  
1 1406766342  
2 
6 
2 
2 
5 
5 
6 
2 
2 
2 
3 
2 
1 1607033163  
6 
2 
6 
2 
6 
5 
1 1865505260  
5 
1 663448427  
6 
4 
2 
5 
5 
3 
2 
1 1761759774  
5 
3 
3 
4 
5 
5 
1 701487453  
6 
3 
3 
4 
6 
2 
4 
5 
1 246124533  
6 
1 1183021291  
4 
4 
4 
1 1964592073  
5 
4 
3 
4 
4 
3 
2 
4 
3 
6 
2 
2 
1 857619369  
1 295631197  
5 
5 
2 
5 
6 
2 
3 
1 66941406  
4 
6 
6 
4 
5 
6 
2 
3 
6 
4 
2 
6 
3 
6 
5 
1 824991610  
1 1392951779  
6 
2 
6 
6 
6 
4 
1 663846723  
1 9998083  
4 
3 
5 
3 
3 
3 
1 609496517  
2 
1 2009932321  
1 1627014666  
2 
6 
3 
5 
3 
3 
4 
1 1860783177  
1 1719934519  
3 
3 
4 
1 157546850  
5 
6 
6 
6 
5 
3 
5 
4 
4 
3 
6 
3 
1 1916596641  
6 
6 
6 
1 1845556523  
5 
1 2045850396  
5 
1 1433773815  
6 
2 
2 
4 
1 1517729700  
5 
6 
5 
5 
6 
4 
1 2115224879  
4 
3 
6 
3 
6 
2 
1 1427884553  
1 1382608289  
4 
2 
3 
4 
4 
5 
6 
5 
2 
3 
1 1402716883  
5 
3 
2 
2 
5 
3 
1 687167247  
3 
4 
6 
5 
2 
3 
6 
2 
4 
4 
1 842157805  
6 
4 
4 
3 
6 
1 1120738495  
2 
5 
4 
5 
4 
5 
3 
3 
3 
5 
1 1350615674  
4 
3 
3 
5 
6 
3 
1 456433931  
3 
5 
6 
2 
6 
5 
4 
1 1822225948  
6 
3 
4 
3 
2 
2 
5 
1 1596740207  
1 1639455223  
2 
6 
4 
5 
1 1639334373  
4 
2 
2 
2 
6 
3 
5 
2 
3 
5 
1 306875928  
1 1935086420  
2 
1 1706275780  
5 
4 
6 
1 1131867539  
6 
2 
1 1180554551  
6 
3 
5 
4 
2 
3 
2 
5 
1 222638855  
2 
3 
3 
1 1141865622  
6 
5 
4 
6 
5 
3 
2 
6 
6 
3 
6 
3 
5 
5 
6 
6 
1 1790051068  
1 85087528  
2 
2 
1 621396640  
1 1503350597  
3 
4 
2 
1 1805022047  
2 
1 778943490  
6 
2 
2 
2 
1 1272463591  
1 1503094923  
2 
1 677310239  
4 
6 
3 
6 
3 
6 
4 
6 
4 
3 
4 
5 
1 558753758  
5 
1 873340975  
3 
6 
2 
3 
1 645051470  
1 1986638311  
3 
5 
2 
1 108465617  
5 
1 2047768353  
3 
1 526321910  
4 
1 950623422  
1 1021023200  
4 
5 
5 
5 
5 
5 
6 
6 
3 
2 
4 
5 
3 
3 
6 
4 
2 
3 
2 
3 
5 
6 
1 1876937584  
4 
6 
3 
5 
2 
4 
6 
4 
6 
6 
3 
6 
1 1407057353  
5 
3 
6 
6 
2 
6 
4 
1 695765500  
2 
6 
5 
1 1326194144  
3 
2 
2 
2 
6 
6 
6 
1 899028928  
3 
6 
2 
5 
4 
4 
6 
6 
4 
2 
2 
2 
4 
2 
4 
3 
3 
6 
6 
3 
3 
2 
6 
4 
1 187616226  
5 
6 
2 
2 
6 
4 
6 
3 
3 
2 
1 1633070072  
1 686631701  
2 
3 
3 
6 
2 
4 
2 
3 
6 
1 1893892006  
2 
1 617453963  
6 
2 
6 
3 
4 
1 1867186252  
3 
2 
6 
5 
3 
5 
1 2116530861  
5 
5 
2 
5 
1 1759319585  
1 1509753673  
2 
2 
4 
5 
2 
1 54134741  
4 
6 
2 
2 
6 
5 
1 233232578  
3 
6 
2 
4 
3 
5 
6 
1 865620622  
1 1859156789  
4 
1 1012176068  
4 
5 
4 
1 2138084213  
6 
3 
5 
3 
2 
5 
6 
3 
4 
5 
6 
1 1214768064  
6 
3 
5 
3 
3 
6 
6 
3 
2 
3 
3 
6 
1 1689486307  
2 
2 
3 
4 
3 
6 
5 
4 
4 
2 
1 549354324  
3 
4 
2 
5 
3 
5 
4 
4 
1 2088109039  
6 
5 
5 
6 
4 
6 
6 
6 
3 
2 
4 
5 
2 
1 187054130  
2 
1 388508987  
6 
2 
4 
5 
2 
6 
5 
5 
5 
4 
5 
2 
6 
5 
3 
1 49091008  
4 
3 
6 
2 
1 87338835  
4 
4 
5 
1 914830898  
1 999714430  
5 
4 
1 1108362036  
1 644284834  
1 259288136  
3 
1 1804127536  
3 
6 
4 
3 
3 
5 
3 
2 
4 
2 
4 
2 
1 1970478978  
6 
4 
2 
4 
1 1158317064  
3 
2 
2 
4 
5 
2 
4 
4 
4 
6 
3 
3 
4 
5 
6 
6 
1 1991743762  
5 
1 1456065403  
6 
2 
5 
6 
4 
1 1844948765  
5 
5 
6 
1 1738152120  
4 
3 
5 
3 
3 
2 
5 
1 2073519366  
6 
2 
1 1564651370  
4 
3 
3 
2 
1 1707199333  
5 
1 1685355304  
1 926921395  
2 
5 
6 
5 
4 
6 
2 
4 
3 
6 
4 
1 1761334075  
2 
4 
3 
2 
3 
1 1918587882  
6 
5 
5 
2 
1 1792542017  
5 
2 
1 1473007216  
3 
5 
3 
5 
5 
3 
3 
1 783280302  
6 
2 
6 
3 
2 
4 
5 
4 
3 
4 
5 
6 
4 
1 1783142583  
5 
4 
1 540291632  
3 
4 
1 325282962  
5 
2 
3 
5 
5 
4 
3 
6 
4 
5 
2 
2 
5 
4 
3 
6 
5 
5 
6 
2 
5 
4 
3 
3 
3 
5 
4 
5 
1 185013259  
1 480917023  
4 
1 512337092  
1 573522246  
2 
5 
5 
6 
4 
3 
6 
1 530008032  
4 
1 599675927  
4 
1 1488353144  
1 1529722462  
2 
5 
4 
5 
2 
3 
2 
1 1708037963  
5 
5 
1 2132637979  
5 
1 1789010598  
6 
4 
2 
1 1364681852  
3 
6 
2 
4 
6 
4 
2 
3 
2 
3 
4 
5 
6 
1 1955633309  
4 
5 
1 799844015  
5 
1 1208941966  
2 
5 
1 1264215064  
2 
1 497309132  
5 
2 
5 
1 799610439  
2 
1 1190250783  
6 
3 
4 
5 
3 
2 
3 
3 
6 
6 
4 
6 
5 
6 
4 
3 
3 
1 2061960502  
2 
3 
1 359326124  
4 
5 
2 
4 
2 
6 
3 
1 728122439  
5 
6 
2 
4 
2 
3 
5 
3 
1 841398249  
3 
5 
2 
2 
6 
4 
6 
5 
5 
6 
2 
2 
6 
5 
1 2120660199  
6 
5 
5 
1 499226673  
2 
5 
1 486456619  
2 
5 
2 
5 
4 
2 
1 1446183767  
1 1282506975  
6 
1 122115554  
6 
2 
6 
1 1986475399  
5 
5 
4 
1 1607789937  
3 
1 307128813  
5 
2 
2 
6 
4 
3 
5 
2 
1 319908775  
5 
5 
6 
1 2120127029  
1 880651059  
1 849916807  
2 
5 
4 
5 
5 
6 
5 
2 
4 
3 
2 
3 
3 
1 572319309  
1 221520556  
3 
2 
3 
6 
1 232155621  
6 
6 
5 
1 132873624  
5 
4 
1 206674887  
6 
4 
6 
4 
4 
3 
5 
4 
4 
4 
1 2021166220  
4 
2 
2 
1 1497555476  
6 
1 14824548  
4 
3 
4 
4 
4 
5 
6 
3 
5 
1 673526587  
1 559013795  
1 1279039613  
1 1170835719  
6 
1 1358624234  
2 
3 
4 
4 
5 
4 
6 
4 
3 
3 
2 
2 
1 321806748  
1 1085312574  
3 
4 
1 1717950358  
4 
6 
3 
6 
4 
1 1049929187  
5 
5 
1 1926710823  
1 1691126910  
2 
4 
1 1549155860  
5 
3 
6 
3 
3 
5 
3 
6 
6 
5 
4 
2 
6 
2 
2 
3 
3 
6 
3 
4 
6 
1 265683794  
5 
2 
6 
1 989827029  
5 
6 
1 684179187  
3 
4 
5 
5 
5 
3 
2 
4 
6 
6 
3 
6 
1 387799348  
2 
1 828818781  
2 
5 
1 144485477  
5 
5 
2 
1 694928161  
6 
4 
5 
6 
3 
5 
3 
6 
5 
3 
6 
5 
3 
1 1148727556  
5 
2 
2 
5 
6 
4 
4 
4 
6 
5 
4 
6 
4 
5 
6 
6 
4 
6 
3 
2 
6 
1 117128858  
6 
6 
2 
1 1575579221  
1 1998644363  
4 
1 689448167  
1 1797099777  
4 
1 83316336  
4 
6 
6 
6 
2 
4 
6 
3 
4 
1 822321792  
5 
2 
4 
5 
1 2003774664  
5 
5 
3 
1 2104482556  
6 
5 
2 
4 
4 
3 
2 
4 
5 
1 172393620  
3 
3 
6 
2 
4 
1 2018599212  
4 
4 
2 
4 
4 
5 
6 
4 
4 
5 
5 
6 
5 
4 
3 
4 
5 
1 630525495  
6 
3 
5 
1 731407415  
3 
6 
6 
4 
3 
3 
3 
5 
5 
2 
3 
2 
6 
3 
4 
5 
3 
3 
4 
3 
2 
5 
4 
4 
4 
6 
3 
2 
6 
6 
5 
1 1150155177  
1 1801361215  
5 
3 
4 
3 
2 
6 
5 
3 
6 
5 
3 
6 
1 2090031649  
5 
6 
2 
3 
1 1471961925  
3 
2 
2 
6 
3 
1 739190141  
2 
3 
5 
3 
4 
1 1660498360  
6 
6 
2 
4 
2 
2 
2 
1 374407464  
3 
4 
1 518417316  
1 1204141622  
1 1923563324  
3 
5 
4 
2 
6 
3 
5 
6 
6 
3 
4 
4 
2 
1 784101111  
5 
3 
6 
4 
1 46485003  
4 
2 
3 
2 
1 460258864  
2 
2 
5 
3 
4 
4 
4 
3 
1 1171900459  
2 
3 
1 875303784  
1 604744341  
4 
4 
4 
4 
5 
6 
2 
1 1866828621  
6 
3 
5 
5 
1 2024031340  
3 
2 
6 
5 
5 
5 
3 
6 
3 
2 
3 
4 
4 
4 
3 
6 
2 
2 
3 
3 
4 
6 
5 
5 
3 
4 
3 
6 
3 
3 
3 
6 
2 
3 
3 
2 
2 
5 
3 
5 
6 
5 
1 721873199  
6 
5 
6 
2 
2 
4 
4 
6 
4 
3 
2 
3 
6 
4 
5 
5 
6 
5 
1 1294924194  
3 
1 1875192055  
4 
4 
3 
5 
4 
5 
5 
6 
1 1411321367  
6 
1 944540323  
4 
1 1958508392  
3 
4 
1 86159511  
5 
5 
2 
3 
5 
5 
2 
4 
2 
6 
1 800831339  
4 
1 1915507300  
3 
5 
1 258553131  
4 
1 671946903  
2 
3 
4 
3 
4 
4 
6 
6 
5 
5 
4 
2 
6 
4 
6 
3 
1 398549148  
5 
3 
1 989960547  
5 
4 
4 
2 
6 
6 
4 
4 
6 
1 1822102081  
3 
5 
3 
2 
4 
6 
4 
5 
1 52426715  
3 
3 
1 932508548  
1 1146580358  
4 
2 
6 
5 
3 
1 791616856  
1 445523260  
5 
3 
4 
5 
3 
3 
2 
6 
5 
6 
4 
2 
5 
2 
5 
2 
6 
5 
2 
2 
4 
1 1520987823  
6 
6 
3 
4 
1 1310034172  
6 
1 1649664882  
4 
1 1297067499  
1 2094135283  
1 1696149886  
2 
5 
4 
4 
2 
3 
6 
5 
5 
3 
6 
4 
6 
1 1757326363  
4 
6 
6 
3 
5 
2 
3 
5 
4 
1 1118552095  
4 
3 
5 
6 
1 423970022  
2 
5 
2 
3 
5 
2 
1 214587056  
6 
4 
1 837897068  
5 
1 300517715  
3 
3 
6 
2 
2 
4 
3 
3 
4 
6 
3 
2 
6 
6 
3 
1 936460256  
3 
4 
3 
4 
6 
1 2132821262  
5 
6 
5 
1 28226122  
1 200297975  
4 
5 
3 
2 
4 
3 
2 
2 
3 
6 
4 
6 
2 
1 929877937  
1 1986734514  
2 
6 
1 286457486  
6 
3 
1 1730709276  
5 
1 1754758167  
1 545010617  
5 
4 
5 
2 
2 
4 
1 255172531  
6 
5 
2 
2 
2 
1 5823667  
4 
4 
6 
4 
3 
1 1534971164  
1 2077274612  
4 
4 
4 
1 58250382  
4 
3 
1 319996065  
4 
2 
1 1076371323  
4 
3 
5 
3 
3 
5 
6 
3 
5 
5 
6 
5 
2 
1 849867238  
1 765519325  
1 449875498  
2 
4 
6 
3 
5 
1 12417762  
6 
4 
4 
4 
1 267700560  
5 
6 
6 
4 
2 
4 
5 
2 
6 
6 
6 
3 
4 
3 
4 
5 
1 1746942997  
4 
4 
5 
2 
3 
5 
6 
6 
3 
1 2106553046  
6 
4 
1 1963850446  
3 
3 
6 
2 
6 
4 
1 1356785713  
5 
6 
6 
6 
1 1077621493  
5 
5 
2 
3 
4 
5 
4 
1 240336820  
5 
5 
6 
6 
6 
5 
2 
3 
5 
1 1571372769  
3 
4 
2 
6 
3 
4 
4 
4 
4 
6 
5 
6 
3 
6 
2 
2 
3 
3 
1 1915518561  
4 
2 
4 
5 
2 
3 
3 
6 
6 
6 
4 
3 
4 
2 
6 
3 
4 
4 
5 
6 
6 
2 
1 540854535  
5 
4 
4 
1 360349377  
2 
2 
3 
3 
3 
1 1900856175  
6 
5 
6 
4 
1 569080658  
1 560647352  
6 
1 683250464  
3 
5 
5 
2 
6 
1 408331524  
2 
1 847104838  
1 266476092  
1 15606043  
4 
2 
2 
6 
6 
6 
5 
6 
6 
1 1392115456  
1 521648623  
3 
6 
2 
5 
6 
1 21429710  
3 
3 
5 
3 
3 
5 
6 
4 
4 
5 
5 
3 
4 
1 779602972  
6 
6 
4 
4 
3 
1 451439588  
1 79680092  
2 
6 
3 
5 
4 
5 
3 
1 1099599037  
4 
4 
4 
6 
1 1527810911  
4 
3 
2 
4 
6 
1 929547330  
4 
2 
2 
5 
1 1865118363  
2 
2 
3 
6 
4 
2 
4 
4 
3 
4 
4 
3 
3 
3 
5 
1 1977686409  
1 941965093  
3 
5 
5 
3 
4 
1 2132818923  
6 
4 
1 1577145758  
2 
2 
2 
6 
1 901034491  
1 1949185721  
6 
3 
6 
3 
1 786447823  
3 
1 1978655984  
4 
4 
2 
4 
1 42038893  
6 
4 
3 
5 
5 
5 
1 210336945  
3 
4 
5 
1 1746690897  
6 
5 
1 582893429  
6 
2 
4 
3 
3 
6 
3 
4 
4 
1 570686322  
2 
4 
5 
5 
6 
5 
4 
2 
2 
5 
4 
6 
3 
6 
4 
2 
5 
1 1500063424  
4 
4 
1 1151974087  
2 
1 1131333675  
3 
3 
2 
6 
5 
5 
5 
4 
1 35830240  
2 
3 
4 
3 
4 
4 
3 
6 
4 
6 
4 
4 
3 
2 
5 
3 
4 
3 
2 
2 
5 
3 
5 
1 1560305611  
5 
2 
4 
5 
1 1978438513  
2 
3 
1 302306332  
6 
6 
4 
3 
4 
1 1575911655  
1 1223070321  
4 
6 
6 
5 
5 
5 
6 
5 
2 
2 
6 
4 
1 823954955  
2 
4 
6 
1 1597341365  
1 2002673294  
4 
4 
6 
2 
2 
2 
5 
6 
1 1275394543  
6 
2 
4 
6 
4 
4 
3 
6 
1 1677021458  
4 
1 954788683  
6 
2 
2 
2 
5 
1 655721806  
4 
1 459085140  
1 672423398  
6 
3 
6 
3 
3 
5 
1 485924567  
1 1401050233  
4 
2 
2 
5 
3 
6 
2 
3 
3 
2 
4 
5 
2 
3 
4 
3 
1 657758673  
1 2063070326  
4 
4 
4 
6 
3 
3 
6 
4 
6 
2 
4 
1 154601076  
4 
3 
4 
3 
4 
3 
1 459460746  
1 702034501  
1 2133257060  
1 501499640  
1 912371446  
4 
3 
2 
4 
2 
1 1732464309  
2 
4 
2 
6 
4 
3 
6 
6 
5 
5 
1 1084393069  
4 
1 1483057769  
6 
6 
5 
2 
1 1085044085  
2 
4 
6 
2 
5 
3 
1 88883508  
3 
5 
6 
3 
4 
4 
2 
2 
6 
5 
1 466907796  
2 
6 
6 
5 
6 
1 1120874325  
2 
2 
1 1649189119  
4 
4 
6 
4 
6 
5 
6 
4 
5 
3 
3 
2 
4 
6 
5 
1 297862661  
1 1423180657  
2 
3 
4 
4 
3 
1 1077617126  
1 1520932983  
5 
1 99651965  
6 
3 
4 
3 
4 
6 
5 
4 
1 527474844  
2 
2 
4 
1 1376122629  
3 
5 
1 1375046508  
5 
4 
6 
4 
3 
1 57012654  
5 
2 
6 
4 
3 
6 
5 
2 
5 
2 
1 183427664  
2 
1 2030768315  
2 
3 
1 516097794  
5 
1 855851063  
5 
3 
4 
2 
1 369209234  
6 
6 
4 
1 1917148028  
4 
1 1513609736  
3 
5 
2 
6 
5 
5 
4 
2 
6 
5 
2 
3 
6 
6 
4 
2 
5 
4 
4 
1 284795912  
2 
3 
3 
5 
5 
3 
1 2071749104  
2 
2 
2 
2 
5 
1 1973070483  
1 986830414  
2 
5 
5 
2 
5 
5 
2 
4 
3 
6 
4 
3 
1 2057522517  
2 
1 327086475  
4 
6 
1 1899201860  
1 1642503178  
6 
5 
2 
5 
6 
1 1411479544  
1 1234775981  
5 
6 
4 
2 
6 
2 
3 
3 
3 
6 
2 
6 
4 
6 
3 
4 
3 
2 
4 
4 
3 
4 
5 
4 
2 
3 
4 
6 
6 
1 580063616  
2 
5 
2 
1 1500363052  
4 
2 
6 
6 
4 
5 
6 
4 
2 
2 
5 
6 
5 
6 
2 
3 
1 1701683777  
4 
5 
5 
3 
1 1700937941  
5 
2 
5 
6 
3 
3 
3 
2 
5 
3 
1 1002068523  
4 
5 
4 
3 
1 1999546439  
6 
4 
5 
6 
2 
3 
3 
4 
1 976634951  
1 2079685650  
4 
2 
6 
2 
5 
3 
5 
6 
1 1372995774  
2 
3 
1 1076286916  
6 
3 
4 
4 
4 
3 
2 
2 
5 
5 
6 
1 459676846  
3 
2 
4 
3 
6 
5 
6 
2 
6 
5 
3 
3 
6 
4 
4 
2 
6 
3 
2 
1 601634755  
3 
5 
6 
1 303849776  
4 
1 516689500  
5 
3 
4 
2 
5 
5 
5 
1 785062419  
1 187134443  
4 
5 
1 1032787294  
3 
3 
5 
5 
2 
3 
5 
5 
2 
5 
3 
3 
4 
5 
3 
3 
5 
1 1640913482  
6 
1 556343678  
3 
4 
3 
4 
6 
3 
6 
1 802451674  
3 
6 
4 
1 1007039571  
2 
3 
5 
4 
1 841139590  
6 
5 
3 
6 
5 
5 
6 
1 726717131  
4 
6 
2 
5 
5 
6 
4 
1 832626406  
6 
2 
5 
6 
1 1827970004  
5 
6 
2 
5 
3 
1 636756000  
6 
6 
4 
4 
2 
1 1159712881  
5 
2 
1 1579688217  
5 
6 
1 131775530  
6 
2 
6 
3 
1 423708777  
6 
5 
2 
2 
2 
3 
1 666980550  
4 
5 
4 
4 
1 711839146  
6 
3 
3 
2 
1 1924071829  
5 
4 
6 
4 
1 221180680  
6 
5 
5 
4 
4 
2 
2 
5 
5 
6 
2 
3 
3 
1 265293440  
4 
5 
5 
1 778656704  
4 
6 
5 
3 
4 
5 
2 
6 
3 
6 
3 
2 
3 
2 
3 
5 
5 
1 73243471  
1 1241928391  
5 
3 
1 710858706  
1 1446239245  
3 
2 
4 
1 170731659  
5 
2 
3 
3 
2 
6 
6 
4 
4 
1 1170535552  
6 
6 
1 2047874000  
5 
1 474581435  
5 
4 
3 
2 
6 
1 1687225052  
5 
5 
1 685452771  
1 661715879  
5 
2 
3 
5 
5 
5 
3 
5 
5 
5 
6 
2 
4 
2 
6 
2 
5 
6 
6 
3 
3 
3 
6 
2 
1 572528699  
3 
4 
6 
6 
2 
6 
2 
3 
4 
6 
5 
5 
6 
3 
1 178882606  
1 1218059557  
3 
2 
6 
5 
5 
6 
3 
6 
2 
1 1374980373  
2 
6 
3 
3 
5 
6 
1 1185922177  
2 
5 
2 
5 
6 
2 
6 
4 
6 
6 
4 
4 
3 
4 
6 
1 2059199147  
1 2101697504  
6 
1 2018548583  
5 
5 
2 
2 
4 
3 
4 
6 
5 
1 1739685504  
4 
3 
6 
2 
5 
6 
4 
4 
4 
4 
2 
5 
2 
6 
4 
5 
6 
3 
2 
3 
2 
5 
6 
4 
5 
3 
6 
3 
3 
4 
4 
5 
2 
2 
1 590969856  
1 1030777816  
6 
6 
1 1171890073  
2 
6 
3 
5 
6 
1 722745387  
4 
5 
4 
2 
4 
6 
1 1454486593  
3 
2 
2 
3 
5 
5 
6 
4 
3 
4 
6 
2 
2 
1 1838870623  
3 
6 
3 
6 
1 1434584533  
6 
5 
1 1231074774  
1 2060051303  
5 
6 
3 
4 
6 
6 
2 
4 
4 
4 
6 
5 
2 
5 
5 
5 
4 
6 
5 
3 
1 1699877973  
1 2009731478  
5 
6 
4 
1 2133294774  
5 
1 794322716  
6 
4 
4 
3 
2 
1 573106537  
2 
4 
2 
3 
5 
1 1432050371  
4 
2 
1 965054375  
4 
5 
5 
1 1743642089  
2 
1 1332440723  
2 
4 
1 1439635811  
1 1283383494  
5 
3 
3 
1 2017893495  
2 
2 
2 
6 
1 2101351690  
3 
3 
6 
2 
4 
3 
3 
1 1855912193  
5 
1 49292453  
6 
4 
5 
4 
6 
6 
4 
6 
3 
5 
3 
4 
2 
4 
6 
6 
5 
4 
3 
3 
6 
4 
6 
5 
2 
1 1171927599  
2 
2 
5 
3 
3 
2 
2 
1 1083408918  
4 
4 
4 
4 
4 
1 1235214630  
3 
3 
4 
6 
2 
4 
1 1083643098  
2 
5 
6 
5 
6 
3 
3 
2 
2 
6 
6 
2 
1 1037622775  
2 
4 
1 1106279565  
3 
2 
5 
5 
4 
5 
5 
5 
5 
1 675844954  
3 
1 1628592631  
6 
5 
1 2137057381  
1 1847735027  
6 
6 
4 
1 203854370  
4 
5 
3 
5 
5 
2 
6 
1 1444060326  
1 1539122003  
3 
1 1638438904  
2 
6 
4 
4 
4 
5 
1 527651452  
6 
6 
2 
2 
2 
1 1451689658  
3 
5 
2 
5 
2 
4 
5 
3 
4 
4 
1 1190833229  
1 389899282  
1 1437500785  
1 1985155946  
4 
5 
5 
3 
3 
4 
4 
6 
2 
6 
1 963005819  
4 
6 
2 
2 
4 
3 
4 
2 
6 
1 722067508  
2 
4 
2 
6 
5 
2 
4 
2 
5 
4 
3 
3 
2 
3 
5 
5 
1 802726673  
2 
3 
1 559164261  
5 
3 
3 
3 
5 
4 
3 
3 
3 
6 
4 
2 
3 
1 2054508232  
6 
2 
3 
5 
4 
5 
5 
4 
4 
2 
3 
3 
1 94878836  
2 
2 
5 
5 
3 
1 1842547755  
2 
1 1924918079  
6 
5 
2 
1 48746878  
5 
5 
4 
6 
3 
6 
3 
3 
3 
4 
5 
2 
5 
1 1550976300  
3 
1 1974210532  
4 
5 
1 1220674477  
5 
2 
3 
2 
2 
4 
5 
5 
4 
5 
6 
5 
4 
2 
5 
5 
6 
2 
6 
5 
3 
4 
6 
5 
4 
6 
6 
4 
1 486901570  
2 
2 
2 
2 
4 
2 
1 1061941514  
4 
5 
3 
3 
5 
4 
3 
5 
4 
1 156833928  
6 
3 
4 
3 
1 1524524345  
3 
1 20737431  
6 
3 
5 
4 
2 
2 
6 
2 
5 
4 
1 832678882  
1 1005633329  
6 
1 10311164  
3 
2 
4 
6 
5 
5 
3 
1 532930262  
6 
3 
6 
1 1209487699  
2 
4 
4 
6 
3 
2 
2 
6 
6 
1 1454371490  
4 
5 
4 
2 
1 2072052265  
4 
5 
1 700442955  
1 1982022942  
3 
1 1376258275  
2 
5 
2 
6 
6 
2 
3 
5 
3 
2 
4 
2 
3 
4 
1 1891276185  
5 
2 
2 
1 224438576  
3 
4 
1 666275412  
4 
1 1728948483  
1 1187444396  
3 
2 
1 1388342921  
2 
5 
6 
1 384191508  
2 
6 
5 
5 
3 
4 
2 
5 
6 
4 
6 
6 
3 
2 
3 
1 1746608657  
6 
1 1295367505  
6 
2 
2 
2 
2 
3 
5 
3 
6 
6 
3 
6 
1 479070345  
1 1441672764  
1 1072801936  
6 
4 
1 527817223  
2 
5 
1 845165416  
2 
4 
2 
1 899528820  
3 
3 
3 
6 
4 
6 
5 
6 
6 
3 
1 1748491701  
5 
3 
6 
5 
5 
5 
3 
6 
1 1332066986  
4 
2 
1 1961470334  
4 
4 
4 
5 
5 
1 1905325629  
4 
3 
3 
1 709107684  
1 1982207765  
2 
6 
4 
4 
5 
4 
1 590520863  
3 
4 
6 
6 
1 1714741013  
2 
6 
6 
6 
6 
5 
4 
4 
4 
2 
2 
6 
6 
5 
5 
3 
3 
3 
6 
6 
5 
6 
1 1992518929  
6 
5 
2 
4 
6 
2 
4 
2 
5 
2 
6 
4 
5 
2 
2 
4 
1 1123451125  
4 
3 
5 
5 
3 
4 
4 
6 
3 
2 
3 
3 
4 
1 776745064  
3 
2 
5 
6 
1 1299406771  
3 
4 
6 
3 
5 
5 
4 
5 
5 
6 
6 
4 
3 
4 
2 
5 
4 
5 
2 
3 
6 
3 
6 
6 
1 1048019742  
4 
1 1477188020  
3 
4 
2 
2 
3 
5 
1 1133946065  
4 
5 
4 
6 
6 
4 
3 
6 
6 
1 276794370  
6 
1 1220980557  
2 
5 
6 
4 
4 
4 
6 
1 1358384641  
1 943069782  
6 
4 
6 
3 
6 
4 
1 802445392  
2 
3 
4 
5 
1 398345389  
6 
2 
2 
5 
4 
2 
3 
1 183929055  
2 
2 
1 1186636900  
6 
3 
6 
3 
2 
2 
1 2144954046  
6 
5 
1 1479296560  
5 
5 
5 
4 
4 
6 
3 
5 
1 1665707245  
6 
2 
2 
1 1439143162  
2 
1 404614848  
4 
6 
1 46040821  
5 
1 136824930  
1 1304143668  
6 
1 1794532522  
5 
5 
3 
5 
6 
4 
4 
4 
2 
2 
6 
3 
2 
4 
1 1468891917  
5 
6 
6 
5 
1 1118130354  
6 
5 
3 
2 
4 
5 
5 
3 
6 
3 
6 
1 1552374503  
5 
1 30515953  
1 952854471  
5 
4 
4 
5 
6 
6 
6 
3 
3 
3 
4 
6 
4 
3 
1 2142895366  
5 
6 
4 
3 
5 
5 
1 1745256966  
3 
6 
2 
2 
3 
2 
6 
3 
2 
6 
1 797889752  
3 
4 
2 
3 
1 1118862844  
4 
2 
2 
2 
4 
1 374518382  
3 
4 
3 
4 
1 2097296523  
2 
5 
4 
6 
5 
3 
4 
3 
1 19398938  
1 1851706402  
3 
4 
5 
1 1083758940  
2 
6 
5 
3 
3 
5 
2 
2 
3 
5 
2 
3 
3 
6 
6 
4 
1 296193308  
2 
5 
5 
2 
6 
3 
6 
3 
3 
3 
6 
2 
1 925203311  
2 
6 
2 
6 
3 
3 
5 
3 
4 
2 
5 
3 
2 
3 
6 
4 
1 294659934  
4 
2 
2 
1 1239263091  
4 
3 
5 
6 
1 1727648703  
3 
3 
3 
4 
5 
6 
5 
3 
6 
2 
4 
6 
3 
2 
3 
5 
5 
2 
1 693005323  
3 
1 1423192146  
2 
6 
1 766801956  
3 
6 
1 690475722  
4 
5 
3 
1 755005059  
6 
1 285025553  
6 
5 
5 
5 
1 2129618884  
1 1159619907  
2 
5 
5 
3 
4 
6 
1 331066374  
6 
6 
2 
4 
4 
6 
1 118960167  
1 316279928  
5 
6 
2 
4 
4 
2 
5 
5 
3 
3 
4 
5 
3 
2 
5 
5 
3 
5 
5 
3 
6 
6 
5 
1 2125598896  
3 
3 
6 
5 
5 
3 
6 
3 
5 
1 1587852084  
3 
6 
5 
2 
2 
6 
1 1434410282  
4 
6 
4 
2 
6 
1 1530489751  
5 
2 
3 
6 
1 1618368037  
2 
3 
5 
3 
4 
4 
5 
5 
1 239781106  
1 1525901470  
2 
1 1216141355  
3 
6 
1 1037670858  
2 
5 
1 497280666  
5 
5 
4 
3 
2 
4 
1 1590659737  
6 
6 
4 
6 
4 
3 
1 987483734  
6 
2 
3 
6 
5 
2 
1 516679604  
4 
2 
2 
6 
3 
4 
6 
4 
2 
4 
2 
6 
1 1294882492  
5 
2 
5 
1 2071242674  
1 812872913  
5 
5 
1 72602155  
6 
3 
1 218418960  
6 
5 
2 
5 
1 2052136004  
6 
3 
1 1800250859  
5 
3 
2 
3 
2 
1 911424284  
6 
4 
2 
1 1327844502  
3 
5 
3 
2 
2 
2 
6 
1 419569167  
1 1601900006  
1 2082849561  
5 
3 
2 
3 
2 
4 
5 
2 
4 
2 
6 
5 
2 
5 
5 
4 
1 704594720  
3 
2 
1 1584035242  
3 
6 
3 
1 1094985821  
3 
1 1035661095  
2 
5 
3 
1 1702995409  
3 
1 1411265749  
4 
6 
1 1013776343  
5 
6 
1 1143363845  
2 
4 
5 
5 
1 698192383  
2 
4 
6 
5 
5 
3 
1 396782447  
1 614248234  
6 
4 
6 
5 
6 
4 
1 937973489  
1 1922683917  
2 
6 
1 1830389589  
1 1975644348  
2 
4 
6 
1 272480935  
6 
6 
1 1273565679  
2 
4 
6 
3 
2 
3 
4 
5 
5 
6 
1 815644434  
6 
1 789160539  
3 
2 
5 
3 
5 
2 
2 
3 
1 420964523  
6 
1 739403460  
2 
4 
5 
2 
6 
2 
6 
5 
4 
4 
5 
6 
3 
4 
3 
5 
1 1602033452  
3 
1 493566678  
5 
5 
4 
3 
4 
5 
3 
4 
5 
6 
4 
4 
6 
3 
6 
5 
5 
1 957822421  
4 
6 
3 
2 
5 
1 1506685808  
5 
3 
1 146333889  
6 
3 
5 
5 
1 1869246705  
3 
1 687046663  
4 
1 565903056  
5 
4 
1 1323663063  
3 
5 
5 
6 
4 
2 
2 
3 
4 
2 
4 
5 
4 
4 
5 
1 622412576  
6 
4 
1 1270497777  
1 760214657  
2 
4 
5 
2 
6 
1 1717398397  
6 
4 
2 
6 
5 
1 158675224  
3 
4 
4 
3 
6 
6 
4 
1 315726419  
5 
5 
6 
3 
2 
2 
1 981180498  
4 
5 
3 
5 
5 
4 
3 
1 1172451567  
4 
1 1459090264  
3 
4 
5 
3 
2 
6 
6 
5 
2 
1 1679372882  
5 
3 
4 
2 
2 
6 
2 
2 
2 
4 
6 
1 1569234014  
3 
3 
3 
5 
2 
3 
5 
6 
6 
1 2073338499  
4 
4 
1 469862723  
4 
2 
3 
1 1344434283  
1 1756244440  
5 
4 
3 
1 298023423  
2 
6 
4 
6 
2 
6 
6 
6 
1 1616915218  
2 
5 
3 
3 
1 882326471  
5 
4 
2 
5 
3 
2 
4 
6 
2 
6 
3 
6 
3 
1 1113667857  
5 
1 258592110  
5 
6 
1 1303290994  
4 
6 
1 1853071318  
2 
1 1860625562  
5 
5 
1 1796857673  
1 663410091  
1 1219827723  
4 
4 
6 
4 
6 
4 
1 1943191562  
3 
2 
1 385173148  
5 
4 
4 
1 1906874386  
6 
5 
2 
2 
2 
3 
5 
5 
4 
5 
5 
4 
2 
1 361610971  
6 
6 
3 
4 
1 1708836211  
3 
6 
1 381803314  
3 
2 
3 
3 
4 
4 
5 
3 
5 
3 
1 1632108748  
1 321567220  
5 
3 
5 
5 
4 
4 
3 
1 2099201712  
6 
5 
5 
6 
5 
2 
5 
4 
2 
3 
6 
1 1790783972  
5 
3 
2 
2 
1 637293639  
1 932898562  
6 
3 
3 
3 
3 
2 
6 
6 
1 815751891  
1 2096383904  
4 
2 
5 
1 464787796  
4 
6 
4 
6 
6 
5 
6 
5 
4 
2 
4 
5 
4 
5 
6 
6 
2 
5 
6 
6 
4 
6 
1 237502258  
6 
1 2022238755  
3 
4 
4 
1 934650520  
2 
4 
1 1581936541  
3 
6 
3 
4 
2 
6 
4 
6 
4 
4 
6 
4 
1 1630999547  
6 
4 
5 
3 
2 
4 
1 1232673943  
5 
5 
6 
2 
3 
3 
5 
6 
4 
5 
1 1051368112  
3 
4 
5 
6 
1 365842371  
2 
5 
4 
5 
5 
1 198858153  
6 
6 
1 1309960222  
6 
4 
2 
6 
2 
5 
3 
6 
4 
5 
4 
6 
2 
3 
1 1669133365  
1 2051929471  
6 
4 
2 
3 
3 
2 
1 1023102136  
3 
4 
6 
5 
6 
5 
4 
3 
6 
5 
1 1318507390  
6 
5 
2 
2 
5 
3 
5 
2 
4 
6 
2 
1 567855914  
1 95446211  
5 
2 
6 
1 1114215305  
5 
6 
5 
5 
1 953029062  
6 
2 
6 
2 
6 
5 
3 
1 2002320597  
1 1475826276  
3 
4 
2 
5 
2 
4 
6 
3 
1 514381625  
5 
1 236640264  
2 
3 
4 
3 
1 960451376  
4 
3 
2 
5 
4 
4 
4 
2 
6 
6 
2 
2 
4 
4 
3 
6 
1 835948845  
3 
1 188358328  
1 603751700  
5 
1 1473242485  
5 
4 
4 
1 1121256890  
3 
4 
1 1419503591  
5 
2 
5 
4 
3 
6 
4 
2 
2 
2 
2 
1 1422142741  
3 
4 
5 
1 1586044687  
4 
2 
2 
3 
1 1657005849  
2 
4 
4 
2 
2 
1 1296897848  
1 373211559  
6 
3 
2 
5 
5 
2 
3 
3 
2 
5 
4 
1 1091458743  
6 
1 780413747  
1 1605885502  
2 
4 
1 2142826855  
5 
2 
2 
2 
4 
1 1146256118  
6 
1 1804743655  
1 1305303429  
5 
2 
1 667905836  
3 
5 
2 
2 
3 
6 
6 
4 
1 1709189478  
2 
5 
5 
5 
6 
2 
2 
6 
2 
1 180921917  
6 
3 
3 
1 1986413226  
2 
2 
2 
2 
6 
4 
6 
2 
2 
5 
4 
5 
3 
2 
2 
1 129561744  
2 
1 276368129  
1 953144883  
4 
3 
3 
2 
3 
1 1082590806  
3 
1 131205078  
5 
6 
3 
4 
5 
4 
3 
6 
6 
3 
1 281487511  
4 
5 
4 
5 
5 
1 1596972431  
2 
6 
4 
6 
1 367845342  
4 
4 
6 
6 
4 
1 1241938887  
4 
2 
3 
3 
5 
5 
2 
6 
3 
2 
5 
2 
3 
3 
4 
6 
3 
6 
1 285437629  
4 
1 556203670  
2 
4 
2 
1 1845690587  
3 
4 
5 
6 
1 1758680114  
1 1677460561  
5 
4 
3 
2 
2 
6 
4 
2 
4 
6 
5 
3 
3 
2 
4 
5 
3 
5 
6 
4 
3 
3 
1 1117710531  
5 
1 1033339207  
3 
6 
2 
3 
5 
3 
5 
6 
3 
5 
3 
6 
5 
5 
6 
5 
1 1116021600  
5 
5 
1 627232732  
2 
3 
5 
4 
2 
6 
3 
1 182753407  
5 
1 1489233159  
5 
2 
3 
1 1718691475  
4 
5 
1 963167154  
5 
6 
3 
5 
2 
4 
5 
3 
3 
1 947635013  
5 
6 
5 
4 
6 
1 1714034682  
6 
6 
4 
6 
2 
4 
1 2109423273  
1 604895021  
2 
2 
1 871854463  
6 
5 
2 
3 
4 
3 
1 629845461  
2 
6 
4 
6 
6 
6 
5 
2 
1 166600851  
6 
2 
5 
2 
6 
5 
2 
3 
5 
4 
1 1052776381  
1 468775039  
3 
5 
2 
1 296162596  
3 
3 
2 
5 
5 
6 
1 1329144510  
5 
5 
6 
5 
1 1421919923  
3 
3 
3 
4 
6 
6 
4 
1 1378753402  
4 
1 1460349588  
3 
1 1703407434  
6 
5 
1 828242186  
2 
4 
2 
2 
4 
6 
5 
4 
2 
5 
3 
2 
3 
3 
5 
4 
1 1828194931  
6 
3 
4 
2 
5 
6 
1 797862674  
6 
3 
5 
1 1113679815  
5 
3 
4 
3 
4 
4 
1 236914953  
3 
4 
1 496069613  
3 
1 724876281  
3 
2 
4 
2 
5 
3 
1 1914375514  
6 
4 
6 
4 
1 1613780144  
4 
1 1758215488  
2 
3 
2 
1 882913466  
2 
1 93529229  
1 1940968895  
4 
4 
3 
2 
6 
3 
2 
3 
4 
4 
6 
1 224662977  
2 
5 
5 
6 
2 
3 
3 
2 
4 
1 1812220704  
5 
3 
6 
6 
4 
1 756652401  
1 1172297991  
2 
3 
4 
2 
4 
6 
1 1378771739  
4 
1 718592026  
3 
4 
3 
4 
2 
2 
4 
4 
3 
3 
1 1777193012  
3 
4 
4 
3 
1 103142554  
5 
2 
6 
4 
5 
1 1348437487  
3 
2 
5 
3 
1 1943793863  
6 
1 1155918935  
1 1817212527  
3 
5 
4 
4 
6 
4 
2 
1 92472811  
1 337579797  
2 
4 
4 
5 
4 
4 
3 
3 
1 1091648802  
4 
5 
4 
2 
2 
2 
1 1471226214  
1 1797929386  
2 
5 
3 
4 
2 
1 647572588  
4 
5 
2 
2 
4 
6 
5 
1 151984752  
3 
4 
4 
3 
1 1478640669  
3 
5 
2 
1 1445435262  
5 
3 
5 
4 
5 
6 
6 
1 1265664567  
4 
4 
3 
6 
1 1715555622  
5 
4 
2 
4 
6 
1 1941504876  
6 
3 
2 
3 
3 
6 
4 
1 1990540848  
6 
6 
5 
2 
2 
3 
2 
3 
4 
3 
2 
6 
5 
5 
2 
4 
4 
3 
4 
1 1482447489  
3 
3 
6 
6 
3 
1 1407801372  
1 1601272688  
6 
4 
2 
4 
2 
3 
5 
1 217877307  
4 
1 1501330601  
5 
5 
6 
1 1394757935  
2 
6 
5 
5 
5 
5 
2 
6 
4 
3 
1 442540285  
6 
1 1166067658  
4 
6 
3 
3 
3 
4 
2 
4 
3 
3 
4 
3 
2 
5 
5 
5 
4 
5 
5 
4 
1 3926688  
1 1614838276  
1 397355749  
5 
3 
3 
5 
6 
6 
2 
5 
3 
4 
5 
3 
5 
3 
2 
6 
1 722518715  
4 
5 
2 
5 
2 
3 
1 1244547640  
2 
2 
2 
3 
1 500498303  
5 
1 2070956202  
1 1040857855  
6 
1 1656417239  
3 
4 
5 
2 
3 
1 1740685081  
4 
1 1133330667  
4 
4 
2 
1 1993997036  
4 
5 
6 
1 684850235  
1 457073233  
2 
2 
6 
2 
6 
3 
3 
5 
4 
6 
6 
4 
6 
4 
3 
6 
6 
5 
5 
5 
3 
3 
3 
1 1644442774  
1 1332422824  
5 
1 609057985  
2 
3 
5 
2 
5 
5 
3 
4 
6 
5 
6 
2 
4 
5 
5 
2 
2 
2 
1 975599795  
3 
6 
1 630374438  
6 
4 
3 
2 
5 
6 
6 
6 
4 
5 
2 
2 
6 
1 1874722552  
1 543671770  
1 424395666  
1 1717779752  
5 
1 2026119259  
4 
4 
4 
1 1832197039  
1 1171568792  
5 
2 
1 96512918  
5 
4 
1 1186043992  
6 
4 
4 
3 
4 
4 
2 
3 
2 
3 
5 
1 418843079  
5 
4 
5 
1 539053203  
5 
6 
3 
4 
4 
3 
4 
1 204628002  
4 
4 
6 
1 422769767  
2 
3 
6 
3 
1 6407831  
6 
6 
6 
1 601983751  
1 1145288482  
1 1250955471  
4 
2 
5 
5 
2 
3 
4 
3 
3 
1 1102482055  
2 
3 
1 1068761037  
6 
6 
6 
4 
4 
3 
4 
1 144329679  
5 
3 
5 
3 
6 
6 
1 611415646  
1 661962470  
4 
1 1277660346  
4 
5 
6 
6 
3 
1 457929034  
4 
2 
1 1346812706  
6 
1 1734733579  
4 
4 
3 
6 
6 
3 
4 
4 
1 2102371809  
2 
5 
1 531751882  
3 
4 
2 
5 
1 196307916  
6 
1 930487956  
6 
1 1162126320  
6 
4 
6 
5 
4 
3 
1 2071030468  
4 
3 
5 
5 
4 
1 1474159726  
1 1586521987  
5 
2 
5 
6 
3 
2 
1 1641326572  
3 
2 
3 
3 
3 
4 
4 
1 1352795337  
2 
5 
1 1271235378  
2 
1 665411716  
3 
5 
6 
1 1449308256  
4 
6 
3 
4 
3 
1 309795722  
1 1084254795  
4 
6 
1 1988361459  
2 
1 514423725  
2 
3 
3 
6 
1 1507024562  
6 
2 
1 1994769291  
2 
3 
1 1116407476  
4 
4 
5 
3 
2 
4 
3 
5 
3 
2 
1 504829397  
5 
6 
3 
2 
3 
5 
2 
6 
5 
3 
1 1098241114  
6 
3 
3 
6 
4 
5 
4 
1 71405883  
2 
4 
2 
6 
3 
2 
2 
6 
5 
4 
3 
5 
6 
4 
2 
5 
3 
4 
3 
1 1573590434  
3 
4 
1 1242570793  
1 682821529  
4 
6 
5 
2 
5 
1 88069256  
3 
1 372747491  
5 
4 
6 
3 
5 
1 1140750564  
6 
1 1434881962  
6 
4 
5 
4 
4 
3 
4 
3 
1 2107481070  
5 
5 
4 
4 
4 
6 
4 
1 1095638725  
1 1966633844  
3 
3 
5 
3 
1 156305338  
5 
1 2026126681  
5 
1 981276517  
1 79852158  
3 
6 
3 
5 
1 1352802760  
5 
6 
6 
6 
2 
6 
2 
3 
6 
6 
3 
1 420314856  
5 
4 
5 
4 
1 1721178730  
1 558114449  
4 
3 
5 
3 
3 
4 
1 1691550234  
5 
2 
5 
5 
6 
6 
4 
4 
2 
6 
3 
1 239106798  
1 2007422705  
2 
6 
4 
2 
1 2001345956  
2 
2 
4 
5 
2 
3 
3 
1 1323361593  
5 
5 
6 
6 
6 
5 
4 
3 
6 
4 
4 
2 
4 
2 
3 
6 
1 1848300517  
1 368286033  
6 
1 682902508  
6 
2 
1 1695586160  
6 
2 
5 
1 1484693510  
2 
1 1187731905  
4 
4 
4 
1 646343626  
2 
2 
6 
5 
5 
5 
5 
3 
5 
6 
6 
3 
1 1556099393  
3 
4 
4 
4 
2 
2 
3 
4 
2 
6 
1 613838691  
6 
2 
4 
6 
2 
5 
2 
6 
3 
1 1888914420  
1 91437275  
2 
6 
1 701907947  
5 
4 
3 
1 114178263  
6 
2 
1 1232187839  
2 
4 
4 
2 
1 2136789910  
4 
2 
5 
6 
3 
3 
4 
1 74175686  
5 
6 
2 
4 
3 
5 
1 180342916  
1 1955940106  
1 230481024  
1 58985949  
4 
5 
3 
1 789732975  
4 
4 
5 
5 
4 
3 
1 310333183  
4 
6 
2 
2 
1 1411788709  
1 1210047831  
5 
4 
2 
6 
3 
2 
6 
5 
1 2031511913  
4 
1 1969903159  
5 
5 
4 
3 
3 
2 
5 
5 
5 
3 
2 
1 754114417  
5 
1 123135064  
6 
6 
3 
3 
1 1829842216  
5 
1 607976726  
6 
2 
1 1446496657  
2 
4 
2 
4 
4 
5 
4 
5 
3 
4 
1 1530659085  
5 
2 
4 
5 
4 
6 
1 976262759  
4 
2 
5 
3 
3 
6 
1 2129399165  
3 
5 
2 
1 1078761597  
6 
4 
3 
6 
1 313472621  
3 
6 
6 
6 
6 
4 
2 
5 
2 
5 
4 
1 1169647422  
6 
5 
2 
6 
3 
4 
5 
2 
5 
2 
1 1725105224  
1 1869572015  
3 
1 1783486113  
4 
3 
4 
1 1466535996  
1 1961009290  
2 
4 
6 
1 337910413  
2 
6 
1 1580714259  
4 
2 
6 
6 
2 
3 
2 
1 1045713481  
4 
6 
2 
1 327216675  
4 
1 1654889945  
6 
5 
2 
6 
2 
2 
3 
1 1226056397  
2 
6 
2 
6 
6 
3 
3 
3 
4 
3 
6 
6 
2 
3 
3 
4 
6 
2 
3 
3 
3 
3 
5 
1 135673133  
5 
5 
6 
2 
5 
6 
2 
6 
1 1885370970  
3 
5 
2 
6 
5 
6 
2 
1 1285042346  
5 
5 
5 
4 
1 925406109  
6 
1 48220505  
1 549347408  
3 
5 
3 
5 
3 
3 
3 
5 
3 
1 2135453940  
3 
3 
2 
2 
4 
3 
1 2079732418  
2 
6 
3 
2 
4 
4 
3 
3 
4 
2 
1 371766919  
4 
1 742084710  
6 
2 
5 
3 
6 
5 
4 
3 
2 
4 
3 
6 
5 
5 
1 55383834  
2 
2 
6 
5 
6 
6 
1 54125487  
2 
6 
6 
1 1350061436  
4 
3 
3 
1 1501880492  
5 
4 
6 
6 
1 1584784573  
5 
6 
3 
2 
6 
4 
1 178840547  
5 
2 
4 
1 1483796009  
5 
4 
1 516062522  
1 492313169  
6 
6 
3 
3 
5 
2 
4 
2 
1 505959784  
2 
5 
2 
1 93684098  
3 
5 
6 
2 
2 
5 
5 
6 
5 
5 
4 
3 
6 
3 
3 
3 
1 214401536  
5 
4 
6 
4 
5 
2 
6 
3 
4 
4 
4 
1 141962249  
4 
1 1560220094  
6 
1 27927178  
1 479872662  
6 
3 
5 
6 
3 
3 
1 993450706  
1 1073640659  
3 
5 
1 807089337  
4 
6 
4 
3 
3 
2 
1 500857003  
3 
1 152213408  
1 942762471  
2 
4 
4 
5 
1 238744325  
3 
2 
1 1437255754  
6 
5 
1 1868168580  
2 
2 
5 
6 
2 
6 
1 286964830  
6 
2 
1 1986603162  
2 
2 
2 
4 
4 
5 
1 1856138872  
3 
2 
4 
4 
1 219213601  
3 
5 
2 
4 
2 
1 210886433  
5 
1 450739934  
1 274597435  
2 
5 
2 
6 
1 265011921  
4 
5 
2 
2 
5 
6 
1 1800801370  
3 
6 
3 
3 
3 
1 1776477927  
6 
2 
1 1849796494  
5 
2 
4 
1 1979641918  
3 
3 
3 
5 
1 1112790289  
6 
5 
5 
5 
1 218375368  
4 
3 
5 
5 
3 
1 324471439  
4 
4 
5 
1 1618750073  
5 
4 
2 
5 
2 
3 
3 
4 
2 
4 
2 
6 
3 
4 
3 
2 
1 312059467  
6 
5 
1 538872975  
2 
6 
1 1760712322  
5 
1 1872279561  
3 
2 
3 
4 
2 
3 
4 
1 566800153  
4 
6 
5 
2 
5 
6 
2 
5 
1 93101337  
2 
5 
1 718246619  
4 
5 
6 
5 
1 1640440812  
6 
3 
1 900190674  
2 
6 
2 
1 1219103623  
4 
4 
3 
6 
5 
4 
4 
6 
1 1792654220  
6 
5 
1 1842953145  
5 
5 
5 
5 
6 
6 
5 
3 
4 
6 
1 1457847948  
1 1082426326  
1 1563638077  
3 
4 
5 
4 
2 
6 
3 
4 
6 
2 
5 
3 
1 1744812779  
3 
3 
1 921545841  
3 
6 
5 
4 
3 
3 
5 
4 
2 
6 
5 
3 
4 
3 
2 
4 
1 1272293302  
5 
4 
1 1964026380  
3 
2 
5 
2 
2 
3 
3 
4 
3 
2 
3 
6 
6 
5 
3 
3 
6 
1 1132432274  
6 
5 
4 
4 
1 1723033236  
4 
5 
4 
3 
5 
3 
6 
1 91140167  
4 
5 
2 
3 
3 
2 
1 1397444195  
1 1376350959  
4 
4 
6 
5 
1 1867618095  
2 
2 
2 
3 
4 
6 
1 1099757041  
3 
6 
6 
1 1208509229  
6 
2 
2 
3 
4 
6 
4 
2 
6 
1 832924736  
3 
1 1318132410  
4 
5 
4 
3 
3 
3 
3 
1 1532980668  
5 
5 
1 304191161  
3 
5 
3 
5 
1 1630191877  
1 2071853643  
1 2064903483  
4 
4 
2 
4 
4 
6 
5 
3 
1 1354987790  
3 
2 
3 
3 
1 491170148  
6 
6 
2 
6 
6 
6 
4 
4 
5 
3 
1 10521172  
4 
1 2073234410  
3 
1 2131610960  
2 
3 
1 910711847  
6 
6 
3 
2 
1 1144854385  
4 
1 1776781532  
4 
2 
4 
1 606181344  
1 455218685  
6 
4 
1 711724210  
5 
6 
3 
1 22335774  
2 
4 
6 
3 
3 
4 
2 
4 
5 
5 
6 
5 
2 
3 
5 
3 
1 52547816  
4 
1 1633270051  
4 
3 
4 
1 1294629076  
5 
6 
1 2016574196  
4 
3 
6 
3 
4 
1 618218678  
6 
6 
1 870178664  
4 
4 
1 2107714364  
5 
6 
4 
6 
4 
3 
3 
6 
3 
5 
1 2015662873  
6 
2 
2 
4 
1 99045975  
3 
4 
2 
2 
2 
1 1827848811  
6 
3 
6 
4 
3 
1 967936267  
2 
1 1307555204  
6 
5 
5 
2 
5 
6 
2 
2 
1 513289899  
6 
5 
2 
5 
4 
4 
5 
2 
3 
3 
2 
1 138585029  
2 
1 693052224  
3 
1 817481060  
3 
6 
3 
5 
6 
5 
1 1768776906  
1 617422219  
4 
4 
1 734900895  
4 
6 
3 
4 
3 
5 
2 
1 976281048  
3 
3 
6 
3 
6 
1 1108592367  
4 
2 
5 
2 
4 
6 
3 
3 
1 745422068  
5 
4 
1 902031810  
6 
6 
2 
6 
6 
4 
6 
5 
4 
2 
6 
2 
2 
4 
4 
2 
4 
6 
5 
1 1092719679  
6 
1 1656133915  
5 
3 
2 
2 
3 
3 
3 
3 
4 
4 
3 
2 
6 
1 2046886195  
2 
4 
6 
2 
4 
5 
6 
2 
3 
1 722017563  
2 
4 
1 114831611  
5 
6 
2 
1 354621233  
5 
5 
2 
2 
1 1433741774  
6 
2 
5 
1 137167385  
4 
3 
5 
2 
3 
2 
6 
6 
2 
1 407169049  
4 
1 919528177  
4 
2 
4 
6 
1 1431796461  
4 
2 
1 276259598  
4 
4 
4 
1 1537746855  
4 
5 
4 
3 
2 
6 
6 
3 
2 
5 
2 
1 154491478  
1 236490314  
3 
5 
6 
5 
5 
2 
2 
2 
1 1405926081  
1 253537453  
1 2064339125  
1 226378700  
4 
5 
1 1561092658  
5 
4 
1 430145376  
5 
5 
2 
3 
5 
1 364963729  
5 
3 
1 106661234  
4 
2 
1 1247626436  
2 
1 2133740635  
2 
3 
5 
1 724083454  
1 1982527331  
2 
6 
6 
3 
4 
4 
1 962538035  
4 
6 
5 
2 
6 
2 
1 1832675821  
2 
1 580465751  
5 
1 1864569846  
2 
4 
2 
2 
2 
4 
3 
2 
2 
3 
2 
6 
4 
6 
6 
5 
5 
2 
1 777911853  
6 
2 
5 
2 
3 
4 
5 
1 89116018  
3 
1 1763972393  
1 1499929416  
1 203947630  
4 
3 
4 
4 
6 
3 
4 
3 
1 2118593626  
3 
6 
5 
4 
4 
4 
6 
5 
2 
5 
5 
3 
5 
6 
3 
5 
4 
3 
3 
4 
1 786187542  
4 
3 
6 
3 
5 
4 
3 
3 
6 
3 
6 
3 
1 341115015  
5 
3 
4 
5 
1 378279028  
6 
3 
5 
2 
1 1705715720  
4 
1 1772911477  
3 
2 
1 654538626  
4 
6 
5 
2 
2 
1 1095978927  
1 1927402955  
4 
6 
6 
1 891028940  
6 
3 
5 
1 354421360  
6 
4 
3 
2 
1 33456760  
5 
1 807884417  
1 580800060  
2 
2 
1 1594549418  
6 
3 
6 
6 
4 
1 1238029793  
1 945763789  
6 
4 
1 1701210653  
2 
2 
5 
1 338172581  
4 
5 
2 
1 932020776  
4 
2 
5 
3 
1 277810459  
6 
6 
1 173216264  
4 
1 1894558812  
1 2110486280  
2 
1 753682016  
2 
2 
4 
4 
5 
6 
1 1611645010  
3 
6 
2 
6 
1 740914485  
5 
1 842798034  
6 
4 
4 
1 1228133755  
6 
6 
4 
4 
6 
5 
3 
6 
2 
5 
2 
4 
3 
6 
2 
3 
5 
2 
6 
4 
5 
2 
6 
2 
5 
2 
1 93360254  
4 
3 
6 
5 
1 1046745664  
1 1199243734  
6 
6 
6 
1 879547796  
1 1387860680  
6 
3 
2 
2 
3 
4 
4 
6 
3 
2 
4 
3 
3 
1 1577522762  
3 
2 
5 
4 
6 
1 437779868  
5 
5 
3 
3 
4 
4 
6 
2 
3 
5 
1 1013288509  
1 84577740  
5 
4 
1 1533758796  
6 
3 
5 
1 793207816  
6 
1 975606680  
6 
3 
2 
1 1888180156  
3 
6 
3 
3 
1 826664576  
5 
6 
3 
4 
3 
3 
1 1783491097  
2 
1 321496569  
5 
5 
3 
4 
5 
2 
6 
1 273730347  
2 
4 
4 
4 
4 
2 
3 
1 874037242  
2 
5 
1 1267260358  
4 
4 
4 
6 
5 
3 
3 
5 
4 
4 
1 1974941000  
2 
2 
5 
4 
3 
5 
2 
3 
5 
4 
4 
6 
4 
6 
2 
5 
6 
5 
4 
3 
2 
6 
1 1212209823  
5 
2 
5 
2 
6 
6 
4 
2 
1 51797487  
5 
3 
5 
5 
1 105267811  
3 
6 
4 
4 
6 
2 
1 1385426087  
2 
4 
6 
5 
1 1946356299  
3 
4 
1 68270443  
1 2139108103  
6 
4 
2 
4 
1 1410517661  
3 
6 
4 
5 
5 
2 
4 
1 809184929  
2 
4 
1 834422490  
3 
2 
3 
3 
4 
5 
6 
6 
3 
4 
6 
4 
3 
1 491167768  
6 
2 
5 
3 
1 902545183  
6 
2 
6 
4 
3 
4 
4 
4 
5 
2 
3 
4 
3 
2 
2 
6 
4 
4 
1 1881168154  
3 
1 1690411502  
5 
4 
3 
1 1782092979  
6 
4 
2 
1 1121545186  
5 
1 1120450616  
6 
4 
3 
5 
2 
5 
2 
2 
6 
2 
6 
4 
1 72389200  
4 
3 
4 
5 
1 2134833695  
1 1205028356  
4 
6 
5 
4 
4 
1 1606147996  
3 
3 
3 
2 
1 780557863  
4 
6 
5 
1 33151388  
1 1346844504  
4 
5 
5 
1 1607222440  
5 
4 
4 
3 
2 
5 
1 1816642485  
1 1668341073  
6 
5 
3 
4 
2 
5 
2 
5 
1 1880952787  
2 
6 
2 
1 543196079  
2 
5 
4 
4 
1 788117784  
2 
2 
3 
3 
3 
4 
3 
1 1708410139  
4 
2 
6 
6 
5 
1 1755405902  
1 839915271  
6 
4 
3 
2 
2 
4 
4 
6 
6 
3 
1 1813677950  
6 
1 993348342  
6 
5 
2 
5 
4 
6 
3 
4 
6 
6 
6 
1 638787922  
6 
2 
4 
1 1881948393  
3 
5 
2 
5 
2 
4 
1 984972797  
1 2049305583  
6 
6 
1 543649674  
1 1819395287  
4 
2 
1 392989703  
4 
4 
5 
3 
