3 
3 
5 
1 512948669  
2 
2 
6 
5 
2 
5 
4 
4 
5 
2 
1 373024326  
1 1034884474  
2 
1 1865584044  
3 
2 
5 
2 
5 
6 
4 
4 
1 1720236773  
3 
4 
5 
5 
1 1326574819  
3 
1 1113905359  
2 
6 
1 1304435563  
5 
6 
1 2086249277  
4 
1 2066508633  
2 
3 
5 
5 
5 
3 
3 
4 
5 
2 
3 
6 
6 
4 
1 2042292415  
4 
6 
2 
6 
4 
4 
2 
2 
5 
4 
5 
2 
1 1706312900  
6 
5 
2 
1 818599886  
6 
2 
4 
2 
5 
3 
4 
3 
2 
3 
5 
6 
3 
1 1464794426  
1 742864524  
3 
4 
1 975581558  
5 
6 
4 
6 
6 
6 
2 
2 
6 
4 
5 
1 1623032116  
5 
4 
5 
6 
1 1454161103  
6 
2 
5 
1 555943353  
6 
6 
5 
5 
6 
4 
4 
2 
1 1134794825  
5 
4 
6 
1 2094512939  
3 
5 
1 727789767  
1 1771329068  
1 904665911  
2 
3 
6 
5 
5 
4 
5 
3 
5 
1 935295036  
1 779879906  
1 1782050635  
1 1622111515  
6 
3 
2 
3 
5 
6 
1 703359078  
5 
6 
1 1677125026  
1 296998248  
6 
5 
6 
6 
4 
6 
2 
3 
4 
1 1216307748  
1 2050149352  
5 
2 
3 
1 1331882722  
4 
4 
3 
5 
2 
3 
2 
5 
1 934408144  
6 
4 
5 
4 
5 
1 1622902477  
4 
1 510973893  
5 
1 2048313504  
5 
2 
3 
6 
5 
5 
3 
3 
4 
6 
3 
1 779854392  
6 
4 
2 
6 
4 
5 
4 
6 
3 
2 
4 
3 
4 
3 
2 
3 
2 
1 449739523  
6 
2 
5 
4 
3 
5 
2 
5 
2 
1 1967338489  
6 
2 
2 
4 
1 674663159  
6 
5 
2 
6 
1 8568775  
4 
3 
2 
2 
5 
4 
4 
6 
3 
5 
3 
2 
2 
6 
3 
6 
1 638454728  
5 
1 2139457586  
3 
6 
3 
1 751433299  
2 
5 
2 
6 
6 
5 
1 1614036286  
1 1615006054  
1 58110754  
2 
3 
1 22495992  
2 
6 
4 
3 
6 
4 
2 
4 
1 602317231  
5 
4 
5 
6 
4 
2 
6 
2 
5 
2 
6 
6 
1 5140045  
6 
1 750285759  
6 
2 
2 
5 
4 
5 
2 
4 
3 
3 
5 
5 
5 
2 
5 
4 
3 
4 
3 
3 
5 
4 
3 
6 
5 
2 
5 
2 
2 
1 226162651  
2 
2 
6 
6 
1 909805956  
3 
3 
3 
1 1685580795  
3 
2 
6 
4 
1 1006042558  
5 
1 544372943  
2 
3 
3 
1 1160208662  
6 
1 1709401636  
3 
1 74014321  
6 
1 1457206911  
6 
3 
4 
2 
1 778225736  
3 
6 
5 
4 
4 
1 2124163673  
1 641605985  
6 
2 
3 
1 1712633881  
2 
5 
2 
1 1599582503  
4 
1 1152579879  
6 
5 
5 
6 
5 
6 
5 
4 
2 
5 
4 
3 
6 
1 1613463737  
5 
3 
6 
3 
4 
1 231953247  
3 
5 
5 
4 
6 
6 
4 
1 1602319402  
2 
5 
2 
4 
2 
1 1433318578  
2 
6 
6 
5 
1 906616407  
3 
5 
2 
5 
2 
3 
3 
3 
5 
3 
5 
5 
6 
1 1610888177  
6 
3 
3 
6 
6 
2 
5 
1 2071773306  
6 
3 
3 
1 898590345  
1 214837828  
3 
1 1538325945  
4 
1 366112751  
2 
1 272948582  
5 
4 
6 
3 
3 
6 
4 
2 
4 
5 
6 
6 
1 1560821937  
6 
3 
3 
3 
3 
6 
4 
1 968429983  
4 
6 
4 
6 
2 
1 278088628  
2 
6 
3 
5 
4 
2 
2 
5 
6 
3 
1 163624048  
5 
4 
2 
4 
1 1194592634  
5 
1 1187894584  
4 
3 
3 
5 
3 
4 
3 
4 
3 
1 1849204843  
3 
2 
2 
3 
6 
3 
6 
4 
3 
4 
4 
6 
6 
1 53151544  
1 1732267528  
5 
5 
4 
4 
4 
4 
1 861929858  
2 
6 
1 1762553181  
2 
4 
5 
5 
1 1806281849  
5 
5 
4 
4 
2 
5 
5 
5 
2 
3 
1 171653121  
4 
5 
4 
6 
3 
3 
6 
3 
6 
6 
1 393295269  
6 
5 
6 
3 
4 
4 
6 
4 
6 
2 
6 
2 
6 
2 
4 
4 
5 
3 
1 1782961875  
4 
1 813259106  
1 2105929150  
3 
4 
3 
1 1235060730  
3 
6 
1 1965838985  
2 
1 1571909239  
4 
5 
3 
3 
5 
2 
5 
3 
5 
4 
1 1467013977  
1 1420674739  
3 
3 
4 
1 857744170  
6 
6 
5 
1 226146736  
2 
4 
6 
1 884079268  
3 
2 
1 782033828  
2 
1 1124737081  
2 
4 
4 
3 
2 
4 
5 
6 
6 
6 
4 
5 
2 
6 
6 
3 
5 
4 
3 
3 
6 
3 
6 
6 
1 1098917096  
6 
6 
4 
5 
2 
5 
2 
6 
1 172876125  
5 
6 
4 
2 
5 
3 
3 
6 
3 
6 
3 
6 
3 
5 
6 
4 
4 
2 
6 
2 
1 1490849833  
5 
6 
3 
2 
1 1371865679  
1 1733698062  
2 
4 
4 
6 
4 
4 
5 
6 
3 
3 
6 
5 
5 
4 
2 
5 
2 
1 311796168  
2 
3 
6 
1 1649954307  
2 
1 1897322110  
2 
6 
6 
3 
2 
4 
1 1506388802  
1 690365243  
2 
1 1599043306  
5 
5 
5 
2 
3 
5 
5 
6 
6 
5 
3 
5 
3 
2 
3 
3 
4 
3 
6 
1 1559540347  
3 
5 
3 
6 
2 
6 
5 
5 
5 
2 
5 
3 
3 
1 275149123  
6 
3 
5 
2 
3 
2 
6 
5 
4 
2 
3 
5 
4 
6 
1 313489516  
5 
2 
4 
1 1174609880  
5 
2 
2 
4 
6 
1 2081430973  
5 
1 485142637  
6 
1 1567905149  
2 
2 
3 
4 
4 
6 
3 
1 1716909200  
6 
6 
5 
4 
2 
2 
6 
1 1298401743  
5 
1 1526350652  
3 
4 
3 
2 
1 804486282  
4 
3 
3 
2 
3 
5 
4 
4 
5 
5 
3 
3 
5 
3 
3 
5 
3 
6 
1 1116757081  
2 
6 
5 
4 
1 950776243  
3 
1 124016611  
5 
4 
4 
3 
4 
1 389948172  
1 1808520413  
3 
1 350163348  
5 
2 
6 
6 
6 
5 
4 
3 
3 
6 
5 
4 
2 
3 
5 
1 1274027441  
1 443070594  
6 
4 
4 
6 
4 
6 
2 
5 
4 
6 
1 1474900429  
6 
4 
2 
4 
3 
3 
2 
3 
3 
6 
1 225460889  
4 
5 
6 
6 
3 
4 
1 615946719  
1 818266614  
5 
6 
1 1597326568  
6 
2 
6 
4 
2 
3 
4 
2 
6 
1 202161134  
2 
5 
4 
5 
6 
2 
5 
1 1130062782  
1 1099797227  
3 
6 
1 2099483244  
5 
1 488967937  
2 
4 
1 1790162471  
6 
4 
4 
3 
1 1551042902  
2 
2 
4 
4 
5 
1 2048508284  
2 
6 
4 
4 
4 
3 
3 
4 
4 
4 
2 
4 
4 
4 
3 
6 
6 
3 
3 
1 2065311594  
1 1864532418  
6 
5 
1 1075634516  
5 
2 
3 
4 
5 
5 
2 
3 
6 
6 
4 
4 
3 
1 1999258919  
4 
1 202191407  
5 
2 
6 
6 
2 
2 
1 496056017  
3 
1 1568684471  
2 
4 
3 
5 
6 
2 
1 1500593151  
6 
4 
1 2022406669  
3 
4 
2 
6 
2 
1 225687105  
4 
5 
5 
5 
1 469866584  
4 
2 
4 
4 
5 
1 825699265  
4 
6 
1 349703717  
1 859814756  
6 
4 
1 486736030  
4 
6 
2 
2 
3 
6 
3 
4 
4 
3 
4 
3 
2 
2 
4 
2 
6 
5 
6 
2 
3 
1 699867065  
1 2133842197  
1 929806624  
3 
6 
2 
6 
4 
4 
4 
2 
5 
5 
1 27283846  
5 
5 
4 
1 211819439  
3 
2 
1 1545753344  
2 
5 
3 
1 845550461  
1 1809146007  
5 
1 1747914478  
4 
2 
5 
1 1975613243  
4 
4 
1 761459587  
5 
3 
2 
3 
1 1699914074  
6 
2 
4 
1 317097532  
6 
5 
2 
3 
1 404138410  
2 
6 
4 
3 
6 
4 
1 1103473329  
4 
3 
3 
1 218122168  
5 
3 
6 
6 
5 
5 
3 
2 
3 
4 
4 
1 321966356  
1 820522099  
4 
1 1293756684  
4 
3 
5 
6 
2 
5 
6 
4 
3 
2 
6 
1 173741628  
6 
2 
3 
4 
3 
4 
4 
3 
1 1022713507  
3 
5 
1 1789812702  
1 1742426099  
2 
2 
1 375823010  
1 1664735723  
3 
5 
2 
1 1968113205  
2 
6 
6 
3 
4 
5 
5 
2 
6 
5 
5 
2 
2 
5 
4 
2 
3 
6 
2 
1 845689594  
4 
4 
5 
1 342951340  
4 
5 
3 
3 
6 
5 
1 170333274  
3 
2 
1 1705504350  
3 
3 
5 
2 
5 
5 
6 
5 
6 
2 
6 
6 
1 829687371  
4 
3 
1 870200339  
5 
6 
6 
4 
2 
5 
4 
2 
2 
3 
3 
4 
5 
4 
6 
3 
5 
6 
1 1691862900  
2 
6 
5 
6 
6 
4 
6 
5 
3 
2 
6 
4 
5 
5 
2 
6 
2 
2 
5 
5 
4 
5 
4 
2 
2 
5 
5 
4 
5 
3 
5 
2 
3 
4 
5 
3 
4 
5 
4 
2 
5 
5 
2 
5 
1 1759493995  
2 
5 
3 
4 
5 
5 
2 
5 
3 
6 
1 897484185  
6 
2 
1 1903682339  
5 
2 
3 
6 
1 1157763691  
3 
2 
2 
4 
1 1743034646  
6 
4 
3 
5 
1 1565344698  
3 
6 
5 
5 
5 
2 
1 758194521  
3 
6 
1 1571164242  
1 179320637  
1 310624948  
6 
2 
6 
4 
2 
3 
3 
5 
3 
3 
5 
4 
1 1888261774  
1 583459047  
3 
3 
6 
6 
4 
4 
2 
4 
5 
6 
6 
6 
2 
6 
6 
1 1414098277  
1 2106383943  
5 
2 
4 
6 
6 
5 
3 
2 
3 
1 905425404  
4 
3 
2 
1 87136728  
5 
6 
2 
1 1252656979  
1 1079167032  
4 
1 1109850235  
1 894986033  
6 
6 
1 674109483  
5 
6 
4 
1 1485673245  
2 
6 
2 
6 
6 
3 
6 
3 
5 
1 412238109  
1 494739040  
1 183879191  
3 
5 
4 
3 
2 
2 
5 
1 755189449  
3 
4 
3 
6 
4 
4 
1 665072314  
5 
6 
1 1889383542  
5 
2 
5 
1 1584876820  
1 1535272653  
1 1433762794  
3 
2 
3 
3 
2 
5 
1 1196887168  
4 
4 
3 
1 285273191  
3 
1 1189961485  
4 
2 
5 
5 
2 
1 207167211  
1 2028307837  
2 
6 
5 
5 
5 
1 607822535  
2 
1 965361733  
3 
2 
3 
2 
5 
5 
6 
5 
6 
4 
2 
1 1451988431  
4 
4 
1 787143173  
2 
2 
4 
1 1275986681  
5 
4 
1 1192766558  
2 
2 
1 1370602220  
4 
1 542601310  
2 
4 
3 
4 
2 
1 1151666853  
6 
6 
2 
1 128543976  
1 629738038  
6 
6 
2 
6 
6 
6 
2 
1 256840184  
3 
4 
6 
2 
5 
4 
5 
3 
2 
5 
1 1207711008  
1 1739588274  
5 
2 
6 
5 
3 
5 
2 
6 
4 
6 
2 
3 
3 
1 1151826218  
5 
1 1881820492  
1 1077777871  
1 1564064327  
6 
6 
4 
6 
3 
1 229075884  
1 1261657063  
3 
4 
5 
3 
1 171770128  
6 
6 
5 
2 
4 
4 
1 894148199  
4 
5 
5 
1 1003556957  
4 
6 
6 
6 
5 
1 1756646949  
3 
5 
4 
6 
5 
3 
6 
1 281937204  
6 
5 
4 
3 
3 
4 
4 
6 
1 289836103  
3 
2 
1 806050469  
4 
2 
1 567210395  
1 1479797588  
4 
5 
3 
2 
2 
3 
1 1013217680  
5 
2 
5 
2 
6 
3 
6 
2 
3 
4 
3 
3 
4 
3 
1 448034585  
1 2087620123  
6 
5 
3 
6 
6 
5 
1 1978579413  
4 
1 1900023016  
6 
5 
1 727279648  
2 
1 1107082446  
6 
2 
4 
1 945305926  
6 
5 
1 2097881869  
6 
3 
2 
1 1649683756  
2 
4 
2 
3 
6 
1 2096972779  
1 78942197  
3 
6 
3 
4 
3 
4 
1 131938147  
3 
5 
5 
1 206329316  
1 1286653206  
2 
5 
5 
6 
5 
5 
3 
1 1871526421  
5 
2 
5 
1 1358155534  
5 
4 
3 
6 
4 
5 
4 
6 
3 
5 
1 1020990050  
2 
4 
5 
2 
5 
4 
2 
1 801820644  
5 
6 
6 
6 
1 774736213  
5 
3 
1 1250065934  
3 
2 
4 
6 
4 
2 
3 
5 
5 
1 2063477707  
5 
4 
2 
5 
5 
6 
5 
5 
2 
1 946506341  
6 
4 
5 
2 
2 
2 
1 2144214133  
2 
3 
5 
6 
6 
2 
3 
6 
6 
4 
4 
6 
3 
1 919551016  
3 
3 
2 
2 
6 
1 555669642  
6 
2 
4 
3 
4 
4 
2 
1 278667690  
3 
2 
2 
3 
4 
3 
2 
3 
6 
5 
4 
1 1209387119  
2 
1 1361720111  
5 
6 
5 
4 
3 
3 
5 
5 
6 
4 
5 
1 845878085  
1 541701059  
2 
1 227454144  
5 
4 
3 
5 
6 
1 1293912670  
3 
2 
5 
1 481837535  
3 
5 
2 
4 
4 
6 
6 
3 
3 
6 
5 
1 58549909  
3 
6 
1 1046452039  
6 
5 
4 
2 
6 
4 
5 
1 1209117183  
2 
2 
2 
3 
1 1165632356  
2 
1 1991757965  
1 1159515404  
5 
3 
2 
1 667832464  
1 1941247097  
2 
6 
2 
5 
1 1238457602  
5 
2 
5 
5 
6 
5 
1 799770611  
4 
5 
2 
1 92765  
5 
6 
3 
4 
6 
3 
3 
5 
5 
6 
1 377627160  
1 523813384  
1 1358248299  
5 
6 
3 
2 
5 
2 
5 
3 
5 
5 
3 
3 
4 
1 1398617210  
3 
2 
3 
1 1325634029  
6 
5 
1 2132984512  
4 
3 
2 
4 
4 
4 
3 
3 
3 
1 501199496  
6 
5 
1 1241628088  
5 
1 932007205  
3 
5 
5 
2 
1 497929982  
1 13695457  
6 
6 
2 
3 
1 1487676848  
3 
5 
2 
1 776597672  
1 1223082576  
4 
5 
2 
2 
1 701913311  
5 
3 
5 
4 
4 
3 
5 
5 
6 
2 
1 1622475757  
2 
4 
4 
2 
1 1764783636  
1 929367455  
6 
2 
1 768904780  
4 
6 
1 99137523  
4 
4 
6 
3 
1 987917365  
4 
3 
6 
1 1815356819  
2 
1 1308254706  
1 6066073  
3 
1 1659631136  
5 
6 
6 
2 
2 
5 
4 
3 
2 
3 
2 
4 
5 
1 320286463  
1 673898537  
5 
3 
4 
4 
3 
5 
1 1453394585  
1 1558744065  
3 
2 
4 
5 
5 
4 
6 
1 1473669149  
2 
1 1453487350  
5 
2 
1 1936371225  
2 
4 
1 1997482533  
2 
3 
3 
6 
5 
1 664252001  
2 
4 
3 
1 1187504787  
6 
6 
1 1175632914  
1 649752865  
5 
5 
3 
4 
4 
5 
5 
1 1688704283  
1 269777355  
1 1581760071  
2 
4 
4 
1 39150617  
1 283472812  
6 
2 
6 
4 
2 
3 
4 
1 921953271  
1 815748289  
1 1506555388  
5 
1 1623866582  
2 
5 
1 290740399  
6 
6 
5 
4 
2 
3 
5 
3 
3 
6 
3 
1 1123855376  
3 
1 405750390  
4 
3 
5 
5 
5 
4 
3 
4 
2 
1 1059645179  
3 
2 
5 
6 
5 
6 
1 1222992899  
4 
6 
6 
4 
6 
1 1393667755  
4 
5 
5 
5 
2 
2 
2 
2 
2 
3 
5 
2 
2 
3 
1 727518350  
6 
6 
4 
4 
3 
5 
6 
6 
3 
5 
3 
4 
5 
1 383763958  
3 
2 
6 
5 
3 
3 
2 
3 
5 
4 
4 
3 
1 1399733828  
3 
2 
6 
2 
2 
4 
2 
6 
5 
5 
5 
1 239665838  
1 704050421  
5 
5 
1 2073632365  
5 
1 1693060424  
2 
6 
5 
5 
3 
6 
2 
4 
2 
2 
3 
6 
2 
2 
3 
1 115310838  
3 
2 
2 
6 
4 
3 
5 
2 
2 
4 
5 
1 1399817866  
4 
1 999064126  
5 
1 2051682063  
5 
4 
1 1249816752  
1 1663316128  
1 1091703202  
2 
1 277966018  
5 
6 
5 
6 
5 
3 
5 
3 
5 
6 
4 
4 
5 
2 
6 
6 
4 
2 
6 
2 
5 
6 
1 165585345  
4 
5 
1 632923837  
5 
1 547743373  
6 
4 
5 
1 1747345416  
6 
2 
2 
4 
2 
5 
1 672074455  
2 
4 
1 831216185  
2 
5 
2 
2 
2 
4 
2 
5 
1 521815039  
3 
1 1487822744  
1 190287926  
4 
2 
1 2145681622  
2 
4 
1 1778563143  
1 1314143302  
1 403948364  
6 
5 
2 
6 
5 
6 
3 
3 
6 
3 
5 
6 
6 
1 690724674  
5 
2 
1 389652554  
2 
6 
1 1797616119  
2 
2 
2 
2 
3 
6 
4 
6 
2 
5 
1 1418243024  
5 
5 
6 
4 
4 
3 
3 
1 773416512  
5 
2 
2 
1 1049866299  
6 
4 
6 
4 
1 1657908863  
5 
1 1477466933  
6 
5 
3 
4 
5 
1 976015016  
2 
6 
5 
4 
2 
5 
5 
3 
2 
5 
2 
2 
3 
6 
2 
2 
6 
6 
3 
4 
1 1203485639  
3 
6 
3 
6 
4 
3 
5 
4 
2 
4 
3 
1 1592777771  
5 
3 
6 
1 228349235  
1 55066117  
2 
2 
3 
5 
2 
4 
1 1496976186  
2 
5 
3 
4 
2 
6 
3 
1 1478165987  
2 
5 
6 
1 1718382245  
5 
2 
5 
4 
2 
1 441195740  
2 
1 1756132005  
1 1883967591  
5 
6 
6 
6 
6 
2 
4 
4 
6 
3 
5 
5 
4 
6 
5 
1 1074119577  
4 
3 
6 
4 
2 
2 
6 
4 
5 
3 
4 
3 
5 
3 
1 156391731  
2 
1 1483829359  
4 
4 
6 
2 
6 
2 
4 
1 1746194032  
6 
1 987607916  
3 
5 
4 
1 2005644399  
1 1086533129  
1 1177895842  
3 
1 2003842373  
4 
6 
2 
3 
5 
4 
3 
5 
2 
2 
2 
4 
4 
3 
1 717612624  
6 
6 
5 
4 
5 
3 
1 344555497  
2 
6 
3 
4 
2 
3 
2 
5 
2 
4 
6 
6 
1 260307089  
2 
5 
6 
4 
1 1408337299  
3 
4 
3 
2 
4 
2 
1 734208051  
1 2057923208  
5 
3 
6 
1 679096675  
1 1507624563  
5 
3 
2 
6 
2 
1 960305859  
1 189521890  
5 
4 
5 
5 
6 
6 
3 
6 
3 
3 
2 
3 
1 837607848  
3 
1 1936320875  
1 1393007529  
6 
2 
3 
4 
1 282901971  
1 17186462  
1 1448073647  
6 
6 
3 
4 
1 1779878157  
1 1495352449  
5 
1 1018972244  
5 
2 
5 
2 
2 
3 
1 73590249  
2 
5 
4 
5 
5 
2 
6 
2 
2 
1 1104000807  
4 
3 
6 
5 
1 755456187  
1 1147709826  
5 
2 
3 
1 1260392538  
3 
4 
1 91801899  
2 
4 
4 
6 
2 
2 
4 
3 
2 
4 
4 
4 
2 
4 
5 
2 
1 746420211  
2 
3 
5 
4 
5 
6 
1 100516806  
3 
4 
4 
2 
3 
2 
5 
2 
5 
4 
1 2097446298  
3 
6 
3 
2 
3 
3 
3 
3 
6 
5 
6 
6 
6 
1 1832953340  
6 
5 
2 
6 
2 
5 
1 1278412649  
5 
2 
3 
3 
3 
2 
1 1953805023  
4 
2 
4 
5 
3 
4 
2 
5 
5 
6 
6 
6 
4 
4 
3 
3 
5 
5 
2 
5 
5 
1 403082316  
4 
1 1622968146  
3 
2 
3 
2 
2 
6 
5 
3 
2 
4 
4 
3 
2 
5 
2 
3 
6 
4 
3 
6 
1 66628464  
4 
3 
4 
2 
2 
5 
6 
3 
5 
4 
2 
6 
6 
1 1811419615  
3 
6 
2 
1 209692549  
2 
2 
3 
6 
6 
4 
2 
3 
6 
4 
1 2124551672  
6 
6 
4 
2 
3 
4 
4 
2 
2 
4 
6 
2 
6 
3 
6 
5 
6 
5 
4 
4 
3 
3 
2 
6 
4 
3 
6 
1 343032643  
5 
1 1717317112  
1 937373883  
6 
3 
4 
2 
2 
2 
2 
5 
5 
6 
1 532554533  
6 
5 
3 
1 407441312  
3 
5 
1 726211110  
4 
2 
1 1925562063  
6 
1 690343283  
4 
1 743397573  
5 
3 
2 
1 1226152062  
5 
5 
4 
6 
1 322737792  
6 
3 
1 91266374  
6 
6 
2 
2 
2 
3 
5 
4 
4 
1 97640658  
4 
2 
2 
3 
6 
1 396328041  
3 
3 
4 
4 
5 
6 
6 
1 1195267181  
3 
4 
5 
1 853096846  
3 
6 
1 1544037867  
3 
1 308176071  
2 
1 944898745  
3 
5 
2 
3 
2 
5 
2 
1 142974430  
5 
3 
4 
4 
3 
5 
2 
3 
6 
5 
2 
2 
2 
3 
6 
3 
1 408692878  
3 
6 
5 
1 894861395  
2 
5 
6 
6 
4 
1 1975927770  
1 1687105527  
1 701182770  
5 
3 
6 
1 231526439  
1 1162590025  
6 
6 
3 
2 
6 
5 
1 767811234  
5 
5 
6 
3 
3 
1 2042946054  
3 
2 
6 
5 
6 
1 1372282574  
6 
1 744879258  
4 
6 
2 
6 
3 
1 238495049  
2 
2 
1 942116038  
6 
1 1682253141  
2 
1 771049583  
1 1349557350  
5 
5 
3 
1 260980603  
6 
3 
4 
3 
1 549127998  
1 2039900633  
3 
6 
1 1004378176  
4 
1 1775280060  
6 
4 
1 215154777  
5 
1 1095644551  
5 
2 
2 
5 
3 
5 
5 
6 
4 
5 
5 
5 
4 
1 1872920718  
1 611482818  
5 
3 
5 
5 
2 
6 
2 
1 143428084  
4 
2 
2 
5 
5 
1 578533916  
6 
3 
5 
4 
4 
4 
3 
6 
5 
4 
2 
3 
2 
3 
4 
6 
2 
2 
4 
6 
1 8037037  
3 
2 
1 451604156  
6 
1 1523432661  
6 
2 
3 
5 
1 151011468  
2 
1 860297034  
3 
3 
5 
2 
2 
1 270810408  
6 
2 
3 
3 
2 
6 
2 
6 
4 
5 
1 2126939238  
4 
6 
4 
1 399918913  
2 
3 
6 
3 
2 
6 
1 971993178  
4 
6 
5 
6 
6 
1 210982029  
5 
1 1562508938  
3 
3 
2 
2 
1 1739804412  
1 106444436  
2 
1 787307864  
2 
4 
4 
6 
1 337200022  
4 
3 
6 
4 
1 344939485  
3 
1 1729423902  
3 
1 2019453163  
6 
1 1115989068  
2 
6 
4 
1 931497604  
3 
3 
3 
5 
2 
1 132950119  
6 
3 
5 
4 
4 
5 
1 1665117066  
5 
2 
2 
2 
2 
6 
4 
3 
3 
4 
3 
2 
5 
2 
1 823914589  
3 
4 
3 
2 
2 
5 
6 
6 
2 
2 
4 
2 
3 
6 
3 
6 
2 
6 
2 
1 1137328295  
4 
5 
1 1292913478  
4 
2 
1 1039069366  
5 
3 
5 
4 
1 85489198  
1 1018350549  
3 
1 1650552184  
6 
3 
1 228917283  
3 
3 
6 
1 1596884465  
2 
3 
5 
5 
3 
1 1658589221  
6 
4 
4 
4 
5 
6 
5 
5 
1 680521439  
4 
4 
5 
1 972833479  
3 
2 
2 
6 
5 
4 
1 1809600689  
6 
1 1540818473  
4 
1 1243643887  
1 1789056280  
1 1940737386  
5 
6 
2 
6 
6 
2 
2 
6 
3 
3 
3 
1 68153418  
6 
1 2000038309  
6 
6 
6 
5 
3 
2 
3 
6 
1 1355762676  
5 
5 
2 
1 1807957830  
5 
3 
3 
1 2106482745  
2 
5 
6 
3 
3 
4 
3 
3 
3 
5 
3 
3 
6 
1 2143070540  
1 2145157853  
6 
4 
6 
6 
6 
4 
4 
3 
1 303938583  
2 
3 
4 
1 1725010794  
1 2017127368  
3 
1 1419927651  
3 
3 
4 
1 509024750  
2 
1 2593839  
2 
5 
1 937561070  
4 
1 1332939339  
1 1139922135  
6 
4 
6 
6 
4 
2 
6 
3 
6 
1 82990900  
5 
5 
1 224525057  
5 
6 
2 
5 
6 
4 
1 1225411333  
2 
2 
4 
4 
6 
5 
3 
4 
5 
4 
4 
6 
5 
1 1101341449  
2 
6 
1 1875077241  
4 
1 1454328616  
6 
4 
1 550742267  
1 1386182814  
6 
3 
3 
1 2134850055  
2 
4 
6 
2 
3 
2 
5 
5 
6 
2 
5 
6 
1 1523575746  
6 
1 1048299856  
5 
1 1528184880  
1 619735985  
6 
2 
6 
6 
4 
5 
4 
1 689872488  
3 
2 
3 
4 
2 
4 
5 
5 
4 
1 1321438618  
1 687889403  
1 542427149  
4 
3 
6 
5 
2 
6 
2 
6 
6 
5 
5 
1 529717646  
2 
3 
3 
3 
2 
2 
2 
3 
2 
1 348363586  
6 
4 
3 
5 
6 
6 
1 501426247  
3 
6 
3 
4 
5 
3 
1 525304538  
5 
3 
3 
3 
1 346037791  
2 
5 
5 
6 
6 
4 
2 
6 
3 
2 
6 
1 805364830  
4 
5 
4 
5 
5 
1 102831684  
5 
4 
3 
4 
1 215681511  
3 
6 
6 
6 
5 
5 
6 
3 
6 
5 
1 77808833  
3 
6 
2 
4 
4 
6 
4 
5 
2 
4 
1 611856434  
1 218275351  
3 
3 
3 
4 
2 
6 
3 
1 1015369903  
2 
1 1944795773  
5 
6 
1 1358197486  
1 1098360804  
1 21837182  
6 
6 
4 
4 
4 
3 
6 
4 
6 
4 
1 436125171  
1 52218605  
2 
6 
3 
1 1896914423  
3 
1 1890453788  
6 
5 
2 
5 
3 
1 602960872  
1 1135613590  
6 
3 
2 
6 
4 
4 
6 
1 1877820195  
3 
3 
3 
1 2126536618  
5 
1 36429798  
5 
1 1258521428  
2 
3 
6 
3 
4 
2 
4 
5 
5 
4 
2 
6 
5 
4 
1 598788956  
6 
1 726302286  
4 
2 
2 
2 
2 
5 
3 
3 
3 
2 
3 
2 
6 
1 432476398  
3 
5 
5 
4 
4 
5 
6 
6 
2 
1 1286678359  
5 
2 
6 
5 
2 
6 
1 1268729435  
6 
1 962194045  
5 
1 1635041945  
2 
2 
3 
3 
1 1770155682  
4 
4 
3 
5 
5 
6 
2 
1 1487498583  
1 1981079736  
6 
4 
4 
6 
6 
5 
2 
3 
5 
1 428036864  
3 
2 
5 
4 
5 
2 
5 
1 1590330268  
5 
5 
4 
2 
6 
1 49277600  
5 
6 
6 
1 505845698  
2 
6 
5 
5 
3 
3 
2 
3 
2 
5 
3 
5 
3 
4 
6 
4 
3 
3 
3 
4 
5 
1 54703054  
4 
2 
5 
5 
6 
6 
1 267552951  
2 
6 
6 
2 
4 
1 1521215601  
1 1999498828  
1 1625750437  
6 
6 
4 
6 
1 472092757  
6 
3 
6 
2 
4 
4 
2 
1 2021336010  
6 
5 
6 
6 
3 
6 
1 2061875608  
5 
2 
2 
6 
4 
3 
2 
6 
6 
5 
1 524311363  
1 1770766786  
6 
5 
4 
2 
6 
6 
6 
4 
1 1804845748  
1 1127272235  
4 
1 758896728  
4 
5 
6 
2 
1 1535182296  
6 
4 
4 
1 1106325206  
4 
2 
2 
2 
5 
2 
4 
5 
1 795326526  
1 646220076  
5 
5 
2 
4 
1 1705114162  
2 
5 
1 1521628812  
5 
1 1078696474  
5 
1 844308873  
3 
5 
6 
3 
5 
6 
6 
5 
2 
5 
6 
6 
1 642874599  
4 
4 
6 
3 
6 
4 
1 2040890519  
4 
4 
6 
4 
2 
5 
5 
1 331867171  
3 
5 
6 
1 265546634  
2 
2 
2 
3 
2 
1 1380905455  
4 
3 
3 
3 
4 
5 
4 
5 
2 
3 
2 
5 
1 165463259  
5 
2 
6 
4 
2 
3 
1 693583498  
6 
5 
1 823752075  
1 214740859  
1 1199429196  
3 
2 
1 878455129  
1 482293810  
1 573161150  
4 
6 
3 
1 730470309  
1 2108044247  
2 
6 
3 
2 
5 
2 
5 
1 1045253907  
5 
6 
1 604322672  
4 
1 2022436208  
6 
3 
5 
3 
6 
3 
2 
1 1569565270  
4 
1 227605810  
6 
6 
4 
3 
4 
2 
5 
3 
2 
3 
1 1679798308  
1 549353858  
1 986502538  
6 
6 
1 1067496956  
4 
6 
2 
4 
3 
3 
3 
2 
6 
4 
2 
1 1655679064  
4 
3 
4 
6 
4 
2 
4 
3 
4 
1 1781829064  
3 
2 
5 
4 
2 
5 
2 
3 
4 
1 1713717032  
5 
3 
2 
5 
3 
1 1213309578  
4 
1 1155974228  
4 
2 
5 
2 
5 
2 
1 644929859  
3 
1 2057618451  
5 
6 
3 
2 
2 
5 
2 
1 1798848827  
2 
6 
4 
1 538336730  
6 
3 
1 242001974  
1 2064395461  
2 
4 
5 
3 
4 
4 
4 
1 1919242185  
2 
5 
5 
1 407465234  
2 
2 
4 
1 610495312  
4 
4 
3 
2 
3 
3 
2 
4 
3 
6 
2 
5 
6 
6 
2 
1 595510612  
3 
6 
4 
6 
3 
2 
1 622206093  
3 
5 
1 1809924508  
2 
2 
2 
4 
6 
4 
4 
5 
5 
2 
4 
2 
4 
3 
5 
4 
1 1473965742  
2 
4 
1 1104499904  
6 
3 
5 
2 
2 
1 235602010  
2 
4 
1 56952403  
4 
3 
5 
4 
1 1065060503  
3 
6 
1 1280855918  
5 
6 
1 661275075  
2 
2 
1 940013063  
2 
2 
1 702937540  
6 
3 
1 888880885  
4 
2 
5 
2 
1 472327724  
3 
4 
6 
2 
3 
4 
5 
5 
3 
3 
4 
3 
5 
4 
5 
6 
3 
4 
6 
2 
1 1252291398  
2 
2 
3 
3 
5 
1 1875383423  
4 
3 
2 
3 
5 
4 
5 
4 
2 
3 
3 
2 
2 
5 
4 
5 
1 1539824680  
3 
6 
1 760486814  
1 1509728839  
6 
5 
3 
1 1106058065  
4 
5 
6 
1 1973796392  
5 
4 
6 
6 
2 
4 
6 
4 
6 
4 
6 
6 
3 
6 
3 
4 
5 
2 
2 
2 
6 
2 
4 
3 
5 
6 
3 
6 
2 
1 518219419  
4 
3 
2 
1 1750987924  
4 
6 
6 
3 
6 
2 
5 
5 
4 
2 
2 
3 
1 1883931196  
2 
2 
1 169584599  
2 
5 
5 
6 
6 
2 
5 
2 
2 
4 
4 
2 
1 141841006  
3 
5 
6 
2 
6 
6 
4 
5 
1 2125933170  
4 
5 
2 
6 
1 86496412  
5 
6 
3 
5 
5 
6 
5 
6 
6 
1 2061083192  
6 
1 385914756  
1 696991724  
6 
5 
5 
5 
3 
4 
1 509110156  
6 
2 
4 
3 
3 
5 
5 
3 
2 
5 
5 
1 1008120850  
6 
2 
4 
5 
3 
6 
3 
2 
3 
2 
2 
4 
5 
5 
2 
5 
1 359432585  
4 
1 1983075898  
5 
4 
5 
1 2112620754  
6 
4 
4 
1 595034595  
3 
1 2040028302  
6 
5 
5 
2 
2 
3 
1 1030197609  
3 
2 
6 
2 
6 
4 
3 
1 1875890513  
5 
6 
2 
3 
5 
4 
2 
4 
5 
3 
1 553819729  
3 
5 
6 
6 
4 
4 
1 1970210673  
3 
4 
1 431344406  
1 1442700615  
3 
3 
2 
4 
6 
3 
4 
5 
5 
1 295054749  
3 
6 
1 1683635804  
3 
1 1170600390  
2 
3 
3 
3 
2 
2 
6 
3 
3 
4 
4 
1 1834879429  
4 
1 296638971  
2 
4 
3 
6 
5 
3 
5 
1 532845582  
3 
1 793453846  
6 
2 
3 
1 122951715  
5 
1 1051065001  
2 
6 
6 
6 
6 
6 
6 
3 
2 
4 
5 
6 
6 
4 
1 396958122  
3 
4 
4 
6 
2 
5 
5 
1 2006882911  
1 1220649600  
3 
6 
1 538799129  
3 
4 
4 
6 
2 
6 
6 
3 
3 
6 
5 
6 
2 
1 1985332434  
6 
6 
6 
1 1307146013  
3 
4 
2 
1 452398673  
4 
5 
4 
5 
6 
4 
5 
5 
4 
6 
5 
3 
1 223763542  
3 
3 
2 
4 
1 2004137737  
5 
6 
1 961508829  
5 
3 
6 
2 
4 
2 
1 1231884392  
3 
2 
6 
1 216086674  
6 
5 
1 797101080  
1 1197021498  
1 811121270  
5 
1 689645734  
2 
1 79735460  
4 
1 539528135  
3 
1 1243465463  
6 
2 
6 
5 
1 2049946133  
3 
6 
5 
6 
4 
3 
6 
3 
3 
4 
3 
3 
2 
5 
5 
4 
2 
3 
4 
5 
1 970872541  
6 
4 
5 
5 
6 
6 
6 
1 538682430  
1 197517234  
5 
3 
6 
4 
6 
1 507024698  
4 
1 1709282821  
4 
5 
6 
5 
6 
2 
1 2032396663  
1 803663669  
2 
3 
4 
6 
2 
3 
6 
5 
4 
3 
6 
2 
5 
6 
3 
4 
1 94644755  
5 
6 
2 
2 
5 
3 
3 
4 
6 
1 678366862  
2 
4 
3 
4 
1 926615384  
3 
1 1145709756  
6 
1 1075324984  
1 786014648  
2 
3 
3 
4 
2 
2 
1 218875709  
3 
1 1614124113  
4 
4 
1 623863434  
2 
6 
5 
2 
2 
3 
5 
5 
3 
3 
5 
4 
6 
4 
6 
5 
4 
3 
2 
3 
6 
5 
1 1526021722  
5 
4 
5 
1 2066522786  
1 847626976  
5 
6 
4 
5 
5 
2 
1 1382675811  
2 
2 
2 
6 
2 
3 
4 
3 
6 
2 
3 
6 
2 
2 
3 
2 
5 
2 
4 
5 
6 
6 
3 
1 880547968  
2 
5 
2 
1 2079511369  
1 1598762486  
2 
6 
2 
4 
1 1677649048  
3 
2 
5 
1 1129049219  
5 
5 
2 
6 
4 
6 
6 
6 
5 
2 
4 
3 
2 
3 
6 
2 
2 
6 
1 262400108  
1 219811134  
3 
5 
1 1208784679  
3 
4 
5 
3 
5 
4 
3 
5 
5 
4 
1 801928243  
2 
4 
1 1463276597  
4 
5 
3 
2 
4 
3 
6 
5 
1 1111247164  
5 
2 
4 
2 
2 
4 
3 
1 1772800785  
5 
2 
1 2001959028  
6 
3 
1 1308764398  
3 
5 
5 
5 
1 132341835  
4 
1 1563758201  
4 
6 
2 
4 
6 
3 
4 
6 
3 
4 
4 
4 
4 
1 1193677414  
5 
5 
1 936005504  
3 
1 1658402956  
3 
6 
1 1872044276  
6 
2 
2 
4 
1 1862620888  
1 656629064  
4 
5 
1 799885612  
2 
3 
5 
2 
1 501151888  
6 
3 
1 875504773  
4 
4 
3 
1 266526078  
5 
2 
4 
1 1125015322  
4 
5 
3 
6 
6 
2 
2 
5 
2 
2 
3 
4 
1 254042847  
6 
4 
4 
2 
1 185565216  
3 
2 
3 
3 
6 
6 
6 
5 
2 
5 
2 
3 
6 
5 
5 
2 
5 
6 
6 
3 
2 
3 
4 
5 
2 
2 
1 1972642299  
1 1636718659  
2 
3 
4 
6 
3 
2 
2 
4 
5 
5 
1 1066113184  
2 
2 
6 
4 
2 
2 
4 
6 
4 
1 1904670020  
3 
5 
3 
5 
1 1087997497  
5 
2 
4 
5 
1 596278584  
2 
2 
1 886235591  
1 1350397605  
4 
5 
6 
2 
1 816089718  
1 2095020271  
3 
6 
5 
5 
4 
3 
1 4842200  
4 
2 
4 
6 
3 
6 
5 
5 
4 
4 
3 
5 
4 
6 
5 
6 
5 
3 
6 
6 
3 
4 
3 
1 131882668  
6 
4 
2 
5 
4 
5 
1 1058783787  
2 
3 
2 
6 
4 
2 
5 
3 
6 
1 1777642985  
5 
6 
4 
4 
4 
5 
6 
2 
1 2133841696  
3 
3 
5 
6 
4 
3 
4 
2 
4 
4 
1 220064538  
5 
6 
3 
5 
4 
6 
1 1909984820  
1 1550116249  
4 
4 
6 
6 
2 
2 
2 
5 
1 1413741952  
2 
1 698506676  
1 1061035557  
3 
2 
2 
2 
5 
6 
4 
6 
2 
3 
2 
2 
1 1138302580  
6 
5 
2 
1 413643917  
4 
3 
6 
2 
5 
1 1717664621  
6 
1 1938188192  
3 
3 
5 
2 
5 
2 
6 
1 914795805  
6 
5 
4 
3 
5 
6 
4 
3 
1 445685747  
6 
6 
5 
1 57230622  
3 
2 
2 
6 
6 
5 
5 
5 
1 2039811128  
1 699728594  
2 
6 
4 
2 
2 
6 
3 
5 
5 
4 
2 
1 242795839  
6 
1 1864969779  
1 188963605  
6 
4 
6 
2 
4 
2 
5 
1 1308909023  
1 1622156151  
1 1276961102  
3 
3 
2 
6 
3 
2 
3 
4 
1 1905187608  
4 
5 
2 
5 
6 
1 360908094  
1 479875059  
5 
1 573793678  
4 
3 
4 
5 
1 308444717  
4 
2 
4 
6 
1 484717260  
3 
6 
2 
4 
4 
4 
2 
4 
2 
6 
6 
5 
2 
5 
4 
4 
5 
5 
5 
6 
6 
1 705676346  
5 
1 1367228505  
5 
2 
4 
5 
4 
1 114876597  
4 
6 
6 
5 
4 
4 
2 
3 
4 
2 
4 
3 
3 
6 
5 
2 
6 
6 
3 
2 
6 
2 
6 
4 
4 
3 
3 
5 
5 
1 692034394  
6 
5 
3 
3 
3 
4 
3 
2 
5 
4 
1 1587293043  
2 
4 
2 
5 
6 
6 
6 
2 
4 
2 
6 
1 2024861418  
2 
5 
4 
5 
1 94666995  
4 
1 853551347  
3 
1 575884446  
5 
5 
1 1155702552  
3 
2 
2 
4 
5 
2 
2 
5 
4 
1 1991853927  
6 
5 
1 989528363  
5 
6 
1 725883526  
5 
2 
1 1782558471  
1 1904324169  
5 
3 
5 
1 1171569273  
2 
6 
5 
5 
6 
2 
3 
4 
2 
2 
3 
6 
6 
6 
6 
1 1839789094  
3 
5 
6 
2 
4 
5 
4 
6 
2 
4 
3 
6 
6 
1 1796651649  
2 
2 
5 
1 1871297867  
2 
4 
1 2082584933  
4 
4 
6 
5 
4 
4 
1 1514137780  
2 
6 
4 
3 
5 
6 
3 
5 
3 
4 
2 
6 
4 
2 
5 
5 
2 
2 
3 
1 2060261473  
3 
1 1244010308  
1 988810283  
1 1189738927  
1 1001714268  
4 
5 
3 
3 
3 
2 
4 
6 
5 
4 
6 
3 
5 
4 
4 
5 
3 
3 
1 1349718377  
6 
3 
6 
4 
1 1669613987  
2 
4 
5 
2 
2 
6 
1 1575507947  
4 
6 
6 
3 
4 
4 
2 
2 
6 
2 
1 1658163095  
4 
2 
5 
1 6847599  
2 
2 
2 
5 
4 
6 
5 
6 
1 133700645  
4 
5 
2 
5 
5 
4 
1 877907952  
1 121724196  
1 825735040  
4 
2 
4 
6 
5 
3 
4 
3 
4 
4 
4 
2 
5 
3 
2 
4 
3 
1 317717347  
3 
2 
2 
3 
1 2146585614  
1 920402035  
4 
3 
3 
3 
4 
4 
6 
6 
2 
2 
1 1171268694  
2 
3 
5 
5 
3 
2 
2 
3 
1 574986413  
3 
2 
6 
3 
3 
2 
5 
6 
2 
4 
3 
1 2076104588  
6 
5 
1 1015638973  
3 
5 
3 
3 
3 
4 
6 
1 1564514776  
1 654504466  
2 
5 
6 
1 650713796  
3 
6 
1 1321355297  
2 
6 
3 
3 
6 
2 
1 1826073739  
5 
1 343019242  
5 
2 
6 
1 970523298  
2 
3 
2 
5 
5 
2 
1 1549887958  
6 
4 
5 
6 
6 
4 
5 
6 
3 
1 278120527  
6 
4 
3 
2 
2 
4 
5 
4 
4 
4 
5 
6 
6 
1 337177430  
6 
5 
1 1462665783  
2 
5 
1 1522130836  
1 1325987713  
3 
4 
1 504921063  
3 
3 
1 376361456  
1 528222443  
2 
4 
3 
4 
3 
2 
3 
1 27051402  
3 
6 
6 
6 
4 
1 1951869403  
4 
1 38901890  
4 
4 
2 
2 
4 
2 
2 
4 
5 
3 
2 
4 
1 33899001  
5 
2 
4 
6 
6 
2 
5 
2 
2 
1 2085570049  
2 
2 
6 
6 
4 
4 
4 
1 916809842  
2 
5 
3 
4 
6 
2 
3 
3 
3 
1 155623197  
3 
4 
3 
5 
3 
4 
4 
2 
1 763821441  
5 
1 1234527189  
5 
5 
2 
4 
5 
1 154725164  
2 
6 
2 
1 1684223476  
6 
1 258312235  
4 
3 
2 
3 
5 
1 729711577  
4 
3 
6 
5 
1 1612844416  
5 
3 
5 
2 
4 
4 
1 1273951208  
3 
4 
5 
5 
6 
4 
2 
3 
2 
1 146742705  
1 119865234  
1 1924665004  
1 1468098003  
2 
3 
4 
2 
3 
2 
4 
3 
1 1945938973  
1 120200599  
6 
4 
3 
6 
6 
4 
5 
4 
3 
1 291137653  
3 
1 1348343284  
5 
4 
1 398321126  
6 
4 
2 
5 
3 
6 
1 628315084  
1 663525419  
5 
4 
3 
6 
3 
3 
5 
5 
5 
5 
1 1920451962  
3 
5 
5 
6 
5 
3 
1 1954302797  
6 
2 
4 
2 
4 
1 1168446482  
4 
5 
2 
3 
1 149329771  
1 335041592  
3 
4 
6 
1 1195497884  
1 2101199174  
2 
6 
6 
1 373943482  
5 
6 
4 
1 1229396885  
5 
6 
5 
1 2039285575  
3 
2 
5 
4 
1 1290753324  
4 
1 1385020083  
3 
2 
2 
2 
3 
3 
6 
1 655623368  
4 
6 
2 
1 377796865  
1 1539745247  
3 
2 
2 
6 
4 
2 
2 
3 
3 
2 
6 
6 
5 
2 
5 
5 
3 
3 
6 
1 192363197  
6 
4 
5 
4 
3 
4 
1 636109100  
1 121973176  
1 1805207613  
2 
6 
6 
6 
4 
4 
4 
5 
4 
4 
4 
1 1910060308  
5 
6 
5 
5 
3 
6 
1 268715881  
3 
4 
6 
4 
1 1925072848  
4 
4 
4 
2 
5 
2 
5 
3 
2 
6 
5 
4 
4 
2 
3 
6 
2 
1 1687241665  
2 
5 
1 1736813884  
6 
4 
5 
4 
4 
6 
4 
3 
5 
1 1723528173  
3 
5 
5 
2 
5 
5 
2 
5 
4 
6 
6 
2 
3 
4 
4 
1 1807442264  
3 
5 
3 
3 
5 
2 
3 
1 2027951538  
2 
6 
1 924387809  
1 58279742  
2 
1 508782974  
6 
6 
1 1587913229  
2 
2 
3 
1 1978731705  
2 
3 
1 315602123  
6 
2 
3 
1 608876063  
4 
5 
3 
3 
4 
1 2128061476  
4 
1 650643716  
2 
5 
4 
1 1804373948  
6 
2 
1 2081777002  
2 
2 
6 
4 
3 
6 
4 
1 1024587198  
6 
4 
1 886287185  
6 
6 
3 
2 
5 
3 
4 
3 
5 
6 
5 
5 
1 1973578930  
6 
2 
5 
4 
6 
1 167856875  
2 
2 
3 
3 
3 
4 
2 
4 
4 
5 
1 123823620  
2 
4 
3 
4 
5 
1 481718650  
6 
6 
4 
2 
5 
4 
1 545653740  
4 
3 
5 
5 
4 
4 
3 
6 
2 
6 
6 
6 
6 
6 
6 
1 1663568867  
4 
1 674081847  
4 
3 
6 
1 1181762841  
2 
5 
3 
2 
4 
1 1785542043  
4 
3 
3 
6 
2 
2 
6 
5 
1 331805813  
2 
6 
6 
5 
2 
2 
1 944339501  
2 
6 
3 
6 
1 2054257925  
4 
1 109395013  
4 
1 484097518  
4 
2 
1 1643588161  
6 
6 
5 
4 
2 
4 
3 
6 
4 
6 
4 
6 
2 
2 
4 
4 
1 1832923186  
6 
3 
1 144056134  
6 
2 
1 1524056051  
6 
4 
5 
6 
3 
6 
4 
3 
1 609827348  
3 
5 
4 
1 202335877  
4 
6 
3 
3 
5 
6 
4 
1 2032839025  
4 
4 
1 50256929  
5 
2 
1 33583934  
6 
6 
3 
5 
2 
3 
5 
6 
5 
4 
6 
4 
3 
1 200957501  
4 
3 
1 659132992  
6 
1 14161762  
5 
4 
4 
4 
6 
1 851601217  
3 
1 316023292  
1 2095938764  
5 
3 
5 
5 
1 1876188415  
2 
6 
5 
2 
2 
6 
3 
4 
3 
3 
6 
5 
1 1202310478  
3 
6 
6 
2 
6 
1 1922034046  
4 
5 
3 
6 
2 
3 
3 
2 
6 
5 
1 2044045290  
1 1326134098  
3 
4 
2 
5 
5 
2 
4 
4 
4 
5 
4 
2 
3 
4 
1 256269049  
4 
3 
2 
4 
1 442215383  
5 
5 
1 842219318  
5 
3 
4 
2 
3 
6 
4 
6 
6 
3 
6 
1 930350896  
1 1623978224  
1 480277713  
2 
6 
3 
5 
6 
4 
2 
6 
5 
2 
6 
1 1262156709  
2 
2 
4 
2 
1 420834077  
6 
4 
5 
5 
3 
3 
2 
5 
2 
2 
1 387051990  
6 
4 
1 1371551722  
5 
1 904931596  
2 
6 
3 
2 
3 
3 
5 
2 
5 
5 
3 
1 2030640152  
2 
2 
1 1056991261  
1 1048987730  
3 
3 
5 
1 1407212555  
4 
4 
4 
4 
4 
5 
3 
5 
5 
2 
4 
2 
3 
2 
5 
2 
5 
1 1666818609  
6 
3 
1 1251323607  
4 
5 
5 
2 
5 
5 
3 
3 
5 
5 
3 
1 1292567933  
6 
1 1717075538  
6 
1 1284907541  
4 
1 1493525434  
4 
1 228724882  
4 
5 
3 
2 
2 
1 1299069303  
6 
5 
4 
5 
1 197643003  
6 
5 
5 
5 
4 
4 
5 
4 
3 
5 
2 
3 
2 
6 
2 
3 
5 
2 
3 
2 
1 544748175  
2 
5 
1 1247524420  
3 
2 
3 
4 
6 
3 
6 
3 
2 
1 2073831418  
2 
6 
2 
3 
5 
3 
4 
5 
5 
3 
2 
2 
3 
6 
1 1747058653  
5 
3 
6 
2 
2 
6 
5 
4 
4 
5 
2 
5 
1 1022074818  
3 
5 
3 
2 
6 
4 
6 
5 
1 1970393061  
4 
1 925709103  
2 
3 
6 
2 
4 
5 
5 
2 
2 
1 1278343867  
3 
3 
5 
6 
3 
6 
6 
2 
2 
3 
4 
1 265124796  
5 
6 
5 
1 1767928421  
3 
6 
1 61211116  
6 
5 
6 
4 
5 
6 
4 
3 
4 
6 
5 
6 
4 
1 1889103020  
6 
2 
1 100722487  
3 
2 
5 
4 
3 
5 
1 1323367825  
2 
6 
1 162453449  
1 487774477  
3 
3 
4 
5 
3 
6 
3 
5 
3 
1 547435900  
4 
6 
2 
4 
5 
1 1067385045  
6 
3 
1 370930981  
5 
3 
4 
1 1604427161  
4 
5 
3 
5 
4 
3 
4 
1 2116372776  
1 1778143537  
6 
3 
5 
6 
3 
6 
4 
6 
6 
5 
4 
2 
4 
1 1123762122  
4 
5 
5 
2 
6 
5 
1 1220212735  
2 
6 
6 
4 
3 
5 
2 
4 
5 
5 
4 
6 
5 
5 
4 
3 
3 
3 
3 
3 
4 
1 923227822  
5 
3 
2 
4 
5 
1 693354012  
2 
6 
4 
1 357636629  
5 
5 
2 
6 
4 
2 
5 
1 269269608  
3 
6 
5 
2 
5 
6 
2 
5 
1 922078894  
4 
6 
1 1656705932  
3 
2 
1 466912611  
2 
3 
5 
3 
1 1466827069  
6 
5 
6 
1 756746704  
2 
6 
4 
3 
3 
4 
5 
4 
1 393260381  
3 
2 
2 
5 
4 
2 
5 
6 
4 
1 1066402074  
6 
2 
6 
6 
1 1778821523  
1 216169794  
5 
4 
6 
5 
2 
4 
4 
3 
3 
4 
3 
6 
1 1992111178  
2 
3 
3 
2 
6 
2 
2 
4 
2 
6 
4 
6 
1 909681742  
1 481294590  
2 
4 
4 
1 1612555951  
2 
6 
3 
1 970892858  
6 
5 
4 
5 
6 
3 
4 
2 
1 222913962  
3 
3 
1 1713278438  
6 
4 
2 
3 
2 
2 
6 
4 
5 
6 
4 
5 
2 
6 
6 
5 
5 
2 
1 146777036  
5 
3 
5 
3 
6 
4 
3 
3 
2 
5 
6 
6 
2 
1 385367412  
2 
5 
6 
6 
2 
3 
4 
4 
1 53569268  
2 
6 
4 
6 
6 
4 
2 
3 
5 
2 
2 
2 
3 
4 
2 
5 
6 
2 
3 
6 
6 
2 
6 
4 
5 
2 
1 694212936  
3 
6 
6 
6 
3 
1 1452752457  
4 
2 
5 
3 
1 424500249  
4 
3 
5 
4 
4 
2 
4 
5 
2 
6 
6 
5 
2 
2 
2 
6 
2 
6 
5 
4 
2 
3 
6 
5 
5 
1 151156449  
2 
2 
6 
2 
6 
3 
2 
3 
5 
6 
4 
5 
4 
2 
3 
2 
5 
4 
2 
5 
2 
6 
3 
6 
1 1421641585  
3 
3 
1 55160138  
6 
2 
4 
5 
4 
1 1274918571  
2 
1 494370673  
6 
5 
5 
2 
2 
1 978387960  
3 
6 
2 
6 
3 
6 
3 
4 
4 
3 
6 
6 
2 
4 
1 1968272583  
4 
3 
1 852007302  
1 1247657568  
2 
3 
4 
3 
5 
2 
4 
5 
2 
1 742867829  
1 361229586  
5 
2 
6 
5 
4 
2 
2 
6 
1 1714570179  
3 
3 
4 
1 62211251  
6 
3 
3 
6 
2 
6 
1 1117976291  
4 
6 
1 2107830561  
5 
5 
6 
4 
2 
3 
4 
4 
2 
6 
3 
1 1128613325  
6 
5 
1 749314166  
2 
3 
4 
3 
3 
2 
5 
1 176516707  
4 
1 973240855  
4 
6 
1 1658995908  
5 
6 
2 
2 
1 657811298  
4 
5 
5 
5 
1 438313159  
4 
1 482405119  
6 
6 
3 
2 
4 
3 
4 
5 
4 
6 
5 
5 
2 
3 
2 
6 
4 
1 880725260  
2 
1 4107949  
3 
1 629182155  
2 
1 1266092672  
5 
5 
4 
6 
5 
3 
3 
3 
2 
4 
5 
3 
2 
4 
1 57677217  
1 1323395091  
3 
4 
4 
5 
4 
3 
2 
4 
2 
5 
3 
4 
3 
1 571361482  
2 
4 
4 
6 
2 
2 
5 
2 
6 
6 
4 
6 
4 
4 
4 
3 
4 
5 
1 482177467  
6 
2 
2 
2 
2 
4 
2 
4 
3 
2 
5 
2 
3 
2 
2 
3 
5 
3 
4 
4 
6 
5 
3 
5 
1 1474551540  
3 
3 
4 
1 1993003067  
3 
3 
4 
2 
1 537337605  
5 
1 601986463  
1 339890092  
6 
6 
1 1515725566  
1 422775398  
5 
1 1191897394  
2 
3 
4 
6 
2 
4 
3 
5 
6 
1 615899486  
5 
4 
6 
5 
2 
1 1165643227  
5 
6 
3 
6 
5 
2 
6 
6 
4 
5 
2 
4 
2 
5 
4 
4 
3 
1 1553126981  
6 
2 
6 
2 
2 
2 
2 
5 
6 
1 182986018  
4 
6 
6 
4 
2 
6 
5 
6 
5 
4 
6 
1 1227854478  
4 
1 523619624  
3 
6 
3 
3 
5 
5 
1 143332931  
3 
1 208984156  
1 1272933790  
6 
5 
2 
1 319849638  
5 
1 1182225011  
1 784446050  
6 
5 
2 
3 
4 
3 
5 
1 977660936  
1 1620538170  
3 
3 
6 
1 1266851169  
1 1858386197  
6 
3 
3 
4 
4 
5 
3 
2 
1 1624646120  
2 
2 
4 
5 
3 
4 
6 
4 
6 
5 
3 
5 
2 
4 
1 1896033324  
6 
2 
4 
2 
3 
6 
2 
2 
1 976995221  
3 
6 
6 
3 
4 
2 
2 
5 
4 
5 
5 
3 
6 
5 
3 
3 
4 
1 1682323337  
3 
4 
4 
3 
2 
6 
2 
6 
3 
4 
3 
4 
5 
6 
4 
6 
2 
2 
1 1071944767  
6 
3 
5 
3 
6 
1 1548356703  
1 17017156  
5 
1 399012659  
4 
2 
4 
4 
4 
2 
5 
4 
1 1393876123  
1 554354762  
5 
2 
4 
1 1000999122  
1 1733766215  
3 
4 
6 
2 
3 
2 
3 
5 
4 
3 
6 
3 
1 2070080328  
1 1423774520  
2 
6 
3 
5 
1 778179962  
3 
2 
2 
6 
4 
5 
5 
4 
3 
6 
6 
4 
3 
4 
4 
4 
2 
5 
3 
2 
6 
4 
6 
5 
5 
2 
2 
3 
1 538496166  
5 
1 441934100  
4 
1 183823295  
5 
5 
2 
5 
6 
3 
3 
6 
5 
6 
1 721482184  
4 
5 
5 
6 
5 
1 1669788578  
4 
3 
5 
3 
5 
2 
3 
3 
1 707442919  
1 864815115  
5 
3 
4 
2 
2 
4 
5 
4 
1 1878772734  
4 
1 1980376709  
2 
1 1184664754  
1 913514098  
2 
3 
6 
6 
6 
2 
3 
1 617339111  
3 
1 14842042  
4 
6 
2 
6 
5 
2 
4 
3 
1 386568620  
5 
6 
2 
1 1884190281  
2 
6 
4 
1 1873228239  
3 
6 
2 
1 2011214740  
5 
5 
6 
6 
6 
2 
3 
1 1632739957  
5 
2 
1 702739813  
1 1546054430  
6 
4 
5 
2 
6 
3 
1 557201077  
5 
1 103612868  
3 
5 
6 
5 
3 
6 
1 1563071586  
2 
4 
1 956213736  
4 
1 1497488991  
4 
4 
6 
2 
5 
4 
5 
5 
4 
3 
4 
5 
6 
4 
5 
5 
6 
4 
2 
2 
6 
3 
2 
5 
6 
6 
6 
2 
4 
2 
1 2117426348  
4 
1 1957212859  
4 
6 
6 
6 
6 
4 
4 
3 
5 
1 1083771559  
1 2040023028  
4 
3 
3 
2 
6 
3 
6 
3 
5 
6 
6 
2 
6 
6 
1 1233503731  
6 
5 
4 
2 
3 
4 
5 
6 
3 
3 
5 
4 
3 
4 
6 
6 
1 1861951521  
5 
1 431035547  
3 
6 
6 
4 
6 
2 
6 
6 
4 
5 
1 1675437831  
3 
3 
2 
5 
3 
4 
3 
3 
4 
5 
6 
2 
6 
3 
4 
6 
6 
5 
4 
5 
3 
2 
4 
3 
1 2045774816  
1 1152517731  
4 
6 
2 
3 
4 
5 
3 
2 
4 
6 
1 1197742762  
4 
6 
3 
5 
2 
3 
6 
3 
5 
5 
5 
1 605734087  
3 
2 
6 
6 
1 2017332847  
2 
2 
4 
1 929031848  
2 
2 
6 
1 438627148  
6 
5 
3 
6 
6 
4 
1 1054513953  
6 
3 
4 
5 
3 
1 1842545946  
5 
1 1055966259  
2 
6 
1 1069355995  
1 81630919  
3 
5 
2 
4 
1 792672892  
6 
4 
5 
4 
5 
2 
3 
3 
4 
1 795100587  
3 
4 
2 
6 
3 
1 2092845659  
1 277929202  
2 
2 
1 1497840400  
2 
1 1491416441  
5 
5 
4 
4 
4 
3 
1 835130279  
5 
3 
6 
5 
5 
3 
5 
5 
2 
6 
5 
6 
2 
5 
4 
5 
2 
1 1601453268  
4 
3 
1 907004380  
1 1791344015  
6 
6 
6 
4 
2 
4 
5 
3 
3 
2 
4 
5 
5 
3 
5 
2 
3 
1 951458612  
2 
2 
3 
1 876947080  
1 1601073226  
5 
3 
1 2035230171  
2 
3 
3 
2 
2 
2 
1 769486461  
6 
6 
2 
4 
6 
4 
4 
5 
4 
6 
2 
2 
6 
3 
2 
5 
3 
4 
5 
4 
3 
1 687093310  
3 
6 
1 1749698044  
3 
6 
3 
1 1200522008  
1 215047493  
2 
1 1647989212  
3 
6 
5 
6 
2 
2 
6 
4 
5 
1 205556091  
2 
5 
6 
6 
4 
5 
1 1412790255  
4 
2 
1 106239651  
1 75405290  
2 
3 
1 194338456  
3 
6 
2 
2 
3 
1 544866799  
3 
6 
1 1129919243  
3 
1 2036884402  
2 
1 1600833058  
4 
1 51791591  
2 
1 2118515321  
4 
5 
6 
6 
4 
4 
5 
6 
4 
3 
5 
2 
2 
6 
1 246022303  
5 
3 
6 
2 
5 
2 
3 
1 846892178  
3 
3 
3 
4 
5 
5 
4 
2 
5 
5 
2 
2 
3 
1 2063877333  
4 
2 
6 
4 
4 
3 
2 
1 523951505  
4 
3 
5 
1 197248930  
4 
6 
2 
3 
1 1407810126  
5 
3 
6 
2 
6 
2 
2 
1 1359081784  
2 
3 
3 
2 
5 
5 
3 
5 
6 
5 
5 
6 
3 
6 
4 
1 1798702198  
1 167330858  
2 
6 
1 1002942151  
3 
1 602677162  
1 1044277939  
3 
4 
1 456531730  
4 
2 
2 
4 
5 
1 490423685  
2 
1 1813764400  
4 
2 
5 
3 
3 
3 
1 1143625040  
2 
1 92638081  
1 866802760  
2 
1 1358672533  
2 
2 
4 
4 
3 
1 1740627293  
3 
3 
1 1072358851  
1 623979141  
1 1846866944  
3 
6 
6 
2 
1 1147764142  
3 
4 
6 
5 
1 818317597  
5 
4 
6 
4 
2 
1 244250095  
6 
5 
5 
6 
3 
6 
1 130199737  
6 
1 707718351  
1 1845083154  
4 
4 
6 
2 
3 
2 
2 
1 181991328  
1 678750025  
4 
5 
5 
5 
6 
6 
5 
1 2091105457  
1 1028883506  
2 
4 
1 595143710  
5 
2 
2 
2 
2 
1 467573314  
6 
4 
4 
6 
1 1226132436  
6 
3 
3 
4 
3 
5 
4 
1 2002953836  
1 1826655098  
3 
3 
3 
3 
1 877350987  
5 
5 
6 
4 
6 
4 
4 
2 
5 
4 
2 
6 
5 
6 
1 22801047  
5 
2 
4 
2 
1 682113601  
6 
3 
6 
2 
4 
6 
6 
4 
6 
2 
4 
6 
4 
6 
2 
5 
5 
1 1480028149  
6 
2 
2 
5 
6 
5 
4 
1 1067078986  
4 
3 
1 1138645331  
4 
3 
4 
5 
6 
6 
3 
2 
5 
3 
2 
3 
1 1970451835  
4 
6 
1 733359738  
3 
4 
2 
6 
1 134786723  
6 
4 
5 
4 
1 2063089916  
5 
6 
6 
4 
6 
2 
6 
4 
1 1600162498  
3 
5 
5 
2 
1 1493459257  
6 
1 1656233562  
3 
2 
3 
4 
5 
2 
5 
6 
2 
5 
1 525037701  
6 
3 
6 
2 
3 
6 
1 2117438398  
4 
5 
1 1355616858  
1 1672801843  
6 
1 788272347  
4 
5 
6 
5 
4 
6 
3 
4 
5 
1 1599866954  
4 
1 1803001581  
3 
6 
6 
3 
3 
5 
6 
3 
3 
5 
4 
2 
6 
5 
5 
2 
2 
1 1495990698  
3 
2 
2 
1 1297466460  
3 
3 
3 
1 1984992909  
6 
1 27257075  
4 
6 
3 
1 1241088269  
1 866392768  
3 
1 622400785  
2 
5 
2 
3 
6 
4 
1 1708661583  
4 
1 2092525204  
6 
4 
4 
4 
2 
6 
6 
2 
1 477870974  
4 
6 
5 
5 
6 
5 
2 
2 
2 
1 1387833033  
1 822392543  
4 
5 
1 500672021  
3 
1 2069946634  
2 
2 
5 
6 
1 154937045  
5 
3 
5 
1 1567751007  
3 
4 
4 
5 
1 1061108318  
2 
1 2125388880  
4 
2 
6 
3 
4 
1 153627097  
4 
5 
2 
1 1195895041  
6 
4 
4 
1 2040995148  
4 
1 1753789595  
5 
4 
2 
4 
6 
4 
2 
5 
3 
1 541870650  
1 1549745062  
4 
4 
4 
2 
1 131343648  
6 
6 
6 
1 511825400  
1 757878273  
4 
3 
3 
4 
5 
2 
1 1804145492  
1 1300097747  
1 210261579  
2 
2 
5 
4 
2 
5 
2 
5 
4 
6 
5 
4 
2 
1 1459663425  
6 
2 
4 
6 
1 648604798  
1 1507728039  
6 
2 
2 
4 
1 1297172686  
5 
3 
2 
5 
4 
5 
2 
4 
6 
2 
2 
3 
6 
1 675861873  
2 
5 
6 
4 
5 
6 
1 601332660  
6 
3 
2 
4 
6 
3 
3 
5 
1 16081806  
2 
1 1298262659  
2 
2 
3 
4 
4 
3 
1 162510595  
5 
1 2108607011  
4 
2 
6 
2 
6 
5 
2 
6 
6 
6 
1 1776133633  
4 
5 
6 
2 
4 
5 
1 1550343628  
2 
5 
2 
2 
2 
4 
4 
1 783515906  
1 129322006  
2 
5 
2 
3 
6 
3 
5 
5 
6 
3 
2 
1 1472806614  
5 
6 
3 
5 
2 
3 
2 
5 
3 
2 
6 
2 
5 
1 938452951  
3 
3 
6 
5 
6 
4 
4 
1 1697073013  
1 386431284  
3 
2 
4 
5 
5 
5 
1 916358183  
1 1850700110  
3 
1 1582326326  
2 
2 
1 809869684  
6 
1 1457006057  
2 
1 2124196976  
4 
3 
6 
1 212131098  
5 
5 
2 
4 
3 
3 
3 
6 
2 
6 
4 
5 
5 
6 
1 1588349705  
4 
5 
6 
2 
2 
1 488538729  
4 
5 
4 
3 
5 
3 
6 
1 970009371  
2 
6 
5 
3 
4 
3 
2 
2 
3 
2 
2 
5 
2 
5 
2 
3 
5 
2 
3 
6 
6 
3 
4 
1 1245011549  
2 
2 
4 
6 
3 
3 
5 
3 
1 1788636476  
1 1180270950  
4 
5 
3 
3 
4 
3 
4 
4 
2 
1 557191326  
2 
4 
6 
6 
4 
3 
2 
2 
3 
1 289757626  
1 540515341  
3 
2 
5 
5 
3 
5 
5 
4 
2 
2 
1 1854364013  
1 965619500  
6 
1 1141848001  
3 
3 
5 
2 
3 
3 
4 
2 
1 1870445819  
4 
4 
4 
3 
4 
6 
5 
5 
1 116398511  
6 
5 
1 1304358596  
3 
3 
6 
4 
1 1831569182  
2 
6 
2 
1 1892532144  
6 
6 
2 
6 
3 
6 
4 
3 
5 
1 707218576  
2 
6 
1 467601441  
2 
5 
6 
2 
2 
4 
1 2021854150  
3 
4 
2 
6 
1 32541543  
1 1406054392  
1 1571443515  
5 
4 
5 
1 418972827  
5 
4 
4 
1 174928928  
2 
5 
1 1274659977  
2 
5 
1 2001299153  
4 
1 984798612  
3 
2 
2 
5 
6 
2 
4 
1 584182386  
3 
4 
2 
3 
4 
3 
6 
4 
1 1978012482  
1 1196929710  
1 25048443  
1 319067563  
2 
1 19455434  
1 1270059993  
6 
4 
6 
4 
6 
5 
5 
5 
2 
3 
3 
5 
4 
5 
3 
5 
6 
2 
2 
6 
1 2107704039  
6 
1 1199726384  
1 1827251319  
4 
4 
4 
5 
1 249978018  
2 
2 
3 
6 
4 
4 
6 
1 1740241726  
5 
5 
4 
6 
4 
1 1534131684  
6 
5 
1 1215597518  
6 
4 
1 734606079  
3 
2 
2 
6 
4 
4 
6 
3 
3 
3 
4 
6 
4 
3 
6 
5 
6 
4 
5 
2 
1 1257093856  
3 
4 
3 
3 
6 
6 
1 1331996029  
3 
4 
6 
2 
5 
5 
2 
2 
1 2038964676  
6 
4 
6 
4 
5 
5 
6 
2 
6 
5 
4 
2 
6 
5 
1 941179390  
4 
4 
5 
2 
2 
4 
2 
5 
2 
5 
1 1077044525  
3 
4 
6 
6 
2 
2 
2 
2 
4 
4 
6 
5 
6 
4 
5 
2 
4 
2 
2 
2 
3 
6 
1 598699604  
6 
1 1408780831  
2 
3 
3 
2 
5 
5 
4 
5 
2 
2 
3 
1 951415027  
2 
6 
1 631241147  
1 667351576  
1 375374894  
6 
5 
1 1050213975  
2 
5 
2 
3 
1 842280504  
3 
3 
1 1650034871  
4 
5 
1 904029480  
4 
5 
5 
5 
1 1827079116  
3 
1 86733609  
4 
1 734558314  
2 
3 
5 
3 
4 
5 
6 
2 
5 
3 
3 
2 
5 
3 
2 
1 876525178  
6 
3 
3 
6 
2 
3 
6 
2 
6 
4 
4 
4 
6 
4 
5 
1 111782052  
4 
3 
6 
2 
2 
4 
4 
6 
6 
2 
1 1053625877  
5 
1 895980612  
6 
4 
6 
6 
1 1381842045  
3 
4 
5 
6 
4 
5 
6 
6 
5 
1 1013846269  
6 
6 
5 
1 2095706997  
2 
4 
3 
4 
1 1061609717  
4 
6 
2 
3 
3 
1 1263824287  
3 
3 
1 1688465075  
6 
3 
1 448257753  
4 
1 331938157  
6 
5 
2 
4 
3 
4 
4 
4 
6 
6 
3 
4 
2 
2 
5 
2 
6 
6 
2 
2 
6 
4 
6 
2 
1 275587506  
3 
3 
1 1705351609  
1 1663934186  
3 
1 167068534  
4 
6 
5 
6 
4 
1 499047352  
6 
1 593495063  
6 
4 
1 765768139  
6 
5 
5 
4 
5 
6 
3 
4 
4 
1 1907828183  
2 
2 
3 
3 
6 
5 
5 
6 
1 1544910090  
5 
1 1397009286  
5 
1 427696111  
6 
3 
5 
2 
3 
1 1920284984  
5 
2 
3 
3 
5 
4 
3 
2 
1 299739613  
4 
4 
2 
2 
5 
2 
3 
6 
1 1269976615  
2 
1 1422836207  
4 
1 1203769094  
2 
4 
4 
1 949572083  
4 
1 1509569816  
3 
6 
6 
3 
1 1938327408  
4 
6 
4 
3 
2 
2 
1 1826097262  
4 
5 
6 
3 
4 
1 1621351868  
5 
5 
5 
2 
2 
5 
2 
1 844469638  
2 
2 
4 
6 
2 
2 
2 
3 
1 574594226  
1 855710266  
3 
4 
4 
5 
6 
5 
6 
6 
1 1858315907  
3 
2 
3 
6 
2 
1 522817575  
1 1917319983  
5 
3 
5 
3 
5 
6 
5 
5 
3 
5 
2 
2 
6 
1 974656546  
1 63799002  
5 
6 
4 
1 218094088  
6 
6 
5 
3 
6 
1 1306594703  
2 
6 
1 339386509  
2 
3 
1 1923445698  
6 
5 
5 
6 
1 823045241  
5 
4 
2 
2 
5 
4 
1 506455043  
2 
4 
5 
4 
3 
6 
5 
1 275009402  
2 
2 
5 
1 1416540304  
1 1272223182  
6 
6 
1 35353937  
2 
2 
3 
6 
4 
4 
5 
3 
5 
5 
4 
4 
2 
2 
6 
1 813966746  
4 
1 521748821  
5 
5 
6 
3 
1 463050049  
6 
4 
4 
4 
6 
6 
6 
1 586768082  
4 
4 
1 821488434  
4 
5 
2 
4 
2 
5 
1 1733026664  
1 2009604289  
2 
5 
6 
1 2025257528  
4 
5 
2 
3 
5 
4 
6 
1 535115100  
3 
3 
5 
3 
1 1371690457  
6 
3 
3 
4 
3 
1 1816101289  
5 
1 213728714  
2 
1 845558677  
4 
2 
3 
2 
5 
4 
1 513087279  
4 
5 
6 
1 788322940  
3 
4 
2 
1 1701268943  
3 
5 
2 
1 223919538  
3 
1 1311140516  
6 
3 
6 
5 
3 
1 1471105278  
3 
2 
3 
3 
2 
5 
2 
2 
5 
6 
4 
5 
3 
6 
2 
2 
2 
1 1198576084  
3 
3 
2 
2 
5 
4 
1 1374939518  
5 
5 
2 
3 
2 
2 
6 
3 
3 
2 
5 
3 
1 1689199367  
5 
5 
4 
4 
4 
1 357687139  
3 
5 
3 
6 
2 
3 
2 
6 
3 
1 1714326027  
5 
2 
2 
3 
6 
4 
6 
3 
6 
6 
6 
6 
5 
4 
4 
6 
6 
5 
5 
2 
4 
4 
5 
5 
2 
3 
3 
6 
6 
3 
3 
3 
1 1465161417  
6 
3 
6 
6 
5 
3 
4 
2 
4 
5 
4 
6 
3 
5 
3 
6 
6 
2 
5 
4 
2 
1 1180732380  
3 
5 
3 
2 
3 
1 73297423  
4 
1 1740170819  
1 449789036  
2 
6 
6 
6 
3 
5 
1 1345520605  
5 
4 
2 
6 
6 
5 
5 
5 
6 
3 
6 
4 
5 
2 
1 1775524756  
5 
5 
6 
2 
1 1263755782  
3 
5 
6 
5 
6 
4 
4 
6 
5 
2 
5 
4 
3 
6 
4 
6 
1 1867269426  
6 
4 
5 
3 
5 
1 91091157  
1 1850523864  
5 
5 
6 
4 
5 
1 541274213  
1 1824117822  
5 
3 
4 
3 
3 
3 
3 
3 
4 
5 
4 
6 
6 
1 1712644505  
5 
2 
1 419048093  
2 
5 
2 
5 
6 
4 
1 211749274  
1 936851314  
5 
2 
6 
2 
5 
3 
2 
1 87665734  
1 425477988  
3 
1 1782409991  
4 
5 
2 
1 600753013  
1 1213800928  
1 1336195287  
3 
1 824672551  
2 
5 
1 377457796  
4 
5 
2 
3 
5 
5 
2 
1 659816917  
4 
4 
2 
6 
5 
1 2023248635  
2 
2 
5 
1 1752397315  
6 
1 201532636  
6 
4 
1 233452126  
1 1319239694  
4 
3 
6 
6 
6 
6 
5 
5 
2 
2 
1 1666694053  
3 
6 
3 
2 
2 
1 1414184506  
3 
2 
5 
2 
3 
4 
6 
3 
5 
2 
2 
3 
5 
1 1392537117  
2 
6 
4 
6 
2 
6 
4 
5 
5 
3 
6 
6 
5 
2 
2 
3 
1 1259381224  
2 
1 1863973542  
3 
6 
6 
1 590574075  
3 
1 887422333  
5 
6 
5 
1 980245676  
3 
3 
4 
1 310359853  
1 978513490  
3 
4 
1 683285892  
4 
4 
6 
5 
6 
2 
2 
6 
3 
2 
5 
1 851634066  
2 
2 
2 
3 
2 
1 655147664  
3 
4 
4 
4 
5 
5 
3 
6 
4 
5 
5 
4 
2 
1 248446749  
4 
2 
1 1270682160  
5 
2 
4 
5 
1 866896938  
3 
4 
6 
4 
4 
1 1185298063  
2 
6 
5 
5 
5 
4 
1 1358347894  
4 
2 
5 
2 
6 
3 
6 
1 1292374926  
1 820224407  
2 
4 
1 1959100908  
2 
2 
2 
5 
2 
6 
6 
3 
1 358692207  
4 
3 
3 
2 
1 8936046  
6 
6 
5 
4 
5 
1 636289811  
1 736150003  
4 
4 
4 
2 
6 
6 
5 
6 
1 668752963  
1 512054799  
3 
3 
6 
1 341063670  
6 
4 
5 
4 
4 
2 
2 
1 870285600  
4 
4 
5 
1 745506925  
6 
5 
2 
5 
6 
4 
3 
1 1660303365  
3 
6 
3 
1 389496005  
6 
4 
4 
6 
3 
4 
6 
5 
3 
5 
1 12207784  
5 
3 
1 905356834  
4 
3 
4 
5 
4 
2 
5 
1 1648877230  
2 
1 1876181326  
1 1495930909  
2 
6 
5 
4 
4 
3 
4 
5 
3 
3 
5 
3 
2 
6 
5 
4 
5 
3 
1 388815915  
5 
4 
6 
6 
5 
6 
2 
4 
3 
4 
5 
2 
6 
2 
1 708943355  
6 
2 
6 
1 1806290763  
1 1367329405  
6 
1 1392229247  
6 
6 
3 
4 
3 
1 510441181  
4 
6 
2 
4 
5 
6 
1 2022477070  
5 
6 
5 
1 1640675997  
2 
1 1781123341  
6 
4 
1 741890360  
6 
4 
3 
2 
4 
2 
4 
6 
3 
4 
1 678490412  
1 991987588  
4 
2 
4 
4 
5 
6 
6 
6 
4 
3 
4 
3 
6 
5 
3 
4 
2 
1 2034265287  
3 
1 1498714819  
4 
6 
2 
6 
6 
6 
2 
1 803604848  
3 
3 
4 
3 
5 
1 245473846  
3 
2 
4 
3 
4 
2 
4 
5 
2 
1 1507650865  
2 
6 
6 
5 
5 
4 
1 1439894659  
6 
3 
2 
3 
6 
6 
2 
6 
3 
6 
2 
4 
5 
5 
1 981623849  
1 28920181  
5 
2 
4 
3 
3 
5 
5 
5 
2 
6 
2 
1 1951949458  
2 
1 1322687520  
4 
3 
4 
3 
3 
2 
2 
1 899205781  
4 
3 
1 549972736  
1 835507237  
4 
2 
4 
4 
6 
6 
1 1288701786  
1 562180520  
4 
1 1740864071  
4 
2 
2 
1 790095368  
5 
1 290878198  
4 
5 
1 1089311333  
6 
1 1178911283  
2 
1 999821553  
3 
3 
3 
3 
1 748118448  
2 
3 
4 
6 
3 
5 
1 398757041  
2 
5 
3 
2 
3 
1 244567153  
3 
4 
2 
6 
4 
1 1258559629  
4 
5 
2 
4 
3 
2 
2 
2 
5 
5 
6 
5 
3 
2 
4 
3 
3 
4 
2 
1 273750463  
6 
4 
2 
6 
5 
5 
1 1885243150  
2 
3 
1 892199323  
1 1015640823  
5 
5 
3 
1 416249914  
5 
6 
2 
1 1884186911  
5 
1 902422462  
5 
4 
1 1914964734  
5 
2 
3 
6 
2 
6 
4 
3 
1 540308111  
6 
5 
3 
6 
2 
4 
5 
6 
1 1147896308  
2 
2 
6 
3 
2 
5 
3 
5 
2 
3 
5 
3 
4 
4 
1 1275131951  
5 
4 
2 
2 
4 
6 
5 
5 
3 
3 
2 
5 
5 
5 
6 
3 
6 
1 1980202770  
2 
6 
3 
5 
2 
2 
1 2129520158  
1 1304052132  
2 
6 
5 
2 
2 
6 
6 
6 
1 1784668581  
3 
3 
6 
3 
1 1304724030  
3 
1 55774265  
2 
2 
5 
2 
2 
2 
4 
2 
4 
6 
4 
4 
3 
2 
2 
5 
1 187157669  
4 
2 
5 
3 
1 2140231267  
1 1344476052  
6 
5 
4 
3 
3 
6 
4 
1 749338189  
6 
2 
5 
3 
1 1733611690  
2 
5 
4 
2 
3 
4 
2 
3 
5 
2 
6 
4 
3 
1 2134571420  
4 
4 
4 
3 
6 
1 1040216387  
6 
3 
4 
2 
5 
1 675439375  
6 
6 
1 1165999056  
1 2040037941  
4 
6 
4 
2 
1 1423557823  
2 
1 1564756097  
6 
3 
6 
4 
3 
2 
1 137121446  
1 534633805  
6 
2 
5 
2 
3 
3 
3 
5 
1 1838506560  
1 2022364596  
6 
1 1426833128  
3 
5 
5 
6 
5 
1 706663735  
4 
3 
1 291130862  
5 
5 
3 
2 
5 
2 
2 
1 1163536391  
1 1609086198  
4 
1 58611948  
4 
3 
6 
4 
5 
3 
2 
2 
6 
1 1703844502  
5 
5 
2 
2 
5 
2 
5 
6 
2 
1 609498858  
2 
1 1333743900  
4 
5 
2 
1 1536563624  
1 591535368  
5 
6 
1 490312384  
1 1173748557  
1 1896259398  
3 
6 
2 
2 
1 546086650  
3 
4 
4 
4 
5 
5 
1 1360906226  
2 
4 
1 1889007017  
5 
5 
5 
5 
1 1890562702  
5 
2 
3 
3 
4 
4 
6 
1 2110244415  
2 
5 
5 
2 
6 
5 
6 
1 1475135060  
5 
3 
1 1877650474  
6 
4 
5 
4 
6 
3 
2 
2 
4 
6 
3 
3 
1 1002977155  
4 
2 
1 3090787  
3 
2 
6 
6 
6 
6 
2 
2 
1 896165882  
2 
3 
1 895531448  
6 
3 
3 
4 
6 
6 
6 
1 1426648611  
6 
1 313438331  
4 
5 
6 
2 
5 
6 
4 
2 
3 
2 
2 
5 
2 
1 1032652894  
2 
1 1961282416  
5 
2 
5 
5 
1 4461243  
1 907533842  
1 1240631896  
4 
1 711124979  
1 1198664704  
4 
2 
4 
2 
2 
2 
2 
4 
1 256684639  
3 
2 
3 
4 
4 
6 
4 
3 
6 
4 
1 172727529  
1 1257276653  
4 
6 
3 
1 1960529141  
4 
3 
5 
3 
1 782226387  
2 
2 
4 
3 
2 
1 443536905  
3 
6 
5 
6 
5 
4 
1 1349609117  
2 
4 
5 
5 
6 
5 
3 
1 1373761756  
6 
3 
3 
4 
6 
2 
1 933849289  
2 
5 
4 
3 
1 375874027  
5 
1 1122537506  
5 
6 
1 1479935939  
3 
4 
2 
3 
5 
4 
2 
3 
3 
2 
6 
1 1736780253  
2 
1 864060876  
4 
4 
5 
1 1223014993  
2 
2 
3 
5 
5 
4 
1 1699541021  
4 
3 
2 
5 
3 
3 
1 191712288  
6 
5 
1 953181820  
6 
5 
5 
2 
6 
2 
1 555034528  
3 
6 
4 
3 
2 
1 194803075  
3 
2 
1 1849347702  
4 
3 
4 
4 
2 
1 1450565976  
1 1621451686  
1 15302386  
5 
3 
1 335735222  
2 
5 
4 
2 
1 1435250454  
5 
4 
5 
6 
2 
2 
3 
6 
2 
5 
4 
1 19763629  
2 
2 
1 1243269064  
1 528398702  
2 
6 
3 
3 
4 
3 
5 
4 
3 
3 
3 
4 
4 
3 
2 
6 
5 
2 
5 
3 
4 
6 
3 
1 730888608  
6 
1 294450120  
4 
2 
5 
2 
6 
1 785083341  
5 
1 903616137  
2 
4 
2 
3 
2 
6 
5 
4 
5 
3 
6 
3 
5 
5 
6 
6 
3 
1 1551726773  
2 
5 
2 
4 
2 
2 
1 598128834  
6 
6 
1 1685842525  
4 
1 1995263678  
2 
4 
1 1947737952  
3 
1 912120633  
4 
4 
5 
5 
3 
5 
4 
6 
3 
1 781629320  
6 
3 
5 
2 
5 
2 
3 
4 
2 
2 
4 
5 
3 
4 
1 176128331  
6 
4 
2 
6 
1 2034658139  
6 
3 
3 
2 
2 
5 
6 
3 
5 
3 
5 
2 
1 114081611  
6 
3 
1 1912908584  
3 
6 
3 
4 
5 
1 751235367  
2 
5 
4 
5 
1 1337096605  
6 
1 1464965957  
1 942947655  
3 
4 
6 
1 142794777  
4 
6 
5 
3 
3 
2 
5 
6 
1 2020000485  
1 1137750731  
5 
2 
4 
4 
4 
2 
5 
5 
4 
4 
3 
5 
3 
5 
4 
5 
6 
1 1992142479  
2 
3 
2 
5 
3 
4 
3 
5 
3 
5 
4 
1 1323082813  
4 
3 
1 611718769  
6 
3 
4 
5 
4 
6 
5 
2 
3 
1 2007444865  
1 1658818035  
4 
3 
3 
6 
2 
1 2046969224  
2 
6 
5 
2 
1 2027208495  
3 
2 
6 
6 
6 
2 
6 
4 
3 
1 754603451  
5 
1 427884278  
5 
4 
6 
6 
1 610613455  
2 
6 
5 
5 
4 
1 1049053572  
3 
3 
2 
6 
4 
1 1212967620  
4 
1 1514229593  
1 453296697  
1 1811096454  
1 1052588470  
3 
