6 
5 
2 
5 
2 
1 171351085  
6 
2 
1 1729968243  
1 1178758569  
1 444838060  
1 1418912198  
5 
3 
5 
4 
5 
1 1608222183  
6 
2 
6 
3 
5 
4 
3 
5 
3 
1 1772147581  
2 
1 589182863  
6 
1 1079024463  
2 
1 1849664511  
4 
3 
4 
6 
4 
5 
6 
4 
2 
6 
2 
3 
2 
6 
1 1783146065  
3 
2 
6 
2 
6 
1 414143103  
2 
2 
6 
3 
3 
2 
6 
4 
5 
5 
3 
1 1425736903  
6 
3 
6 
6 
3 
5 
6 
6 
1 24748762  
5 
5 
4 
2 
5 
5 
6 
6 
5 
1 985088790  
4 
4 
3 
6 
4 
1 2101938797  
3 
4 
2 
3 
6 
5 
6 
1 1927004030  
6 
2 
2 
2 
3 
2 
4 
5 
3 
3 
5 
2 
3 
5 
1 528654578  
5 
1 1602835650  
3 
5 
2 
2 
2 
3 
2 
3 
1 916451035  
3 
5 
5 
2 
5 
2 
5 
1 86210249  
4 
1 822494116  
2 
4 
3 
3 
1 1482211213  
5 
4 
3 
1 1295781905  
5 
2 
6 
2 
5 
3 
4 
3 
4 
1 966037878  
5 
3 
3 
1 287256401  
3 
6 
2 
3 
2 
6 
1 238268939  
5 
3 
3 
3 
3 
1 457827664  
6 
2 
3 
1 270248341  
2 
3 
5 
2 
3 
2 
4 
5 
6 
4 
1 452568272  
5 
6 
2 
6 
1 1352957803  
2 
4 
3 
4 
3 
6 
4 
6 
4 
6 
2 
3 
4 
3 
6 
6 
1 441599426  
6 
6 
5 
2 
4 
6 
3 
1 35052867  
1 384232725  
6 
4 
3 
4 
5 
2 
6 
6 
6 
4 
2 
6 
2 
1 886437487  
1 1453965066  
6 
3 
2 
5 
5 
6 
2 
5 
3 
5 
6 
2 
6 
6 
1 1992454908  
6 
3 
4 
6 
5 
5 
4 
3 
6 
5 
2 
2 
5 
2 
1 511101420  
6 
4 
1 2043147929  
5 
1 923995723  
4 
4 
3 
1 213282283  
6 
3 
4 
1 1678810346  
3 
3 
3 
3 
4 
5 
3 
3 
3 
5 
1 1338138826  
3 
3 
3 
5 
2 
1 1639019186  
2 
1 1703559109  
1 175743968  
6 
6 
4 
4 
5 
1 1593474335  
5 
4 
4 
2 
5 
5 
5 
5 
3 
5 
3 
3 
3 
2 
2 
4 
5 
4 
4 
6 
5 
6 
1 1483079491  
3 
5 
4 
3 
4 
6 
1 704398547  
6 
3 
6 
3 
2 
1 1048826337  
3 
1 252046878  
1 790608796  
2 
2 
4 
5 
5 
6 
1 1871320454  
2 
4 
2 
5 
5 
2 
3 
6 
1 1734258092  
1 2086390701  
4 
2 
2 
3 
4 
3 
6 
5 
4 
1 689874684  
4 
4 
1 2021514493  
4 
4 
5 
3 
6 
2 
3 
6 
5 
3 
2 
4 
1 177175992  
1 1147702348  
5 
4 
2 
2 
4 
3 
4 
5 
5 
5 
2 
4 
6 
4 
2 
6 
2 
1 144279186  
5 
2 
4 
6 
6 
2 
6 
6 
5 
1 629744264  
3 
1 353176504  
5 
5 
1 585878613  
6 
5 
5 
1 664797131  
1 737409229  
5 
4 
1 1472316100  
1 2118762197  
2 
5 
4 
2 
4 
1 582380489  
1 1983417520  
6 
4 
4 
1 2014426478  
2 
2 
2 
1 1506376212  
1 49216155  
5 
6 
6 
1 1545753177  
2 
4 
3 
6 
2 
5 
5 
4 
2 
4 
4 
6 
4 
2 
1 697031390  
3 
6 
1 1688235342  
2 
3 
2 
5 
1 1101828638  
4 
2 
1 872775358  
3 
4 
5 
6 
5 
4 
3 
6 
3 
3 
1 1134226029  
5 
6 
6 
2 
3 
3 
5 
6 
1 437424481  
1 1577173905  
5 
1 35568719  
2 
1 689471360  
5 
5 
4 
6 
5 
1 220299053  
1 1906889173  
1 276245804  
6 
4 
6 
1 159206106  
5 
5 
6 
6 
1 449280209  
6 
2 
1 150276649  
6 
3 
1 336382098  
5 
6 
1 1596982558  
1 294555835  
3 
2 
2 
2 
1 966126362  
4 
3 
6 
4 
5 
6 
5 
1 1950159062  
2 
1 880434448  
1 1630923494  
4 
4 
2 
6 
2 
3 
1 540084643  
4 
3 
2 
3 
6 
4 
6 
6 
5 
5 
6 
2 
4 
4 
1 205266900  
3 
2 
6 
3 
2 
1 1602202043  
3 
5 
6 
4 
4 
2 
5 
4 
2 
1 1122465132  
2 
6 
6 
3 
5 
3 
2 
1 41200772  
6 
1 1469144874  
6 
2 
5 
5 
3 
5 
6 
5 
6 
5 
4 
6 
4 
4 
3 
1 481357696  
2 
6 
6 
3 
6 
1 90416928  
1 867414403  
6 
3 
3 
5 
3 
5 
6 
1 1178389086  
6 
6 
1 1778652270  
5 
5 
5 
4 
3 
4 
4 
4 
2 
3 
3 
2 
3 
5 
4 
4 
3 
3 
1 1969243041  
3 
2 
5 
4 
6 
5 
3 
1 2051164444  
6 
5 
2 
5 
4 
5 
2 
5 
2 
6 
2 
6 
5 
1 765394651  
5 
4 
2 
4 
2 
5 
2 
6 
2 
4 
4 
6 
3 
4 
2 
5 
3 
6 
2 
2 
6 
6 
2 
4 
6 
5 
4 
3 
4 
6 
5 
5 
6 
5 
1 259183874  
4 
3 
4 
1 1480854702  
3 
4 
3 
1 800963370  
1 948655234  
3 
2 
3 
2 
1 1701153755  
2 
4 
5 
2 
3 
5 
1 560368895  
6 
6 
5 
3 
2 
2 
5 
6 
3 
6 
2 
4 
6 
3 
4 
1 1224901038  
6 
1 1860359862  
3 
6 
4 
3 
6 
3 
3 
2 
1 1009649105  
4 
2 
4 
1 1375177687  
2 
3 
6 
6 
5 
2 
5 
6 
4 
1 49258312  
1 459148015  
4 
4 
5 
2 
3 
4 
6 
5 
3 
1 1669733523  
3 
4 
2 
4 
5 
6 
1 1015384675  
2 
2 
1 261823429  
3 
4 
3 
6 
5 
1 402684323  
4 
4 
2 
4 
3 
5 
6 
4 
5 
6 
5 
3 
2 
4 
2 
1 498824521  
4 
2 
2 
3 
3 
5 
3 
2 
6 
4 
6 
3 
1 801908072  
2 
3 
4 
6 
1 607951224  
3 
2 
6 
4 
6 
4 
2 
3 
2 
4 
2 
5 
5 
1 2101026564  
1 1924373204  
4 
5 
5 
6 
3 
5 
5 
5 
3 
1 649151996  
3 
3 
3 
6 
2 
1 1422687790  
2 
6 
4 
3 
5 
2 
5 
3 
3 
2 
2 
2 
1 258247252  
6 
5 
2 
1 739568924  
4 
5 
5 
4 
6 
2 
1 142618545  
1 1436636338  
2 
5 
5 
5 
5 
6 
2 
6 
1 370737546  
3 
3 
6 
4 
2 
3 
4 
4 
1 2111861586  
5 
6 
5 
1 1340317134  
4 
6 
1 1136132198  
1 223561813  
3 
6 
3 
4 
2 
2 
6 
2 
2 
3 
1 673688188  
4 
3 
1 1937095568  
2 
4 
6 
2 
5 
2 
3 
3 
6 
1 1172217047  
3 
1 227358296  
2 
2 
2 
2 
4 
5 
2 
6 
4 
3 
4 
3 
6 
6 
5 
4 
2 
6 
1 349980816  
3 
4 
6 
3 
6 
2 
4 
3 
5 
1 249634438  
1 2087718158  
4 
6 
3 
3 
3 
6 
5 
2 
1 1359629921  
4 
1 1624812125  
1 2136976470  
6 
6 
1 1818777936  
6 
2 
1 1147062000  
6 
3 
5 
5 
2 
2 
3 
5 
3 
6 
1 1004877497  
6 
4 
3 
3 
3 
1 2080601365  
2 
4 
4 
5 
5 
3 
3 
3 
4 
1 1549746324  
3 
2 
6 
5 
2 
2 
3 
6 
4 
1 1503702018  
2 
4 
1 735025789  
2 
5 
6 
6 
4 
2 
4 
4 
5 
3 
2 
3 
3 
1 10213900  
5 
6 
4 
2 
6 
4 
5 
4 
6 
6 
3 
1 1457244935  
4 
4 
1 511915345  
6 
5 
1 659365896  
5 
1 732449077  
4 
4 
1 770162597  
1 1398934821  
1 875067623  
6 
3 
4 
2 
3 
3 
6 
2 
3 
5 
5 
4 
1 59315287  
1 1769672367  
1 839445561  
6 
5 
3 
6 
1 1399632421  
3 
3 
6 
5 
4 
1 758320917  
2 
5 
1 1063007374  
1 2073320610  
2 
4 
1 547932838  
3 
1 87740774  
6 
5 
1 153195258  
4 
5 
2 
3 
2 
1 897913654  
2 
3 
2 
4 
2 
5 
3 
6 
1 337375212  
4 
2 
2 
5 
4 
4 
3 
5 
2 
1 93429768  
2 
3 
5 
6 
3 
5 
3 
4 
4 
2 
1 110059927  
4 
2 
4 
2 
3 
4 
6 
5 
4 
1 1962187337  
3 
2 
6 
2 
2 
3 
4 
1 82922590  
4 
2 
2 
3 
6 
6 
6 
2 
3 
5 
2 
1 1928837863  
3 
3 
6 
6 
3 
6 
2 
2 
6 
6 
1 961765690  
6 
1 1087800088  
5 
2 
5 
2 
5 
1 1861955580  
5 
4 
2 
5 
2 
1 364028366  
3 
3 
4 
6 
6 
3 
3 
5 
1 444018458  
6 
2 
4 
2 
4 
6 
1 449497721  
3 
1 374242266  
6 
4 
5 
1 1901263393  
3 
6 
2 
2 
1 961413066  
1 1033608162  
3 
1 486228823  
1 1731575663  
6 
6 
2 
5 
3 
3 
6 
6 
4 
3 
5 
6 
4 
6 
5 
4 
1 285059335  
5 
4 
4 
1 1361296446  
1 1790890950  
2 
1 2054731703  
5 
1 53258359  
2 
6 
6 
3 
6 
4 
6 
3 
5 
5 
1 1043039723  
2 
2 
5 
5 
3 
2 
5 
5 
6 
3 
6 
5 
6 
4 
3 
4 
4 
2 
5 
1 665568972  
5 
4 
1 1116265734  
3 
6 
4 
1 968876685  
6 
2 
5 
2 
4 
4 
2 
5 
6 
6 
2 
1 1213501810  
1 1204006508  
5 
5 
3 
1 1122071943  
3 
2 
4 
4 
2 
6 
5 
1 2111415464  
3 
3 
3 
4 
1 1541381720  
2 
1 1215501711  
3 
6 
3 
5 
6 
4 
4 
6 
1 73991743  
5 
5 
2 
3 
2 
3 
4 
5 
3 
2 
2 
2 
4 
5 
5 
3 
3 
2 
6 
3 
5 
1 1356085409  
5 
5 
4 
2 
1 1298424302  
6 
4 
6 
1 2002829606  
5 
2 
5 
1 170367451  
2 
4 
3 
5 
6 
1 238740742  
6 
4 
3 
2 
1 1717301538  
3 
6 
6 
4 
3 
4 
6 
1 534395817  
5 
1 682759200  
3 
6 
5 
3 
5 
3 
1 19315611  
6 
5 
2 
6 
1 908638083  
4 
1 436538946  
2 
1 980728677  
4 
2 
6 
6 
5 
4 
4 
5 
2 
4 
5 
1 1942246246  
2 
4 
2 
6 
5 
1 922767769  
4 
5 
4 
3 
4 
5 
5 
4 
4 
2 
6 
2 
3 
1 564820692  
6 
2 
3 
6 
3 
2 
6 
3 
3 
1 79821933  
6 
4 
2 
5 
1 136580567  
3 
6 
4 
2 
6 
1 208227994  
1 2134553636  
3 
6 
4 
1 189838926  
2 
6 
3 
3 
6 
1 1251267718  
1 652638961  
6 
1 1306104660  
5 
6 
3 
6 
6 
1 72660755  
4 
6 
4 
1 1866140771  
6 
3 
3 
6 
1 362627520  
4 
1 1194732699  
2 
5 
2 
6 
2 
2 
4 
6 
5 
1 1830072588  
5 
6 
4 
5 
3 
3 
4 
3 
5 
2 
1 1904009240  
1 262750762  
2 
6 
5 
2 
4 
3 
2 
5 
2 
4 
2 
5 
2 
2 
5 
3 
6 
2 
2 
4 
3 
3 
2 
1 1904064331  
3 
1 1112611002  
2 
1 1561175064  
3 
6 
5 
3 
6 
3 
1 1759410290  
3 
4 
6 
3 
2 
5 
6 
5 
1 1282978453  
4 
2 
1 1799915806  
4 
4 
3 
1 1329228180  
2 
4 
5 
2 
2 
3 
5 
2 
4 
2 
6 
1 1817374271  
3 
3 
1 335191359  
2 
6 
4 
4 
1 1348543792  
6 
6 
1 578528706  
1 771730305  
5 
5 
6 
1 181788821  
4 
6 
3 
5 
2 
5 
2 
5 
2 
6 
4 
3 
1 373291304  
4 
4 
4 
1 1694498074  
2 
1 746609514  
6 
1 453113238  
1 1831078641  
1 954837508  
2 
4 
3 
4 
1 440183226  
3 
3 
1 2020917567  
3 
4 
5 
1 58621578  
6 
2 
6 
6 
3 
5 
6 
6 
2 
2 
6 
2 
4 
3 
6 
4 
3 
1 1092822187  
2 
4 
5 
4 
5 
1 1179538580  
2 
5 
2 
2 
4 
3 
4 
4 
2 
5 
3 
2 
3 
5 
3 
3 
6 
4 
3 
4 
5 
4 
6 
6 
2 
1 131282334  
6 
2 
6 
2 
4 
3 
1 811479311  
6 
6 
3 
2 
4 
3 
3 
5 
4 
5 
1 1542166100  
3 
2 
3 
5 
3 
6 
5 
6 
2 
2 
6 
4 
5 
1 1326015033  
5 
1 494068251  
4 
5 
3 
2 
6 
3 
2 
6 
1 1298691693  
5 
6 
2 
4 
3 
1 1588765795  
3 
2 
2 
4 
3 
6 
2 
3 
5 
3 
5 
2 
3 
2 
1 250648934  
2 
5 
2 
5 
6 
3 
3 
3 
1 263819047  
2 
2 
2 
2 
1 1002457212  
3 
2 
4 
4 
1 2010059224  
4 
3 
4 
1 1546797500  
5 
6 
5 
2 
5 
3 
3 
6 
6 
1 654889370  
2 
1 1191803757  
1 1216688123  
1 990080729  
3 
1 392863901  
1 1795216830  
1 1761811034  
5 
4 
2 
4 
2 
4 
2 
3 
5 
3 
5 
5 
6 
5 
5 
1 574652722  
5 
4 
1 21024486  
1 1308825460  
1 1321262236  
3 
4 
6 
5 
3 
5 
6 
3 
2 
3 
6 
1 474137724  
6 
2 
4 
6 
6 
2 
4 
1 992420453  
5 
1 128616097  
2 
6 
2 
2 
2 
6 
1 914320951  
3 
6 
3 
6 
5 
2 
1 865854373  
3 
2 
4 
3 
6 
5 
4 
3 
6 
3 
5 
3 
3 
6 
2 
6 
4 
5 
4 
3 
6 
4 
4 
2 
4 
3 
5 
1 187237675  
3 
5 
6 
6 
5 
6 
4 
3 
3 
4 
2 
2 
1 2007143138  
5 
6 
3 
3 
6 
5 
5 
4 
1 2045392953  
3 
1 318520009  
2 
5 
2 
4 
2 
6 
4 
1 671138801  
4 
2 
6 
3 
5 
2 
1 1440075405  
6 
5 
1 1644535042  
1 1165207052  
6 
2 
4 
4 
5 
3 
6 
6 
5 
4 
2 
5 
6 
3 
3 
3 
1 591283450  
2 
6 
5 
3 
5 
2 
1 1085817190  
4 
4 
2 
4 
1 1415855987  
1 855102497  
2 
2 
4 
1 2088274402  
6 
1 1278431563  
3 
1 254416350  
5 
3 
3 
4 
4 
3 
4 
6 
1 595680124  
2 
3 
3 
4 
5 
3 
2 
6 
1 322751672  
1 1471104473  
3 
2 
5 
1 1585760854  
3 
3 
2 
5 
4 
6 
3 
1 715615573  
6 
2 
3 
3 
3 
2 
6 
2 
1 1118837655  
1 1200088240  
6 
4 
6 
1 1290268296  
5 
1 1139862142  
2 
1 361430053  
5 
4 
3 
2 
1 464046884  
6 
2 
2 
3 
1 1613999866  
2 
6 
4 
4 
5 
6 
6 
3 
1 1353850506  
5 
2 
5 
5 
1 592662981  
4 
6 
2 
2 
1 380837169  
3 
3 
5 
6 
5 
5 
1 72221231  
3 
3 
2 
1 779900657  
5 
3 
2 
1 240496660  
2 
2 
6 
3 
4 
3 
2 
3 
4 
4 
6 
2 
3 
5 
2 
3 
2 
3 
1 2117614184  
1 1098420666  
6 
3 
3 
2 
4 
1 911635461  
3 
4 
5 
6 
3 
6 
6 
6 
3 
6 
3 
6 
4 
1 1410205942  
3 
2 
5 
1 595472061  
1 2076842514  
5 
1 2001489392  
5 
1 1681289251  
4 
3 
2 
5 
6 
1 1345214853  
6 
2 
3 
1 709108242  
1 1622080005  
3 
5 
3 
1 476162768  
6 
1 963524592  
2 
1 70276481  
5 
1 798914441  
4 
1 287145417  
5 
2 
2 
2 
2 
5 
1 1656037335  
6 
1 1514530014  
2 
2 
6 
6 
4 
4 
1 1405983073  
6 
4 
2 
4 
3 
3 
4 
6 
4 
2 
3 
1 708641928  
2 
6 
6 
3 
5 
6 
6 
4 
4 
3 
1 657314662  
2 
4 
5 
3 
6 
2 
5 
6 
4 
1 398361567  
1 1070071981  
6 
6 
3 
4 
1 1121361547  
5 
4 
4 
2 
3 
5 
5 
3 
1 2012361433  
2 
6 
5 
3 
4 
5 
3 
5 
1 276438839  
3 
3 
4 
2 
6 
6 
6 
5 
5 
1 1714024528  
3 
2 
2 
6 
3 
3 
1 245714955  
4 
3 
4 
4 
6 
3 
4 
4 
4 
4 
5 
5 
3 
6 
2 
4 
3 
3 
6 
4 
2 
3 
4 
4 
6 
6 
2 
2 
1 348660071  
4 
6 
3 
2 
6 
6 
2 
6 
2 
5 
6 
5 
1 346441537  
5 
5 
4 
2 
2 
5 
2 
2 
1 486211615  
1 318790607  
6 
4 
5 
3 
5 
5 
2 
6 
4 
4 
2 
4 
2 
5 
4 
4 
6 
4 
6 
6 
1 1444862204  
4 
2 
4 
4 
2 
1 1397847076  
3 
6 
5 
6 
3 
1 1728996549  
3 
5 
2 
1 2040334265  
6 
6 
5 
2 
5 
6 
3 
2 
4 
2 
3 
2 
2 
2 
3 
2 
6 
2 
4 
2 
2 
3 
1 1327205942  
3 
5 
3 
2 
1 1583002294  
1 1574139868  
5 
6 
3 
3 
5 
4 
6 
2 
5 
4 
3 
2 
1 524937147  
1 144626888  
1 1048736225  
2 
4 
6 
3 
6 
2 
4 
6 
6 
6 
2 
2 
3 
4 
1 1001099916  
3 
3 
5 
5 
6 
6 
2 
2 
6 
2 
6 
3 
4 
1 1108151480  
2 
6 
3 
2 
6 
1 1119012706  
2 
2 
4 
5 
4 
4 
2 
2 
6 
5 
4 
5 
2 
5 
4 
6 
6 
4 
5 
6 
4 
1 1800014357  
2 
2 
5 
2 
5 
5 
1 1395296897  
2 
5 
3 
6 
5 
1 627566394  
1 1167060723  
4 
1 653796322  
1 1336208322  
6 
2 
3 
2 
2 
5 
4 
4 
1 1824375386  
2 
3 
3 
5 
6 
6 
5 
3 
3 
1 1052157889  
5 
2 
3 
1 258796655  
5 
6 
2 
3 
2 
2 
3 
3 
5 
6 
5 
4 
2 
4 
2 
4 
3 
2 
5 
4 
6 
3 
6 
6 
6 
1 798253285  
2 
1 917035675  
1 535235494  
6 
1 364794165  
4 
6 
2 
1 1162750630  
5 
3 
2 
3 
6 
4 
1 883895565  
2 
4 
3 
6 
6 
2 
6 
1 711235703  
2 
1 1648962245  
6 
1 1202686173  
3 
4 
4 
2 
6 
2 
2 
5 
6 
2 
5 
4 
3 
4 
3 
6 
2 
4 
3 
5 
1 8614259  
4 
3 
2 
3 
5 
5 
2 
2 
2 
3 
3 
3 
4 
1 899325673  
5 
1 784199074  
2 
2 
4 
5 
2 
4 
6 
1 2048948524  
6 
4 
5 
2 
1 79047968  
3 
1 219717720  
1 1475604744  
1 603985115  
4 
6 
5 
4 
5 
2 
1 364344608  
6 
3 
6 
5 
4 
3 
4 
5 
2 
6 
4 
3 
2 
5 
5 
2 
1 376857321  
6 
1 1605085031  
4 
4 
3 
4 
4 
1 1472496088  
4 
2 
1 1495870027  
2 
2 
4 
5 
2 
5 
4 
1 1257615740  
3 
5 
4 
4 
2 
4 
3 
6 
6 
3 
2 
6 
3 
3 
2 
1 720309338  
6 
2 
5 
6 
6 
1 2123436421  
5 
3 
2 
3 
5 
2 
5 
3 
3 
1 277192816  
6 
6 
6 
5 
3 
1 1374105660  
5 
4 
4 
3 
1 1312161095  
6 
2 
2 
4 
6 
2 
5 
1 2101568202  
4 
2 
1 278779902  
5 
4 
2 
4 
5 
6 
4 
5 
4 
5 
2 
6 
4 
5 
5 
2 
4 
1 1570957750  
3 
5 
5 
4 
3 
6 
1 752337839  
5 
2 
3 
6 
5 
6 
4 
6 
5 
1 1195815577  
2 
3 
2 
3 
1 2106193245  
6 
5 
1 1117132004  
5 
1 211082559  
2 
3 
4 
4 
1 842605162  
1 1828367707  
5 
3 
1 1860044804  
6 
2 
4 
1 2045291335  
3 
4 
5 
3 
5 
1 1836981966  
2 
2 
5 
4 
4 
6 
1 611886829  
3 
1 682006762  
4 
2 
2 
6 
4 
3 
3 
4 
6 
3 
4 
2 
2 
2 
5 
2 
3 
6 
3 
5 
1 1738446842  
1 690934797  
3 
4 
5 
6 
6 
1 901724482  
1 1066567938  
3 
6 
6 
2 
2 
2 
3 
6 
2 
6 
1 1294919913  
4 
5 
3 
2 
4 
2 
2 
5 
2 
6 
5 
6 
2 
6 
6 
1 1266069091  
6 
2 
1 1443425259  
2 
1 752521296  
5 
4 
1 591081531  
1 791811639  
1 2010137037  
3 
1 1311390869  
2 
2 
4 
4 
2 
3 
2 
2 
5 
3 
2 
6 
4 
2 
2 
1 767764412  
5 
3 
6 
2 
3 
5 
3 
5 
6 
6 
1 139846205  
6 
2 
2 
5 
1 538012882  
2 
3 
6 
3 
3 
3 
6 
2 
5 
3 
4 
3 
6 
3 
3 
2 
6 
3 
5 
1 2079925508  
5 
1 93930759  
1 816792784  
2 
4 
3 
1 1503399610  
5 
5 
3 
2 
5 
4 
1 846268598  
2 
4 
4 
6 
6 
2 
2 
4 
1 2012608361  
2 
4 
4 
4 
2 
6 
1 1462109207  
5 
5 
2 
5 
5 
5 
4 
3 
1 1963400602  
5 
3 
3 
6 
1 76207272  
5 
4 
3 
1 157230722  
6 
6 
3 
3 
2 
5 
4 
6 
2 
5 
6 
2 
3 
5 
6 
6 
3 
3 
3 
2 
5 
4 
3 
4 
3 
2 
1 1644284662  
3 
5 
4 
4 
4 
5 
3 
4 
3 
5 
3 
4 
4 
4 
6 
3 
6 
2 
5 
5 
6 
4 
6 
6 
1 1936252076  
5 
5 
6 
1 55038409  
2 
5 
6 
6 
1 1333782980  
5 
1 400655257  
4 
1 737045171  
6 
5 
4 
6 
1 924746175  
3 
3 
4 
6 
2 
3 
3 
3 
2 
2 
3 
1 1091590055  
1 1638769654  
3 
3 
3 
3 
2 
3 
4 
5 
4 
6 
3 
1 1991314113  
6 
6 
5 
1 239026320  
4 
6 
5 
3 
1 757355097  
5 
2 
3 
5 
5 
2 
4 
2 
1 1287255725  
3 
1 991547616  
3 
3 
2 
3 
3 
2 
4 
2 
3 
4 
3 
3 
3 
3 
6 
6 
4 
6 
5 
6 
3 
2 
3 
6 
6 
3 
1 1348436628  
3 
5 
4 
2 
1 2079067364  
1 854201005  
2 
5 
2 
2 
1 512343850  
4 
2 
5 
1 699348128  
6 
2 
1 994047210  
1 1050356732  
3 
1 631789988  
4 
5 
5 
4 
2 
1 1087977969  
3 
2 
1 1867149516  
5 
6 
3 
1 2135189599  
6 
1 1934246567  
1 1732274229  
2 
5 
6 
4 
2 
3 
6 
1 1449815158  
4 
5 
5 
3 
6 
3 
2 
5 
2 
6 
5 
1 1750163522  
2 
2 
5 
3 
5 
5 
6 
4 
2 
5 
2 
1 1808481501  
6 
2 
1 1607045880  
3 
5 
6 
5 
1 1246964536  
6 
5 
6 
4 
2 
4 
4 
6 
5 
3 
6 
5 
1 1597249929  
3 
5 
4 
5 
6 
6 
4 
5 
6 
1 1662084290  
2 
3 
6 
5 
3 
6 
4 
1 433263868  
2 
1 1997905186  
6 
5 
6 
5 
4 
2 
6 
4 
2 
3 
1 251645813  
5 
1 1358010043  
1 942011593  
2 
6 
4 
6 
5 
5 
4 
6 
4 
2 
5 
3 
5 
2 
1 1890415467  
3 
4 
2 
4 
6 
4 
1 1201840509  
2 
3 
6 
1 1181037913  
5 
2 
1 500286916  
2 
2 
3 
4 
1 341612586  
4 
2 
3 
3 
1 25101882  
5 
2 
5 
6 
5 
4 
1 1848723545  
2 
2 
1 273196302  
2 
4 
3 
1 879302887  
4 
3 
5 
6 
3 
4 
1 213583747  
5 
4 
3 
5 
1 972544430  
5 
2 
2 
3 
4 
1 1873350098  
4 
3 
1 1263940479  
4 
1 1604334419  
2 
2 
3 
4 
3 
1 813844419  
5 
4 
3 
3 
2 
1 983606347  
4 
3 
4 
5 
1 1592040370  
3 
4 
4 
5 
4 
1 600607339  
3 
1 568396928  
4 
3 
4 
2 
3 
6 
6 
3 
1 894371880  
6 
1 203287213  
3 
5 
2 
3 
2 
6 
5 
4 
3 
5 
4 
1 229394781  
3 
1 353934113  
4 
1 1450251749  
2 
1 1826644710  
1 2016018403  
1 1883515617  
4 
3 
3 
5 
2 
5 
3 
5 
2 
2 
5 
6 
5 
6 
4 
2 
2 
2 
5 
6 
6 
6 
6 
3 
1 1677066248  
3 
5 
1 120180568  
2 
2 
5 
1 1094042013  
6 
3 
1 471594194  
6 
4 
6 
2 
1 2010596036  
3 
4 
4 
3 
3 
3 
1 148398874  
1 1652632107  
1 363399304  
3 
6 
6 
1 490011460  
1 1677733989  
2 
2 
4 
4 
6 
5 
1 64639201  
4 
1 763207762  
2 
1 409553229  
4 
2 
4 
1 278222948  
2 
1 1735752192  
1 135419679  
5 
2 
1 1542163427  
1 1192602963  
2 
6 
4 
2 
1 949264098  
3 
1 378286126  
4 
6 
1 637159685  
6 
6 
3 
6 
2 
4 
5 
5 
6 
4 
3 
2 
6 
2 
1 1549871437  
3 
1 946683054  
3 
2 
1 1531531566  
2 
5 
2 
1 1753158650  
4 
4 
3 
5 
2 
6 
5 
2 
5 
4 
1 1176077835  
5 
6 
2 
3 
4 
3 
5 
2 
5 
5 
2 
2 
1 1885465679  
1 1055926751  
2 
5 
2 
1 855238897  
1 1754000434  
5 
1 791958721  
3 
5 
4 
5 
1 384821498  
2 
6 
1 1874181002  
2 
2 
6 
1 1886000734  
4 
1 856415692  
6 
2 
1 1737293390  
4 
6 
6 
6 
2 
1 2034399608  
6 
5 
1 361564151  
5 
1 2100692695  
5 
2 
3 
3 
4 
1 376927420  
4 
2 
4 
2 
2 
2 
5 
2 
5 
5 
1 2039298141  
3 
1 17848248  
4 
6 
3 
6 
6 
1 1140135182  
1 301367722  
1 296071197  
6 
2 
2 
2 
1 728403726  
5 
1 436787401  
3 
1 1838234624  
4 
1 1921006690  
2 
4 
4 
4 
6 
1 1386051499  
6 
2 
4 
3 
5 
2 
2 
1 69037103  
5 
6 
2 
4 
4 
2 
4 
2 
3 
4 
3 
4 
1 410682727  
5 
4 
2 
2 
5 
5 
6 
2 
6 
6 
6 
5 
5 
2 
4 
1 788439289  
1 1015720157  
2 
2 
6 
2 
5 
5 
4 
1 1942214293  
2 
1 394114291  
3 
5 
1 44314345  
1 1680196324  
3 
6 
2 
2 
1 1450041043  
1 899553242  
5 
3 
1 1286713110  
5 
4 
1 94516116  
4 
1 1284374740  
3 
3 
4 
4 
6 
3 
6 
5 
5 
6 
3 
3 
4 
4 
4 
3 
2 
4 
5 
3 
6 
1 1013410465  
3 
3 
3 
1 1980516850  
1 2140790432  
5 
5 
4 
1 603220207  
1 1867432810  
6 
1 354870936  
4 
5 
3 
2 
2 
4 
6 
2 
3 
5 
5 
3 
2 
2 
1 556429254  
3 
1 96876582  
5 
3 
6 
3 
5 
4 
6 
4 
1 246685429  
3 
6 
6 
6 
6 
2 
1 574277503  
3 
6 
5 
4 
1 1237011764  
2 
4 
3 
4 
5 
3 
1 548053151  
5 
6 
1 870348700  
5 
6 
2 
3 
3 
4 
5 
5 
4 
5 
6 
1 1965415490  
5 
6 
6 
4 
4 
1 984840552  
3 
2 
1 561099676  
1 1738938532  
3 
6 
4 
1 223408403  
1 630136779  
4 
6 
3 
1 2137612  
5 
3 
1 1011847692  
2 
3 
5 
2 
2 
5 
2 
1 1645856937  
6 
5 
4 
5 
3 
4 
2 
4 
1 1944351905  
1 1405961984  
6 
6 
6 
4 
1 1690171282  
5 
1 1477064582  
6 
5 
2 
1 708519379  
4 
5 
5 
2 
6 
1 442240876  
5 
3 
6 
3 
4 
4 
4 
3 
4 
3 
2 
5 
5 
2 
2 
1 616294044  
4 
6 
5 
2 
6 
4 
4 
6 
3 
4 
2 
1 803035495  
1 1726615617  
4 
6 
4 
1 1629704509  
4 
2 
3 
4 
1 636068697  
3 
6 
3 
1 1719922401  
5 
1 85441069  
3 
5 
3 
1 356017859  
3 
2 
2 
4 
5 
6 
1 2074793337  
5 
2 
6 
2 
3 
3 
1 641870323  
3 
5 
5 
6 
5 
1 452894441  
1 173995118  
5 
3 
5 
3 
5 
3 
5 
3 
4 
1 1216147826  
1 1689906205  
1 722048269  
6 
3 
3 
1 2086496526  
3 
6 
4 
4 
3 
6 
6 
5 
1 1507838047  
6 
4 
5 
2 
4 
3 
5 
2 
4 
4 
4 
1 1706888821  
1 500112555  
6 
4 
2 
6 
2 
1 1099292932  
2 
3 
4 
4 
6 
3 
1 1930297225  
5 
1 1130249334  
3 
4 
2 
3 
2 
6 
2 
2 
1 1101430544  
2 
6 
3 
3 
1 794661269  
5 
1 628622623  
5 
5 
5 
6 
5 
1 898298801  
4 
4 
5 
6 
2 
1 53139605  
5 
5 
6 
5 
6 
5 
2 
6 
6 
1 171310257  
5 
1 227879735  
5 
1 761658984  
1 613551134  
2 
1 844173780  
3 
3 
2 
2 
4 
1 1564694479  
1 192683103  
6 
3 
3 
2 
6 
4 
6 
1 326394641  
6 
1 53279528  
3 
4 
2 
1 1912605504  
5 
6 
2 
1 411835710  
4 
1 409297387  
5 
5 
5 
2 
1 1839915194  
3 
2 
5 
1 1053706034  
3 
5 
4 
6 
4 
4 
6 
2 
1 862191828  
6 
1 2013910312  
4 
4 
5 
6 
5 
4 
1 122370212  
2 
2 
1 404614385  
5 
2 
3 
5 
6 
2 
6 
4 
5 
5 
2 
6 
6 
6 
2 
1 588474934  
5 
4 
6 
5 
2 
4 
2 
1 61383091  
3 
2 
2 
3 
4 
1 1912452433  
2 
4 
6 
6 
4 
1 147880107  
5 
6 
6 
4 
2 
1 561495646  
1 864261717  
4 
4 
3 
6 
3 
2 
1 2078177332  
1 1691744980  
2 
3 
6 
6 
6 
2 
2 
3 
4 
4 
1 1965692261  
2 
6 
6 
4 
5 
2 
5 
1 725354954  
5 
2 
1 172883956  
2 
1 716507414  
3 
4 
2 
4 
2 
1 778494559  
4 
3 
1 344194213  
1 944387150  
6 
2 
5 
1 1540153544  
1 957745347  
1 1788560930  
2 
6 
1 957364375  
5 
1 1150428450  
4 
1 2114955571  
1 1010643904  
3 
2 
3 
2 
4 
1 915550307  
4 
3 
6 
3 
3 
2 
2 
2 
4 
2 
6 
5 
6 
4 
5 
6 
6 
6 
6 
4 
1 379307634  
1 1419941291  
1 607981853  
3 
4 
5 
2 
5 
2 
1 1433013668  
2 
4 
4 
4 
5 
6 
2 
1 134649472  
2 
3 
5 
1 474408517  
4 
1 1555383880  
2 
2 
6 
5 
6 
4 
1 539263857  
4 
1 1062883451  
4 
6 
5 
5 
1 1616766971  
3 
4 
2 
3 
5 
4 
3 
3 
4 
3 
2 
2 
1 304232642  
4 
2 
6 
4 
4 
2 
2 
3 
5 
2 
1 1210763559  
4 
1 30778969  
5 
4 
1 1168494359  
2 
3 
3 
6 
1 1141457243  
6 
5 
5 
4 
3 
6 
3 
3 
5 
3 
6 
3 
1 1722523950  
1 986702972  
4 
3 
4 
6 
1 1866812197  
5 
5 
3 
1 1895407906  
5 
1 1703210387  
4 
6 
5 
1 497823109  
2 
6 
2 
1 92118471  
3 
3 
2 
1 500113889  
6 
1 2037976653  
6 
6 
2 
1 1049863819  
5 
1 141191171  
2 
2 
2 
3 
3 
4 
4 
2 
1 847857380  
3 
4 
3 
3 
4 
6 
3 
3 
6 
3 
1 52808621  
4 
4 
2 
1 108663094  
1 1858501284  
5 
2 
2 
1 968358928  
1 487970728  
2 
2 
2 
3 
3 
2 
2 
4 
1 1130958928  
6 
3 
3 
2 
6 
6 
5 
3 
4 
2 
3 
1 1576340781  
4 
6 
6 
5 
6 
1 1920984396  
4 
5 
1 1265608400  
2 
2 
2 
2 
4 
3 
2 
5 
5 
5 
6 
2 
5 
5 
6 
4 
2 
2 
3 
3 
2 
2 
4 
6 
2 
5 
1 2050749299  
4 
6 
3 
6 
1 1328884629  
6 
3 
6 
1 1804872257  
2 
1 966149102  
6 
5 
2 
4 
2 
1 798167952  
4 
5 
5 
2 
4 
4 
6 
5 
4 
6 
3 
1 2109104900  
1 29429013  
4 
1 828946922  
5 
1 1130115611  
4 
1 1170886257  
3 
4 
3 
5 
2 
6 
1 403987224  
2 
5 
3 
2 
1 2116818584  
4 
3 
5 
4 
1 890214806  
1 151911482  
6 
6 
6 
2 
3 
5 
6 
1 1672545323  
4 
2 
5 
4 
2 
3 
2 
3 
4 
1 1388037915  
6 
5 
6 
2 
1 244029953  
5 
6 
2 
5 
6 
6 
1 25175564  
3 
1 1278530920  
6 
3 
6 
2 
5 
6 
5 
1 1293893772  
2 
3 
2 
5 
5 
1 166366735  
3 
6 
2 
3 
5 
6 
2 
3 
5 
6 
1 2126388301  
3 
4 
2 
1 1346702394  
5 
1 275029829  
6 
5 
6 
3 
1 1837405937  
5 
3 
3 
5 
6 
2 
6 
6 
5 
6 
6 
3 
6 
1 167577674  
6 
6 
4 
6 
2 
3 
2 
2 
3 
3 
2 
3 
2 
2 
6 
3 
3 
3 
4 
2 
4 
3 
6 
5 
6 
2 
1 763000558  
1 820881217  
1 1743918456  
4 
6 
4 
3 
6 
6 
4 
1 536501306  
1 2086489617  
2 
6 
5 
4 
3 
3 
1 1647184107  
3 
2 
6 
3 
6 
5 
4 
5 
4 
1 1865385935  
3 
3 
3 
6 
1 1743878227  
5 
2 
2 
6 
4 
4 
4 
1 465849561  
3 
2 
6 
2 
2 
6 
6 
3 
2 
6 
2 
6 
3 
5 
2 
5 
4 
3 
1 516070240  
5 
3 
4 
6 
2 
1 1705499479  
5 
6 
2 
6 
3 
2 
3 
5 
6 
2 
2 
6 
3 
1 495278575  
2 
5 
6 
1 1345017162  
5 
2 
5 
6 
5 
3 
3 
3 
1 688131442  
6 
2 
2 
2 
6 
4 
4 
3 
3 
6 
1 1666164832  
1 1749004386  
3 
6 
2 
4 
4 
5 
3 
6 
5 
4 
5 
1 657466378  
3 
5 
2 
1 408895990  
1 1900915868  
3 
1 182528053  
5 
1 1796933906  
5 
5 
1 2144945821  
6 
1 207703617  
3 
3 
3 
5 
4 
5 
5 
5 
6 
2 
2 
4 
5 
2 
5 
3 
6 
5 
2 
4 
4 
1 927981178  
3 
6 
3 
2 
1 1291355946  
6 
1 374070352  
2 
6 
1 906885831  
3 
1 490574692  
4 
4 
6 
2 
1 649100182  
2 
1 596808121  
4 
1 658152366  
5 
1 1412100740  
5 
6 
3 
1 1417689338  
5 
3 
5 
5 
5 
3 
3 
1 254587174  
2 
4 
6 
1 1948602046  
1 1356695308  
2 
2 
4 
6 
3 
6 
5 
5 
2 
5 
4 
3 
1 1901771281  
3 
5 
5 
5 
5 
4 
3 
4 
2 
3 
2 
6 
4 
4 
1 1666504334  
2 
5 
6 
1 953089887  
5 
6 
3 
4 
2 
4 
2 
6 
2 
1 220137195  
2 
1 35090926  
5 
2 
1 511105718  
2 
2 
2 
5 
4 
1 715415770  
5 
6 
2 
6 
2 
5 
6 
4 
3 
1 1380108088  
5 
3 
4 
4 
2 
4 
2 
6 
5 
4 
4 
2 
6 
5 
2 
2 
2 
1 1199237160  
2 
6 
1 234096954  
5 
1 981628826  
6 
2 
6 
1 1856703539  
4 
2 
1 642992944  
6 
1 735061046  
4 
2 
4 
4 
5 
6 
4 
1 2039231592  
4 
2 
5 
4 
1 292443202  
6 
2 
4 
1 732523219  
1 99451562  
6 
6 
4 
3 
1 1220424381  
1 2023879165  
2 
2 
3 
3 
1 473521914  
5 
6 
3 
6 
2 
6 
2 
5 
5 
1 2127310212  
3 
5 
3 
1 366970209  
6 
4 
6 
3 
3 
6 
5 
3 
6 
4 
4 
5 
1 1122622096  
6 
4 
5 
4 
3 
4 
6 
4 
4 
5 
4 
2 
3 
2 
6 
3 
3 
1 576634685  
3 
2 
3 
5 
4 
5 
2 
3 
2 
2 
1 1025122576  
4 
3 
5 
5 
5 
4 
4 
6 
1 387239188  
3 
2 
5 
6 
5 
4 
6 
6 
1 1994324024  
1 1279709750  
5 
2 
4 
2 
6 
3 
4 
2 
4 
4 
1 188357587  
3 
5 
2 
5 
3 
2 
2 
6 
6 
4 
6 
5 
3 
3 
6 
5 
4 
1 1203535684  
4 
2 
5 
1 1033997384  
6 
2 
6 
1 1854861921  
1 9141923  
1 1254134579  
6 
1 1889952847  
1 520247641  
5 
2 
1 1969550349  
4 
2 
5 
4 
2 
2 
3 
4 
6 
4 
4 
1 1122577287  
5 
1 1719484801  
1 56163655  
5 
2 
4 
5 
2 
3 
5 
5 
6 
4 
2 
5 
2 
2 
6 
3 
4 
3 
1 2104206113  
4 
2 
3 
2 
6 
4 
2 
3 
6 
1 1428704692  
6 
6 
1 699156599  
3 
6 
4 
6 
4 
4 
5 
4 
4 
6 
2 
2 
4 
2 
1 691783511  
1 1320452637  
3 
1 991599802  
2 
6 
2 
2 
1 1424306730  
3 
5 
6 
3 
4 
2 
6 
4 
1 1419904199  
5 
5 
4 
6 
2 
2 
5 
3 
2 
6 
1 64540535  
1 1300702248  
3 
1 1893426113  
4 
1 44367099  
2 
4 
1 1667672457  
1 868564562  
1 621001785  
4 
3 
5 
5 
5 
4 
2 
1 545311385  
1 1255803750  
5 
2 
1 467842161  
2 
1 1825021136  
5 
6 
6 
5 
5 
6 
4 
1 1444161337  
4 
5 
2 
5 
1 1671377845  
6 
5 
3 
6 
1 711534872  
4 
1 1151539610  
5 
1 1680519768  
3 
4 
2 
2 
1 1965669451  
6 
1 894008809  
4 
6 
2 
5 
2 
2 
5 
5 
4 
2 
4 
2 
6 
2 
6 
3 
1 53283761  
2 
5 
1 1787736152  
2 
4 
6 
1 2016586096  
2 
2 
3 
2 
5 
3 
5 
1 1772768562  
2 
6 
5 
1 1843899807  
4 
4 
4 
2 
3 
6 
6 
6 
1 1973308561  
3 
3 
6 
6 
4 
4 
2 
2 
6 
2 
4 
2 
5 
2 
6 
4 
3 
3 
4 
2 
5 
5 
1 1053989607  
1 395572758  
5 
2 
3 
5 
6 
1 517608424  
2 
3 
3 
6 
1 226958596  
2 
6 
1 1387172560  
4 
6 
6 
4 
4 
3 
3 
6 
4 
6 
2 
2 
5 
2 
1 1941915155  
1 1646862795  
4 
5 
3 
2 
5 
3 
3 
1 1451713095  
6 
1 1095133755  
5 
2 
3 
3 
5 
4 
5 
3 
5 
2 
4 
3 
2 
6 
1 1392805260  
1 1496080195  
5 
3 
3 
3 
1 615322564  
1 113886174  
3 
6 
2 
1 2117081980  
1 1160633950  
3 
5 
2 
6 
4 
4 
1 1369689925  
1 437440493  
6 
5 
4 
6 
6 
2 
2 
6 
3 
6 
6 
2 
3 
5 
4 
2 
6 
3 
2 
1 838171438  
6 
2 
2 
2 
2 
1 666367614  
6 
1 2108818338  
3 
5 
2 
2 
4 
4 
6 
6 
2 
5 
6 
4 
3 
1 1549706310  
5 
5 
3 
2 
1 1817907225  
6 
3 
3 
5 
5 
1 1641854458  
1 1367892113  
4 
3 
6 
6 
4 
3 
5 
2 
1 564432386  
2 
3 
5 
2 
6 
3 
2 
3 
1 1695138219  
3 
3 
2 
2 
5 
4 
6 
5 
5 
3 
6 
4 
5 
3 
6 
6 
4 
4 
3 
4 
4 
5 
1 1008144617  
3 
6 
2 
2 
5 
3 
4 
1 433534835  
3 
3 
4 
3 
2 
2 
1 1320423133  
6 
4 
5 
4 
6 
4 
6 
4 
5 
3 
1 704560776  
2 
2 
1 259359748  
1 226929092  
1 1100133534  
6 
5 
3 
3 
5 
5 
5 
4 
5 
5 
2 
5 
3 
6 
3 
6 
2 
6 
2 
6 
6 
6 
1 776968173  
4 
1 453887688  
4 
4 
2 
2 
2 
5 
1 339822447  
6 
3 
5 
1 571399680  
3 
6 
3 
3 
5 
6 
5 
6 
6 
3 
3 
3 
5 
2 
1 2100750483  
1 1791535542  
5 
6 
6 
5 
6 
1 1666533435  
2 
3 
2 
6 
1 1346072096  
4 
1 1140132089  
2 
6 
4 
2 
3 
3 
5 
5 
5 
4 
6 
3 
3 
2 
2 
5 
2 
6 
4 
1 134372351  
4 
6 
2 
6 
5 
3 
6 
2 
5 
5 
3 
6 
6 
3 
2 
3 
1 1459958270  
6 
4 
2 
4 
5 
2 
1 1109730421  
3 
4 
3 
3 
4 
4 
6 
5 
3 
3 
2 
4 
5 
6 
3 
4 
4 
1 1295006301  
6 
2 
3 
3 
6 
1 682164547  
1 1547170914  
1 2133177739  
2 
6 
2 
6 
3 
3 
2 
3 
2 
6 
1 1348532162  
6 
1 1508505604  
4 
1 1535400401  
2 
6 
3 
4 
2 
1 1018955739  
1 1002876414  
5 
6 
6 
6 
3 
3 
6 
3 
1 755808866  
3 
4 
6 
2 
3 
4 
4 
6 
5 
2 
3 
1 1583388125  
1 550530985  
1 1763953483  
5 
4 
1 2016922960  
2 
5 
6 
2 
5 
1 1870954119  
2 
2 
6 
6 
6 
3 
5 
4 
2 
5 
5 
5 
3 
1 321030611  
1 128799061  
6 
6 
6 
6 
6 
1 2097883211  
2 
1 1421164146  
6 
5 
3 
6 
5 
3 
4 
5 
5 
3 
5 
1 905767234  
2 
6 
2 
3 
3 
5 
3 
1 404287252  
3 
6 
6 
2 
6 
5 
3 
1 1760986593  
2 
5 
6 
5 
5 
2 
4 
4 
2 
1 1477166914  
1 357554087  
4 
6 
5 
2 
5 
2 
3 
2 
4 
4 
1 1405038487  
6 
6 
5 
5 
6 
2 
5 
2 
1 996216701  
3 
2 
5 
4 
4 
4 
2 
2 
2 
1 1703626183  
3 
3 
2 
1 397686929  
6 
3 
3 
1 1130589052  
1 1016100806  
6 
2 
3 
5 
2 
4 
3 
1 1507417350  
6 
1 278111706  
4 
6 
3 
4 
6 
5 
4 
6 
5 
5 
2 
4 
3 
2 
3 
2 
2 
1 1698265353  
4 
1 907104617  
5 
2 
2 
6 
3 
5 
6 
4 
1 263805797  
2 
3 
1 899313867  
2 
1 268126573  
6 
3 
5 
4 
6 
1 1799206199  
4 
2 
5 
4 
6 
4 
4 
1 1918269606  
5 
5 
1 1271002988  
6 
3 
1 407531417  
3 
3 
6 
4 
4 
5 
1 1354174084  
2 
4 
6 
5 
6 
6 
3 
5 
4 
4 
3 
3 
1 1821533973  
3 
1 24001253  
6 
3 
4 
5 
1 1223613396  
3 
1 1545004444  
6 
3 
6 
2 
3 
6 
3 
1 345031864  
4 
4 
5 
3 
4 
3 
1 1352412457  
3 
6 
5 
2 
2 
3 
1 1495404008  
1 1766196010  
4 
4 
2 
6 
3 
5 
6 
4 
4 
3 
5 
4 
3 
6 
3 
6 
2 
4 
5 
1 110696043  
4 
2 
2 
5 
2 
2 
3 
1 1899691260  
4 
1 1379698955  
4 
2 
4 
6 
2 
4 
1 1587862957  
1 109761699  
4 
4 
5 
3 
6 
5 
5 
3 
4 
6 
4 
1 637253795  
4 
6 
5 
4 
6 
3 
3 
3 
6 
4 
1 436596010  
5 
2 
6 
6 
3 
1 1813387883  
1 1034940724  
1 1567185063  
6 
6 
6 
2 
6 
5 
2 
2 
3 
1 682005041  
1 394874426  
6 
5 
5 
6 
3 
5 
4 
5 
3 
6 
2 
6 
4 
4 
1 1845296769  
2 
1 232786746  
1 1301979043  
5 
4 
5 
4 
6 
3 
3 
1 2109102566  
4 
4 
2 
5 
4 
4 
3 
1 1132100614  
6 
1 1570105617  
1 1760825117  
1 902886572  
5 
4 
5 
1 693624957  
3 
4 
2 
5 
3 
1 20872887  
5 
3 
3 
4 
1 109577008  
1 367675282  
1 44874140  
3 
3 
2 
6 
1 1333190405  
6 
6 
2 
3 
4 
6 
4 
2 
3 
6 
4 
6 
6 
1 1912679727  
3 
1 389906004  
6 
2 
5 
2 
2 
5 
3 
1 538119214  
6 
2 
5 
4 
2 
3 
5 
2 
6 
5 
4 
5 
2 
6 
5 
4 
5 
6 
1 1260600087  
6 
6 
2 
1 8618367  
5 
6 
6 
6 
3 
4 
2 
1 648815258  
6 
2 
6 
5 
4 
5 
1 1012807699  
2 
4 
1 1388317322  
4 
2 
1 89194567  
5 
1 1122569398  
5 
3 
6 
4 
3 
2 
1 2025571117  
5 
6 
2 
1 525790578  
5 
4 
2 
2 
3 
5 
1 788473633  
1 913028193  
5 
2 
6 
2 
4 
1 2092975641  
1 1470478674  
2 
6 
2 
6 
1 1307902620  
6 
1 1790788762  
4 
2 
2 
2 
1 1703265421  
3 
1 462398015  
3 
4 
6 
5 
1 1752407680  
6 
2 
4 
1 687882387  
6 
6 
5 
2 
2 
1 2032503632  
6 
1 1365749150  
5 
3 
3 
5 
5 
1 1590768959  
2 
4 
4 
6 
5 
5 
3 
5 
4 
1 578644941  
5 
5 
1 1386622037  
4 
6 
3 
6 
1 1700345968  
3 
1 946320224  
2 
3 
1 1431496177  
4 
6 
1 886052725  
3 
2 
4 
2 
5 
5 
4 
3 
3 
6 
3 
1 711516303  
3 
5 
3 
4 
5 
1 1821402181  
1 1424171939  
4 
6 
4 
3 
6 
3 
2 
4 
5 
1 1972116390  
1 1830020548  
3 
5 
4 
3 
1 2072987197  
5 
5 
3 
1 837440441  
5 
3 
6 
2 
6 
6 
3 
6 
6 
6 
6 
1 1070854223  
6 
5 
5 
1 14698117  
2 
5 
2 
5 
6 
1 1960009839  
6 
1 948941692  
1 540488695  
4 
2 
5 
4 
4 
1 600999825  
5 
6 
3 
2 
2 
3 
5 
5 
4 
1 1861969886  
1 485980688  
1 2071478499  
1 1022388858  
5 
4 
2 
2 
5 
4 
3 
6 
5 
3 
3 
3 
1 129285802  
6 
5 
4 
4 
2 
3 
5 
3 
1 1627260272  
4 
2 
4 
5 
4 
3 
1 1484786873  
4 
4 
4 
4 
6 
3 
4 
6 
5 
3 
4 
2 
2 
4 
2 
3 
5 
4 
4 
6 
3 
5 
5 
6 
2 
4 
1 1881693482  
3 
5 
4 
1 167659011  
1 1369806858  
1 1099958984  
3 
1 1758427971  
3 
1 1948451799  
6 
2 
5 
4 
6 
4 
4 
4 
5 
1 339097373  
5 
2 
3 
4 
5 
2 
1 1311290291  
2 
4 
6 
4 
1 747288375  
1 1770593550  
3 
5 
4 
2 
1 49859368  
5 
1 1458804678  
3 
4 
4 
1 1444512084  
2 
6 
1 1474031307  
3 
1 1283437420  
4 
3 
2 
3 
1 1127048984  
5 
2 
4 
3 
3 
4 
1 1399534857  
2 
6 
3 
6 
4 
4 
5 
6 
6 
6 
2 
2 
1 2120877861  
4 
2 
2 
6 
6 
3 
1 50419559  
5 
3 
6 
3 
2 
3 
1 1414232974  
4 
2 
3 
1 1933404053  
2 
5 
1 999361252  
5 
5 
3 
5 
6 
1 1954721669  
4 
3 
3 
6 
1 386920230  
2 
6 
4 
2 
5 
6 
2 
3 
4 
3 
1 713847490  
6 
2 
6 
6 
2 
3 
2 
4 
1 293218709  
6 
4 
1 310915081  
1 1736236348  
3 
5 
4 
3 
5 
3 
5 
5 
3 
4 
4 
1 422504511  
2 
3 
6 
1 1938175354  
6 
5 
1 1073539573  
4 
6 
2 
6 
3 
2 
4 
3 
3 
1 156714345  
4 
6 
4 
3 
4 
2 
1 2105834365  
3 
5 
3 
2 
1 295862783  
6 
6 
4 
5 
1 1256673330  
5 
5 
4 
4 
2 
2 
6 
1 1716778688  
1 96830935  
2 
3 
1 1595770703  
1 880585331  
3 
1 844119310  
3 
3 
1 1218880606  
3 
6 
5 
5 
5 
2 
2 
2 
6 
5 
3 
5 
2 
6 
5 
6 
2 
6 
4 
3 
2 
5 
4 
5 
1 930444699  
2 
6 
1 155440341  
2 
4 
1 515909042  
4 
4 
6 
5 
1 256992359  
1 1438877761  
5 
5 
3 
3 
2 
2 
3 
1 1642958026  
6 
4 
3 
1 1656527216  
3 
5 
4 
6 
6 
5 
3 
2 
2 
1 1412271975  
3 
2 
6 
3 
5 
6 
3 
5 
4 
3 
1 1693377586  
3 
3 
1 923276542  
1 1198192380  
2 
1 545255190  
6 
1 730514563  
1 1585112610  
1 1259102680  
6 
1 1023733272  
6 
5 
4 
2 
3 
4 
1 1896027691  
4 
3 
2 
4 
3 
2 
2 
4 
2 
2 
3 
6 
1 847855380  
6 
5 
5 
4 
6 
3 
2 
3 
4 
6 
1 1446237783  
4 
3 
3 
3 
6 
4 
5 
6 
2 
6 
5 
4 
3 
2 
4 
5 
1 1686719397  
1 1921394953  
4 
1 1602952128  
3 
4 
5 
3 
2 
5 
1 1645070115  
2 
2 
2 
2 
1 69774089  
5 
6 
1 712141810  
3 
5 
2 
4 
4 
4 
2 
3 
1 1214365155  
3 
4 
5 
2 
6 
5 
4 
3 
4 
6 
1 166605024  
4 
5 
4 
6 
5 
5 
1 160428866  
6 
6 
6 
3 
2 
5 
6 
2 
3 
1 2094950487  
2 
3 
3 
3 
5 
4 
2 
1 1010724334  
1 1379309472  
3 
3 
4 
5 
2 
6 
5 
5 
4 
1 877911538  
2 
2 
4 
4 
1 1166164675  
5 
5 
4 
6 
2 
6 
2 
5 
3 
5 
2 
5 
5 
3 
6 
3 
3 
2 
4 
5 
4 
6 
6 
1 1895218514  
4 
4 
1 1134903897  
1 457558789  
5 
2 
3 
4 
2 
2 
3 
4 
5 
5 
1 1390692892  
3 
1 643947465  
4 
2 
3 
4 
6 
4 
1 1869830764  
6 
6 
1 936586830  
1 1567224007  
3 
6 
4 
6 
3 
6 
2 
6 
4 
6 
6 
4 
5 
4 
1 920539496  
6 
4 
1 1481842020  
3 
5 
3 
3 
1 150254922  
4 
5 
5 
1 358168458  
3 
4 
2 
3 
5 
3 
3 
3 
3 
2 
5 
1 593461052  
6 
6 
1 1173988194  
5 
6 
6 
1 106712501  
3 
6 
6 
4 
2 
2 
3 
5 
5 
3 
2 
3 
3 
1 1441316432  
1 472742329  
1 1793431899  
3 
2 
1 1215227738  
6 
1 2075694458  
3 
3 
1 1291018366  
1 1285001827  
2 
2 
4 
4 
1 640352620  
5 
4 
6 
1 357899873  
6 
6 
1 1451606851  
6 
5 
2 
4 
2 
1 800781486  
3 
1 305366712  
5 
1 314847537  
1 32607310  
6 
3 
1 1183278251  
5 
4 
4 
5 
6 
1 1481012213  
3 
4 
6 
5 
4 
3 
6 
1 1927825824  
1 170698500  
4 
6 
3 
5 
2 
6 
3 
1 1938571002  
5 
6 
5 
3 
2 
3 
6 
2 
6 
4 
6 
4 
3 
3 
1 1171035069  
2 
2 
3 
4 
4 
6 
4 
4 
1 814645966  
6 
1 1660918118  
3 
4 
6 
1 2107621899  
4 
4 
6 
2 
3 
4 
5 
6 
3 
4 
1 234386325  
3 
6 
4 
1 433973966  
6 
4 
3 
2 
5 
1 1441980272  
6 
2 
6 
1 384641248  
5 
5 
4 
4 
3 
1 792142424  
5 
4 
4 
1 2035441324  
6 
4 
5 
6 
1 1558629442  
1 898854925  
2 
2 
6 
5 
3 
6 
4 
2 
2 
4 
6 
5 
6 
3 
2 
6 
2 
3 
4 
5 
2 
5 
2 
2 
6 
2 
1 1329274109  
1 2031371772  
6 
6 
2 
1 544803176  
5 
5 
3 
2 
6 
5 
2 
3 
2 
6 
4 
4 
4 
3 
3 
3 
3 
4 
3 
4 
3 
6 
1 397018199  
4 
3 
2 
2 
2 
5 
6 
4 
4 
3 
6 
4 
4 
5 
2 
5 
1 1959582582  
2 
2 
2 
2 
5 
2 
5 
2 
4 
2 
4 
6 
4 
1 1835821542  
2 
3 
6 
3 
1 1682020026  
3 
1 452451554  
6 
4 
3 
1 46237768  
1 986143229  
1 1253233041  
4 
1 351604480  
2 
2 
5 
5 
3 
6 
5 
2 
5 
3 
5 
4 
1 1300990766  
4 
4 
2 
2 
3 
4 
1 1285840351  
2 
1 1534882731  
5 
1 634519331  
5 
6 
4 
1 1066182528  
4 
6 
1 1705581232  
4 
5 
5 
1 425606685  
5 
4 
4 
3 
2 
1 89733949  
4 
2 
2 
6 
5 
1 372743550  
1 2086524803  
1 49872200  
4 
4 
2 
4 
4 
4 
2 
4 
1 607129875  
5 
2 
5 
3 
4 
4 
4 
6 
1 373015121  
3 
5 
5 
5 
1 1491852472  
3 
3 
3 
4 
4 
6 
5 
2 
3 
4 
1 991771123  
2 
1 1165157545  
2 
1 1379810149  
2 
3 
4 
4 
2 
5 
1 402916918  
2 
4 
3 
4 
6 
3 
5 
1 2064012471  
2 
1 561600610  
3 
5 
4 
4 
5 
5 
3 
4 
2 
3 
4 
3 
2 
6 
5 
1 286805042  
4 
5 
1 461331999  
5 
5 
6 
3 
4 
3 
5 
6 
1 958618809  
3 
3 
3 
6 
4 
4 
2 
5 
6 
3 
2 
2 
2 
4 
4 
5 
4 
6 
1 98903976  
4 
4 
5 
3 
1 149669894  
6 
2 
1 493155187  
6 
4 
1 551355530  
1 195907662  
4 
3 
3 
6 
5 
1 1479298416  
6 
1 1804588571  
6 
4 
6 
1 547512142  
4 
1 632805534  
2 
3 
2 
2 
4 
5 
5 
4 
5 
1 942945275  
4 
1 2082394874  
2 
3 
1 1267324866  
4 
4 
4 
2 
3 
6 
6 
1 2009127803  
2 
5 
4 
6 
2 
3 
6 
2 
3 
2 
3 
4 
6 
1 1640492458  
1 1692931551  
4 
4 
5 
5 
4 
5 
6 
4 
5 
1 2098861752  
4 
5 
1 2013236008  
1 1631972707  
6 
6 
3 
6 
4 
2 
3 
4 
2 
6 
4 
1 1250304  
6 
6 
6 
2 
6 
3 
1 472882235  
2 
2 
5 
1 2004987828  
5 
4 
3 
5 
5 
1 1493102777  
2 
1 1464653359  
2 
4 
6 
2 
1 1022661726  
6 
2 
4 
2 
2 
2 
6 
3 
2 
5 
5 
4 
5 
1 725429278  
5 
6 
2 
5 
2 
1 1867570277  
5 
3 
6 
1 939190549  
1 1287029888  
1 6891671  
1 1400522548  
5 
4 
5 
5 
5 
6 
1 98165049  
3 
6 
3 
1 105795647  
4 
4 
4 
5 
1 1550192442  
6 
2 
1 591320236  
4 
6 
1 657151177  
4 
2 
2 
1 1746100104  
3 
1 2070618652  
5 
1 314256101  
5 
3 
3 
2 
1 146128599  
5 
2 
1 555940538  
3 
3 
4 
4 
5 
4 
5 
6 
4 
1 1257201376  
5 
6 
1 81039825  
4 
5 
2 
4 
1 1823265404  
3 
2 
4 
5 
2 
5 
4 
6 
6 
6 
6 
1 1118845531  
3 
4 
2 
1 1721532283  
4 
3 
4 
6 
6 
1 1368713308  
3 
4 
5 
2 
2 
2 
4 
6 
3 
3 
1 1070223635  
3 
1 1587284643  
3 
4 
4 
4 
5 
4 
1 853202367  
4 
1 1071473939  
6 
3 
1 2060166878  
1 710706547  
6 
5 
5 
1 417093068  
1 1377336589  
5 
5 
6 
4 
5 
3 
5 
2 
6 
1 1733368273  
1 1142522346  
3 
5 
1 1097423218  
6 
4 
2 
5 
3 
1 525075174  
3 
5 
4 
5 
5 
3 
3 
5 
5 
3 
5 
2 
5 
3 
6 
6 
2 
6 
3 
4 
6 
6 
4 
4 
6 
4 
2 
3 
4 
6 
4 
2 
5 
3 
3 
2 
5 
5 
1 282068586  
3 
6 
4 
5 
2 
5 
4 
6 
4 
6 
5 
6 
2 
1 1104314889  
4 
1 1925597723  
6 
1 380233635  
3 
2 
4 
3 
3 
1 1210110536  
6 
5 
3 
6 
5 
2 
3 
2 
5 
5 
2 
1 1328306517  
1 971553871  
1 1867261714  
4 
5 
5 
1 926922974  
4 
5 
4 
4 
3 
4 
1 894688875  
6 
3 
3 
4 
4 
4 
3 
4 
6 
2 
2 
4 
6 
4 
3 
3 
2 
5 
6 
3 
3 
6 
1 34034167  
5 
3 
1 1073051573  
6 
3 
1 1450629414  
1 1291235543  
2 
1 1154091398  
4 
6 
6 
6 
4 
2 
1 1126411170  
5 
5 
5 
5 
2 
4 
3 
4 
2 
5 
6 
4 
4 
5 
5 
2 
4 
2 
4 
4 
3 
2 
6 
5 
1 262597426  
1 728140033  
1 347640830  
5 
5 
4 
5 
2 
3 
1 1332821061  
2 
1 167941028  
4 
6 
4 
4 
1 1200843197  
1 256811352  
4 
3 
5 
1 80624258  
2 
2 
2 
3 
4 
5 
2 
5 
1 1911549745  
2 
4 
5 
4 
5 
3 
6 
6 
5 
3 
6 
6 
1 673904421  
2 
5 
2 
6 
5 
4 
2 
4 
5 
5 
3 
5 
2 
1 1457960848  
3 
5 
1 1497434370  
2 
3 
6 
1 1816426767  
2 
1 407900418  
1 2022509545  
3 
5 
6 
4 
5 
6 
1 2098495354  
1 1512215308  
1 1800623620  
3 
3 
1 331245341  
6 
4 
6 
5 
3 
4 
1 574842196  
6 
3 
3 
3 
2 
3 
6 
1 981446489  
1 1302799213  
5 
5 
5 
5 
6 
2 
2 
4 
4 
4 
2 
3 
5 
4 
3 
3 
6 
3 
1 294620262  
5 
2 
4 
4 
2 
6 
2 
5 
5 
3 
5 
5 
1 1908369463  
3 
5 
2 
2 
5 
5 
1 50004440  
6 
6 
3 
3 
3 
4 
2 
4 
3 
3 
2 
5 
3 
4 
4 
1 328654429  
5 
2 
2 
4 
5 
6 
5 
4 
3 
1 833937388  
6 
1 1500633854  
5 
4 
1 1619889972  
1 1988028786  
2 
3 
5 
2 
1 479561377  
6 
5 
1 1882487398  
4 
5 
4 
4 
2 
2 
5 
1 568685171  
6 
4 
2 
4 
3 
5 
5 
5 
1 827202207  
4 
4 
5 
6 
6 
1 1067824811  
5 
3 
6 
1 736626199  
3 
2 
3 
1 2028045405  
4 
6 
5 
4 
6 
1 1324636164  
5 
5 
2 
1 817250458  
5 
4 
2 
4 
2 
2 
5 
5 
5 
5 
6 
2 
3 
2 
2 
2 
4 
1 1792111502  
4 
1 1998540585  
3 
4 
6 
6 
2 
2 
1 127727658  
5 
1 1142062224  
4 
6 
5 
2 
5 
2 
2 
5 
6 
6 
5 
3 
4 
6 
6 
4 
4 
3 
5 
2 
4 
1 1667483704  
6 
6 
2 
4 
2 
3 
6 
2 
3 
5 
3 
5 
3 
4 
2 
3 
2 
6 
6 
1 535628076  
2 
2 
5 
6 
3 
1 1017088121  
3 
5 
2 
1 1618495410  
5 
4 
2 
1 2047843384  
2 
4 
6 
1 670228093  
5 
2 
4 
4 
2 
2 
1 1949740752  
5 
3 
1 475201933  
3 
1 1651674583  
6 
1 1105056317  
1 769822195  
4 
3 
3 
3 
2 
4 
3 
4 
1 1412560398  
1 1155060757  
6 
1 1098476625  
3 
4 
1 99014139  
4 
6 
4 
4 
2 
4 
5 
4 
6 
1 508210964  
6 
3 
6 
5 
2 
1 570882949  
4 
2 
3 
4 
3 
2 
3 
5 
3 
6 
2 
4 
2 
2 
4 
5 
5 
3 
2 
4 
4 
3 
4 
6 
2 
1 2087042925  
1 987772341  
3 
3 
4 
2 
4 
1 305886700  
6 
2 
3 
5 
4 
2 
3 
1 508244449  
3 
3 
3 
1 1814974548  
4 
1 1373711511  
6 
4 
1 1244870648  
4 
1 1695536305  
1 550864027  
2 
4 
1 2062121106  
3 
2 
4 
4 
5 
4 
5 
1 1340164159  
4 
5 
2 
4 
2 
6 
2 
4 
2 
6 
6 
6 
4 
5 
2 
3 
3 
4 
1 401920964  
2 
2 
5 
5 
1 42365116  
3 
5 
6 
6 
2 
4 
5 
4 
6 
3 
1 334742736  
4 
3 
3 
6 
3 
1 2069404669  
2 
2 
1 577993193  
3 
6 
5 
2 
3 
6 
2 
5 
3 
3 
1 1351830857  
1 1540416431  
4 
3 
1 478352929  
6 
4 
3 
6 
6 
6 
6 
6 
4 
5 
1 2022058951  
4 
2 
6 
3 
3 
6 
1 1342673535  
1 953554862  
1 1526249886  
6 
4 
3 
4 
6 
1 300246204  
5 
2 
1 1723377058  
5 
1 791326636  
2 
1 1455306962  
5 
3 
5 
4 
5 
2 
4 
1 674370035  
3 
3 
6 
1 890340775  
3 
2 
6 
3 
2 
4 
5 
6 
5 
5 
6 
5 
1 1963517926  
6 
3 
3 
2 
4 
3 
1 1245252984  
2 
4 
3 
1 829900053  
3 
4 
3 
5 
3 
6 
4 
6 
1 803806619  
6 
5 
2 
2 
1 1551139684  
2 
3 
3 
1 1338144502  
3 
4 
3 
3 
5 
6 
3 
2 
6 
5 
6 
2 
2 
6 
2 
1 471297519  
1 777367548  
6 
3 
1 435531502  
5 
1 19350177  
1 1328231575  
6 
3 
5 
4 
3 
3 
3 
4 
4 
4 
4 
1 350168961  
3 
5 
6 
3 
3 
1 1359514336  
6 
3 
6 
5 
5 
2 
4 
4 
5 
3 
5 
6 
6 
3 
6 
5 
4 
5 
6 
1 1730152540  
2 
6 
4 
2 
1 392534077  
5 
4 
5 
4 
1 1694257072  
3 
3 
3 
4 
2 
6 
4 
1 1652073561  
2 
1 970527270  
4 
1 898604282  
1 1045006344  
4 
1 1448880200  
5 
3 
3 
5 
3 
2 
2 
2 
5 
5 
3 
6 
5 
5 
5 
2 
3 
5 
6 
6 
2 
2 
3 
4 
5 
6 
1 773179585  
4 
2 
4 
1 240196232  
5 
3 
2 
3 
2 
5 
2 
4 
6 
3 
4 
3 
1 254951414  
6 
1 151945823  
3 
2 
3 
1 540442436  
1 1978328472  
1 943272459  
6 
3 
4 
4 
2 
5 
3 
1 1995749398  
4 
3 
1 505214859  
3 
6 
6 
1 1833613235  
4 
3 
2 
1 1811783676  
5 
5 
5 
1 1750467844  
5 
2 
1 516029640  
5 
4 
2 
6 
3 
6 
3 
6 
5 
2 
3 
1 468106647  
1 1154123880  
4 
1 1854174142  
4 
3 
1 939404167  
2 
3 
6 
5 
3 
2 
6 
2 
6 
1 1931491428  
4 
1 142221996  
4 
5 
4 
6 
4 
1 958754344  
5 
6 
6 
3 
6 
4 
1 1112239356  
4 
4 
4 
1 492390957  
2 
4 
5 
6 
1 170785032  
2 
5 
1 694908248  
2 
4 
1 884925035  
4 
2 
2 
2 
1 1865042105  
5 
3 
1 199498161  
6 
5 
6 
1 1855452305  
5 
6 
3 
3 
6 
6 
5 
3 
6 
1 616162739  
1 1244504505  
5 
3 
6 
4 
4 
1 1156848857  
6 
6 
1 1389342324  
1 1484700737  
3 
5 
5 
4 
2 
5 
5 
6 
2 
6 
5 
6 
2 
4 
4 
1 1411800272  
1 1541288147  
4 
3 
1 2025143174  
2 
3 
3 
1 1242645096  
2 
5 
6 
5 
2 
5 
4 
4 
1 337076958  
5 
3 
3 
5 
6 
6 
1 1873408924  
6 
2 
2 
3 
5 
6 
1 1747859956  
5 
1 23206545  
3 
2 
4 
6 
4 
4 
4 
1 1537708953  
1 1350844152  
4 
5 
3 
2 
5 
5 
4 
4 
6 
6 
1 539236185  
5 
3 
3 
1 2005815600  
6 
5 
3 
6 
3 
6 
1 357484384  
4 
1 245926679  
1 797736119  
4 
6 
5 
1 141492165  
4 
6 
4 
6 
1 388148676  
1 1756490463  
2 
6 
1 1253731521  
3 
2 
5 
6 
6 
3 
5 
3 
5 
1 880539633  
2 
6 
4 
1 1927275496  
5 
6 
3 
4 
5 
5 
6 
2 
2 
1 1948639769  
2 
4 
5 
6 
2 
6 
2 
4 
4 
4 
1 1765464668  
6 
2 
6 
2 
2 
3 
2 
3 
5 
3 
2 
4 
1 1644833953  
5 
5 
2 
5 
2 
5 
5 
4 
4 
2 
4 
6 
1 654282  
2 
5 
4 
2 
5 
1 1473433326  
3 
4 
3 
1 113513044  
4 
5 
6 
5 
1 1245158787  
5 
5 
3 
5 
6 
2 
6 
5 
2 
1 482798535  
6 
4 
1 1502855368  
3 
5 
5 
4 
4 
5 
4 
4 
4 
2 
1 582375877  
2 
4 
5 
5 
3 
2 
1 1894598807  
6 
3 
6 
2 
3 
3 
3 
2 
6 
4 
1 896659867  
4 
4 
2 
6 
3 
5 
3 
1 460035403  
5 
1 989760256  
1 1233736825  
2 
3 
3 
3 
6 
1 185960679  
6 
2 
3 
6 
4 
5 
4 
4 
1 590136564  
4 
3 
4 
1 1256943371  
3 
6 
4 
4 
5 
4 
5 
5 
1 1723669632  
1 1940980716  
3 
3 
2 
4 
1 1796179556  
5 
1 1582001585  
2 
2 
2 
3 
1 150981452  
3 
3 
6 
6 
4 
3 
3 
5 
4 
3 
6 
2 
4 
1 2042106236  
5 
1 232254056  
1 292473617  
5 
6 
4 
3 
2 
1 282771264  
5 
4 
1 1988744520  
1 1546205138  
5 
5 
1 1163310897  
5 
6 
4 
5 
5 
4 
3 
1 1768536368  
2 
6 
4 
6 
2 
2 
5 
2 
3 
1 1347361259  
1 781291918  
2 
4 
2 
3 
4 
2 
2 
5 
4 
6 
6 
3 
4 
1 1265886673  
6 
5 
6 
4 
1 1348015541  
3 
3 
6 
1 107241596  
1 1379399717  
5 
3 
6 
3 
2 
4 
1 445690681  
1 590040131  
1 734771437  
4 
3 
2 
1 1028066558  
1 337155291  
2 
3 
3 
6 
6 
5 
2 
1 1631431304  
2 
4 
6 
4 
2 
6 
1 1488101961  
5 
4 
3 
6 
3 
2 
1 1326915547  
5 
1 717684481  
1 1674062640  
4 
5 
1 1917052111  
4 
3 
3 
5 
4 
2 
4 
6 
1 1974627852  
2 
1 1250248625  
1 1710549179  
1 1623323761  
2 
6 
2 
4 
6 
5 
2 
4 
1 684766562  
5 
6 
3 
3 
1 1861530631  
2 
1 1517946349  
2 
6 
3 
6 
5 
5 
1 917020618  
3 
4 
6 
3 
5 
2 
1 6520601  
1 1800717613  
5 
3 
2 
2 
1 758281490  
6 
4 
3 
1 1552725739  
6 
6 
2 
5 
6 
1 816544862  
1 379334210  
5 
2 
2 
5 
6 
4 
2 
4 
4 
4 
1 752603351  
2 
2 
4 
4 
1 1597836780  
4 
1 1645220883  
6 
6 
6 
3 
5 
6 
5 
6 
6 
2 
1 2100618892  
3 
4 
1 1705078376  
5 
4 
2 
2 
6 
5 
3 
3 
4 
5 
1 877136952  
3 
3 
2 
5 
6 
5 
5 
2 
4 
6 
2 
2 
6 
5 
2 
2 
5 
6 
4 
1 398825925  
6 
6 
6 
2 
4 
6 
6 
3 
2 
6 
1 147634860  
5 
6 
5 
3 
5 
4 
3 
2 
4 
6 
5 
4 
6 
2 
1 1611908389  
1 1426892483  
3 
2 
2 
2 
4 
1 484790151  
3 
6 
1 1095856045  
2 
4 
2 
1 767510796  
3 
4 
4 
6 
4 
3 
1 1811705698  
4 
4 
3 
2 
2 
6 
3 
2 
4 
1 1813540527  
6 
2 
4 
5 
1 294089789  
4 
5 
6 
6 
2 
1 1581274161  
3 
6 
4 
5 
4 
4 
6 
4 
5 
4 
2 
4 
3 
4 
1 1640684731  
6 
3 
2 
6 
1 1544338414  
3 
3 
1 1144339692  
1 1116524844  
2 
5 
3 
1 81621328  
2 
6 
6 
6 
6 
2 
2 
1 858386675  
1 486987545  
3 
4 
5 
6 
5 
1 998641946  
6 
1 864907276  
4 
3 
1 140221510  
4 
3 
2 
5 
2 
4 
4 
4 
6 
4 
3 
2 
1 1756923437  
6 
2 
2 
6 
2 
1 270149368  
4 
4 
6 
1 956766373  
6 
2 
1 2136257647  
5 
5 
1 1022752719  
4 
5 
2 
5 
5 
4 
2 
1 407119505  
1 1633994883  
4 
2 
4 
4 
4 
3 
6 
5 
2 
6 
1 975887963  
1 2112197882  
1 363648187  
5 
1 1374713889  
1 112349094  
1 1975556577  
1 654122724  
3 
6 
4 
5 
4 
1 597139245  
4 
3 
5 
3 
4 
2 
2 
6 
6 
6 
6 
2 
4 
6 
6 
1 923928974  
3 
1 1421633521  
2 
1 261361295  
6 
1 589985853  
1 1715723310  
5 
1 1842635456  
6 
3 
5 
6 
4 
5 
5 
3 
6 
4 
2 
4 
2 
6 
2 
2 
6 
1 83186937  
5 
3 
6 
3 
6 
3 
5 
5 
6 
4 
2 
2 
6 
4 
3 
3 
4 
2 
3 
3 
4 
4 
2 
6 
6 
2 
6 
6 
1 1112578076  
2 
3 
4 
4 
5 
3 
3 
5 
4 
2 
2 
5 
1 839491500  
6 
5 
5 
5 
2 
4 
4 
3 
4 
5 
3 
5 
2 
4 
5 
1 1199711781  
1 1194199404  
3 
3 
4 
4 
3 
2 
5 
3 
1 1697878175  
2 
1 1686699327  
4 
6 
4 
1 45357702  
2 
5 
5 
3 
4 
6 
3 
2 
3 
3 
2 
1 415301804  
1 1826920837  
3 
1 1802281139  
5 
6 
1 685451172  
1 636203562  
2 
5 
5 
4 
2 
6 
5 
1 1791055139  
5 
2 
2 
2 
3 
5 
1 1708203891  
4 
6 
3 
3 
4 
2 
6 
3 
3 
2 
2 
5 
1 1043323068  
1 1277566374  
5 
4 
1 536608206  
5 
1 1008037302  
6 
1 1641214561  
5 
6 
3 
5 
1 1911322095  
6 
4 
2 
5 
4 
5 
6 
5 
5 
6 
6 
3 
6 
2 
2 
1 1120386396  
4 
3 
4 
6 
4 
2 
2 
3 
5 
6 
4 
1 1469287490  
5 
5 
1 417961172  
4 
5 
6 
5 
1 1717525641  
3 
1 245732817  
1 1839594693  
4 
6 
2 
4 
6 
1 1978886936  
4 
3 
3 
5 
5 
1 835718670  
1 1407834355  
1 1674038744  
1 918905607  
6 
3 
4 
4 
6 
1 372928783  
4 
6 
1 366046596  
6 
4 
4 
2 
3 
6 
6 
2 
1 2118617389  
3 
4 
5 
1 1567128187  
4 
4 
2 
4 
1 2063924771  
1 1657833068  
4 
3 
3 
5 
1 1612485889  
4 
1 331742927  
2 
2 
5 
2 
3 
5 
2 
6 
6 
4 
2 
4 
6 
1 1337270257  
5 
4 
4 
3 
6 
6 
4 
5 
6 
2 
1 1267283381  
5 
3 
5 
2 
1 1017194099  
4 
6 
2 
1 1973473820  
1 910854872  
3 
2 
5 
2 
5 
5 
1 577914342  
5 
1 869313240  
2 
4 
4 
3 
6 
1 40937598  
6 
4 
1 1114522549  
5 
2 
6 
6 
4 
2 
1 1877350542  
5 
5 
3 
6 
3 
3 
4 
5 
5 
1 1682152159  
4 
3 
3 
6 
1 878360996  
5 
6 
4 
4 
6 
3 
2 
5 
2 
6 
6 
2 
6 
2 
3 
1 850253290  
1 1003956002  
6 
3 
1 1296322168  
6 
3 
1 420295283  
1 1249688819  
3 
4 
2 
4 
6 
2 
4 
3 
3 
4 
6 
2 
2 
4 
5 
5 
3 
5 
1 988433213  
2 
3 
5 
3 
2 
1 251698571  
3 
1 2085407489  
2 
6 
6 
1 248783920  
4 
6 
2 
2 
5 
6 
3 
3 
2 
6 
3 
3 
5 
1 1925737315  
2 
4 
3 
5 
1 856829449  
2 
4 
3 
5 
6 
5 
3 
6 
3 
4 
1 621712703  
3 
1 144300263  
2 
6 
5 
3 
5 
6 
4 
2 
3 
3 
4 
3 
2 
5 
5 
6 
4 
6 
3 
2 
2 
4 
6 
4 
1 827963190  
2 
2 
3 
1 41357242  
2 
6 
3 
3 
1 60741386  
4 
1 338312610  
6 
1 1653843132  
6 
1 392484314  
3 
6 
4 
5 
3 
4 
3 
1 1675582867  
3 
3 
4 
2 
2 
1 773642865  
5 
2 
1 1409678413  
5 
4 
4 
4 
5 
2 
1 1501573039  
3 
3 
3 
3 
2 
6 
2 
6 
6 
2 
5 
4 
6 
5 
1 1684497737  
6 
3 
6 
4 
5 
4 
1 1987592756  
2 
4 
6 
1 223402631  
2 
3 
5 
1 1725435335  
4 
2 
6 
6 
1 954631657  
1 2100753173  
1 1260103846  
6 
3 
2 
4 
1 1832992653  
5 
4 
5 
1 803522815  
4 
1 116576200  
5 
5 
6 
1 981831174  
3 
2 
3 
1 1223818098  
1 1366265019  
5 
1 1970264387  
4 
3 
4 
5 
4 
5 
2 
4 
5 
1 1475516669  
6 
1 1304188861  
5 
3 
3 
6 
1 71564660  
2 
3 
2 
5 
5 
1 1253770336  
6 
6 
4 
1 13534662  
6 
6 
5 
3 
5 
5 
4 
1 693277363  
3 
1 1398070599  
5 
4 
3 
5 
2 
5 
6 
1 841497852  
2 
2 
2 
3 
3 
4 
2 
5 
2 
3 
5 
4 
3 
5 
4 
3 
4 
3 
1 734634606  
5 
2 
6 
5 
6 
5 
6 
5 
1 1458811986  
3 
4 
6 
5 
5 
6 
6 
5 
2 
1 1179810462  
6 
4 
5 
6 
3 
3 
1 240994090  
6 
4 
2 
5 
1 1851296300  
3 
4 
6 
4 
5 
2 
3 
1 707909681  
1 1014636955  
5 
1 1113491065  
2 
4 
1 61999073  
1 551651044  
4 
6 
6 
1 953600173  
2 
2 
2 
1 285401704  
1 129602731  
1 1908231830  
1 238671230  
1 1389706577  
3 
4 
3 
5 
5 
4 
2 
1 1593740836  
6 
1 1042194045  
1 1506282778  
4 
5 
1 428088362  
4 
4 
1 118528496  
2 
2 
6 
4 
2 
2 
2 
4 
6 
3 
1 725064149  
1 250869101  
3 
4 
5 
5 
1 1594045165  
6 
1 2029253010  
3 
3 
4 
4 
6 
4 
1 322433761  
1 700331854  
6 
4 
4 
5 
1 2042787672  
4 
5 
3 
1 1015711125  
2 
3 
6 
6 
5 
4 
3 
3 
6 
6 
4 
5 
3 
1 2098402453  
2 
3 
4 
1 736801876  
2 
2 
3 
4 
5 
3 
5 
4 
2 
6 
3 
2 
1 1750345731  
3 
1 1409730791  
1 1916612338  
3 
4 
5 
4 
5 
5 
4 
6 
1 1991339821  
4 
4 
6 
6 
6 
3 
1 1113543443  
3 
1 477038372  
5 
2 
6 
3 
3 
3 
4 
4 
5 
3 
6 
4 
4 
4 
1 858493128  
2 
2 
3 
2 
3 
2 
4 
1 79550861  
4 
4 
1 539037445  
3 
1 1410144172  
2 
3 
3 
3 
1 1033151034  
4 
1 824439149  
4 
4 
5 
6 
6 
2 
2 
2 
1 1539746903  
6 
1 793899217  
5 
2 
5 
5 
2 
5 
1 1063110379  
2 
3 
4 
3 
2 
5 
2 
1 781969832  
5 
6 
3 
5 
4 
2 
4 
3 
1 240156405  
3 
1 2105304425  
4 
4 
3 
6 
6 
5 
3 
5 
2 
5 
6 
1 140768962  
3 
1 668244767  
3 
2 
4 
3 
5 
3 
5 
2 
2 
3 
2 
6 
2 
3 
5 
5 
5 
1 76349273  
3 
4 
4 
4 
5 
5 
6 
4 
1 865833112  
1 919113868  
1 1670394438  
4 
6 
6 
5 
5 
1 747602474  
4 
5 
2 
2 
2 
2 
5 
4 
4 
5 
5 
4 
1 1241547630  
3 
3 
1 223242644  
4 
5 
5 
1 642906499  
6 
3 
5 
6 
5 
3 
5 
5 
1 109775107  
5 
5 
6 
1 174161450  
3 
4 
5 
5 
4 
3 
3 
5 
2 
5 
6 
4 
5 
6 
1 1379708375  
3 
1 1860120838  
3 
2 
1 1583892241  
6 
5 
6 
6 
3 
2 
6 
5 
6 
2 
1 1148837066  
5 
3 
2 
6 
6 
5 
3 
2 
5 
5 
3 
4 
1 1703977011  
6 
4 
2 
5 
5 
1 549952037  
2 
5 
1 1625875438  
4 
6 
4 
4 
1 414986491  
2 
1 629502898  
2 
1 17429235  
5 
2 
5 
5 
3 
1 1825130663  
6 
3 
4 
1 1662653932  
6 
6 
1 841868384  
6 
4 
6 
3 
5 
4 
1 1217393918  
3 
1 309069501  
3 
5 
4 
1 1904978764  
5 
2 
2 
3 
2 
4 
1 1999363750  
1 549225906  
2 
6 
5 
3 
1 1862799541  
6 
3 
5 
3 
6 
1 2140132713  
2 
1 1217470673  
5 
4 
4 
6 
3 
3 
2 
3 
4 
2 
1 1939148814  
1 858482177  
4 
4 
6 
1 2136584542  
2 
2 
6 
3 
6 
5 
1 1462059604  
4 
3 
1 1606084651  
3 
2 
6 
1 1230648524  
5 
5 
1 1685302249  
6 
3 
2 
1 101507502  
