5 
6 
1 1808911484  
2 
2 
4 
5 
5 
3 
6 
6 
3 
1 1271101271  
5 
3 
3 
4 
6 
2 
4 
6 
5 
3 
3 
3 
1 788876328  
5 
5 
2 
1 298610884  
6 
2 
6 
2 
4 
2 
1 262373959  
1 130744238  
4 
1 419552322  
6 
3 
5 
3 
4 
6 
3 
3 
1 901116538  
2 
5 
2 
1 1550684955  
5 
1 458084552  
3 
4 
6 
4 
2 
2 
3 
4 
2 
5 
5 
1 8867932  
1 1165909352  
2 
3 
4 
4 
6 
5 
6 
5 
5 
5 
3 
2 
4 
3 
4 
3 
6 
2 
5 
3 
6 
2 
5 
3 
2 
2 
2 
2 
3 
4 
6 
6 
2 
4 
6 
1 903635963  
3 
3 
1 1455825813  
6 
5 
6 
6 
3 
4 
2 
2 
1 1314044533  
3 
3 
1 1757671737  
6 
4 
3 
4 
4 
6 
2 
6 
5 
5 
1 1611455356  
4 
2 
5 
3 
4 
5 
6 
6 
1 2145145530  
3 
1 181309234  
1 933742693  
6 
2 
3 
6 
3 
1 436664524  
3 
4 
1 2053027675  
4 
3 
5 
6 
5 
5 
3 
3 
5 
2 
1 2117300832  
1 470171961  
1 911645572  
6 
2 
6 
6 
3 
6 
6 
5 
4 
3 
2 
2 
1 1043831562  
5 
2 
2 
5 
3 
5 
4 
6 
3 
4 
3 
5 
1 1246688465  
5 
1 1285595657  
3 
5 
4 
5 
3 
1 32781797  
6 
3 
1 489217496  
4 
2 
3 
3 
1 116848837  
1 1841693281  
2 
3 
1 1760318767  
4 
3 
4 
2 
6 
6 
3 
6 
5 
3 
4 
3 
6 
3 
4 
2 
5 
6 
6 
5 
4 
5 
5 
3 
6 
4 
5 
6 
1 905725165  
6 
2 
6 
2 
1 2140304165  
6 
3 
4 
4 
6 
3 
5 
6 
4 
1 2022692726  
5 
2 
3 
6 
3 
5 
6 
3 
2 
1 1036469404  
5 
5 
4 
5 
1 412372839  
1 776325616  
3 
6 
4 
3 
4 
5 
6 
4 
2 
1 439670711  
5 
4 
6 
4 
2 
3 
1 870457392  
6 
4 
3 
6 
2 
4 
4 
6 
2 
3 
3 
5 
1 785193548  
4 
6 
2 
2 
4 
3 
1 1605580064  
4 
5 
1 1774093355  
3 
6 
1 93535714  
1 772140949  
6 
5 
1 1384281444  
3 
5 
6 
4 
4 
1 1704991070  
5 
4 
3 
3 
1 769802832  
2 
6 
4 
6 
4 
4 
2 
6 
1 1565590678  
1 491250115  
5 
1 1206467356  
4 
4 
1 1471134705  
2 
1 461067299  
1 1676639317  
5 
4 
3 
1 235296629  
6 
3 
2 
4 
3 
2 
3 
6 
3 
3 
5 
5 
3 
6 
6 
2 
1 1504898862  
1 775844134  
2 
3 
6 
1 1520892286  
5 
3 
4 
6 
3 
4 
3 
6 
5 
5 
4 
5 
3 
1 1537680659  
3 
2 
3 
3 
5 
3 
2 
4 
1 1265061631  
2 
4 
1 1637741123  
6 
2 
3 
2 
3 
4 
4 
2 
6 
1 1231890293  
1 877896750  
5 
3 
6 
1 395982641  
1 1224710810  
4 
4 
5 
5 
6 
5 
4 
6 
3 
1 753105829  
2 
2 
6 
5 
2 
5 
6 
6 
3 
1 1432452045  
3 
1 1637083650  
1 1529431445  
2 
1 1872122756  
5 
6 
4 
6 
3 
2 
4 
2 
5 
3 
5 
5 
5 
1 360057394  
2 
4 
1 167141346  
2 
3 
3 
6 
1 1330219172  
1 2134150749  
4 
5 
3 
1 260677060  
3 
6 
1 2102360122  
4 
5 
4 
4 
5 
2 
1 1370948545  
3 
3 
3 
4 
3 
4 
5 
4 
2 
1 1965668130  
1 724679306  
6 
4 
6 
2 
5 
6 
4 
5 
6 
3 
3 
3 
5 
5 
4 
5 
1 789055575  
3 
3 
2 
6 
6 
6 
3 
5 
1 309434597  
3 
1 1931146662  
5 
6 
1 112706632  
4 
5 
4 
5 
3 
5 
1 770501896  
5 
1 1460302331  
1 348003261  
1 127917110  
6 
4 
4 
3 
3 
1 88662818  
5 
6 
4 
2 
5 
1 1868895548  
5 
1 1665597770  
3 
1 1353724449  
3 
1 1359153023  
1 750004415  
4 
5 
1 84137551  
6 
2 
1 1755135664  
4 
6 
3 
4 
5 
5 
4 
5 
6 
3 
3 
3 
2 
4 
3 
6 
1 1974715225  
3 
2 
3 
2 
6 
6 
5 
6 
3 
6 
1 837243380  
5 
6 
4 
3 
4 
1 1040104061  
1 1464315227  
5 
3 
5 
4 
3 
5 
4 
4 
5 
2 
6 
6 
4 
5 
3 
2 
6 
2 
2 
5 
2 
3 
4 
1 219191178  
6 
4 
4 
2 
2 
6 
5 
3 
3 
3 
6 
6 
2 
4 
5 
3 
6 
6 
4 
4 
5 
6 
3 
2 
3 
3 
2 
5 
2 
3 
6 
6 
1 764743170  
3 
1 1824372621  
6 
1 386332524  
5 
4 
3 
4 
6 
3 
3 
3 
1 2094962342  
3 
1 1811039722  
1 647009584  
5 
1 2049838816  
1 1034504619  
4 
5 
1 465194066  
4 
3 
5 
1 627034474  
3 
4 
3 
6 
4 
6 
3 
2 
1 1823560194  
4 
6 
3 
3 
3 
3 
1 774628663  
2 
2 
4 
1 410697488  
6 
6 
4 
6 
5 
1 1936266826  
2 
6 
5 
1 1545130559  
1 1870999820  
3 
2 
5 
1 136786440  
3 
4 
5 
5 
4 
1 1673047670  
3 
5 
1 1959662638  
1 2005681988  
6 
2 
4 
5 
3 
6 
2 
5 
5 
3 
3 
5 
2 
6 
1 1191161792  
3 
6 
1 1165903439  
1 1217351363  
4 
1 1941166207  
5 
4 
5 
6 
6 
2 
1 1250040990  
2 
6 
1 825003380  
6 
4 
3 
6 
1 1768397784  
3 
2 
5 
4 
5 
4 
1 2087284371  
5 
6 
5 
5 
4 
5 
2 
4 
1 1865107441  
5 
5 
5 
6 
5 
4 
4 
2 
4 
3 
6 
6 
5 
5 
5 
4 
2 
5 
1 1085229364  
6 
6 
4 
6 
3 
5 
4 
3 
3 
5 
3 
4 
1 158991901  
1 482366963  
6 
3 
3 
3 
4 
2 
1 762118337  
3 
1 545324425  
5 
5 
6 
5 
5 
3 
5 
2 
5 
4 
1 429845658  
5 
5 
6 
5 
3 
4 
2 
5 
1 425674412  
6 
3 
3 
5 
4 
5 
3 
1 1192334009  
3 
6 
6 
1 332200826  
3 
6 
1 1460179031  
2 
1 1657528075  
3 
6 
1 959235301  
4 
3 
4 
6 
1 1136255578  
1 284673090  
2 
1 1369932789  
4 
1 925038756  
6 
5 
4 
5 
1 1829803649  
2 
5 
1 1093448961  
5 
5 
3 
4 
3 
1 1061825196  
5 
3 
4 
2 
5 
1 1355367671  
5 
5 
5 
4 
5 
6 
5 
4 
6 
3 
3 
6 
3 
4 
1 905627951  
6 
4 
4 
4 
2 
2 
2 
4 
2 
1 920023536  
3 
6 
2 
6 
6 
4 
2 
6 
3 
1 399045815  
6 
5 
6 
1 2071531390  
3 
2 
1 2137374900  
4 
1 192728374  
6 
6 
2 
4 
6 
6 
4 
4 
4 
3 
6 
1 1174088733  
1 814894632  
5 
6 
5 
2 
3 
4 
4 
1 1961126159  
6 
6 
5 
1 1113889456  
2 
4 
3 
5 
6 
4 
3 
2 
5 
6 
5 
6 
4 
3 
3 
6 
5 
5 
5 
4 
4 
6 
3 
1 532518425  
1 898871875  
3 
1 1272881357  
6 
1 1014885389  
5 
6 
6 
4 
5 
5 
3 
4 
4 
5 
6 
3 
4 
5 
3 
3 
3 
3 
3 
4 
5 
3 
4 
4 
3 
5 
5 
6 
6 
1 1660990212  
5 
5 
5 
1 1818205782  
3 
5 
1 1444731047  
4 
6 
4 
5 
3 
4 
6 
2 
1 2086664624  
1 863056143  
4 
3 
1 1776931873  
6 
2 
5 
5 
5 
1 1399360008  
3 
6 
5 
1 373100570  
1 588683526  
1 388131938  
2 
1 657773660  
1 1958616316  
5 
4 
2 
4 
5 
6 
5 
1 1313170694  
4 
4 
5 
4 
4 
2 
5 
5 
4 
1 340093661  
6 
4 
5 
1 904581629  
5 
2 
6 
4 
4 
3 
5 
1 227512243  
4 
4 
4 
5 
1 1695461333  
4 
4 
5 
5 
1 1810209581  
6 
4 
1 1147535779  
6 
1 2094507148  
3 
6 
6 
4 
1 1734257323  
4 
2 
3 
4 
4 
2 
5 
4 
1 1137427031  
2 
5 
6 
2 
3 
2 
1 139751875  
2 
6 
1 760862408  
4 
1 1952321663  
3 
1 2100878034  
5 
6 
5 
2 
6 
2 
4 
1 1874751864  
4 
4 
2 
4 
5 
5 
4 
1 337356441  
2 
5 
6 
5 
1 852266261  
6 
2 
1 1000149573  
1 1352241830  
4 
1 365772825  
1 670871707  
3 
3 
4 
2 
4 
2 
1 649489229  
3 
3 
1 304953802  
4 
4 
1 1533927850  
6 
1 278937454  
6 
4 
2 
1 1704313810  
3 
1 1907028420  
3 
5 
6 
5 
3 
5 
6 
1 867620981  
5 
4 
5 
3 
2 
3 
6 
6 
6 
2 
6 
1 2092445748  
1 417318432  
2 
1 678753649  
1 1258132794  
5 
1 757412094  
3 
2 
6 
5 
6 
5 
2 
5 
3 
3 
6 
4 
1 1583335278  
6 
2 
2 
1 1485645037  
3 
2 
5 
2 
2 
5 
3 
6 
6 
2 
3 
4 
4 
5 
3 
1 305389779  
5 
2 
2 
3 
2 
1 1246061211  
6 
2 
6 
6 
6 
2 
6 
5 
1 485697169  
5 
1 252413279  
6 
3 
6 
5 
3 
2 
3 
4 
6 
4 
2 
6 
5 
2 
3 
6 
2 
4 
6 
2 
5 
5 
6 
2 
5 
1 832834887  
5 
6 
1 1623124200  
5 
1 392165154  
3 
1 1593697295  
3 
5 
3 
6 
1 1427962216  
5 
3 
2 
2 
3 
4 
3 
1 345559540  
1 1320965512  
4 
1 1765318657  
1 1197825801  
6 
3 
2 
2 
2 
1 173631437  
2 
1 970076839  
5 
1 1563598627  
5 
4 
2 
6 
1 844503145  
3 
2 
1 1619566068  
6 
3 
3 
1 1868552429  
1 230947347  
1 1898503522  
2 
1 1425382591  
1 2137975768  
2 
6 
1 618640855  
1 1370344691  
5 
1 407810552  
6 
2 
5 
6 
3 
3 
5 
6 
2 
6 
1 1297394504  
5 
3 
5 
5 
1 480993837  
6 
5 
4 
4 
4 
6 
4 
3 
1 1165222646  
5 
6 
1 733246135  
4 
5 
5 
4 
4 
6 
5 
1 1966638875  
6 
6 
5 
4 
1 1470612425  
5 
3 
6 
5 
3 
2 
6 
4 
6 
5 
3 
5 
1 1979307346  
2 
3 
3 
4 
4 
6 
5 
3 
1 304852396  
3 
2 
4 
1 1723025705  
6 
5 
1 664658585  
5 
1 1927976596  
2 
2 
2 
6 
6 
5 
4 
5 
6 
4 
2 
2 
5 
2 
1 2115190859  
4 
4 
6 
6 
2 
2 
4 
2 
3 
6 
5 
4 
2 
4 
4 
4 
5 
5 
1 110872233  
1 1208455164  
4 
5 
1 313266752  
6 
3 
3 
6 
1 1431837745  
3 
2 
4 
2 
6 
4 
1 826290173  
6 
3 
3 
4 
6 
5 
5 
4 
1 1511092553  
3 
4 
6 
4 
4 
3 
3 
6 
2 
2 
2 
5 
6 
4 
4 
4 
1 1605469182  
5 
4 
1 1796367012  
2 
4 
4 
3 
6 
6 
2 
2 
1 927207532  
2 
3 
5 
2 
1 302488679  
6 
5 
4 
6 
3 
1 1268449432  
4 
2 
3 
5 
3 
4 
4 
6 
5 
4 
3 
3 
2 
4 
2 
6 
3 
6 
1 648276313  
6 
1 533436027  
5 
4 
1 1019469307  
1 2073658904  
4 
6 
2 
6 
3 
5 
5 
5 
5 
4 
4 
5 
2 
1 523928147  
1 1638110162  
5 
3 
5 
2 
6 
2 
4 
1 1296519947  
5 
3 
3 
3 
4 
1 931738699  
1 788021019  
1 1777513785  
5 
6 
2 
5 
6 
6 
1 2096961346  
6 
6 
6 
2 
5 
6 
4 
5 
1 1521267154  
2 
6 
5 
2 
1 1596669012  
3 
4 
2 
4 
4 
5 
4 
4 
3 
2 
1 1420090123  
3 
6 
1 1353090852  
2 
2 
5 
1 1901521408  
1 995632180  
6 
6 
5 
6 
5 
1 2017749438  
6 
2 
6 
3 
1 1682014356  
3 
4 
4 
4 
3 
2 
5 
3 
6 
6 
4 
3 
3 
6 
5 
4 
3 
6 
5 
5 
2 
5 
3 
3 
1 963339392  
1 2128621671  
5 
2 
4 
3 
1 742985873  
2 
4 
6 
1 1276606144  
2 
5 
2 
1 1412975768  
6 
3 
6 
1 1569276046  
2 
5 
2 
2 
5 
3 
2 
4 
3 
4 
6 
1 640215049  
6 
5 
4 
4 
4 
2 
6 
1 870961302  
4 
1 1218159411  
4 
6 
3 
6 
1 1567422582  
1 1173449982  
4 
2 
5 
2 
4 
3 
1 339125195  
4 
1 68215247  
1 1706886009  
2 
3 
3 
3 
3 
5 
1 1358594502  
4 
6 
1 2141874152  
4 
5 
3 
6 
3 
6 
3 
2 
1 83330508  
3 
3 
5 
3 
1 849221017  
3 
6 
3 
1 1290910451  
3 
1 1015069207  
5 
5 
3 
2 
2 
2 
1 1637242036  
1 920940588  
1 964546905  
1 1011025542  
3 
5 
4 
1 370125952  
6 
6 
4 
6 
1 237153381  
4 
6 
4 
6 
6 
6 
1 216632746  
1 124163712  
6 
3 
6 
5 
1 1232785561  
4 
1 86898536  
5 
6 
2 
2 
4 
5 
1 1806178069  
5 
2 
5 
4 
2 
1 48641305  
4 
3 
6 
2 
1 68036559  
6 
6 
6 
2 
5 
2 
3 
3 
2 
3 
6 
2 
1 401680294  
6 
5 
6 
5 
1 1325247449  
5 
3 
5 
6 
5 
6 
2 
3 
5 
2 
2 
2 
4 
1 1481012327  
2 
5 
6 
4 
1 1970956340  
3 
1 1965462499  
6 
4 
4 
5 
1 204489982  
1 1041632103  
3 
6 
1 1385401433  
4 
5 
1 1377939964  
2 
1 1380757299  
6 
1 1453616680  
6 
4 
3 
3 
6 
2 
2 
3 
5 
5 
6 
4 
6 
5 
5 
5 
1 937342325  
2 
4 
6 
3 
5 
5 
3 
3 
4 
5 
5 
1 591868153  
4 
2 
3 
2 
5 
5 
4 
3 
3 
3 
4 
3 
1 1448007184  
3 
3 
4 
1 1020672833  
2 
2 
6 
5 
1 1441089170  
4 
1 591433988  
3 
2 
5 
2 
2 
1 2035742040  
5 
4 
4 
2 
5 
5 
2 
6 
1 930847558  
1 1512374576  
6 
2 
5 
6 
2 
4 
1 852805298  
4 
4 
4 
4 
2 
4 
2 
3 
1 1941873100  
4 
1 1882500529  
1 1089958679  
6 
5 
2 
3 
5 
4 
2 
1 11022199  
2 
1 2006664241  
2 
2 
4 
2 
2 
2 
1 175260592  
2 
4 
5 
5 
4 
6 
5 
3 
6 
5 
3 
2 
5 
2 
5 
5 
2 
1 97920735  
3 
2 
5 
6 
5 
4 
3 
1 1665358662  
1 223901898  
6 
6 
1 165957295  
2 
6 
6 
5 
5 
2 
2 
3 
2 
4 
1 2067038956  
3 
5 
3 
4 
1 1549149347  
4 
5 
6 
5 
6 
2 
6 
1 1646969622  
1 1890511649  
2 
2 
1 1367128198  
2 
5 
5 
2 
2 
1 1851459604  
4 
2 
6 
3 
2 
3 
5 
3 
5 
6 
5 
6 
3 
2 
2 
4 
5 
5 
1 784660104  
5 
1 605045983  
2 
4 
6 
5 
4 
4 
6 
3 
2 
3 
1 1081915920  
2 
5 
4 
5 
2 
1 17933755  
5 
4 
1 2058662664  
6 
6 
3 
4 
4 
5 
2 
3 
2 
1 2019258245  
2 
4 
4 
6 
2 
6 
5 
2 
5 
2 
2 
4 
2 
6 
3 
4 
5 
4 
6 
5 
3 
4 
6 
2 
5 
1 609801909  
2 
5 
1 1359186200  
3 
2 
3 
1 892447430  
1 2050891079  
5 
4 
6 
2 
3 
4 
2 
2 
3 
5 
2 
6 
4 
5 
2 
6 
6 
3 
3 
1 1950620188  
2 
4 
4 
4 
2 
4 
5 
5 
2 
2 
1 780705823  
1 834254990  
6 
3 
1 1315511117  
6 
6 
4 
3 
4 
4 
2 
5 
4 
1 1633511121  
5 
3 
2 
5 
5 
4 
4 
4 
1 628644442  
2 
1 1050527998  
1 575986152  
4 
6 
4 
3 
6 
6 
4 
6 
3 
5 
6 
2 
4 
4 
3 
5 
3 
2 
2 
3 
5 
5 
4 
5 
6 
1 639666641  
3 
2 
5 
2 
2 
4 
2 
1 909708591  
5 
4 
5 
3 
4 
5 
3 
5 
4 
4 
1 751246744  
5 
1 737587377  
2 
2 
2 
6 
1 427583606  
2 
2 
5 
2 
6 
2 
1 975148642  
5 
3 
4 
1 903544672  
3 
2 
3 
4 
1 347138914  
3 
1 376814342  
4 
3 
3 
2 
3 
1 403030646  
3 
3 
5 
2 
5 
3 
6 
1 90166915  
6 
2 
4 
2 
4 
2 
4 
3 
6 
1 1743942540  
6 
3 
4 
5 
4 
1 107006603  
1 874827020  
6 
1 201504876  
6 
4 
3 
4 
5 
3 
5 
4 
4 
6 
4 
5 
6 
6 
6 
6 
1 1188922523  
2 
5 
4 
1 892760775  
6 
2 
3 
2 
6 
1 112683892  
4 
1 1060697121  
4 
2 
3 
5 
2 
1 1502562684  
3 
2 
5 
2 
6 
1 1471870092  
6 
6 
3 
6 
6 
1 1953144551  
3 
5 
6 
5 
1 1405970116  
4 
4 
2 
3 
1 1275006633  
4 
3 
4 
3 
2 
4 
5 
6 
4 
6 
4 
1 586366726  
3 
3 
2 
1 92741458  
2 
4 
2 
4 
4 
2 
5 
5 
6 
3 
1 443034102  
3 
1 72394199  
1 721385900  
2 
6 
4 
4 
6 
2 
4 
2 
1 1493562100  
1 648380351  
1 1361052542  
1 255787043  
3 
3 
2 
4 
5 
4 
6 
2 
3 
3 
2 
5 
2 
6 
6 
3 
1 1399627096  
1 2098639919  
4 
2 
2 
1 683370649  
1 227292090  
6 
6 
3 
3 
1 854700943  
6 
2 
5 
5 
4 
4 
4 
3 
1 1030509564  
1 604106432  
4 
2 
6 
2 
4 
5 
6 
2 
1 1257731589  
1 1120676479  
4 
4 
2 
1 200565325  
3 
1 1364738192  
4 
3 
4 
6 
5 
4 
2 
2 
5 
1 1995503499  
2 
1 402070201  
5 
4 
1 406177068  
6 
1 740780627  
6 
6 
1 514754093  
6 
4 
4 
2 
3 
6 
5 
1 1466874189  
1 95859663  
2 
1 1986624185  
6 
4 
6 
2 
6 
6 
3 
6 
6 
6 
5 
5 
5 
6 
6 
2 
6 
6 
5 
4 
5 
1 1272535092  
5 
2 
1 1501829779  
5 
5 
3 
5 
6 
4 
4 
3 
6 
5 
2 
4 
1 1114147170  
5 
3 
3 
1 1858901819  
6 
4 
2 
1 1594571237  
5 
4 
2 
5 
2 
3 
2 
2 
4 
4 
1 1557181272  
1 1931296018  
1 168473490  
3 
1 903259724  
4 
2 
6 
2 
6 
3 
5 
1 432192722  
4 
2 
4 
4 
3 
2 
5 
5 
5 
3 
1 1529526032  
1 1159046768  
3 
2 
4 
4 
2 
4 
6 
2 
4 
2 
2 
2 
3 
5 
4 
3 
3 
4 
4 
1 1831819818  
5 
4 
2 
6 
2 
2 
1 1480682303  
3 
2 
6 
5 
2 
5 
2 
5 
1 1842417417  
3 
1 2059111908  
6 
3 
1 187899598  
1 725443333  
1 515734693  
5 
5 
6 
3 
2 
4 
6 
1 1445631187  
1 1846119813  
5 
2 
5 
4 
5 
6 
3 
2 
6 
2 
3 
2 
6 
5 
1 716300018  
2 
1 662885732  
5 
1 1694139664  
6 
5 
5 
3 
4 
3 
4 
2 
3 
1 1118370219  
5 
6 
4 
1 1069062800  
2 
6 
1 287436643  
2 
2 
4 
3 
1 1633124312  
2 
3 
1 388453341  
3 
6 
3 
5 
4 
4 
5 
1 383296307  
5 
3 
6 
2 
4 
5 
5 
5 
6 
6 
4 
4 
1 1472264849  
1 1660988433  
4 
2 
2 
1 1885126086  
3 
3 
5 
2 
2 
5 
4 
1 438928372  
6 
6 
3 
6 
2 
5 
2 
6 
2 
1 1372406604  
3 
2 
1 1332213676  
2 
5 
5 
2 
5 
4 
4 
5 
5 
3 
2 
4 
5 
6 
3 
1 1996109644  
5 
1 1156218975  
4 
5 
5 
1 1500687166  
2 
2 
1 751885721  
6 
5 
5 
4 
3 
1 1588411697  
1 882729550  
3 
4 
5 
3 
2 
5 
6 
4 
5 
1 1910932489  
4 
1 1272747867  
5 
6 
4 
1 215928205  
6 
2 
4 
5 
3 
6 
2 
3 
2 
3 
4 
2 
5 
1 1605866258  
3 
4 
3 
5 
6 
1 1184376127  
2 
2 
3 
4 
3 
5 
2 
3 
6 
6 
1 403827803  
5 
2 
3 
6 
6 
2 
3 
2 
6 
1 183825944  
2 
2 
5 
3 
1 1700110820  
5 
4 
3 
2 
5 
5 
3 
3 
3 
1 1849458990  
1 2029945757  
1 268927190  
3 
3 
1 364861074  
3 
4 
1 1576601773  
2 
5 
3 
2 
2 
5 
6 
1 1387297409  
6 
3 
6 
4 
6 
1 1433923874  
6 
1 1864038417  
6 
1 872938073  
3 
4 
2 
2 
5 
4 
1 1822377215  
2 
5 
5 
6 
4 
6 
5 
4 
3 
1 99851076  
6 
4 
2 
4 
1 197719275  
5 
3 
4 
4 
1 1335882001  
2 
1 1984977162  
1 636647647  
1 560804957  
1 1169707190  
2 
2 
2 
2 
2 
2 
6 
3 
6 
2 
2 
2 
5 
5 
3 
5 
4 
4 
4 
1 485273643  
6 
2 
1 1717023932  
2 
5 
6 
1 522910708  
6 
1 1237159364  
6 
3 
1 1157951981  
2 
1 1405640258  
6 
4 
2 
5 
3 
5 
2 
6 
4 
1 1000608205  
3 
2 
6 
2 
1 283216200  
2 
1 1621568463  
3 
4 
1 458990816  
1 1467592328  
6 
6 
3 
1 2025396266  
5 
1 642816760  
1 1020219500  
4 
2 
5 
3 
3 
1 1727371609  
1 525278869  
2 
3 
5 
1 1289146691  
1 2092232683  
2 
6 
5 
2 
2 
2 
1 2101880642  
5 
5 
1 528960452  
4 
3 
3 
2 
1 1378672910  
2 
5 
2 
5 
3 
3 
4 
5 
1 1818435411  
6 
6 
3 
1 1401898526  
1 1053566477  
2 
3 
2 
6 
4 
5 
3 
6 
3 
2 
4 
6 
5 
2 
1 1918286487  
1 1599617801  
5 
3 
1 241964830  
4 
1 1755780002  
3 
5 
2 
6 
1 88781800  
5 
5 
1 802769788  
4 
1 778003544  
5 
1 574055443  
2 
2 
5 
5 
5 
6 
4 
6 
4 
1 372310072  
1 1300914253  
5 
2 
6 
4 
6 
1 1811214808  
4 
5 
4 
2 
6 
3 
6 
6 
4 
1 1530262054  
6 
4 
5 
2 
4 
6 
6 
2 
4 
3 
4 
4 
6 
3 
1 559070863  
2 
2 
5 
3 
4 
6 
5 
6 
3 
5 
4 
2 
6 
1 664339365  
4 
4 
3 
5 
2 
1 1813478254  
4 
3 
1 33155679  
3 
2 
2 
3 
2 
1 1123330181  
6 
3 
1 1133586934  
6 
2 
1 2058551945  
4 
1 1766146941  
1 6322787  
1 1638439906  
3 
5 
2 
6 
2 
5 
3 
2 
2 
1 143942162  
4 
3 
6 
2 
2 
2 
2 
6 
5 
5 
2 
5 
2 
1 1295469478  
2 
3 
4 
4 
2 
1 1583188942  
4 
6 
1 98339157  
3 
5 
3 
2 
3 
1 1824429930  
5 
6 
1 814378204  
2 
3 
6 
1 1916774568  
6 
3 
4 
1 1078844808  
2 
6 
6 
4 
3 
1 1867944681  
1 1687577408  
1 530978961  
2 
6 
2 
3 
2 
4 
4 
5 
5 
2 
1 2109909512  
1 1295873762  
1 619760761  
5 
4 
5 
2 
1 765195652  
4 
1 2073877306  
2 
2 
3 
2 
2 
6 
2 
1 1193816205  
1 1137505724  
2 
3 
5 
6 
2 
3 
1 1227307911  
6 
6 
1 857547365  
6 
4 
4 
3 
4 
6 
1 520284130  
2 
6 
5 
6 
4 
4 
3 
3 
4 
4 
3 
3 
5 
3 
5 
2 
3 
6 
3 
3 
4 
5 
1 1786378775  
6 
2 
1 1521886730  
6 
1 186278737  
4 
2 
3 
6 
3 
2 
2 
4 
2 
6 
5 
1 1819534454  
2 
2 
1 497733264  
6 
5 
6 
3 
3 
3 
4 
1 1319865671  
1 1730602751  
6 
3 
5 
3 
3 
2 
4 
1 116396557  
1 1326188458  
3 
2 
5 
5 
2 
3 
3 
4 
3 
6 
6 
4 
2 
3 
6 
4 
2 
4 
1 1221559010  
5 
2 
2 
6 
5 
6 
4 
2 
1 260338720  
3 
2 
5 
5 
3 
6 
1 474174288  
2 
6 
2 
1 657264304  
3 
3 
5 
2 
4 
5 
2 
2 
1 358677877  
1 151120571  
6 
3 
1 1471642508  
5 
4 
3 
2 
4 
4 
5 
1 127968797  
2 
4 
2 
4 
3 
3 
2 
6 
1 1229965379  
3 
1 1192103541  
4 
3 
3 
3 
4 
4 
4 
5 
6 
6 
6 
5 
1 1815546205  
5 
3 
2 
2 
2 
6 
5 
2 
4 
1 1760944341  
6 
4 
6 
4 
5 
1 1154529405  
3 
1 963936319  
2 
1 233221454  
6 
4 
5 
1 1919725057  
2 
1 890329978  
5 
6 
3 
1 1427037659  
5 
4 
5 
4 
2 
5 
1 909747134  
5 
5 
5 
3 
6 
6 
3 
1 2117637889  
4 
5 
6 
2 
5 
1 137101376  
2 
6 
5 
5 
5 
4 
3 
6 
3 
3 
4 
5 
6 
1 1430031264  
3 
2 
5 
3 
6 
6 
1 1756533016  
3 
6 
2 
5 
3 
1 1658988107  
1 1616310001  
5 
4 
5 
3 
6 
6 
1 1428583822  
2 
5 
3 
1 9237723  
2 
6 
5 
6 
1 788692025  
2 
6 
4 
2 
2 
6 
2 
4 
1 1011702926  
6 
2 
5 
4 
6 
2 
3 
3 
6 
5 
3 
6 
5 
1 125634280  
3 
1 2114880483  
4 
6 
2 
2 
4 
6 
2 
4 
3 
4 
2 
2 
4 
6 
2 
4 
1 85778288  
3 
6 
2 
2 
6 
1 385973000  
3 
5 
6 
4 
3 
6 
2 
5 
1 441571124  
4 
2 
2 
3 
6 
4 
1 743042592  
6 
4 
4 
3 
4 
2 
3 
6 
6 
4 
4 
2 
4 
1 744650877  
1 592691695  
3 
5 
6 
1 67201452  
5 
1 872619675  
1 1822657074  
6 
3 
6 
2 
5 
3 
1 1259304993  
3 
3 
5 
3 
3 
1 540682232  
6 
5 
1 1436117767  
4 
4 
6 
1 266350751  
2 
2 
5 
5 
6 
5 
6 
5 
4 
6 
2 
5 
5 
2 
1 1504618552  
1 1669339222  
6 
6 
6 
6 
3 
2 
6 
1 38592160  
4 
2 
4 
6 
3 
6 
3 
4 
4 
5 
3 
1 247464882  
5 
4 
6 
6 
5 
5 
5 
1 948893233  
5 
5 
1 948339294  
2 
2 
4 
2 
3 
2 
2 
1 217619123  
6 
3 
4 
2 
1 1085994610  
3 
4 
6 
4 
4 
1 230886911  
6 
6 
2 
3 
6 
2 
4 
1 1974152140  
4 
6 
3 
6 
3 
4 
5 
5 
3 
3 
2 
3 
6 
5 
4 
3 
4 
3 
5 
2 
3 
4 
6 
6 
4 
3 
3 
4 
1 597499069  
3 
4 
6 
3 
3 
3 
6 
3 
5 
1 1847196912  
5 
3 
2 
1 1255252314  
4 
6 
5 
6 
5 
3 
2 
1 606736792  
2 
1 488405289  
4 
6 
6 
1 119471592  
2 
4 
6 
2 
1 732371072  
5 
1 455802125  
3 
6 
4 
4 
6 
4 
5 
6 
3 
2 
5 
3 
3 
2 
4 
4 
2 
5 
4 
5 
4 
3 
4 
1 205249880  
3 
2 
4 
1 1118344073  
4 
2 
2 
1 897373249  
1 948292472  
4 
5 
1 1862994950  
6 
5 
4 
4 
3 
2 
5 
3 
6 
4 
1 1490064944  
3 
3 
3 
2 
5 
3 
5 
1 1015493924  
3 
6 
3 
3 
3 
6 
4 
3 
5 
4 
3 
4 
6 
6 
2 
5 
6 
5 
1 588130977  
3 
2 
5 
3 
3 
2 
1 1165238370  
5 
4 
4 
1 127315270  
1 1128813210  
1 453872490  
1 393666021  
1 485948114  
3 
1 2123211712  
3 
6 
4 
6 
2 
2 
4 
2 
6 
3 
4 
2 
6 
1 432258181  
3 
2 
2 
4 
6 
6 
6 
3 
3 
3 
6 
4 
3 
5 
5 
3 
6 
6 
3 
4 
3 
4 
5 
2 
1 733412996  
1 924621297  
5 
6 
4 
6 
3 
2 
6 
2 
6 
2 
1 1380597476  
4 
5 
6 
4 
2 
3 
6 
5 
1 951032119  
2 
2 
6 
6 
4 
2 
2 
6 
4 
6 
1 2010615907  
2 
2 
6 
2 
2 
4 
2 
5 
4 
6 
3 
3 
3 
5 
6 
6 
2 
1 1611484387  
2 
3 
6 
6 
2 
2 
1 777700611  
5 
3 
1 460631328  
6 
4 
6 
5 
5 
6 
5 
5 
2 
5 
2 
1 1311197651  
1 2032952926  
3 
1 1067368120  
2 
1 1799602941  
3 
5 
6 
6 
1 4940870  
3 
4 
3 
6 
4 
2 
6 
5 
5 
5 
6 
6 
2 
2 
3 
5 
2 
4 
2 
1 1799739193  
5 
6 
3 
6 
6 
2 
5 
2 
5 
5 
4 
6 
4 
3 
5 
5 
6 
2 
1 107921418  
5 
5 
1 210190751  
6 
1 770599618  
1 1005294667  
4 
5 
1 1158483223  
5 
2 
2 
5 
1 486110920  
3 
3 
1 347875963  
4 
4 
4 
1 26493500  
6 
3 
3 
6 
2 
5 
4 
1 1074241898  
6 
2 
5 
6 
5 
2 
1 1513114333  
4 
4 
4 
4 
2 
5 
6 
4 
1 153808770  
4 
5 
1 55571460  
1 1966986823  
2 
2 
6 
2 
3 
1 547474791  
3 
4 
2 
4 
5 
6 
2 
2 
2 
4 
6 
5 
1 541519574  
6 
5 
3 
6 
3 
5 
3 
3 
6 
3 
6 
6 
4 
5 
3 
2 
1 1942714887  
3 
4 
4 
2 
6 
1 979732972  
3 
5 
4 
1 1274932570  
2 
3 
5 
2 
5 
6 
3 
6 
4 
6 
6 
5 
1 719852537  
5 
1 212846800  
3 
1 78481041  
2 
6 
4 
3 
4 
5 
1 582984796  
1 1824331187  
3 
6 
5 
6 
3 
1 856181653  
3 
5 
1 1043616125  
5 
3 
2 
1 988045191  
4 
3 
5 
4 
4 
6 
2 
2 
6 
2 
6 
2 
6 
3 
3 
3 
4 
5 
5 
1 741650931  
5 
4 
5 
6 
4 
3 
6 
1 2110984245  
6 
4 
4 
2 
6 
3 
3 
3 
1 640164484  
2 
5 
3 
4 
6 
6 
4 
5 
4 
1 746591801  
1 1763239790  
2 
3 
1 748085902  
5 
2 
4 
6 
5 
5 
4 
1 956782552  
4 
6 
3 
3 
5 
2 
1 386355760  
2 
2 
2 
3 
1 1753380569  
3 
3 
2 
4 
1 2115265776  
3 
3 
4 
3 
6 
1 872466681  
3 
4 
6 
4 
1 2101256532  
2 
5 
6 
2 
3 
3 
5 
4 
3 
5 
4 
1 2141759276  
5 
5 
2 
5 
3 
6 
6 
6 
2 
1 1946708579  
4 
4 
5 
1 1466887217  
1 148084398  
5 
1 2002280039  
1 1286390393  
2 
6 
6 
2 
2 
1 695559189  
1 396315965  
3 
3 
2 
6 
6 
6 
2 
6 
3 
3 
6 
6 
4 
4 
1 1081621632  
2 
1 1675292161  
2 
2 
2 
4 
2 
2 
6 
3 
4 
2 
6 
2 
4 
5 
1 1671248535  
1 1801474169  
6 
6 
4 
4 
1 1888138962  
5 
1 1749729576  
3 
4 
4 
6 
4 
4 
6 
2 
5 
4 
1 236975318  
3 
6 
5 
5 
3 
3 
4 
3 
5 
3 
4 
1 1564986501  
3 
1 458427581  
5 
3 
4 
4 
3 
3 
1 1280591443  
2 
3 
3 
5 
5 
2 
3 
5 
4 
4 
5 
5 
3 
1 405548044  
5 
4 
4 
2 
4 
4 
3 
2 
1 1200078512  
5 
3 
5 
3 
3 
5 
4 
6 
2 
3 
2 
4 
1 1244092040  
1 1045712528  
4 
6 
3 
2 
3 
3 
5 
4 
2 
1 1946670314  
6 
3 
2 
4 
2 
2 
1 859848183  
6 
6 
3 
2 
2 
4 
5 
4 
5 
2 
1 1793798430  
3 
6 
1 755969218  
2 
5 
3 
4 
1 1246203943  
3 
6 
6 
2 
2 
3 
2 
4 
2 
5 
4 
6 
4 
1 1399695351  
5 
6 
6 
6 
2 
4 
1 723751346  
6 
3 
6 
3 
2 
5 
4 
4 
6 
4 
1 2118670624  
2 
6 
1 1353468235  
3 
4 
3 
6 
6 
6 
3 
1 718026974  
3 
4 
1 1917895555  
5 
4 
6 
3 
2 
4 
3 
6 
2 
4 
2 
4 
5 
5 
5 
3 
2 
6 
4 
3 
4 
4 
1 672871805  
1 866111372  
1 1772691946  
3 
3 
4 
1 1959262198  
6 
2 
2 
6 
2 
3 
4 
3 
2 
4 
1 1561670561  
5 
4 
6 
6 
5 
4 
1 21524263  
6 
1 893400182  
6 
5 
3 
6 
5 
6 
1 1089479075  
5 
6 
2 
3 
1 1692772798  
3 
3 
1 547390704  
4 
1 830134389  
2 
6 
3 
2 
4 
6 
5 
3 
3 
1 1295018727  
4 
6 
1 784366022  
6 
5 
3 
1 247637242  
6 
2 
2 
1 1753446308  
3 
4 
6 
5 
1 2064957465  
5 
1 653185287  
4 
2 
6 
2 
3 
4 
6 
4 
1 806041173  
6 
2 
3 
4 
6 
2 
5 
2 
5 
6 
1 1161565857  
6 
1 1698897815  
1 605227839  
6 
4 
6 
6 
6 
1 2021414040  
5 
3 
2 
4 
6 
3 
4 
5 
6 
2 
2 
5 
4 
3 
5 
3 
6 
5 
5 
1 1345212598  
6 
1 1361197057  
2 
1 1120134336  
1 597424301  
1 2084948404  
4 
5 
3 
2 
4 
1 1091321312  
5 
5 
4 
4 
5 
3 
3 
4 
1 1950892537  
5 
1 655491730  
5 
4 
2 
5 
1 861733220  
3 
2 
4 
4 
3 
4 
5 
6 
5 
1 476280694  
4 
4 
5 
3 
3 
6 
6 
6 
1 1521603103  
3 
3 
3 
4 
6 
5 
5 
1 486941518  
6 
6 
2 
1 288059244  
6 
6 
4 
6 
5 
2 
5 
1 935790016  
5 
1 508465782  
4 
1 1181459426  
2 
4 
1 2025269091  
4 
3 
5 
3 
5 
6 
3 
6 
5 
5 
4 
4 
1 53754932  
6 
5 
1 1728850130  
5 
2 
1 707919832  
5 
5 
5 
3 
4 
2 
3 
5 
6 
4 
3 
1 1348773659  
3 
4 
6 
6 
5 
2 
5 
3 
1 365732504  
6 
1 955557075  
1 954736320  
5 
4 
2 
5 
6 
3 
4 
4 
2 
3 
4 
4 
6 
6 
1 283206321  
6 
4 
2 
1 1608742362  
4 
2 
4 
2 
2 
6 
1 1760777493  
1 1444772179  
6 
3 
1 1160156529  
1 218521684  
5 
5 
2 
2 
6 
2 
1 1318702571  
4 
3 
5 
3 
1 357885479  
3 
3 
1 1579718741  
2 
2 
2 
6 
3 
6 
3 
2 
6 
6 
5 
2 
6 
5 
3 
6 
6 
5 
3 
5 
5 
2 
5 
1 291353259  
5 
4 
6 
5 
3 
5 
2 
1 955309781  
4 
2 
1 1517183497  
2 
1 1382674572  
4 
4 
2 
2 
3 
3 
4 
2 
1 758718670  
5 
5 
4 
6 
5 
4 
3 
4 
6 
6 
6 
6 
1 25191580  
3 
4 
2 
6 
3 
6 
5 
5 
1 96924144  
4 
1 1234999364  
5 
5 
4 
3 
1 1546794683  
1 583865662  
4 
5 
1 1523058608  
2 
5 
5 
6 
4 
4 
5 
6 
3 
4 
3 
1 335101051  
1 1092331444  
2 
6 
4 
6 
6 
6 
6 
3 
3 
1 557034386  
6 
2 
3 
2 
3 
5 
4 
2 
4 
1 212886495  
4 
3 
5 
4 
5 
5 
1 1146086377  
6 
2 
5 
6 
1 138400869  
1 920806327  
4 
5 
4 
1 347376388  
6 
6 
2 
4 
6 
3 
6 
5 
6 
3 
6 
6 
4 
5 
4 
6 
6 
2 
6 
4 
5 
6 
5 
1 504133373  
5 
6 
1 1876363402  
6 
3 
5 
4 
2 
4 
4 
3 
2 
2 
2 
1 1302112708  
6 
6 
3 
4 
1 787339695  
1 1337622116  
1 915406553  
3 
4 
5 
4 
5 
3 
5 
5 
4 
6 
2 
1 84628226  
3 
2 
4 
3 
6 
6 
1 350294998  
5 
1 1133928237  
5 
6 
2 
6 
6 
2 
6 
4 
5 
1 1403330797  
5 
5 
2 
6 
4 
1 708180477  
1 566163331  
1 1694684057  
2 
4 
2 
5 
3 
5 
2 
3 
5 
4 
5 
3 
2 
3 
4 
1 1663490258  
5 
2 
1 2083346828  
3 
5 
5 
4 
5 
2 
2 
6 
2 
5 
6 
2 
3 
5 
6 
6 
1 929874981  
6 
6 
2 
6 
1 274725280  
4 
6 
1 2108538408  
2 
5 
3 
3 
3 
2 
3 
4 
3 
2 
1 1026799125  
6 
6 
4 
2 
3 
3 
4 
3 
6 
1 1509724644  
2 
1 1507849443  
1 1610664787  
1 885299604  
5 
5 
2 
2 
5 
6 
4 
3 
2 
4 
2 
4 
3 
1 1842950495  
5 
5 
3 
1 555512584  
6 
4 
1 1442333991  
6 
6 
1 2055836990  
1 1701598961  
4 
4 
6 
1 1580734860  
1 829159669  
2 
5 
5 
3 
3 
5 
6 
6 
1 2048975349  
3 
1 2084868233  
3 
3 
3 
3 
4 
5 
2 
3 
2 
3 
3 
4 
6 
6 
2 
3 
4 
4 
1 558039424  
1 1203604410  
3 
2 
1 724724280  
4 
1 1895661540  
6 
1 2119010963  
5 
1 809352506  
6 
4 
1 98472890  
4 
3 
2 
4 
2 
6 
5 
2 
1 1105455553  
6 
1 65199656  
2 
4 
2 
5 
3 
1 806653368  
4 
3 
3 
4 
5 
3 
1 1671618884  
4 
4 
1 1759883713  
4 
1 322659978  
1 1607482064  
5 
2 
2 
5 
2 
2 
1 542275046  
5 
3 
3 
4 
4 
5 
4 
2 
5 
3 
4 
1 597385259  
6 
6 
1 1568536825  
6 
1 1569074171  
2 
6 
3 
1 2107109903  
6 
2 
5 
6 
3 
1 928902620  
2 
4 
4 
3 
5 
3 
1 1032255310  
5 
4 
3 
3 
5 
3 
4 
1 844925860  
4 
3 
1 624369467  
4 
5 
1 1587767894  
1 139776203  
6 
2 
3 
6 
3 
2 
2 
4 
2 
4 
2 
5 
5 
2 
3 
4 
4 
2 
3 
1 532722809  
1 1141883207  
3 
4 
1 1720511063  
4 
4 
6 
1 1361882479  
5 
2 
4 
4 
3 
1 1043374909  
1 1657895648  
2 
6 
2 
3 
6 
6 
6 
3 
2 
2 
6 
6 
3 
6 
3 
1 1919921903  
1 99495671  
4 
5 
3 
2 
1 235136281  
2 
2 
4 
2 
1 1668099795  
5 
6 
2 
2 
4 
1 71022986  
3 
2 
6 
1 1044488787  
1 1766572686  
1 1176478539  
1 1109688443  
5 
4 
5 
1 425742406  
3 
3 
2 
3 
6 
3 
6 
1 700613775  
1 722088508  
5 
4 
3 
2 
4 
1 748402384  
1 160612192  
5 
5 
6 
2 
6 
3 
6 
2 
3 
4 
1 1264363554  
1 1345787643  
5 
5 
3 
4 
5 
2 
4 
1 1729149017  
3 
2 
6 
6 
6 
4 
6 
5 
2 
2 
5 
1 685954077  
1 1305413899  
3 
3 
5 
1 510567989  
6 
1 1718209388  
1 2856111  
1 1134937457  
2 
6 
6 
1 1158493634  
1 142632314  
4 
3 
6 
3 
2 
1 1667660266  
5 
5 
1 152893194  
1 1863143377  
4 
2 
5 
4 
1 882059097  
3 
2 
1 1196268103  
3 
5 
5 
6 
4 
4 
2 
6 
6 
5 
6 
1 1373555377  
2 
1 654497352  
2 
1 1295763774  
1 1608691658  
1 175113500  
6 
3 
3 
2 
2 
4 
1 1366786760  
2 
6 
1 505696798  
3 
2 
6 
3 
1 1941686186  
5 
2 
5 
3 
4 
1 395781652  
3 
4 
6 
5 
5 
6 
5 
1 1615385241  
3 
2 
6 
6 
5 
2 
6 
1 219944944  
6 
5 
5 
2 
6 
3 
6 
4 
4 
3 
5 
6 
1 1096395427  
1 189990102  
2 
3 
4 
5 
1 968347328  
6 
3 
5 
4 
3 
2 
3 
3 
5 
4 
1 1257007619  
5 
6 
5 
6 
5 
3 
4 
4 
5 
3 
1 1454353656  
4 
3 
6 
5 
4 
5 
4 
4 
5 
5 
4 
4 
1 166651324  
2 
6 
4 
5 
2 
1 838672988  
2 
2 
5 
4 
1 2140307734  
6 
1 1472065223  
2 
5 
5 
1 1349240978  
3 
5 
4 
2 
2 
6 
1 1711033474  
3 
3 
6 
5 
3 
5 
6 
5 
4 
1 1474921334  
3 
5 
6 
4 
1 336694787  
3 
6 
4 
2 
3 
1 722043460  
1 1617553648  
3 
3 
2 
4 
5 
5 
5 
4 
4 
6 
6 
4 
6 
6 
5 
3 
5 
3 
5 
6 
3 
4 
4 
6 
3 
6 
6 
3 
4 
3 
5 
5 
5 
1 2004355053  
3 
1 874936654  
6 
6 
6 
3 
4 
2 
3 
1 1333213377  
2 
6 
3 
1 738930503  
1 2071204757  
1 559285106  
1 1393427855  
3 
1 1219484883  
2 
6 
3 
4 
3 
4 
2 
4 
2 
4 
4 
3 
3 
4 
3 
4 
2 
2 
4 
4 
1 20493117  
6 
2 
2 
3 
2 
6 
5 
1 1568541355  
3 
6 
6 
1 438787996  
1 526189915  
5 
6 
3 
2 
2 
2 
6 
4 
3 
2 
1 1362743893  
1 834569648  
3 
2 
6 
6 
6 
3 
2 
2 
6 
4 
2 
1 2141575156  
2 
1 1582688837  
3 
1 1930965075  
2 
6 
3 
3 
4 
4 
2 
1 184081610  
5 
5 
4 
6 
4 
1 403552518  
2 
6 
4 
5 
3 
3 
1 1040489047  
5 
5 
6 
5 
3 
1 1638435267  
2 
6 
5 
6 
6 
3 
6 
5 
6 
1 570203842  
4 
4 
2 
6 
2 
1 1879162035  
2 
1 1631259353  
2 
3 
3 
2 
4 
5 
1 2042269065  
2 
5 
3 
4 
4 
4 
5 
2 
3 
3 
1 1080919365  
1 1194809179  
2 
3 
2 
1 1369706751  
5 
5 
6 
3 
6 
5 
1 1417614152  
4 
5 
2 
3 
6 
5 
5 
4 
2 
2 
1 1916852639  
4 
6 
3 
3 
4 
5 
5 
1 839776751  
3 
2 
3 
1 1274485558  
3 
6 
6 
4 
3 
5 
5 
3 
5 
4 
4 
1 644305646  
2 
3 
4 
2 
2 
2 
3 
2 
2 
2 
6 
6 
5 
6 
1 25506480  
2 
5 
5 
3 
6 
3 
3 
6 
3 
6 
4 
5 
3 
2 
1 2013416061  
1 568026755  
5 
3 
6 
6 
6 
1 584791586  
1 1259360268  
6 
1 1787511639  
5 
5 
6 
2 
6 
5 
1 605284703  
3 
5 
5 
4 
1 680417976  
6 
5 
5 
3 
5 
6 
1 78815987  
5 
3 
4 
4 
1 1131474618  
6 
6 
1 2043161869  
6 
6 
1 913385635  
2 
6 
5 
1 1125566127  
4 
1 1478367059  
1 696867062  
2 
2 
4 
3 
4 
1 1309647737  
5 
6 
1 1881919577  
5 
3 
5 
1 1737356109  
2 
1 800599356  
1 304639771  
1 1469034497  
6 
2 
6 
2 
2 
4 
3 
3 
1 284375061  
1 199425188  
3 
1 402470214  
4 
1 1479184240  
5 
3 
4 
3 
1 1569131939  
3 
5 
1 1820084367  
5 
2 
4 
3 
1 1248553232  
3 
6 
2 
5 
4 
1 261425042  
1 947086277  
5 
3 
2 
4 
5 
1 1892858878  
6 
3 
6 
6 
3 
1 286931522  
4 
3 
2 
2 
4 
1 813018690  
6 
3 
4 
4 
6 
4 
6 
1 313401985  
2 
6 
6 
5 
1 871723108  
5 
3 
1 2072378958  
2 
6 
2 
1 2100913624  
3 
4 
3 
2 
4 
3 
1 1477007812  
4 
2 
3 
4 
1 605313286  
2 
5 
1 32245963  
3 
6 
2 
2 
3 
3 
1 460998782  
2 
5 
3 
6 
2 
3 
1 500991508  
1 945631598  
2 
3 
3 
3 
4 
6 
2 
5 
4 
5 
5 
6 
5 
3 
2 
6 
6 
3 
6 
1 1586564909  
5 
4 
4 
6 
1 1979358567  
2 
3 
2 
3 
2 
3 
2 
2 
1 1642498661  
5 
4 
1 748728999  
5 
4 
2 
3 
4 
5 
3 
4 
2 
1 1713794496  
6 
6 
6 
1 1232371122  
5 
4 
3 
3 
1 1549328355  
6 
3 
4 
3 
3 
1 2018434267  
5 
5 
5 
1 553921971  
5 
4 
1 1833703417  
6 
1 70375807  
3 
2 
1 956392186  
3 
2 
6 
5 
5 
2 
5 
4 
3 
6 
4 
5 
6 
5 
4 
6 
4 
5 
2 
1 1165404009  
4 
3 
3 
3 
2 
3 
3 
2 
4 
4 
1 1639507746  
5 
1 628992905  
1 266473593  
3 
6 
1 1900932788  
3 
3 
5 
5 
3 
5 
4 
5 
1 1576079182  
2 
6 
6 
3 
5 
1 11848823  
1 40380662  
2 
6 
3 
5 
5 
1 241614224  
2 
6 
5 
4 
4 
5 
2 
4 
1 325250809  
5 
2 
5 
6 
5 
2 
4 
1 912103770  
4 
1 166509534  
2 
6 
4 
1 278680785  
2 
4 
1 241627934  
4 
3 
3 
6 
3 
4 
3 
3 
5 
6 
1 771822821  
4 
5 
4 
3 
3 
5 
4 
4 
5 
6 
3 
5 
3 
5 
2 
5 
1 310926749  
5 
6 
1 702626717  
3 
2 
4 
2 
1 1272814329  
4 
3 
2 
3 
3 
2 
4 
3 
4 
2 
5 
3 
3 
3 
1 1256558347  
3 
5 
3 
6 
4 
5 
6 
4 
2 
5 
4 
2 
1 141707978  
2 
2 
4 
1 1104689248  
2 
5 
2 
5 
2 
5 
3 
4 
4 
5 
4 
4 
1 751573360  
2 
6 
5 
4 
4 
5 
4 
4 
6 
4 
5 
3 
6 
5 
3 
3 
4 
3 
3 
4 
4 
5 
1 890436977  
3 
1 671000096  
3 
4 
6 
5 
3 
5 
5 
5 
3 
1 1983944483  
6 
3 
5 
4 
5 
6 
2 
6 
4 
6 
1 292281685  
3 
1 541950715  
2 
3 
5 
5 
5 
1 390382806  
1 2125985102  
5 
1 612326522  
1 1346774992  
3 
1 1143905463  
5 
4 
4 
2 
2 
2 
1 104350620  
2 
6 
6 
1 1975767897  
2 
4 
1 1410379057  
4 
3 
3 
2 
4 
1 2005283408  
2 
5 
3 
3 
6 
5 
4 
1 1404363431  
6 
5 
1 1422227880  
3 
4 
2 
2 
5 
3 
6 
1 2045664070  
5 
1 1645977655  
5 
4 
6 
1 1747478689  
1 810284192  
5 
3 
2 
1 1812487190  
1 2026159475  
3 
1 1051912127  
4 
4 
3 
5 
1 436826363  
4 
2 
5 
3 
5 
6 
6 
6 
6 
2 
1 189602576  
5 
6 
4 
1 1754538844  
1 1709640692  
3 
1 1446160923  
5 
3 
2 
3 
6 
4 
1 1896246822  
5 
5 
5 
3 
4 
5 
6 
1 666846292  
3 
2 
1 50250636  
6 
2 
5 
1 639200152  
5 
5 
2 
5 
5 
5 
5 
3 
3 
6 
2 
6 
2 
1 1337846388  
4 
3 
2 
6 
2 
5 
6 
1 2034195119  
3 
6 
2 
3 
3 
5 
5 
4 
2 
3 
1 931481837  
5 
6 
4 
4 
2 
5 
3 
6 
1 1879797103  
1 277094277  
6 
2 
5 
6 
3 
2 
3 
4 
4 
3 
5 
2 
5 
5 
3 
3 
2 
3 
6 
3 
3 
6 
5 
3 
1 909983291  
5 
3 
5 
2 
5 
5 
3 
1 344639977  
4 
1 1623869270  
6 
5 
2 
6 
6 
3 
4 
5 
4 
1 2053888754  
2 
6 
2 
5 
4 
1 448990597  
6 
4 
2 
5 
1 1452153519  
6 
4 
3 
1 1316784163  
2 
6 
6 
6 
1 306790357  
2 
4 
2 
3 
4 
3 
6 
1 709033303  
2 
5 
4 
6 
2 
4 
6 
5 
6 
3 
6 
4 
5 
2 
4 
1 591528396  
3 
4 
5 
5 
2 
1 204970779  
2 
2 
5 
4 
6 
4 
6 
2 
4 
3 
5 
2 
6 
6 
3 
1 207527310  
1 191523437  
5 
4 
4 
3 
2 
5 
4 
2 
6 
4 
4 
6 
1 1015254971  
5 
3 
1 2020014500  
5 
4 
3 
4 
5 
6 
3 
5 
2 
4 
5 
1 70199264  
5 
1 2067167098  
3 
5 
6 
2 
5 
1 309357215  
6 
4 
1 259801840  
4 
2 
4 
1 1674222294  
4 
2 
6 
2 
3 
2 
5 
4 
4 
2 
3 
2 
3 
6 
4 
5 
4 
3 
5 
6 
5 
2 
2 
6 
3 
1 2018997907  
1 1705962764  
1 1422985469  
5 
2 
2 
2 
2 
5 
6 
2 
2 
6 
3 
5 
1 538360551  
1 1756213400  
4 
3 
4 
1 2062185621  
3 
1 1876206939  
1 1642924871  
5 
4 
2 
3 
6 
2 
1 846183810  
1 1608520394  
4 
2 
1 1920019148  
2 
1 1756167101  
4 
2 
2 
5 
6 
4 
1 1953160371  
6 
2 
3 
6 
6 
4 
5 
5 
4 
3 
5 
3 
2 
4 
2 
1 1396404770  
5 
2 
6 
3 
6 
5 
1 1662572207  
4 
6 
1 254667320  
3 
4 
5 
1 701074642  
5 
1 831872723  
4 
5 
6 
5 
6 
5 
5 
2 
2 
1 561457677  
2 
2 
1 1410107945  
5 
6 
1 1423401119  
6 
5 
1 766428456  
6 
1 1617635255  
2 
4 
3 
5 
1 1614924556  
1 1781683428  
3 
5 
3 
1 1490166108  
2 
5 
3 
4 
6 
1 1685123821  
6 
3 
5 
5 
1 1701366878  
6 
2 
5 
6 
6 
1 1799523323  
1 1944925661  
4 
5 
2 
3 
5 
1 1228105525  
5 
2 
5 
4 
3 
4 
3 
3 
6 
5 
4 
3 
3 
6 
2 
1 1671037583  
3 
2 
5 
6 
1 1503404777  
1 503607346  
2 
3 
1 61914486  
1 1112134529  
6 
5 
5 
4 
5 
4 
1 418309319  
6 
6 
1 1938121426  
4 
1 607575752  
3 
5 
2 
1 1264493129  
4 
3 
5 
6 
5 
4 
5 
5 
1 1399158172  
2 
2 
5 
6 
4 
6 
2 
6 
5 
1 380111253  
2 
5 
6 
1 873176582  
2 
3 
5 
4 
1 1204834896  
6 
4 
6 
4 
2 
5 
5 
6 
4 
6 
2 
3 
1 1776516023  
1 388265141  
2 
3 
6 
3 
1 1459502216  
6 
4 
1 330107017  
1 1220137864  
2 
2 
2 
5 
6 
3 
3 
5 
4 
4 
2 
6 
2 
5 
5 
5 
1 2020959894  
6 
6 
3 
6 
6 
4 
2 
3 
5 
6 
1 1740214962  
3 
4 
1 496055335  
1 639904702  
5 
6 
5 
1 1210366570  
2 
6 
3 
1 2110979892  
5 
3 
2 
6 
1 274104482  
1 553049030  
2 
4 
3 
6 
6 
6 
4 
4 
3 
3 
2 
3 
4 
3 
6 
4 
3 
4 
3 
2 
6 
5 
1 1648620065  
5 
4 
2 
5 
5 
5 
1 1975471361  
4 
2 
1 205088705  
5 
2 
6 
6 
1 1446062078  
1 1056093238  
2 
5 
3 
3 
4 
5 
3 
4 
3 
6 
5 
4 
3 
6 
1 1876126288  
5 
4 
4 
4 
1 801983208  
3 
1 1559700584  
2 
1 1938040775  
3 
2 
3 
3 
3 
4 
6 
1 1914117737  
3 
3 
3 
6 
6 
1 1978009903  
3 
4 
4 
3 
5 
4 
5 
5 
5 
6 
1 1728678553  
4 
3 
4 
5 
6 
5 
2 
3 
3 
4 
3 
4 
3 
6 
2 
5 
3 
5 
5 
1 374209842  
4 
6 
2 
1 1095019384  
2 
3 
5 
3 
6 
6 
1 980353077  
5 
1 754321095  
2 
5 
5 
4 
3 
1 1968195966  
3 
3 
1 37704325  
4 
5 
6 
2 
2 
5 
4 
3 
6 
6 
1 383353470  
2 
5 
3 
5 
1 208977459  
5 
6 
4 
3 
6 
4 
4 
3 
1 1497206542  
5 
6 
5 
6 
4 
5 
6 
2 
1 713460488  
4 
1 1429115324  
5 
4 
2 
2 
5 
4 
5 
2 
6 
5 
4 
1 1370682788  
3 
4 
5 
1 306191802  
5 
1 1925170659  
4 
1 2010587490  
6 
3 
1 1516558372  
5 
6 
2 
6 
6 
6 
1 1888666903  
6 
5 
3 
3 
3 
1 137208325  
4 
3 
5 
1 2069607402  
6 
4 
1 1389803320  
1 2112679686  
3 
3 
6 
5 
6 
4 
3 
5 
4 
5 
3 
2 
6 
2 
2 
3 
5 
4 
5 
1 127212460  
5 
6 
3 
3 
2 
6 
6 
1 688381751  
2 
4 
3 
4 
4 
3 
2 
2 
1 1021289276  
4 
6 
1 2003338748  
3 
6 
5 
5 
5 
6 
1 1490364959  
6 
2 
1 433506212  
4 
6 
3 
6 
4 
2 
6 
1 1793895875  
1 1256999048  
4 
4 
2 
1 264032467  
2 
5 
4 
2 
5 
6 
6 
5 
2 
3 
4 
4 
2 
3 
3 
5 
4 
2 
5 
1 1375090780  
5 
2 
6 
3 
3 
2 
5 
1 1631208890  
1 1359051851  
5 
3 
2 
3 
5 
3 
3 
4 
3 
1 207960210  
6 
3 
3 
5 
1 238046337  
5 
2 
2 
4 
4 
5 
1 1179764169  
3 
5 
4 
6 
6 
4 
6 
4 
5 
4 
6 
3 
4 
5 
4 
2 
2 
6 
5 
2 
6 
4 
4 
1 245664535  
1 621399808  
1 1388741628  
6 
5 
4 
6 
3 
6 
4 
1 1742871077  
1 1334860296  
2 
2 
4 
5 
4 
4 
1 670373304  
3 
6 
2 
1 966070217  
4 
3 
3 
4 
5 
1 1641052098  
6 
5 
3 
5 
5 
2 
4 
2 
4 
5 
2 
5 
4 
6 
1 448060316  
6 
2 
1 829174060  
5 
3 
4 
4 
6 
1 1010126823  
6 
1 189243571  
3 
3 
4 
3 
1 966382385  
3 
2 
1 932250577  
5 
6 
3 
6 
5 
6 
2 
1 1579046892  
2 
2 
5 
6 
2 
1 931578423  
2 
1 1059463037  
2 
5 
5 
2 
5 
6 
1 119944995  
4 
1 1952867699  
4 
6 
6 
1 915318138  
6 
2 
4 
5 
5 
2 
5 
5 
3 
1 1610309954  
4 
2 
1 238890263  
3 
3 
3 
1 561730365  
1 719825354  
6 
2 
1 502922730  
6 
2 
5 
2 
5 
2 
3 
1 1936821146  
5 
1 203550597  
4 
1 1861974581  
3 
5 
6 
5 
1 2144781356  
1 441596934  
6 
6 
1 894255102  
3 
2 
4 
4 
1 242962243  
2 
3 
6 
1 1062996742  
2 
6 
2 
6 
3 
1 135513082  
5 
4 
1 1985833321  
2 
4 
5 
5 
4 
4 
5 
2 
6 
1 250373390  
4 
6 
6 
1 805886387  
5 
4 
5 
1 804419890  
6 
5 
2 
5 
5 
5 
2 
1 1891425489  
1 1253946703  
1 1633593950  
1 754068664  
1 1443190274  
6 
5 
3 
5 
1 452492687  
3 
5 
6 
5 
2 
1 1686319241  
2 
5 
3 
6 
1 874753518  
5 
3 
2 
6 
1 1384071110  
3 
1 598298631  
6 
1 994698513  
3 
5 
1 1189455161  
4 
5 
4 
4 
5 
1 1513616769  
3 
2 
1 457524819  
4 
5 
6 
1 1428345424  
4 
5 
1 2075347134  
5 
4 
3 
4 
6 
3 
4 
1 1177350174  
2 
2 
4 
1 1931268154  
4 
3 
1 1864684632  
2 
6 
1 1380900771  
4 
2 
5 
5 
4 
1 1645759087  
4 
3 
1 1861982340  
6 
1 1822497705  
5 
4 
6 
3 
5 
6 
3 
1 392530541  
1 2104944584  
3 
3 
6 
3 
5 
4 
1 738010800  
3 
2 
5 
1 528043624  
2 
6 
1 1943294257  
3 
4 
5 
6 
1 988384190  
5 
5 
6 
4 
6 
5 
2 
1 1333930011  
2 
3 
4 
3 
5 
3 
6 
5 
2 
2 
5 
5 
6 
3 
2 
2 
1 600230499  
4 
3 
3 
1 732326031  
3 
6 
5 
3 
1 440393066  
4 
4 
2 
6 
1 86340802  
6 
6 
3 
2 
5 
3 
1 1486394695  
5 
4 
3 
5 
4 
2 
1 1883583340  
5 
4 
3 
2 
6 
3 
3 
3 
3 
4 
5 
6 
1 538833489  
5 
2 
3 
6 
4 
3 
6 
3 
4 
5 
1 1025230289  
5 
3 
4 
4 
2 
2 
3 
4 
1 610853211  
6 
6 
5 
1 1922904600  
5 
2 
4 
2 
3 
6 
2 
4 
6 
2 
4 
5 
3 
1 1623528920  
1 1605551724  
6 
3 
4 
4 
4 
2 
2 
4 
2 
2 
6 
1 964876113  
3 
6 
2 
6 
1 989662041  
3 
3 
1 2063076544  
4 
3 
2 
2 
4 
4 
4 
6 
2 
6 
3 
3 
3 
3 
6 
2 
6 
5 
4 
3 
5 
2 
4 
1 245737890  
5 
2 
6 
2 
6 
4 
4 
5 
1 917525527  
3 
2 
6 
5 
4 
1 1092943070  
3 
5 
5 
3 
3 
6 
4 
5 
6 
6 
5 
1 29522396  
5 
3 
3 
5 
2 
5 
2 
1 634726512  
1 326360193  
3 
3 
4 
3 
3 
2 
4 
4 
6 
2 
4 
6 
2 
1 1675281484  
5 
6 
1 349225204  
3 
3 
2 
5 
6 
2 
6 
2 
1 1374250  
3 
4 
3 
3 
2 
4 
2 
1 2067812025  
6 
5 
6 
5 
6 
3 
4 
2 
3 
3 
2 
1 306686140  
1 739385050  
4 
3 
1 448372001  
5 
3 
5 
4 
3 
3 
6 
6 
4 
2 
2 
3 
5 
2 
2 
4 
6 
3 
4 
2 
2 
5 
2 
4 
5 
2 
1 102496749  
4 
2 
6 
2 
4 
2 
4 
1 1727769241  
3 
4 
2 
4 
4 
2 
3 
3 
2 
1 1782302012  
1 702727249  
4 
2 
6 
2 
5 
6 
6 
1 312611624  
5 
6 
2 
3 
4 
6 
4 
3 
5 
6 
4 
1 75211430  
5 
4 
4 
6 
5 
5 
3 
3 
3 
2 
2 
4 
6 
2 
5 
6 
6 
6 
5 
3 
3 
5 
3 
5 
3 
3 
2 
1 789068051  
5 
1 1799006320  
4 
3 
5 
1 1958794771  
5 
5 
3 
2 
2 
6 
2 
1 1327901540  
1 676752961  
1 422164334  
4 
4 
2 
5 
1 1103322492  
3 
2 
6 
1 152798233  
6 
5 
2 
3 
4 
1 2027716058  
3 
1 2068198606  
2 
1 1142460274  
4 
6 
2 
4 
6 
1 1943308954  
3 
5 
5 
6 
1 166452848  
6 
3 
3 
6 
4 
3 
5 
2 
4 
2 
3 
6 
6 
5 
1 2059985801  
3 
2 
3 
6 
1 888768376  
3 
5 
5 
1 195975244  
2 
3 
6 
1 547228665  
4 
3 
1 1215128569  
6 
6 
3 
3 
5 
4 
2 
6 
3 
1 1871256728  
4 
1 896453870  
4 
5 
3 
1 1216502820  
5 
5 
5 
5 
2 
3 
4 
2 
4 
2 
2 
3 
6 
5 
3 
3 
5 
6 
1 1791585106  
3 
2 
6 
6 
1 1203140010  
1 1955887870  
1 92473459  
4 
5 
6 
1 1305636760  
2 
4 
6 
2 
6 
4 
5 
2 
1 1536173463  
4 
4 
5 
2 
2 
6 
1 1874775472  
1 2008364009  
5 
2 
1 1848785088  
4 
6 
5 
3 
6 
2 
2 
2 
3 
1 1949986902  
2 
4 
6 
4 
4 
5 
5 
5 
5 
1 649948412  
1 1500307760  
2 
6 
6 
4 
5 
6 
2 
2 
4 
6 
1 1761298025  
3 
3 
2 
3 
4 
1 1977849952  
6 
4 
5 
3 
6 
2 
4 
2 
2 
3 
2 
2 
5 
4 
4 
5 
5 
2 
4 
4 
1 29577073  
6 
1 35978711  
2 
6 
6 
6 
6 
5 
5 
1 933688797  
5 
3 
1 182375306  
1 2063694770  
6 
2 
4 
3 
3 
6 
5 
2 
4 
2 
5 
6 
4 
2 
4 
1 854403755  
3 
2 
6 
6 
1 1324835580  
2 
3 
5 
3 
6 
5 
2 
6 
1 1859520076  
4 
1 1020856603  
3 
5 
4 
2 
4 
4 
3 
6 
1 1237337733  
4 
4 
1 600804805  
6 
4 
2 
1 1216831847  
6 
2 
5 
2 
5 
4 
6 
6 
3 
5 
5 
4 
4 
3 
4 
6 
6 
1 1784566399  
1 1815933374  
3 
6 
4 
3 
4 
6 
6 
4 
3 
6 
1 940604928  
4 
6 
4 
2 
4 
1 533536621  
2 
1 884952546  
2 
4 
6 
1 584706386  
6 
2 
3 
4 
4 
5 
2 
4 
2 
3 
5 
3 
4 
6 
4 
3 
1 1736676631  
1 693356769  
5 
1 677179845  
4 
6 
2 
5 
2 
2 
2 
4 
2 
5 
2 
4 
3 
3 
2 
4 
4 
6 
3 
5 
3 
3 
1 894829743  
2 
5 
4 
2 
6 
3 
1 82046584  
3 
3 
1 404471669  
2 
2 
3 
1 755710104  
1 1930831672  
5 
6 
1 206974924  
4 
6 
2 
3 
4 
6 
2 
4 
2 
5 
1 1405658516  
5 
4 
2 
3 
4 
4 
4 
5 
3 
1 1283655784  
6 
5 
4 
4 
1 1968272949  
5 
4 
1 1236024821  
1 1313232857  
2 
4 
1 2004251661  
5 
6 
4 
5 
2 
1 22229970  
5 
3 
5 
3 
2 
6 
5 
2 
1 1495608163  
6 
5 
2 
1 1920462783  
5 
1 876633725  
5 
3 
6 
3 
1 672960095  
5 
5 
5 
6 
6 
1 1632499211  
4 
3 
4 
3 
4 
4 
5 
2 
3 
2 
4 
4 
6 
5 
4 
2 
4 
6 
4 
5 
6 
6 
1 1897490328  
1 1910297829  
4 
6 
2 
4 
3 
2 
3 
5 
3 
3 
5 
4 
3 
6 
3 
3 
2 
2 
5 
3 
6 
4 
4 
6 
4 
5 
3 
3 
5 
4 
1 85820368  
1 966838527  
6 
3 
6 
6 
6 
1 1547380580  
3 
3 
2 
6 
3 
1 1901753743  
6 
5 
1 1907443455  
5 
6 
6 
6 
3 
6 
5 
1 2080917201  
2 
5 
2 
3 
1 639222641  
4 
5 
5 
5 
2 
6 
2 
4 
4 
5 
6 
4 
3 
6 
4 
5 
5 
5 
3 
3 
1 344666193  
4 
1 1670110184  
6 
5 
5 
5 
2 
4 
1 1332579410  
1 1021846039  
3 
3 
1 417456280  
1 1414625995  
6 
4 
6 
4 
6 
3 
5 
3 
4 
6 
3 
5 
5 
1 1426317708  
3 
1 1173166384  
2 
6 
4 
6 
3 
2 
6 
3 
6 
4 
2 
4 
2 
6 
6 
4 
2 
4 
2 
4 
6 
3 
1 1197974019  
2 
6 
2 
4 
3 
1 1633292632  
1 431341253  
3 
2 
5 
4 
4 
2 
5 
6 
2 
6 
2 
6 
4 
1 334146156  
6 
4 
3 
3 
5 
2 
1 1454081934  
4 
6 
6 
3 
4 
4 
2 
6 
6 
6 
5 
1 1667366074  
3 
6 
1 1647379013  
3 
2 
1 1310849947  
5 
2 
6 
3 
1 1689596044  
1 995503529  
1 1083829082  
5 
5 
3 
4 
5 
2 
4 
4 
6 
5 
4 
4 
2 
4 
6 
3 
6 
2 
6 
1 418746121  
1 1668463624  
6 
5 
4 
6 
3 
5 
4 
6 
1 568844645  
5 
6 
2 
5 
2 
2 
1 168752801  
1 1431277805  
6 
1 654665014  
2 
5 
2 
6 
3 
3 
1 1135591328  
2 
4 
1 831174737  
3 
6 
6 
2 
4 
1 408935109  
6 
4 
1 895551136  
3 
4 
2 
6 
6 
5 
4 
6 
5 
3 
5 
2 
6 
1 764608290  
5 
5 
1 1048157750  
6 
4 
3 
2 
4 
1 1240217329  
1 287234827  
6 
6 
5 
6 
4 
6 
1 233253513  
4 
3 
4 
2 
3 
4 
4 
2 
6 
5 
2 
2 
1 114579720  
1 704691107  
6 
4 
4 
5 
2 
2 
2 
1 1647879508  
2 
6 
4 
2 
1 1540897429  
2 
6 
6 
6 
3 
3 
4 
4 
5 
3 
1 1877857491  
3 
1 698369879  
3 
6 
1 1026706413  
5 
2 
5 
5 
4 
2 
5 
2 
1 161715096  
4 
2 
4 
6 
1 1032516035  
3 
6 
3 
4 
3 
3 
1 333304699  
3 
4 
5 
5 
4 
4 
6 
5 
3 
1 1829081170  
2 
2 
5 
4 
2 
6 
4 
3 
4 
1 532411401  
3 
6 
6 
2 
2 
3 
3 
1 1644154646  
3 
6 
2 
5 
6 
4 
3 
4 
4 
3 
3 
2 
2 
3 
2 
3 
5 
3 
3 
1 1371193566  
6 
1 1527914930  
1 580500080  
5 
3 
2 
1 1789939687  
5 
4 
2 
5 
5 
1 1048894906  
6 
6 
6 
5 
5 
5 
5 
1 1149344726  
4 
2 
6 
2 
5 
1 1958692488  
6 
5 
2 
6 
3 
5 
1 332689064  
5 
1 1804009740  
2 
2 
4 
1 946800169  
1 1163863801  
2 
6 
5 
5 
1 65461201  
6 
1 1842351305  
4 
5 
5 
1 1928472092  
6 
5 
2 
2 
5 
4 
6 
6 
5 
4 
3 
5 
1 1113618951  
2 
4 
4 
2 
3 
2 
6 
4 
6 
5 
5 
6 
3 
3 
5 
1 935084986  
6 
5 
5 
1 68223271  
4 
3 
4 
3 
2 
6 
3 
2 
3 
5 
4 
6 
6 
1 1346872464  
2 
2 
3 
4 
3 
2 
3 
4 
5 
2 
6 
1 1049664707  
2 
3 
1 772914378  
4 
2 
6 
3 
5 
1 847268324  
5 
4 
2 
5 
1 443078488  
6 
5 
2 
2 
4 
6 
6 
3 
6 
5 
4 
5 
4 
2 
3 
6 
5 
3 
5 
6 
3 
3 
1 503288221  
2 
4 
1 1545638204  
6 
3 
5 
3 
5 
3 
6 
1 1469784901  
2 
1 665003318  
3 
2 
4 
5 
3 
4 
6 
3 
3 
4 
6 
6 
1 430670591  
5 
6 
5 
6 
5 
6 
3 
4 
2 
2 
3 
1 1803089601  
4 
4 
3 
4 
2 
5 
3 
4 
4 
3 
1 346600840  
1 963081992  
3 
2 
5 
2 
4 
3 
5 
3 
1 1299760599  
4 
3 
3 
5 
2 
1 1717794407  
1 343513274  
5 
3 
2 
2 
1 1880260680  
2 
3 
1 1360250446  
4 
5 
2 
1 1392408181  
2 
4 
6 
1 882121758  
4 
5 
6 
6 
6 
5 
5 
6 
1 1171459287  
5 
2 
5 
5 
1 1725097245  
6 
2 
3 
3 
2 
5 
2 
2 
1 538647850  
5 
3 
2 
4 
5 
6 
5 
1 2118259456  
2 
4 
3 
5 
5 
1 741477398  
2 
6 
2 
3 
3 
4 
1 604109051  
2 
1 1813127113  
6 
5 
2 
5 
2 
6 
1 522465842  
6 
1 1717728002  
2 
2 
4 
6 
5 
4 
2 
6 
4 
2 
1 600728451  
6 
1 590689113  
2 
6 
2 
4 
6 
2 
1 917116819  
4 
1 1650393158  
2 
3 
1 1363603491  
6 
5 
2 
4 
6 
5 
2 
5 
5 
2 
6 
2 
1 1764385143  
4 
2 
4 
1 2093471646  
2 
2 
3 
2 
2 
2 
3 
5 
4 
4 
3 
3 
3 
3 
2 
4 
3 
4 
5 
5 
1 1866891713  
1 1162539699  
1 1415772900  
1 384411383  
1 1593210291  
5 
3 
5 
4 
4 
4 
4 
6 
1 1071378853  
2 
3 
6 
1 731012223  
4 
1 408808635  
2 
6 
4 
5 
5 
2 
2 
4 
2 
2 
1 223655804  
4 
5 
4 
5 
1 301322982  
6 
3 
6 
1 752321910  
4 
4 
1 2103916484  
1 1661573429  
5 
4 
3 
4 
5 
5 
3 
1 2144730091  
3 
1 838554594  
3 
4 
5 
4 
1 685549068  
4 
6 
2 
4 
3 
3 
2 
3 
2 
1 1722343688  
3 
6 
3 
2 
2 
5 
5 
5 
4 
3 
6 
2 
6 
3 
3 
3 
5 
2 
2 
1 1377202444  
2 
5 
1 656324876  
2 
4 
3 
6 
3 
5 
6 
3 
4 
4 
3 
4 
1 316337438  
1 1981311495  
6 
3 
6 
2 
3 
3 
2 
1 321968341  
1 838803281  
2 
2 
3 
2 
1 1551555850  
3 
5 
5 
2 
1 922696792  
5 
5 
5 
3 
2 
1 1429492394  
2 
6 
3 
5 
3 
2 
6 
1 321189021  
3 
1 425606303  
5 
2 
3 
5 
5 
5 
6 
3 
6 
1 645612238  
1 2085574164  
2 
3 
6 
1 371594301  
1 365020303  
2 
3 
1 1100630216  
4 
5 
3 
6 
2 
2 
5 
4 
6 
2 
6 
2 
3 
2 
6 
1 1787367201  
4 
5 
4 
2 
1 749431686  
2 
4 
5 
4 
4 
2 
4 
4 
4 
6 
4 
2 
6 
4 
6 
5 
1 546356859  
6 
2 
4 
3 
4 
4 
6 
6 
1 711262406  
5 
2 
3 
3 
1 1480443909  
3 
4 
5 
3 
6 
2 
2 
3 
1 955165494  
6 
2 
4 
6 
1 934918211  
1 1781766892  
4 
4 
3 
4 
2 
5 
4 
6 
6 
4 
6 
4 
6 
6 
5 
2 
2 
2 
4 
6 
3 
1 1707487404  
6 
3 
5 
4 
1 891351047  
5 
3 
3 
6 
3 
3 
1 1295856673  
5 
6 
3 
2 
2 
4 
1 1704733847  
5 
4 
2 
2 
3 
3 
2 
6 
5 
3 
5 
4 
4 
1 1729905642  
6 
2 
2 
5 
5 
5 
4 
5 
6 
4 
4 
4 
5 
2 
4 
5 
4 
2 
2 
6 
1 1981405741  
2 
6 
2 
3 
4 
5 
6 
2 
2 
3 
6 
1 1279593887  
5 
4 
1 959624438  
1 490246969  
3 
3 
2 
3 
1 1595931326  
3 
1 793452286  
4 
6 
3 
5 
6 
2 
5 
5 
3 
6 
2 
4 
1 812215310  
6 
5 
2 
2 
4 
2 
2 
4 
6 
3 
1 287250959  
6 
1 197524488  
3 
3 
2 
1 1734912102  
4 
4 
2 
2 
6 
5 
6 
4 
1 1716743353  
4 
4 
3 
2 
6 
2 
2 
4 
2 
4 
3 
1 518713509  
1 13034757  
6 
2 
6 
3 
1 214871943  
2 
1 456804025  
6 
3 
1 384629059  
1 579892246  
4 
3 
3 
5 
1 1557434241  
2 
4 
3 
1 24512612  
2 
6 
4 
1 1329323932  
4 
4 
1 2103791100  
5 
3 
3 
3 
5 
6 
5 
4 
4 
6 
4 
2 
1 735775019  
3 
3 
5 
3 
2 
5 
4 
3 
1 662284194  
6 
5 
4 
5 
6 
1 911472947  
3 
4 
3 
3 
5 
4 
5 
1 1670693230  
4 
1 296567438  
4 
2 
5 
6 
3 
6 
4 
3 
2 
4 
5 
6 
6 
4 
6 
2 
4 
1 471476703  
5 
6 
2 
3 
2 
5 
4 
6 
2 
3 
3 
3 
2 
1 414560629  
1 1592424111  
2 
2 
1 28726903  
6 
2 
4 
6 
6 
6 
6 
5 
2 
4 
1 2144466271  
4 
2 
1 1426346204  
3 
6 
3 
5 
3 
4 
6 
4 
3 
5 
1 1308320790  
4 
5 
1 956607062  
3 
5 
4 
4 
5 
4 
1 1916593173  
5 
4 
2 
6 
4 
6 
5 
5 
4 
3 
2 
3 
2 
5 
2 
5 
6 
2 
4 
2 
5 
4 
6 
5 
2 
1 756768468  
3 
3 
3 
6 
5 
1 1750059348  
3 
5 
6 
4 
1 581324835  
1 1044019427  
2 
2 
3 
6 
3 
6 
3 
2 
6 
4 
2 
3 
4 
1 1947583836  
2 
4 
1 168753289  
3 
6 
6 
5 
1 613279133  
5 
5 
5 
1 318813697  
4 
5 
6 
3 
3 
3 
3 
1 181788047  
4 
4 
2 
3 
6 
2 
5 
1 828151076  
6 
2 
6 
5 
4 
5 
4 
4 
5 
5 
6 
3 
6 
2 
6 
5 
2 
5 
2 
2 
5 
2 
3 
3 
6 
1 775617722  
5 
6 
5 
2 
2 
5 
4 
6 
2 
6 
3 
6 
3 
4 
1 566417106  
4 
2 
6 
5 
3 
6 
6 
6 
6 
5 
4 
4 
4 
1 1408043323  
3 
2 
3 
2 
1 185568316  
4 
1 590929718  
1 589883607  
4 
4 
4 
3 
3 
1 141875768  
2 
4 
5 
2 
2 
4 
1 1326704737  
1 1252167801  
6 
6 
4 
3 
5 
5 
3 
4 
4 
6 
5 
2 
6 
4 
3 
3 
1 1053348715  
1 849914319  
4 
3 
4 
6 
3 
6 
1 1548735239  
2 
6 
1 1524825419  
4 
1 1264474949  
5 
6 
4 
4 
1 993675702  
1 1553552322  
2 
1 1261457572  
6 
3 
1 272538258  
1 714389464  
1 70580986  
3 
2 
3 
5 
2 
2 
2 
6 
3 
6 
1 41647783  
2 
5 
4 
3 
3 
2 
5 
1 1471157933  
4 
1 1820640334  
1 622972618  
3 
4 
6 
4 
5 
1 367693712  
2 
5 
6 
6 
5 
5 
2 
4 
1 1620740522  
4 
1 791725908  
1 980972845  
5 
1 1939554219  
4 
2 
3 
2 
6 
1 973513955  
5 
3 
3 
4 
1 1809123922  
2 
5 
2 
2 
4 
4 
6 
1 567688294  
1 1539931061  
2 
4 
4 
6 
5 
4 
2 
2 
1 1069683597  
5 
5 
1 753256610  
4 
6 
4 
3 
5 
3 
1 2130860779  
6 
3 
1 1659567204  
2 
6 
1 895132378  
2 
1 1310081869  
4 
1 764251358  
6 
2 
1 1948481094  
6 
5 
4 
2 
6 
3 
5 
3 
4 
6 
3 
4 
4 
3 
6 
2 
5 
4 
2 
1 12512540  
3 
4 
1 165502949  
3 
6 
5 
4 
2 
3 
1 1325822865  
5 
1 1276987489  
4 
5 
6 
1 1159178652  
5 
6 
2 
4 
1 731891539  
6 
1 390961414  
4 
1 1431716910  
1 1446281003  
4 
3 
2 
1 461542400  
6 
6 
4 
1 1473364694  
4 
5 
4 
2 
6 
5 
6 
6 
4 
3 
4 
4 
6 
4 
4 
6 
6 
1 769955288  
6 
5 
3 
1 134699087  
5 
4 
4 
6 
4 
6 
2 
4 
3 
1 2096337312  
1 1137649001  
6 
4 
2 
5 
4 
4 
3 
5 
5 
1 1755439609  
4 
4 
6 
6 
4 
1 740579572  
1 2118621846  
4 
3 
5 
3 
4 
5 
3 
1 1547510181  
5 
6 
5 
6 
1 1714093527  
4 
1 1780262120  
5 
3 
2 
1 2115198475  
1 1106540940  
6 
1 702462069  
3 
5 
2 
6 
3 
4 
3 
2 
3 
6 
6 
2 
5 
5 
1 720971437  
2 
3 
4 
1 1089918072  
4 
6 
4 
4 
3 
5 
4 
2 
1 214545626  
6 
2 
4 
6 
3 
3 
2 
3 
2 
4 
6 
6 
6 
4 
1 1616103815  
5 
2 
5 
3 
2 
1 252516293  
1 978796984  
6 
4 
5 
6 
5 
3 
5 
4 
4 
2 
2 
5 
1 1417101261  
6 
3 
2 
6 
2 
3 
4 
2 
4 
2 
6 
1 265028833  
3 
4 
2 
3 
5 
5 
6 
2 
1 1144299933  
3 
3 
1 595440478  
2 
3 
2 
3 
1 1542016323  
6 
6 
5 
5 
2 
4 
5 
2 
3 
1 155994937  
6 
3 
4 
4 
6 
2 
6 
1 1327332017  
2 
4 
5 
2 
1 1932977737  
3 
1 1587711848  
6 
3 
1 626129373  
2 
1 247036489  
5 
1 913592894  
2 
6 
6 
6 
4 
5 
4 
1 1396084661  
5 
3 
3 
6 
1 381735576  
5 
1 862446558  
4 
6 
5 
4 
3 
1 386250014  
5 
3 
2 
2 
3 
2 
5 
5 
6 
1 2137175186  
5 
2 
6 
3 
1 1603026131  
1 357388213  
2 
5 
4 
5 
6 
3 
6 
4 
3 
1 1537201719  
3 
3 
4 
3 
5 
3 
5 
5 
5 
6 
2 
3 
5 
2 
4 
6 
1 1169636010  
6 
6 
3 
6 
6 
5 
3 
4 
1 2137650333  
4 
3 
4 
3 
5 
6 
1 1504916546  
4 
2 
1 128693303  
1 692628755  
4 
3 
2 
6 
6 
4 
3 
6 
6 
1 78404335  
2 
2 
4 
1 1218611375  
5 
4 
6 
4 
2 
2 
4 
1 907174381  
5 
6 
