5 
2 
1 41888998  
4 
6 
6 
6 
6 
4 
1 1817545015  
2 
2 
4 
2 
5 
6 
1 807341949  
5 
2 
2 
2 
1 1557991445  
6 
4 
5 
2 
1 2000091705  
5 
1 1450424835  
2 
1 1703342933  
5 
2 
3 
6 
1 1106380704  
1 1846368850  
1 620546200  
4 
3 
4 
4 
3 
4 
1 921707624  
5 
2 
5 
1 1009268391  
1 1232744214  
6 
3 
4 
4 
2 
5 
4 
4 
1 160621309  
2 
5 
3 
1 776965571  
4 
6 
6 
6 
5 
1 1137967549  
3 
6 
6 
6 
2 
4 
5 
1 832626013  
1 1390523959  
5 
2 
2 
5 
1 787353117  
6 
2 
6 
2 
4 
2 
1 1500150212  
4 
6 
2 
1 707005783  
3 
1 1554631847  
3 
3 
4 
6 
6 
6 
6 
2 
3 
4 
3 
6 
5 
6 
4 
2 
1 883490590  
6 
6 
4 
4 
2 
4 
5 
1 1454309982  
5 
4 
4 
4 
5 
4 
3 
6 
6 
3 
5 
1 2081148470  
6 
1 847871326  
1 875905360  
1 1839123314  
4 
5 
4 
4 
3 
5 
1 1353949774  
6 
6 
4 
5 
6 
5 
5 
6 
2 
4 
6 
4 
3 
4 
2 
5 
1 1395872722  
2 
2 
1 1927579943  
6 
4 
6 
2 
6 
1 1395838772  
4 
5 
5 
1 1065934090  
1 587438245  
3 
5 
2 
3 
6 
2 
2 
6 
2 
3 
1 806346569  
2 
4 
6 
1 918542147  
5 
2 
1 2037863080  
6 
6 
1 362205854  
3 
4 
3 
2 
5 
3 
3 
3 
2 
4 
3 
1 2024922852  
5 
4 
4 
2 
1 1736748282  
5 
5 
5 
1 982752054  
3 
6 
5 
1 799146828  
4 
3 
1 598533025  
2 
2 
5 
3 
4 
6 
4 
1 68012621  
1 959768137  
3 
4 
4 
5 
1 1375498596  
5 
3 
4 
5 
2 
2 
1 1205980170  
5 
6 
6 
2 
5 
3 
2 
4 
6 
6 
5 
5 
6 
5 
6 
4 
5 
2 
6 
1 1792394151  
4 
5 
1 618538907  
4 
4 
6 
3 
5 
5 
6 
3 
4 
6 
5 
6 
2 
2 
2 
4 
1 1993333287  
1 1145060715  
2 
6 
4 
3 
1 1325544691  
6 
6 
4 
4 
5 
4 
4 
2 
5 
4 
5 
5 
5 
2 
5 
6 
5 
4 
4 
4 
1 1400481486  
3 
2 
6 
5 
5 
2 
2 
2 
5 
1 2028551305  
1 632371025  
3 
2 
2 
5 
4 
5 
4 
6 
6 
4 
1 1334146309  
3 
3 
2 
6 
5 
4 
6 
3 
5 
3 
5 
5 
4 
2 
1 728938984  
1 1508276385  
2 
2 
5 
6 
6 
6 
1 1025785975  
5 
1 2082888758  
1 756665459  
3 
2 
2 
4 
6 
6 
4 
2 
3 
3 
6 
5 
3 
1 805882271  
1 1331243882  
3 
3 
1 1822599549  
4 
5 
1 1393320516  
1 2137590451  
3 
5 
1 593658049  
2 
1 1283699948  
1 352312657  
6 
2 
3 
1 471097253  
5 
1 872964583  
4 
2 
3 
5 
4 
5 
3 
3 
1 1335064712  
2 
1 1270244081  
3 
4 
4 
2 
6 
1 1471497608  
6 
1 1403077333  
6 
5 
3 
6 
2 
1 82528571  
3 
4 
3 
2 
1 699512557  
1 461573855  
2 
4 
1 1874922722  
4 
2 
6 
1 1318051464  
6 
3 
6 
6 
4 
5 
3 
1 307423495  
2 
4 
6 
6 
3 
1 872499789  
3 
6 
2 
1 496112507  
5 
1 1707904981  
3 
3 
1 753567447  
6 
5 
5 
2 
5 
1 1128483532  
6 
6 
5 
6 
2 
4 
2 
5 
6 
3 
1 894567642  
2 
1 1482506431  
2 
4 
3 
1 489276269  
6 
4 
3 
1 1920353618  
4 
3 
1 1417911541  
4 
1 1245941729  
2 
6 
3 
2 
3 
3 
4 
2 
2 
3 
3 
5 
1 578752241  
6 
1 601671775  
5 
6 
1 921057630  
6 
1 1972072757  
3 
6 
5 
3 
6 
5 
5 
1 591778578  
5 
4 
6 
4 
5 
2 
5 
1 1514715679  
2 
5 
2 
4 
6 
1 1108289057  
2 
1 944091235  
4 
5 
3 
3 
4 
6 
4 
4 
2 
1 1985812932  
6 
2 
3 
6 
6 
2 
5 
2 
1 1981253640  
4 
3 
1 131672299  
3 
1 1108573366  
2 
3 
5 
4 
3 
6 
2 
2 
2 
2 
1 1305267601  
5 
3 
4 
3 
3 
4 
3 
2 
5 
4 
1 1534749632  
4 
4 
5 
4 
1 1191101937  
1 2004780158  
1 1996323488  
6 
5 
4 
4 
2 
6 
5 
1 918541011  
6 
4 
6 
3 
6 
6 
6 
3 
6 
3 
1 1175347974  
2 
6 
3 
3 
6 
1 156263335  
4 
2 
2 
4 
6 
2 
6 
3 
5 
1 1791040800  
1 1671460482  
4 
1 1864168316  
4 
5 
2 
4 
1 397124599  
1 652460366  
6 
2 
5 
3 
4 
4 
3 
3 
6 
5 
1 611252311  
2 
5 
6 
6 
6 
3 
4 
5 
3 
5 
2 
5 
4 
5 
1 1879631030  
1 1141736636  
4 
1 384122281  
1 1150058923  
1 240194717  
3 
6 
4 
3 
5 
1 962874522  
5 
3 
6 
1 1751730698  
5 
2 
4 
4 
1 1161252347  
3 
5 
4 
4 
5 
3 
4 
2 
3 
6 
2 
2 
2 
2 
5 
3 
3 
6 
2 
4 
1 787463631  
3 
5 
4 
6 
5 
4 
1 196025628  
5 
3 
4 
4 
4 
6 
4 
6 
4 
1 528484379  
3 
3 
4 
4 
1 1895752688  
6 
2 
1 1140116864  
2 
1 366813663  
3 
5 
2 
1 1729522681  
6 
1 1271789163  
5 
1 1475387029  
6 
6 
4 
4 
1 887306634  
2 
4 
3 
4 
4 
1 659055148  
6 
3 
3 
4 
2 
3 
4 
6 
6 
1 519005318  
2 
6 
2 
4 
1 744603144  
4 
3 
1 507894988  
4 
2 
6 
5 
4 
4 
6 
6 
6 
6 
4 
3 
4 
6 
1 1437546329  
5 
1 1919951118  
6 
3 
3 
1 664158323  
6 
2 
4 
6 
4 
6 
1 1081103482  
3 
1 1443927952  
5 
4 
6 
1 380842991  
1 1478228081  
2 
3 
5 
3 
2 
3 
1 2096388319  
1 992095302  
5 
4 
6 
5 
5 
1 1210375464  
5 
3 
3 
1 1090641307  
3 
4 
3 
5 
4 
3 
3 
6 
2 
6 
6 
2 
6 
5 
3 
5 
2 
3 
6 
4 
1 1376217583  
1 212950739  
5 
4 
6 
1 1330836024  
4 
6 
3 
2 
4 
2 
5 
3 
5 
5 
6 
5 
1 191608457  
4 
4 
5 
3 
6 
2 
6 
3 
3 
4 
2 
1 1964681438  
1 344604723  
5 
4 
3 
3 
4 
4 
6 
4 
2 
5 
1 979072088  
2 
5 
1 13223418  
4 
3 
1 873089102  
5 
3 
1 727341129  
6 
6 
4 
3 
5 
6 
1 1153340282  
1 1239902766  
1 309380162  
5 
6 
6 
6 
2 
3 
4 
2 
1 277645798  
2 
2 
6 
3 
2 
5 
5 
1 567806147  
2 
6 
4 
1 1196686796  
4 
5 
6 
3 
2 
4 
6 
6 
3 
5 
6 
1 936700946  
3 
6 
2 
2 
5 
3 
5 
4 
5 
3 
3 
2 
4 
4 
1 1086811466  
5 
4 
1 1941289940  
2 
3 
6 
5 
5 
5 
3 
6 
2 
6 
6 
1 1444595934  
1 376874147  
5 
1 1713757410  
1 2108754257  
3 
2 
2 
2 
4 
3 
3 
1 1457977629  
4 
3 
1 1010201715  
2 
2 
6 
1 342113600  
4 
1 788722063  
5 
3 
4 
5 
5 
2 
5 
4 
1 959106386  
2 
5 
6 
1 1334208903  
6 
6 
3 
3 
1 1999097527  
2 
2 
1 2049747693  
5 
5 
5 
6 
2 
6 
4 
6 
2 
2 
1 562942838  
1 64564618  
5 
2 
4 
2 
2 
6 
2 
4 
5 
3 
6 
3 
1 1233100069  
6 
2 
1 754551296  
6 
5 
1 2029246056  
5 
3 
5 
4 
6 
3 
4 
1 1577704792  
1 1733623384  
5 
4 
1 2042469475  
2 
2 
5 
4 
5 
5 
3 
3 
3 
6 
6 
4 
1 303310247  
5 
6 
2 
6 
3 
5 
2 
3 
6 
4 
1 313480865  
2 
1 1048326109  
5 
3 
1 1543213013  
3 
1 622861027  
3 
2 
4 
1 1325971907  
4 
6 
1 2111019160  
5 
5 
6 
2 
5 
2 
5 
6 
2 
1 1819547823  
1 115189205  
2 
1 1050346978  
2 
3 
2 
2 
1 1613354115  
3 
3 
3 
6 
2 
4 
6 
6 
5 
5 
4 
6 
6 
5 
4 
6 
3 
2 
1 1559785139  
4 
5 
4 
4 
6 
2 
6 
2 
3 
1 1427221126  
5 
2 
1 1179627878  
6 
1 1521055748  
1 737715107  
2 
2 
3 
5 
6 
5 
6 
5 
3 
1 42345945  
3 
1 1863169349  
5 
5 
3 
1 1526437170  
6 
3 
3 
4 
4 
5 
4 
3 
5 
5 
4 
2 
4 
6 
1 1001452331  
5 
3 
4 
3 
6 
2 
5 
3 
2 
3 
3 
2 
1 1049894604  
2 
1 1378051049  
2 
1 903716376  
5 
4 
1 1612837442  
2 
3 
4 
3 
5 
3 
1 1442615668  
3 
6 
1 2136816445  
3 
3 
2 
1 219905090  
3 
5 
5 
5 
4 
4 
2 
5 
3 
5 
6 
6 
3 
1 1324378076  
4 
2 
4 
4 
5 
4 
6 
2 
1 1567037589  
3 
3 
6 
5 
4 
2 
5 
3 
4 
6 
5 
6 
4 
2 
3 
5 
5 
3 
4 
1 1953528475  
3 
2 
1 1219363903  
2 
6 
1 1870347836  
1 119525692  
3 
6 
6 
5 
4 
6 
2 
5 
1 120206365  
6 
6 
1 1266077201  
1 742386720  
5 
1 1446178272  
1 1229612714  
6 
3 
3 
5 
3 
3 
1 414450895  
3 
3 
6 
3 
6 
2 
4 
3 
3 
6 
3 
5 
2 
5 
5 
6 
3 
1 1561367478  
4 
5 
6 
6 
3 
2 
3 
5 
4 
6 
2 
4 
5 
1 132476044  
4 
5 
6 
3 
5 
3 
5 
5 
5 
1 2027805011  
4 
4 
4 
3 
4 
6 
5 
3 
1 973668969  
3 
3 
4 
4 
4 
6 
3 
5 
4 
2 
1 1559697170  
6 
2 
2 
1 1059949241  
6 
1 347241070  
4 
2 
5 
2 
4 
3 
5 
1 149928630  
4 
1 1102295186  
2 
4 
1 62926771  
4 
2 
6 
2 
1 1676365800  
5 
4 
4 
2 
3 
2 
2 
4 
5 
4 
3 
1 2103747517  
5 
6 
6 
3 
2 
3 
4 
6 
2 
3 
6 
1 1112821375  
5 
1 906933202  
2 
4 
2 
5 
6 
2 
3 
3 
1 859980245  
5 
2 
2 
4 
1 578175169  
6 
1 202065222  
2 
2 
3 
1 849313042  
6 
5 
6 
3 
2 
5 
1 798080260  
4 
3 
3 
5 
1 1526443298  
3 
2 
3 
3 
1 268866983  
4 
4 
5 
1 604125087  
6 
6 
5 
5 
3 
5 
6 
2 
1 598323554  
3 
2 
6 
6 
6 
3 
6 
6 
4 
2 
3 
4 
6 
5 
4 
3 
2 
6 
5 
5 
2 
5 
5 
4 
4 
6 
4 
6 
1 2139214820  
4 
3 
5 
5 
1 723650779  
1 718529919  
3 
2 
3 
1 1257808373  
3 
4 
5 
1 1466037499  
6 
4 
6 
4 
5 
3 
4 
5 
3 
3 
6 
5 
6 
1 17224543  
2 
1 339937439  
5 
1 1880488395  
5 
6 
1 1578592021  
6 
4 
5 
1 472413484  
1 1760809758  
3 
3 
3 
5 
3 
6 
2 
2 
4 
4 
2 
5 
2 
6 
1 404777343  
1 2032110654  
6 
6 
4 
5 
3 
1 673275351  
1 752018413  
3 
5 
3 
4 
5 
6 
4 
5 
2 
5 
1 34555636  
2 
4 
6 
1 1775570537  
3 
1 814945184  
2 
5 
4 
4 
3 
4 
5 
1 1710921437  
2 
2 
3 
5 
6 
1 1731834406  
5 
1 1927766559  
4 
5 
5 
5 
5 
2 
6 
1 470370991  
2 
3 
6 
5 
3 
6 
5 
2 
1 444331003  
1 358458080  
1 672436213  
6 
3 
4 
6 
3 
2 
6 
6 
6 
3 
2 
6 
1 1293644045  
6 
4 
2 
4 
1 1156538340  
5 
2 
3 
5 
1 51395863  
5 
3 
4 
2 
2 
2 
4 
3 
6 
1 1562511028  
2 
4 
1 1760663427  
6 
2 
5 
5 
4 
1 649719417  
2 
5 
6 
2 
6 
2 
6 
6 
1 1554242200  
2 
3 
1 336830559  
3 
6 
2 
5 
2 
4 
3 
5 
3 
3 
1 1368249336  
4 
3 
4 
6 
2 
3 
4 
3 
5 
1 664566926  
1 1802868058  
2 
6 
2 
4 
1 1385473880  
6 
1 1004504365  
2 
1 1535872805  
4 
3 
3 
1 816582253  
1 1476917849  
6 
1 1149198915  
5 
6 
4 
1 1221359596  
5 
1 1361544856  
3 
5 
1 1822474266  
6 
5 
5 
2 
4 
1 1973378009  
2 
5 
6 
2 
4 
4 
1 1396100492  
5 
4 
4 
2 
4 
5 
4 
2 
1 1450561155  
4 
4 
4 
4 
6 
3 
3 
6 
3 
4 
3 
4 
2 
3 
5 
3 
5 
1 640839545  
6 
3 
3 
6 
1 959538281  
3 
5 
3 
3 
6 
5 
6 
3 
1 1034911913  
2 
5 
3 
3 
4 
6 
3 
6 
4 
1 421122456  
2 
4 
3 
1 1429909272  
5 
2 
5 
2 
2 
5 
2 
4 
1 1479242916  
1 779580537  
2 
4 
5 
4 
5 
1 2102345485  
1 625403313  
6 
3 
4 
5 
1 1936118877  
1 6257701  
1 40430694  
6 
3 
4 
2 
1 1549298657  
2 
5 
6 
2 
5 
2 
2 
4 
5 
6 
4 
1 655977118  
3 
3 
3 
1 1594672894  
4 
4 
6 
1 1886129216  
1 2024226455  
3 
5 
6 
6 
1 111756172  
3 
2 
2 
1 1541513626  
1 1262216687  
2 
2 
2 
4 
1 1116260538  
5 
6 
3 
4 
6 
3 
6 
1 929902784  
2 
4 
5 
1 2078798940  
1 445694739  
3 
5 
6 
5 
1 2079101699  
4 
2 
4 
5 
4 
1 1152674889  
1 1807239595  
2 
6 
4 
3 
5 
4 
2 
5 
6 
2 
2 
6 
5 
2 
5 
6 
2 
4 
6 
4 
3 
2 
5 
3 
6 
4 
2 
2 
2 
3 
1 1754092318  
4 
6 
1 978569250  
1 1055856440  
3 
6 
6 
6 
5 
3 
4 
6 
1 1057169825  
5 
3 
1 1619408796  
5 
4 
1 2015394721  
3 
6 
4 
1 2092081739  
3 
2 
5 
5 
3 
5 
4 
4 
6 
1 2040531252  
4 
1 1297820346  
4 
3 
5 
2 
3 
1 1423841007  
3 
2 
4 
2 
3 
5 
6 
2 
6 
1 672628141  
3 
6 
6 
3 
5 
1 1252682183  
5 
6 
3 
6 
5 
2 
2 
1 2049244321  
2 
1 461263371  
2 
2 
3 
6 
5 
3 
4 
4 
1 1258939884  
1 2089675015  
6 
2 
1 2010562028  
5 
4 
4 
4 
5 
5 
6 
1 1914917003  
6 
6 
4 
4 
2 
2 
2 
5 
3 
1 1536864261  
2 
1 1749207596  
3 
4 
5 
1 1791659810  
1 1648620434  
5 
3 
3 
4 
5 
5 
5 
3 
2 
1 1143237574  
4 
5 
6 
4 
3 
5 
6 
5 
5 
4 
2 
2 
2 
1 906392849  
6 
2 
5 
6 
4 
5 
2 
4 
5 
6 
3 
2 
2 
3 
1 617397324  
1 2073140358  
5 
5 
4 
3 
4 
4 
2 
1 837708141  
5 
3 
2 
2 
2 
1 1063092063  
2 
2 
1 2004758410  
6 
6 
3 
1 1990383030  
4 
2 
4 
4 
6 
2 
1 722848011  
6 
4 
2 
3 
6 
3 
6 
3 
6 
1 1611367080  
1 821468633  
6 
5 
3 
1 1778704451  
5 
6 
5 
1 521053257  
2 
3 
3 
5 
5 
2 
6 
6 
5 
6 
6 
6 
1 293393781  
6 
4 
5 
4 
3 
6 
1 1646615524  
1 465651348  
4 
4 
6 
5 
1 186441385  
3 
3 
3 
6 
6 
5 
3 
1 796952222  
1 1889492356  
6 
6 
5 
2 
3 
3 
4 
1 859069527  
1 2049634406  
4 
1 1791253029  
5 
4 
2 
6 
2 
4 
4 
5 
2 
1 1320332898  
5 
5 
2 
1 1161090642  
4 
3 
6 
4 
1 1733444396  
4 
1 1183411278  
3 
4 
6 
4 
4 
5 
2 
6 
5 
5 
2 
3 
3 
6 
3 
1 928523997  
6 
5 
2 
1 1122825009  
1 785135226  
5 
1 572700159  
4 
5 
1 623961795  
5 
1 1928372800  
6 
4 
4 
2 
6 
5 
3 
1 1479093008  
5 
2 
4 
3 
3 
4 
3 
5 
6 
3 
2 
4 
4 
1 1241359119  
1 1854029511  
5 
4 
5 
1 169317502  
4 
5 
6 
4 
3 
3 
3 
4 
3 
3 
1 156967535  
5 
5 
2 
4 
6 
6 
4 
6 
5 
5 
2 
4 
5 
3 
6 
6 
2 
5 
4 
5 
1 1711304273  
1 12216884  
2 
1 879815546  
1 1175187705  
1 833685517  
5 
3 
4 
6 
2 
3 
5 
5 
3 
6 
4 
1 511036349  
6 
1 1696240962  
4 
6 
3 
1 1127079298  
2 
6 
1 10168225  
4 
6 
5 
2 
1 14408663  
5 
3 
6 
5 
3 
4 
6 
5 
6 
2 
4 
1 1313520684  
4 
6 
1 807120448  
1 1903901019  
3 
2 
5 
6 
5 
2 
1 25106563  
5 
4 
2 
3 
6 
4 
3 
6 
3 
4 
5 
3 
3 
3 
5 
3 
6 
1 709271206  
5 
4 
1 1547670400  
3 
4 
2 
2 
5 
2 
5 
5 
2 
2 
2 
4 
5 
3 
1 1345439461  
1 1870361848  
3 
3 
6 
2 
6 
4 
4 
4 
6 
3 
1 1133631148  
3 
5 
1 381367091  
4 
6 
3 
2 
6 
4 
3 
2 
3 
1 651402198  
1 108972509  
5 
2 
4 
2 
1 1166502317  
4 
1 1224102357  
6 
4 
1 732934305  
6 
1 947391469  
3 
5 
2 
1 555711718  
3 
2 
4 
4 
2 
2 
1 1974293424  
4 
2 
4 
4 
6 
2 
4 
3 
4 
1 653937332  
2 
5 
4 
2 
1 725029220  
2 
5 
2 
3 
4 
5 
6 
5 
5 
3 
1 2131260959  
4 
2 
2 
3 
4 
5 
1 217757957  
2 
4 
6 
3 
3 
2 
1 737246104  
4 
1 863592857  
5 
3 
2 
3 
3 
5 
4 
6 
2 
3 
2 
6 
6 
6 
3 
5 
2 
3 
2 
2 
4 
1 1392945662  
5 
4 
4 
4 
6 
1 1570931622  
5 
5 
2 
5 
2 
4 
2 
4 
6 
4 
3 
5 
6 
2 
2 
6 
5 
3 
1 1374629206  
1 941702977  
3 
6 
4 
5 
5 
6 
1 550527272  
6 
3 
1 1384797432  
2 
5 
4 
1 956111640  
1 1864047956  
5 
5 
6 
1 44434232  
3 
1 712529011  
3 
2 
4 
2 
1 1889154519  
4 
1 753705438  
4 
4 
1 112715763  
1 1087110332  
2 
5 
2 
6 
4 
6 
3 
4 
6 
2 
1 476583638  
2 
3 
3 
2 
6 
6 
5 
5 
6 
5 
2 
6 
1 1246346911  
5 
6 
5 
5 
5 
4 
1 1468477423  
4 
1 1127985836  
6 
4 
5 
2 
1 1355319420  
1 487496092  
6 
1 204604546  
1 2088253725  
2 
2 
4 
6 
2 
1 1434887562  
3 
2 
3 
4 
5 
4 
3 
5 
6 
2 
1 760316264  
4 
5 
1 1915063502  
3 
4 
3 
2 
5 
3 
2 
1 2088824894  
6 
4 
5 
6 
2 
5 
1 1485345484  
5 
4 
2 
3 
1 1898840813  
2 
1 159099204  
6 
5 
5 
1 75107940  
5 
1 614950023  
4 
2 
4 
2 
1 1552044866  
4 
4 
5 
2 
6 
3 
3 
5 
5 
6 
1 1646039562  
6 
1 1989579229  
3 
1 346264195  
4 
2 
1 49083187  
1 1226893013  
1 1302375835  
5 
3 
2 
3 
1 1913131143  
6 
6 
3 
1 1271327245  
3 
4 
6 
5 
5 
6 
6 
3 
4 
6 
1 2014904846  
4 
5 
3 
1 1654802015  
5 
5 
6 
5 
6 
5 
2 
1 2025032683  
3 
6 
1 2127620609  
1 594428699  
2 
4 
3 
5 
3 
3 
6 
1 354132674  
5 
6 
4 
6 
1 1226483872  
6 
4 
1 2062906123  
2 
2 
1 1482118510  
6 
3 
4 
2 
3 
4 
4 
4 
1 434319645  
2 
1 402918567  
4 
5 
5 
5 
5 
1 1686723056  
3 
3 
5 
3 
2 
3 
2 
2 
4 
2 
4 
1 375089722  
6 
1 1837806129  
5 
6 
4 
3 
2 
3 
2 
1 299555672  
3 
6 
4 
2 
6 
4 
6 
2 
3 
1 142669576  
5 
3 
3 
6 
3 
5 
1 1779147376  
6 
3 
5 
3 
2 
5 
3 
2 
2 
3 
2 
6 
1 1784901156  
5 
6 
4 
3 
5 
6 
3 
3 
6 
3 
6 
1 2041510390  
4 
3 
1 1938246580  
6 
6 
2 
6 
4 
5 
1 1860009097  
2 
4 
2 
6 
4 
4 
3 
4 
3 
4 
2 
5 
3 
5 
1 508976765  
2 
5 
1 1342807798  
4 
1 1358565011  
4 
4 
3 
2 
2 
4 
6 
4 
3 
1 351072346  
5 
5 
5 
3 
5 
3 
3 
1 1689071994  
6 
2 
1 1407648198  
2 
6 
5 
5 
2 
1 1577965360  
6 
5 
5 
6 
6 
1 843964181  
6 
5 
6 
6 
2 
5 
6 
6 
1 1173295694  
4 
3 
2 
5 
4 
6 
4 
6 
5 
5 
5 
1 701808957  
3 
2 
1 711385380  
6 
4 
2 
1 680614061  
4 
5 
1 579357993  
6 
2 
1 691522341  
1 1275042760  
6 
5 
6 
1 933490667  
2 
5 
3 
3 
5 
5 
4 
5 
5 
5 
6 
2 
1 1918006214  
2 
5 
3 
1 1190465235  
3 
2 
4 
6 
6 
6 
5 
4 
5 
6 
4 
2 
1 268125529  
2 
1 204842211  
5 
5 
4 
6 
5 
3 
4 
5 
6 
5 
4 
2 
3 
3 
6 
3 
3 
2 
1 1593383803  
1 1954848586  
6 
1 579931933  
2 
6 
5 
3 
2 
3 
5 
3 
1 1283706284  
4 
4 
1 106920610  
1 722601510  
6 
1 915370012  
1 1891821767  
2 
4 
1 616628252  
5 
1 706132944  
4 
5 
3 
3 
2 
5 
3 
3 
3 
2 
1 1604347216  
3 
3 
2 
4 
2 
5 
5 
4 
1 1125605017  
2 
1 2048940743  
3 
1 815428579  
4 
2 
6 
2 
5 
4 
2 
6 
6 
1 1476677363  
1 1590529089  
4 
2 
3 
5 
2 
4 
2 
6 
1 75593130  
1 907159075  
2 
6 
1 287009622  
3 
1 1248888824  
4 
1 1608968033  
4 
5 
1 998395002  
1 1929502885  
4 
3 
1 40842378  
3 
3 
6 
6 
1 1689917344  
6 
1 1057061997  
1 974333045  
4 
3 
6 
5 
4 
6 
1 1460439910  
2 
3 
5 
1 100043585  
3 
2 
3 
2 
2 
3 
2 
3 
2 
5 
5 
3 
2 
2 
2 
5 
5 
5 
4 
3 
5 
1 1242458574  
6 
3 
5 
2 
6 
3 
5 
1 1665282121  
5 
3 
1 1693427388  
2 
5 
4 
2 
6 
4 
1 1049823512  
1 97730406  
2 
2 
4 
4 
3 
4 
4 
3 
2 
5 
1 829650024  
5 
3 
3 
5 
2 
5 
4 
3 
6 
5 
1 1156744123  
1 820331916  
5 
6 
1 1745020037  
5 
1 901082242  
5 
4 
6 
4 
6 
2 
2 
4 
4 
2 
3 
2 
3 
6 
6 
4 
2 
3 
4 
5 
4 
5 
4 
2 
3 
6 
3 
3 
1 1436960168  
4 
6 
3 
1 303669333  
3 
4 
2 
5 
4 
2 
3 
4 
5 
3 
4 
5 
1 357945810  
5 
6 
1 415081537  
5 
1 205126428  
3 
4 
4 
2 
6 
6 
5 
2 
4 
1 1173374389  
4 
4 
2 
3 
1 1891758901  
5 
4 
2 
1 1795655517  
1 1248967519  
4 
3 
4 
1 651434328  
2 
4 
6 
4 
1 2082665140  
2 
1 350372695  
3 
6 
3 
3 
5 
3 
4 
6 
6 
3 
6 
3 
2 
4 
3 
1 112918713  
4 
1 933576494  
4 
3 
3 
3 
4 
6 
4 
5 
1 132391932  
5 
5 
3 
6 
2 
1 153761091  
6 
2 
4 
1 476010190  
3 
3 
6 
2 
6 
4 
5 
4 
1 1189453930  
2 
3 
5 
1 1128094136  
2 
4 
6 
5 
6 
5 
2 
5 
6 
4 
6 
3 
2 
2 
6 
2 
3 
1 1936450100  
6 
2 
2 
3 
1 1289497515  
4 
5 
5 
4 
4 
4 
4 
2 
4 
6 
6 
5 
6 
6 
6 
2 
2 
5 
6 
4 
5 
3 
6 
1 223069063  
4 
4 
5 
3 
4 
1 1454248573  
2 
6 
2 
6 
5 
5 
6 
3 
5 
3 
2 
5 
4 
3 
6 
2 
4 
2 
4 
6 
5 
3 
5 
5 
6 
2 
5 
6 
4 
3 
4 
6 
3 
3 
4 
5 
2 
5 
5 
6 
5 
3 
3 
1 835441255  
6 
6 
6 
3 
1 1272892575  
5 
1 1551978980  
3 
6 
1 1665091279  
4 
6 
3 
2 
1 282153050  
6 
1 224827248  
4 
3 
4 
2 
6 
3 
3 
6 
6 
1 1262627668  
4 
2 
2 
4 
1 1183235292  
5 
4 
3 
6 
3 
1 1661787417  
5 
3 
1 1566297002  
2 
1 1541181102  
4 
3 
6 
5 
3 
4 
6 
3 
2 
1 2076868954  
4 
1 1771423430  
1 567071844  
5 
6 
2 
4 
2 
3 
2 
1 1821144207  
1 1419595300  
4 
1 1816039363  
4 
2 
1 325094888  
1 1354776792  
5 
2 
1 18928411  
1 438013601  
2 
2 
1 140869638  
4 
1 151320343  
6 
1 591774693  
3 
3 
1 616879829  
6 
2 
2 
4 
1 1340774273  
3 
4 
1 1719868829  
2 
4 
3 
4 
1 405846281  
1 482788140  
2 
5 
4 
2 
5 
5 
1 1942937892  
4 
1 1860094855  
3 
5 
3 
5 
1 1318229395  
4 
1 1068346820  
5 
6 
6 
4 
3 
5 
5 
4 
4 
3 
3 
1 1264590187  
2 
1 835837027  
4 
2 
2 
6 
2 
1 1350499870  
6 
3 
5 
3 
5 
6 
2 
2 
4 
2 
6 
6 
2 
5 
5 
5 
2 
2 
3 
2 
2 
6 
2 
3 
6 
3 
1 1489417435  
4 
4 
5 
4 
4 
4 
3 
6 
6 
5 
3 
5 
1 2098464695  
1 386251515  
6 
1 1003721204  
2 
5 
6 
6 
5 
1 1517278049  
6 
3 
5 
1 1927432617  
4 
2 
3 
6 
4 
5 
6 
5 
5 
3 
6 
3 
3 
4 
4 
4 
3 
2 
2 
6 
4 
5 
5 
6 
6 
4 
5 
1 933106511  
3 
5 
5 
2 
2 
3 
5 
2 
3 
2 
1 1141217832  
6 
2 
4 
5 
2 
4 
6 
1 347020813  
5 
2 
4 
5 
3 
2 
1 606767070  
3 
2 
1 413329484  
5 
1 15576529  
2 
2 
2 
5 
5 
1 931861958  
3 
6 
3 
5 
3 
6 
2 
1 1768106276  
5 
4 
5 
1 34504940  
6 
6 
4 
2 
3 
4 
2 
1 1369875560  
6 
5 
4 
6 
4 
3 
4 
3 
6 
6 
4 
3 
3 
1 1908975914  
6 
6 
6 
3 
4 
5 
5 
6 
3 
1 185825283  
6 
3 
2 
3 
6 
1 1961650253  
3 
5 
6 
2 
2 
6 
6 
2 
6 
6 
2 
3 
3 
1 378372095  
2 
5 
6 
4 
4 
2 
4 
4 
4 
4 
3 
2 
5 
1 1526599557  
3 
3 
4 
4 
3 
2 
2 
6 
6 
4 
1 1534035434  
2 
5 
5 
3 
5 
1 784218377  
3 
5 
1 2009387697  
3 
5 
2 
1 1329489679  
6 
6 
1 496829584  
6 
5 
1 1180133445  
2 
4 
5 
1 250352851  
2 
5 
1 1761419771  
5 
5 
6 
1 2015970472  
6 
5 
2 
5 
4 
4 
3 
1 1600852721  
3 
5 
1 1103353558  
1 1966951519  
2 
2 
1 1987104236  
2 
6 
1 2107074763  
4 
3 
5 
6 
3 
5 
5 
2 
2 
6 
6 
5 
2 
3 
1 1336745921  
1 1767053206  
6 
6 
6 
2 
1 892697626  
2 
5 
5 
3 
5 
5 
3 
4 
1 330480105  
3 
5 
4 
5 
5 
4 
2 
3 
5 
2 
1 2114074019  
4 
4 
4 
3 
6 
6 
6 
5 
4 
3 
3 
3 
1 1499464696  
4 
6 
6 
3 
5 
5 
1 743809589  
4 
6 
6 
3 
1 2129650548  
3 
1 283843007  
2 
4 
6 
3 
3 
6 
1 364432217  
4 
3 
5 
4 
1 16671840  
6 
5 
4 
6 
4 
1 1653718567  
5 
5 
4 
2 
6 
6 
4 
1 125924483  
2 
3 
1 202497124  
4 
4 
1 1467885172  
4 
6 
4 
3 
1 504296579  
1 1729096681  
1 854436958  
3 
5 
1 1288514956  
5 
3 
1 1591000730  
6 
4 
1 36442989  
4 
3 
6 
6 
1 1785344540  
4 
5 
2 
4 
1 623650527  
2 
6 
5 
6 
3 
6 
3 
3 
1 286795840  
4 
6 
4 
2 
3 
2 
5 
4 
4 
4 
1 1399280663  
5 
3 
2 
3 
6 
2 
4 
2 
5 
4 
5 
1 492137351  
1 1887648562  
1 355150573  
4 
6 
3 
3 
6 
2 
1 311605223  
1 1727269150  
1 314741688  
3 
3 
3 
3 
1 1648351144  
1 1346838708  
3 
4 
6 
6 
5 
5 
6 
1 1207439314  
6 
3 
5 
5 
3 
4 
2 
5 
5 
3 
6 
2 
2 
6 
1 1978831249  
2 
3 
1 1313429080  
1 559420363  
1 575157190  
3 
6 
2 
4 
2 
3 
3 
3 
6 
6 
6 
1 1295595980  
5 
6 
4 
6 
2 
1 843263370  
4 
5 
3 
4 
2 
5 
2 
1 939589407  
3 
3 
4 
4 
4 
4 
5 
6 
6 
3 
5 
3 
6 
6 
5 
5 
3 
3 
6 
6 
6 
2 
5 
3 
6 
4 
6 
5 
1 1312267821  
5 
4 
6 
1 349498289  
1 1065513890  
3 
1 1514764945  
3 
4 
1 1817383461  
2 
4 
5 
2 
4 
3 
1 1569810469  
3 
3 
5 
2 
5 
6 
2 
2 
2 
5 
2 
5 
1 1096377978  
6 
5 
3 
1 524336771  
3 
1 710841777  
6 
1 539895060  
6 
1 560779761  
4 
1 348702669  
1 1163545588  
5 
1 847575601  
5 
1 1747983332  
4 
2 
3 
5 
3 
2 
6 
1 1655682939  
2 
5 
1 587740515  
6 
2 
5 
2 
1 2103133906  
5 
5 
6 
2 
5 
5 
6 
1 1967288162  
2 
4 
1 167526018  
3 
5 
4 
2 
1 270391946  
6 
6 
3 
1 1468155658  
5 
1 1514364726  
2 
5 
6 
5 
3 
1 1477831261  
5 
4 
4 
6 
5 
6 
3 
3 
6 
2 
3 
1 1299503259  
4 
1 680310158  
1 2037251624  
1 1874660449  
6 
5 
6 
6 
3 
2 
1 1975906139  
2 
4 
5 
1 733031346  
2 
2 
1 666766208  
3 
5 
3 
6 
4 
6 
4 
1 1140690312  
6 
1 1082529635  
1 1732280099  
4 
5 
2 
1 507971609  
5 
4 
6 
6 
2 
1 752429448  
5 
3 
6 
6 
3 
3 
3 
2 
2 
3 
4 
3 
2 
4 
4 
4 
4 
1 1154606920  
6 
5 
1 1604349587  
1 1276766219  
2 
3 
2 
4 
4 
4 
5 
2 
5 
6 
1 1865448698  
1 2144244647  
5 
5 
2 
5 
3 
2 
6 
3 
2 
4 
3 
5 
3 
1 1837545980  
2 
4 
3 
4 
5 
1 66667719  
4 
1 1160306587  
5 
1 537637934  
3 
2 
3 
2 
3 
5 
2 
4 
4 
6 
4 
5 
1 1814651052  
6 
6 
4 
1 668505879  
1 1125378449  
2 
6 
6 
4 
5 
1 1770301310  
3 
3 
4 
3 
5 
1 488310393  
4 
4 
5 
3 
5 
6 
2 
3 
4 
1 1292904467  
6 
3 
2 
5 
3 
1 2040693256  
5 
3 
2 
2 
2 
2 
6 
3 
1 1956466052  
3 
3 
6 
4 
5 
4 
5 
1 659785546  
3 
2 
1 1371040869  
2 
3 
1 1108485663  
5 
2 
1 1340095704  
2 
4 
6 
6 
3 
4 
2 
1 1260808845  
2 
6 
1 835662465  
6 
1 1168518195  
5 
1 1993840191  
1 1502428673  
1 161724859  
1 928886178  
2 
1 1087225124  
6 
2 
2 
1 669696468  
3 
2 
5 
2 
5 
2 
5 
1 1681315626  
4 
6 
1 94348397  
1 126562407  
6 
4 
1 810598198  
2 
5 
1 1959797095  
4 
5 
3 
6 
3 
3 
1 123323407  
4 
1 500660530  
5 
3 
6 
1 2026464814  
6 
5 
5 
3 
3 
4 
2 
3 
3 
4 
4 
5 
3 
6 
5 
4 
2 
5 
1 1283629994  
6 
6 
4 
2 
1 1038298464  
5 
3 
4 
3 
3 
4 
6 
6 
5 
4 
4 
6 
2 
1 1693632218  
1 1952135873  
4 
3 
1 16193266  
1 1316449880  
5 
2 
5 
3 
2 
5 
1 292962619  
2 
5 
6 
4 
3 
6 
3 
1 1309097733  
2 
6 
3 
6 
2 
5 
3 
2 
1 1209659489  
5 
6 
2 
5 
4 
3 
2 
3 
4 
5 
2 
6 
6 
4 
6 
4 
6 
1 101945023  
6 
2 
4 
5 
4 
5 
1 1968883279  
2 
3 
5 
3 
1 433216710  
3 
5 
5 
5 
4 
6 
5 
2 
3 
2 
3 
5 
5 
4 
4 
5 
5 
1 1210430686  
4 
3 
3 
5 
4 
1 1161495336  
3 
5 
1 1694025556  
3 
5 
3 
1 2046093151  
5 
2 
1 182529883  
1 1540382099  
3 
6 
3 
3 
5 
6 
4 
2 
2 
1 1401038177  
4 
1 344254743  
3 
2 
3 
5 
3 
1 321784630  
6 
6 
3 
4 
1 340779653  
2 
3 
4 
4 
6 
2 
4 
3 
4 
4 
6 
2 
6 
1 1013951211  
2 
4 
2 
5 
2 
6 
6 
4 
2 
6 
4 
2 
1 2003100256  
3 
1 435128050  
3 
1 1140513619  
5 
1 666214806  
3 
2 
2 
2 
3 
6 
3 
4 
6 
5 
6 
3 
5 
4 
2 
2 
5 
4 
4 
2 
1 247441497  
1 1263837026  
5 
5 
3 
1 1166875337  
6 
6 
6 
3 
3 
5 
2 
3 
6 
5 
5 
5 
1 126422664  
2 
5 
4 
5 
1 399983372  
1 57690153  
3 
2 
1 1820054882  
4 
4 
4 
6 
1 204635598  
6 
5 
2 
3 
5 
3 
1 73883419  
6 
2 
5 
6 
6 
3 
2 
2 
2 
4 
3 
2 
5 
2 
4 
1 989021115  
6 
4 
5 
6 
4 
4 
3 
2 
5 
4 
2 
1 497598217  
1 1382981153  
3 
2 
6 
6 
6 
5 
4 
1 51196956  
2 
1 599543240  
1 1204380784  
2 
6 
5 
1 484413666  
6 
4 
1 1809973926  
4 
4 
1 218392472  
2 
3 
3 
6 
4 
5 
3 
6 
1 30955574  
4 
3 
3 
3 
1 1708583430  
4 
3 
2 
5 
1 400922356  
3 
1 1571337674  
3 
3 
2 
4 
4 
4 
1 962137959  
4 
6 
3 
2 
3 
6 
1 745177099  
1 1893122304  
3 
2 
3 
6 
4 
3 
6 
3 
1 1302917612  
2 
1 1759128310  
3 
5 
6 
5 
2 
4 
2 
3 
2 
6 
6 
4 
3 
4 
1 1748738912  
4 
1 1738045663  
2 
6 
5 
4 
1 752158281  
2 
3 
6 
1 267470071  
3 
3 
3 
2 
6 
5 
3 
3 
6 
1 1985487160  
6 
5 
4 
2 
6 
3 
1 2015995307  
6 
6 
6 
3 
5 
4 
3 
4 
4 
1 1434345408  
4 
1 2111909824  
6 
2 
6 
2 
6 
6 
5 
1 268495032  
1 1492035561  
3 
3 
5 
6 
5 
3 
5 
3 
4 
5 
2 
3 
4 
4 
2 
1 1784481059  
2 
6 
1 473130630  
1 1565918981  
1 626018526  
2 
6 
2 
1 970728847  
6 
2 
4 
2 
3 
1 801416486  
2 
6 
1 677215482  
3 
4 
6 
5 
1 1570272087  
1 2005797270  
4 
6 
6 
4 
1 1161629148  
4 
3 
1 1232762365  
5 
3 
6 
6 
5 
1 76706095  
6 
1 1192584723  
6 
4 
5 
6 
2 
6 
5 
3 
6 
2 
4 
6 
2 
5 
3 
5 
4 
5 
1 793862147  
1 477628451  
1 616438749  
1 1756000106  
6 
5 
6 
2 
5 
4 
1 1222805550  
5 
6 
1 362077405  
5 
5 
6 
4 
4 
4 
3 
5 
3 
6 
4 
5 
5 
1 911434071  
1 834450212  
3 
2 
4 
3 
6 
3 
5 
6 
4 
2 
3 
3 
4 
5 
3 
2 
2 
5 
1 2110816317  
1 501996086  
2 
2 
1 1586608494  
3 
1 230802740  
5 
3 
3 
3 
4 
2 
2 
6 
2 
1 339999598  
6 
2 
3 
2 
6 
1 1455120153  
3 
5 
4 
5 
6 
5 
4 
4 
4 
6 
1 1665148148  
5 
6 
3 
1 304425775  
2 
2 
3 
6 
1 1723615185  
4 
4 
1 1009700062  
2 
3 
1 2088906834  
4 
5 
2 
1 49262167  
6 
1 428135395  
4 
2 
1 567441712  
2 
5 
6 
6 
3 
4 
1 1019991014  
2 
6 
5 
4 
4 
6 
5 
1 1229551881  
2 
3 
6 
5 
3 
1 1244657194  
3 
1 442779453  
2 
4 
5 
3 
3 
5 
3 
4 
2 
4 
2 
2 
3 
4 
1 1087865503  
2 
6 
6 
3 
1 258802694  
2 
5 
3 
4 
4 
5 
1 1675541819  
6 
3 
3 
1 1164571598  
6 
5 
2 
4 
6 
1 1451387417  
3 
4 
5 
2 
4 
6 
5 
3 
4 
3 
3 
1 321920318  
5 
5 
4 
6 
3 
2 
6 
4 
6 
2 
1 1642200049  
6 
1 2067826166  
6 
2 
3 
5 
3 
6 
2 
1 2077920425  
2 
2 
1 717521951  
2 
1 282419923  
1 841870848  
6 
2 
4 
2 
3 
2 
5 
3 
4 
1 1551972164  
1 245752593  
4 
2 
1 1343866934  
3 
2 
1 991097010  
4 
6 
1 476555333  
6 
4 
1 1683866532  
3 
3 
2 
4 
1 298733515  
2 
1 2141703482  
4 
6 
2 
6 
2 
2 
6 
5 
3 
1 1988292307  
2 
5 
3 
5 
4 
3 
4 
1 2022348701  
5 
3 
1 1003919896  
3 
6 
1 1929715493  
6 
2 
2 
3 
2 
6 
4 
3 
6 
1 2071610868  
2 
4 
1 1432055291  
5 
5 
5 
5 
4 
1 349673557  
2 
3 
2 
6 
5 
3 
4 
6 
6 
4 
3 
1 944118235  
5 
3 
4 
2 
2 
6 
3 
4 
2 
6 
4 
6 
5 
1 514123524  
3 
4 
6 
1 1594330751  
5 
2 
5 
6 
4 
5 
4 
1 1386897688  
6 
5 
6 
4 
5 
4 
4 
5 
4 
2 
3 
3 
3 
3 
6 
4 
2 
1 1601989027  
3 
6 
4 
1 1853133446  
1 914955859  
5 
3 
3 
1 619076978  
2 
6 
1 1157037215  
6 
1 1236876178  
5 
5 
3 
1 113793379  
6 
5 
6 
2 
4 
2 
4 
4 
4 
2 
3 
3 
2 
1 1077379734  
2 
5 
6 
2 
6 
5 
4 
5 
6 
2 
3 
1 1167312955  
3 
4 
3 
4 
4 
2 
6 
4 
2 
2 
1 831315331  
1 1359799657  
1 2009183803  
4 
1 235803847  
2 
5 
6 
3 
1 1605552250  
4 
6 
1 1205567089  
2 
5 
1 1226900857  
5 
6 
5 
6 
3 
5 
2 
4 
6 
4 
4 
1 2082107584  
1 741949973  
3 
5 
1 1525634372  
5 
4 
5 
1 2076327418  
5 
5 
5 
4 
4 
2 
2 
3 
5 
5 
6 
6 
5 
4 
5 
5 
5 
5 
6 
5 
2 
1 582758633  
3 
2 
6 
6 
1 1400499425  
6 
3 
2 
5 
6 
2 
6 
2 
6 
2 
6 
2 
6 
3 
5 
5 
4 
3 
3 
3 
1 932763666  
1 364990478  
3 
5 
4 
5 
6 
1 1324626646  
1 217335309  
2 
2 
5 
2 
4 
4 
5 
1 714664036  
6 
1 121261233  
1 731458833  
2 
2 
6 
6 
4 
4 
3 
6 
3 
4 
6 
3 
5 
2 
5 
3 
5 
5 
3 
4 
1 161511139  
6 
2 
2 
3 
4 
1 1508158921  
4 
5 
1 185964212  
1 2014644585  
1 275631133  
2 
6 
5 
2 
3 
3 
3 
6 
4 
1 805041190  
1 1024198153  
4 
6 
6 
4 
5 
2 
4 
5 
3 
2 
4 
1 1512507311  
2 
6 
5 
3 
2 
1 918834570  
6 
5 
2 
5 
1 2101577887  
5 
3 
3 
5 
1 532336618  
5 
5 
1 1750149901  
4 
1 1313893896  
3 
1 394036773  
4 
1 1985953748  
6 
4 
6 
1 771962499  
3 
1 1599603862  
2 
5 
6 
6 
2 
2 
6 
6 
1 1065370957  
5 
6 
5 
1 706586435  
6 
1 194070187  
3 
3 
1 443521681  
1 635430205  
1 776828820  
4 
1 1844021107  
3 
5 
5 
2 
4 
1 1568193871  
5 
5 
3 
6 
2 
4 
2 
2 
4 
3 
1 1141819299  
1 1021164105  
3 
2 
2 
3 
4 
5 
5 
2 
3 
5 
5 
5 
4 
2 
3 
6 
5 
2 
2 
3 
3 
3 
5 
4 
2 
6 
6 
3 
4 
4 
2 
5 
6 
6 
4 
6 
3 
3 
2 
3 
3 
5 
3 
1 1785529180  
1 1856483335  
6 
6 
3 
5 
3 
5 
1 1142425338  
4 
1 369504365  
1 2017994474  
2 
6 
3 
1 503100611  
1 555468577  
1 1885155412  
3 
6 
6 
3 
2 
6 
2 
1 778731744  
2 
2 
1 1360509768  
3 
6 
6 
3 
2 
4 
1 761869917  
1 143755407  
1 131860690  
2 
6 
4 
5 
3 
4 
3 
2 
6 
4 
1 715964156  
4 
3 
4 
3 
5 
6 
2 
3 
1 676092025  
3 
4 
1 1882010591  
2 
5 
4 
1 2029858052  
6 
3 
6 
1 1070128798  
1 1720480691  
5 
3 
3 
2 
5 
6 
2 
1 654336903  
3 
2 
3 
1 522249012  
6 
1 638368000  
3 
6 
5 
5 
1 1360923338  
4 
4 
4 
4 
5 
3 
1 716319200  
2 
6 
6 
3 
2 
4 
1 1081889681  
3 
6 
6 
3 
4 
2 
5 
1 1996353543  
2 
4 
6 
2 
6 
1 1493148020  
6 
2 
4 
3 
3 
6 
2 
4 
5 
5 
1 778427140  
4 
4 
5 
1 1417063766  
1 487483671  
5 
3 
2 
6 
5 
4 
2 
6 
4 
6 
4 
3 
5 
4 
2 
5 
6 
5 
3 
6 
5 
4 
6 
6 
2 
4 
6 
1 1799591245  
1 1055109298  
4 
5 
1 196483358  
1 794532935  
3 
3 
2 
5 
1 1424613663  
3 
1 66994185  
2 
5 
3 
6 
6 
4 
1 1297633547  
4 
4 
4 
3 
1 1980082241  
5 
6 
5 
3 
2 
3 
2 
2 
6 
4 
6 
6 
2 
2 
6 
4 
1 1952149597  
3 
4 
5 
5 
4 
2 
5 
6 
2 
1 2076365291  
5 
6 
1 1193108361  
2 
5 
1 566535866  
2 
3 
1 72637051  
4 
1 1324969051  
5 
4 
1 1282500022  
1 748729076  
4 
6 
1 1059495994  
4 
3 
6 
3 
4 
6 
3 
5 
4 
2 
5 
6 
6 
3 
3 
5 
2 
4 
5 
4 
2 
3 
1 1164874426  
3 
6 
6 
6 
1 1818857875  
1 632493037  
3 
2 
4 
1 1819211330  
1 193623239  
2 
2 
5 
1 1270861037  
5 
1 1032651020  
3 
4 
3 
4 
2 
4 
2 
3 
2 
6 
6 
3 
3 
5 
6 
2 
6 
2 
3 
1 909942439  
4 
5 
2 
6 
3 
2 
1 205267070  
4 
3 
4 
6 
5 
3 
6 
2 
3 
4 
2 
2 
2 
1 881520916  
3 
3 
2 
6 
2 
6 
4 
4 
5 
5 
4 
3 
1 255606812  
5 
3 
1 983694211  
6 
4 
5 
3 
1 151101034  
5 
2 
1 743090483  
2 
3 
5 
6 
3 
4 
2 
4 
4 
4 
5 
6 
4 
6 
5 
4 
2 
3 
5 
1 635801808  
3 
1 1206210333  
4 
5 
4 
6 
3 
1 939573842  
6 
4 
5 
5 
6 
1 1430334744  
5 
5 
4 
5 
4 
3 
5 
3 
6 
5 
6 
5 
4 
1 483340348  
4 
1 1006568027  
2 
5 
6 
1 580484643  
1 315938941  
6 
6 
6 
4 
4 
5 
4 
3 
5 
6 
3 
6 
2 
3 
4 
3 
3 
1 811233976  
3 
2 
6 
6 
4 
6 
3 
6 
3 
3 
6 
3 
2 
2 
3 
2 
6 
4 
1 509366286  
3 
6 
5 
5 
5 
1 1509047302  
1 1377769842  
6 
3 
6 
3 
4 
2 
3 
2 
4 
5 
4 
2 
1 582003337  
6 
1 686532705  
1 512786216  
1 1330732414  
6 
2 
2 
2 
6 
4 
2 
4 
1 1746028699  
1 1677660642  
1 1002106641  
3 
1 231038088  
6 
5 
3 
1 1349388324  
2 
6 
2 
1 1195729880  
4 
4 
2 
1 1501899125  
5 
2 
4 
5 
4 
4 
3 
5 
1 234555697  
6 
2 
5 
2 
6 
6 
6 
1 2105672320  
4 
6 
4 
6 
6 
5 
3 
2 
3 
4 
1 1707166196  
1 1116076613  
4 
3 
3 
1 213795484  
6 
6 
6 
3 
5 
3 
1 543376759  
4 
4 
6 
3 
4 
2 
3 
4 
2 
3 
1 1267177647  
5 
2 
3 
2 
1 956885967  
6 
3 
5 
5 
6 
3 
4 
2 
3 
5 
3 
6 
3 
2 
3 
2 
4 
6 
1 1179178567  
3 
2 
3 
5 
3 
1 325904332  
6 
6 
4 
5 
3 
4 
1 1896459809  
1 462029663  
4 
1 809244681  
3 
1 755544188  
4 
6 
3 
3 
3 
6 
5 
6 
5 
3 
4 
4 
5 
3 
2 
4 
1 1042514306  
2 
2 
4 
1 1125183622  
6 
6 
2 
3 
3 
6 
4 
1 1566778164  
6 
4 
3 
5 
6 
4 
4 
1 1551880593  
3 
3 
6 
1 486747277  
4 
3 
2 
2 
1 797064358  
2 
4 
6 
1 2133883930  
1 1173279982  
5 
6 
6 
2 
3 
3 
1 1309850574  
4 
4 
2 
3 
1 1317132696  
5 
1 771825034  
6 
3 
3 
4 
1 840027569  
5 
6 
3 
2 
4 
1 171755689  
2 
2 
3 
2 
6 
3 
1 1002863122  
2 
4 
2 
1 41932245  
4 
3 
5 
5 
1 1367485570  
1 357278600  
6 
5 
1 276487942  
2 
6 
3 
6 
1 1325674242  
1 2064444796  
5 
1 1392564555  
4 
6 
5 
5 
6 
3 
5 
5 
5 
1 1539469726  
5 
4 
2 
3 
4 
3 
3 
3 
6 
5 
2 
5 
6 
4 
1 460337907  
6 
5 
5 
5 
1 512258555  
4 
6 
6 
1 348872045  
4 
2 
3 
6 
5 
2 
5 
1 1639516474  
6 
6 
5 
6 
5 
2 
2 
4 
3 
2 
3 
4 
5 
4 
4 
2 
1 838162887  
3 
1 97848207  
2 
5 
2 
4 
3 
3 
3 
5 
1 2101546138  
5 
2 
1 1647407568  
4 
1 853392395  
2 
6 
5 
3 
3 
4 
3 
4 
5 
4 
2 
2 
6 
4 
2 
2 
4 
1 996576796  
2 
4 
5 
3 
4 
1 625107543  
1 272686912  
2 
5 
4 
4 
3 
6 
2 
4 
5 
4 
2 
2 
3 
4 
4 
1 400973741  
5 
4 
6 
3 
4 
6 
3 
1 1111854820  
4 
2 
3 
1 1069751270  
5 
1 387374024  
3 
2 
5 
3 
4 
2 
1 137651154  
4 
5 
5 
6 
1 232118197  
5 
6 
2 
2 
4 
3 
1 1704506720  
2 
6 
1 909476188  
2 
2 
4 
6 
5 
3 
3 
2 
3 
1 1072145766  
5 
1 1876262410  
5 
3 
4 
6 
2 
5 
6 
2 
1 1912339311  
6 
1 1114078011  
2 
2 
5 
1 1096264332  
2 
2 
1 122134263  
3 
3 
6 
6 
3 
4 
6 
5 
1 1390565954  
3 
6 
2 
2 
6 
4 
2 
6 
5 
4 
1 274454926  
6 
5 
3 
2 
4 
3 
5 
6 
4 
3 
4 
2 
1 39095411  
5 
4 
4 
1 635646861  
2 
5 
3 
5 
2 
3 
4 
3 
2 
4 
3 
4 
1 1813924652  
2 
5 
3 
4 
6 
6 
2 
1 499433318  
1 1147905416  
2 
5 
4 
3 
1 15313049  
4 
5 
6 
1 2138949792  
4 
1 1986068304  
5 
5 
4 
2 
3 
1 113161256  
5 
2 
2 
2 
5 
2 
3 
6 
3 
6 
4 
4 
3 
2 
5 
3 
6 
3 
3 
1 2093012282  
1 1485992224  
6 
2 
3 
2 
2 
1 966553652  
1 942105431  
5 
1 2111099767  
4 
6 
4 
2 
2 
5 
1 1239240564  
1 1343079172  
1 1075470939  
1 161508186  
6 
3 
4 
1 1730453196  
4 
5 
1 1213122094  
4 
6 
2 
6 
4 
4 
2 
3 
4 
2 
6 
5 
4 
4 
1 393626383  
6 
2 
6 
6 
1 1287476269  
5 
3 
3 
6 
3 
4 
2 
2 
3 
1 2122598282  
1 1465772149  
1 1016255031  
6 
6 
2 
4 
1 1887453945  
6 
3 
5 
3 
3 
2 
3 
1 432366513  
4 
5 
1 2112519363  
6 
5 
2 
5 
2 
4 
2 
1 2009588208  
1 1822932467  
5 
1 239490641  
1 2048683619  
3 
3 
6 
1 311095680  
1 2053415293  
6 
2 
1 400633289  
1 1459001097  
6 
2 
3 
4 
3 
6 
2 
6 
4 
1 2068728342  
4 
3 
5 
1 392099434  
4 
3 
5 
3 
5 
3 
6 
2 
2 
4 
5 
5 
2 
6 
6 
1 1297585753  
2 
5 
4 
4 
1 34405951  
6 
5 
3 
4 
1 337628068  
4 
5 
3 
2 
1 636094329  
1 1000959603  
1 1279733499  
2 
3 
5 
3 
4 
5 
2 
6 
1 599710449  
4 
2 
5 
2 
3 
3 
6 
3 
6 
5 
4 
1 92716519  
1 475329024  
4 
4 
2 
5 
2 
4 
4 
6 
5 
4 
6 
3 
6 
2 
3 
1 1675181388  
5 
1 254224705  
5 
4 
1 58298572  
5 
4 
4 
2 
3 
4 
4 
5 
4 
4 
5 
1 740819834  
2 
3 
4 
1 647851089  
3 
6 
6 
3 
2 
3 
6 
1 1345774841  
2 
2 
1 715934469  
6 
5 
2 
3 
3 
6 
1 2113623238  
3 
1 214546224  
3 
5 
6 
2 
3 
2 
6 
4 
6 
2 
1 455904766  
3 
5 
6 
5 
6 
4 
1 398506103  
6 
4 
6 
1 179581939  
1 318009327  
2 
4 
1 73954922  
3 
3 
5 
5 
1 419072580  
4 
1 219209298  
2 
3 
2 
6 
3 
4 
4 
5 
6 
1 385050603  
2 
4 
6 
5 
5 
1 325004225  
6 
4 
1 619842588  
6 
2 
5 
1 1844051700  
5 
6 
5 
1 246248920  
1 1011942022  
3 
1 994153805  
6 
1 280654871  
6 
2 
6 
2 
5 
1 1349570090  
1 1630248134  
5 
6 
3 
6 
1 1281614474  
3 
1 481819942  
5 
1 82474935  
5 
5 
2 
5 
2 
1 1374330993  
6 
3 
3 
5 
4 
5 
5 
1 957148966  
1 1757656324  
2 
3 
1 1628555698  
3 
6 
4 
1 1015447538  
3 
4 
5 
2 
1 350992510  
6 
2 
2 
6 
3 
1 128923139  
5 
3 
5 
2 
4 
2 
1 213738732  
3 
3 
3 
3 
5 
3 
2 
1 1066926979  
4 
5 
4 
6 
4 
5 
5 
6 
3 
2 
3 
5 
3 
5 
3 
4 
3 
1 95062730  
4 
1 428284956  
5 
3 
1 1522831746  
4 
1 493568833  
1 607866896  
4 
5 
3 
5 
2 
1 1840841073  
4 
1 567523756  
3 
5 
4 
6 
5 
3 
2 
4 
3 
1 1026939476  
3 
2 
4 
1 2060050371  
6 
6 
4 
3 
6 
1 952574359  
2 
4 
3 
4 
3 
3 
2 
2 
2 
5 
1 1351943702  
2 
4 
2 
3 
5 
5 
3 
3 
2 
4 
4 
3 
5 
2 
2 
5 
3 
2 
1 532409311  
6 
4 
6 
2 
3 
1 649142411  
1 1598192622  
2 
2 
5 
4 
6 
5 
5 
3 
4 
6 
4 
2 
1 1544351333  
3 
3 
3 
2 
3 
3 
2 
4 
3 
4 
2 
6 
5 
5 
3 
4 
2 
5 
5 
1 1643296216  
2 
4 
6 
3 
5 
2 
3 
2 
6 
3 
4 
5 
4 
4 
2 
2 
3 
6 
2 
6 
3 
2 
1 1878847493  
6 
1 746437776  
5 
3 
5 
3 
2 
6 
1 1126060702  
5 
1 1012978319  
5 
2 
4 
1 1228257718  
2 
6 
5 
2 
5 
4 
1 1208535638  
5 
4 
3 
2 
2 
6 
5 
4 
1 239825664  
3 
6 
4 
2 
3 
3 
5 
4 
3 
6 
6 
1 37923036  
4 
3 
2 
5 
6 
5 
4 
1 818708314  
4 
3 
3 
2 
2 
1 1868381362  
3 
4 
3 
4 
3 
3 
6 
6 
3 
1 1053370574  
6 
1 1169700824  
1 1997304502  
5 
6 
4 
4 
1 1267109306  
1 89144156  
1 2092367232  
1 1695394263  
6 
4 
4 
4 
2 
6 
3 
1 1611975902  
6 
3 
5 
2 
1 438452417  
5 
1 155777511  
2 
2 
4 
6 
1 1305333327  
2 
2 
4 
5 
3 
2 
5 
4 
2 
1 1005976173  
3 
2 
1 1182716987  
5 
6 
2 
2 
3 
5 
3 
3 
1 1217900050  
6 
1 1958550532  
5 
5 
2 
2 
4 
5 
1 387177041  
6 
4 
2 
5 
4 
3 
5 
4 
2 
6 
2 
1 1750309362  
3 
1 460209295  
6 
2 
4 
2 
3 
5 
6 
4 
2 
6 
4 
3 
3 
4 
1 1985369663  
6 
1 1147177047  
3 
5 
1 2103505511  
2 
2 
6 
5 
2 
5 
1 1716733508  
4 
2 
2 
1 1893614823  
4 
5 
5 
6 
1 1082082566  
6 
1 582228179  
3 
3 
6 
6 
5 
5 
3 
4 
1 974388893  
1 143134556  
5 
3 
4 
4 
6 
1 822053843  
3 
1 1012311929  
4 
3 
2 
3 
3 
1 961842870  
6 
1 542951558  
1 2065682504  
4 
5 
4 
2 
5 
4 
6 
5 
5 
6 
5 
6 
2 
6 
1 2131543694  
5 
1 392772412  
4 
3 
3 
6 
1 1185308162  
5 
6 
1 73204202  
5 
6 
5 
4 
6 
3 
4 
2 
6 
6 
4 
1 337655996  
4 
3 
5 
3 
6 
5 
3 
1 733218777  
2 
4 
3 
2 
1 1685180104  
4 
6 
1 776108413  
6 
4 
4 
3 
1 888996288  
3 
4 
6 
4 
6 
6 
3 
6 
3 
3 
3 
1 843029783  
2 
4 
6 
4 
1 1782084587  
5 
2 
2 
4 
2 
6 
3 
2 
2 
6 
4 
1 2071713276  
5 
3 
1 2060929834  
3 
5 
6 
4 
6 
3 
3 
6 
6 
5 
6 
1 1593151471  
2 
6 
1 311406669  
5 
2 
2 
4 
4 
1 1663755548  
2 
5 
4 
4 
6 
4 
2 
5 
2 
1 2053360767  
5 
4 
2 
3 
4 
3 
4 
3 
5 
1 149292685  
6 
3 
5 
5 
3 
2 
6 
5 
4 
3 
2 
5 
4 
1 663448947  
6 
3 
5 
2 
1 2009382630  
2 
1 1866026193  
5 
1 409580123  
4 
1 943981548  
4 
1 300770725  
1 1383969016  
6 
4 
3 
1 1087116104  
1 1122824568  
3 
3 
1 248797298  
4 
5 
6 
4 
6 
3 
6 
2 
4 
3 
6 
1 2048958974  
2 
1 1665776126  
5 
4 
6 
6 
4 
3 
2 
2 
6 
5 
4 
5 
6 
2 
6 
2 
6 
5 
4 
2 
3 
3 
6 
2 
3 
4 
4 
5 
1 166996154  
5 
2 
5 
2 
1 2033019021  
4 
1 2058548538  
2 
1 1352304316  
3 
4 
5 
6 
4 
6 
3 
3 
1 2106223223  
2 
1 248720886  
4 
3 
2 
4 
1 2085523094  
6 
4 
5 
6 
1 1643919680  
3 
6 
3 
5 
2 
4 
4 
4 
3 
5 
5 
5 
6 
5 
5 
1 1024829300  
2 
2 
5 
5 
1 827035734  
6 
1 339465815  
4 
2 
6 
4 
3 
4 
1 659430239  
4 
1 751265362  
4 
1 252912001  
6 
6 
4 
1 105098062  
5 
3 
5 
5 
6 
1 1062672032  
6 
2 
1 1916667549  
2 
1 10975181  
1 1211964717  
1 432632849  
5 
1 2020357812  
5 
6 
1 930507262  
1 842212972  
4 
1 816855712  
4 
1 1231277987  
3 
1 78698340  
3 
4 
6 
5 
6 
1 1903971817  
2 
4 
1 206618908  
4 
4 
2 
5 
6 
1 327495638  
6 
2 
3 
5 
4 
3 
3 
1 1805447143  
4 
3 
3 
3 
3 
1 1872395034  
3 
5 
2 
6 
2 
1 494491792  
6 
3 
4 
6 
2 
3 
4 
3 
2 
5 
3 
2 
1 1690982516  
5 
3 
2 
3 
4 
3 
2 
5 
4 
4 
3 
2 
6 
5 
2 
3 
1 1783459925  
3 
5 
5 
6 
1 1846796109  
4 
5 
2 
2 
1 1649722092  
5 
5 
5 
4 
1 2032180811  
6 
4 
6 
1 1784835555  
4 
2 
2 
3 
1 1146158124  
3 
6 
5 
1 909526463  
6 
6 
5 
2 
5 
3 
1 464387641  
3 
4 
2 
3 
3 
6 
1 1485623939  
4 
1 1568956702  
3 
2 
1 1215653004  
4 
4 
3 
2 
6 
3 
5 
1 1738535941  
2 
3 
2 
2 
1 1674054765  
5 
3 
5 
6 
1 130841388  
6 
6 
2 
5 
4 
4 
1 1507719842  
5 
3 
1 1685029946  
1 1342806105  
2 
1 1940352691  
5 
2 
2 
6 
2 
6 
1 1557904110  
4 
6 
1 125829719  
2 
3 
2 
6 
6 
1 635082015  
6 
4 
3 
4 
5 
6 
6 
6 
3 
1 227276175  
4 
6 
4 
5 
4 
1 1357107707  
1 713780356  
3 
5 
4 
4 
3 
5 
2 
6 
4 
1 2131247992  
5 
2 
2 
2 
5 
1 1563726615  
2 
3 
3 
4 
2 
2 
1 1041275994  
1 1789211487  
1 1288638001  
5 
5 
2 
1 1535767787  
5 
5 
4 
6 
1 1332710356  
1 924614278  
4 
4 
4 
5 
2 
5 
4 
4 
3 
1 1235080248  
6 
1 834948800  
3 
5 
5 
2 
1 809311442  
3 
3 
5 
5 
3 
4 
4 
3 
2 
6 
1 872432155  
3 
2 
2 
2 
1 1981106924  
3 
6 
2 
5 
2 
1 1718837905  
3 
4 
3 
2 
2 
1 1336819796  
6 
4 
1 1319247215  
1 1140310960  
5 
5 
5 
4 
4 
2 
4 
1 404989152  
1 910299508  
2 
3 
5 
2 
4 
5 
1 666882077  
1 535830540  
4 
5 
2 
1 270535703  
4 
2 
2 
2 
2 
3 
3 
6 
6 
6 
2 
2 
3 
4 
2 
6 
6 
1 204428375  
5 
4 
2 
4 
2 
5 
2 
3 
6 
2 
2 
3 
1 1878636645  
3 
3 
4 
6 
6 
4 
5 
1 63404746  
3 
5 
3 
1 1762332486  
5 
1 2004466365  
5 
1 698486762  
5 
3 
6 
1 1989608661  
4 
1 1214090424  
4 
4 
2 
1 1412267118  
2 
3 
4 
5 
2 
5 
5 
5 
2 
6 
5 
2 
3 
6 
6 
4 
4 
2 
1 1973373005  
6 
1 630333391  
6 
4 
1 306059464  
4 
1 1615100844  
6 
6 
1 1918971392  
3 
4 
6 
2 
5 
2 
2 
6 
1 1841827251  
3 
3 
6 
3 
2 
4 
1 800327552  
6 
3 
2 
5 
1 696102023  
6 
6 
3 
3 
4 
1 929423851  
3 
5 
6 
1 1635276352  
4 
4 
4 
4 
6 
5 
3 
6 
3 
5 
5 
1 1505413465  
5 
1 1801856006  
6 
6 
5 
5 
2 
6 
5 
2 
5 
2 
1 1468899628  
6 
3 
4 
1 1076767722  
6 
6 
6 
3 
4 
5 
5 
2 
3 
6 
5 
1 991192155  
2 
2 
4 
4 
6 
1 640663196  
5 
6 
1 69595034  
4 
5 
1 1396181307  
5 
2 
6 
3 
4 
6 
6 
2 
1 1550962704  
2 
2 
2 
6 
1 736477111  
1 1932011848  
4 
6 
6 
6 
2 
1 1821498407  
5 
1 940905487  
5 
2 
1 1663164845  
4 
5 
6 
5 
4 
4 
2 
2 
5 
1 1884903154  
5 
5 
6 
2 
1 555754325  
5 
3 
3 
4 
4 
4 
2 
5 
4 
1 1520147562  
3 
6 
4 
4 
6 
6 
1 435906268  
1 397879338  
2 
5 
6 
1 586754338  
1 1848173386  
5 
6 
5 
2 
2 
5 
2 
1 223768695  
3 
1 1217087729  
3 
5 
4 
5 
6 
3 
4 
4 
6 
6 
1 6749202  
3 
4 
1 1838869539  
6 
4 
3 
4 
1 988575474  
2 
1 1848576454  
3 
3 
5 
2 
6 
5 
3 
3 
5 
2 
6 
5 
6 
1 491713444  
6 
1 1684677497  
1 630516657  
5 
6 
5 
1 2126989796  
1 1042607314  
4 
5 
5 
5 
5 
2 
1 284889016  
2 
6 
6 
2 
4 
3 
5 
2 
4 
4 
3 
4 
4 
3 
5 
5 
6 
1 1448405777  
6 
5 
6 
5 
3 
4 
4 
2 
1 2119375036  
6 
4 
6 
4 
5 
1 1276081171  
3 
6 
1 2089068973  
2 
4 
6 
4 
6 
6 
2 
5 
6 
6 
2 
5 
2 
5 
4 
6 
4 
4 
2 
6 
3 
5 
4 
1 41486423  
2 
2 
5 
6 
2 
5 
1 524778830  
3 
4 
4 
3 
6 
3 
2 
4 
1 1492548029  
4 
2 
4 
5 
6 
6 
1 777963534  
6 
2 
1 309307030  
1 1166562789  
4 
4 
4 
6 
6 
3 
1 1718869021  
5 
4 
3 
3 
2 
3 
2 
5 
1 1972471876  
3 
3 
2 
5 
1 903982295  
3 
2 
5 
2 
5 
3 
4 
3 
4 
6 
6 
6 
3 
6 
3 
5 
1 127139698  
2 
3 
4 
6 
2 
2 
5 
2 
4 
5 
1 1345135790  
2 
2 
6 
6 
5 
4 
4 
4 
6 
6 
1 1339888563  
1 525019036  
4 
1 1931890129  
6 
5 
4 
1 1040578301  
6 
5 
5 
3 
1 748787731  
4 
2 
5 
3 
6 
2 
6 
1 1001494210  
1 1047327503  
1 440173623  
1 1990069684  
4 
2 
6 
4 
6 
2 
1 748420309  
4 
3 
2 
3 
6 
2 
6 
4 
2 
5 
6 
1 931887067  
1 1527263533  
3 
6 
4 
1 1378936967  
3 
2 
2 
6 
5 
4 
6 
2 
6 
3 
2 
4 
2 
3 
2 
5 
2 
1 911393215  
6 
6 
4 
6 
1 422387199  
5 
6 
6 
3 
5 
3 
3 
4 
3 
1 1663825983  
6 
4 
2 
3 
6 
1 212315344  
2 
2 
4 
4 
2 
5 
1 394278588  
4 
1 792423506  
5 
3 
2 
1 153900669  
3 
6 
5 
2 
1 435765011  
3 
5 
1 1317202336  
6 
3 
4 
6 
6 
6 
4 
2 
1 1646448699  
5 
4 
5 
4 
3 
3 
4 
3 
6 
4 
6 
5 
2 
3 
5 
4 
6 
3 
5 
3 
5 
4 
1 1213728545  
6 
5 
1 1626509367  
1 665527840  
4 
5 
4 
6 
6 
4 
1 785113919  
2 
1 1451497595  
5 
6 
3 
6 
3 
4 
5 
4 
2 
3 
5 
1 1569510135  
3 
1 912253617  
5 
4 
4 
6 
3 
4 
3 
1 649149737  
5 
2 
1 761915050  
1 1437272654  
4 
5 
1 433556218  
3 
6 
5 
5 
3 
2 
6 
3 
4 
1 1802493351  
3 
5 
1 38576737  
5 
1 1435050429  
1 702337206  
5 
6 
1 478750360  
2 
2 
4 
1 1277636465  
3 
1 1450757516  
3 
3 
1 1410637427  
6 
4 
4 
4 
6 
1 657416351  
2 
6 
3 
6 
5 
4 
5 
6 
1 682210835  
5 
3 
1 174546995  
2 
3 
4 
5 
4 
2 
1 1079803550  
6 
3 
1 198553170  
5 
3 
5 
3 
3 
2 
3 
3 
2 
6 
5 
6 
1 386862339  
3 
1 1474082138  
2 
4 
1 990976676  
2 
1 540763009  
3 
1 1909847149  
5 
1 160695364  
2 
3 
1 39728060  
6 
6 
1 976092047  
6 
1 1787204731  
3 
3 
4 
6 
2 
3 
2 
5 
2 
6 
3 
5 
4 
6 
4 
5 
6 
3 
2 
3 
6 
6 
5 
4 
2 
1 705255900  
4 
6 
3 
3 
2 
3 
5 
2 
4 
2 
1 1761205966  
5 
3 
4 
5 
2 
2 
1 1091218678  
4 
3 
2 
5 
3 
1 127282387  
4 
4 
1 525975935  
4 
2 
5 
6 
5 
1 1740368416  
2 
1 889197437  
1 1963248589  
5 
5 
2 
2 
6 
3 
3 
6 
4 
4 
3 
5 
4 
2 
5 
5 
3 
2 
4 
2 
3 
1 26440986  
2 
6 
4 
2 
4 
5 
3 
3 
3 
6 
1 544207140  
4 
3 
5 
3 
6 
5 
4 
2 
5 
3 
5 
1 2001825327  
2 
1 1461491415  
1 1246544346  
4 
1 333092039  
6 
3 
3 
1 591644233  
6 
3 
3 
4 
2 
4 
2 
2 
6 
5 
1 549818214  
1 1743729467  
1 1249060584  
6 
6 
6 
5 
2 
1 1232029049  
6 
4 
2 
3 
2 
4 
1 1918276462  
1 181380486  
3 
1 1430582219  
3 
5 
4 
1 157655153  
3 
1 1655462625  
4 
6 
4 
4 
4 
6 
6 
6 
4 
2 
2 
3 
4 
3 
2 
6 
6 
3 
4 
3 
6 
4 
2 
1 274075247  
1 698418162  
4 
4 
2 
3 
2 
1 1417826126  
6 
1 434770612  
6 
3 
2 
6 
5 
1 738146222  
6 
1 246434525  
6 
4 
2 
4 
6 
4 
3 
6 
6 
4 
4 
2 
6 
5 
3 
4 
6 
3 
4 
2 
6 
1 74491695  
3 
1 1443402122  
1 2007640491  
4 
1 1165710374  
3 
4 
2 
2 
4 
4 
2 
6 
5 
1 1570684509  
2 
5 
4 
5 
1 386132779  
4 
1 758595142  
6 
4 
1 312398298  
3 
5 
5 
4 
1 201897720  
3 
2 
4 
5 
2 
2 
1 785036128  
3 
6 
4 
1 856605438  
5 
5 
1 56239399  
4 
1 99043896  
4 
6 
5 
1 2103149785  
4 
6 
5 
2 
5 
3 
1 389331439  
5 
3 
5 
5 
6 
4 
3 
1 690688129  
1 505484351  
1 2133060906  
6 
3 
6 
6 
5 
1 1939748713  
5 
1 1737513401  
5 
3 
1 1903853720  
3 
6 
3 
4 
6 
1 2121129199  
5 
6 
3 
5 
6 
2 
5 
5 
5 
5 
3 
3 
6 
1 1020611972  
6 
3 
2 
1 2061508873  
1 1629108176  
3 
1 1294687220  
1 612443388  
4 
4 
4 
1 899450655  
3 
4 
2 
2 
5 
3 
4 
1 1729457832  
6 
6 
6 
2 
3 
3 
3 
5 
5 
2 
1 1350589610  
1 1145885180  
5 
2 
2 
1 1803949527  
3 
1 646508085  
1 1006042024  
2 
6 
5 
3 
4 
3 
1 822176253  
5 
6 
5 
6 
2 
4 
4 
1 69708946  
6 
5 
6 
2 
6 
2 
1 1392174803  
4 
6 
5 
5 
4 
4 
4 
1 1580771395  
1 382107245  
4 
5 
1 1594072523  
4 
1 218323876  
1 1238712683  
3 
4 
3 
6 
5 
5 
6 
4 
3 
2 
6 
1 1650311923  
4 
2 
3 
2 
2 
4 
2 
4 
6 
6 
1 317367772  
3 
4 
5 
2 
5 
6 
3 
1 1194378820  
2 
2 
4 
6 
3 
5 
6 
2 
2 
1 2039643362  
4 
5 
6 
1 1008055901  
2 
6 
5 
1 1699863172  
5 
1 2025220620  
2 
6 
3 
6 
4 
2 
1 800320966  
6 
4 
2 
5 
4 
1 1289892925  
3 
1 1781590692  
6 
2 
1 773966517  
1 163021249  
2 
2 
1 1695615917  
6 
6 
1 255591046  
2 
1 1457708469  
3 
1 160575657  
1 1155041701  
1 1039682653  
6 
1 1511165268  
3 
1 153443233  
3 
1 696148533  
6 
3 
3 
1 10189705  
4 
2 
6 
3 
2 
2 
6 
3 
2 
2 
5 
1 1159485257  
4 
3 
6 
3 
4 
2 
2 
2 
1 1518324786  
2 
4 
2 
3 
2 
6 
4 
6 
5 
5 
1 79898651  
6 
3 
6 
3 
6 
4 
4 
2 
5 
1 404176412  
6 
3 
3 
5 
4 
3 
6 
5 
1 951612534  
2 
6 
4 
4 
6 
2 
6 
5 
6 
6 
2 
4 
4 
5 
6 
3 
6 
1 462005896  
4 
4 
1 1998248936  
3 
3 
2 
3 
5 
4 
3 
3 
4 
5 
4 
6 
2 
1 1169936410  
2 
1 1700718580  
3 
2 
3 
6 
2 
1 1501077211  
3 
3 
3 
4 
5 
6 
1 1487304182  
3 
3 
5 
5 
5 
3 
5 
1 747613752  
1 1393236925  
6 
4 
5 
3 
4 
5 
1 347876435  
5 
3 
3 
1 299993276  
2 
3 
5 
6 
6 
2 
6 
5 
6 
2 
5 
4 
4 
5 
4 
5 
1 1270973897  
5 
3 
4 
1 1148197401  
3 
6 
1 1589886201  
3 
6 
2 
6 
2 
3 
5 
2 
3 
6 
4 
2 
3 
4 
4 
5 
4 
5 
6 
6 
4 
4 
4 
5 
1 905080941  
5 
4 
6 
5 
1 1922163918  
5 
1 1752907451  
2 
3 
1 453213210  
2 
6 
3 
1 30271316  
1 1063132272  
6 
1 613788868  
3 
2 
6 
3 
5 
2 
4 
6 
1 1185313017  
5 
3 
6 
6 
6 
5 
1 2102814926  
1 2124954136  
5 
4 
1 1338756251  
6 
1 651479811  
4 
3 
1 2135143841  
3 
3 
6 
4 
1 350757860  
4 
4 
2 
4 
5 
3 
4 
2 
2 
4 
4 
1 22320949  
4 
3 
2 
5 
4 
4 
4 
4 
4 
2 
3 
1 67558844  
1 754934273  
2 
4 
4 
6 
6 
3 
3 
2 
2 
4 
3 
6 
2 
6 
1 973933483  
2 
3 
1 529564741  
5 
2 
2 
4 
6 
6 
1 605699561  
5 
2 
1 2143869893  
2 
5 
2 
6 
1 82799673  
1 2106776772  
3 
3 
1 1483690427  
5 
1 830413425  
4 
1 1352530049  
5 
6 
4 
5 
2 
1 1831566862  
1 1130406702  
6 
1 476020298  
3 
2 
5 
5 
3 
1 832280615  
5 
2 
6 
3 
6 
4 
3 
1 572809255  
6 
4 
4 
1 1381101239  
4 
3 
3 
5 
1 606960886  
2 
5 
3 
5 
6 
4 
2 
5 
1 178233058  
4 
1 1834314449  
6 
6 
2 
4 
1 637232202  
4 
4 
1 1241365331  
5 
4 
3 
2 
3 
4 
2 
6 
4 
1 300619669  
6 
6 
2 
4 
3 
2 
3 
3 
1 1822545220  
4 
1 1196696609  
1 278090157  
3 
3 
5 
2 
1 1013817823  
3 
4 
3 
6 
1 1848176420  
3 
5 
5 
1 265750350  
1 1364575683  
1 1870497369  
2 
4 
2 
6 
2 
2 
4 
4 
4 
3 
1 333309195  
4 
2 
3 
1 2119509956  
3 
4 
5 
1 696947205  
6 
4 
6 
4 
2 
2 
3 
1 862873936  
4 
1 577725869  
3 
1 693333450  
1 945673609  
2 
5 
6 
1 537018993  
6 
1 29540230  
1 1776087034  
4 
4 
3 
1 1889549042  
3 
5 
2 
5 
6 
4 
1 1861107092  
6 
6 
2 
5 
5 
3 
3 
5 
1 759010088  
4 
6 
2 
1 218085692  
3 
4 
2 
6 
6 
5 
6 
4 
2 
2 
2 
4 
6 
2 
6 
4 
1 545904060  
6 
1 1331819344  
1 1599186931  
6 
2 
1 1152864946  
1 1510052402  
3 
2 
6 
5 
4 
5 
6 
4 
4 
3 
5 
2 
5 
6 
2 
4 
3 
6 
6 
5 
6 
1 1286017733  
6 
6 
3 
2 
3 
3 
4 
4 
2 
1 1790097148  
2 
2 
3 
2 
4 
4 
3 
5 
3 
1 603934085  
5 
2 
4 
2 
5 
3 
3 
5 
5 
4 
3 
4 
5 
5 
6 
2 
2 
6 
2 
1 1586637402  
5 
3 
1 1465158720  
4 
3 
2 
6 
2 
3 
2 
5 
1 1800630694  
1 1864727560  
3 
2 
2 
3 
6 
6 
3 
6 
3 
5 
3 
2 
3 
1 331492895  
6 
6 
4 
6 
1 1501323466  
1 2130477910  
6 
6 
2 
4 
3 
6 
4 
6 
3 
1 1696068579  
5 
1 1224337188  
1 316303457  
3 
3 
5 
2 
4 
1 1668094887  
6 
6 
6 
1 1921284393  
1 1179177393  
2 
1 98337109  
3 
6 
2 
4 
6 
1 467134195  
2 
6 
6 
5 
3 
2 
6 
4 
2 
2 
2 
6 
4 
6 
6 
2 
6 
5 
3 
1 2124851002  
5 
3 
5 
1 635356102  
4 
1 496674425  
2 
6 
5 
6 
3 
1 1753454389  
3 
5 
4 
6 
5 
5 
4 
3 
2 
4 
2 
4 
3 
3 
4 
3 
4 
3 
3 
6 
3 
6 
6 
4 
4 
1 377421497  
6 
3 
1 210297870  
5 
1 364980829  
1 595507189  
4 
3 
4 
2 
1 756201930  
4 
5 
6 
5 
6 
5 
1 1696800173  
3 
3 
5 
1 47210473  
3 
4 
5 
4 
3 
5 
5 
4 
3 
1 1909066876  
3 
3 
2 
4 
2 
2 
3 
4 
2 
4 
5 
3 
3 
4 
1 1059368928  
4 
1 1333228206  
5 
3 
1 1551680376  
2 
3 
3 
3 
1 1663303013  
3 
3 
2 
2 
6 
1 772381960  
3 
1 869355449  
3 
4 
4 
6 
2 
5 
5 
2 
5 
3 
6 
1 1316450060  
4 
4 
1 489625872  
2 
4 
5 
3 
3 
6 
2 
4 
2 
6 
2 
5 
5 
3 
3 
1 1200848344  
5 
4 
1 670289878  
5 
5 
5 
5 
4 
2 
4 
1 472620135  
6 
1 749433275  
1 1894627066  
3 
2 
2 
5 
4 
2 
3 
5 
6 
5 
6 
3 
5 
6 
3 
2 
1 788923592  
6 
3 
2 
6 
2 
3 
4 
2 
4 
4 
6 
6 
2 
4 
4 
4 
6 
3 
4 
6 
6 
5 
3 
4 
5 
5 
2 
5 
1 270044515  
1 1668427811  
5 
5 
2 
4 
6 
6 
1 1968100986  
6 
1 368381624  
5 
4 
4 
5 
1 2135562007  
2 
4 
6 
6 
2 
2 
1 1945468340  
4 
1 1003737726  
4 
5 
6 
3 
2 
1 484752784  
1 1551439081  
1 1381159223  
1 695050654  
3 
2 
4 
1 1916419911  
1 1976666413  
2 
2 
5 
1 1451252584  
5 
5 
5 
1 1465736436  
6 
5 
1 2023876886  
2 
4 
2 
2 
3 
6 
6 
6 
3 
2 
4 
5 
5 
2 
1 1212835812  
1 377621716  
5 
6 
2 
1 1209621444  
2 
3 
3 
5 
1 617032541  
2 
6 
6 
4 
5 
4 
4 
4 
1 2040924730  
5 
1 1982003404  
1 1486387990  
2 
4 
1 1209891142  
3 
5 
1 324145629  
4 
3 
1 539752686  
3 
4 
2 
1 1880181020  
3 
6 
6 
6 
1 796765764  
1 1289185962  
5 
2 
3 
2 
3 
3 
6 
4 
5 
1 1627324439  
4 
6 
1 1585689356  
1 1559230477  
3 
1 1148268602  
4 
6 
1 1406306694  
3 
6 
2 
6 
5 
3 
2 
3 
2 
3 
4 
3 
5 
3 
3 
4 
2 
6 
6 
4 
3 
3 
3 
2 
2 
6 
4 
1 1927612101  
3 
3 
5 
2 
6 
3 
6 
1 1136346961  
3 
3 
6 
6 
3 
5 
5 
2 
1 1204291387  
1 783866179  
5 
5 
2 
1 1621099746  
5 
6 
3 
5 
3 
4 
4 
6 
2 
5 
2 
2 
3 
6 
4 
5 
6 
5 
5 
3 
5 
3 
1 608246820  
2 
2 
2 
6 
1 17541755  
6 
1 168666752  
5 
2 
4 
1 377183083  
4 
6 
3 
1 1994208168  
4 
3 
6 
4 
2 
2 
3 
5 
5 
2 
1 1619919337  
4 
2 
6 
3 
2 
5 
2 
1 1842919520  
2 
2 
2 
6 
4 
4 
1 1870601406  
6 
2 
4 
4 
4 
3 
3 
4 
4 
2 
6 
4 
5 
5 
4 
4 
1 685271501  
4 
6 
3 
2 
4 
2 
3 
6 
6 
1 73057588  
1 932739202  
2 
1 1302304042  
3 
2 
2 
3 
3 
2 
6 
5 
2 
4 
5 
4 
1 2113982318  
6 
2 
1 767258958  
6 
5 
3 
3 
4 
6 
2 
2 
1 641208384  
4 
1 1176389812  
3 
3 
4 
1 1091404587  
6 
1 1180961071  
2 
3 
1 909087185  
2 
1 1888170351  
4 
6 
1 322663385  
6 
3 
6 
5 
3 
2 
5 
1 388927976  
4 
6 
2 
3 
2 
5 
5 
1 1326376060  
4 
6 
1 1881893862  
6 
2 
1 1537196578  
1 585199106  
1 1662022315  
3 
5 
3 
3 
3 
6 
3 
6 
1 526059892  
1 1789490493  
3 
6 
5 
5 
3 
1 298404846  
1 2147159638  
2 
6 
5 
5 
1 250253666  
3 
3 
1 315946601  
6 
3 
4 
2 
3 
2 
2 
5 
1 168342742  
4 
1 627436749  
4 
1 162671121  
6 
4 
5 
2 
