2 
5 
1 1776812780  
6 
1 1489133760  
1 1342286604  
6 
3 
1 1730842648  
1 378531795  
1 793766123  
6 
2 
6 
4 
5 
4 
2 
1 1397448211  
3 
2 
5 
3 
2 
2 
4 
4 
6 
3 
4 
4 
2 
6 
5 
1 1328613986  
1 348900184  
5 
2 
1 849579077  
3 
2 
3 
1 1302983832  
3 
2 
1 94778882  
2 
2 
5 
6 
2 
5 
6 
1 422041151  
3 
3 
6 
1 119812409  
1 1503462589  
6 
2 
4 
4 
6 
3 
2 
3 
5 
3 
3 
1 1632732293  
1 719908821  
2 
4 
3 
3 
1 356521617  
5 
2 
1 1150061271  
1 580320037  
5 
2 
2 
1 1505429694  
3 
1 1078735216  
5 
5 
2 
5 
1 1634808182  
3 
6 
6 
5 
6 
4 
3 
2 
5 
3 
3 
1 482745291  
2 
6 
6 
3 
4 
6 
3 
2 
1 1781465224  
1 1068567718  
6 
4 
1 835154564  
1 1221699095  
2 
6 
4 
5 
1 824248567  
1 1304317557  
4 
4 
4 
2 
6 
3 
6 
1 1287547961  
1 453577699  
2 
3 
2 
6 
3 
1 645967669  
1 482350917  
6 
3 
5 
6 
6 
6 
5 
5 
4 
2 
6 
5 
6 
6 
4 
1 36936699  
6 
5 
5 
6 
1 1024499464  
3 
2 
5 
5 
1 1276117040  
5 
5 
2 
1 1434384910  
1 205629802  
6 
1 1625017225  
1 136480340  
1 1508613634  
5 
2 
4 
4 
3 
6 
3 
2 
3 
2 
6 
1 1719796107  
5 
3 
2 
5 
2 
6 
1 558521491  
4 
4 
4 
2 
1 1628426043  
3 
2 
4 
2 
1 1075775048  
1 43770136  
5 
6 
1 200851217  
2 
6 
3 
6 
1 1432296665  
2 
2 
5 
4 
2 
2 
2 
5 
1 1193831407  
5 
1 781171254  
3 
4 
3 
6 
4 
6 
4 
1 790242712  
3 
1 125082976  
2 
6 
3 
1 268495788  
6 
1 1272988003  
4 
1 1906548200  
2 
4 
3 
5 
3 
5 
6 
2 
2 
6 
4 
6 
3 
4 
5 
2 
5 
5 
6 
6 
1 1337063506  
4 
6 
4 
1 2108142567  
1 980763647  
3 
4 
5 
5 
1 13828425  
5 
1 1264976476  
3 
3 
4 
6 
5 
6 
1 120827960  
1 467406124  
6 
1 1910944145  
6 
1 603178878  
4 
6 
2 
3 
1 504342824  
3 
1 787959961  
3 
5 
6 
4 
5 
4 
1 1879295918  
4 
1 1938727734  
4 
6 
3 
6 
6 
1 993589764  
5 
1 1356829495  
4 
3 
6 
5 
3 
3 
4 
1 2075208074  
4 
3 
1 354719750  
3 
1 929141954  
3 
4 
6 
2 
4 
1 486245918  
2 
6 
5 
5 
4 
4 
4 
1 1983145794  
5 
1 2004917002  
6 
1 530016054  
6 
2 
1 36513363  
3 
4 
5 
3 
1 1289730020  
1 1723847462  
5 
3 
1 817684617  
3 
3 
1 2079972732  
1 1848930438  
6 
4 
5 
6 
2 
4 
2 
1 1086180405  
3 
5 
4 
5 
6 
1 1205477087  
1 1607994990  
5 
6 
2 
6 
1 275760264  
2 
1 1166136007  
5 
2 
2 
5 
5 
4 
3 
1 441274989  
4 
1 289588689  
2 
5 
6 
4 
6 
4 
5 
6 
4 
6 
6 
1 283628835  
3 
2 
6 
1 562102950  
4 
2 
6 
4 
4 
5 
5 
2 
2 
3 
3 
6 
5 
1 756994814  
2 
1 47089333  
3 
6 
2 
4 
5 
4 
2 
2 
4 
4 
1 1165281828  
2 
5 
4 
5 
5 
5 
3 
6 
1 1261337638  
4 
1 835049294  
6 
2 
2 
2 
3 
4 
5 
4 
5 
6 
5 
2 
3 
2 
2 
5 
4 
3 
4 
6 
1 897094098  
6 
6 
1 1052581724  
2 
4 
4 
5 
5 
5 
3 
5 
4 
5 
3 
6 
4 
4 
3 
5 
3 
2 
1 1828639058  
4 
5 
1 106439946  
4 
5 
1 980306151  
1 35875161  
2 
4 
1 1035581900  
2 
4 
3 
1 1466552069  
2 
2 
3 
4 
4 
3 
2 
2 
1 2019020955  
6 
6 
2 
4 
5 
6 
2 
3 
6 
6 
5 
3 
4 
3 
3 
2 
5 
1 893015255  
6 
5 
6 
1 1996568123  
2 
5 
4 
3 
4 
6 
2 
2 
3 
5 
3 
6 
6 
6 
1 2055534318  
1 35261627  
2 
5 
6 
4 
4 
4 
4 
3 
6 
1 1572931937  
5 
6 
2 
6 
1 725735287  
4 
5 
1 2115234359  
3 
6 
3 
3 
3 
3 
6 
6 
6 
6 
5 
5 
5 
1 1274378727  
2 
4 
2 
1 1811915692  
1 1173227798  
2 
3 
3 
5 
1 734890069  
3 
1 2087675956  
1 191880157  
6 
4 
1 1176165059  
6 
6 
4 
4 
3 
1 229780998  
3 
6 
5 
3 
3 
5 
2 
6 
5 
6 
5 
4 
5 
2 
5 
4 
5 
6 
3 
2 
2 
2 
2 
3 
2 
1 475508993  
5 
5 
5 
1 1738268009  
3 
3 
2 
2 
2 
3 
3 
1 986775812  
4 
1 522598326  
1 756066189  
4 
4 
1 100629802  
4 
1 1357647620  
2 
2 
3 
3 
5 
3 
1 1653160287  
2 
2 
5 
6 
6 
1 1153211526  
2 
6 
2 
3 
1 1038803031  
4 
3 
4 
1 1759600233  
2 
5 
1 2133517677  
5 
3 
3 
6 
5 
6 
2 
5 
4 
6 
4 
4 
6 
4 
2 
1 1074678192  
4 
3 
4 
1 647698486  
2 
6 
3 
6 
3 
5 
4 
6 
2 
2 
1 1452586098  
2 
2 
5 
6 
6 
2 
4 
3 
1 946215499  
6 
3 
1 1540713741  
2 
3 
6 
2 
4 
5 
6 
4 
4 
4 
6 
4 
3 
5 
5 
5 
6 
3 
6 
1 1301670574  
5 
3 
1 854266169  
5 
4 
6 
1 1575975368  
2 
5 
5 
2 
3 
4 
2 
4 
5 
2 
5 
4 
1 727118863  
2 
1 1580001456  
3 
1 1543726079  
2 
2 
5 
3 
1 2001497591  
5 
3 
3 
4 
2 
2 
4 
1 1244433500  
3 
1 569470229  
6 
6 
3 
1 588904012  
6 
6 
3 
4 
4 
5 
3 
6 
5 
3 
5 
3 
4 
3 
2 
3 
4 
4 
5 
1 1184625809  
1 761350387  
1 1765069071  
5 
1 1414406807  
3 
6 
6 
2 
3 
3 
4 
5 
6 
1 1236859380  
5 
2 
1 1355853432  
1 253698971  
2 
2 
2 
3 
5 
5 
1 1759457706  
3 
3 
4 
6 
5 
6 
6 
4 
3 
5 
4 
5 
5 
5 
5 
2 
2 
1 2111919621  
6 
1 354328773  
4 
3 
3 
1 969621678  
5 
3 
6 
1 1617596261  
4 
2 
4 
5 
3 
1 1507540299  
1 2008424709  
3 
3 
1 1229712846  
3 
1 1493574329  
3 
4 
2 
6 
4 
6 
4 
5 
2 
6 
2 
5 
4 
6 
1 935619253  
2 
2 
4 
5 
5 
1 1877411332  
3 
6 
5 
1 798676779  
3 
2 
3 
1 1881834752  
6 
1 1270641425  
6 
1 2100347353  
2 
4 
6 
2 
6 
1 588617273  
3 
2 
3 
5 
4 
6 
3 
2 
4 
4 
4 
6 
5 
6 
3 
6 
4 
6 
6 
4 
2 
3 
4 
5 
3 
3 
1 699133145  
5 
3 
4 
1 679982569  
1 21135081  
5 
4 
5 
1 95375576  
6 
5 
2 
5 
1 533996512  
4 
4 
4 
4 
2 
2 
2 
1 1265568582  
4 
3 
2 
4 
5 
5 
4 
2 
6 
5 
4 
1 664845806  
6 
4 
2 
5 
5 
3 
2 
1 1122900524  
5 
6 
4 
3 
1 302710743  
1 1426196193  
2 
2 
6 
5 
1 740485948  
1 1717117550  
2 
2 
6 
6 
5 
5 
1 515571925  
6 
1 2096339380  
3 
1 1970816521  
5 
1 127545983  
5 
6 
6 
4 
4 
5 
4 
1 2060775354  
4 
5 
5 
3 
6 
3 
6 
6 
6 
6 
2 
4 
4 
2 
6 
1 177661646  
3 
6 
6 
4 
4 
6 
1 1097167661  
4 
6 
5 
4 
2 
6 
6 
4 
2 
5 
3 
4 
1 1530887967  
4 
6 
4 
6 
4 
6 
3 
6 
1 1685201945  
4 
1 958108723  
1 613117165  
5 
6 
5 
3 
5 
3 
2 
4 
3 
5 
3 
3 
1 1031292626  
6 
4 
3 
6 
2 
1 1893727976  
2 
4 
2 
1 343044850  
3 
3 
3 
4 
4 
6 
6 
4 
3 
6 
4 
6 
1 1829969406  
5 
1 1628079081  
5 
2 
2 
2 
4 
2 
3 
2 
1 1613686275  
4 
6 
1 1782833111  
3 
1 69212706  
1 165335773  
6 
6 
5 
5 
1 315332032  
4 
2 
3 
1 90347788  
2 
4 
1 260711349  
2 
2 
6 
2 
4 
4 
5 
6 
2 
1 849328544  
4 
3 
4 
5 
1 1355916370  
2 
1 925557155  
4 
3 
1 1972229069  
1 1658627113  
5 
4 
2 
6 
2 
1 204269700  
5 
1 565231369  
2 
3 
2 
3 
1 1228261015  
1 719841625  
3 
1 514087101  
3 
4 
3 
6 
5 
2 
6 
5 
3 
6 
3 
3 
1 1051593888  
6 
6 
1 847387608  
6 
3 
5 
3 
4 
2 
4 
3 
5 
5 
4 
1 427378807  
2 
6 
5 
4 
6 
5 
3 
3 
4 
5 
1 1229255534  
5 
3 
1 1944555270  
2 
4 
5 
1 1958266774  
6 
1 766973831  
1 755180345  
4 
3 
5 
6 
4 
5 
1 423900292  
5 
3 
4 
1 1798266458  
2 
5 
2 
2 
2 
2 
6 
4 
1 501424673  
5 
1 766945142  
5 
5 
2 
6 
4 
3 
5 
2 
2 
5 
1 1480752216  
4 
1 2129503754  
6 
1 233147769  
1 1116101679  
4 
2 
4 
1 51232813  
2 
5 
3 
3 
5 
5 
5 
6 
6 
5 
5 
3 
3 
2 
5 
5 
3 
5 
1 398483542  
3 
2 
4 
3 
4 
6 
3 
6 
3 
4 
3 
4 
1 1431433712  
4 
6 
4 
1 141580601  
4 
3 
4 
3 
6 
2 
6 
5 
3 
3 
1 659194892  
5 
4 
3 
3 
4 
2 
6 
5 
4 
2 
1 133278608  
6 
5 
2 
2 
5 
1 1497496971  
2 
2 
6 
2 
6 
1 1584752047  
1 2105507677  
4 
2 
2 
6 
3 
4 
4 
2 
6 
6 
5 
1 1008640436  
3 
1 1789021748  
1 523255398  
2 
5 
6 
5 
4 
2 
3 
5 
1 89417803  
6 
5 
5 
6 
6 
1 361379725  
5 
3 
4 
6 
5 
5 
2 
6 
3 
4 
4 
4 
6 
4 
3 
3 
1 1037342500  
2 
5 
4 
4 
4 
6 
5 
1 1141011691  
3 
1 1208767334  
5 
3 
4 
4 
4 
4 
2 
4 
1 1464721307  
3 
6 
4 
1 222783577  
4 
1 1005838956  
2 
2 
5 
4 
3 
5 
3 
6 
5 
2 
1 1275504434  
4 
3 
1 989757408  
3 
5 
6 
3 
1 1761019301  
5 
4 
3 
6 
6 
3 
6 
6 
3 
3 
2 
1 1699404726  
2 
1 640540218  
6 
5 
6 
5 
1 114960326  
1 318866220  
1 2121292434  
6 
4 
5 
2 
5 
4 
3 
2 
4 
2 
6 
3 
6 
2 
4 
6 
5 
6 
4 
5 
1 96980433  
6 
1 552013989  
4 
4 
3 
1 1089910466  
2 
5 
5 
5 
6 
6 
1 148213246  
2 
3 
2 
1 950497532  
5 
6 
3 
6 
2 
3 
5 
2 
1 373860530  
2 
4 
1 289793847  
2 
5 
3 
1 1609692424  
3 
3 
2 
4 
4 
2 
5 
2 
1 507139138  
5 
4 
1 1787290818  
5 
1 1046960823  
2 
1 465163168  
4 
3 
1 648447606  
4 
1 688498923  
1 988418566  
2 
4 
2 
5 
4 
1 737865409  
4 
5 
4 
5 
3 
3 
1 1049878649  
2 
6 
2 
2 
6 
4 
1 2025761066  
4 
6 
1 1878877100  
1 111162335  
5 
4 
4 
5 
4 
2 
5 
2 
4 
5 
2 
5 
3 
5 
3 
5 
5 
2 
3 
6 
6 
4 
6 
1 1342998726  
3 
4 
1 2101660677  
6 
3 
6 
3 
3 
1 1117001291  
5 
6 
3 
4 
2 
1 471019512  
1 943934437  
3 
4 
5 
6 
5 
6 
6 
6 
1 730536944  
6 
3 
2 
5 
4 
6 
3 
5 
4 
4 
4 
5 
1 22940590  
5 
4 
1 1584474656  
5 
1 845497270  
2 
3 
5 
6 
2 
1 341806810  
6 
3 
1 1558283442  
5 
2 
4 
5 
5 
1 942477703  
1 893820799  
4 
2 
5 
1 500710260  
2 
6 
1 1090690949  
5 
4 
4 
4 
5 
3 
6 
3 
1 1844318331  
2 
5 
5 
2 
3 
2 
3 
5 
6 
5 
3 
5 
2 
3 
5 
1 874570790  
2 
2 
5 
2 
2 
2 
1 1380484796  
3 
1 1306527107  
3 
5 
4 
4 
3 
4 
2 
6 
6 
6 
5 
2 
1 1381709929  
3 
5 
1 1020291966  
2 
4 
2 
3 
2 
6 
2 
5 
6 
1 206004283  
5 
3 
4 
6 
5 
1 1846873097  
6 
2 
1 1668739572  
5 
3 
5 
3 
2 
3 
4 
2 
1 894503206  
3 
4 
3 
2 
2 
3 
6 
3 
2 
6 
4 
4 
1 687808015  
6 
3 
1 259121333  
1 1944381855  
3 
5 
3 
2 
3 
6 
5 
2 
5 
6 
2 
5 
3 
5 
2 
5 
5 
4 
1 566085434  
2 
1 2137998433  
2 
6 
3 
4 
3 
1 2055544190  
6 
4 
2 
5 
1 1909084160  
1 2092175462  
1 1025061833  
5 
4 
6 
5 
1 232620024  
1 888626252  
4 
6 
6 
5 
3 
4 
3 
5 
4 
6 
5 
3 
1 1755598777  
2 
4 
4 
5 
1 255560614  
3 
2 
6 
4 
3 
6 
4 
3 
1 325617260  
3 
3 
6 
5 
3 
5 
3 
1 453612400  
4 
3 
2 
6 
6 
2 
4 
5 
2 
2 
3 
2 
4 
2 
4 
4 
4 
5 
5 
6 
5 
6 
2 
2 
6 
3 
2 
6 
2 
5 
6 
6 
2 
5 
1 597367424  
4 
3 
1 1883900702  
6 
6 
1 1396090103  
6 
1 1491188223  
3 
3 
2 
1 237127315  
5 
2 
5 
3 
4 
5 
6 
3 
5 
6 
2 
1 339297405  
2 
5 
5 
3 
6 
1 1188022907  
1 1111698105  
2 
4 
6 
3 
6 
3 
2 
3 
5 
6 
1 1719782201  
3 
5 
4 
3 
6 
4 
3 
1 347066366  
1 345924386  
4 
2 
4 
2 
3 
3 
2 
1 592590520  
5 
6 
2 
3 
2 
5 
5 
3 
1 553070649  
1 45313835  
2 
4 
4 
3 
6 
1 113846444  
2 
5 
5 
1 1447573856  
1 733121851  
3 
2 
2 
1 372967778  
4 
1 1244472063  
3 
3 
6 
6 
1 1299207285  
1 363482563  
1 1152532606  
3 
6 
2 
5 
1 1060807797  
5 
5 
5 
3 
3 
3 
5 
3 
3 
1 308174378  
1 30110791  
5 
6 
2 
6 
2 
1 1293427821  
1 1196800630  
3 
5 
5 
2 
6 
4 
5 
5 
1 1785709569  
3 
1 1548988435  
1 1522417890  
1 91838321  
2 
4 
2 
2 
6 
2 
2 
6 
1 2146355859  
3 
1 1258834944  
3 
2 
5 
2 
4 
3 
6 
5 
5 
4 
1 1487928424  
6 
1 1490060434  
4 
2 
5 
4 
2 
3 
2 
2 
2 
6 
2 
3 
2 
4 
2 
4 
6 
1 1495962259  
2 
2 
2 
4 
3 
5 
5 
5 
3 
3 
5 
4 
3 
6 
4 
5 
5 
4 
2 
6 
3 
2 
2 
6 
1 1827225829  
5 
5 
5 
4 
5 
5 
1 530599693  
1 460176717  
1 1399524383  
4 
3 
6 
2 
5 
5 
5 
1 877666060  
1 806101103  
3 
2 
3 
4 
3 
4 
3 
6 
4 
2 
5 
2 
5 
2 
5 
5 
4 
1 1992114903  
5 
6 
2 
1 1430736709  
4 
5 
4 
6 
5 
5 
5 
4 
3 
4 
3 
4 
4 
6 
3 
4 
1 851414939  
6 
6 
4 
1 2105961347  
1 730826917  
6 
1 1584536790  
2 
2 
3 
5 
1 331445477  
4 
1 1975298981  
6 
2 
1 736260427  
2 
2 
1 694928041  
3 
4 
4 
2 
1 980347939  
3 
5 
5 
3 
1 1797068224  
6 
2 
5 
3 
6 
1 1003102419  
4 
5 
6 
6 
4 
6 
4 
2 
3 
3 
3 
2 
2 
5 
1 1010458730  
4 
4 
2 
5 
5 
5 
5 
5 
3 
3 
3 
4 
4 
2 
1 943012397  
3 
3 
3 
2 
6 
6 
4 
6 
1 52419401  
1 648684651  
2 
2 
1 344517184  
3 
4 
4 
5 
4 
4 
5 
3 
3 
5 
2 
1 1574837291  
1 740522972  
5 
5 
2 
1 343389395  
2 
3 
1 686188587  
3 
2 
4 
1 80967749  
2 
6 
3 
1 1833449829  
6 
3 
4 
6 
5 
3 
6 
3 
4 
5 
1 34667199  
5 
1 1908193578  
5 
6 
3 
2 
1 216565875  
1 494843916  
2 
3 
2 
2 
6 
6 
2 
2 
1 1160234313  
6 
3 
1 1094231935  
3 
1 1300945019  
6 
5 
3 
1 1004865568  
2 
1 377484996  
5 
4 
1 4876310  
5 
3 
2 
5 
4 
3 
3 
3 
6 
3 
4 
2 
2 
4 
2 
4 
1 963343268  
1 1108311914  
1 1589413100  
1 1294788745  
3 
1 936127247  
5 
2 
3 
4 
4 
6 
6 
1 178189879  
4 
5 
4 
2 
1 1989716786  
5 
4 
5 
6 
3 
6 
2 
5 
6 
2 
2 
5 
6 
6 
6 
1 1916475186  
1 1975258103  
4 
6 
4 
4 
5 
5 
6 
2 
3 
4 
4 
4 
1 845335557  
2 
6 
3 
3 
3 
2 
3 
2 
2 
4 
5 
4 
1 779450268  
5 
6 
5 
4 
3 
3 
4 
6 
5 
2 
1 770786852  
6 
6 
2 
2 
4 
3 
3 
5 
3 
5 
5 
4 
5 
2 
6 
4 
3 
3 
6 
4 
2 
2 
1 897754958  
5 
5 
2 
3 
1 1428134920  
4 
3 
5 
1 1115304036  
3 
2 
6 
4 
4 
5 
6 
6 
2 
6 
2 
6 
4 
6 
3 
1 325108601  
2 
5 
5 
6 
1 21174244  
5 
6 
1 1458693431  
5 
6 
3 
4 
2 
6 
1 1011297189  
1 102141993  
5 
6 
5 
4 
4 
6 
6 
3 
2 
5 
6 
1 1144659613  
1 1045964388  
5 
1 2010335572  
4 
2 
2 
4 
3 
6 
4 
6 
2 
3 
3 
6 
5 
1 1361225488  
4 
5 
2 
1 1540808304  
2 
2 
6 
2 
1 1023086237  
5 
1 307973775  
5 
1 694269675  
1 2027951806  
1 685458771  
3 
4 
4 
4 
5 
5 
2 
4 
6 
1 699145986  
1 843811426  
1 1793770685  
3 
2 
1 141075438  
4 
2 
2 
5 
6 
5 
1 2138600171  
4 
6 
6 
1 582414284  
6 
2 
3 
3 
4 
4 
3 
3 
3 
2 
4 
3 
3 
5 
2 
5 
3 
3 
6 
4 
6 
6 
6 
2 
1 319265318  
2 
2 
1 1980833310  
5 
1 351405822  
1 147039773  
5 
1 678685219  
6 
4 
3 
5 
4 
1 1130856091  
6 
5 
5 
4 
6 
6 
1 917826626  
5 
3 
5 
6 
1 1576440178  
1 411507363  
1 2033130662  
6 
5 
4 
6 
2 
1 1901548779  
5 
1 432681607  
3 
2 
6 
5 
1 1344340446  
6 
6 
4 
5 
4 
4 
3 
2 
4 
1 765362320  
4 
6 
4 
3 
6 
6 
6 
5 
3 
6 
5 
5 
4 
2 
4 
2 
6 
2 
2 
4 
6 
3 
2 
4 
6 
3 
6 
4 
1 534823601  
6 
3 
6 
3 
5 
3 
5 
3 
6 
6 
2 
2 
3 
6 
4 
5 
2 
6 
5 
5 
3 
2 
1 341516411  
2 
6 
3 
1 1811326708  
1 397675525  
1 1702741899  
5 
6 
5 
6 
6 
2 
3 
1 1204651364  
5 
6 
2 
3 
2 
3 
2 
3 
3 
1 1420761762  
4 
2 
4 
4 
5 
2 
1 2010715674  
1 1898921040  
1 1301229920  
2 
2 
6 
5 
6 
2 
3 
2 
4 
3 
3 
3 
3 
5 
1 548690797  
6 
4 
2 
2 
5 
5 
5 
1 450583378  
2 
5 
6 
2 
2 
6 
2 
2 
2 
3 
4 
2 
2 
6 
6 
4 
6 
6 
6 
6 
3 
5 
6 
4 
2 
6 
1 2145041346  
4 
3 
2 
3 
3 
5 
5 
4 
3 
5 
3 
1 194977835  
1 591658816  
1 2136157870  
2 
1 777392119  
3 
3 
3 
1 910924134  
2 
4 
1 1969507532  
6 
2 
6 
4 
5 
1 1128797942  
2 
5 
3 
5 
4 
4 
1 1057963908  
1 500709103  
4 
3 
4 
1 112170385  
4 
4 
4 
4 
5 
2 
1 1975790534  
1 2077149281  
6 
3 
6 
1 523677748  
6 
1 1861437548  
2 
4 
6 
3 
5 
1 1831214413  
5 
3 
5 
6 
4 
4 
2 
2 
4 
6 
3 
4 
4 
2 
5 
3 
6 
3 
2 
2 
6 
6 
2 
4 
5 
5 
3 
5 
5 
6 
1 956359355  
5 
2 
3 
5 
3 
1 1058294346  
1 449093085  
3 
5 
3 
2 
4 
3 
6 
2 
6 
2 
1 1491182956  
6 
5 
5 
2 
5 
5 
4 
1 1399810757  
3 
4 
6 
2 
4 
6 
1 112936146  
4 
1 1888858481  
6 
5 
1 955069008  
1 1317587510  
4 
3 
1 1162136596  
5 
3 
4 
4 
6 
5 
2 
4 
5 
6 
5 
2 
5 
3 
3 
2 
2 
5 
3 
5 
5 
4 
5 
3 
3 
3 
3 
3 
5 
5 
5 
5 
1 818301034  
6 
5 
4 
6 
3 
5 
3 
3 
5 
6 
4 
6 
5 
5 
3 
2 
3 
4 
2 
1 1069024902  
1 315882868  
4 
6 
5 
6 
1 1366991832  
4 
3 
5 
5 
4 
1 1519608280  
1 313440567  
4 
3 
3 
2 
6 
1 1561969667  
5 
5 
3 
4 
3 
3 
2 
4 
2 
2 
4 
1 2111267097  
4 
6 
2 
3 
6 
5 
4 
3 
4 
1 302114789  
2 
4 
3 
2 
4 
5 
2 
2 
5 
4 
4 
3 
6 
6 
2 
1 191878138  
6 
4 
5 
5 
5 
2 
6 
5 
6 
5 
5 
1 874707583  
5 
6 
1 124138673  
3 
3 
6 
6 
2 
2 
4 
1 1320676080  
3 
4 
6 
2 
2 
5 
6 
4 
5 
6 
5 
3 
3 
4 
4 
4 
5 
6 
6 
4 
1 1932671491  
6 
3 
5 
6 
3 
6 
4 
5 
4 
5 
1 624847776  
4 
1 1432846465  
5 
2 
2 
1 1760978377  
3 
5 
4 
4 
3 
5 
5 
6 
5 
3 
1 554513410  
1 1956524213  
3 
3 
5 
4 
6 
5 
3 
5 
1 1474932278  
3 
3 
1 238244175  
3 
3 
3 
2 
3 
4 
2 
6 
2 
1 765399921  
4 
5 
1 385742976  
3 
4 
6 
6 
2 
6 
6 
2 
4 
1 687337260  
3 
5 
3 
1 109099229  
3 
1 1785553734  
4 
5 
2 
3 
5 
5 
4 
1 800273406  
2 
5 
5 
5 
6 
5 
5 
5 
2 
3 
6 
4 
4 
3 
5 
2 
5 
3 
5 
1 1997957711  
6 
6 
6 
4 
4 
2 
5 
5 
4 
1 593139094  
6 
5 
5 
6 
6 
2 
3 
6 
3 
2 
2 
2 
2 
2 
6 
2 
3 
3 
1 2117860917  
1 1012610659  
6 
5 
1 1411440129  
3 
1 1039402171  
1 1328493527  
4 
3 
1 630948313  
2 
5 
6 
2 
1 411526804  
6 
1 1641934094  
1 45434332  
3 
2 
5 
1 375310253  
3 
4 
4 
6 
3 
4 
2 
3 
4 
6 
4 
4 
3 
4 
6 
2 
1 1944048883  
4 
2 
3 
5 
4 
6 
3 
5 
4 
5 
3 
2 
1 237312470  
2 
4 
3 
3 
5 
4 
6 
2 
2 
1 1250017836  
3 
6 
3 
1 2068187556  
1 1557988551  
4 
1 1035205680  
4 
4 
4 
5 
3 
5 
2 
6 
4 
4 
6 
3 
2 
6 
3 
2 
6 
3 
3 
3 
2 
3 
1 545551685  
4 
2 
2 
5 
5 
1 843351368  
2 
2 
1 648700409  
5 
1 1100065095  
4 
4 
2 
2 
4 
3 
6 
6 
1 652391934  
3 
5 
3 
3 
3 
1 2123632687  
2 
5 
5 
1 1338309270  
2 
6 
3 
3 
2 
3 
1 1417791855  
2 
5 
5 
4 
3 
5 
3 
3 
4 
4 
6 
6 
6 
5 
5 
5 
6 
6 
4 
1 361892016  
2 
3 
5 
1 2025646530  
6 
1 1526891084  
2 
4 
1 2147445750  
1 678436289  
3 
1 1377365147  
5 
1 593101196  
5 
6 
5 
4 
2 
6 
4 
2 
5 
4 
1 648813558  
3 
2 
3 
6 
1 242492158  
3 
5 
4 
1 2004541325  
2 
6 
3 
4 
2 
3 
3 
6 
1 1688215729  
2 
2 
1 1570985686  
2 
1 488005990  
1 2099742533  
3 
5 
5 
6 
5 
6 
6 
2 
2 
1 1065436132  
3 
6 
2 
3 
3 
6 
2 
2 
2 
1 533440322  
2 
5 
2 
2 
1 327569138  
6 
5 
1 862001368  
3 
5 
3 
2 
3 
5 
2 
5 
2 
5 
1 770752793  
6 
5 
4 
4 
2 
2 
5 
5 
4 
1 1577586975  
5 
1 782705276  
2 
5 
2 
6 
5 
5 
1 181257696  
1 465309007  
4 
6 
1 1328256961  
2 
3 
3 
4 
2 
6 
3 
6 
5 
4 
2 
5 
1 1024609064  
1 1114009416  
2 
1 280838408  
4 
1 1677000998  
1 1090158456  
5 
1 1619147678  
6 
3 
2 
6 
3 
4 
6 
2 
4 
5 
4 
5 
6 
4 
2 
5 
1 947309205  
5 
2 
6 
3 
6 
3 
3 
3 
5 
5 
1 1452050472  
4 
5 
1 1497310561  
1 326716642  
3 
5 
3 
2 
5 
4 
1 1452012574  
4 
6 
3 
4 
1 28263202  
3 
2 
5 
1 1704081789  
5 
2 
4 
5 
6 
5 
2 
5 
2 
2 
4 
3 
6 
1 2045113770  
4 
2 
4 
2 
5 
1 677076760  
3 
1 1946573948  
3 
6 
5 
5 
3 
5 
2 
3 
6 
5 
4 
3 
4 
4 
3 
5 
4 
5 
3 
4 
1 1902171448  
3 
5 
5 
1 217808841  
1 1370075986  
1 242693790  
5 
4 
1 170067727  
1 288028470  
2 
2 
2 
4 
6 
4 
4 
1 776134113  
5 
6 
5 
1 497636865  
2 
6 
4 
4 
3 
5 
5 
1 1150029838  
3 
5 
5 
1 1546886906  
6 
1 2075223840  
2 
6 
3 
2 
5 
1 1932735115  
3 
4 
6 
6 
2 
3 
3 
3 
2 
5 
4 
1 1728144602  
3 
2 
5 
5 
4 
1 393049199  
6 
1 1113508428  
2 
2 
6 
5 
6 
3 
2 
6 
3 
1 605270018  
2 
6 
4 
3 
5 
6 
6 
5 
3 
3 
1 1507058616  
3 
3 
1 1394346837  
3 
5 
4 
3 
2 
5 
2 
3 
3 
5 
2 
2 
1 134787369  
4 
6 
3 
1 449733424  
5 
2 
6 
1 866010867  
4 
5 
5 
3 
2 
2 
6 
2 
2 
6 
5 
4 
5 
4 
1 1082096574  
5 
2 
1 1901783896  
2 
5 
2 
3 
4 
6 
5 
3 
5 
3 
6 
2 
5 
6 
1 215837780  
5 
4 
1 1408813216  
3 
4 
5 
6 
3 
4 
4 
4 
2 
2 
3 
4 
3 
4 
5 
4 
1 1206312822  
2 
4 
5 
5 
3 
3 
3 
6 
2 
3 
1 244100982  
5 
6 
5 
4 
3 
2 
1 965411358  
5 
1 1103942944  
4 
6 
5 
5 
3 
1 921177742  
3 
6 
3 
1 764501658  
6 
2 
6 
6 
5 
3 
6 
1 858630744  
4 
1 1138986584  
6 
1 2134577644  
3 
4 
5 
2 
3 
1 1101324535  
6 
6 
3 
1 1309054311  
2 
3 
1 275122466  
2 
4 
5 
1 1877458648  
2 
5 
2 
6 
5 
1 1806691176  
6 
1 1425152305  
4 
3 
1 1276861906  
6 
5 
2 
2 
6 
5 
5 
5 
6 
1 1734431369  
2 
5 
4 
6 
3 
5 
4 
1 1210403772  
4 
4 
6 
2 
3 
4 
1 857522860  
5 
3 
2 
1 2127480568  
2 
5 
4 
3 
6 
6 
5 
4 
3 
4 
4 
1 176428552  
3 
5 
5 
2 
4 
3 
6 
3 
2 
4 
5 
4 
4 
1 1462792878  
1 1487055536  
2 
4 
5 
4 
2 
5 
5 
6 
3 
4 
4 
1 1570775389  
3 
4 
4 
4 
1 1597580247  
2 
4 
4 
5 
5 
2 
5 
4 
5 
1 1936788960  
6 
5 
4 
2 
1 289302609  
1 532193174  
4 
3 
6 
4 
4 
2 
1 1691089208  
3 
1 505140389  
1 1941006390  
5 
5 
4 
1 749918382  
2 
5 
4 
2 
2 
2 
4 
5 
2 
4 
3 
5 
3 
4 
3 
3 
2 
3 
6 
2 
5 
2 
3 
3 
4 
2 
2 
1 749241372  
4 
1 758934100  
3 
4 
2 
6 
4 
2 
5 
1 1853861327  
5 
6 
2 
5 
5 
6 
2 
4 
2 
4 
5 
3 
1 1670419114  
1 1523435758  
5 
2 
2 
3 
5 
1 565008423  
6 
3 
4 
3 
2 
5 
6 
4 
2 
6 
1 661922050  
3 
1 1510529754  
5 
4 
4 
2 
1 1666332958  
4 
1 1970976361  
2 
6 
3 
3 
3 
2 
6 
1 1785652221  
2 
6 
6 
2 
2 
4 
4 
6 
3 
1 1396307958  
3 
6 
3 
6 
5 
3 
3 
5 
6 
4 
4 
5 
4 
6 
2 
6 
4 
6 
1 1630183890  
4 
3 
1 1063320878  
6 
6 
6 
3 
5 
4 
4 
3 
6 
4 
1 525686216  
6 
5 
2 
2 
4 
2 
3 
2 
1 1217131611  
4 
5 
6 
5 
1 126241002  
4 
2 
2 
5 
5 
6 
6 
3 
4 
2 
2 
3 
1 1383209076  
3 
1 1197128531  
3 
2 
4 
5 
3 
3 
3 
4 
1 302669554  
3 
2 
2 
4 
1 698518307  
5 
6 
4 
6 
6 
3 
6 
4 
2 
4 
5 
5 
3 
5 
3 
1 536700420  
1 1873444944  
4 
1 148614906  
2 
3 
4 
6 
2 
5 
5 
1 326005732  
2 
3 
6 
5 
3 
4 
6 
4 
3 
1 15263905  
6 
6 
6 
6 
5 
6 
6 
4 
4 
1 680808080  
1 2017094941  
4 
2 
2 
2 
5 
2 
5 
1 520404294  
3 
5 
3 
2 
2 
1 474330823  
5 
4 
3 
3 
6 
1 619529675  
3 
5 
3 
6 
6 
2 
3 
3 
2 
4 
4 
5 
2 
5 
6 
2 
6 
4 
2 
6 
2 
1 1269645666  
3 
2 
3 
4 
5 
1 1233264923  
3 
4 
6 
4 
6 
4 
4 
4 
1 325907354  
4 
1 792581133  
4 
3 
5 
1 609217034  
1 890915778  
1 1454503183  
6 
4 
6 
5 
6 
4 
1 2119746788  
4 
2 
4 
6 
5 
3 
2 
2 
5 
1 409765088  
2 
4 
3 
4 
1 1277995897  
2 
2 
4 
4 
2 
6 
1 1757915361  
2 
6 
5 
3 
6 
3 
4 
1 1806073047  
1 760696139  
4 
2 
4 
6 
6 
2 
2 
4 
6 
6 
1 673752591  
6 
1 184275615  
6 
4 
3 
4 
6 
4 
4 
4 
3 
1 1977827750  
2 
5 
5 
5 
6 
3 
1 799993593  
2 
2 
3 
3 
6 
1 1567484692  
2 
5 
6 
4 
4 
2 
1 1027472633  
1 1102663148  
3 
1 118519351  
6 
6 
3 
2 
2 
1 1564173053  
5 
2 
4 
3 
3 
3 
3 
5 
3 
6 
3 
4 
3 
2 
3 
2 
4 
5 
3 
2 
6 
6 
6 
2 
5 
1 828624444  
4 
3 
5 
3 
5 
2 
2 
4 
4 
1 267134257  
3 
2 
4 
4 
4 
5 
6 
6 
3 
2 
5 
5 
2 
1 1890178786  
6 
4 
6 
1 843888349  
2 
2 
2 
5 
3 
6 
3 
2 
4 
4 
1 947942338  
6 
4 
1 1759790079  
5 
4 
5 
3 
3 
1 1364292643  
5 
6 
2 
2 
6 
1 1422273161  
1 231836106  
6 
4 
3 
4 
6 
1 486454662  
4 
3 
4 
3 
5 
5 
6 
6 
1 508054436  
3 
3 
6 
2 
4 
5 
4 
5 
3 
3 
6 
2 
5 
3 
3 
5 
4 
6 
1 557743461  
5 
6 
4 
5 
1 1279035795  
2 
4 
6 
3 
5 
4 
6 
6 
2 
6 
6 
2 
3 
4 
3 
3 
6 
4 
4 
5 
6 
5 
3 
4 
1 1117271470  
2 
2 
1 1448659239  
1 586055330  
6 
2 
4 
3 
3 
1 1089534611  
6 
5 
1 1858424327  
4 
6 
5 
5 
6 
6 
2 
4 
3 
5 
5 
6 
6 
3 
3 
4 
3 
2 
2 
4 
1 1864051227  
2 
1 699966324  
1 1517013726  
4 
5 
6 
4 
6 
5 
1 477263718  
4 
1 1373718916  
2 
6 
5 
5 
4 
2 
2 
1 1701289342  
5 
5 
3 
4 
4 
2 
3 
3 
4 
5 
1 307607820  
1 26228861  
2 
6 
6 
3 
5 
1 1121290386  
2 
2 
4 
3 
5 
3 
3 
4 
3 
2 
3 
5 
6 
6 
5 
5 
5 
3 
6 
2 
6 
6 
2 
3 
4 
4 
2 
1 1335080454  
6 
5 
3 
5 
1 1128892009  
4 
6 
2 
6 
6 
1 1239809737  
3 
5 
2 
6 
6 
3 
5 
3 
6 
6 
4 
6 
5 
4 
1 751769859  
1 1957516453  
6 
4 
6 
5 
1 1506943994  
3 
3 
1 494464997  
3 
2 
5 
6 
2 
3 
3 
3 
3 
2 
5 
1 653921154  
6 
2 
1 307402684  
4 
2 
6 
5 
3 
5 
6 
5 
4 
4 
3 
5 
4 
3 
4 
6 
4 
4 
5 
3 
1 106771428  
5 
4 
3 
2 
1 2018213798  
1 1729675845  
5 
2 
6 
3 
5 
5 
5 
5 
5 
6 
4 
5 
3 
3 
2 
1 338607535  
5 
2 
4 
2 
6 
1 357184812  
2 
5 
4 
6 
2 
4 
5 
3 
1 90246634  
4 
1 896350996  
2 
1 1636220607  
5 
1 1207518104  
5 
6 
5 
5 
6 
4 
3 
5 
3 
5 
3 
4 
6 
2 
4 
4 
1 197526587  
5 
2 
4 
6 
3 
3 
3 
4 
3 
5 
3 
1 74792289  
1 149569067  
4 
6 
3 
4 
2 
3 
2 
2 
2 
6 
3 
3 
6 
2 
5 
5 
5 
6 
3 
3 
5 
1 2055950914  
2 
4 
3 
4 
5 
1 1938843517  
3 
3 
2 
3 
4 
2 
4 
1 849535392  
5 
6 
2 
5 
3 
5 
5 
3 
5 
3 
2 
3 
6 
5 
6 
3 
4 
3 
3 
6 
4 
3 
6 
1 1425480993  
2 
2 
6 
1 268623587  
3 
1 75770660  
2 
1 979286687  
5 
4 
6 
2 
2 
4 
4 
3 
4 
3 
2 
6 
4 
1 576231408  
5 
3 
4 
4 
1 101999521  
5 
2 
4 
6 
6 
3 
2 
2 
3 
4 
2 
3 
5 
5 
3 
4 
6 
1 2100577073  
1 1911311862  
5 
4 
1 1230891531  
1 1192903162  
6 
5 
2 
2 
6 
3 
4 
1 515598073  
5 
3 
4 
1 1040924336  
4 
4 
1 552363508  
3 
4 
6 
1 1010063071  
2 
1 1694845491  
3 
5 
6 
3 
6 
2 
6 
4 
4 
3 
3 
6 
4 
5 
2 
4 
2 
4 
3 
4 
3 
6 
6 
1 859766193  
5 
1 1116834499  
5 
5 
2 
2 
2 
2 
4 
4 
3 
5 
6 
3 
4 
2 
3 
1 1565575641  
4 
2 
4 
2 
2 
1 441958390  
5 
3 
2 
4 
6 
4 
5 
5 
3 
4 
1 1455442034  
3 
3 
6 
6 
6 
6 
4 
4 
4 
5 
3 
4 
2 
2 
6 
2 
6 
2 
3 
2 
3 
1 1922760453  
3 
6 
3 
5 
5 
6 
5 
4 
3 
6 
4 
6 
1 532205024  
6 
2 
6 
5 
6 
6 
6 
2 
4 
1 204309382  
2 
2 
1 1411497412  
4 
6 
3 
5 
3 
5 
4 
5 
3 
1 1739723129  
4 
5 
5 
1 401835969  
1 1486289701  
3 
3 
5 
2 
3 
2 
2 
3 
4 
1 1889292196  
3 
4 
1 310303236  
5 
1 1277649570  
5 
2 
2 
3 
5 
3 
5 
4 
2 
2 
4 
4 
4 
1 591343940  
2 
2 
3 
4 
1 1735784229  
5 
6 
5 
1 1546273158  
5 
3 
2 
2 
1 667114600  
4 
4 
6 
1 567587268  
3 
6 
3 
3 
3 
5 
6 
5 
6 
2 
1 2122504566  
5 
3 
4 
6 
4 
2 
2 
5 
1 769114122  
1 520680693  
6 
4 
1 1886332780  
6 
2 
6 
1 2000005653  
6 
6 
4 
6 
6 
1 1713583855  
2 
6 
5 
5 
6 
6 
4 
4 
5 
5 
5 
3 
1 254447205  
3 
2 
2 
1 893446341  
4 
1 118463715  
2 
3 
1 1264510276  
4 
1 440808184  
3 
5 
2 
5 
1 978229908  
2 
5 
2 
3 
5 
4 
2 
3 
5 
5 
6 
2 
2 
1 233861128  
6 
5 
2 
5 
3 
5 
6 
3 
4 
3 
1 2006383825  
1 1420188299  
4 
3 
5 
4 
4 
4 
1 1689303162  
6 
3 
2 
6 
1 1781660630  
2 
5 
1 1952393323  
3 
4 
3 
6 
1 1893612545  
5 
2 
3 
1 1045674394  
1 1544632804  
6 
2 
5 
3 
4 
2 
1 147964866  
3 
2 
6 
3 
6 
2 
6 
2 
1 384480448  
6 
5 
2 
1 1286441353  
3 
3 
1 458268102  
3 
4 
6 
2 
5 
4 
1 1662130018  
3 
5 
2 
2 
6 
6 
4 
4 
4 
5 
4 
5 
1 1877785293  
2 
6 
2 
2 
6 
6 
5 
6 
2 
1 46568683  
1 1060919528  
5 
1 397416246  
1 614155951  
3 
6 
4 
3 
2 
6 
2 
3 
5 
2 
3 
6 
2 
6 
6 
1 1035940446  
2 
6 
3 
2 
4 
5 
5 
6 
1 1166530368  
1 1134836644  
6 
2 
3 
2 
2 
4 
3 
3 
5 
2 
1 774789578  
5 
2 
6 
2 
5 
1 1019052373  
6 
5 
1 700936851  
2 
6 
6 
1 1029236784  
4 
4 
6 
6 
4 
4 
2 
2 
5 
1 1912498714  
4 
3 
1 819400567  
3 
2 
3 
6 
3 
1 146263412  
5 
3 
5 
3 
5 
6 
6 
6 
6 
5 
2 
3 
6 
1 205823251  
1 1797630475  
5 
4 
4 
1 380124540  
4 
6 
3 
2 
6 
4 
2 
5 
5 
1 64723428  
6 
1 1070335126  
1 2069427703  
3 
3 
2 
1 1846384059  
1 875244802  
6 
2 
3 
2 
5 
4 
3 
1 1815556600  
1 744574805  
5 
3 
2 
5 
4 
2 
5 
2 
5 
4 
2 
3 
6 
1 272393958  
3 
5 
1 1963521466  
4 
6 
3 
6 
5 
4 
5 
5 
6 
4 
4 
4 
1 1129055253  
6 
1 1558835311  
3 
6 
5 
6 
2 
1 274305921  
4 
2 
2 
4 
1 643701624  
6 
2 
1 1289136957  
1 320874604  
3 
3 
4 
1 1704621152  
3 
2 
6 
3 
3 
1 1686553203  
5 
2 
3 
6 
3 
3 
5 
5 
5 
4 
1 935030556  
4 
4 
3 
1 593077951  
6 
6 
2 
1 705599923  
4 
4 
6 
5 
6 
6 
5 
1 2069867200  
3 
6 
1 1367867529  
6 
1 1724652296  
3 
5 
3 
1 623320404  
5 
1 249620665  
3 
6 
3 
4 
4 
6 
1 1489667362  
3 
1 1442720971  
5 
2 
1 395884078  
2 
2 
3 
5 
6 
2 
1 1695490613  
3 
4 
1 1092867798  
6 
3 
4 
4 
6 
2 
5 
5 
6 
4 
3 
2 
6 
2 
2 
1 776008618  
3 
1 1760214042  
6 
4 
1 15719277  
5 
5 
4 
5 
4 
5 
4 
2 
3 
2 
6 
5 
1 697952673  
2 
2 
1 1459114453  
2 
4 
6 
3 
3 
5 
4 
2 
1 890964079  
4 
2 
3 
5 
3 
2 
1 366025625  
2 
4 
3 
4 
1 56205610  
5 
5 
2 
1 1163358037  
2 
3 
5 
1 182063444  
4 
6 
2 
3 
2 
3 
5 
3 
1 1185260864  
5 
3 
4 
1 574709701  
3 
6 
4 
4 
3 
5 
3 
2 
4 
5 
4 
4 
2 
1 456369365  
1 1828962488  
5 
2 
5 
5 
6 
3 
3 
6 
4 
1 1863846658  
5 
1 777243969  
3 
4 
2 
2 
4 
1 1386099992  
5 
4 
3 
3 
5 
1 1402916213  
1 1712274525  
5 
6 
6 
1 1979177943  
5 
5 
4 
4 
4 
2 
4 
6 
3 
5 
4 
6 
3 
6 
1 2108516136  
3 
5 
6 
1 1634658078  
1 1199561825  
3 
3 
6 
4 
5 
6 
5 
3 
4 
6 
6 
5 
2 
4 
4 
1 1685684784  
2 
1 110494834  
2 
1 1449182490  
5 
1 1027868498  
1 1553215805  
6 
4 
6 
5 
4 
4 
2 
5 
3 
4 
4 
2 
4 
4 
3 
1 1845066568  
3 
6 
3 
6 
2 
1 575875464  
2 
5 
5 
4 
6 
3 
5 
2 
4 
4 
4 
6 
5 
4 
3 
4 
3 
2 
3 
6 
6 
1 498599955  
5 
2 
1 473591539  
3 
4 
4 
5 
4 
6 
4 
1 188605858  
5 
5 
5 
2 
4 
1 514319232  
4 
5 
4 
2 
1 1171544212  
5 
4 
1 1647720311  
5 
3 
4 
5 
4 
3 
5 
2 
1 1405283311  
6 
4 
2 
1 1537569838  
3 
4 
3 
5 
6 
2 
2 
6 
5 
6 
2 
5 
5 
5 
1 1703925921  
6 
4 
5 
4 
1 421157701  
2 
3 
4 
2 
3 
3 
1 1719633282  
5 
6 
2 
3 
1 741703137  
5 
1 995867402  
1 28518999  
1 423181977  
6 
6 
4 
3 
6 
1 712230412  
4 
6 
1 805762968  
2 
6 
5 
3 
1 1809281970  
3 
3 
6 
6 
5 
2 
2 
2 
1 2115146625  
4 
2 
1 370553846  
4 
5 
1 1640976265  
1 2076179113  
6 
6 
1 2005211924  
1 693054442  
6 
3 
5 
3 
4 
2 
2 
4 
6 
6 
3 
2 
1 1614380249  
1 2115706758  
3 
6 
2 
1 2142236933  
3 
3 
4 
4 
5 
6 
1 494765099  
4 
3 
3 
6 
5 
4 
4 
2 
1 1521438915  
3 
5 
3 
2 
2 
6 
2 
2 
3 
4 
1 1839819853  
4 
1 1070640563  
5 
5 
1 2020038870  
5 
2 
1 165927744  
1 1259246421  
1 386874455  
3 
6 
6 
1 1337471957  
6 
1 759483084  
2 
1 1792157766  
6 
3 
1 727558147  
3 
6 
6 
6 
6 
5 
1 315925358  
3 
6 
1 65831819  
4 
3 
5 
3 
1 299707781  
6 
5 
3 
2 
6 
2 
2 
4 
1 1057628495  
5 
6 
1 1061699221  
3 
1 328226780  
1 1480810473  
5 
2 
1 1773929633  
6 
5 
2 
3 
4 
2 
3 
3 
4 
4 
4 
6 
5 
2 
1 1133989748  
3 
2 
4 
5 
5 
4 
4 
2 
6 
5 
6 
3 
1 1142608795  
1 1741592610  
1 1504543594  
6 
2 
2 
5 
4 
6 
6 
2 
3 
3 
2 
2 
1 636101412  
3 
6 
6 
5 
1 1670288075  
5 
2 
5 
5 
1 1362271870  
4 
6 
4 
3 
6 
6 
4 
2 
6 
4 
4 
2 
4 
4 
3 
4 
4 
3 
2 
2 
1 1329155855  
2 
3 
6 
6 
3 
3 
4 
6 
6 
6 
1 1137184676  
1 1330494980  
3 
5 
5 
3 
2 
3 
6 
1 1323909140  
2 
6 
4 
3 
4 
3 
4 
5 
4 
5 
1 1631949776  
6 
2 
6 
2 
1 704450247  
1 1016245345  
5 
6 
6 
5 
5 
4 
1 555106691  
4 
6 
6 
6 
4 
3 
1 577005470  
2 
1 1182173090  
3 
5 
1 1814353113  
4 
6 
4 
4 
3 
1 963879925  
6 
5 
4 
3 
6 
2 
2 
4 
5 
6 
4 
3 
6 
4 
2 
3 
6 
3 
4 
3 
6 
5 
5 
1 372161399  
5 
4 
4 
4 
5 
3 
6 
4 
6 
5 
5 
6 
2 
2 
1 426352549  
4 
1 608554043  
4 
3 
5 
1 1099719546  
2 
5 
2 
6 
5 
5 
3 
2 
5 
1 742277907  
6 
3 
1 674385863  
2 
4 
3 
6 
6 
5 
1 1399427327  
4 
2 
4 
1 1799906403  
1 1736085084  
3 
4 
2 
4 
4 
2 
4 
1 1727654107  
6 
3 
1 1133233228  
1 1362531070  
5 
4 
2 
2 
5 
5 
5 
6 
5 
2 
4 
3 
2 
6 
4 
6 
1 714160207  
6 
3 
4 
1 128358375  
5 
5 
1 956640032  
6 
3 
5 
3 
1 71220154  
4 
4 
6 
2 
2 
4 
6 
5 
3 
3 
2 
4 
5 
6 
6 
5 
5 
2 
6 
2 
6 
4 
4 
4 
6 
5 
3 
6 
6 
5 
5 
1 764459787  
4 
2 
1 479444460  
4 
1 1433492024  
4 
3 
2 
4 
4 
4 
6 
5 
6 
5 
4 
3 
6 
3 
4 
1 2093615642  
3 
1 1616629136  
1 616503357  
3 
2 
1 1270041134  
1 1101095264  
5 
1 1320953604  
4 
3 
2 
3 
1 138802832  
4 
5 
1 1656201956  
6 
6 
5 
4 
2 
4 
6 
2 
2 
5 
6 
5 
2 
1 1897959074  
6 
1 1320975922  
6 
6 
2 
5 
3 
4 
2 
4 
3 
5 
5 
3 
3 
6 
3 
2 
1 1323071421  
6 
6 
2 
6 
1 714355351  
6 
2 
2 
6 
6 
3 
1 1693137321  
1 1749423970  
2 
6 
2 
1 1322909395  
5 
4 
5 
1 645373219  
1 344218230  
1 1997295258  
6 
3 
6 
4 
5 
4 
3 
5 
5 
4 
5 
2 
4 
3 
1 2044800546  
2 
2 
1 2144124633  
4 
2 
4 
3 
3 
6 
4 
1 1585896694  
3 
5 
3 
2 
4 
4 
1 1624971005  
6 
4 
1 1129874213  
5 
5 
5 
2 
3 
6 
2 
5 
4 
2 
6 
4 
5 
6 
5 
1 800944116  
5 
4 
1 191647564  
2 
5 
3 
2 
5 
2 
1 1258232588  
5 
6 
2 
4 
5 
6 
4 
4 
4 
6 
6 
1 1757584149  
1 262867718  
3 
6 
3 
4 
3 
3 
3 
4 
1 2022692375  
5 
6 
2 
3 
4 
5 
2 
3 
6 
5 
2 
2 
5 
6 
2 
4 
4 
3 
6 
2 
4 
5 
1 89544961  
1 1696359743  
3 
5 
1 1968824370  
3 
4 
3 
4 
1 1706174097  
1 165379452  
6 
1 1091381856  
1 659785714  
5 
5 
2 
4 
1 1486333056  
2 
4 
3 
6 
6 
5 
3 
1 1230184688  
3 
6 
2 
2 
5 
3 
5 
6 
6 
2 
6 
2 
6 
4 
5 
4 
6 
6 
3 
6 
3 
2 
6 
3 
6 
1 168504022  
5 
6 
4 
1 1236808483  
4 
6 
1 403676962  
1 1491575443  
5 
6 
1 1951163834  
1 2096814283  
5 
5 
3 
6 
4 
2 
3 
3 
6 
4 
5 
1 1093515765  
4 
5 
5 
5 
1 1126589581  
4 
6 
5 
5 
5 
5 
3 
1 594703854  
3 
5 
6 
2 
5 
3 
1 1437733995  
1 976401191  
6 
1 492020752  
3 
2 
1 1434374980  
1 414814238  
4 
3 
4 
1 2116991757  
5 
6 
5 
4 
3 
4 
2 
2 
1 416765545  
6 
1 1215758354  
2 
5 
4 
2 
3 
6 
1 161155674  
2 
3 
4 
1 1674998133  
4 
6 
3 
3 
4 
5 
1 825858855  
5 
3 
2 
3 
1 424023392  
5 
4 
2 
4 
2 
2 
2 
4 
4 
1 1550206861  
2 
2 
2 
2 
2 
2 
4 
2 
1 915403816  
2 
4 
3 
6 
3 
2 
2 
4 
5 
3 
4 
5 
2 
4 
1 2120383135  
3 
5 
1 1371547583  
1 474094266  
4 
5 
4 
2 
3 
1 138278939  
5 
2 
4 
3 
6 
3 
4 
4 
1 315445791  
1 1133879980  
6 
1 1624611996  
3 
4 
3 
6 
5 
3 
3 
1 1545630480  
6 
5 
2 
5 
4 
5 
1 1302384002  
5 
6 
4 
6 
6 
1 713936831  
3 
1 1949307442  
2 
3 
1 646475797  
1 517617017  
1 1898638078  
1 1739991562  
2 
2 
3 
4 
6 
2 
2 
5 
4 
4 
2 
6 
1 1644206599  
1 345858284  
2 
2 
6 
3 
5 
2 
5 
3 
1 1030241910  
6 
5 
4 
4 
4 
1 473124142  
2 
4 
2 
3 
1 837879037  
6 
6 
2 
5 
6 
3 
1 317133242  
1 887938380  
2 
1 807387146  
6 
2 
2 
3 
1 733898788  
5 
2 
4 
5 
2 
2 
6 
6 
6 
5 
4 
4 
1 2103696735  
3 
2 
3 
1 968542820  
2 
5 
5 
5 
4 
4 
6 
2 
5 
5 
4 
1 261413273  
4 
4 
4 
2 
6 
6 
5 
2 
4 
5 
2 
5 
5 
4 
6 
1 782071942  
1 1392566213  
6 
1 1811620134  
1 1697475759  
4 
4 
5 
6 
6 
3 
1 1365465700  
2 
2 
6 
3 
6 
6 
6 
6 
5 
3 
5 
6 
3 
5 
3 
5 
1 1035684069  
5 
6 
2 
1 24086377  
3 
2 
2 
2 
4 
6 
1 1503744640  
1 1351129861  
6 
6 
5 
6 
5 
4 
3 
3 
4 
2 
2 
2 
3 
6 
6 
6 
4 
1 1157966357  
6 
6 
2 
5 
1 980872988  
4 
1 749276693  
2 
3 
6 
5 
6 
6 
2 
6 
6 
1 312866711  
3 
5 
2 
1 1694809819  
3 
2 
3 
6 
1 551100487  
6 
5 
3 
6 
6 
3 
6 
4 
1 959342508  
6 
1 64943188  
3 
2 
5 
2 
6 
4 
2 
3 
4 
4 
2 
6 
3 
2 
5 
3 
5 
5 
1 302254917  
4 
3 
4 
6 
2 
2 
2 
6 
4 
3 
4 
6 
1 551850422  
4 
2 
5 
6 
2 
4 
1 1709149787  
6 
6 
4 
1 648113202  
2 
4 
6 
4 
4 
3 
4 
5 
3 
3 
3 
6 
2 
5 
1 1582092332  
5 
3 
4 
6 
2 
2 
6 
5 
1 34790282  
4 
5 
5 
2 
6 
4 
3 
1 1485992239  
3 
5 
1 1899225575  
3 
6 
2 
1 922728662  
1 145895737  
1 485640715  
4 
3 
1 878941749  
5 
1 1114438558  
5 
6 
1 747053988  
4 
2 
2 
4 
3 
5 
3 
1 1661013692  
1 359521123  
6 
5 
4 
1 411190475  
2 
4 
6 
5 
1 1211005803  
6 
2 
2 
5 
4 
5 
2 
6 
3 
1 1724986823  
4 
6 
5 
6 
6 
1 1446874544  
6 
4 
4 
6 
6 
3 
4 
4 
4 
6 
2 
1 1235092180  
2 
1 1081247815  
5 
5 
6 
1 650520757  
6 
5 
2 
5 
5 
5 
4 
2 
6 
6 
3 
6 
2 
4 
1 245574889  
1 2062120803  
2 
2 
5 
2 
3 
5 
3 
4 
5 
6 
6 
6 
5 
6 
2 
3 
1 1399797450  
3 
4 
3 
3 
5 
6 
3 
1 558441600  
3 
5 
6 
2 
4 
4 
6 
4 
2 
1 1609446974  
5 
2 
6 
4 
3 
5 
2 
5 
3 
3 
4 
1 1950897938  
2 
1 1517784108  
6 
3 
3 
6 
2 
4 
6 
1 1674390163  
3 
6 
2 
5 
1 105669207  
4 
3 
3 
3 
6 
6 
2 
3 
6 
6 
2 
5 
1 2069634530  
5 
1 1236056302  
2 
5 
4 
1 753782409  
4 
3 
6 
6 
5 
6 
2 
3 
5 
2 
3 
6 
6 
6 
2 
6 
6 
1 1504243215  
5 
6 
1 1270846584  
1 92291000  
5 
2 
1 1255985142  
3 
5 
2 
6 
2 
4 
1 46091599  
4 
3 
2 
5 
5 
1 238186738  
5 
2 
1 1741625857  
3 
5 
1 925033348  
4 
5 
3 
5 
6 
1 1352625296  
2 
5 
2 
1 341196197  
4 
5 
5 
4 
3 
4 
6 
5 
3 
1 438563392  
6 
4 
5 
5 
3 
1 1712146419  
2 
6 
2 
2 
6 
3 
2 
6 
6 
3 
4 
1 752386672  
6 
6 
3 
3 
1 1649569195  
2 
5 
2 
4 
3 
4 
5 
3 
3 
1 1289649594  
1 51777569  
5 
4 
1 737177727  
6 
5 
6 
4 
4 
4 
4 
4 
2 
4 
2 
3 
1 223413762  
3 
4 
2 
3 
4 
5 
4 
4 
3 
2 
1 702298326  
4 
3 
2 
5 
2 
4 
5 
4 
3 
4 
5 
4 
1 982752616  
6 
5 
6 
1 138050917  
3 
2 
6 
4 
3 
4 
1 2102095777  
6 
6 
3 
1 1541194216  
4 
2 
6 
6 
5 
4 
4 
6 
3 
6 
2 
5 
2 
2 
4 
4 
2 
5 
4 
2 
2 
4 
4 
5 
3 
3 
1 1747497892  
1 1905510067  
6 
2 
2 
2 
3 
2 
3 
3 
3 
3 
5 
1 911494676  
5 
2 
6 
5 
3 
3 
3 
5 
5 
3 
3 
5 
6 
5 
6 
2 
5 
1 1274404407  
2 
6 
4 
6 
6 
6 
4 
5 
2 
6 
4 
6 
5 
3 
1 2011179274  
1 833645559  
2 
4 
3 
1 362977061  
1 617478036  
3 
5 
3 
3 
2 
2 
5 
3 
6 
3 
3 
6 
1 190405126  
2 
6 
3 
1 1633823646  
4 
5 
2 
3 
6 
4 
5 
3 
1 709769036  
3 
3 
6 
4 
2 
1 1446390268  
2 
5 
4 
6 
1 1679915245  
4 
4 
2 
5 
2 
6 
6 
3 
5 
6 
6 
1 947955774  
3 
6 
5 
2 
2 
5 
6 
2 
1 1040532477  
4 
1 457464945  
3 
6 
3 
4 
1 153097422  
4 
1 1381728674  
2 
4 
1 896028338  
2 
3 
5 
6 
4 
4 
6 
4 
6 
3 
5 
1 1865243841  
3 
2 
4 
3 
4 
3 
2 
3 
3 
1 2134115347  
5 
3 
2 
1 398113885  
6 
3 
1 1007409788  
1 38409268  
3 
2 
2 
5 
4 
6 
3 
4 
1 1135291613  
2 
4 
2 
5 
3 
6 
4 
2 
2 
6 
2 
1 1230823550  
6 
3 
5 
4 
3 
4 
1 740707594  
2 
3 
5 
5 
3 
1 2118044229  
2 
3 
1 1368874467  
3 
5 
6 
5 
3 
1 695319723  
4 
6 
6 
5 
6 
5 
2 
4 
3 
5 
3 
1 1511754798  
3 
1 968888711  
1 453346142  
4 
3 
2 
4 
2 
2 
5 
3 
6 
6 
5 
5 
6 
4 
4 
6 
1 275765826  
6 
2 
3 
5 
6 
5 
3 
1 95809470  
3 
5 
2 
3 
2 
6 
5 
2 
6 
6 
2 
5 
6 
6 
6 
5 
1 317041769  
1 1109411385  
4 
6 
5 
2 
1 458786532  
5 
5 
6 
1 934519805  
3 
6 
5 
3 
6 
1 1299816511  
1 2092610178  
6 
4 
4 
2 
2 
5 
4 
6 
4 
4 
3 
6 
3 
4 
1 1644288841  
5 
1 598723131  
6 
1 1625041775  
2 
6 
6 
4 
6 
6 
4 
1 444760968  
4 
4 
6 
3 
4 
6 
1 1639255608  
5 
4 
5 
2 
6 
5 
4 
2 
5 
1 2082506720  
6 
2 
2 
2 
3 
2 
3 
1 597858390  
4 
3 
3 
1 873500635  
3 
2 
1 831051410  
4 
6 
1 315618584  
4 
4 
5 
1 860132334  
4 
5 
5 
4 
3 
3 
3 
4 
2 
2 
4 
5 
1 1229165296  
1 1323028372  
2 
5 
3 
2 
2 
3 
4 
1 898541602  
1 216973261  
6 
1 406368274  
4 
2 
2 
6 
1 1639249196  
6 
5 
4 
3 
5 
2 
6 
6 
4 
1 187533842  
4 
4 
1 1775242741  
6 
5 
4 
3 
6 
6 
3 
1 187085272  
2 
1 1699288640  
6 
1 596647805  
2 
5 
3 
3 
4 
6 
2 
4 
4 
5 
4 
4 
6 
5 
3 
3 
2 
3 
4 
4 
5 
6 
5 
4 
2 
4 
3 
3 
1 640431414  
4 
2 
2 
4 
4 
3 
4 
3 
4 
1 1975054467  
5 
2 
5 
5 
5 
3 
6 
3 
3 
6 
5 
2 
5 
6 
1 692457275  
2 
3 
2 
5 
5 
2 
4 
6 
1 957473183  
5 
1 936982204  
2 
5 
3 
4 
3 
2 
1 1151243807  
6 
4 
5 
1 1891992988  
4 
6 
1 89315068  
1 1096370337  
4 
1 1388798182  
3 
3 
1 688038199  
2 
6 
1 573928464  
2 
5 
4 
3 
4 
1 1833559150  
3 
2 
2 
2 
5 
6 
4 
5 
4 
2 
6 
2 
3 
1 179810160  
2 
2 
6 
6 
3 
2 
2 
5 
5 
4 
6 
3 
3 
2 
5 
6 
4 
1 508951537  
3 
1 283933892  
4 
6 
1 1053310795  
2 
4 
1 1340002947  
3 
2 
5 
6 
2 
3 
3 
1 599552476  
3 
2 
6 
3 
5 
3 
4 
2 
1 1913443129  
2 
4 
5 
3 
2 
5 
3 
3 
6 
6 
4 
2 
6 
3 
2 
2 
3 
1 421684595  
6 
4 
1 1922580848  
3 
5 
2 
2 
5 
6 
6 
3 
1 664501083  
1 638657856  
6 
1 181465474  
1 156266631  
6 
5 
1 826191699  
4 
1 1956708216  
2 
5 
2 
2 
1 343351903  
2 
5 
3 
2 
2 
2 
3 
3 
5 
5 
1 377996691  
4 
3 
6 
6 
1 405872373  
2 
6 
4 
6 
5 
1 983783318  
2 
5 
5 
4 
6 
2 
3 
2 
4 
6 
6 
4 
4 
2 
1 205567510  
5 
2 
2 
1 1098329648  
1 1941256501  
2 
1 1142549715  
5 
6 
5 
6 
1 102089808  
1 1685765842  
6 
4 
2 
3 
6 
6 
6 
4 
6 
2 
2 
1 1231864783  
1 1198460145  
4 
6 
6 
6 
4 
4 
6 
6 
3 
1 927080376  
4 
6 
3 
1 1919902982  
2 
4 
1 1772388610  
2 
1 613155878  
6 
2 
2 
3 
2 
3 
6 
6 
6 
6 
1 2099713142  
2 
4 
3 
5 
1 133856499  
1 897089770  
1 1005540289  
4 
1 1473859446  
5 
3 
3 
5 
5 
6 
3 
4 
2 
5 
1 1496642247  
3 
5 
6 
6 
3 
2 
5 
1 771499770  
2 
5 
3 
1 1895544042  
5 
3 
1 1271739447  
2 
2 
5 
4 
2 
4 
5 
4 
6 
5 
6 
4 
3 
1 1436000853  
6 
6 
1 386718250  
5 
1 1453204922  
3 
1 1592267485  
4 
5 
1 1212909949  
1 1262429490  
6 
6 
3 
6 
3 
1 1935619388  
6 
6 
6 
3 
4 
5 
5 
3 
6 
4 
1 1590906641  
4 
4 
6 
5 
4 
3 
1 1668301863  
1 771919058  
3 
1 1796474151  
3 
6 
6 
4 
5 
1 619147863  
4 
3 
3 
2 
1 565691912  
3 
4 
5 
5 
5 
5 
6 
2 
2 
1 791540218  
4 
6 
1 721237671  
6 
5 
1 103974106  
1 2023405001  
2 
2 
3 
2 
3 
5 
2 
3 
1 1919697817  
3 
6 
1 1031054482  
1 1795824336  
1 1544602779  
1 1644210360  
4 
5 
2 
6 
3 
4 
4 
4 
2 
1 1748053830  
3 
5 
3 
3 
4 
5 
3 
6 
6 
5 
3 
3 
1 1678459278  
2 
4 
2 
1 393816482  
5 
5 
1 606110472  
3 
1 1004835076  
4 
6 
1 1890458729  
1 1377610242  
4 
1 752895470  
5 
4 
3 
3 
3 
2 
2 
2 
2 
3 
3 
2 
3 
5 
5 
2 
5 
3 
4 
2 
5 
1 1014714529  
5 
4 
3 
1 666127448  
5 
5 
3 
1 1139613721  
6 
5 
3 
3 
1 320435803  
1 110911285  
3 
1 205040022  
6 
4 
6 
2 
6 
4 
6 
5 
2 
5 
2 
2 
3 
3 
3 
4 
5 
3 
4 
2 
5 
2 
4 
3 
2 
6 
6 
6 
5 
3 
3 
4 
5 
5 
5 
2 
2 
2 
3 
3 
3 
4 
5 
2 
3 
1 1582865293  
3 
3 
2 
2 
4 
2 
2 
6 
5 
1 2046530673  
2 
1 1795946663  
6 
6 
2 
1 1103683508  
2 
5 
3 
6 
2 
4 
1 670966084  
1 1444937167  
4 
2 
5 
1 1722831371  
2 
4 
6 
6 
4 
6 
5 
1 1236657996  
4 
5 
2 
1 88993737  
3 
1 296585395  
4 
4 
4 
4 
1 1340632102  
1 2112398739  
4 
6 
4 
4 
2 
5 
2 
2 
3 
6 
5 
5 
2 
1 68799564  
4 
5 
2 
2 
2 
1 224202936  
3 
1 1760739427  
6 
2 
1 1613402343  
3 
5 
2 
3 
6 
4 
4 
5 
4 
5 
2 
4 
5 
2 
5 
3 
5 
6 
1 1868413296  
3 
4 
3 
1 1361309609  
2 
2 
4 
6 
4 
3 
6 
4 
2 
5 
4 
2 
4 
2 
4 
3 
4 
1 1144377973  
3 
2 
1 114746130  
1 1967420081  
1 1729401  
4 
3 
2 
4 
4 
5 
4 
1 2005204860  
2 
3 
1 1197546676  
5 
4 
6 
2 
1 754624872  
4 
4 
3 
1 872435741  
1 1863674124  
2 
4 
1 1894238593  
5 
3 
6 
4 
4 
2 
5 
2 
6 
6 
5 
1 1192871544  
1 1974585409  
3 
4 
1 2099278615  
5 
5 
4 
1 628253189  
2 
5 
1 1873632434  
2 
4 
2 
4 
1 1747741631  
2 
2 
1 1731936697  
4 
2 
3 
2 
4 
2 
1 397114870  
3 
4 
3 
2 
4 
6 
4 
3 
3 
1 1045195150  
1 1307284420  
4 
1 1633772866  
4 
2 
2 
1 1134188887  
2 
5 
4 
5 
4 
4 
3 
2 
2 
1 1603869815  
2 
5 
5 
4 
6 
6 
5 
4 
2 
6 
6 
6 
3 
2 
5 
5 
6 
5 
4 
3 
5 
3 
5 
1 826921320  
4 
5 
6 
4 
1 1099103978  
4 
1 1672669379  
4 
3 
6 
1 1051124256  
1 712359757  
3 
2 
4 
5 
4 
2 
2 
6 
6 
6 
5 
2 
2 
6 
6 
2 
4 
1 1138588074  
3 
1 772053904  
5 
4 
3 
5 
6 
3 
2 
5 
1 2073669367  
6 
5 
5 
3 
3 
1 135482399  
4 
5 
2 
5 
2 
6 
2 
5 
2 
5 
6 
5 
4 
1 886800035  
2 
6 
5 
5 
6 
1 1893605800  
4 
1 137211801  
1 744521247  
6 
6 
6 
1 943668828  
3 
3 
1 891836673  
4 
4 
6 
1 1616956988  
5 
4 
4 
1 659859304  
5 
3 
4 
6 
4 
5 
1 638591618  
4 
3 
5 
2 
6 
1 662344884  
2 
6 
4 
4 
5 
5 
3 
3 
2 
1 486961065  
4 
3 
2 
6 
2 
6 
3 
2 
3 
1 590386585  
4 
5 
4 
6 
6 
3 
2 
5 
2 
5 
6 
4 
1 1290598073  
2 
2 
3 
6 
4 
3 
2 
5 
6 
5 
3 
6 
3 
1 213109852  
5 
4 
2 
5 
2 
1 190644568  
5 
1 875051122  
2 
5 
3 
3 
2 
2 
4 
1 610224722  
3 
6 
2 
3 
4 
2 
6 
2 
5 
2 
4 
2 
4 
2 
1 1235839718  
5 
6 
3 
2 
4 
1 34851894  
3 
1 96513941  
6 
6 
4 
2 
3 
1 222544958  
4 
1 1638721710  
5 
4 
1 923435261  
5 
2 
1 1321648936  
5 
2 
3 
2 
4 
2 
3 
4 
2 
2 
6 
4 
5 
6 
5 
1 1163907441  
2 
3 
2 
2 
2 
3 
1 1974559518  
5 
4 
2 
2 
1 2034008694  
2 
6 
2 
3 
2 
1 155011868  
2 
4 
5 
2 
3 
6 
4 
6 
1 599129774  
4 
4 
2 
4 
6 
4 
4 
2 
3 
6 
6 
5 
3 
3 
4 
4 
5 
6 
1 1960194413  
1 290494267  
2 
1 1485929809  
2 
6 
6 
3 
6 
2 
5 
6 
6 
4 
4 
6 
3 
2 
3 
4 
6 
5 
5 
6 
4 
3 
6 
3 
6 
1 1706316565  
3 
2 
6 
4 
5 
4 
5 
3 
2 
6 
6 
5 
2 
2 
2 
2 
2 
4 
2 
6 
3 
1 427706068  
3 
3 
5 
1 82967408  
1 502501746  
3 
2 
3 
2 
2 
1 1319542741  
3 
3 
5 
4 
3 
2 
4 
4 
4 
5 
6 
3 
2 
6 
2 
5 
2 
6 
3 
2 
5 
4 
1 1699924396  
3 
6 
2 
2 
4 
4 
6 
1 1162361050  
2 
6 
4 
3 
4 
3 
2 
5 
5 
6 
5 
6 
2 
1 1958134359  
2 
6 
6 
1 214785632  
5 
5 
4 
5 
1 1649322116  
1 401037297  
5 
1 1505383705  
1 1862431968  
1 591681865  
3 
1 232951179  
3 
2 
1 325173042  
3 
6 
1 1827521584  
6 
3 
5 
2 
5 
6 
6 
1 267803074  
6 
1 421686983  
5 
2 
6 
4 
4 
3 
5 
5 
6 
6 
1 2050066542  
2 
2 
4 
1 1906524784  
1 1345122245  
2 
5 
4 
2 
4 
5 
1 1224231830  
4 
6 
1 922948577  
2 
5 
1 1172198115  
2 
2 
1 1110756876  
4 
1 1077960445  
6 
6 
2 
4 
4 
3 
4 
1 1771327889  
6 
5 
2 
1 923467641  
1 1368454713  
2 
4 
2 
6 
2 
5 
3 
6 
5 
4 
5 
6 
1 1109774051  
2 
1 482300559  
1 1796160781  
3 
3 
5 
5 
1 1192741459  
1 984802305  
5 
6 
1 968219875  
2 
4 
4 
5 
6 
4 
1 745182208  
5 
6 
1 2147163355  
3 
2 
6 
6 
4 
4 
5 
3 
2 
4 
1 778870586  
4 
5 
5 
2 
5 
3 
6 
6 
3 
5 
3 
1 959967840  
5 
4 
3 
3 
1 1649001823  
4 
2 
4 
6 
3 
3 
1 1179907883  
2 
2 
3 
6 
5 
5 
4 
5 
5 
4 
5 
4 
3 
5 
2 
6 
1 317867898  
1 1363950143  
4 
6 
1 1771589749  
6 
5 
4 
1 550819077  
2 
3 
1 1689123186  
6 
6 
2 
5 
6 
3 
5 
3 
2 
4 
2 
1 1451627685  
4 
4 
2 
4 
2 
2 
3 
2 
1 818622151  
1 2110810169  
1 1354210579  
5 
2 
3 
2 
6 
5 
4 
4 
3 
6 
1 577663287  
6 
6 
1 1308448766  
4 
6 
5 
6 
2 
5 
4 
1 430958761  
4 
3 
2 
4 
3 
4 
2 
3 
4 
1 1500611865  
5 
6 
6 
4 
2 
4 
1 333163233  
2 
3 
5 
1 1541715638  
3 
1 431088662  
3 
2 
2 
1 2104491123  
5 
1 317699631  
6 
1 1799543375  
4 
3 
5 
4 
6 
6 
6 
4 
4 
6 
3 
1 1066781526  
2 
3 
2 
3 
2 
2 
1 800000190  
1 1448220509  
4 
5 
3 
2 
3 
5 
3 
4 
4 
6 
1 112039337  
1 1784802495  
2 
4 
2 
3 
4 
4 
6 
5 
3 
3 
4 
3 
3 
6 
2 
5 
6 
3 
4 
6 
5 
5 
3 
2 
5 
1 268956736  
4 
1 857221545  
3 
1 1784482203  
5 
4 
2 
6 
1 1047827322  
6 
3 
3 
3 
2 
4 
4 
1 1817189386  
4 
3 
2 
4 
1 1286000378  
1 80251558  
6 
4 
3 
6 
1 2135057284  
5 
2 
6 
3 
3 
2 
2 
5 
2 
4 
4 
1 502466874  
3 
1 1851841307  
4 
1 538392713  
6 
6 
5 
4 
1 44106412  
6 
1 1155985344  
2 
2 
5 
6 
4 
4 
2 
1 1357014865  
5 
5 
6 
1 7432933  
6 
4 
6 
2 
5 
2 
6 
6 
6 
4 
1 362712275  
5 
5 
3 
2 
3 
5 
6 
6 
6 
5 
4 
3 
4 
3 
2 
3 
6 
6 
3 
5 
6 
5 
6 
5 
3 
6 
2 
5 
2 
3 
4 
3 
2 
5 
3 
1 1934678152  
4 
6 
4 
6 
2 
5 
2 
5 
2 
4 
1 1315881700  
1 793671036  
6 
3 
3 
6 
4 
5 
4 
6 
2 
2 
2 
6 
6 
5 
3 
5 
2 
6 
5 
2 
5 
6 
2 
5 
5 
4 
4 
6 
5 
4 
5 
4 
1 1287806369  
2 
5 
6 
4 
5 
2 
5 
1 1649044933  
3 
2 
6 
5 
4 
5 
4 
4 
1 187903026  
6 
4 
4 
4 
3 
5 
2 
3 
1 1718895032  
2 
4 
4 
3 
4 
2 
2 
1 1606052408  
1 505602658  
2 
6 
3 
1 1370954759  
5 
3 
2 
2 
4 
3 
6 
3 
3 
6 
1 525350286  
4 
6 
5 
6 
5 
6 
1 1305602848  
5 
6 
1 671691620  
6 
6 
2 
2 
6 
5 
6 
6 
5 
1 637389624  
1 942921696  
1 940648356  
3 
4 
3 
4 
2 
4 
4 
4 
5 
4 
5 
1 1494611169  
3 
5 
2 
2 
4 
6 
3 
6 
5 
6 
5 
4 
6 
5 
5 
5 
6 
2 
4 
3 
1 579920251  
1 1988475679  
3 
2 
4 
1 1164316907  
4 
3 
1 1865920629  
3 
6 
5 
6 
4 
4 
4 
1 2068727237  
3 
4 
4 
6 
5 
2 
1 1151890543  
3 
4 
6 
5 
5 
4 
6 
2 
2 
6 
5 
2 
6 
5 
6 
2 
2 
3 
4 
1 220903855  
1 1773084896  
6 
5 
3 
3 
3 
6 
3 
5 
3 
4 
2 
4 
5 
5 
5 
2 
4 
1 1690283257  
4 
6 
3 
1 265010267  
2 
3 
5 
2 
1 781586592  
6 
3 
1 899814474  
2 
4 
1 272443201  
4 
4 
5 
4 
3 
1 1144298867  
5 
5 
2 
2 
5 
3 
1 687008978  
4 
6 
1 1588324901  
5 
3 
4 
5 
4 
3 
4 
6 
4 
3 
1 1937969903  
5 
1 1974815348  
3 
1 1089886186  
4 
1 2125872930  
1 1546226732  
6 
6 
2 
3 
5 
5 
6 
4 
3 
2 
2 
3 
4 
5 
5 
5 
2 
1 548454947  
4 
5 
2 
1 483991940  
3 
2 
5 
4 
4 
1 769697843  
2 
6 
4 
5 
2 
5 
3 
5 
1 1073805233  
5 
6 
2 
1 1789594788  
2 
2 
3 
1 1441389464  
1 1711194857  
4 
3 
2 
3 
4 
4 
5 
6 
3 
2 
5 
5 
6 
1 585032836  
1 234554172  
2 
1 1058322379  
2 
1 1164953087  
5 
6 
6 
1 75546203  
5 
2 
5 
1 75155638  
4 
1 883390069  
6 
2 
6 
5 
3 
5 
3 
6 
4 
2 
2 
2 
3 
5 
2 
5 
2 
5 
6 
4 
4 
4 
3 
2 
2 
3 
6 
3 
6 
1 2144273440  
3 
5 
4 
1 1227046182  
4 
4 
1 1104293924  
6 
6 
2 
4 
3 
4 
2 
3 
1 1769874688  
2 
2 
4 
6 
2 
6 
3 
5 
6 
1 769845791  
4 
4 
2 
1 1369304192  
2 
3 
3 
6 
3 
5 
1 403977632  
5 
2 
1 1669660265  
5 
3 
2 
2 
2 
3 
2 
2 
6 
2 
5 
3 
1 1641747393  
4 
2 
2 
1 1548276499  
4 
4 
4 
3 
4 
1 209185595  
2 
3 
3 
3 
6 
5 
3 
6 
6 
2 
4 
2 
3 
2 
1 1082588646  
3 
2 
6 
5 
4 
5 
1 1338762755  
4 
2 
5 
3 
3 
4 
1 36517295  
3 
1 24991184  
2 
2 
6 
4 
6 
3 
6 
6 
2 
6 
6 
1 1317152037  
6 
2 
5 
4 
3 
4 
3 
4 
2 
1 1582744027  
4 
5 
5 
5 
2 
2 
3 
5 
1 573446131  
1 1801143977  
6 
4 
1 204958223  
3 
4 
6 
2 
5 
4 
1 1647251365  
3 
6 
4 
3 
1 1443255117  
5 
5 
1 1646347687  
6 
5 
6 
5 
4 
5 
6 
3 
4 
5 
2 
2 
3 
1 1210962574  
6 
2 
2 
3 
3 
1 2028287954  
5 
2 
3 
5 
5 
3 
3 
1 1880901859  
6 
3 
1 121801305  
2 
2 
3 
6 
4 
3 
6 
3 
4 
2 
5 
1 1045757393  
6 
4 
2 
2 
4 
4 
2 
1 1956448063  
5 
3 
1 196956944  
5 
5 
3 
2 
6 
6 
5 
5 
4 
3 
6 
4 
6 
6 
3 
2 
1 1929147462  
3 
2 
4 
5 
2 
2 
2 
6 
4 
2 
3 
6 
4 
1 1953237855  
5 
6 
1 1424003126  
4 
3 
4 
2 
3 
5 
1 885957739  
3 
2 
1 1575628896  
2 
1 46365269  
2 
6 
4 
5 
1 107778283  
5 
2 
1 1979606528  
3 
4 
1 1716025534  
3 
6 
2 
1 1749525676  
3 
2 
2 
5 
3 
5 
5 
5 
5 
5 
2 
3 
6 
2 
2 
5 
1 1380399380  
2 
1 1925211129  
2 
3 
6 
3 
2 
6 
2 
3 
1 684630674  
5 
3 
5 
6 
1 571678487  
5 
5 
6 
3 
1 1961728425  
6 
4 
1 709621858  
3 
2 
3 
5 
3 
3 
6 
1 1888830524  
2 
6 
5 
3 
2 
4 
3 
4 
2 
6 
3 
5 
1 1396988804  
2 
5 
4 
6 
2 
6 
6 
5 
5 
1 1283067990  
5 
1 1542490853  
3 
5 
2 
3 
1 1601947027  
6 
5 
2 
3 
1 782835707  
5 
1 838262322  
4 
2 
4 
3 
2 
6 
6 
1 1100811066  
3 
6 
2 
4 
2 
4 
4 
1 1993798281  
3 
6 
3 
6 
3 
3 
2 
3 
3 
4 
2 
2 
5 
4 
6 
2 
1 719066628  
1 834229278  
6 
1 2115599587  
3 
3 
5 
5 
2 
5 
6 
6 
6 
2 
2 
4 
5 
3 
6 
3 
6 
4 
5 
5 
6 
5 
6 
5 
6 
1 1764824022  
1 643193693  
6 
2 
6 
2 
5 
5 
5 
1 165072883  
4 
6 
2 
2 
5 
6 
6 
3 
6 
1 1546487836  
3 
6 
3 
5 
2 
2 
1 448947900  
6 
5 
1 1589076009  
2 
6 
3 
2 
3 
4 
4 
5 
2 
2 
6 
5 
1 284961927  
4 
5 
1 2024576796  
6 
6 
6 
5 
2 
6 
4 
2 
5 
1 1635441278  
3 
4 
3 
4 
4 
3 
2 
5 
1 392740210  
4 
4 
3 
4 
2 
1 1856699677  
6 
4 
6 
2 
3 
3 
3 
2 
4 
2 
6 
1 1203983164  
1 2142265886  
1 1089615409  
2 
2 
4 
1 981710645  
1 679412912  
3 
1 1661293896  
3 
4 
1 795955422  
5 
4 
4 
3 
2 
5 
4 
3 
3 
5 
1 1389034771  
5 
5 
2 
4 
5 
5 
4 
5 
3 
3 
1 1402640772  
6 
3 
4 
3 
4 
1 45460579  
1 524619113  
1 797647977  
5 
6 
6 
5 
1 1647407606  
1 1307454820  
4 
3 
3 
1 1635910299  
2 
1 600735025  
2 
1 1153769453  
5 
4 
4 
4 
2 
4 
6 
4 
3 
5 
6 
5 
6 
1 207493280  
6 
2 
1 1434964303  
6 
3 
5 
3 
5 
1 1121885392  
4 
4 
6 
1 1972317302  
6 
1 2078157996  
2 
6 
2 
2 
5 
5 
1 1286958275  
4 
2 
6 
4 
5 
6 
4 
3 
5 
6 
4 
6 
5 
3 
6 
6 
2 
3 
4 
1 1371321490  
1 379622248  
4 
4 
5 
5 
6 
1 728550636  
5 
4 
2 
3 
5 
1 1656283418  
4 
3 
2 
4 
6 
2 
4 
3 
2 
6 
6 
6 
4 
4 
4 
6 
3 
5 
4 
2 
4 
2 
4 
4 
2 
2 
3 
4 
2 
1 256715397  
5 
4 
4 
4 
5 
2 
3 
3 
6 
2 
3 
4 
1 216508266  
5 
4 
5 
1 2049023628  
6 
4 
1 2113415074  
4 
2 
5 
5 
1 1420491430  
4 
6 
4 
1 2043805867  
2 
1 1055546835  
1 254718428  
1 575735131  
1 569357083  
4 
6 
1 1050673850  
5 
5 
4 
3 
6 
4 
5 
2 
2 
5 
1 1964769902  
5 
4 
1 1971997855  
5 
4 
1 1096134429  
5 
2 
5 
5 
2 
3 
