5 
6 
1 989273636  
2 
6 
3 
1 1909012235  
3 
1 1511236938  
4 
6 
5 
3 
1 1600892079  
3 
3 
5 
6 
1 438556343  
4 
6 
4 
5 
5 
3 
1 220873932  
3 
4 
1 1638446429  
6 
5 
2 
2 
6 
6 
6 
3 
6 
1 555639238  
3 
3 
1 468774821  
2 
3 
3 
4 
1 1543278262  
6 
6 
3 
6 
6 
5 
2 
3 
1 67280578  
6 
2 
2 
5 
5 
5 
5 
6 
5 
3 
4 
4 
4 
1 533931503  
5 
2 
5 
5 
5 
2 
2 
6 
2 
5 
5 
5 
4 
6 
2 
3 
5 
5 
4 
5 
5 
2 
1 2118365151  
5 
6 
1 304910446  
6 
2 
1 573080931  
2 
1 179430149  
6 
6 
1 822030512  
3 
2 
5 
1 110387944  
4 
2 
5 
5 
6 
5 
4 
3 
5 
5 
3 
3 
5 
3 
2 
4 
2 
5 
3 
3 
5 
6 
3 
5 
6 
3 
4 
6 
2 
2 
6 
1 1051680745  
3 
4 
4 
3 
5 
2 
6 
2 
4 
1 1022015214  
5 
1 261124689  
6 
3 
5 
1 146083608  
4 
4 
5 
5 
4 
6 
4 
6 
6 
3 
4 
4 
6 
3 
1 1372554528  
2 
5 
6 
4 
2 
6 
4 
5 
4 
4 
5 
4 
3 
6 
3 
1 1621915493  
4 
2 
6 
5 
6 
1 2130170890  
1 351216980  
6 
2 
6 
4 
6 
2 
3 
6 
5 
4 
3 
4 
2 
5 
2 
4 
3 
4 
5 
5 
6 
4 
3 
4 
1 451405706  
1 7873931  
1 309392647  
5 
4 
4 
2 
5 
3 
3 
4 
6 
1 1280190339  
3 
3 
2 
6 
4 
6 
5 
3 
4 
5 
5 
4 
5 
6 
3 
5 
6 
2 
3 
2 
4 
6 
2 
6 
5 
5 
1 364656755  
5 
2 
2 
3 
2 
6 
2 
1 1298666284  
4 
5 
3 
2 
2 
6 
5 
3 
4 
4 
2 
6 
3 
5 
5 
6 
6 
5 
6 
5 
6 
6 
5 
2 
4 
2 
5 
5 
1 1041718927  
6 
4 
1 1875893693  
2 
3 
5 
2 
6 
6 
4 
5 
5 
2 
5 
5 
3 
1 752074715  
3 
6 
1 1480275270  
5 
3 
3 
2 
2 
1 2096767626  
3 
1 243037496  
4 
6 
1 2035914509  
1 418058799  
1 1786315758  
3 
5 
3 
3 
2 
4 
5 
3 
3 
4 
2 
4 
3 
1 2103195087  
2 
3 
3 
2 
3 
2 
2 
1 951990302  
2 
1 1757197262  
4 
5 
3 
6 
3 
4 
4 
1 260621886  
5 
5 
1 1525071234  
2 
4 
6 
4 
6 
1 1936627411  
6 
5 
5 
5 
3 
1 1082652398  
2 
3 
3 
6 
6 
4 
3 
5 
4 
6 
4 
3 
2 
6 
5 
2 
6 
4 
1 1635459178  
6 
6 
3 
4 
4 
4 
3 
1 840824508  
4 
2 
6 
1 2104667612  
3 
2 
2 
5 
2 
1 1896583868  
5 
3 
1 986908117  
1 1329738492  
4 
1 1371015713  
4 
2 
5 
1 969595359  
2 
5 
5 
1 1680955473  
3 
6 
1 1822421419  
5 
4 
6 
4 
2 
2 
6 
5 
4 
1 977469290  
6 
1 1990348120  
6 
2 
4 
2 
6 
6 
3 
2 
2 
6 
4 
3 
4 
3 
6 
3 
2 
6 
6 
4 
5 
2 
2 
2 
1 955128111  
2 
5 
5 
6 
2 
2 
4 
6 
3 
5 
2 
6 
5 
2 
4 
4 
1 1342126046  
1 1141530756  
6 
6 
5 
1 1996847038  
2 
6 
5 
5 
4 
6 
5 
1 1070536091  
4 
5 
6 
1 1893605471  
3 
2 
3 
4 
2 
5 
5 
4 
5 
4 
6 
4 
6 
5 
3 
2 
6 
1 1329638660  
5 
6 
6 
5 
4 
2 
2 
6 
3 
2 
3 
2 
6 
3 
4 
1 1019820069  
1 2136642967  
6 
1 1218069521  
2 
1 1437878868  
4 
1 1775475078  
1 1173780961  
5 
4 
4 
3 
1 242385523  
4 
4 
6 
1 1385188692  
4 
3 
2 
5 
4 
5 
3 
1 1434402847  
2 
1 1767456757  
6 
3 
2 
1 1174332455  
6 
5 
2 
3 
4 
5 
3 
1 369571597  
6 
2 
1 1255432287  
3 
4 
1 2015156963  
5 
3 
6 
3 
5 
4 
3 
6 
5 
5 
1 326755561  
2 
5 
3 
6 
6 
5 
1 1004532507  
1 854581432  
5 
1 1656494054  
4 
5 
3 
3 
6 
2 
3 
1 228064572  
3 
5 
2 
5 
5 
1 1824176791  
1 1189965879  
6 
5 
1 2050485992  
2 
1 654162434  
2 
5 
6 
5 
4 
4 
5 
5 
3 
4 
2 
2 
4 
6 
5 
5 
4 
3 
3 
2 
2 
2 
3 
3 
3 
3 
3 
2 
3 
5 
5 
5 
6 
4 
5 
5 
3 
3 
6 
6 
5 
6 
1 1032830351  
5 
4 
1 858130455  
2 
4 
4 
6 
4 
2 
1 1996288480  
4 
2 
6 
1 26877460  
3 
1 707493845  
6 
2 
4 
3 
2 
4 
5 
3 
4 
6 
1 919340923  
2 
3 
4 
1 1920482931  
4 
6 
2 
1 2037132505  
5 
2 
1 1939160993  
1 1909642251  
4 
5 
4 
6 
1 1107718379  
2 
1 1229556213  
1 1537633681  
3 
5 
3 
4 
1 134015692  
1 1471941736  
1 775338725  
6 
2 
3 
3 
2 
4 
5 
6 
1 1568418539  
4 
5 
5 
2 
5 
3 
1 1091914845  
3 
5 
1 1949671180  
1 1937990136  
6 
4 
5 
4 
5 
2 
6 
4 
1 199863485  
2 
4 
4 
3 
5 
5 
2 
2 
6 
2 
2 
3 
3 
3 
3 
2 
5 
1 1817344495  
6 
6 
3 
6 
6 
5 
6 
5 
1 117262049  
4 
1 1204395992  
1 524442280  
4 
2 
6 
3 
5 
2 
1 1773756103  
3 
5 
5 
3 
5 
5 
5 
3 
5 
3 
6 
5 
4 
3 
2 
2 
3 
3 
3 
3 
1 1432460565  
6 
4 
6 
1 201135423  
2 
2 
4 
5 
3 
1 816238334  
3 
3 
4 
5 
5 
3 
4 
4 
5 
4 
4 
4 
3 
5 
1 1335462909  
3 
5 
5 
2 
2 
2 
1 855297857  
5 
5 
2 
6 
5 
4 
5 
5 
1 1849068686  
6 
6 
1 46109716  
6 
2 
3 
3 
5 
3 
3 
5 
2 
4 
6 
1 704102689  
5 
3 
4 
5 
4 
3 
4 
4 
4 
6 
2 
1 1875946146  
2 
5 
5 
1 753603561  
2 
1 1623443613  
4 
6 
3 
5 
1 1648945429  
4 
5 
1 643252418  
2 
5 
5 
6 
5 
5 
2 
6 
2 
6 
4 
2 
1 1415120958  
2 
6 
5 
1 1411104032  
6 
4 
3 
5 
3 
5 
4 
5 
6 
2 
4 
5 
6 
1 1750970797  
3 
1 497193523  
4 
4 
1 801254065  
3 
6 
1 1884986489  
6 
2 
6 
4 
2 
1 1969135260  
6 
3 
1 1576592790  
2 
6 
3 
2 
2 
4 
1 1305921380  
5 
1 913566457  
5 
4 
3 
1 1378780322  
3 
3 
6 
5 
1 1096427868  
1 1113429942  
1 1048641170  
1 1213689918  
5 
3 
3 
1 170342287  
4 
6 
6 
3 
1 1573083450  
1 839962373  
1 1602802852  
3 
2 
6 
3 
3 
1 1774218873  
1 1656200708  
4 
2 
5 
4 
1 790782113  
1 482033083  
4 
1 1357785746  
6 
3 
5 
1 836891829  
1 1186135772  
3 
3 
2 
5 
5 
1 1086248244  
5 
2 
6 
5 
3 
4 
6 
1 1590495390  
5 
5 
1 662095737  
3 
4 
6 
5 
3 
1 587710025  
6 
1 86264160  
3 
2 
4 
3 
1 2077216695  
5 
4 
4 
5 
4 
6 
6 
4 
4 
4 
6 
4 
6 
5 
4 
1 1998814058  
3 
3 
5 
1 1837234958  
1 426926571  
5 
2 
6 
3 
5 
4 
1 652584475  
5 
4 
1 1574737799  
4 
2 
6 
5 
1 248578183  
2 
5 
6 
4 
1 81693618  
2 
2 
5 
2 
3 
3 
3 
1 733175532  
3 
3 
3 
2 
3 
5 
5 
6 
5 
1 1162144640  
3 
5 
6 
5 
3 
6 
4 
5 
1 1460473940  
4 
2 
4 
1 1829603400  
2 
3 
6 
6 
5 
3 
5 
3 
2 
3 
2 
2 
4 
3 
6 
4 
4 
3 
3 
5 
2 
1 128090935  
5 
5 
1 361631462  
1 895809670  
2 
1 298433222  
3 
3 
2 
4 
6 
4 
1 1934714912  
4 
2 
5 
3 
5 
3 
6 
3 
2 
2 
5 
6 
2 
2 
1 1735772044  
4 
1 1901236074  
5 
3 
2 
3 
2 
3 
3 
5 
5 
4 
1 1561450138  
5 
5 
5 
3 
5 
3 
2 
6 
4 
4 
6 
3 
6 
6 
5 
1 1244489104  
2 
3 
4 
5 
6 
6 
6 
3 
6 
6 
5 
5 
5 
5 
4 
5 
1 544534539  
4 
3 
4 
4 
1 2043483221  
6 
6 
1 454791202  
1 1381426368  
6 
4 
4 
3 
4 
1 1082135345  
3 
5 
1 1541039446  
5 
5 
5 
3 
2 
5 
5 
3 
6 
5 
6 
2 
5 
4 
5 
4 
2 
2 
6 
1 824438110  
5 
6 
1 1744231083  
1 2128749471  
4 
4 
1 910702270  
2 
5 
3 
6 
1 1673964130  
6 
5 
3 
6 
4 
3 
5 
5 
2 
1 1980079881  
5 
5 
2 
5 
1 600453580  
5 
6 
1 2100890701  
3 
4 
4 
2 
1 485180709  
6 
1 27707732  
6 
5 
3 
6 
1 201985236  
4 
2 
6 
5 
1 566874327  
4 
1 760883264  
5 
4 
5 
4 
4 
5 
1 1364129877  
4 
1 2027348267  
6 
1 443003016  
4 
2 
5 
2 
1 1492220812  
1 241496082  
4 
5 
6 
5 
3 
3 
4 
6 
1 1338812687  
1 1790654034  
1 28727346  
6 
5 
4 
6 
5 
5 
2 
6 
2 
3 
4 
2 
4 
6 
2 
2 
1 927101083  
1 1544406460  
5 
1 1590177484  
5 
4 
2 
1 24106539  
4 
5 
6 
4 
3 
6 
6 
2 
1 2088940999  
4 
1 1486177057  
5 
4 
1 478897741  
5 
6 
4 
5 
4 
4 
4 
6 
2 
6 
1 1322883719  
6 
1 420828755  
5 
2 
3 
6 
1 2019937187  
2 
3 
3 
6 
4 
6 
3 
6 
3 
5 
1 2147321829  
6 
1 17576190  
2 
1 2001203010  
1 910540451  
2 
2 
3 
3 
4 
2 
6 
4 
6 
2 
1 1691540320  
2 
6 
1 1833799244  
3 
3 
4 
4 
2 
2 
1 1510994032  
6 
5 
1 1644947374  
3 
1 171496305  
5 
4 
4 
1 1538701764  
6 
1 1846932610  
2 
5 
4 
5 
6 
3 
1 738370632  
5 
3 
3 
1 152101380  
3 
5 
6 
2 
5 
1 1063578839  
3 
4 
2 
5 
5 
4 
5 
6 
3 
6 
1 618235251  
1 595104396  
3 
2 
2 
3 
2 
5 
2 
1 408316003  
2 
2 
5 
6 
3 
4 
1 859731333  
4 
5 
3 
5 
6 
1 1933917083  
2 
1 51486389  
3 
6 
5 
4 
5 
2 
5 
4 
1 888458680  
6 
3 
1 713534518  
1 1595892849  
4 
1 331152516  
3 
5 
1 737641057  
3 
5 
1 1537350200  
1 1817329574  
2 
1 1216538798  
2 
1 712750271  
6 
1 90674681  
6 
5 
4 
6 
5 
5 
4 
2 
4 
3 
6 
5 
2 
2 
6 
1 1088992337  
3 
6 
5 
5 
2 
5 
3 
2 
4 
3 
3 
6 
6 
3 
3 
6 
2 
3 
2 
6 
3 
1 712588452  
4 
2 
2 
4 
2 
3 
5 
6 
3 
4 
4 
1 108250871  
5 
6 
6 
5 
4 
2 
2 
3 
3 
6 
4 
1 942711700  
3 
3 
5 
6 
4 
4 
1 1623128904  
3 
3 
2 
2 
5 
2 
1 1799791191  
1 629027296  
6 
2 
4 
4 
3 
1 986639288  
1 1297254917  
3 
3 
2 
6 
1 800523601  
1 377857404  
6 
6 
3 
3 
3 
3 
4 
1 996703880  
6 
6 
6 
2 
6 
4 
1 1538894233  
2 
4 
3 
5 
4 
2 
2 
2 
3 
4 
1 529958784  
5 
3 
3 
2 
1 2060282719  
3 
1 9645836  
1 1125063180  
2 
6 
5 
1 321115075  
6 
3 
6 
5 
4 
2 
4 
6 
5 
1 869377170  
3 
5 
2 
1 911496616  
1 372601464  
4 
4 
2 
2 
1 1757835850  
1 1625031134  
2 
6 
4 
4 
4 
1 1968494314  
3 
5 
5 
5 
5 
3 
2 
3 
1 2088988366  
2 
2 
2 
1 215188544  
6 
1 1358360866  
3 
1 1758834292  
5 
1 1431727342  
6 
4 
4 
3 
5 
5 
6 
2 
1 2071111138  
6 
3 
5 
1 1849508973  
2 
2 
4 
2 
2 
3 
6 
3 
2 
1 373236032  
3 
2 
3 
3 
5 
3 
3 
4 
3 
2 
6 
4 
1 636215942  
6 
4 
1 1957759844  
5 
4 
6 
2 
4 
1 1315947732  
5 
5 
1 111861198  
3 
1 1610067388  
4 
5 
3 
3 
1 1944975028  
1 1098500486  
1 759838657  
3 
5 
3 
6 
2 
1 598014981  
2 
5 
3 
6 
6 
4 
1 1476357890  
4 
6 
2 
6 
4 
3 
5 
4 
4 
3 
6 
3 
1 1756542537  
5 
3 
3 
4 
4 
2 
2 
4 
2 
5 
5 
6 
5 
5 
1 2136909214  
5 
5 
4 
6 
1 2006316674  
5 
1 1669341609  
3 
2 
4 
1 2146555050  
5 
2 
1 983896207  
6 
5 
2 
6 
1 1990456684  
4 
2 
6 
4 
4 
5 
5 
2 
2 
6 
5 
6 
6 
5 
3 
4 
6 
1 868448572  
4 
4 
4 
1 1895392823  
5 
4 
3 
4 
2 
1 215574500  
6 
3 
1 478800774  
3 
2 
4 
1 1372940309  
6 
3 
6 
1 36585166  
2 
4 
1 420305493  
5 
4 
5 
5 
1 1588128853  
5 
3 
3 
2 
2 
3 
1 1394946033  
6 
6 
4 
6 
4 
6 
4 
1 31656137  
3 
1 872372548  
6 
1 1318573523  
4 
2 
4 
4 
4 
1 1881165111  
3 
1 1245608580  
3 
6 
5 
1 1954789465  
3 
5 
5 
3 
3 
1 1691441307  
2 
6 
4 
1 414072664  
2 
5 
6 
1 2066650664  
1 1154025047  
4 
3 
6 
6 
5 
1 211564044  
6 
3 
3 
3 
1 1017667502  
5 
1 1913863705  
6 
1 809579025  
3 
5 
2 
4 
2 
4 
1 346541745  
1 1522922594  
6 
3 
4 
4 
2 
4 
3 
2 
3 
2 
6 
6 
6 
2 
3 
3 
3 
6 
6 
5 
1 799004591  
1 205374771  
6 
3 
4 
3 
5 
3 
5 
4 
4 
4 
1 1044780555  
3 
6 
6 
2 
6 
5 
3 
6 
2 
6 
3 
4 
3 
1 798075993  
1 1189270978  
1 887753591  
6 
5 
3 
5 
2 
3 
2 
5 
5 
5 
2 
1 1666524566  
4 
1 937180153  
5 
2 
6 
5 
3 
4 
2 
3 
2 
2 
6 
3 
6 
5 
5 
5 
2 
5 
6 
2 
2 
1 1103328092  
4 
5 
2 
4 
3 
5 
2 
3 
2 
2 
1 2145325340  
4 
1 162636815  
2 
3 
2 
5 
1 1139913258  
1 418147185  
4 
2 
6 
5 
1 1750765668  
2 
6 
5 
1 387375643  
6 
4 
1 449803323  
6 
1 475654568  
5 
4 
4 
3 
3 
6 
3 
3 
4 
2 
6 
3 
1 1705949166  
2 
2 
1 183484786  
3 
6 
2 
5 
2 
5 
6 
5 
6 
6 
4 
2 
6 
1 1721263148  
4 
4 
1 1513254984  
3 
2 
2 
1 1874926093  
5 
5 
4 
1 2135335812  
3 
5 
6 
4 
3 
4 
4 
2 
1 1432422000  
2 
6 
6 
3 
1 881467493  
5 
3 
3 
5 
6 
2 
4 
1 199416208  
1 302605854  
5 
1 647847550  
1 1008995233  
6 
4 
5 
2 
5 
3 
5 
1 649147599  
2 
3 
4 
2 
6 
6 
6 
1 23286496  
6 
6 
2 
1 1807999824  
1 854522371  
3 
4 
1 1068067052  
4 
1 458592170  
3 
6 
1 2043793349  
1 1955820643  
6 
4 
2 
6 
4 
3 
4 
3 
6 
1 2125116736  
4 
5 
6 
3 
3 
4 
3 
5 
2 
5 
6 
1 833489855  
5 
1 911665087  
4 
5 
2 
1 2122958428  
4 
2 
1 996126670  
2 
6 
5 
1 2051578346  
6 
3 
1 393621966  
2 
4 
4 
4 
3 
4 
4 
1 599408690  
4 
4 
4 
1 291470341  
1 843425289  
5 
3 
2 
5 
3 
2 
6 
4 
3 
2 
2 
6 
2 
3 
1 1075063259  
1 1997419508  
3 
4 
3 
2 
2 
4 
3 
1 1026910075  
6 
5 
5 
2 
6 
5 
2 
3 
6 
1 648842759  
4 
1 1363190844  
1 754352520  
3 
6 
1 636694924  
4 
2 
5 
3 
6 
5 
5 
5 
1 648129196  
6 
1 1635820013  
3 
1 836111132  
1 950735050  
5 
4 
1 136183915  
4 
6 
1 1845106366  
1 1599882650  
4 
3 
1 159470412  
6 
4 
4 
6 
4 
6 
2 
1 1505622542  
1 306921373  
4 
2 
1 1227537464  
1 1964214712  
3 
5 
3 
4 
3 
2 
3 
1 203231074  
3 
2 
1 1035874459  
5 
4 
6 
1 1941847800  
1 1036720929  
3 
6 
1 1947539547  
1 1917322581  
3 
2 
6 
4 
5 
3 
3 
2 
2 
6 
3 
5 
6 
3 
3 
3 
6 
2 
3 
2 
1 2032847599  
4 
6 
6 
1 1851634245  
1 163460899  
1 484772642  
3 
4 
3 
1 2143104586  
1 1006886188  
5 
3 
6 
5 
3 
6 
5 
4 
5 
5 
1 1559835901  
1 1993040446  
5 
2 
4 
2 
4 
2 
4 
4 
4 
6 
5 
6 
5 
4 
6 
1 2033796263  
3 
3 
5 
4 
6 
2 
1 61195012  
1 1208747642  
5 
4 
2 
4 
5 
3 
3 
1 640665135  
5 
3 
4 
4 
6 
6 
5 
1 697889936  
3 
1 1856876838  
1 129001501  
4 
6 
1 1534001069  
1 660128241  
4 
2 
5 
2 
5 
2 
2 
1 265185416  
1 1231623787  
2 
1 112527243  
3 
6 
2 
4 
2 
1 424655828  
4 
2 
3 
4 
6 
1 589762681  
1 419448616  
6 
2 
6 
6 
3 
2 
6 
1 1652193292  
3 
5 
2 
3 
2 
1 406493746  
5 
2 
1 622679690  
4 
3 
5 
6 
2 
6 
5 
3 
4 
3 
3 
5 
2 
6 
6 
2 
6 
6 
2 
2 
2 
2 
5 
1 540584104  
3 
3 
4 
4 
6 
6 
6 
2 
5 
5 
4 
6 
2 
1 200857898  
6 
6 
2 
3 
1 1659400620  
4 
5 
3 
3 
5 
1 340640003  
1 2118180479  
6 
2 
4 
6 
1 1544764571  
6 
5 
6 
2 
5 
6 
6 
3 
3 
5 
3 
1 44790600  
3 
1 134157730  
4 
3 
1 2029537213  
4 
2 
6 
5 
4 
6 
6 
5 
5 
6 
3 
1 40411538  
6 
2 
1 1141043918  
4 
5 
3 
6 
3 
4 
2 
1 1441889466  
6 
1 2033451985  
6 
4 
1 1027356533  
3 
5 
2 
2 
6 
5 
4 
6 
4 
1 1503084479  
4 
3 
3 
6 
1 1094715979  
1 1668021669  
3 
5 
6 
1 53490767  
2 
1 804109170  
2 
2 
5 
4 
3 
4 
1 1797023170  
1 1587491836  
2 
5 
3 
6 
5 
4 
3 
4 
1 1464237411  
4 
6 
3 
3 
1 2062208586  
6 
4 
2 
6 
2 
1 671631975  
1 1576764654  
3 
4 
1 339380767  
5 
2 
2 
4 
1 1261394657  
6 
3 
2 
5 
5 
6 
1 1996213270  
5 
1 1991574059  
2 
5 
6 
3 
5 
2 
6 
4 
4 
4 
4 
6 
6 
1 1667888403  
4 
5 
3 
4 
5 
6 
5 
1 471409312  
2 
6 
5 
6 
1 384674515  
2 
1 1868746301  
4 
2 
1 2130809932  
2 
3 
4 
2 
6 
4 
5 
2 
6 
5 
1 725314518  
6 
4 
3 
1 1839443133  
1 1528090856  
4 
6 
2 
3 
2 
3 
3 
5 
2 
3 
4 
2 
4 
5 
3 
3 
5 
2 
6 
5 
6 
3 
1 770105118  
5 
6 
1 1973600863  
6 
1 1410144421  
2 
4 
5 
4 
6 
2 
3 
3 
3 
6 
3 
3 
3 
1 810516657  
1 967161134  
1 704550240  
3 
6 
3 
4 
2 
2 
3 
1 696484994  
1 1994517667  
4 
6 
2 
2 
4 
5 
4 
2 
5 
6 
1 60151071  
4 
5 
1 1791200973  
6 
6 
1 1515055688  
4 
2 
2 
1 113641838  
3 
2 
2 
6 
5 
4 
5 
4 
1 447826495  
1 1164595210  
6 
5 
2 
4 
3 
4 
4 
6 
6 
4 
6 
1 1701133675  
4 
2 
3 
5 
3 
5 
2 
3 
4 
5 
6 
3 
1 1912063906  
2 
5 
3 
1 1079320149  
6 
5 
4 
3 
3 
1 225282002  
2 
2 
6 
3 
5 
5 
3 
3 
1 1341344912  
3 
4 
1 1418700916  
6 
4 
6 
4 
2 
1 1486676659  
6 
3 
1 1190074534  
3 
6 
3 
3 
4 
1 1262791327  
4 
5 
3 
6 
2 
5 
2 
1 1007081414  
2 
2 
3 
4 
2 
2 
5 
4 
4 
1 1661483847  
6 
5 
2 
5 
6 
1 1647465843  
6 
5 
2 
4 
3 
4 
4 
5 
4 
5 
3 
2 
4 
4 
4 
5 
5 
5 
1 728344068  
5 
4 
1 1644810131  
4 
3 
6 
3 
1 225296713  
2 
4 
1 420303553  
6 
5 
1 1025417339  
4 
2 
4 
1 995401832  
6 
3 
6 
6 
4 
3 
5 
4 
1 246420768  
2 
4 
6 
6 
1 288078113  
3 
2 
3 
3 
2 
4 
3 
2 
3 
2 
5 
6 
6 
6 
5 
5 
5 
3 
1 1805918489  
1 1213581902  
6 
5 
1 992628353  
6 
1 354919835  
2 
1 1060615922  
6 
6 
4 
6 
1 1052779424  
2 
4 
5 
6 
6 
5 
3 
4 
2 
3 
2 
2 
2 
2 
6 
3 
5 
2 
4 
3 
6 
5 
4 
6 
1 2146120808  
5 
3 
3 
5 
6 
2 
6 
6 
6 
3 
5 
6 
2 
6 
6 
2 
5 
1 428187962  
1 1166421262  
3 
6 
3 
6 
2 
6 
4 
3 
3 
3 
6 
4 
4 
3 
6 
1 446463656  
1 1592783173  
3 
2 
5 
3 
1 720071289  
4 
5 
5 
1 211043914  
2 
5 
1 524619674  
5 
5 
4 
4 
2 
3 
4 
5 
4 
2 
3 
1 945353292  
5 
4 
2 
1 1552388827  
1 1943320590  
2 
5 
2 
3 
4 
3 
4 
3 
5 
5 
4 
3 
3 
6 
6 
3 
4 
5 
4 
2 
1 284546303  
3 
6 
1 594979713  
1 1058628269  
4 
3 
3 
2 
6 
1 1291627718  
4 
1 108979912  
4 
3 
3 
6 
2 
6 
6 
6 
2 
5 
1 558610464  
2 
1 2019971786  
2 
6 
2 
5 
3 
4 
1 1753790044  
1 783907178  
1 292791691  
4 
1 631723735  
3 
3 
3 
2 
4 
2 
3 
4 
4 
5 
6 
4 
1 1779309010  
6 
5 
4 
3 
5 
5 
1 539212459  
1 919801848  
3 
3 
1 1437743851  
1 1752794362  
6 
5 
5 
4 
3 
5 
5 
2 
6 
4 
3 
4 
3 
4 
2 
5 
1 1912430201  
6 
3 
4 
2 
1 1792663686  
6 
1 665926636  
1 817725977  
6 
1 1791300846  
2 
2 
3 
5 
6 
1 1094114598  
4 
3 
3 
1 1984147240  
2 
3 
3 
5 
1 90280854  
5 
1 539414123  
4 
3 
5 
2 
3 
6 
2 
4 
2 
4 
5 
4 
4 
4 
3 
2 
6 
3 
4 
1 556734881  
1 301324769  
4 
4 
4 
2 
5 
1 1064033797  
5 
3 
6 
2 
4 
3 
5 
6 
1 1502088173  
3 
1 1853713596  
4 
6 
4 
2 
2 
2 
1 859870739  
3 
4 
2 
4 
1 1786634477  
1 301209661  
6 
2 
3 
1 1918499009  
1 930778547  
5 
2 
6 
1 410189574  
2 
6 
2 
1 329625825  
6 
2 
4 
5 
2 
3 
6 
5 
3 
2 
3 
3 
4 
2 
3 
4 
6 
1 803266685  
4 
3 
6 
1 16495970  
5 
6 
1 1113533003  
4 
2 
6 
3 
2 
1 1096058376  
6 
2 
5 
4 
1 648219705  
6 
3 
1 745358365  
3 
5 
6 
2 
6 
5 
4 
5 
1 1635270835  
1 1568021554  
1 35618568  
6 
1 1240581549  
1 1332968107  
4 
6 
2 
1 1828282254  
3 
1 1906508185  
3 
6 
6 
5 
4 
3 
4 
1 3210437  
2 
4 
1 1472099453  
5 
6 
6 
6 
2 
4 
5 
2 
5 
2 
6 
6 
2 
2 
4 
6 
5 
1 853139136  
3 
1 1987357677  
3 
1 1562380307  
3 
2 
3 
4 
6 
4 
1 1392553259  
2 
2 
6 
1 396608910  
4 
3 
2 
1 1863705076  
6 
5 
1 309103409  
4 
1 1898697084  
2 
1 1569935024  
3 
2 
5 
5 
2 
4 
1 1168974148  
6 
5 
2 
6 
3 
3 
2 
6 
2 
3 
5 
6 
1 1537847913  
3 
2 
3 
1 1871144686  
3 
6 
3 
4 
2 
3 
4 
1 939989509  
6 
2 
4 
4 
1 321142812  
4 
6 
2 
2 
5 
5 
6 
2 
4 
5 
6 
5 
2 
6 
5 
5 
1 133850612  
6 
6 
1 1269615335  
2 
4 
1 1124409497  
3 
6 
2 
6 
5 
5 
4 
3 
1 150346582  
2 
3 
1 235664690  
5 
6 
5 
6 
1 72984225  
5 
1 798566287  
4 
1 981023056  
4 
5 
1 1708255060  
2 
6 
1 219104193  
2 
3 
1 1016641624  
5 
1 801352962  
6 
3 
4 
3 
4 
1 1552072301  
4 
5 
1 697440231  
1 560377499  
5 
3 
4 
4 
6 
6 
5 
1 1555282738  
3 
6 
4 
5 
5 
4 
1 22056036  
1 1413516635  
5 
2 
2 
5 
6 
1 1395156767  
2 
4 
2 
4 
5 
2 
4 
5 
2 
5 
3 
6 
3 
2 
5 
5 
1 1584436343  
4 
4 
5 
1 658586247  
3 
5 
1 1791765677  
1 1300657772  
4 
4 
3 
1 967689656  
5 
5 
2 
5 
4 
1 1542979113  
6 
4 
6 
2 
5 
2 
3 
1 723109148  
5 
1 2136663804  
5 
6 
4 
4 
2 
5 
1 933343378  
2 
5 
1 446770186  
4 
2 
5 
1 929169666  
6 
6 
3 
6 
5 
1 1254486190  
5 
2 
6 
5 
5 
4 
3 
5 
5 
1 580620798  
6 
4 
3 
5 
3 
3 
1 51301353  
3 
3 
4 
5 
6 
6 
5 
1 231412039  
2 
5 
5 
1 730967380  
2 
4 
5 
5 
1 286966043  
4 
3 
6 
1 304396264  
4 
2 
6 
5 
4 
1 1529533668  
3 
2 
2 
5 
6 
3 
4 
5 
4 
6 
6 
2 
4 
3 
2 
4 
1 1267989099  
1 2012651325  
4 
4 
2 
2 
2 
3 
6 
6 
2 
4 
6 
3 
3 
1 1748637861  
3 
5 
4 
2 
4 
1 137147076  
1 666520639  
2 
2 
6 
1 1153226514  
6 
3 
5 
4 
6 
5 
2 
6 
5 
5 
6 
2 
4 
1 834587307  
5 
3 
1 1226898138  
6 
6 
3 
1 561025604  
4 
3 
5 
2 
5 
1 856643343  
2 
3 
3 
6 
2 
6 
2 
6 
3 
2 
2 
6 
1 492931126  
2 
1 1956182371  
2 
4 
4 
3 
5 
4 
4 
1 293596038  
2 
2 
1 1151517373  
6 
4 
2 
2 
6 
4 
5 
3 
1 1600464401  
6 
5 
5 
3 
2 
1 1594253810  
1 2119207029  
5 
3 
3 
2 
1 995959866  
6 
6 
2 
6 
4 
2 
3 
4 
5 
1 169879311  
5 
2 
6 
6 
6 
5 
4 
1 2108387185  
2 
2 
1 1929303245  
4 
1 616649497  
5 
5 
3 
2 
1 890073203  
3 
1 1036305787  
3 
2 
2 
2 
3 
3 
6 
5 
6 
3 
3 
6 
1 1197270296  
3 
2 
3 
6 
2 
2 
2 
5 
2 
2 
5 
6 
6 
2 
4 
3 
3 
5 
4 
2 
3 
2 
5 
6 
5 
2 
2 
3 
4 
6 
2 
6 
2 
6 
3 
3 
6 
1 941374556  
5 
3 
3 
3 
6 
2 
2 
1 1267717827  
4 
6 
3 
1 1928237676  
5 
5 
4 
3 
2 
2 
2 
2 
4 
1 1228340600  
1 1572114091  
4 
3 
5 
5 
2 
5 
4 
2 
1 1310287696  
1 348846051  
3 
5 
3 
3 
2 
4 
4 
3 
4 
6 
2 
6 
2 
3 
1 1437281768  
2 
1 911441910  
6 
5 
5 
3 
2 
1 485993127  
3 
1 2103802407  
6 
4 
3 
3 
6 
3 
6 
6 
2 
6 
5 
6 
3 
5 
1 2064668424  
2 
6 
3 
4 
1 1320580434  
3 
1 1183216898  
1 478210381  
6 
5 
5 
2 
2 
6 
1 29740129  
4 
3 
4 
1 1676148024  
3 
3 
4 
2 
3 
3 
4 
6 
1 286909104  
2 
4 
3 
1 323336168  
4 
3 
5 
3 
6 
2 
4 
1 680181749  
3 
4 
3 
1 1887373505  
1 1917589978  
4 
6 
6 
4 
1 651905130  
4 
4 
4 
6 
5 
3 
4 
2 
1 735849724  
4 
5 
6 
3 
6 
6 
1 2087469289  
1 612808667  
2 
4 
6 
4 
4 
3 
3 
1 517669321  
6 
6 
4 
3 
3 
3 
6 
5 
5 
3 
3 
4 
6 
1 556635139  
4 
4 
2 
1 1502881871  
6 
4 
1 1553975108  
4 
4 
3 
4 
3 
2 
5 
6 
3 
6 
1 1753905435  
6 
3 
1 296772779  
3 
1 674209287  
3 
5 
6 
2 
5 
5 
3 
1 1534659463  
4 
5 
3 
6 
3 
6 
4 
4 
1 1525113379  
3 
1 98839731  
5 
2 
4 
1 697463512  
1 1873959431  
4 
3 
3 
2 
1 1536121499  
6 
1 1608905422  
3 
4 
5 
4 
5 
1 212468910  
1 1492440259  
2 
6 
4 
4 
5 
3 
2 
1 1526090198  
1 1533049345  
5 
6 
5 
4 
6 
5 
2 
6 
4 
6 
5 
1 528173509  
1 2004300579  
1 1562789474  
6 
6 
2 
1 56837885  
6 
5 
5 
2 
1 143726036  
1 1886125642  
5 
2 
6 
1 737019634  
1 2031099541  
6 
2 
3 
3 
3 
2 
3 
5 
6 
5 
5 
3 
3 
4 
2 
4 
6 
4 
4 
3 
4 
5 
2 
4 
4 
2 
6 
3 
2 
6 
4 
5 
6 
5 
3 
1 1656231973  
2 
1 1388924764  
3 
3 
5 
3 
1 619465617  
1 1596217614  
3 
4 
3 
1 2001733431  
3 
5 
6 
3 
3 
6 
6 
1 1137134938  
1 5369105  
3 
3 
4 
1 1357131654  
5 
1 543626399  
1 1759274540  
2 
2 
4 
3 
2 
2 
3 
3 
4 
4 
6 
2 
2 
3 
1 1653904434  
4 
5 
4 
4 
5 
4 
2 
2 
6 
6 
2 
5 
2 
6 
2 
5 
5 
5 
2 
3 
3 
6 
4 
3 
2 
2 
3 
1 1217835686  
5 
6 
3 
4 
2 
1 1146450356  
2 
5 
5 
5 
1 1031534165  
4 
1 1316675417  
1 1843913868  
3 
4 
2 
3 
3 
6 
3 
4 
4 
1 758009948  
5 
4 
1 705313269  
5 
5 
3 
5 
4 
5 
4 
4 
2 
1 1305335642  
3 
6 
2 
6 
5 
4 
6 
4 
3 
5 
2 
6 
4 
1 970478859  
4 
6 
1 50269880  
2 
3 
3 
6 
4 
3 
6 
6 
1 683942192  
2 
2 
3 
4 
1 356044556  
3 
5 
2 
2 
4 
5 
1 578443389  
3 
4 
4 
5 
1 540759124  
6 
3 
5 
6 
1 1918834030  
5 
2 
1 635281274  
4 
2 
3 
2 
6 
5 
1 684485160  
5 
6 
6 
3 
3 
5 
6 
1 1657476025  
6 
1 1372300908  
6 
1 568101053  
1 1166224350  
3 
6 
2 
4 
2 
5 
5 
4 
1 613742024  
5 
1 1187566671  
3 
5 
1 614958316  
6 
2 
4 
6 
2 
1 467991807  
6 
2 
1 177217961  
1 620327422  
1 1825123462  
1 720844360  
3 
5 
6 
1 232118314  
3 
3 
1 1331544248  
6 
6 
1 1938680047  
5 
3 
5 
6 
2 
1 1378568670  
6 
3 
6 
6 
2 
3 
6 
5 
3 
6 
5 
2 
5 
3 
2 
4 
3 
4 
2 
6 
1 215594765  
1 1107871816  
2 
2 
6 
4 
1 1074998890  
3 
3 
2 
6 
2 
4 
1 973604714  
6 
5 
1 1813185085  
3 
4 
3 
2 
4 
1 232850884  
5 
1 1944083573  
1 1863454965  
2 
5 
4 
4 
3 
6 
5 
1 916793077  
3 
6 
1 152644481  
6 
4 
1 294414706  
3 
4 
1 1457552201  
4 
5 
1 2071478511  
2 
2 
4 
6 
2 
1 929695980  
1 2142037361  
5 
3 
2 
3 
6 
3 
5 
2 
3 
2 
2 
5 
3 
3 
6 
5 
4 
5 
6 
6 
2 
6 
5 
4 
6 
5 
2 
6 
6 
3 
1 1581470888  
2 
3 
6 
2 
6 
1 154513240  
1 562654766  
6 
6 
2 
4 
3 
2 
6 
5 
1 600211590  
5 
6 
3 
5 
4 
3 
2 
6 
4 
5 
3 
3 
4 
4 
4 
4 
3 
4 
6 
5 
4 
2 
4 
2 
1 768255264  
4 
6 
3 
1 1750221437  
6 
3 
1 1215169907  
4 
6 
1 1236247072  
1 1927439399  
4 
2 
2 
1 1835497329  
5 
2 
4 
3 
4 
2 
2 
5 
5 
1 913886886  
3 
5 
6 
6 
2 
5 
2 
5 
2 
3 
4 
4 
1 500800111  
2 
5 
5 
3 
5 
3 
2 
5 
4 
3 
4 
1 2067615643  
2 
2 
2 
3 
1 97947486  
5 
1 291996510  
5 
4 
1 1298700666  
2 
6 
5 
5 
4 
3 
6 
4 
3 
1 313542251  
6 
6 
5 
3 
3 
4 
2 
6 
4 
3 
1 1399868327  
3 
2 
1 226215908  
2 
3 
6 
4 
4 
2 
6 
5 
1 1287146965  
5 
4 
4 
5 
2 
6 
6 
2 
4 
5 
3 
5 
2 
6 
6 
4 
4 
3 
4 
2 
3 
3 
2 
3 
3 
1 1065569764  
3 
6 
1 459066793  
3 
6 
4 
6 
6 
2 
1 1083746890  
2 
1 781541082  
5 
6 
1 1375859870  
4 
2 
2 
1 1236391371  
5 
6 
4 
5 
6 
3 
4 
4 
4 
4 
5 
5 
2 
1 1075955788  
3 
5 
2 
6 
1 685928423  
5 
2 
3 
6 
3 
2 
1 1160386235  
3 
1 2005651769  
5 
5 
4 
5 
6 
2 
4 
6 
6 
2 
2 
1 680482136  
3 
2 
4 
6 
3 
4 
5 
3 
5 
4 
4 
5 
5 
6 
2 
4 
5 
2 
1 594373475  
4 
6 
5 
2 
1 12681361  
2 
2 
5 
1 1243136902  
2 
5 
6 
1 1194585066  
2 
4 
3 
4 
4 
3 
2 
1 780936626  
2 
5 
1 845874692  
1 262271325  
2 
2 
4 
2 
3 
6 
1 2017183698  
1 625830443  
2 
5 
1 2097768654  
6 
3 
1 783586936  
3 
5 
3 
5 
2 
6 
2 
5 
6 
2 
2 
1 1126630554  
1 2017900649  
3 
1 881534422  
5 
5 
5 
6 
4 
6 
5 
1 1418627065  
2 
3 
6 
5 
3 
1 1169117667  
2 
3 
4 
1 1195076673  
2 
4 
1 671011744  
2 
6 
3 
1 1395333576  
4 
5 
2 
1 334739991  
5 
3 
3 
5 
1 1736581508  
1 1854400369  
3 
3 
2 
3 
6 
4 
4 
6 
1 1418486881  
6 
5 
1 370638942  
6 
6 
3 
5 
6 
1 1082776591  
1 507394605  
6 
1 1446594731  
1 1768705014  
3 
4 
6 
5 
4 
3 
2 
4 
5 
3 
1 1667780840  
6 
3 
6 
4 
3 
2 
2 
4 
2 
6 
2 
5 
5 
6 
4 
6 
4 
4 
4 
1 1304762852  
3 
1 301703502  
3 
1 114670667  
2 
4 
6 
4 
5 
1 1317444213  
5 
4 
3 
2 
4 
3 
6 
5 
6 
1 1544840404  
6 
1 1309255733  
6 
3 
4 
6 
5 
5 
5 
3 
6 
3 
5 
2 
2 
5 
5 
3 
4 
4 
2 
4 
3 
4 
6 
2 
4 
4 
1 2098380839  
2 
3 
5 
2 
2 
3 
1 243231448  
6 
2 
2 
5 
5 
1 1571527058  
2 
2 
3 
3 
6 
5 
5 
2 
3 
3 
1 1968080889  
6 
4 
5 
5 
5 
1 869061891  
3 
6 
5 
6 
1 1521812064  
2 
6 
1 604184177  
6 
4 
2 
3 
3 
2 
1 1995692446  
3 
6 
1 1392229066  
1 1485718599  
2 
4 
5 
5 
5 
3 
4 
4 
3 
1 1266835863  
2 
6 
1 413863085  
1 533311625  
6 
4 
2 
1 1937847607  
6 
6 
4 
3 
3 
5 
3 
6 
6 
1 1809196661  
1 868051616  
4 
1 1526945467  
3 
1 1516113382  
4 
5 
5 
4 
4 
1 139054849  
4 
3 
3 
4 
3 
2 
6 
3 
2 
1 1897584410  
3 
4 
1 451406325  
5 
3 
5 
6 
6 
6 
2 
3 
4 
1 646449454  
6 
2 
4 
2 
3 
3 
6 
1 1196695493  
2 
3 
3 
3 
2 
5 
1 72627691  
5 
5 
6 
5 
1 166746646  
2 
2 
6 
1 353974697  
3 
5 
1 374331193  
1 281417314  
1 1671418910  
5 
5 
1 1919171598  
2 
2 
2 
5 
2 
3 
1 1590673047  
2 
4 
6 
2 
3 
6 
4 
4 
2 
1 1622316102  
1 14919398  
1 1014716458  
2 
1 1442913343  
3 
3 
1 883981290  
6 
5 
4 
6 
4 
5 
6 
2 
2 
4 
3 
5 
3 
1 389044874  
2 
6 
5 
1 2047097521  
3 
6 
5 
2 
1 732190088  
4 
3 
4 
2 
3 
4 
1 1781273940  
5 
4 
6 
5 
3 
1 1385332472  
6 
3 
3 
6 
1 1999025951  
1 47653378  
3 
1 1918644097  
4 
3 
4 
2 
4 
6 
2 
4 
4 
5 
2 
1 1789389910  
6 
4 
6 
5 
5 
2 
5 
2 
5 
4 
1 1856850039  
1 639212065  
1 1168851729  
6 
5 
4 
6 
3 
6 
5 
4 
3 
6 
4 
6 
4 
4 
2 
6 
5 
6 
1 1225479774  
4 
5 
4 
6 
3 
5 
4 
4 
3 
1 778266915  
4 
4 
5 
6 
4 
2 
3 
6 
5 
6 
3 
1 918952491  
2 
4 
3 
2 
1 1676886099  
3 
4 
2 
5 
4 
4 
1 1424716369  
1 2115647984  
4 
6 
4 
3 
6 
6 
1 1749513791  
3 
2 
3 
1 1591463016  
6 
5 
4 
2 
4 
6 
4 
3 
5 
2 
4 
2 
6 
3 
5 
5 
2 
3 
1 322139033  
3 
1 2123844984  
3 
3 
5 
4 
1 1872880330  
2 
2 
2 
3 
4 
6 
2 
1 1993557944  
1 1895532934  
1 1316069729  
4 
5 
5 
3 
1 1468390398  
1 1910452333  
1 183302539  
1 763820093  
4 
4 
4 
2 
6 
2 
4 
1 646949975  
4 
1 572347414  
4 
6 
5 
6 
5 
3 
5 
6 
4 
3 
1 663433966  
2 
3 
2 
2 
4 
3 
4 
3 
1 1379140063  
2 
5 
5 
2 
4 
4 
2 
1 206137706  
4 
4 
6 
1 2048766439  
1 1230682366  
2 
4 
5 
3 
4 
6 
2 
5 
3 
6 
4 
4 
1 253791084  
6 
3 
5 
1 1819926888  
5 
1 872588628  
2 
4 
5 
4 
2 
2 
5 
4 
3 
3 
2 
2 
3 
3 
5 
3 
6 
5 
6 
2 
3 
3 
5 
5 
3 
6 
2 
1 2110641124  
2 
4 
6 
2 
4 
3 
5 
4 
2 
2 
3 
2 
2 
3 
5 
6 
4 
6 
2 
1 311655306  
5 
2 
1 2041440357  
5 
6 
3 
4 
2 
4 
3 
6 
4 
2 
3 
6 
3 
2 
3 
6 
3 
6 
3 
4 
5 
5 
6 
3 
3 
5 
1 1188637250  
3 
2 
5 
3 
4 
4 
6 
6 
6 
3 
1 1089922221  
2 
1 812909201  
3 
6 
4 
6 
4 
3 
6 
5 
3 
6 
2 
6 
1 718039701  
1 367154942  
4 
3 
2 
3 
1 781073537  
5 
5 
1 320069844  
4 
6 
4 
1 1958617958  
2 
2 
3 
5 
3 
5 
2 
2 
2 
1 1103212571  
4 
2 
1 296431181  
5 
1 1684014640  
5 
2 
6 
5 
6 
1 949286867  
4 
2 
6 
6 
2 
6 
1 44480467  
5 
2 
5 
6 
6 
4 
1 852600722  
3 
4 
2 
4 
6 
2 
5 
6 
1 270193617  
5 
2 
1 1954932800  
4 
4 
1 1035903261  
6 
2 
1 1034013710  
2 
3 
6 
4 
1 454399127  
3 
3 
2 
3 
4 
3 
2 
2 
3 
2 
1 1608250675  
5 
3 
2 
2 
6 
4 
2 
6 
6 
3 
1 1697447677  
2 
5 
5 
1 1833539190  
5 
5 
4 
1 1814388382  
2 
1 1598730468  
5 
1 916737908  
3 
6 
6 
5 
1 2068179466  
4 
2 
4 
4 
3 
4 
1 1271173708  
6 
5 
6 
6 
6 
2 
1 1789326536  
1 2031336942  
2 
1 1582829014  
4 
6 
6 
5 
1 1683283246  
2 
1 1072490544  
4 
3 
5 
6 
4 
6 
3 
5 
3 
1 525267587  
3 
1 348708799  
5 
6 
2 
1 1790530246  
2 
2 
3 
5 
6 
3 
2 
3 
4 
1 892422530  
1 1129782336  
1 2110600090  
3 
4 
3 
5 
5 
3 
4 
6 
3 
5 
5 
4 
3 
6 
2 
6 
1 703556840  
4 
5 
4 
5 
5 
4 
4 
5 
2 
1 85511259  
1 259547623  
1 240087833  
6 
5 
5 
5 
3 
3 
4 
2 
4 
5 
1 1034798126  
1 304028091  
6 
5 
2 
4 
3 
5 
4 
2 
2 
3 
2 
3 
6 
3 
4 
3 
4 
3 
5 
1 1092688555  
1 1304991743  
5 
1 111477243  
2 
1 2128591816  
4 
6 
1 191521806  
4 
6 
6 
3 
3 
4 
5 
4 
2 
3 
3 
1 565876371  
2 
2 
1 1589358844  
1 1888969483  
4 
3 
4 
1 251931913  
3 
4 
1 1256263578  
3 
3 
6 
1 1340216303  
2 
5 
5 
2 
4 
5 
1 1168669822  
2 
1 1176959396  
4 
2 
4 
2 
6 
1 463906363  
2 
5 
2 
5 
3 
4 
4 
2 
6 
2 
1 810512710  
3 
6 
2 
5 
4 
6 
3 
2 
6 
1 1060812691  
5 
3 
2 
6 
5 
1 2046735378  
2 
1 346312308  
4 
5 
4 
1 2133303235  
3 
5 
5 
4 
6 
1 424519317  
1 695021107  
4 
2 
1 1776349833  
1 1316941847  
2 
3 
5 
5 
4 
2 
2 
5 
5 
1 1824803444  
2 
2 
3 
6 
5 
5 
1 1739466276  
4 
3 
5 
6 
4 
2 
2 
2 
5 
4 
6 
3 
5 
3 
1 2020498688  
3 
5 
6 
6 
2 
3 
2 
2 
4 
4 
6 
2 
2 
6 
3 
6 
5 
6 
4 
6 
5 
6 
2 
2 
5 
2 
2 
1 1910314703  
5 
1 1999013899  
4 
1 113102873  
4 
3 
1 797629182  
6 
4 
3 
5 
2 
4 
1 155558342  
4 
3 
2 
3 
1 1205791428  
6 
1 2102620925  
6 
6 
4 
5 
2 
4 
2 
1 267035586  
2 
6 
5 
4 
4 
1 1186899596  
5 
3 
1 146659083  
2 
6 
5 
6 
3 
2 
5 
1 832911957  
6 
5 
2 
4 
5 
5 
1 628774792  
3 
5 
5 
5 
1 2035628566  
4 
3 
3 
1 1084843870  
6 
3 
5 
4 
1 1885038370  
1 1228361221  
6 
2 
5 
5 
2 
4 
3 
2 
1 106030044  
2 
3 
1 914514119  
1 1692267585  
6 
5 
5 
5 
3 
2 
1 916542755  
5 
5 
6 
2 
5 
1 1975326810  
3 
5 
3 
1 1591519315  
5 
4 
5 
1 1262855063  
6 
1 1961146397  
5 
1 2016038632  
4 
1 1957876171  
4 
5 
4 
5 
3 
3 
2 
1 1590012583  
2 
2 
3 
2 
6 
5 
5 
4 
3 
2 
2 
1 1185496832  
3 
6 
5 
6 
1 1635195967  
3 
6 
4 
1 1181995211  
2 
6 
1 1058511872  
1 1398027022  
5 
1 1033525462  
2 
1 1171614745  
1 48172556  
2 
2 
2 
6 
5 
5 
6 
5 
2 
4 
3 
3 
3 
4 
6 
2 
2 
6 
4 
6 
6 
6 
5 
5 
1 1189083805  
3 
3 
3 
1 229922525  
3 
4 
2 
3 
4 
5 
6 
5 
2 
5 
2 
5 
4 
4 
5 
5 
6 
4 
6 
4 
4 
6 
4 
6 
1 3309834  
4 
4 
4 
5 
4 
1 1456119391  
6 
5 
6 
1 1416822121  
3 
3 
4 
3 
2 
5 
5 
1 149968917  
5 
6 
5 
6 
1 141547700  
2 
4 
5 
1 2045596914  
5 
1 38113836  
5 
5 
1 1226391570  
4 
4 
3 
6 
5 
6 
5 
4 
5 
3 
2 
4 
2 
3 
2 
3 
5 
1 1783151636  
1 1266475057  
2 
5 
3 
6 
3 
4 
1 1332421615  
2 
4 
3 
6 
4 
1 550182107  
2 
1 811258994  
3 
1 101480722  
4 
5 
1 378025269  
5 
3 
2 
2 
5 
3 
3 
1 255294661  
2 
5 
6 
3 
2 
5 
2 
3 
2 
1 1364335785  
4 
3 
3 
3 
4 
2 
2 
6 
6 
2 
6 
2 
3 
3 
2 
5 
1 191688019  
1 123849646  
5 
3 
4 
1 1174728308  
3 
4 
3 
4 
5 
3 
5 
2 
3 
5 
6 
6 
6 
1 1781700602  
6 
2 
5 
4 
1 1309346478  
2 
5 
2 
3 
6 
1 662440627  
2 
2 
4 
3 
2 
2 
1 816212165  
1 220374702  
4 
3 
6 
4 
4 
2 
6 
1 2060467650  
2 
5 
4 
2 
6 
4 
2 
4 
6 
1 1849737627  
3 
4 
1 1391989447  
1 2108640206  
3 
3 
4 
4 
2 
5 
5 
1 891337784  
3 
3 
4 
1 1621911972  
3 
6 
6 
4 
2 
2 
5 
1 2111950040  
4 
2 
4 
1 199973527  
3 
5 
4 
2 
3 
4 
2 
6 
5 
6 
4 
2 
3 
5 
1 891250445  
2 
3 
5 
3 
5 
1 114435310  
5 
6 
2 
3 
2 
6 
5 
1 341521227  
2 
5 
5 
1 789363711  
2 
1 152549146  
6 
5 
2 
3 
4 
5 
4 
2 
1 1567912798  
6 
1 425031700  
2 
3 
3 
2 
3 
2 
4 
1 1419024203  
6 
3 
3 
4 
2 
3 
2 
3 
1 752850765  
4 
2 
6 
6 
2 
3 
2 
1 975213807  
2 
2 
5 
1 82799550  
1 854331487  
3 
1 1353239077  
5 
3 
6 
3 
2 
6 
3 
2 
3 
3 
2 
6 
1 338094211  
5 
6 
3 
4 
2 
1 71183624  
3 
6 
6 
5 
1 1544927096  
2 
2 
1 461943857  
3 
1 1245911933  
1 1179144050  
6 
5 
2 
3 
3 
4 
2 
1 1771290335  
2 
4 
4 
6 
6 
3 
2 
3 
3 
2 
6 
2 
3 
5 
5 
1 1908352560  
3 
6 
4 
6 
4 
3 
3 
1 1995356215  
3 
4 
6 
3 
1 1991665037  
5 
2 
2 
1 1821336562  
3 
1 1697610194  
3 
5 
2 
6 
1 1236170836  
3 
5 
6 
1 1782493121  
1 441464331  
5 
2 
3 
4 
3 
4 
6 
3 
1 710599160  
1 1746959513  
4 
4 
2 
6 
5 
1 641437858  
2 
4 
4 
1 1601849606  
5 
6 
4 
1 1861394823  
5 
1 982959086  
4 
4 
5 
2 
4 
5 
3 
2 
6 
2 
1 243729669  
3 
6 
4 
2 
5 
1 2013943969  
6 
5 
6 
4 
3 
5 
1 403388236  
2 
2 
1 668761369  
5 
2 
1 1285484525  
2 
6 
1 1156239001  
1 1643975177  
4 
3 
2 
6 
4 
1 1368284075  
4 
2 
2 
1 2010570488  
6 
2 
4 
4 
3 
5 
1 849730606  
1 1706378286  
5 
4 
6 
2 
2 
6 
1 2081754112  
1 247174054  
5 
1 20838496  
1 1180182397  
5 
6 
5 
3 
4 
3 
5 
3 
2 
3 
1 1426318104  
5 
4 
1 1792128831  
5 
3 
2 
4 
6 
3 
3 
6 
5 
3 
4 
2 
6 
3 
5 
4 
6 
2 
4 
5 
4 
2 
3 
3 
2 
2 
4 
5 
5 
3 
1 941051310  
2 
4 
2 
2 
2 
1 1274190671  
2 
1 1636310221  
3 
3 
4 
6 
3 
2 
5 
4 
6 
4 
4 
1 614904224  
2 
5 
2 
6 
6 
2 
5 
5 
2 
3 
2 
5 
4 
4 
5 
4 
5 
2 
5 
4 
6 
6 
6 
3 
5 
3 
2 
6 
6 
2 
1 824317217  
3 
6 
2 
2 
4 
2 
4 
6 
4 
5 
3 
4 
3 
1 724997409  
2 
2 
4 
1 249913697  
4 
4 
2 
4 
4 
1 1265781548  
4 
4 
3 
1 1435596570  
4 
1 1996873211  
3 
6 
4 
6 
6 
3 
3 
1 1907219407  
6 
6 
5 
3 
2 
3 
6 
1 889962528  
6 
1 1710784386  
3 
3 
4 
4 
5 
1 742694845  
4 
4 
4 
3 
2 
5 
6 
3 
5 
3 
1 1133692197  
1 1577244708  
6 
3 
4 
1 1146083081  
4 
4 
1 1802453567  
3 
4 
4 
6 
5 
4 
4 
5 
3 
6 
1 715245585  
1 154838434  
2 
3 
1 1298945096  
4 
5 
1 2083529660  
3 
3 
3 
5 
6 
5 
3 
3 
2 
2 
1 17925274  
1 1192054  
6 
4 
5 
1 1642424298  
6 
5 
6 
3 
5 
2 
3 
1 2099679386  
5 
5 
4 
1 248366108  
6 
3 
2 
1 1663262794  
6 
4 
5 
2 
5 
6 
1 1132378136  
5 
2 
4 
6 
1 1674684212  
3 
6 
4 
3 
4 
1 1307907978  
6 
6 
3 
2 
3 
1 2073429446  
3 
4 
1 801391235  
6 
1 796734551  
4 
2 
5 
5 
6 
6 
1 540850022  
5 
3 
1 1625708452  
4 
2 
1 1521731960  
3 
3 
2 
4 
3 
2 
2 
3 
3 
2 
5 
1 790763720  
1 744006353  
6 
6 
3 
4 
1 809844882  
1 640153283  
3 
2 
6 
6 
5 
5 
2 
1 503742112  
6 
2 
4 
6 
3 
5 
4 
2 
5 
4 
4 
1 1699807410  
4 
5 
1 203454021  
6 
1 1246436957  
3 
1 686015960  
6 
6 
1 1780698729  
4 
5 
4 
3 
5 
3 
1 245036390  
5 
3 
1 340985879  
3 
2 
6 
5 
2 
3 
2 
3 
2 
1 348460666  
6 
3 
4 
3 
6 
4 
4 
5 
4 
5 
4 
4 
6 
3 
1 399874824  
5 
1 1639930975  
2 
2 
4 
5 
1 284506678  
6 
2 
2 
2 
1 417800098  
2 
6 
3 
2 
1 1641123029  
6 
5 
1 1926930977  
5 
3 
5 
2 
4 
1 369995836  
6 
3 
4 
1 1889489137  
6 
1 1442710123  
1 1502373972  
5 
2 
2 
6 
6 
2 
2 
5 
5 
1 1416689701  
1 603134453  
5 
2 
3 
5 
1 1428319770  
6 
4 
5 
1 70597288  
4 
4 
1 1399869004  
3 
2 
6 
3 
4 
6 
5 
6 
2 
6 
6 
3 
1 1969169793  
3 
1 1696305740  
3 
4 
5 
2 
6 
3 
4 
4 
2 
6 
2 
3 
3 
5 
5 
5 
5 
6 
5 
6 
4 
3 
5 
5 
3 
5 
4 
6 
3 
6 
3 
2 
2 
6 
6 
2 
2 
5 
4 
5 
1 774117317  
5 
2 
2 
3 
6 
5 
4 
3 
3 
5 
2 
2 
3 
2 
5 
1 612449865  
2 
3 
3 
4 
5 
1 292828445  
5 
4 
2 
6 
5 
2 
3 
2 
4 
3 
4 
5 
5 
6 
6 
2 
5 
5 
5 
6 
1 1583962199  
5 
2 
3 
3 
2 
6 
5 
4 
3 
3 
6 
1 1252603148  
4 
6 
4 
6 
1 796570557  
6 
3 
3 
4 
5 
1 1136285962  
3 
5 
1 1456057169  
3 
5 
4 
3 
2 
6 
1 2043007514  
3 
5 
2 
2 
1 1822301922  
3 
2 
5 
1 1089272251  
6 
2 
4 
1 140560256  
1 15804153  
6 
6 
1 1437732917  
3 
1 540435080  
5 
5 
1 1655735128  
4 
1 1722239596  
6 
3 
3 
1 958235178  
4 
5 
5 
4 
4 
6 
1 1149374509  
3 
6 
5 
4 
3 
5 
5 
1 1501686925  
1 1328231015  
1 891379998  
6 
3 
2 
5 
2 
6 
1 796913400  
5 
2 
1 683121339  
2 
6 
5 
5 
1 160586051  
6 
1 1400047854  
1 2111441110  
1 231183339  
6 
2 
2 
4 
6 
2 
6 
6 
5 
5 
5 
2 
6 
2 
2 
6 
3 
3 
3 
4 
3 
1 652433210  
5 
4 
2 
4 
3 
6 
5 
2 
3 
4 
3 
6 
6 
1 1933127255  
2 
1 1927489079  
3 
4 
3 
6 
3 
5 
6 
3 
3 
6 
3 
6 
3 
5 
3 
3 
3 
4 
6 
4 
3 
5 
1 1426550527  
6 
5 
5 
6 
3 
6 
2 
4 
5 
5 
4 
2 
1 398093472  
6 
5 
4 
5 
5 
2 
4 
6 
5 
6 
4 
3 
6 
4 
2 
4 
4 
4 
6 
2 
6 
4 
4 
5 
5 
6 
1 72833877  
3 
2 
5 
5 
1 863029079  
4 
1 1650696620  
4 
3 
3 
3 
2 
6 
4 
5 
5 
6 
6 
6 
6 
1 869404434  
4 
1 1999315041  
2 
4 
3 
1 959270141  
5 
4 
1 764928301  
5 
6 
5 
3 
5 
6 
5 
2 
3 
1 1674133315  
5 
3 
4 
2 
4 
6 
5 
4 
1 2048542392  
5 
1 905488557  
5 
4 
2 
2 
5 
5 
3 
5 
4 
4 
4 
3 
2 
6 
6 
5 
5 
4 
6 
3 
5 
4 
2 
2 
6 
5 
4 
1 1689937468  
5 
3 
6 
3 
2 
6 
5 
4 
1 1338791662  
5 
6 
5 
2 
6 
3 
5 
4 
2 
3 
4 
6 
4 
1 1445923638  
1 1198188948  
5 
3 
4 
6 
5 
4 
6 
3 
4 
5 
2 
6 
5 
4 
4 
6 
3 
1 913547610  
6 
6 
3 
5 
5 
6 
6 
6 
3 
1 256675168  
3 
5 
6 
5 
1 200079809  
2 
3 
6 
5 
6 
4 
3 
6 
2 
6 
5 
4 
4 
3 
4 
1 267750887  
6 
4 
6 
4 
2 
6 
1 1584906183  
6 
2 
1 1091459807  
2 
1 1064664287  
1 120543875  
6 
3 
5 
6 
4 
2 
6 
3 
4 
3 
5 
3 
2 
1 1252045858  
3 
5 
3 
4 
4 
4 
1 317228493  
6 
1 84501337  
3 
2 
5 
5 
3 
5 
3 
2 
2 
6 
6 
5 
5 
1 1483229197  
2 
3 
4 
2 
2 
5 
4 
4 
5 
4 
2 
5 
2 
2 
5 
5 
2 
2 
3 
5 
1 969661704  
2 
3 
6 
1 2017628592  
3 
1 1263234628  
2 
1 248728583  
4 
5 
1 268238416  
6 
2 
4 
2 
6 
5 
4 
4 
3 
4 
4 
2 
3 
3 
4 
5 
3 
5 
5 
1 1336068505  
1 1111757662  
1 1918935036  
3 
3 
3 
3 
2 
5 
1 57989292  
4 
3 
3 
1 963589055  
6 
6 
5 
6 
5 
6 
4 
1 730721529  
1 822917593  
5 
4 
1 490238722  
5 
4 
5 
5 
4 
4 
6 
6 
3 
3 
2 
1 631780274  
4 
4 
2 
2 
3 
4 
2 
6 
2 
1 1728406150  
6 
1 32692542  
1 1970571936  
3 
2 
4 
6 
3 
5 
6 
2 
1 1026846140  
4 
1 1230881490  
6 
2 
2 
2 
6 
5 
5 
2 
4 
2 
3 
3 
3 
4 
2 
2 
1 736635898  
5 
4 
4 
3 
2 
3 
6 
5 
4 
5 
3 
5 
5 
3 
1 1283521309  
4 
5 
1 1430961299  
6 
6 
6 
6 
2 
4 
1 1004386785  
3 
3 
2 
1 720943844  
6 
4 
6 
2 
2 
1 374937458  
6 
4 
4 
1 2069051072  
3 
6 
3 
3 
1 841487719  
1 1626983316  
4 
1 238795918  
5 
1 925989056  
3 
6 
3 
6 
6 
2 
1 962728865  
6 
3 
1 1208457622  
5 
3 
4 
6 
6 
6 
2 
5 
2 
3 
4 
5 
4 
6 
5 
3 
6 
2 
1 796134000  
1 78479846  
6 
3 
2 
2 
1 1457186205  
2 
3 
5 
5 
1 1064372416  
2 
2 
5 
6 
1 1414548351  
6 
3 
3 
6 
6 
4 
5 
2 
3 
3 
1 421460220  
1 835823804  
2 
4 
5 
2 
5 
3 
1 1472537643  
1 1385049275  
6 
2 
4 
2 
5 
4 
2 
4 
5 
3 
4 
1 1566545334  
2 
2 
5 
4 
6 
3 
5 
6 
1 147971588  
1 1875287998  
1 50841960  
3 
2 
3 
1 1876377739  
6 
6 
5 
5 
5 
4 
2 
2 
6 
3 
6 
3 
4 
6 
3 
3 
4 
2 
3 
6 
2 
1 1907980540  
3 
5 
1 2021413896  
5 
5 
1 755740231  
3 
4 
6 
3 
1 991378383  
3 
2 
2 
2 
4 
4 
4 
4 
5 
1 610566146  
2 
5 
4 
4 
3 
1 2039261540  
4 
1 274856034  
1 1614952931  
1 612721737  
5 
4 
3 
1 649793493  
1 1536520355  
1 1454209456  
1 129293161  
2 
1 1775316273  
3 
3 
5 
5 
6 
5 
2 
6 
1 232714865  
4 
6 
3 
1 1092022027  
4 
2 
5 
3 
3 
5 
1 836290247  
6 
2 
1 1028848865  
4 
4 
4 
2 
4 
2 
3 
5 
2 
5 
3 
1 1170501873  
6 
2 
6 
5 
2 
6 
2 
3 
5 
1 145992805  
6 
2 
4 
2 
2 
3 
1 2093221282  
4 
6 
3 
5 
2 
6 
5 
4 
3 
3 
2 
2 
6 
4 
2 
4 
3 
5 
6 
4 
3 
6 
4 
3 
4 
5 
4 
4 
1 437566576  
3 
5 
2 
3 
3 
6 
4 
5 
3 
3 
6 
1 567453025  
3 
4 
5 
5 
6 
3 
3 
1 781561438  
4 
4 
6 
5 
5 
1 1910104220  
6 
4 
4 
4 
5 
1 1952502300  
4 
2 
1 200623124  
2 
3 
5 
6 
4 
2 
2 
5 
3 
6 
3 
3 
4 
4 
3 
1 2058075808  
1 1680306650  
4 
6 
2 
1 251465084  
4 
5 
4 
5 
3 
5 
4 
3 
3 
3 
1 1786969899  
4 
1 1440803543  
3 
4 
3 
5 
4 
4 
2 
3 
4 
4 
1 125395332  
2 
6 
6 
3 
1 395226483  
2 
3 
2 
1 284698278  
5 
1 735961478  
6 
2 
5 
4 
2 
5 
4 
4 
1 287004375  
5 
6 
4 
1 559554312  
2 
3 
2 
1 203430761  
2 
5 
1 899726112  
1 1209347805  
5 
1 1739951117  
6 
5 
1 206451921  
2 
6 
3 
5 
1 1338640967  
5 
5 
1 1367783742  
4 
5 
1 439166786  
6 
6 
5 
2 
6 
4 
6 
2 
5 
5 
1 283179346  
5 
6 
1 56590342  
5 
2 
6 
4 
1 1468015651  
6 
5 
5 
6 
1 1453681219  
4 
2 
6 
3 
3 
1 202583147  
2 
4 
5 
2 
5 
6 
2 
1 1413753285  
6 
4 
6 
4 
2 
5 
1 1891247795  
4 
1 770036172  
1 47831076  
1 1653868367  
1 575054824  
5 
6 
5 
5 
3 
2 
6 
4 
1 248454200  
1 1564460528  
6 
1 107877827  
3 
4 
1 499919285  
1 1203946779  
3 
3 
2 
1 1548681370  
3 
5 
1 625314617  
6 
2 
6 
6 
1 1599173262  
1 1833379648  
3 
5 
3 
2 
4 
4 
2 
2 
1 1361276096  
2 
3 
4 
5 
2 
2 
3 
3 
5 
4 
6 
5 
6 
2 
3 
3 
1 1886177638  
3 
3 
4 
1 245450312  
4 
2 
2 
4 
4 
1 1564706857  
5 
1 638420102  
3 
3 
6 
6 
5 
1 1454798118  
3 
5 
1 1157174326  
3 
5 
6 
2 
3 
4 
5 
1 844872023  
4 
4 
4 
5 
1 645955437  
5 
5 
4 
3 
2 
5 
2 
4 
3 
1 377474421  
1 1284038809  
6 
2 
2 
5 
1 929134783  
5 
2 
4 
5 
2 
3 
3 
3 
6 
1 434064763  
5 
2 
1 604570813  
4 
4 
3 
4 
2 
4 
5 
5 
3 
1 235332354  
2 
1 636647910  
1 2018324098  
2 
1 2126580149  
6 
1 1406684082  
2 
1 2066155174  
6 
5 
4 
5 
3 
2 
4 
5 
4 
2 
6 
1 1632964869  
3 
3 
6 
3 
2 
4 
2 
2 
2 
3 
6 
5 
5 
6 
5 
3 
6 
2 
6 
2 
4 
2 
1 1981738906  
6 
6 
4 
6 
2 
1 167125727  
3 
4 
3 
1 1049941749  
2 
3 
4 
3 
6 
6 
4 
2 
3 
1 2089616733  
4 
3 
6 
5 
5 
3 
1 667045012  
5 
2 
1 106404880  
6 
6 
3 
2 
4 
2 
3 
3 
4 
3 
2 
4 
1 1490814455  
5 
5 
5 
4 
5 
1 1292359629  
4 
6 
1 1705578143  
4 
2 
2 
1 1176710455  
5 
1 506152077  
5 
6 
1 1444272133  
6 
5 
4 
5 
2 
1 1422160768  
3 
2 
5 
6 
1 2070858935  
4 
4 
2 
6 
4 
5 
3 
2 
2 
3 
4 
6 
4 
6 
2 
2 
4 
1 2082692235  
6 
5 
6 
2 
4 
5 
5 
5 
6 
4 
6 
3 
2 
3 
5 
2 
3 
3 
5 
2 
1 729475238  
5 
5 
4 
6 
1 1080549613  
6 
3 
3 
4 
6 
4 
6 
2 
2 
5 
2 
2 
3 
2 
6 
6 
4 
5 
2 
1 780080611  
4 
5 
2 
6 
6 
6 
6 
6 
6 
6 
4 
2 
3 
4 
4 
2 
2 
4 
4 
2 
2 
2 
2 
1 1375430675  
5 
5 
4 
1 1458024034  
2 
3 
5 
2 
3 
6 
6 
1 2064119420  
1 157081810  
2 
5 
3 
3 
1 1892088797  
2 
2 
3 
5 
6 
2 
3 
4 
4 
5 
1 521206585  
3 
1 392414164  
6 
4 
3 
2 
6 
1 381253059  
5 
4 
6 
3 
4 
1 392047036  
2 
4 
2 
2 
2 
4 
2 
1 371510665  
3 
2 
3 
5 
2 
3 
6 
5 
5 
1 1787937141  
2 
4 
3 
3 
4 
4 
3 
1 310718562  
4 
5 
2 
3 
4 
1 2004475534  
4 
3 
5 
6 
2 
6 
6 
4 
1 1622192400  
4 
5 
6 
3 
4 
1 477844289  
6 
6 
2 
5 
5 
4 
4 
2 
3 
2 
1 906933635  
2 
6 
4 
1 1564325485  
4 
4 
5 
2 
6 
5 
3 
4 
6 
1 1144889301  
3 
4 
3 
4 
4 
4 
3 
6 
2 
6 
2 
1 1013338516  
5 
6 
3 
4 
6 
3 
5 
5 
4 
2 
3 
2 
5 
6 
4 
3 
4 
6 
2 
6 
2 
2 
6 
2 
3 
4 
5 
4 
1 907656293  
2 
6 
4 
3 
2 
2 
4 
2 
1 289765283  
4 
6 
6 
5 
5 
2 
3 
3 
1 571433011  
2 
4 
4 
6 
1 2084366748  
2 
6 
1 795917360  
5 
2 
1 2015705144  
3 
5 
1 1359043868  
4 
6 
1 719292647  
5 
5 
4 
2 
5 
6 
1 1950913731  
3 
5 
3 
6 
4 
5 
2 
2 
5 
4 
6 
1 2088519106  
4 
3 
6 
4 
5 
3 
6 
3 
1 1799842261  
4 
1 583510694  
6 
6 
1 1316466133  
2 
3 
3 
3 
3 
6 
3 
4 
4 
5 
6 
2 
5 
4 
6 
3 
5 
2 
6 
2 
6 
2 
2 
6 
1 1110382647  
6 
2 
2 
4 
1 500146467  
4 
3 
5 
6 
2 
3 
5 
3 
6 
5 
6 
6 
3 
4 
4 
4 
1 1473547943  
1 854987797  
4 
2 
3 
2 
1 1021353052  
5 
3 
3 
5 
5 
4 
6 
6 
6 
1 1865962107  
2 
4 
5 
3 
2 
3 
5 
2 
4 
6 
5 
6 
4 
2 
1 1236240856  
5 
3 
1 1413400088  
3 
5 
5 
5 
5 
2 
5 
2 
1 89989125  
3 
6 
3 
2 
3 
3 
2 
2 
2 
3 
4 
3 
5 
1 876694350  
4 
2 
5 
6 
1 1724118651  
6 
6 
1 2094464659  
3 
4 
6 
2 
6 
6 
3 
6 
5 
1 351403102  
6 
3 
6 
4 
2 
5 
5 
2 
4 
1 54479292  
6 
3 
3 
4 
1 853914647  
6 
3 
1 1915728587  
5 
5 
3 
2 
5 
5 
2 
3 
2 
4 
3 
5 
2 
2 
2 
5 
1 1199368594  
4 
4 
6 
5 
5 
6 
1 1867253163  
5 
2 
3 
1 675901232  
4 
4 
5 
4 
1 1489133877  
2 
1 291202526  
1 612784333  
3 
6 
6 
5 
3 
4 
2 
3 
2 
3 
2 
6 
1 137567589  
1 159424022  
1 1971828201  
1 856860237  
6 
2 
4 
1 2110337753  
4 
1 1912863660  
4 
5 
6 
6 
6 
1 509218850  
3 
1 546364800  
1 1081846145  
1 1619601497  
4 
4 
3 
5 
4 
3 
1 1046511267  
2 
6 
3 
2 
1 407910441  
3 
4 
6 
3 
6 
5 
3 
6 
2 
2 
2 
3 
2 
3 
2 
6 
1 327105646  
3 
1 2067864319  
5 
1 126388900  
3 
1 1563346503  
2 
1 1333780760  
3 
6 
4 
3 
6 
4 
3 
4 
1 216378025  
4 
2 
4 
3 
2 
1 292557205  
2 
2 
4 
1 910415763  
4 
5 
5 
1 163359037  
2 
2 
5 
3 
1 643960307  
1 964895055  
6 
6 
3 
4 
4 
3 
6 
5 
4 
2 
1 1017273684  
5 
1 412205246  
5 
5 
4 
1 16780001  
6 
5 
6 
6 
4 
5 
4 
2 
5 
6 
4 
4 
4 
2 
4 
5 
3 
5 
6 
3 
1 737043199  
1 1088106479  
5 
3 
1 1505913878  
2 
6 
4 
5 
2 
2 
5 
3 
4 
1 1028245725  
2 
1 1700890812  
5 
4 
2 
4 
1 1643481468  
2 
2 
2 
3 
5 
6 
1 1187669747  
5 
1 1525235365  
1 352858057  
5 
2 
5 
2 
4 
2 
3 
4 
1 1150523852  
3 
3 
2 
1 1290615377  
5 
5 
2 
2 
1 862076907  
4 
6 
5 
3 
4 
1 1696888652  
5 
1 224977875  
1 334194756  
5 
4 
1 595916271  
6 
3 
4 
4 
5 
2 
6 
5 
3 
3 
5 
4 
3 
1 632888316  
3 
1 661300403  
5 
6 
5 
1 516296943  
6 
5 
6 
4 
2 
1 759277216  
1 77163258  
5 
3 
6 
4 
1 1850077703  
1 975655242  
4 
2 
4 
2 
1 369720463  
1 613009818  
5 
4 
3 
5 
3 
6 
4 
6 
2 
5 
1 1139014279  
4 
5 
1 1013680770  
6 
6 
3 
6 
5 
6 
3 
2 
1 1577904873  
4 
5 
4 
4 
6 
1 8804315  
4 
6 
3 
5 
1 1425886016  
5 
6 
3 
5 
6 
1 1594684875  
1 745847514  
5 
3 
4 
6 
3 
4 
6 
2 
3 
4 
5 
3 
3 
2 
2 
2 
6 
6 
6 
2 
3 
6 
1 366508847  
6 
3 
6 
1 953115105  
3 
4 
6 
2 
6 
3 
3 
5 
4 
3 
1 1774093239  
4 
2 
3 
2 
2 
4 
5 
3 
6 
4 
5 
2 
1 2067399659  
3 
4 
5 
3 
4 
1 449112925  
3 
6 
5 
6 
1 814279338  
5 
1 1445151377  
3 
5 
4 
3 
5 
6 
6 
3 
3 
1 801970982  
1 1964803190  
4 
3 
2 
1 588283106  
3 
3 
1 1664047889  
6 
6 
4 
5 
5 
1 1514208195  
5 
6 
5 
3 
2 
3 
6 
4 
5 
3 
1 813260981  
6 
1 1998242646  
5 
4 
2 
1 2110124466  
2 
6 
6 
6 
1 1446149297  
4 
1 512059401  
4 
2 
1 478937761  
2 
2 
3 
3 
1 57942866  
5 
1 589222659  
6 
1 181531816  
6 
4 
4 
3 
2 
6 
3 
4 
4 
2 
4 
5 
1 1033598108  
2 
2 
5 
4 
1 958943122  
4 
3 
6 
5 
2 
5 
6 
4 
2 
2 
5 
2 
3 
1 794541634  
6 
5 
5 
4 
2 
3 
6 
6 
5 
3 
3 
3 
1 25128739  
5 
4 
1 1972623892  
5 
6 
5 
3 
5 
3 
1 224962860  
5 
4 
2 
5 
2 
4 
4 
3 
1 33933054  
2 
6 
5 
1 1251026260  
5 
6 
2 
6 
4 
5 
5 
2 
6 
2 
1 1819647735  
5 
5 
6 
5 
3 
3 
6 
6 
1 779780568  
5 
6 
3 
6 
3 
3 
6 
3 
5 
1 1617535108  
1 625279192  
1 406390159  
1 1537451119  
2 
5 
4 
1 1074392118  
1 1220669497  
4 
5 
4 
3 
2 
1 835118848  
3 
4 
4 
3 
5 
3 
6 
1 1876363100  
1 1037989039  
3 
6 
1 1423401955  
1 1392927342  
6 
5 
6 
4 
5 
2 
6 
6 
2 
3 
1 404713586  
4 
3 
3 
5 
4 
2 
2 
6 
2 
4 
6 
6 
2 
3 
1 89179288  
6 
2 
6 
3 
4 
2 
2 
1 1243686340  
6 
6 
2 
2 
3 
3 
2 
2 
3 
6 
5 
1 367354405  
2 
5 
5 
5 
2 
5 
6 
4 
4 
6 
6 
3 
4 
5 
6 
2 
1 1535328586  
1 1755745741  
6 
1 846292166  
4 
4 
6 
6 
5 
4 
2 
6 
5 
5 
5 
3 
4 
3 
5 
5 
2 
2 
5 
3 
2 
1 1593271452  
6 
2 
3 
4 
6 
2 
3 
1 197484752  
1 1027823983  
1 479385912  
1 1156427874  
6 
6 
1 1822365617  
5 
2 
2 
5 
4 
4 
3 
4 
4 
2 
2 
1 504514651  
5 
3 
1 981568118  
1 2047328477  
2 
4 
6 
6 
3 
2 
5 
1 538447705  
1 85110730  
1 1719492564  
3 
5 
5 
2 
4 
3 
4 
1 1318228273  
1 1702645838  
2 
1 197288109  
3 
6 
2 
5 
4 
6 
3 
5 
2 
1 1724618432  
5 
1 1092613310  
1 1271680227  
2 
1 797804281  
6 
2 
4 
5 
1 1927732158  
2 
4 
2 
2 
1 1000559679  
6 
5 
3 
3 
1 1835793320  
4 
6 
4 
3 
6 
4 
5 
2 
1 1203650465  
6 
6 
1 246003373  
1 93023259  
4 
2 
4 
6 
6 
3 
5 
3 
5 
5 
5 
1 1292829754  
4 
1 1489689713  
4 
1 460377664  
4 
4 
2 
5 
5 
3 
2 
4 
5 
5 
1 680674692  
6 
6 
2 
4 
2 
6 
5 
2 
2 
6 
1 1097951806  
4 
1 1306669830  
2 
4 
2 
4 
5 
1 126462496  
5 
3 
1 1295436558  
4 
4 
4 
1 187010165  
6 
2 
6 
6 
2 
6 
6 
4 
5 
4 
6 
6 
3 
5 
5 
4 
4 
1 605848408  
5 
4 
5 
3 
6 
2 
6 
6 
6 
6 
1 304380784  
2 
3 
6 
4 
1 2009375783  
6 
2 
6 
5 
4 
4 
6 
2 
6 
5 
2 
6 
6 
5 
2 
4 
1 1110363059  
3 
2 
1 1285948902  
5 
6 
1 1909220612  
4 
5 
1 1648810764  
6 
5 
4 
1 1371059633  
1 1481229529  
4 
4 
4 
4 
1 819555389  
4 
3 
4 
6 
1 926221823  
6 
1 1678517638  
6 
6 
4 
3 
5 
2 
4 
1 396690173  
6 
4 
2 
2 
3 
1 2018835133  
6 
3 
5 
2 
5 
4 
6 
2 
1 802714217  
4 
2 
5 
5 
4 
6 
4 
6 
4 
3 
6 
5 
5 
6 
4 
2 
3 
5 
1 1194494454  
6 
3 
5 
2 
6 
2 
6 
1 1799083644  
2 
5 
6 
6 
1 1803273896  
1 882804126  
5 
1 855250461  
6 
4 
3 
6 
1 2049277270  
5 
4 
1 975827385  
3 
6 
2 
2 
2 
4 
3 
1 596567  
4 
1 1391483335  
5 
1 1436205049  
2 
5 
2 
1 681271259  
5 
1 341951494  
6 
3 
3 
2 
3 
4 
6 
4 
6 
6 
5 
6 
1 595391232  
5 
2 
6 
2 
4 
4 
6 
3 
2 
4 
5 
1 807733755  
1 1637388052  
6 
1 782401397  
5 
5 
1 1413582163  
2 
5 
5 
5 
2 
5 
5 
2 
3 
5 
3 
3 
2 
2 
3 
2 
5 
4 
3 
6 
3 
4 
4 
5 
2 
5 
4 
3 
6 
5 
4 
5 
3 
6 
6 
2 
5 
2 
4 
4 
6 
1 1941768837  
5 
6 
1 644293532  
6 
3 
1 376461574  
2 
1 1080234091  
3 
4 
2 
2 
3 
5 
3 
6 
6 
4 
1 406030497  
3 
5 
4 
3 
6 
2 
3 
5 
2 
3 
1 2025272338  
3 
2 
6 
1 303810076  
6 
4 
1 1887260026  
1 697344079  
2 
4 
2 
1 1230031900  
2 
5 
6 
1 1418294016  
4 
6 
6 
4 
3 
5 
4 
1 1094034252  
2 
3 
4 
6 
1 1101383385  
4 
2 
4 
5 
5 
1 73524585  
2 
1 141045058  
2 
4 
4 
6 
2 
3 
6 
3 
3 
2 
5 
2 
5 
6 
5 
5 
4 
5 
5 
6 
4 
6 
4 
1 752983381  
4 
1 1876798481  
2 
2 
3 
2 
1 1023849185  
1 1608233843  
1 1778592103  
4 
6 
6 
6 
2 
1 1999676570  
4 
3 
4 
1 1608830410  
5 
6 
3 
5 
5 
5 
4 
5 
3 
4 
3 
3 
5 
4 
6 
2 
4 
1 1022591791  
3 
1 1288397972  
2 
2 
3 
6 
3 
6 
6 
3 
5 
5 
1 142618022  
6 
3 
4 
4 
4 
2 
4 
1 1364543285  
4 
3 
3 
4 
2 
5 
5 
6 
2 
4 
5 
6 
2 
5 
1 1883789204  
2 
1 950351777  
3 
2 
3 
3 
3 
2 
3 
5 
2 
6 
3 
1 854447689  
3 
6 
1 518706953  
4 
2 
5 
4 
5 
4 
5 
2 
2 
2 
5 
5 
6 
3 
1 216450293  
5 
4 
4 
2 
4 
4 
3 
5 
1 648732878  
1 1163000486  
4 
4 
2 
3 
2 
4 
5 
3 
6 
2 
4 
6 
3 
1 592911867  
4 
6 
3 
2 
1 1728966970  
1 1569030983  
3 
1 470700558  
3 
5 
3 
6 
2 
1 2032777046  
5 
1 1308807361  
1 1168044637  
3 
1 1115325298  
3 
6 
5 
5 
6 
4 
3 
2 
1 579617729  
6 
3 
5 
4 
6 
5 
1 114595242  
4 
1 69225036  
2 
6 
4 
4 
4 
5 
5 
2 
1 653142314  
3 
5 
1 255640300  
2 
4 
2 
5 
5 
2 
5 
3 
2 
5 
6 
3 
3 
3 
4 
6 
3 
4 
3 
5 
2 
4 
1 822208417  
2 
3 
5 
2 
2 
6 
4 
6 
3 
2 
2 
3 
6 
4 
2 
4 
1 382457147  
6 
2 
5 
6 
5 
4 
2 
4 
5 
5 
1 1279489485  
4 
2 
6 
3 
2 
4 
1 282958612  
3 
4 
5 
1 13565603  
4 
4 
4 
6 
5 
2 
5 
3 
2 
3 
3 
6 
3 
4 
5 
6 
3 
2 
2 
6 
3 
3 
3 
6 
1 1131682408  
3 
2 
4 
6 
2 
6 
5 
6 
4 
1 1891789023  
1 1036157394  
6 
2 
3 
1 272596732  
1 2034407045  
4 
3 
4 
3 
2 
2 
4 
4 
4 
5 
5 
2 
5 
2 
1 253217031  
2 
2 
3 
1 8902288  
6 
4 
5 
4 
5 
1 837275174  
4 
2 
1 1107664720  
1 527609241  
2 
3 
5 
2 
4 
2 
3 
6 
5 
1 1053725467  
2 
2 
1 1756397599  
1 1690609727  
5 
2 
4 
5 
3 
5 
4 
3 
2 
3 
5 
4 
5 
3 
2 
6 
4 
6 
6 
1 1646637335  
6 
3 
5 
2 
1 1337880921  
3 
4 
4 
1 1112157062  
6 
2 
4 
5 
6 
5 
1 2117337893  
1 1223174319  
6 
1 273480775  
1 1137898882  
6 
4 
5 
2 
3 
2 
3 
3 
2 
1 191015970  
1 853098504  
6 
5 
3 
1 1252494124  
5 
2 
1 260241006  
4 
6 
6 
1 1506240818  
5 
1 1508134425  
1 1082449423  
3 
6 
3 
2 
2 
1 1888697966  
5 
2 
4 
2 
3 
4 
2 
5 
1 640140262  
4 
2 
6 
5 
5 
1 1365408036  
6 
5 
3 
2 
2 
1 1902263569  
4 
5 
3 
2 
5 
6 
1 1771822670  
2 
2 
3 
2 
3 
2 
1 1109713411  
2 
2 
