1 2076399607  
5 
1 1669031517  
5 
3 
5 
6 
4 
3 
1 683242936  
3 
4 
4 
2 
2 
6 
3 
3 
3 
2 
2 
5 
6 
6 
2 
6 
6 
2 
6 
3 
1 2111536443  
2 
5 
2 
3 
3 
5 
1 512460078  
3 
6 
4 
5 
3 
2 
2 
3 
4 
4 
1 308587510  
3 
4 
2 
4 
3 
1 615172704  
6 
5 
1 686195881  
5 
3 
2 
2 
2 
2 
5 
1 1827210699  
5 
3 
4 
2 
1 659028564  
3 
1 198763161  
3 
4 
3 
4 
6 
2 
2 
5 
5 
1 1878920712  
3 
2 
5 
3 
3 
6 
6 
2 
6 
6 
1 623083856  
6 
4 
2 
1 2144458390  
1 1502877781  
1 1705803373  
4 
6 
4 
3 
3 
3 
1 316473005  
5 
2 
5 
5 
6 
1 840735640  
1 718057793  
4 
5 
4 
6 
4 
5 
3 
3 
5 
5 
1 217205507  
2 
6 
4 
6 
1 250349402  
3 
6 
4 
2 
4 
4 
5 
6 
3 
6 
2 
6 
6 
3 
2 
3 
6 
4 
1 1477840186  
4 
1 1181152284  
1 1802796557  
4 
3 
1 1261930210  
2 
3 
4 
6 
6 
2 
3 
4 
1 1091812700  
2 
5 
3 
1 349051516  
4 
5 
3 
6 
2 
4 
5 
1 769098964  
1 600607841  
5 
6 
1 588792911  
3 
1 998023263  
1 529523800  
6 
4 
2 
1 110340780  
4 
3 
6 
5 
5 
5 
6 
6 
4 
3 
1 1681266199  
6 
3 
3 
3 
4 
4 
5 
3 
2 
2 
1 493576596  
2 
2 
4 
5 
1 622800858  
5 
2 
2 
3 
1 1989853709  
4 
6 
5 
2 
1 1108749300  
5 
3 
2 
6 
6 
4 
2 
2 
1 1308996739  
3 
4 
4 
1 1669580760  
3 
4 
2 
5 
1 1767777865  
2 
3 
4 
2 
6 
1 1507759900  
3 
1 1401017825  
3 
5 
4 
5 
1 243378073  
6 
3 
6 
5 
4 
4 
1 1504734642  
4 
6 
5 
1 756411958  
6 
6 
3 
1 1949181446  
5 
5 
3 
6 
5 
1 1821207647  
2 
2 
6 
3 
4 
4 
3 
5 
1 1597147598  
1 519755592  
1 2038413154  
2 
1 1847497000  
2 
2 
6 
1 1997595778  
1 1072081791  
6 
5 
3 
6 
1 1502809910  
1 1112042340  
5 
5 
6 
3 
3 
4 
4 
6 
6 
6 
4 
2 
2 
3 
5 
5 
1 16410843  
1 1851861426  
4 
1 1881141305  
5 
5 
3 
6 
3 
6 
1 617018684  
3 
5 
6 
3 
3 
6 
1 293170689  
2 
5 
2 
2 
3 
5 
5 
4 
5 
1 731680920  
4 
6 
4 
6 
3 
6 
3 
5 
4 
1 1146542484  
3 
1 403511470  
4 
1 265463471  
6 
3 
2 
4 
4 
1 1640119080  
1 1026312328  
2 
1 107833532  
4 
2 
4 
6 
6 
4 
3 
4 
2 
6 
6 
1 601384733  
4 
3 
3 
2 
1 187825420  
4 
2 
2 
1 1777414292  
3 
3 
2 
5 
1 221678950  
3 
2 
4 
5 
2 
5 
2 
5 
6 
1 1695585320  
3 
6 
4 
2 
3 
6 
2 
4 
2 
4 
5 
3 
5 
1 1030948469  
1 465057023  
4 
4 
6 
2 
6 
6 
6 
6 
4 
3 
1 1052836315  
2 
1 1787360428  
5 
5 
2 
1 266754821  
2 
5 
6 
6 
3 
3 
2 
6 
5 
3 
6 
3 
6 
5 
6 
3 
2 
4 
4 
1 726560314  
1 1237024378  
2 
6 
3 
3 
2 
6 
6 
3 
3 
3 
3 
4 
4 
2 
1 786510413  
3 
4 
6 
3 
1 617489821  
5 
4 
3 
2 
2 
3 
2 
1 937037731  
4 
4 
5 
2 
1 636622544  
4 
6 
5 
3 
1 1689571612  
2 
4 
4 
2 
2 
3 
2 
5 
5 
3 
6 
4 
4 
5 
5 
1 292363993  
5 
6 
5 
5 
1 1748664884  
3 
1 1705982455  
2 
6 
5 
5 
3 
2 
1 2144225419  
6 
2 
5 
6 
1 1482322541  
6 
2 
6 
5 
1 175517491  
1 289912460  
1 66519813  
2 
1 1322059975  
5 
5 
5 
3 
4 
5 
2 
6 
1 693423930  
1 331983284  
4 
6 
5 
1 814695408  
5 
2 
1 1719736259  
6 
3 
2 
4 
3 
6 
6 
5 
3 
3 
4 
2 
3 
1 439816816  
5 
5 
2 
5 
3 
3 
2 
2 
2 
1 1416080141  
5 
2 
6 
3 
2 
5 
6 
3 
4 
3 
2 
6 
5 
1 1907561679  
6 
5 
5 
2 
6 
2 
5 
1 69747461  
1 1637759091  
1 1455663351  
6 
1 1100695930  
6 
2 
3 
4 
5 
1 2102816114  
3 
3 
3 
1 361016018  
1 740572710  
2 
4 
2 
1 222087287  
2 
5 
2 
6 
5 
1 1087576333  
3 
1 1977597089  
2 
1 1008597701  
2 
1 1705066154  
2 
4 
2 
4 
2 
1 767151172  
1 1645220245  
4 
5 
4 
1 1247154118  
1 1059515165  
5 
5 
2 
3 
4 
1 1246401481  
3 
4 
2 
4 
4 
2 
4 
3 
3 
6 
4 
1 805652925  
5 
4 
1 1056256936  
4 
6 
1 581240375  
4 
4 
6 
5 
5 
4 
6 
5 
3 
6 
4 
5 
2 
3 
5 
4 
2 
2 
5 
4 
6 
5 
1 981170416  
5 
3 
4 
4 
6 
1 1346169396  
5 
5 
1 647760188  
2 
3 
5 
4 
6 
2 
4 
2 
3 
5 
5 
2 
2 
5 
4 
2 
4 
6 
1 155746743  
3 
6 
5 
2 
2 
4 
5 
2 
5 
2 
3 
3 
4 
2 
3 
1 2039593327  
3 
4 
6 
5 
2 
4 
2 
1 979743473  
6 
1 970442151  
4 
3 
3 
1 1611845938  
5 
1 1419560289  
6 
4 
4 
3 
4 
1 239038644  
4 
5 
6 
5 
1 1371923969  
4 
3 
4 
1 1489307750  
6 
1 1876797735  
6 
4 
2 
3 
6 
4 
5 
3 
2 
2 
3 
2 
5 
5 
1 680103672  
1 442520033  
4 
6 
3 
1 1832130201  
2 
4 
1 1041119691  
1 1183092743  
5 
3 
3 
1 2054217489  
3 
4 
5 
1 2128696024  
5 
3 
3 
1 1013206184  
2 
5 
1 915331542  
3 
6 
5 
4 
2 
5 
5 
5 
3 
3 
6 
6 
2 
2 
6 
5 
4 
3 
6 
4 
1 1686278530  
3 
5 
1 1780357356  
2 
5 
2 
4 
6 
6 
6 
6 
4 
2 
2 
3 
6 
6 
3 
3 
3 
1 413068139  
4 
1 785949000  
2 
4 
3 
1 692388873  
3 
1 1659469620  
1 1591601925  
4 
6 
4 
6 
2 
4 
5 
1 1748645809  
2 
3 
3 
4 
4 
3 
4 
5 
2 
1 93226347  
3 
2 
1 425288693  
4 
3 
4 
3 
1 947331558  
5 
5 
1 740986536  
6 
1 581035436  
6 
1 839441237  
2 
3 
4 
3 
6 
5 
6 
1 1720730009  
6 
2 
6 
5 
5 
3 
5 
6 
1 1551477588  
3 
3 
1 303803527  
6 
4 
1 992806650  
1 1790516232  
4 
1 1675727496  
2 
5 
5 
4 
3 
5 
2 
2 
1 334630753  
5 
6 
5 
3 
1 1519830320  
2 
1 208347520  
6 
4 
2 
5 
1 777150786  
1 1204476873  
2 
1 1249467211  
3 
1 1960243529  
4 
1 1111210714  
5 
6 
5 
3 
6 
3 
3 
6 
3 
1 1230679587  
4 
1 825966066  
6 
6 
6 
2 
3 
6 
4 
3 
5 
2 
4 
6 
6 
6 
2 
5 
4 
3 
4 
2 
3 
6 
2 
3 
4 
6 
1 2026542256  
1 769474469  
2 
4 
3 
2 
5 
6 
1 458839774  
5 
6 
1 292126747  
5 
5 
2 
2 
6 
5 
6 
4 
1 1555423469  
5 
1 1151228648  
6 
1 1951596368  
1 999541746  
4 
2 
1 752390809  
5 
3 
3 
5 
5 
5 
3 
2 
2 
5 
5 
5 
6 
4 
1 2044822715  
6 
3 
5 
2 
1 1424830439  
3 
4 
4 
3 
6 
6 
3 
3 
3 
5 
1 1699722367  
5 
1 638325603  
1 2005865876  
3 
6 
4 
5 
6 
4 
1 391679956  
2 
1 211571964  
1 1409859816  
2 
5 
4 
3 
1 695483483  
3 
5 
6 
3 
1 1204378615  
5 
4 
3 
1 1052892400  
6 
5 
5 
2 
4 
3 
5 
6 
3 
1 223727331  
6 
4 
6 
3 
5 
1 1539009368  
2 
5 
2 
1 425239072  
3 
4 
6 
2 
2 
4 
2 
2 
2 
2 
6 
2 
3 
5 
2 
4 
1 432074852  
5 
5 
1 168676506  
4 
6 
5 
4 
5 
2 
5 
6 
3 
3 
1 1629715946  
4 
6 
1 1681542063  
2 
1 2128920035  
4 
3 
4 
1 593443012  
3 
2 
1 764738003  
2 
1 807402453  
4 
3 
3 
4 
5 
6 
5 
2 
5 
6 
1 472501621  
4 
2 
5 
2 
6 
3 
1 1534212472  
2 
2 
6 
3 
2 
1 1266242228  
5 
1 764628368  
2 
3 
4 
5 
2 
1 942152294  
6 
1 269987228  
4 
5 
3 
3 
5 
3 
6 
6 
6 
3 
2 
3 
6 
4 
2 
2 
4 
1 568741088  
5 
3 
2 
6 
5 
5 
1 1941694040  
5 
2 
1 1022378037  
6 
1 466080156  
2 
2 
1 1219040832  
3 
2 
3 
4 
1 574616757  
1 1104405759  
2 
4 
4 
4 
2 
5 
1 1077423060  
4 
3 
3 
4 
6 
1 966296713  
1 1315977724  
4 
2 
2 
5 
6 
2 
4 
6 
4 
1 339799228  
5 
1 1661780197  
2 
5 
5 
1 372872691  
5 
2 
4 
2 
6 
5 
3 
4 
5 
6 
1 1392691628  
6 
6 
4 
4 
5 
4 
4 
3 
6 
4 
5 
3 
5 
4 
6 
3 
3 
5 
2 
3 
2 
6 
1 1885507528  
5 
6 
6 
2 
2 
5 
3 
1 1911882059  
6 
6 
4 
5 
1 1817930701  
1 170098732  
5 
1 2080558565  
4 
6 
4 
4 
1 1300162999  
5 
6 
4 
4 
3 
6 
1 1851640796  
4 
4 
2 
6 
5 
4 
1 2061994952  
4 
3 
4 
3 
2 
4 
5 
3 
4 
5 
1 1893606011  
4 
4 
4 
4 
5 
5 
3 
6 
6 
4 
6 
1 468895151  
3 
3 
1 721913758  
1 218623984  
5 
5 
1 2003107623  
2 
4 
5 
2 
3 
3 
4 
1 1988155986  
1 983252353  
6 
2 
5 
3 
6 
1 797776269  
4 
6 
2 
3 
2 
5 
3 
2 
5 
2 
2 
6 
2 
4 
4 
6 
4 
1 110659566  
2 
1 1551993441  
3 
3 
5 
5 
2 
5 
1 591986662  
5 
3 
4 
2 
3 
1 1133037603  
2 
5 
3 
2 
1 2018073597  
3 
2 
3 
1 1811027494  
4 
5 
6 
6 
4 
3 
3 
4 
1 1707654360  
1 974995709  
1 740966906  
4 
1 526467426  
1 143489785  
6 
2 
5 
3 
5 
5 
4 
2 
6 
4 
2 
4 
4 
2 
3 
4 
2 
4 
4 
3 
2 
3 
1 1080766134  
4 
6 
6 
3 
4 
6 
3 
6 
1 40763975  
4 
5 
4 
6 
3 
6 
1 516362476  
3 
1 325974114  
6 
4 
4 
3 
5 
1 1926271503  
2 
5 
1 280760887  
2 
6 
1 2143904815  
4 
4 
1 2096370236  
5 
4 
4 
6 
6 
4 
4 
4 
1 213835804  
5 
2 
3 
6 
4 
5 
1 1296584166  
3 
1 1800527384  
1 128347108  
3 
6 
3 
6 
6 
5 
5 
3 
3 
2 
1 1042706530  
4 
4 
3 
1 121938887  
4 
5 
4 
2 
1 850260866  
2 
6 
1 1261330514  
4 
6 
6 
5 
2 
4 
2 
3 
4 
2 
1 2125046510  
3 
2 
4 
4 
1 690933204  
3 
1 97099219  
3 
6 
2 
6 
2 
4 
6 
5 
3 
6 
4 
1 775339132  
2 
6 
6 
2 
4 
5 
4 
3 
3 
6 
1 801592770  
1 1649092661  
6 
4 
2 
6 
1 1367325794  
2 
6 
6 
6 
5 
2 
4 
3 
6 
6 
3 
3 
5 
3 
5 
1 1934630374  
4 
3 
2 
4 
4 
4 
4 
4 
3 
6 
2 
4 
5 
5 
4 
5 
3 
6 
5 
6 
6 
4 
1 1519682610  
6 
2 
3 
4 
6 
6 
3 
3 
4 
3 
5 
3 
2 
6 
4 
1 1030869640  
1 1494801086  
3 
5 
1 347194671  
2 
3 
2 
2 
5 
5 
3 
3 
5 
4 
6 
6 
5 
5 
2 
3 
5 
3 
1 1771836546  
5 
5 
3 
1 2021268512  
3 
1 490684456  
4 
3 
5 
5 
2 
4 
6 
5 
3 
3 
2 
4 
1 705119032  
5 
2 
2 
3 
4 
5 
5 
4 
4 
3 
1 2062032487  
6 
1 1007046932  
1 1031093146  
3 
3 
4 
6 
1 1840820343  
2 
6 
6 
4 
2 
1 1287807819  
4 
3 
1 1027514314  
6 
5 
5 
3 
5 
6 
4 
4 
2 
6 
3 
5 
1 1789706931  
6 
6 
3 
6 
1 1501643623  
3 
4 
1 176614832  
4 
1 1442750667  
5 
1 1629990732  
3 
5 
3 
4 
1 1219321362  
3 
6 
4 
1 1564689554  
6 
1 332767950  
6 
6 
6 
4 
2 
3 
4 
5 
1 333168229  
5 
5 
3 
3 
4 
2 
6 
2 
6 
4 
4 
2 
4 
6 
4 
3 
5 
3 
2 
3 
1 1542252416  
2 
4 
5 
4 
1 1023701155  
4 
5 
5 
4 
2 
2 
1 430267448  
3 
4 
3 
5 
1 170107900  
6 
6 
1 1825293925  
4 
4 
2 
6 
3 
1 2079360109  
4 
1 1537433694  
5 
1 1612440651  
2 
4 
6 
3 
2 
6 
5 
3 
3 
2 
3 
5 
1 1451559072  
5 
4 
4 
6 
1 420819686  
2 
2 
2 
1 959758090  
2 
2 
2 
3 
4 
3 
5 
5 
5 
1 1798753743  
4 
5 
5 
6 
2 
5 
6 
2 
6 
5 
4 
4 
5 
2 
5 
3 
1 45172584  
2 
3 
5 
4 
4 
3 
5 
4 
6 
5 
4 
2 
5 
1 833542954  
2 
2 
4 
5 
6 
4 
6 
5 
3 
3 
1 141954552  
5 
1 750291616  
2 
3 
4 
5 
6 
2 
5 
5 
1 748091794  
5 
1 1149001484  
3 
6 
2 
6 
2 
3 
6 
6 
2 
5 
2 
1 1781384763  
5 
3 
6 
2 
3 
6 
5 
5 
4 
6 
3 
1 441428489  
4 
4 
4 
6 
6 
3 
2 
6 
2 
2 
3 
4 
5 
5 
4 
3 
4 
5 
1 289325656  
6 
2 
1 661415429  
6 
1 83651772  
1 1790969279  
6 
4 
6 
5 
6 
5 
2 
4 
5 
3 
2 
2 
5 
6 
3 
3 
3 
6 
5 
6 
2 
4 
6 
1 838030261  
4 
3 
1 1526402439  
1 1273476363  
6 
1 2057351624  
6 
2 
2 
2 
1 943608345  
3 
4 
6 
6 
1 1606244314  
6 
3 
1 243036205  
1 338377113  
1 482461821  
1 673303653  
3 
1 508485014  
1 160272098  
5 
3 
3 
2 
3 
6 
1 605180115  
2 
5 
2 
5 
4 
4 
2 
4 
4 
5 
2 
1 2045918708  
4 
3 
2 
3 
2 
4 
4 
3 
1 1772712750  
5 
2 
5 
1 2056739187  
6 
2 
5 
3 
1 319254747  
6 
5 
3 
6 
5 
6 
2 
2 
3 
5 
4 
2 
5 
5 
1 584987192  
6 
4 
4 
4 
6 
6 
4 
1 1708009282  
5 
1 364427331  
2 
2 
4 
4 
2 
1 1418530146  
4 
2 
3 
4 
1 1849963834  
2 
1 1114718948  
5 
1 19138292  
5 
2 
3 
2 
3 
6 
5 
2 
3 
3 
2 
1 851481671  
1 748620063  
6 
3 
2 
5 
3 
5 
2 
4 
5 
4 
6 
6 
2 
6 
5 
3 
3 
1 460566781  
4 
1 1140807327  
1 1410035492  
4 
3 
6 
1 544218553  
6 
4 
1 784292958  
1 100582105  
5 
4 
1 2070620992  
6 
1 2057769322  
2 
6 
2 
2 
1 10450081  
3 
5 
3 
2 
6 
6 
1 866745689  
4 
1 1516529988  
3 
3 
4 
1 253486286  
4 
4 
3 
6 
4 
3 
6 
1 1205122803  
2 
4 
1 1998991809  
5 
6 
5 
1 926789940  
3 
2 
1 1713607817  
5 
4 
5 
5 
3 
4 
3 
1 11780259  
4 
1 1531970055  
3 
6 
1 1612042877  
6 
1 1784493009  
1 1441225594  
4 
2 
1 1931297624  
2 
5 
5 
5 
3 
1 221996553  
5 
6 
5 
4 
1 1001751228  
2 
1 148241308  
3 
5 
2 
2 
4 
6 
2 
3 
3 
5 
2 
5 
5 
4 
1 1640526700  
3 
6 
6 
3 
3 
6 
1 704231415  
3 
2 
3 
5 
5 
2 
3 
3 
6 
2 
4 
6 
4 
4 
6 
3 
5 
4 
6 
5 
5 
5 
6 
1 1262960256  
5 
5 
1 1659664992  
4 
4 
1 1555713086  
4 
2 
1 2011580319  
1 2120231774  
3 
2 
2 
3 
4 
3 
1 549036765  
4 
4 
3 
4 
6 
3 
1 1274132163  
2 
1 516966679  
5 
4 
1 1333329723  
1 1374714268  
5 
3 
1 440104024  
5 
2 
1 1243615397  
2 
5 
1 1385164350  
5 
3 
4 
3 
1 1306849713  
4 
4 
6 
6 
6 
5 
4 
3 
1 612661737  
3 
2 
3 
6 
1 1638650636  
4 
4 
6 
4 
5 
1 364488868  
4 
5 
4 
2 
2 
4 
5 
4 
5 
2 
1 464169898  
1 417956928  
6 
3 
1 2078096685  
3 
2 
6 
5 
3 
6 
3 
5 
4 
1 475950158  
3 
5 
3 
6 
4 
6 
2 
4 
6 
2 
1 1949926983  
2 
5 
1 1542655915  
4 
2 
2 
5 
5 
4 
1 112959519  
1 1243668929  
6 
1 1326469891  
5 
1 334956073  
6 
4 
2 
5 
6 
3 
5 
2 
5 
3 
5 
3 
2 
4 
2 
4 
3 
5 
5 
1 97936510  
1 1474711199  
2 
2 
2 
5 
4 
2 
1 1975482773  
5 
1 802167925  
1 590187807  
4 
5 
1 1487664117  
2 
5 
5 
2 
2 
6 
1 210397363  
6 
4 
4 
4 
2 
4 
4 
3 
6 
4 
4 
6 
5 
3 
6 
4 
5 
2 
2 
4 
1 454284478  
1 1460412243  
6 
4 
3 
4 
4 
2 
3 
6 
4 
2 
1 759434128  
2 
4 
5 
4 
6 
4 
5 
2 
2 
4 
2 
5 
3 
3 
3 
2 
1 1728416641  
1 1977378923  
1 2092763851  
3 
1 955647262  
3 
2 
2 
1 269999299  
3 
3 
5 
5 
6 
2 
5 
5 
1 1188895601  
2 
1 193327964  
2 
6 
1 1576849012  
1 1801557338  
4 
6 
6 
4 
1 1831978600  
6 
1 1941337881  
6 
3 
5 
6 
2 
2 
6 
3 
1 118243589  
5 
4 
1 102451881  
3 
1 1871950918  
5 
5 
6 
1 594193747  
1 2052378864  
1 1267123185  
3 
6 
2 
5 
4 
4 
5 
2 
3 
6 
3 
3 
6 
2 
5 
3 
3 
6 
2 
2 
2 
6 
4 
6 
2 
5 
2 
4 
3 
5 
3 
2 
1 707153266  
6 
4 
4 
1 1148564146  
3 
3 
2 
4 
6 
5 
6 
3 
1 446109429  
2 
6 
3 
2 
2 
1 1042109339  
4 
6 
3 
2 
2 
3 
6 
6 
1 1246500656  
4 
6 
3 
1 1920820628  
5 
2 
5 
1 870108464  
6 
3 
4 
1 2048668581  
5 
6 
2 
2 
4 
4 
2 
6 
6 
6 
4 
2 
4 
1 363524788  
4 
3 
4 
6 
4 
5 
1 210288934  
1 111582296  
6 
5 
3 
6 
1 817809266  
4 
5 
6 
1 1670701177  
3 
4 
4 
5 
1 871016424  
3 
5 
4 
6 
2 
1 398742260  
6 
1 1500596452  
1 816296627  
3 
4 
4 
4 
6 
1 1354389522  
6 
2 
4 
4 
1 1770595751  
6 
1 2005192228  
3 
2 
5 
5 
1 1547717486  
5 
1 1199961116  
5 
3 
5 
2 
6 
6 
5 
2 
6 
6 
1 1659265919  
5 
5 
4 
1 1232212438  
5 
3 
4 
5 
4 
6 
6 
5 
1 993815349  
2 
2 
4 
6 
3 
5 
3 
2 
6 
1 1777509508  
4 
6 
5 
5 
3 
4 
3 
3 
6 
3 
3 
2 
3 
2 
3 
3 
5 
2 
5 
5 
4 
1 1334664319  
1 718282619  
3 
2 
6 
2 
6 
5 
4 
6 
3 
5 
2 
6 
5 
1 224219607  
2 
1 1239559536  
2 
4 
2 
3 
6 
2 
4 
4 
2 
3 
5 
6 
2 
4 
3 
3 
6 
4 
4 
1 1985405805  
1 931372873  
3 
2 
4 
4 
5 
3 
5 
4 
4 
4 
4 
1 240640034  
6 
5 
4 
4 
4 
6 
3 
5 
6 
6 
2 
2 
2 
1 284031586  
1 1973482213  
6 
1 1487140690  
2 
5 
1 57368566  
5 
1 696107029  
5 
5 
2 
4 
2 
3 
4 
4 
3 
2 
5 
4 
4 
2 
1 1388325623  
2 
3 
6 
1 420893354  
4 
4 
2 
4 
5 
3 
2 
4 
4 
3 
1 906395963  
5 
3 
3 
3 
4 
2 
6 
6 
2 
3 
3 
5 
6 
4 
2 
3 
4 
1 1499907919  
4 
6 
6 
3 
1 1238702621  
1 429613493  
2 
5 
3 
6 
2 
4 
6 
1 223440695  
5 
1 1637444881  
5 
1 1930209945  
2 
1 1039737322  
4 
2 
5 
4 
4 
2 
3 
5 
2 
3 
2 
5 
2 
1 844350755  
6 
3 
1 1553322049  
4 
3 
4 
2 
4 
3 
3 
4 
4 
6 
5 
2 
1 897445903  
3 
5 
6 
3 
1 244584593  
5 
4 
4 
4 
4 
1 605799517  
4 
5 
4 
3 
5 
6 
6 
4 
1 409228174  
4 
6 
1 1476797031  
6 
2 
1 1599614866  
1 39254034  
5 
5 
5 
1 663977703  
5 
1 170413837  
5 
2 
6 
6 
5 
1 263473641  
6 
6 
4 
5 
6 
4 
6 
5 
3 
1 1903537239  
6 
2 
2 
2 
2 
3 
4 
2 
4 
2 
4 
6 
2 
2 
3 
3 
2 
3 
5 
5 
4 
3 
1 8335994  
4 
2 
2 
3 
5 
1 1194846514  
6 
2 
5 
2 
2 
1 2144177273  
6 
6 
4 
5 
4 
5 
2 
6 
2 
2 
2 
1 292367580  
5 
1 1020845079  
6 
6 
5 
4 
4 
5 
4 
1 1483834315  
4 
5 
5 
4 
3 
4 
1 349736147  
3 
5 
5 
2 
3 
4 
5 
4 
5 
5 
3 
3 
5 
3 
1 1716952109  
5 
1 724676290  
1 770629501  
6 
5 
2 
4 
6 
2 
2 
1 475864424  
5 
4 
1 77100561  
6 
1 2009332122  
2 
6 
1 905477917  
1 300541256  
2 
3 
6 
6 
3 
6 
6 
2 
4 
6 
3 
4 
6 
5 
4 
4 
2 
4 
2 
6 
3 
5 
5 
2 
1 1499293355  
5 
4 
2 
4 
2 
6 
1 688204215  
6 
1 1340278578  
2 
6 
4 
3 
6 
5 
5 
2 
3 
1 196160462  
3 
2 
1 94042616  
4 
1 90240833  
3 
2 
4 
3 
6 
2 
5 
5 
1 440745055  
3 
2 
2 
1 699842133  
1 499469007  
5 
4 
1 1917542087  
3 
6 
6 
4 
4 
3 
2 
6 
4 
2 
5 
2 
3 
2 
4 
5 
4 
3 
3 
1 151973351  
3 
6 
2 
5 
3 
1 538723041  
4 
1 434036142  
6 
2 
4 
5 
4 
6 
5 
4 
2 
4 
3 
6 
1 322387188  
6 
1 802196682  
2 
2 
5 
4 
5 
5 
4 
5 
1 190089733  
3 
5 
3 
3 
5 
2 
5 
6 
4 
1 330723183  
4 
3 
4 
3 
1 1997043197  
2 
2 
3 
3 
4 
3 
1 186783358  
3 
6 
2 
2 
2 
4 
5 
2 
4 
4 
6 
5 
4 
1 623090763  
6 
4 
2 
5 
6 
5 
5 
1 870404628  
5 
3 
4 
3 
1 1670617673  
3 
3 
5 
2 
2 
1 972826910  
3 
3 
5 
6 
6 
6 
4 
4 
6 
5 
6 
1 439873089  
6 
6 
1 247810315  
4 
4 
4 
3 
2 
2 
2 
4 
3 
4 
3 
6 
2 
4 
5 
4 
1 1743456412  
3 
5 
5 
4 
2 
4 
1 915737514  
1 324910876  
2 
1 1605304886  
3 
2 
4 
3 
4 
4 
5 
2 
2 
6 
5 
5 
1 1821215431  
3 
5 
4 
1 625452132  
5 
5 
4 
5 
1 957114594  
5 
5 
6 
2 
1 361935998  
5 
6 
1 1965730710  
5 
2 
3 
6 
6 
3 
5 
5 
2 
5 
5 
3 
1 1153275056  
5 
5 
1 455978614  
1 2055971544  
1 1594020112  
3 
5 
2 
4 
2 
1 1155820747  
1 407956903  
3 
2 
5 
3 
6 
4 
1 1364078551  
1 1307794098  
3 
2 
1 946679945  
4 
5 
5 
3 
1 1798114693  
2 
1 1630181287  
1 1748876627  
1 1988204426  
3 
1 1960904470  
4 
4 
2 
1 1598436176  
4 
6 
6 
5 
5 
4 
4 
6 
2 
1 27504136  
1 436511585  
5 
1 321357157  
6 
2 
2 
6 
5 
4 
6 
4 
5 
6 
5 
5 
4 
5 
5 
6 
2 
6 
3 
3 
3 
6 
1 1698121809  
6 
3 
1 1409338496  
2 
1 761230246  
1 1945932124  
5 
1 1005311260  
2 
3 
2 
3 
2 
2 
5 
6 
5 
2 
3 
6 
6 
3 
2 
3 
3 
4 
4 
3 
4 
3 
6 
3 
6 
1 1676967760  
5 
3 
6 
2 
2 
6 
4 
4 
1 123359352  
6 
5 
4 
3 
2 
2 
6 
1 463132498  
5 
2 
6 
1 1350699544  
1 748811484  
5 
4 
2 
3 
2 
6 
4 
6 
6 
4 
3 
3 
4 
4 
5 
4 
2 
5 
1 1420247092  
6 
6 
6 
2 
5 
4 
5 
5 
5 
5 
5 
2 
6 
4 
3 
1 1712635542  
6 
3 
3 
6 
3 
6 
6 
3 
2 
4 
1 567058546  
4 
6 
2 
5 
5 
2 
4 
6 
2 
2 
1 426038501  
5 
2 
6 
5 
5 
6 
5 
4 
5 
5 
6 
6 
2 
3 
3 
5 
4 
1 21130509  
5 
4 
1 475546442  
6 
1 2020058613  
4 
3 
2 
1 1176951256  
6 
2 
1 883503346  
3 
2 
2 
4 
6 
5 
5 
2 
5 
1 1236653516  
2 
4 
3 
2 
4 
1 337261707  
3 
2 
4 
3 
1 1830183291  
5 
3 
3 
4 
1 887284561  
6 
5 
6 
2 
2 
4 
3 
6 
2 
3 
5 
5 
4 
6 
6 
3 
5 
2 
1 1967442994  
4 
3 
6 
1 1431576270  
1 728005339  
2 
2 
2 
1 1780863816  
2 
6 
2 
5 
3 
5 
6 
2 
3 
3 
1 882528799  
4 
5 
5 
4 
4 
1 755509475  
5 
5 
3 
2 
4 
6 
2 
5 
3 
3 
2 
1 69891753  
6 
2 
4 
1 1203885956  
6 
2 
2 
3 
5 
4 
3 
3 
2 
6 
3 
6 
2 
1 306147636  
4 
3 
4 
1 1479230249  
1 1965116202  
6 
3 
4 
6 
2 
6 
4 
6 
5 
5 
2 
1 104596112  
4 
4 
6 
1 337057861  
2 
4 
5 
1 1494600315  
4 
3 
2 
6 
4 
3 
4 
5 
2 
5 
4 
5 
6 
5 
1 227955464  
2 
5 
6 
6 
3 
2 
5 
1 800190360  
1 697816211  
3 
4 
1 976766948  
6 
6 
1 72953804  
1 262968105  
3 
5 
3 
2 
3 
6 
6 
1 1543825494  
6 
4 
1 498992305  
2 
3 
2 
5 
2 
5 
2 
3 
4 
1 284098614  
4 
6 
4 
6 
2 
6 
2 
6 
2 
5 
2 
2 
1 2019371937  
6 
5 
5 
6 
3 
1 371567270  
6 
1 1461049871  
4 
1 755391635  
3 
2 
6 
6 
1 1608220786  
6 
1 1798311578  
1 438091278  
5 
3 
3 
5 
2 
4 
6 
5 
6 
2 
6 
1 348021699  
2 
4 
1 1618270924  
2 
2 
5 
4 
6 
5 
1 1869667548  
5 
1 1076027038  
4 
4 
5 
6 
4 
2 
1 1251651092  
4 
2 
1 604712699  
5 
5 
3 
5 
6 
2 
5 
4 
1 1831536513  
3 
3 
6 
4 
1 1321542845  
4 
4 
2 
4 
1 1808598655  
4 
3 
4 
4 
1 2137684149  
2 
2 
2 
2 
2 
2 
5 
1 653289447  
2 
5 
6 
6 
4 
1 1626231210  
4 
5 
2 
4 
5 
1 94796613  
1 990347308  
2 
6 
4 
4 
4 
6 
1 973347877  
6 
3 
6 
5 
4 
6 
5 
1 322752077  
4 
6 
1 1790537668  
5 
4 
4 
1 1671164088  
1 1299519025  
6 
3 
1 1863491473  
5 
6 
4 
6 
6 
5 
4 
2 
4 
4 
6 
5 
3 
5 
3 
6 
5 
6 
2 
5 
5 
4 
3 
5 
2 
1 1934132193  
4 
2 
5 
4 
6 
4 
4 
2 
4 
3 
2 
2 
6 
2 
3 
4 
2 
5 
1 695860872  
1 215000130  
1 70747160  
2 
4 
3 
4 
1 567749161  
2 
2 
4 
4 
3 
5 
4 
2 
3 
5 
2 
6 
3 
3 
3 
6 
5 
2 
6 
1 586567401  
5 
5 
5 
5 
3 
1 1531797031  
2 
5 
4 
4 
4 
2 
3 
3 
5 
5 
5 
5 
6 
2 
3 
3 
5 
5 
3 
3 
2 
5 
4 
6 
1 1323140796  
3 
5 
2 
4 
3 
4 
6 
6 
4 
2 
5 
1 47304539  
6 
2 
2 
2 
5 
3 
2 
2 
4 
1 1182624961  
1 1761232074  
6 
4 
5 
1 395326239  
3 
3 
6 
3 
3 
1 653412237  
2 
6 
5 
1 1483415974  
3 
5 
3 
6 
3 
5 
4 
4 
5 
5 
2 
2 
3 
4 
1 1471353277  
5 
3 
6 
6 
6 
4 
4 
5 
2 
6 
5 
5 
5 
6 
1 1905063329  
5 
6 
2 
6 
5 
1 2088128674  
6 
2 
6 
5 
3 
4 
2 
6 
3 
4 
4 
3 
2 
5 
4 
6 
2 
5 
5 
5 
4 
1 1155406143  
6 
2 
3 
2 
1 1079122526  
6 
6 
5 
5 
1 1749243681  
5 
5 
5 
6 
2 
3 
3 
1 1145606644  
3 
2 
4 
2 
1 1732411973  
4 
6 
6 
3 
4 
3 
2 
4 
3 
2 
4 
6 
6 
2 
3 
5 
6 
5 
3 
3 
3 
2 
6 
6 
6 
6 
1 1227991243  
6 
4 
4 
6 
6 
5 
4 
5 
6 
6 
2 
1 1240403258  
6 
2 
3 
6 
1 575275634  
6 
5 
2 
1 53855472  
2 
6 
6 
3 
5 
1 1563155335  
4 
1 218329654  
4 
5 
5 
5 
6 
4 
2 
4 
5 
1 1725019560  
4 
2 
4 
6 
3 
4 
3 
1 715190713  
4 
3 
5 
3 
1 2081821127  
5 
6 
5 
4 
1 1511668106  
3 
6 
2 
1 1411051585  
6 
3 
4 
5 
3 
4 
3 
3 
4 
1 149337610  
5 
1 1582415266  
1 1978800746  
6 
5 
3 
4 
1 735905011  
6 
2 
4 
6 
4 
5 
6 
4 
4 
5 
1 966728649  
3 
6 
1 1154457894  
3 
4 
4 
1 783209550  
3 
1 1869962  
1 768206320  
5 
3 
3 
6 
4 
4 
5 
2 
4 
4 
2 
1 1178535789  
5 
5 
2 
4 
2 
1 655282199  
2 
3 
5 
3 
4 
5 
4 
4 
6 
2 
4 
4 
6 
2 
1 104138646  
3 
1 502405419  
1 412861880  
1 44783672  
1 1657811562  
2 
5 
6 
6 
5 
5 
3 
6 
1 1491984406  
1 1794027354  
5 
4 
6 
6 
6 
5 
2 
6 
4 
2 
4 
4 
3 
4 
1 655934558  
5 
3 
4 
4 
5 
2 
3 
5 
4 
6 
2 
5 
2 
5 
2 
3 
6 
1 1076912732  
2 
6 
4 
3 
3 
3 
4 
6 
2 
4 
3 
2 
3 
2 
1 874534949  
1 1896337816  
4 
5 
2 
6 
6 
2 
4 
6 
4 
5 
6 
3 
5 
4 
1 1652188366  
1 928390422  
4 
6 
2 
3 
3 
5 
2 
3 
6 
5 
5 
1 1312009504  
3 
6 
2 
1 1870518020  
5 
4 
6 
5 
5 
3 
4 
5 
2 
5 
6 
1 505926334  
5 
1 2027200217  
2 
2 
6 
6 
2 
2 
1 1804855500  
4 
5 
6 
3 
5 
6 
4 
2 
3 
4 
6 
1 2017594440  
2 
3 
6 
3 
2 
1 1290768154  
3 
3 
5 
1 1954193110  
1 1452526058  
1 1122085252  
2 
6 
6 
1 542614473  
2 
3 
4 
2 
5 
1 271771059  
3 
4 
4 
4 
3 
2 
3 
2 
3 
1 129059498  
5 
3 
2 
1 1325824023  
6 
4 
3 
1 273641021  
5 
2 
1 897265818  
2 
6 
4 
4 
5 
6 
5 
1 356876165  
1 928923220  
5 
4 
1 1001404464  
3 
5 
4 
6 
6 
1 859281584  
6 
1 1341785100  
6 
5 
2 
6 
2 
4 
5 
2 
4 
5 
6 
4 
6 
4 
5 
5 
5 
6 
1 1046188137  
5 
2 
5 
4 
5 
5 
3 
1 369609498  
5 
1 686285859  
1 692731843  
2 
2 
6 
5 
2 
6 
2 
6 
2 
5 
3 
2 
5 
6 
5 
1 1025544056  
6 
1 1763198591  
1 1567266792  
2 
3 
3 
4 
5 
3 
5 
1 774398225  
6 
1 1267903309  
6 
3 
5 
5 
3 
1 348173566  
5 
3 
1 2086407729  
4 
2 
1 990937681  
4 
4 
2 
1 854099901  
2 
3 
4 
6 
6 
4 
3 
2 
5 
5 
5 
3 
2 
5 
3 
2 
6 
2 
2 
5 
3 
1 1966124298  
4 
3 
6 
2 
4 
3 
6 
5 
5 
1 648309533  
1 724210693  
4 
2 
6 
6 
6 
3 
5 
1 1109408804  
5 
6 
3 
2 
5 
4 
6 
2 
2 
1 455018995  
4 
5 
2 
1 29253104  
1 84010408  
4 
2 
5 
2 
5 
1 997633468  
3 
3 
1 301024163  
5 
6 
5 
1 213069906  
6 
1 175973844  
2 
5 
3 
1 574665185  
3 
1 1110335724  
2 
3 
5 
4 
6 
2 
5 
3 
3 
6 
6 
2 
2 
1 532850009  
4 
6 
2 
5 
6 
5 
2 
4 
2 
5 
2 
1 1503588405  
5 
6 
1 2111740188  
6 
4 
4 
6 
3 
1 1392131593  
6 
5 
5 
2 
1 697889858  
4 
3 
6 
6 
6 
1 1010444677  
5 
3 
1 1761741091  
4 
2 
1 1384175717  
4 
5 
1 1703176520  
6 
3 
1 639801499  
4 
4 
1 999890660  
4 
4 
5 
1 1122959665  
5 
4 
1 1414199724  
6 
6 
2 
2 
3 
4 
6 
5 
2 
3 
3 
3 
3 
3 
2 
6 
5 
5 
6 
3 
3 
6 
5 
5 
1 120310321  
1 1471133231  
6 
6 
2 
5 
1 1353123805  
6 
6 
1 1111248002  
3 
4 
2 
4 
6 
5 
5 
1 177749484  
5 
1 1171764455  
5 
4 
4 
3 
6 
2 
3 
1 1759557536  
5 
2 
1 901960178  
1 133689611  
6 
3 
2 
5 
1 67092883  
6 
5 
5 
2 
3 
4 
6 
4 
6 
5 
2 
3 
6 
2 
2 
2 
2 
2 
3 
6 
4 
3 
1 931213282  
5 
3 
2 
3 
1 217700019  
1 1064726352  
3 
1 1232237445  
3 
2 
2 
2 
5 
4 
4 
3 
5 
1 430769925  
6 
6 
3 
5 
6 
3 
6 
1 1240700196  
4 
4 
6 
3 
3 
4 
6 
2 
6 
1 1806902630  
3 
2 
6 
1 1541105649  
4 
5 
5 
2 
1 1773550205  
3 
5 
6 
3 
6 
6 
5 
3 
1 1163007388  
3 
3 
4 
2 
2 
6 
1 1505362190  
1 1018198150  
2 
1 1860897246  
4 
5 
3 
1 368323219  
2 
2 
5 
2 
3 
2 
3 
6 
6 
4 
2 
4 
3 
1 632455593  
1 1097589315  
1 2071499740  
5 
5 
2 
4 
5 
2 
3 
3 
1 1272257092  
5 
1 2097479975  
2 
5 
5 
5 
6 
5 
1 1046975757  
1 538973169  
1 70306648  
1 370625340  
4 
2 
1 1892096974  
2 
4 
6 
1 1181554650  
4 
6 
6 
1 548374825  
2 
4 
3 
1 916377782  
5 
1 793628538  
5 
3 
5 
2 
1 1450335003  
5 
2 
2 
6 
1 1050067393  
3 
3 
1 860721422  
1 234064637  
3 
6 
5 
2 
5 
2 
1 1267767413  
5 
6 
1 1925447774  
1 1466302082  
5 
5 
6 
5 
6 
2 
1 1698537338  
5 
3 
5 
2 
4 
5 
2 
4 
1 1018664322  
3 
2 
1 1125721065  
5 
6 
1 1092159340  
6 
1 644730879  
3 
4 
2 
6 
4 
6 
5 
3 
1 141244805  
5 
1 450037882  
4 
4 
6 
3 
2 
2 
4 
5 
5 
6 
5 
1 1662929029  
4 
2 
4 
2 
6 
1 2002142051  
4 
4 
3 
2 
4 
5 
1 818361101  
4 
4 
1 147900974  
2 
5 
2 
5 
3 
6 
2 
5 
4 
6 
1 952247718  
4 
3 
3 
4 
5 
3 
4 
6 
3 
3 
3 
6 
3 
6 
1 742377193  
3 
4 
1 1420158066  
5 
2 
3 
6 
2 
3 
6 
4 
2 
6 
4 
1 902244045  
6 
4 
3 
1 1789352950  
4 
1 1959131235  
2 
5 
1 972550693  
5 
1 12494643  
5 
5 
5 
1 1703744562  
4 
3 
6 
1 6621695  
2 
5 
3 
3 
2 
2 
6 
1 560869468  
2 
5 
4 
1 472638696  
1 800250234  
1 2011204471  
5 
4 
5 
4 
6 
6 
5 
3 
2 
6 
4 
3 
3 
5 
2 
3 
3 
2 
2 
2 
2 
3 
2 
4 
3 
5 
3 
6 
1 1522706089  
5 
1 1660971656  
3 
1 97785460  
4 
1 642989854  
4 
6 
5 
6 
1 1438935782  
5 
5 
2 
1 1564087542  
5 
3 
3 
5 
1 194043545  
3 
4 
3 
2 
5 
6 
1 310116456  
2 
6 
1 542324959  
1 1286202885  
1 954847335  
4 
1 683569764  
3 
1 1736240767  
2 
6 
3 
6 
4 
1 470292716  
6 
2 
4 
2 
6 
5 
6 
1 538228167  
2 
5 
6 
5 
5 
2 
4 
5 
3 
6 
6 
5 
6 
5 
6 
6 
3 
6 
3 
5 
6 
4 
4 
5 
4 
1 407118220  
5 
4 
4 
4 
6 
6 
2 
2 
5 
5 
1 618193690  
3 
2 
1 1490475885  
2 
6 
6 
3 
4 
3 
1 1149495414  
4 
6 
1 2038351756  
3 
6 
1 245236282  
3 
5 
2 
6 
3 
2 
5 
3 
1 791364716  
6 
4 
5 
3 
1 1849999344  
1 1217786975  
6 
3 
2 
5 
1 803859359  
4 
3 
4 
3 
5 
1 1406260258  
4 
6 
5 
5 
4 
5 
2 
3 
3 
5 
4 
6 
3 
2 
2 
2 
1 1224408671  
2 
4 
5 
6 
4 
2 
2 
3 
2 
3 
2 
3 
1 1364728827  
2 
6 
6 
2 
6 
2 
3 
1 1878898954  
2 
5 
2 
1 2024658905  
5 
6 
3 
3 
2 
5 
5 
6 
6 
3 
1 1228449650  
1 1254121395  
3 
6 
4 
3 
3 
5 
6 
5 
6 
5 
3 
5 
6 
2 
1 1538146913  
4 
3 
4 
3 
6 
4 
6 
2 
5 
2 
4 
5 
5 
4 
1 1326235110  
3 
1 1897111250  
5 
4 
2 
5 
3 
6 
3 
6 
6 
3 
1 829599047  
1 742839005  
5 
4 
6 
4 
4 
1 2091154795  
2 
4 
4 
2 
3 
5 
3 
1 1139715503  
1 1285163964  
5 
5 
1 1229874032  
5 
2 
6 
2 
3 
4 
5 
1 2094562838  
1 1968733729  
6 
2 
2 
6 
4 
5 
5 
4 
5 
4 
2 
3 
4 
3 
3 
6 
5 
6 
5 
1 818631151  
3 
5 
2 
5 
1 417371906  
3 
3 
1 359478248  
1 1225749371  
2 
6 
4 
1 1035565596  
1 1849954134  
3 
3 
3 
5 
5 
5 
6 
3 
5 
4 
2 
4 
5 
3 
6 
5 
5 
2 
5 
1 227761137  
4 
4 
6 
6 
5 
6 
4 
2 
2 
5 
3 
2 
3 
6 
3 
3 
3 
4 
2 
5 
2 
1 926433704  
5 
2 
1 2095190416  
6 
2 
2 
6 
4 
5 
1 1019125854  
2 
6 
1 628949400  
5 
1 1165493744  
2 
6 
5 
6 
2 
2 
2 
4 
3 
6 
3 
4 
4 
2 
3 
5 
3 
2 
1 1822985213  
3 
6 
5 
3 
4 
2 
5 
4 
6 
6 
2 
6 
1 2035209658  
2 
3 
6 
3 
5 
3 
6 
4 
6 
5 
4 
1 242418767  
3 
5 
1 1040230393  
3 
6 
5 
5 
6 
4 
2 
5 
4 
6 
4 
4 
3 
1 1766624964  
5 
1 119594024  
2 
6 
2 
2 
6 
3 
5 
1 121196395  
5 
6 
4 
6 
6 
2 
1 873262712  
5 
2 
1 1657740937  
3 
1 1447431506  
4 
4 
1 622890314  
5 
5 
2 
1 339856336  
3 
1 42786863  
3 
6 
6 
5 
5 
1 566561461  
6 
1 1479571839  
4 
3 
6 
1 1327950827  
2 
1 1796435493  
2 
5 
5 
5 
2 
3 
2 
1 1426651029  
5 
3 
6 
5 
5 
1 1149200908  
1 467582996  
4 
5 
3 
1 1844022935  
3 
6 
4 
6 
3 
6 
2 
4 
5 
4 
3 
5 
3 
4 
4 
4 
3 
5 
6 
4 
1 1508679157  
2 
2 
5 
3 
2 
6 
3 
2 
2 
1 1693332367  
5 
1 732104883  
1 1211149643  
2 
3 
5 
3 
5 
6 
5 
6 
4 
6 
2 
2 
6 
4 
2 
1 1921093505  
2 
4 
3 
5 
3 
1 1658538587  
2 
1 1158856411  
5 
4 
2 
3 
3 
4 
6 
1 792735711  
6 
2 
1 140004340  
6 
1 176866507  
4 
4 
3 
5 
6 
6 
2 
2 
4 
2 
2 
3 
4 
2 
4 
4 
1 468237276  
5 
5 
4 
2 
1 27730350  
1 419285274  
5 
4 
4 
5 
4 
1 1508467669  
6 
4 
3 
2 
3 
2 
6 
5 
2 
1 1794355315  
6 
5 
4 
3 
2 
3 
5 
3 
4 
5 
4 
1 538879298  
6 
6 
2 
3 
6 
5 
3 
2 
6 
3 
2 
3 
2 
6 
3 
4 
2 
6 
6 
6 
2 
6 
3 
3 
2 
2 
2 
3 
2 
5 
6 
5 
1 1629664065  
1 520134379  
3 
3 
3 
1 49136587  
5 
4 
6 
3 
3 
2 
3 
3 
5 
2 
5 
3 
5 
4 
3 
5 
2 
6 
5 
2 
4 
6 
4 
5 
2 
4 
4 
6 
2 
1 929611923  
2 
6 
2 
6 
3 
2 
3 
5 
6 
2 
2 
4 
2 
4 
4 
5 
3 
2 
5 
2 
3 
6 
3 
6 
5 
2 
2 
1 1143024693  
1 388992923  
4 
4 
4 
4 
4 
3 
4 
3 
2 
6 
6 
3 
5 
1 972398786  
5 
6 
4 
6 
3 
4 
1 1709586154  
5 
3 
6 
2 
2 
4 
5 
1 1868564762  
1 152865965  
5 
6 
5 
1 1358537999  
4 
2 
6 
6 
2 
6 
1 1147732143  
3 
1 1302066874  
3 
4 
1 1826120995  
5 
6 
6 
1 844271430  
6 
4 
3 
5 
3 
6 
6 
2 
5 
2 
6 
2 
1 663262383  
5 
5 
4 
5 
5 
6 
3 
4 
1 1371969714  
1 1576376313  
4 
2 
5 
4 
3 
6 
2 
2 
3 
3 
2 
1 1874412026  
2 
3 
4 
2 
4 
1 1145579571  
6 
5 
5 
6 
4 
1 1087431253  
5 
4 
2 
3 
6 
1 885784789  
2 
6 
3 
5 
6 
4 
2 
2 
3 
2 
6 
2 
6 
1 1938315282  
2 
3 
3 
1 1227435593  
6 
5 
4 
2 
2 
4 
2 
3 
3 
5 
4 
2 
5 
5 
5 
6 
3 
2 
3 
1 1062651297  
2 
5 
5 
4 
3 
1 259068911  
4 
6 
4 
1 1255165943  
6 
3 
3 
1 1481936571  
6 
6 
4 
1 1767536580  
5 
3 
4 
2 
3 
1 902037610  
5 
5 
4 
5 
2 
6 
6 
4 
5 
2 
4 
3 
3 
3 
1 2020815870  
2 
1 1249716997  
3 
5 
3 
4 
6 
5 
1 1422171989  
2 
5 
1 2069952457  
1 31845272  
2 
3 
1 417713034  
5 
6 
1 311461733  
1 1004244058  
1 2127299188  
6 
6 
6 
4 
6 
6 
5 
3 
2 
2 
2 
1 32542847  
1 1157110024  
5 
6 
2 
1 1338353539  
2 
5 
5 
1 1180274991  
5 
3 
6 
4 
5 
4 
1 311693250  
2 
1 1016990886  
4 
2 
5 
1 2024546421  
3 
5 
5 
3 
2 
4 
4 
4 
5 
4 
5 
1 974955633  
1 241476953  
5 
4 
5 
6 
6 
2 
4 
3 
4 
1 1453439087  
6 
2 
6 
6 
5 
6 
1 701884011  
4 
4 
3 
5 
3 
6 
6 
3 
3 
3 
2 
1 1387056524  
4 
2 
6 
3 
1 393386692  
3 
5 
2 
5 
2 
6 
6 
2 
3 
3 
4 
1 1587668800  
5 
3 
4 
4 
1 1177888159  
5 
3 
4 
6 
4 
5 
5 
1 1620822285  
5 
3 
1 502836449  
5 
4 
2 
5 
3 
2 
6 
5 
4 
2 
3 
4 
4 
5 
5 
5 
4 
1 1436957070  
4 
3 
5 
6 
3 
2 
3 
5 
2 
3 
2 
2 
5 
1 728504580  
1 1984773021  
5 
4 
3 
1 1057010002  
4 
1 1630542191  
5 
3 
2 
5 
1 1858105243  
3 
5 
6 
3 
6 
4 
1 159243352  
5 
5 
2 
1 905230532  
2 
2 
4 
3 
3 
2 
3 
1 1780574052  
6 
3 
4 
4 
3 
2 
4 
5 
3 
5 
1 191088624  
2 
5 
3 
1 1322943567  
6 
1 2092035785  
5 
1 1195332683  
4 
2 
3 
4 
2 
3 
1 1302759107  
1 2124578633  
1 204959059  
6 
2 
4 
6 
6 
6 
6 
1 493628999  
1 1157369976  
4 
1 516652309  
1 1510619885  
4 
6 
4 
5 
6 
1 1034432749  
4 
3 
3 
6 
1 1491607942  
1 1752096838  
6 
2 
5 
4 
4 
1 340388188  
5 
1 46008305  
6 
4 
1 991669715  
4 
6 
4 
4 
3 
1 733774880  
2 
5 
3 
2 
3 
1 1633677105  
6 
2 
2 
4 
2 
3 
3 
2 
2 
1 22074226  
4 
2 
5 
4 
5 
6 
3 
5 
5 
4 
6 
5 
2 
2 
1 207113517  
5 
4 
3 
1 2136513555  
5 
2 
2 
3 
1 1459031296  
3 
1 935618098  
1 1973802928  
6 
2 
2 
3 
3 
2 
6 
3 
2 
2 
2 
2 
1 368557650  
5 
1 418676641  
1 1684424523  
5 
3 
1 527801002  
3 
1 1323907173  
4 
5 
1 1317514927  
3 
6 
6 
2 
1 718889627  
1 499367092  
3 
1 1262067065  
6 
1 1914222310  
1 1802126200  
6 
3 
2 
5 
3 
5 
6 
4 
3 
5 
3 
3 
5 
5 
2 
2 
6 
6 
5 
2 
5 
2 
1 1239162050  
4 
1 2119181369  
1 148271551  
2 
4 
4 
1 249048378  
5 
1 488350030  
4 
2 
1 1658891436  
4 
4 
5 
2 
6 
6 
2 
1 1283481127  
2 
6 
1 1979957972  
2 
1 1263504627  
2 
3 
1 1623869316  
5 
1 2025966277  
5 
2 
6 
4 
3 
3 
1 107690694  
6 
4 
6 
2 
6 
2 
4 
6 
5 
6 
6 
2 
3 
1 210160548  
3 
4 
4 
5 
3 
6 
3 
6 
2 
3 
6 
4 
2 
4 
4 
5 
2 
5 
3 
1 1512159734  
6 
4 
1 129764920  
3 
2 
1 417274066  
6 
4 
6 
2 
4 
1 1501189641  
1 1588796216  
2 
6 
2 
6 
5 
1 1352892164  
2 
4 
1 1327508921  
2 
2 
3 
1 1957353866  
2 
6 
6 
1 1771568805  
5 
4 
1 864449796  
1 337671221  
4 
1 947992330  
2 
5 
5 
3 
3 
6 
3 
6 
6 
4 
2 
6 
3 
6 
2 
1 34481076  
3 
5 
1 1056560848  
4 
4 
1 1447359423  
2 
6 
3 
2 
2 
1 1296548141  
6 
1 823299510  
5 
1 1102001975  
6 
3 
4 
1 388226543  
3 
5 
6 
2 
3 
4 
4 
4 
3 
1 794997231  
2 
5 
6 
4 
6 
6 
6 
6 
4 
1 1250273526  
1 637274921  
5 
2 
2 
2 
4 
4 
5 
6 
4 
4 
4 
5 
3 
2 
6 
2 
5 
4 
5 
1 1283347261  
2 
4 
1 761681314  
2 
3 
1 1920756048  
1 1115821585  
2 
6 
3 
2 
2 
5 
1 2025185941  
3 
4 
2 
2 
2 
1 1397141716  
1 994304214  
1 2132876635  
1 1607302265  
5 
3 
6 
4 
3 
6 
4 
1 358980300  
6 
4 
5 
6 
6 
4 
5 
1 115157907  
1 2024576331  
3 
3 
4 
2 
6 
2 
2 
1 1860169942  
2 
2 
6 
3 
2 
6 
3 
3 
5 
6 
5 
3 
2 
1 1703954123  
3 
4 
1 1229984847  
5 
5 
5 
3 
2 
1 1040195215  
2 
6 
1 1513824342  
4 
5 
6 
6 
5 
1 854070004  
1 1904645012  
5 
5 
5 
4 
1 1851495563  
4 
5 
5 
4 
6 
1 1802062334  
2 
1 1939126088  
1 760572763  
4 
4 
3 
1 1101938109  
3 
1 1088190581  
2 
5 
1 1583872273  
5 
6 
6 
3 
1 56456436  
4 
4 
3 
4 
3 
3 
1 1476417124  
6 
3 
6 
4 
5 
5 
4 
3 
1 231385856  
4 
5 
3 
1 1306729962  
6 
3 
3 
2 
3 
4 
5 
2 
6 
5 
6 
6 
3 
5 
3 
4 
3 
5 
5 
3 
5 
6 
4 
1 2113692045  
5 
4 
1 1514733117  
5 
4 
1 2068411277  
4 
4 
3 
6 
2 
1 1886964445  
1 483071054  
3 
2 
1 1946113570  
3 
4 
5 
4 
2 
1 1136622514  
6 
3 
4 
3 
6 
6 
6 
2 
2 
1 1477375268  
4 
1 1931506558  
6 
5 
1 596441131  
2 
4 
6 
4 
5 
6 
6 
5 
4 
2 
3 
4 
3 
4 
5 
1 1836355568  
3 
1 2046664465  
3 
2 
4 
2 
5 
5 
1 473533814  
5 
2 
2 
6 
2 
5 
6 
1 1549041862  
4 
1 1603134941  
2 
4 
4 
1 1703518661  
3 
5 
2 
1 441753430  
6 
5 
5 
2 
5 
1 969475635  
4 
3 
1 410105017  
4 
4 
2 
2 
1 198914794  
1 673487550  
1 64683703  
5 
2 
6 
3 
4 
3 
3 
3 
4 
5 
2 
2 
6 
6 
4 
3 
4 
1 2138040882  
5 
6 
2 
4 
6 
6 
4 
5 
6 
3 
4 
5 
2 
1 1434060313  
1 1166621813  
2 
4 
6 
3 
2 
4 
4 
6 
3 
4 
2 
1 1078747815  
3 
3 
6 
3 
6 
1 870448938  
6 
6 
1 1223078249  
6 
2 
4 
3 
5 
1 407681291  
2 
4 
4 
6 
3 
6 
3 
2 
6 
3 
5 
2 
3 
4 
3 
2 
1 1101834794  
1 382324564  
2 
2 
5 
5 
4 
3 
1 373889688  
2 
3 
1 469084263  
2 
4 
6 
5 
3 
4 
4 
5 
1 303252193  
5 
6 
1 113370485  
3 
1 952155317  
2 
6 
5 
6 
6 
5 
6 
2 
5 
6 
6 
6 
5 
5 
3 
6 
4 
4 
4 
2 
1 101882115  
5 
3 
5 
2 
5 
5 
4 
5 
6 
6 
3 
2 
6 
5 
4 
6 
6 
2 
1 1249992999  
1 282046937  
4 
1 2033388673  
3 
3 
3 
3 
5 
4 
4 
5 
3 
1 1846434130  
3 
2 
2 
3 
6 
4 
1 2118402505  
4 
5 
5 
6 
2 
1 1932569491  
4 
1 172484296  
1 1519960720  
1 1388220784  
3 
6 
6 
4 
2 
6 
5 
4 
6 
5 
5 
3 
4 
1 1876002957  
4 
6 
3 
2 
2 
5 
4 
5 
4 
6 
2 
2 
6 
5 
3 
6 
5 
2 
1 1961714150  
5 
2 
5 
2 
1 210212771  
2 
3 
1 138624326  
4 
6 
2 
2 
3 
6 
3 
3 
4 
6 
4 
3 
5 
1 13145296  
4 
4 
4 
2 
3 
5 
2 
2 
1 883700321  
4 
6 
6 
2 
1 203308030  
5 
1 3702530  
5 
1 170276986  
3 
1 1369929843  
5 
6 
4 
3 
3 
1 1082450345  
3 
1 1040725924  
3 
3 
3 
2 
4 
3 
1 445524444  
6 
5 
4 
2 
3 
2 
6 
4 
2 
1 1490131636  
5 
6 
3 
3 
4 
3 
1 2142560718  
3 
6 
6 
2 
4 
3 
2 
4 
4 
6 
5 
2 
6 
4 
2 
3 
5 
1 827849008  
4 
2 
4 
2 
3 
5 
1 1864021324  
6 
6 
1 464161333  
3 
5 
6 
2 
1 1131101201  
4 
4 
3 
6 
3 
5 
2 
3 
2 
4 
3 
3 
3 
3 
5 
4 
1 1977391809  
4 
3 
3 
4 
5 
2 
6 
5 
6 
5 
5 
1 1416316650  
1 1232983317  
2 
4 
3 
1 1079901161  
1 1698363587  
3 
1 1118888342  
3 
6 
1 778851643  
1 1669282444  
5 
1 903974185  
1 951335940  
5 
4 
6 
3 
6 
3 
1 1041759516  
2 
3 
4 
1 144711321  
2 
4 
2 
2 
3 
2 
2 
5 
6 
4 
2 
3 
3 
2 
1 679855249  
3 
1 855990018  
1 354924092  
3 
5 
3 
4 
1 818479576  
2 
4 
1 869135314  
2 
1 1238624413  
3 
1 1021787606  
6 
4 
6 
1 872837844  
4 
3 
4 
6 
6 
1 1408901399  
1 244233801  
2 
6 
5 
5 
5 
2 
3 
4 
3 
5 
2 
4 
2 
4 
6 
1 1955288189  
3 
3 
2 
1 302143675  
4 
6 
6 
1 689758245  
5 
6 
3 
4 
2 
4 
2 
1 1297936177  
6 
6 
1 297220745  
5 
2 
1 1517607254  
4 
2 
2 
4 
6 
5 
1 1014473853  
6 
6 
2 
2 
6 
5 
1 761382078  
2 
4 
6 
2 
6 
3 
6 
1 501224807  
6 
3 
2 
5 
4 
1 844382015  
3 
2 
4 
2 
1 30215080  
6 
3 
4 
1 1734208124  
2 
1 1924283176  
3 
1 1728578667  
4 
6 
6 
5 
6 
5 
6 
2 
5 
3 
2 
4 
3 
6 
5 
3 
2 
3 
6 
6 
2 
5 
6 
2 
3 
4 
2 
5 
3 
1 705612819  
4 
2 
6 
1 555651171  
6 
5 
2 
4 
4 
2 
2 
4 
4 
6 
4 
1 1250377464  
2 
3 
2 
1 1609587004  
6 
4 
6 
3 
3 
6 
4 
2 
4 
5 
2 
3 
3 
3 
2 
2 
5 
6 
5 
2 
5 
4 
1 1506987111  
5 
5 
3 
2 
5 
3 
4 
2 
6 
6 
3 
3 
3 
3 
5 
1 144653332  
2 
1 1754298326  
4 
6 
4 
3 
3 
5 
4 
6 
4 
1 39358713  
1 1000643351  
1 2109222418  
1 857838289  
6 
2 
1 1869778665  
6 
4 
1 1200363184  
4 
4 
6 
5 
5 
3 
3 
4 
3 
1 1879625895  
2 
5 
2 
2 
4 
2 
1 595132862  
4 
5 
5 
1 461780935  
3 
2 
3 
1 2123859696  
6 
5 
5 
1 402937403  
1 763924611  
1 666134293  
6 
2 
2 
1 1700873581  
4 
2 
5 
4 
1 1061145356  
2 
2 
5 
2 
1 36257899  
2 
6 
1 567863786  
6 
4 
5 
6 
5 
6 
4 
4 
4 
1 1822527435  
2 
4 
4 
3 
1 537482707  
4 
5 
3 
4 
2 
2 
5 
3 
4 
4 
2 
5 
5 
4 
1 1412245801  
2 
6 
1 1852742515  
5 
5 
6 
5 
6 
6 
3 
4 
5 
5 
6 
5 
4 
4 
5 
5 
3 
2 
5 
6 
2 
1 124207183  
2 
4 
2 
3 
2 
6 
1 1189045329  
4 
2 
3 
1 1433837535  
2 
3 
6 
5 
4 
5 
5 
2 
5 
5 
5 
6 
2 
2 
5 
5 
3 
4 
3 
6 
4 
1 829820002  
3 
2 
2 
4 
1 1744696501  
5 
2 
3 
4 
2 
1 536731351  
2 
3 
4 
6 
3 
2 
1 291923359  
6 
3 
5 
2 
1 1104199964  
6 
4 
1 681384683  
6 
2 
3 
4 
5 
3 
1 2046221685  
5 
4 
5 
4 
6 
5 
4 
6 
4 
1 1143558677  
6 
2 
5 
6 
2 
5 
5 
1 1682028034  
5 
5 
2 
6 
4 
4 
4 
6 
5 
3 
2 
1 2007960455  
3 
1 2001396966  
3 
5 
5 
5 
5 
5 
4 
4 
6 
2 
3 
5 
2 
5 
4 
3 
3 
3 
1 1404323052  
3 
3 
2 
4 
4 
3 
5 
5 
5 
6 
4 
6 
3 
1 1060839991  
3 
4 
5 
5 
1 1733539213  
2 
2 
5 
5 
4 
4 
2 
2 
5 
2 
3 
3 
2 
1 1999455914  
4 
1 1522620927  
5 
1 1709915261  
1 254909669  
2 
1 139061890  
1 228565907  
2 
5 
1 1955783250  
6 
1 1200207246  
3 
5 
4 
2 
3 
1 264823806  
4 
4 
6 
3 
6 
2 
6 
1 376163389  
2 
3 
4 
3 
6 
3 
1 875251033  
5 
1 802306513  
5 
5 
2 
4 
1 1788409190  
3 
3 
6 
5 
5 
4 
4 
4 
3 
4 
3 
5 
5 
5 
3 
3 
3 
5 
5 
2 
1 580509901  
1 926513697  
1 829970872  
6 
3 
2 
2 
5 
1 2014347436  
5 
3 
5 
5 
3 
6 
2 
4 
3 
6 
5 
3 
3 
3 
4 
2 
4 
1 1756333699  
1 427183725  
5 
3 
3 
6 
6 
3 
2 
4 
3 
4 
4 
3 
5 
3 
2 
2 
5 
1 403595139  
4 
6 
3 
6 
5 
5 
1 2048257058  
2 
1 1531383689  
2 
5 
1 1084979822  
1 1946995095  
3 
2 
2 
1 527458719  
3 
2 
3 
6 
3 
6 
5 
5 
3 
3 
2 
5 
5 
1 619524209  
4 
1 1807471903  
3 
2 
3 
5 
5 
6 
3 
2 
5 
1 381372037  
2 
5 
1 2023847261  
5 
4 
4 
5 
6 
3 
2 
1 720828246  
3 
4 
3 
6 
6 
1 2114911251  
2 
5 
3 
1 1875819527  
3 
2 
6 
6 
3 
6 
4 
1 95965525  
4 
2 
5 
1 1677342864  
2 
3 
4 
1 2130729196  
3 
4 
5 
2 
4 
5 
2 
6 
5 
2 
6 
5 
5 
6 
1 235027415  
1 1905908771  
1 1939028799  
6 
1 1435234662  
2 
2 
6 
1 23248930  
2 
3 
4 
4 
2 
2 
5 
1 167708540  
4 
3 
6 
2 
6 
1 163002047  
3 
2 
2 
3 
5 
5 
1 825555443  
2 
3 
1 1956117730  
4 
5 
6 
2 
4 
6 
1 743511948  
2 
6 
2 
4 
3 
6 
6 
3 
1 1752069140  
5 
4 
3 
1 638604954  
3 
6 
5 
1 610375736  
3 
5 
5 
3 
5 
6 
2 
2 
4 
1 1360919192  
2 
3 
6 
5 
1 1065788679  
6 
5 
1 1013970875  
1 1261692602  
4 
6 
6 
2 
2 
3 
5 
2 
2 
1 449688721  
4 
2 
1 2098950698  
1 1061204050  
6 
4 
6 
5 
2 
5 
6 
2 
2 
6 
1 977147440  
6 
2 
1 570991259  
3 
6 
3 
3 
6 
6 
3 
5 
5 
5 
4 
4 
5 
3 
6 
1 721192305  
1 1358519477  
1 447354872  
5 
4 
2 
2 
1 1442020551  
6 
5 
4 
2 
6 
1 1325947080  
3 
1 175690751  
4 
1 1537986077  
5 
5 
4 
4 
4 
5 
2 
3 
2 
6 
4 
2 
5 
5 
5 
4 
4 
2 
5 
6 
2 
6 
5 
3 
1 855806297  
6 
1 158936299  
2 
3 
4 
1 1773013492  
3 
2 
5 
5 
6 
5 
4 
1 614231420  
3 
5 
5 
5 
5 
1 2097965098  
3 
5 
3 
1 1060764506  
6 
5 
2 
5 
6 
4 
6 
3 
3 
4 
3 
3 
2 
2 
6 
2 
5 
3 
6 
4 
6 
6 
5 
3 
6 
2 
1 637480350  
2 
3 
1 118189990  
5 
4 
5 
4 
4 
6 
4 
3 
1 1223766554  
3 
1 1463035794  
1 2074307721  
3 
2 
4 
3 
1 1967278502  
2 
1 1067621286  
1 565429027  
6 
1 430170591  
2 
4 
6 
6 
3 
2 
4 
1 281056830  
1 1631217707  
4 
6 
6 
5 
3 
6 
3 
4 
6 
2 
3 
4 
4 
4 
3 
2 
6 
3 
1 1444141466  
4 
3 
1 1542749433  
5 
5 
1 2080906428  
4 
4 
5 
2 
2 
2 
2 
5 
2 
6 
4 
2 
3 
5 
4 
3 
5 
1 1395608516  
4 
4 
2 
4 
4 
5 
3 
1 456469835  
1 910570220  
6 
1 1966599775  
5 
1 1177662140  
5 
3 
3 
1 121606049  
3 
1 266470999  
5 
6 
6 
6 
4 
3 
5 
1 472199043  
5 
5 
3 
6 
3 
3 
1 1447553130  
1 442161750  
5 
2 
4 
1 2010185120  
1 155875779  
6 
4 
5 
3 
6 
4 
4 
6 
1 601098050  
4 
4 
3 
6 
4 
2 
6 
4 
1 1635714965  
1 770107199  
3 
1 551579500  
2 
4 
5 
6 
2 
2 
1 548995823  
2 
4 
1 1407587550  
4 
2 
6 
6 
1 669769491  
1 1772762377  
4 
4 
4 
6 
6 
2 
4 
5 
4 
5 
3 
3 
5 
4 
4 
3 
4 
1 723139696  
5 
3 
5 
4 
1 596593564  
4 
2 
4 
6 
2 
2 
4 
3 
4 
3 
4 
5 
4 
3 
1 1592557232  
4 
4 
1 1790760982  
3 
5 
2 
4 
6 
2 
3 
1 1162022591  
5 
2 
6 
1 2022727823  
3 
6 
5 
1 2071817813  
1 645756650  
2 
1 1319385641  
6 
2 
3 
6 
4 
5 
2 
2 
3 
4 
6 
5 
2 
6 
3 
6 
5 
1 1467083598  
5 
6 
3 
6 
2 
6 
3 
4 
5 
6 
3 
6 
6 
3 
3 
3 
2 
4 
2 
6 
2 
3 
5 
3 
1 579179430  
4 
4 
5 
6 
1 567510510  
5 
1 1923553433  
6 
4 
3 
5 
5 
4 
4 
5 
2 
3 
6 
4 
4 
6 
1 1489749650  
2 
6 
6 
4 
1 386626637  
3 
4 
5 
5 
3 
3 
4 
2 
4 
6 
1 953731925  
3 
5 
2 
4 
3 
5 
3 
2 
5 
1 1611355700  
3 
2 
2 
1 653097637  
2 
4 
6 
2 
2 
4 
6 
5 
1 1425930968  
1 911425182  
5 
4 
1 1095259387  
4 
5 
3 
2 
6 
2 
3 
1 1288632441  
6 
4 
1 1067300961  
6 
6 
3 
1 1696357437  
4 
1 776863758  
5 
6 
3 
6 
1 1837408160  
1 100453290  
1 1325859581  
5 
4 
1 1097512062  
6 
3 
3 
1 770222781  
4 
6 
6 
1 951138311  
4 
2 
1 1820651758  
1 1366816345  
6 
6 
5 
4 
3 
1 396211895  
3 
1 1463929093  
5 
6 
6 
3 
5 
5 
6 
3 
5 
4 
4 
2 
2 
3 
2 
5 
4 
4 
2 
4 
5 
3 
4 
4 
4 
2 
4 
2 
2 
2 
3 
3 
6 
4 
4 
2 
4 
1 381355288  
2 
1 271456070  
5 
1 1388263258  
2 
2 
1 1027111939  
2 
6 
2 
6 
5 
4 
2 
6 
4 
6 
4 
4 
5 
6 
2 
2 
5 
3 
1 1590841711  
4 
5 
4 
6 
3 
5 
2 
5 
5 
5 
5 
3 
2 
6 
5 
2 
5 
3 
6 
2 
5 
5 
5 
3 
1 707863208  
2 
1 1606291369  
4 
2 
5 
4 
1 10868573  
4 
4 
4 
2 
1 483932993  
2 
5 
5 
5 
3 
3 
5 
5 
2 
4 
5 
2 
3 
6 
3 
5 
5 
1 948557372  
4 
6 
1 397495211  
6 
1 1437664918  
1 412429424  
1 1050592848  
5 
1 716112238  
3 
4 
6 
6 
2 
3 
1 1323854606  
4 
6 
5 
3 
3 
1 2145852235  
2 
2 
4 
5 
1 2004744679  
2 
5 
1 243671919  
3 
5 
3 
6 
1 1694726025  
3 
2 
1 634124789  
3 
5 
1 2081080079  
2 
2 
1 1795179315  
3 
5 
4 
2 
3 
4 
1 1959984371  
1 1031108494  
6 
4 
1 417918448  
2 
2 
5 
5 
4 
4 
6 
6 
2 
6 
3 
6 
6 
1 763639034  
3 
3 
4 
4 
2 
6 
4 
1 704276604  
6 
2 
2 
6 
3 
4 
3 
1 1784734793  
1 1159850929  
3 
1 20722049  
3 
5 
6 
4 
6 
2 
3 
4 
5 
5 
6 
4 
1 18606433  
4 
1 1431306999  
2 
5 
1 1408985307  
3 
5 
4 
5 
4 
4 
4 
1 1045718372  
3 
4 
6 
2 
3 
6 
1 874665062  
5 
3 
4 
6 
2 
3 
6 
5 
2 
2 
1 2116848515  
6 
6 
6 
4 
5 
4 
2 
6 
3 
5 
3 
4 
2 
4 
4 
1 504526094  
1 885533636  
4 
1 453297860  
3 
3 
2 
3 
5 
1 1453083466  
2 
2 
5 
5 
5 
4 
5 
1 1283028847  
4 
6 
1 1890962778  
3 
4 
3 
2 
5 
3 
3 
6 
4 
5 
6 
5 
5 
1 1865512890  
6 
4 
6 
4 
3 
3 
3 
5 
1 186138047  
1 459591369  
5 
5 
1 1041883848  
2 
5 
2 
4 
3 
6 
4 
3 
5 
4 
4 
1 184506634  
4 
3 
6 
5 
5 
2 
2 
5 
5 
3 
4 
2 
6 
3 
1 316852400  
2 
5 
1 1285555767  
3 
2 
5 
4 
4 
3 
4 
6 
2 
2 
1 1879232659  
6 
1 950977190  
4 
6 
4 
4 
2 
4 
3 
2 
5 
1 1219152198  
2 
4 
2 
3 
3 
4 
6 
1 1526928326  
4 
2 
5 
6 
4 
2 
1 763477913  
2 
5 
4 
1 102777044  
6 
6 
5 
6 
4 
2 
3 
1 1944846774  
5 
6 
5 
5 
6 
2 
1 1527116947  
3 
6 
4 
2 
4 
2 
4 
5 
4 
5 
1 807053649  
5 
5 
2 
3 
3 
1 1582097919  
1 539484228  
6 
1 827775698  
5 
5 
2 
6 
2 
3 
1 1600704353  
1 1970791227  
4 
6 
3 
6 
5 
4 
5 
5 
6 
1 89277358  
1 498939077  
6 
1 697972641  
1 58642225  
6 
5 
4 
3 
6 
2 
2 
3 
3 
2 
3 
1 1003465171  
6 
3 
2 
2 
5 
1 1583506277  
1 511940086  
6 
1 309064989  
2 
4 
5 
3 
5 
6 
2 
5 
3 
2 
1 719051476  
1 255419216  
2 
6 
2 
1 27094231  
3 
1 905189523  
4 
1 715010585  
6 
5 
1 1068978079  
2 
1 1089696158  
2 
3 
4 
5 
4 
6 
2 
6 
1 1031862986  
5 
1 207050198  
1 821445169  
2 
3 
4 
1 1982840176  
4 
6 
4 
5 
2 
2 
5 
3 
5 
6 
5 
5 
3 
6 
2 
4 
4 
2 
1 1426202397  
3 
3 
5 
1 200889848  
4 
1 598834441  
5 
6 
1 1528979441  
1 2145736622  
2 
3 
5 
6 
3 
5 
3 
1 2125951388  
2 
1 188549442  
4 
4 
2 
2 
3 
1 1580350894  
1 517951968  
1 1016325141  
4 
6 
1 1033571599  
6 
6 
5 
1 341259547  
1 1105602499  
3 
4 
3 
2 
2 
4 
4 
4 
4 
5 
4 
1 1532510676  
1 1039232188  
6 
4 
1 1164244724  
1 388492200  
6 
4 
5 
3 
1 475254818  
4 
4 
3 
4 
5 
3 
5 
1 1676184810  
2 
5 
3 
1 697557189  
1 1194306294  
6 
3 
2 
5 
1 1931604027  
5 
5 
2 
2 
5 
1 724651421  
5 
2 
5 
6 
2 
1 2099495818  
5 
4 
3 
2 
4 
2 
3 
4 
3 
1 499130964  
6 
1 1793629500  
2 
4 
4 
1 1041708328  
2 
5 
2 
4 
2 
3 
5 
4 
2 
5 
3 
5 
4 
5 
1 1530993950  
3 
3 
2 
4 
6 
1 2000679699  
2 
4 
1 1863153497  
2 
3 
6 
6 
1 1366350478  
6 
2 
1 1279398448  
6 
3 
4 
4 
1 2064043345  
3 
3 
6 
3 
1 1965184919  
4 
4 
2 
3 
6 
5 
2 
2 
1 660894241  
5 
6 
6 
4 
3 
1 2062296320  
1 1943652659  
1 849443684  
4 
6 
1 1495163566  
6 
1 314120979  
6 
2 
5 
3 
1 1865768825  
2 
3 
4 
5 
4 
2 
1 381251517  
6 
3 
4 
4 
2 
5 
2 
5 
6 
1 655380526  
1 823887676  
1 1913762193  
2 
4 
6 
4 
2 
5 
6 
6 
1 1694612715  
4 
1 1988132400  
6 
6 
2 
6 
4 
4 
2 
3 
6 
1 154770745  
3 
2 
2 
4 
5 
4 
1 22383885  
1 1516833563  
1 852327935  
5 
4 
4 
2 
6 
3 
1 1216690179  
6 
2 
2 
3 
1 1300953942  
2 
6 
1 1576979356  
3 
4 
3 
6 
5 
2 
3 
6 
1 1168702349  
6 
6 
5 
5 
1 1800084906  
1 1223125208  
1 62927029  
1 1183595209  
3 
5 
3 
5 
6 
4 
3 
4 
4 
4 
4 
6 
5 
5 
4 
4 
3 
1 1076321259  
3 
2 
2 
3 
2 
3 
1 1926080527  
5 
4 
2 
3 
4 
3 
6 
6 
2 
2 
3 
4 
1 402462039  
3 
3 
4 
5 
6 
4 
1 208236059  
2 
4 
5 
1 1842640224  
1 220163311  
6 
3 
2 
5 
3 
4 
6 
3 
4 
2 
2 
5 
1 869130301  
3 
3 
6 
6 
1 1757452896  
5 
4 
2 
2 
2 
6 
5 
5 
2 
4 
4 
2 
3 
1 16332322  
2 
6 
6 
5 
3 
3 
1 1718573985  
2 
1 1105132814  
2 
5 
5 
4 
5 
5 
3 
3 
5 
3 
5 
3 
4 
5 
3 
6 
3 
5 
5 
1 330453302  
6 
2 
4 
2 
4 
6 
3 
5 
6 
4 
3 
6 
4 
5 
6 
5 
5 
3 
2 
6 
6 
4 
2 
6 
4 
3 
3 
6 
1 1436859162  
4 
5 
2 
6 
4 
6 
4 
3 
2 
4 
3 
6 
2 
1 1486384331  
2 
1 985833828  
1 113263190  
5 
4 
1 1252662877  
3 
4 
3 
1 532962895  
3 
5 
2 
3 
6 
6 
6 
3 
5 
6 
3 
1 2101395590  
1 1407433622  
3 
3 
5 
6 
1 555346780  
6 
5 
5 
3 
1 1470745505  
5 
5 
1 112277909  
2 
5 
4 
5 
4 
6 
5 
3 
1 1772036960  
1 624215799  
4 
4 
5 
3 
5 
2 
1 1689257265  
1 793255661  
1 276817058  
5 
2 
6 
3 
2 
1 764898826  
4 
3 
5 
6 
3 
4 
5 
3 
6 
3 
4 
6 
5 
2 
5 
1 856182691  
4 
5 
4 
5 
2 
3 
5 
4 
2 
5 
6 
1 1460412267  
5 
5 
4 
2 
1 1841220085  
2 
3 
2 
2 
6 
5 
1 634779570  
1 1862874306  
3 
4 
2 
5 
1 2049456145  
3 
3 
2 
3 
1 329936146  
3 
6 
5 
5 
2 
5 
3 
3 
4 
4 
1 2083037617  
4 
6 
2 
5 
6 
4 
6 
1 771102798  
2 
4 
5 
4 
3 
1 2087389043  
2 
3 
5 
3 
5 
3 
3 
3 
3 
2 
3 
3 
5 
1 2099369940  
1 342193135  
6 
2 
3 
4 
3 
5 
4 
6 
4 
4 
6 
2 
3 
4 
5 
3 
5 
3 
4 
6 
3 
5 
5 
2 
5 
4 
5 
5 
5 
5 
5 
2 
3 
4 
3 
5 
4 
3 
1 1045038209  
4 
3 
4 
6 
6 
4 
6 
2 
6 
4 
3 
4 
3 
2 
2 
2 
5 
3 
5 
5 
6 
3 
2 
6 
1 282339594  
3 
1 1779052297  
1 383938893  
3 
6 
6 
3 
5 
3 
4 
2 
5 
5 
1 1268173422  
6 
3 
3 
2 
2 
3 
6 
4 
5 
5 
5 
1 1892315487  
1 1636601770  
5 
3 
3 
6 
3 
6 
5 
3 
4 
4 
3 
4 
2 
3 
1 1801136318  
6 
5 
2 
4 
2 
1 1846227429  
6 
6 
2 
6 
4 
4 
3 
5 
3 
3 
6 
5 
3 
6 
3 
1 896551744  
5 
3 
6 
6 
1 208999450  
2 
6 
6 
1 1169489287  
3 
4 
2 
2 
3 
5 
4 
4 
5 
5 
2 
6 
4 
3 
1 1008829654  
4 
5 
2 
1 1981036410  
3 
6 
1 1793705086  
5 
4 
1 550603271  
5 
4 
6 
3 
4 
2 
4 
5 
6 
1 626808424  
4 
1 2070522144  
1 1315502097  
2 
3 
2 
5 
3 
5 
6 
5 
6 
4 
1 1482991115  
5 
6 
5 
2 
5 
2 
4 
2 
3 
1 1383450763  
5 
5 
3 
5 
3 
5 
5 
4 
4 
3 
4 
3 
1 1009238535  
1 2117770685  
5 
1 1098841422  
3 
3 
4 
3 
1 911211032  
1 300223183  
3 
2 
1 1034395391  
3 
4 
3 
4 
1 1682313830  
3 
3 
5 
5 
1 240128578  
5 
2 
6 
5 
6 
4 
2 
2 
4 
1 986281683  
1 2024506965  
2 
6 
3 
3 
5 
4 
1 1285166788  
6 
4 
1 1268621277  
4 
1 1656075614  
6 
6 
6 
6 
2 
2 
2 
2 
4 
2 
3 
5 
3 
6 
4 
6 
3 
6 
6 
3 
3 
1 1669105681  
6 
6 
5 
3 
3 
1 389311052  
2 
6 
2 
5 
3 
4 
6 
3 
5 
2 
5 
5 
4 
5 
3 
3 
5 
3 
1 1400907453  
5 
5 
1 1158223803  
2 
3 
3 
2 
3 
4 
2 
1 42963722  
6 
5 
3 
6 
5 
1 1099651234  
2 
6 
2 
2 
3 
4 
6 
1 2054775547  
4 
5 
3 
3 
3 
3 
5 
4 
1 251963172  
2 
5 
1 121656873  
1 916121553  
1 85515935  
3 
4 
2 
1 1915361960  
3 
2 
3 
1 1466724825  
2 
3 
4 
1 712324359  
5 
5 
5 
2 
3 
6 
2 
4 
4 
1 1838400456  
3 
2 
4 
2 
3 
3 
2 
3 
6 
3 
2 
4 
4 
4 
6 
3 
2 
4 
1 634743274  
3 
1 47831826  
1 1074367572  
4 
6 
2 
5 
5 
4 
4 
5 
5 
6 
1 1643981809  
3 
4 
3 
5 
1 18118863  
4 
6 
2 
4 
4 
3 
5 
3 
2 
1 25725346  
1 407709193  
3 
4 
4 
6 
2 
2 
5 
1 318342046  
2 
1 1060120737  
6 
4 
2 
5 
3 
4 
4 
5 
5 
5 
6 
6 
4 
3 
6 
5 
3 
4 
3 
4 
6 
6 
5 
2 
4 
4 
4 
1 2090023023  
6 
5 
6 
2 
4 
4 
1 558470625  
1 2046402421  
4 
4 
6 
2 
5 
4 
6 
5 
1 1967046340  
6 
3 
5 
2 
6 
4 
6 
4 
6 
6 
2 
6 
4 
4 
6 
3 
1 1843637413  
6 
6 
2 
4 
4 
6 
6 
1 1167540050  
3 
6 
2 
5 
2 
5 
5 
3 
6 
6 
3 
4 
4 
4 
4 
2 
1 1475638306  
4 
4 
6 
2 
4 
1 1365259446  
3 
2 
6 
4 
3 
3 
2 
1 1556851102  
4 
5 
4 
6 
2 
3 
5 
2 
2 
4 
3 
5 
3 
6 
6 
5 
4 
4 
4 
6 
6 
4 
3 
5 
6 
3 
4 
1 729062111  
2 
2 
3 
1 375999601  
4 
1 1599814824  
1 1828713346  
5 
2 
2 
2 
2 
5 
4 
2 
6 
5 
5 
3 
6 
6 
3 
5 
3 
1 283291500  
6 
2 
2 
2 
6 
6 
6 
2 
2 
1 1851777997  
3 
3 
3 
6 
6 
3 
6 
6 
4 
4 
5 
2 
6 
2 
5 
3 
2 
3 
2 
6 
4 
3 
3 
6 
6 
1 1950370219  
1 1199413054  
3 
2 
2 
3 
4 
5 
5 
5 
6 
2 
2 
2 
4 
5 
4 
5 
1 1937293932  
3 
5 
5 
2 
4 
6 
2 
5 
6 
3 
4 
3 
1 1718248531  
1 518654231  
2 
6 
5 
1 502134643  
2 
4 
4 
3 
3 
4 
4 
3 
4 
4 
3 
6 
3 
1 1409165340  
1 1153397505  
1 549966469  
2 
1 336049264  
4 
1 649895667  
5 
2 
4 
6 
2 
3 
6 
