4 
6 
6 
2 
2 
2 
5 
5 
5 
1 810987712  
5 
3 
2 
5 
3 
5 
3 
3 
2 
2 
5 
4 
4 
3 
3 
5 
6 
4 
5 
6 
3 
6 
5 
3 
2 
1 553604082  
2 
5 
6 
5 
1 380800488  
2 
6 
1 97370824  
1 780699359  
3 
3 
1 847359144  
1 1404230993  
5 
2 
4 
5 
5 
6 
6 
3 
1 1735494473  
2 
1 350401072  
1 1875308554  
1 2010856190  
1 1351231142  
2 
6 
2 
6 
6 
5 
1 2093492992  
6 
5 
4 
2 
2 
3 
2 
1 1340141991  
2 
6 
6 
1 751804288  
5 
6 
1 1049853684  
4 
4 
6 
3 
1 143010092  
5 
5 
5 
4 
3 
1 875466412  
4 
3 
6 
3 
5 
3 
2 
6 
6 
4 
1 126643765  
3 
3 
3 
6 
6 
3 
3 
5 
2 
1 1841377304  
2 
4 
3 
1 851580454  
6 
4 
2 
6 
4 
3 
2 
4 
2 
3 
2 
5 
6 
5 
4 
1 1131596400  
4 
6 
6 
4 
6 
2 
2 
5 
3 
6 
3 
4 
1 238529223  
5 
3 
3 
4 
3 
2 
1 90651745  
2 
4 
1 1496788630  
3 
1 1869981319  
5 
4 
2 
5 
2 
4 
4 
4 
3 
6 
5 
3 
1 1310527014  
4 
6 
1 106327967  
4 
4 
4 
4 
1 471276816  
6 
4 
1 977150732  
2 
5 
5 
3 
5 
4 
4 
6 
4 
2 
6 
6 
4 
4 
4 
4 
2 
6 
4 
4 
1 1095836080  
3 
2 
5 
2 
5 
6 
5 
2 
1 1282264528  
1 1530754814  
3 
6 
6 
5 
4 
1 1476636568  
6 
2 
2 
2 
3 
1 1379635353  
6 
3 
4 
5 
1 163970525  
5 
1 176512064  
1 636382698  
3 
5 
6 
2 
4 
4 
3 
6 
4 
2 
1 1899464998  
3 
4 
4 
2 
6 
3 
1 526913136  
1 364207605  
1 1762837541  
2 
1 1878144279  
3 
2 
6 
3 
3 
3 
6 
3 
5 
3 
5 
1 310216949  
5 
6 
1 955495884  
3 
4 
3 
4 
2 
5 
3 
6 
6 
2 
2 
1 482464919  
1 1360070633  
6 
3 
1 1098505977  
1 1357931332  
2 
1 1486714398  
6 
3 
5 
3 
6 
2 
3 
4 
2 
3 
6 
6 
5 
3 
3 
2 
5 
2 
5 
1 792399633  
5 
5 
4 
2 
1 62028138  
3 
3 
1 470827150  
6 
2 
6 
1 1030928857  
6 
5 
5 
4 
2 
4 
4 
2 
2 
1 152679883  
4 
5 
4 
3 
3 
1 1967615780  
2 
5 
5 
3 
6 
4 
1 753426528  
6 
4 
3 
1 1463206897  
3 
5 
2 
3 
5 
5 
4 
6 
1 2073943748  
3 
6 
6 
4 
4 
6 
6 
3 
3 
3 
3 
5 
4 
4 
3 
4 
5 
1 1224703344  
3 
2 
5 
4 
1 292873982  
1 1022296180  
1 359484225  
1 1823628796  
6 
5 
5 
4 
6 
3 
3 
3 
3 
3 
5 
2 
3 
2 
3 
6 
5 
3 
6 
2 
5 
6 
3 
6 
4 
2 
6 
4 
4 
6 
6 
6 
6 
4 
2 
6 
1 351449100  
1 1739119578  
4 
2 
5 
6 
1 1987599322  
3 
2 
2 
1 527961165  
2 
1 228018628  
6 
5 
4 
1 1739580672  
6 
3 
2 
3 
1 1054874301  
2 
3 
1 592226233  
6 
1 1354934565  
4 
5 
5 
2 
1 785534932  
1 902443183  
5 
1 162946802  
4 
3 
4 
3 
3 
3 
6 
6 
4 
6 
5 
2 
5 
2 
2 
4 
2 
1 1267999852  
1 115030168  
2 
4 
5 
3 
4 
1 1261452779  
4 
1 478447536  
3 
1 1601744567  
2 
1 2053852412  
6 
4 
3 
1 540475674  
4 
6 
2 
4 
4 
5 
1 2072571717  
3 
5 
5 
2 
1 937297621  
2 
6 
2 
6 
4 
2 
3 
5 
6 
4 
3 
5 
4 
6 
2 
2 
4 
2 
4 
1 693155558  
5 
5 
6 
2 
2 
2 
3 
2 
2 
6 
2 
6 
4 
5 
5 
6 
3 
4 
4 
6 
2 
6 
5 
3 
6 
5 
3 
4 
5 
3 
3 
6 
5 
6 
6 
6 
5 
4 
5 
6 
6 
2 
4 
5 
2 
1 1892703850  
3 
5 
3 
5 
6 
4 
5 
6 
4 
1 1690724149  
2 
3 
1 8878807  
2 
1 1819163950  
1 767943846  
1 301752789  
5 
4 
1 693976482  
2 
1 1127428071  
4 
5 
6 
2 
4 
2 
2 
3 
1 2125381586  
5 
1 1045425582  
1 719064001  
3 
2 
1 1965497260  
2 
2 
4 
1 1573386747  
6 
4 
6 
2 
1 947082629  
4 
1 1557594284  
6 
2 
3 
6 
2 
5 
2 
2 
1 480777401  
3 
4 
6 
5 
1 1539308863  
5 
5 
5 
1 765045202  
2 
2 
2 
2 
3 
4 
2 
6 
2 
5 
2 
6 
2 
3 
4 
2 
1 1266312333  
1 294268398  
3 
1 927992004  
2 
1 386828537  
3 
5 
6 
2 
3 
1 409298566  
2 
2 
2 
4 
1 41961135  
1 865276073  
1 2011043133  
3 
4 
4 
2 
3 
3 
5 
6 
1 2095813547  
5 
6 
5 
4 
6 
4 
1 1405751748  
1 1936131203  
1 885627521  
5 
3 
1 2098907306  
5 
4 
3 
3 
2 
1 1681351405  
1 428868022  
5 
2 
5 
2 
6 
2 
5 
2 
2 
1 2107786113  
2 
1 1353031707  
5 
3 
1 1196811868  
2 
6 
6 
3 
6 
2 
1 262055255  
1 2047008189  
6 
5 
5 
5 
6 
5 
4 
5 
6 
5 
1 176756291  
5 
2 
1 239953193  
5 
6 
2 
6 
6 
6 
2 
3 
5 
4 
2 
3 
3 
6 
6 
6 
5 
4 
3 
6 
3 
3 
5 
1 944950123  
6 
1 895820292  
3 
4 
4 
6 
1 57966805  
4 
4 
4 
3 
4 
5 
3 
5 
4 
2 
5 
4 
1 370853223  
3 
6 
4 
1 1842902922  
1 1615561089  
5 
6 
5 
2 
3 
3 
5 
5 
1 851630624  
1 1234728137  
2 
2 
6 
2 
4 
6 
6 
4 
2 
3 
2 
1 233122643  
2 
4 
5 
1 2117942957  
1 1528996535  
5 
2 
1 1161114647  
6 
6 
4 
2 
4 
4 
1 357287847  
2 
4 
4 
6 
3 
5 
2 
1 1938295101  
5 
4 
1 1203075782  
3 
1 1222563920  
3 
6 
5 
1 1801854587  
5 
5 
4 
2 
3 
5 
3 
2 
6 
5 
5 
6 
4 
3 
2 
3 
1 1151405682  
4 
2 
3 
2 
1 480832020  
1 1590502142  
2 
1 2037033203  
3 
6 
1 432255678  
3 
2 
2 
2 
5 
4 
3 
3 
4 
6 
2 
3 
4 
5 
1 1124369899  
5 
2 
6 
1 318417577  
2 
5 
1 392558144  
6 
1 329917958  
5 
1 1515229446  
3 
1 654613399  
1 229442499  
1 1691985737  
6 
2 
6 
6 
2 
4 
2 
5 
5 
1 894566592  
1 1174392622  
4 
6 
4 
1 440322382  
1 952533397  
6 
2 
5 
2 
6 
3 
5 
1 1545245845  
4 
2 
2 
6 
4 
1 135741656  
5 
3 
3 
5 
2 
5 
4 
1 420610838  
1 249392821  
2 
6 
2 
2 
5 
3 
6 
6 
1 1370469793  
4 
3 
2 
3 
4 
1 653733482  
3 
6 
6 
2 
5 
1 219852131  
6 
6 
4 
4 
5 
3 
6 
5 
2 
3 
4 
2 
3 
4 
4 
6 
6 
3 
5 
4 
2 
2 
4 
2 
2 
5 
6 
6 
3 
4 
3 
6 
6 
2 
3 
1 751982680  
2 
1 1814848129  
6 
3 
5 
1 577139978  
4 
6 
1 542794133  
5 
3 
1 870440264  
2 
6 
1 1799703898  
2 
1 197165072  
1 2021845946  
3 
6 
2 
5 
5 
6 
6 
2 
1 133052271  
3 
1 1787667214  
5 
6 
6 
2 
1 1911395501  
5 
3 
6 
4 
4 
5 
1 565307949  
1 764553465  
3 
2 
3 
2 
4 
6 
5 
4 
5 
5 
2 
1 82329430  
4 
3 
3 
6 
4 
6 
1 957866093  
1 1094471423  
2 
4 
4 
1 1597558876  
2 
3 
4 
4 
3 
2 
2 
1 1612479492  
4 
6 
5 
2 
5 
4 
4 
1 1323913922  
3 
6 
1 1142060966  
4 
5 
5 
3 
6 
2 
4 
4 
1 359562436  
3 
1 350822897  
4 
4 
6 
3 
1 1582383348  
4 
2 
5 
3 
2 
4 
2 
2 
6 
1 1312095833  
2 
4 
3 
1 1896068742  
1 1718125004  
4 
3 
2 
6 
6 
5 
2 
2 
1 1732706672  
2 
2 
4 
5 
4 
1 2145461564  
3 
2 
5 
4 
4 
5 
3 
6 
6 
5 
3 
2 
5 
4 
1 941111149  
1 238956506  
3 
2 
3 
4 
3 
2 
4 
1 217830047  
4 
2 
3 
3 
6 
1 1693093829  
4 
6 
2 
6 
4 
2 
6 
1 2053804635  
1 794970025  
4 
2 
4 
4 
4 
5 
6 
3 
2 
1 88404314  
5 
4 
4 
3 
2 
4 
5 
5 
4 
6 
1 776761251  
1 447190275  
4 
3 
5 
6 
1 285569387  
2 
1 651123549  
4 
5 
2 
2 
4 
6 
3 
6 
3 
6 
3 
2 
2 
6 
4 
3 
2 
6 
5 
3 
3 
4 
4 
2 
3 
2 
2 
3 
5 
6 
3 
6 
4 
6 
1 580242546  
2 
4 
5 
6 
4 
5 
2 
3 
1 2073236601  
1 415035402  
3 
5 
5 
4 
6 
3 
1 1145550496  
2 
6 
3 
2 
2 
2 
6 
2 
2 
1 690306419  
1 497364833  
5 
5 
3 
3 
5 
6 
4 
6 
6 
2 
2 
3 
5 
2 
6 
2 
2 
2 
5 
2 
3 
3 
2 
1 2103416589  
4 
6 
5 
4 
1 1784777842  
5 
6 
2 
1 2094923709  
5 
5 
2 
5 
1 1568412434  
5 
5 
3 
5 
5 
5 
2 
3 
1 961208117  
2 
5 
5 
6 
4 
6 
6 
6 
5 
4 
2 
2 
5 
6 
4 
3 
1 1089501027  
4 
2 
2 
6 
5 
4 
3 
3 
1 1927974870  
3 
5 
3 
3 
5 
2 
6 
4 
4 
3 
2 
4 
5 
1 1312031014  
4 
2 
5 
1 524400727  
1 1092587056  
6 
3 
4 
3 
1 1060616108  
2 
2 
4 
6 
2 
3 
6 
3 
3 
4 
6 
6 
6 
5 
1 95042083  
4 
2 
5 
4 
6 
3 
2 
3 
3 
5 
2 
3 
3 
1 677810080  
4 
1 1058594024  
1 1036153232  
2 
6 
1 916766586  
6 
2 
3 
5 
5 
3 
3 
1 1276424071  
5 
3 
4 
1 581763413  
3 
6 
5 
2 
4 
3 
1 823087573  
1 2071394096  
2 
6 
6 
1 670167728  
2 
4 
3 
2 
5 
1 1599848825  
2 
3 
1 371100724  
1 955737115  
1 103488726  
6 
5 
6 
6 
4 
6 
5 
5 
4 
5 
4 
5 
6 
5 
1 951343270  
3 
6 
3 
6 
3 
5 
2 
5 
4 
2 
4 
2 
2 
6 
2 
2 
1 881490068  
4 
3 
5 
2 
5 
1 518524129  
4 
2 
6 
4 
2 
5 
3 
5 
4 
2 
4 
4 
3 
5 
5 
4 
2 
2 
4 
6 
4 
4 
4 
5 
4 
5 
2 
4 
1 2096893766  
2 
1 1571796487  
5 
3 
2 
3 
2 
2 
5 
5 
6 
5 
3 
2 
5 
4 
4 
4 
2 
4 
6 
4 
6 
6 
6 
1 1015888962  
5 
1 2052826708  
3 
2 
5 
3 
2 
2 
1 1209090682  
2 
1 963329023  
3 
4 
3 
2 
5 
3 
3 
3 
2 
6 
4 
5 
3 
2 
4 
2 
2 
6 
4 
3 
6 
6 
4 
5 
4 
1 1473755494  
3 
4 
2 
5 
2 
6 
4 
2 
1 22815151  
5 
2 
4 
1 2052830051  
4 
5 
3 
4 
1 1254246716  
6 
2 
1 1334846165  
4 
6 
4 
2 
3 
4 
2 
1 429747130  
2 
1 199350124  
5 
2 
5 
4 
6 
3 
1 247978625  
5 
6 
3 
3 
3 
6 
5 
6 
5 
4 
3 
5 
1 524789214  
1 877160204  
3 
2 
6 
3 
4 
3 
3 
3 
1 1306572650  
4 
2 
3 
5 
3 
5 
1 1560942446  
4 
4 
3 
4 
3 
5 
4 
2 
3 
6 
5 
6 
2 
2 
4 
6 
5 
3 
3 
5 
4 
5 
4 
2 
1 1793926790  
2 
2 
2 
5 
3 
4 
1 435513073  
6 
4 
4 
4 
6 
2 
1 2142705860  
2 
6 
3 
1 469530716  
2 
4 
5 
1 359423522  
1 665389940  
3 
5 
5 
2 
1 2069379541  
5 
6 
4 
5 
2 
1 730524246  
2 
4 
3 
6 
6 
4 
6 
6 
3 
4 
2 
5 
2 
6 
1 1621127055  
3 
3 
3 
1 25384619  
5 
6 
2 
4 
1 1681867516  
3 
5 
4 
2 
2 
1 355133475  
3 
5 
3 
6 
5 
6 
3 
6 
4 
3 
1 543908748  
3 
1 1631277635  
4 
4 
6 
2 
2 
6 
3 
1 1926929963  
6 
1 1559797710  
1 1536620695  
2 
3 
3 
2 
2 
1 988536997  
5 
6 
5 
4 
5 
1 375643086  
4 
5 
5 
1 862892541  
1 1011352148  
3 
5 
4 
6 
4 
1 280989489  
5 
3 
3 
1 2117139257  
5 
2 
6 
1 198714665  
2 
1 710736619  
3 
2 
4 
5 
6 
1 169005734  
6 
6 
6 
5 
6 
3 
1 446693290  
5 
1 1235525833  
4 
2 
2 
6 
4 
5 
1 1046165938  
6 
5 
6 
3 
2 
4 
6 
5 
3 
2 
1 1753265940  
1 648984632  
5 
3 
1 692609081  
6 
4 
1 41295366  
1 644206844  
5 
6 
2 
3 
1 1162139797  
6 
6 
4 
4 
1 400718888  
6 
2 
4 
3 
5 
6 
4 
5 
2 
5 
2 
4 
5 
3 
1 1309596784  
6 
5 
4 
2 
2 
6 
1 1084035690  
3 
6 
2 
4 
6 
2 
6 
3 
4 
4 
2 
2 
2 
1 1131243134  
6 
2 
3 
6 
2 
4 
4 
2 
2 
5 
3 
5 
4 
2 
6 
1 783240191  
2 
2 
4 
6 
4 
4 
6 
3 
6 
6 
4 
6 
5 
2 
5 
1 1109420309  
6 
1 665627002  
6 
6 
4 
6 
4 
6 
5 
5 
1 1138373666  
4 
3 
1 1653329058  
4 
1 149420989  
1 917819981  
4 
5 
1 1065643120  
1 1686041684  
3 
4 
1 1906356978  
4 
3 
3 
6 
6 
2 
5 
3 
2 
2 
3 
2 
1 1441286206  
4 
4 
5 
2 
3 
5 
3 
3 
3 
3 
6 
3 
3 
2 
2 
2 
2 
6 
3 
1 401450577  
1 770225478  
2 
2 
2 
5 
2 
3 
4 
3 
3 
5 
6 
4 
3 
5 
4 
2 
3 
1 1722275695  
6 
4 
6 
4 
2 
6 
2 
5 
4 
5 
4 
5 
6 
1 371106187  
4 
5 
5 
4 
5 
4 
3 
3 
4 
2 
5 
1 968940143  
5 
1 285528667  
6 
2 
2 
4 
4 
5 
3 
6 
6 
3 
6 
4 
6 
4 
5 
3 
2 
2 
5 
6 
5 
3 
3 
2 
2 
4 
6 
1 540111921  
5 
1 1415633434  
1 1521054500  
1 1586277859  
2 
1 1021415726  
5 
3 
1 22555484  
5 
1 131403292  
2 
2 
2 
2 
4 
6 
2 
3 
1 1062711092  
1 666762328  
3 
1 1293543089  
4 
3 
6 
6 
1 1463429980  
6 
4 
2 
5 
2 
4 
2 
4 
1 1976359112  
3 
5 
6 
4 
6 
5 
1 230095131  
2 
5 
4 
1 447189466  
2 
5 
5 
1 612115655  
5 
2 
3 
6 
1 1339515441  
4 
1 1112816469  
5 
3 
2 
3 
2 
3 
2 
6 
2 
1 1750489322  
1 845360851  
5 
1 1262237458  
1 520825655  
4 
1 1911003971  
3 
6 
5 
1 800795495  
6 
5 
4 
4 
4 
4 
6 
3 
4 
2 
1 279698986  
2 
1 1204806530  
2 
1 1202246072  
4 
5 
6 
5 
3 
1 1049924464  
6 
5 
2 
2 
4 
4 
4 
4 
5 
2 
2 
5 
3 
5 
5 
3 
1 779598577  
1 1573352259  
5 
6 
6 
3 
2 
2 
3 
6 
2 
4 
3 
1 2018864608  
4 
5 
6 
5 
3 
5 
6 
6 
3 
4 
5 
3 
5 
3 
3 
2 
1 1065127244  
4 
1 2113464180  
4 
3 
3 
4 
1 1287014394  
2 
3 
4 
1 438698097  
5 
2 
6 
4 
1 1552258392  
3 
3 
4 
1 160946472  
6 
5 
6 
4 
2 
5 
6 
4 
5 
6 
5 
2 
5 
2 
6 
1 461253581  
3 
4 
1 1683661684  
4 
3 
4 
4 
3 
2 
6 
5 
2 
2 
2 
3 
3 
4 
2 
5 
3 
2 
3 
1 1223657565  
5 
2 
3 
5 
1 1128015910  
1 829721126  
2 
4 
5 
4 
6 
2 
3 
4 
1 539603897  
1 956891374  
2 
1 1059816257  
4 
4 
1 986793364  
3 
3 
3 
5 
1 1569007030  
3 
1 251848050  
3 
6 
6 
1 2099609833  
6 
3 
6 
1 1172012704  
3 
1 1097208901  
2 
5 
6 
5 
2 
5 
4 
4 
2 
1 1214363643  
4 
1 1692838359  
4 
2 
3 
4 
3 
6 
4 
3 
3 
4 
3 
1 860729225  
3 
1 2015159138  
1 1972537345  
3 
3 
2 
3 
1 2065535755  
5 
4 
5 
4 
4 
1 1069921563  
1 874978162  
2 
6 
3 
5 
3 
2 
5 
2 
1 697650684  
4 
2 
3 
5 
2 
6 
2 
4 
6 
1 495790174  
5 
3 
1 746359122  
5 
3 
1 1762777929  
6 
6 
4 
1 461770707  
2 
6 
2 
3 
3 
5 
4 
4 
3 
4 
2 
3 
2 
5 
4 
2 
2 
3 
5 
3 
4 
4 
3 
6 
2 
4 
6 
4 
6 
2 
4 
6 
6 
5 
1 2033373516  
3 
2 
2 
3 
1 53992378  
5 
4 
3 
3 
4 
5 
5 
5 
3 
4 
5 
3 
3 
2 
4 
6 
2 
5 
6 
1 2014029099  
4 
1 46836340  
1 515245959  
3 
5 
4 
1 1550207135  
1 1270493905  
3 
5 
1 1643261869  
6 
6 
6 
5 
2 
3 
5 
3 
4 
1 232444613  
6 
3 
6 
1 1810097803  
5 
6 
1 452669596  
3 
1 1292260871  
5 
4 
4 
2 
6 
1 649407519  
5 
5 
6 
2 
3 
4 
1 2021676626  
6 
5 
1 1544108921  
2 
6 
2 
2 
3 
3 
4 
6 
2 
4 
6 
2 
3 
1 601533704  
6 
4 
1 1046205682  
2 
6 
4 
1 493834175  
6 
5 
6 
1 1815897347  
3 
6 
3 
3 
2 
2 
5 
3 
5 
3 
6 
3 
6 
5 
4 
1 591560393  
1 1354563400  
2 
3 
1 1683572838  
6 
5 
4 
5 
2 
3 
5 
3 
6 
3 
4 
6 
3 
5 
6 
4 
3 
4 
5 
2 
2 
4 
5 
2 
1 416614091  
5 
5 
4 
1 1272615507  
2 
3 
4 
4 
2 
3 
3 
2 
6 
1 606010753  
6 
6 
5 
5 
6 
6 
5 
3 
1 1291592253  
1 1970266191  
4 
5 
6 
4 
6 
5 
3 
6 
2 
5 
2 
1 1101800927  
5 
3 
3 
3 
2 
2 
6 
3 
4 
6 
1 2037951375  
6 
1 1585560472  
4 
6 
6 
5 
2 
3 
1 1563571634  
3 
6 
6 
6 
3 
1 1923841243  
2 
3 
1 1639552850  
5 
3 
4 
6 
5 
1 1430117085  
2 
1 1970677583  
4 
5 
5 
3 
1 7315162  
3 
1 832840573  
6 
2 
4 
3 
1 1093687841  
6 
6 
3 
1 1650577031  
6 
1 1065285186  
4 
1 756301996  
1 2103246627  
3 
5 
4 
4 
2 
6 
1 210062409  
1 1405709515  
3 
2 
2 
5 
1 1977439605  
5 
6 
2 
2 
2 
4 
2 
5 
3 
5 
2 
4 
3 
1 1754171331  
6 
4 
5 
5 
1 2007243219  
3 
4 
6 
6 
4 
4 
1 876161639  
5 
1 100521858  
3 
6 
5 
5 
2 
2 
3 
2 
5 
6 
1 1675656918  
6 
2 
5 
5 
4 
3 
5 
6 
1 1467722033  
3 
3 
2 
5 
1 1455085258  
6 
2 
5 
4 
4 
5 
2 
6 
4 
4 
4 
1 1211746108  
4 
4 
3 
6 
5 
3 
6 
3 
1 1884336124  
4 
4 
2 
5 
4 
5 
6 
5 
1 580217117  
1 1817756861  
4 
4 
1 1028444729  
6 
4 
6 
2 
2 
3 
5 
4 
4 
3 
2 
6 
5 
2 
2 
4 
2 
3 
4 
6 
5 
3 
3 
2 
5 
1 402999660  
4 
1 772074141  
4 
1 918912456  
5 
1 1988560133  
4 
1 188162127  
1 695270051  
6 
6 
1 1480629335  
1 1618279213  
1 518463986  
3 
5 
1 1487944497  
1 303636138  
2 
5 
2 
3 
4 
6 
6 
4 
4 
6 
2 
5 
2 
2 
1 1612151827  
4 
3 
5 
4 
5 
2 
6 
1 991037881  
3 
2 
1 1368921324  
1 220970175  
5 
4 
4 
1 946800860  
2 
4 
6 
4 
6 
5 
6 
3 
2 
3 
1 1578983734  
3 
1 1626679690  
2 
5 
2 
1 776756818  
6 
3 
5 
4 
2 
6 
1 1185671417  
6 
6 
2 
5 
6 
4 
3 
6 
5 
2 
2 
1 1486439261  
1 1652918457  
4 
6 
2 
5 
5 
3 
6 
2 
1 1286193275  
6 
3 
3 
2 
5 
1 1014612532  
4 
4 
3 
5 
6 
5 
3 
1 973156842  
5 
4 
6 
5 
3 
3 
5 
2 
1 593794885  
5 
4 
2 
6 
1 78874992  
4 
6 
3 
6 
4 
2 
4 
5 
3 
6 
2 
2 
1 710009318  
3 
5 
1 1174012002  
4 
3 
6 
5 
3 
6 
5 
5 
4 
3 
6 
5 
3 
5 
2 
2 
6 
4 
4 
3 
1 1896631854  
1 1738454047  
6 
6 
3 
6 
1 1577011662  
1 521222347  
6 
4 
4 
2 
1 509882855  
1 1418088147  
3 
4 
5 
5 
2 
1 709384474  
6 
6 
3 
3 
1 1205152906  
5 
5 
4 
3 
4 
3 
4 
4 
2 
2 
4 
5 
3 
4 
5 
5 
4 
6 
2 
2 
1 751233835  
6 
6 
6 
6 
1 180180039  
1 1723616893  
5 
6 
4 
1 91694684  
4 
4 
6 
1 483816177  
3 
1 1188285072  
1 1082732565  
2 
6 
5 
1 1852737502  
6 
3 
5 
6 
1 1409255248  
1 2029533426  
4 
4 
6 
1 1284237588  
6 
6 
4 
3 
3 
4 
1 888451290  
3 
5 
3 
4 
4 
5 
5 
5 
1 658806596  
5 
6 
4 
4 
5 
2 
5 
5 
6 
3 
4 
4 
5 
4 
1 322425357  
1 227406904  
1 164241405  
6 
2 
2 
2 
6 
1 1608618632  
6 
2 
6 
5 
2 
4 
4 
5 
5 
4 
3 
5 
4 
1 1242019436  
3 
4 
4 
3 
3 
5 
1 1137398248  
5 
6 
4 
1 54929869  
2 
2 
4 
2 
4 
2 
5 
2 
1 1320894428  
2 
5 
2 
3 
1 1847407566  
2 
5 
4 
6 
2 
6 
4 
1 1228941871  
1 1070042634  
4 
3 
4 
6 
2 
2 
4 
3 
4 
5 
3 
3 
5 
5 
5 
4 
5 
2 
3 
2 
2 
2 
5 
2 
1 1438377966  
1 658469885  
1 1591264981  
5 
6 
5 
3 
5 
5 
3 
5 
6 
1 1948260821  
3 
3 
5 
5 
6 
1 2076558033  
4 
5 
3 
2 
6 
5 
1 153165808  
5 
4 
2 
1 1005930080  
2 
5 
5 
2 
4 
4 
4 
4 
1 680308220  
2 
6 
4 
6 
6 
6 
3 
3 
2 
6 
5 
2 
5 
6 
6 
3 
3 
1 333345847  
4 
1 582063325  
1 772002904  
6 
1 817162025  
4 
6 
1 1770348397  
3 
5 
5 
4 
2 
3 
3 
4 
6 
5 
1 1854735470  
6 
2 
3 
5 
3 
6 
1 522415879  
5 
6 
5 
2 
2 
4 
2 
1 1032119997  
5 
6 
4 
6 
4 
4 
4 
2 
4 
3 
2 
2 
5 
6 
1 1736785248  
2 
1 1806653467  
4 
4 
5 
6 
6 
3 
4 
5 
1 1920571288  
1 248108196  
6 
3 
1 2129078824  
2 
3 
3 
2 
5 
6 
4 
3 
4 
2 
4 
6 
4 
2 
2 
6 
4 
6 
6 
1 494544  
6 
4 
3 
6 
6 
4 
3 
6 
6 
5 
2 
5 
6 
5 
2 
1 412349601  
3 
3 
4 
3 
6 
4 
5 
2 
2 
6 
4 
5 
6 
6 
1 1590213808  
5 
1 1242513980  
6 
5 
5 
6 
3 
3 
1 1549747849  
4 
6 
5 
6 
3 
6 
2 
5 
1 1645143677  
1 415924760  
2 
4 
2 
5 
6 
5 
5 
5 
2 
1 1249671768  
6 
1 726601900  
5 
1 1485967395  
4 
3 
2 
2 
5 
4 
5 
4 
4 
4 
6 
1 540566086  
3 
4 
6 
2 
5 
3 
3 
4 
4 
3 
5 
3 
2 
1 1385071785  
3 
1 929748728  
4 
6 
2 
6 
1 341343259  
4 
1 1314146170  
6 
2 
2 
2 
6 
1 1082914536  
4 
3 
1 1347273339  
5 
2 
5 
1 1994454390  
4 
4 
1 1416260384  
5 
1 1929336664  
4 
1 618973647  
3 
6 
4 
3 
2 
2 
5 
6 
2 
3 
4 
3 
2 
4 
1 85938761  
1 1552201414  
2 
1 326225469  
4 
2 
6 
2 
1 608354640  
1 436837763  
6 
6 
6 
5 
3 
1 2063010717  
6 
3 
3 
5 
6 
4 
2 
3 
1 267524459  
1 209925403  
6 
1 163635265  
6 
5 
3 
4 
2 
4 
6 
4 
1 249119635  
2 
3 
2 
2 
3 
3 
2 
6 
1 210419947  
2 
5 
5 
3 
2 
5 
1 575984866  
1 1839333443  
3 
4 
6 
2 
5 
2 
4 
3 
4 
6 
2 
3 
2 
6 
4 
5 
4 
1 1452933927  
5 
6 
2 
4 
6 
5 
1 2125732716  
5 
3 
5 
3 
3 
1 1336993472  
6 
6 
4 
1 1868858688  
6 
5 
5 
4 
1 1227920836  
5 
1 2063595372  
3 
3 
5 
4 
1 1207342435  
6 
5 
5 
2 
6 
1 1768486922  
5 
3 
2 
3 
2 
1 1301183509  
1 2137091163  
4 
5 
4 
3 
5 
3 
2 
3 
3 
5 
5 
1 2109830181  
3 
2 
1 467846032  
3 
1 1072522052  
2 
5 
4 
5 
5 
5 
2 
2 
5 
4 
3 
4 
1 1309619873  
1 314816774  
4 
5 
4 
2 
1 341298788  
6 
1 1091472889  
4 
1 933790421  
6 
2 
2 
6 
5 
1 427237549  
2 
3 
4 
5 
5 
2 
4 
1 496190655  
2 
5 
2 
5 
2 
6 
2 
6 
4 
5 
3 
3 
3 
1 1260015890  
6 
6 
1 1035592189  
4 
3 
1 933028419  
4 
4 
6 
3 
2 
4 
5 
4 
1 1175542959  
1 1303116648  
2 
5 
1 1142953822  
5 
6 
6 
1 1339178224  
1 1552236283  
1 1353373770  
5 
1 1915163091  
1 1244086078  
1 658824049  
5 
4 
3 
2 
2 
4 
5 
3 
6 
4 
4 
5 
5 
2 
6 
3 
5 
6 
5 
5 
2 
4 
3 
1 1893412159  
3 
6 
1 433595902  
4 
1 380199089  
1 973849347  
2 
2 
5 
2 
3 
1 349707626  
6 
2 
2 
2 
5 
2 
1 1587541524  
3 
2 
6 
3 
1 594852621  
6 
1 1650891135  
2 
1 1577149040  
4 
6 
6 
2 
5 
5 
4 
1 557199154  
5 
2 
1 2118737167  
2 
3 
3 
4 
1 502187444  
5 
6 
2 
1 1866819027  
4 
6 
1 286070294  
6 
4 
6 
5 
4 
4 
5 
4 
4 
6 
4 
1 843486232  
5 
4 
6 
3 
5 
5 
4 
1 810808269  
1 1219860715  
3 
5 
5 
1 1270723781  
1 1306998924  
3 
5 
1 332392958  
1 158832322  
6 
3 
5 
5 
1 92543695  
1 1507935917  
6 
2 
1 1461948970  
2 
3 
2 
3 
5 
1 1235497518  
2 
5 
6 
1 699630494  
1 866701605  
6 
1 441387640  
4 
5 
1 467309937  
4 
5 
2 
4 
2 
3 
1 2110787683  
5 
1 1100211689  
3 
3 
6 
6 
3 
5 
3 
5 
6 
3 
2 
6 
5 
4 
4 
4 
5 
5 
2 
4 
5 
1 213238448  
5 
1 396899937  
3 
6 
1 1480410779  
1 1187087795  
2 
4 
5 
1 746607563  
1 920468655  
3 
6 
4 
3 
4 
6 
1 1781940416  
1 250015050  
4 
2 
4 
2 
2 
4 
6 
2 
1 350134047  
1 191655922  
1 221268570  
2 
3 
6 
5 
1 852321491  
2 
5 
3 
1 2058474950  
5 
4 
1 507338864  
4 
4 
3 
5 
6 
4 
2 
1 1695807723  
6 
4 
1 721799571  
2 
6 
2 
6 
1 1727199579  
1 819047856  
2 
2 
6 
2 
5 
1 2028798495  
5 
2 
2 
2 
6 
2 
6 
3 
4 
4 
2 
1 2059592537  
6 
2 
1 977880178  
4 
3 
5 
4 
3 
1 2121342191  
6 
1 1420044807  
2 
6 
2 
2 
2 
4 
6 
5 
6 
4 
5 
2 
4 
6 
5 
1 292345500  
6 
1 1209356061  
6 
2 
2 
5 
1 2119675301  
5 
6 
4 
3 
4 
3 
2 
4 
2 
1 1159047105  
5 
2 
3 
2 
6 
5 
6 
6 
5 
1 1650743701  
5 
5 
4 
4 
4 
2 
2 
1 439501590  
4 
4 
6 
4 
4 
3 
1 1122351140  
1 603471742  
3 
6 
3 
4 
1 652740038  
4 
2 
2 
2 
1 1519251077  
1 2083882521  
3 
3 
3 
4 
3 
4 
3 
5 
4 
6 
6 
2 
3 
5 
2 
6 
4 
2 
3 
1 1839827833  
3 
4 
2 
1 118374992  
6 
5 
6 
1 856867529  
5 
3 
4 
2 
5 
3 
4 
4 
5 
5 
6 
3 
6 
5 
4 
6 
6 
1 1474284601  
6 
2 
5 
3 
3 
5 
6 
2 
3 
6 
4 
5 
2 
1 368390043  
5 
5 
1 1207001576  
3 
5 
6 
1 1665940523  
3 
5 
2 
5 
3 
2 
6 
5 
4 
4 
1 589658613  
2 
1 2059323068  
5 
1 1576931825  
1 1096997477  
6 
2 
1 1607647143  
1 151247748  
6 
3 
5 
5 
4 
4 
2 
5 
5 
4 
3 
3 
4 
5 
1 676713408  
2 
2 
2 
3 
2 
5 
4 
2 
3 
4 
6 
2 
5 
4 
5 
2 
6 
1 279211352  
3 
5 
4 
6 
2 
3 
2 
4 
2 
2 
4 
6 
3 
1 32562596  
6 
5 
2 
2 
1 588822298  
6 
6 
2 
6 
6 
1 1257091530  
4 
2 
4 
4 
5 
1 6421139  
2 
5 
3 
1 2008867105  
6 
1 1549437031  
2 
1 1215777200  
5 
4 
5 
2 
4 
2 
5 
2 
6 
5 
6 
1 1981058758  
1 561000488  
6 
3 
5 
5 
6 
6 
5 
6 
2 
6 
3 
5 
4 
4 
4 
2 
4 
1 719037253  
5 
4 
6 
6 
5 
4 
1 273076700  
1 1683351629  
6 
2 
5 
1 1322508995  
4 
3 
3 
4 
6 
5 
1 925816738  
5 
4 
2 
4 
4 
6 
2 
2 
5 
3 
3 
6 
6 
4 
2 
3 
4 
3 
2 
3 
5 
3 
5 
3 
1 1055119058  
2 
1 1258907869  
2 
2 
2 
6 
5 
1 618160923  
6 
3 
2 
5 
3 
5 
2 
3 
5 
6 
6 
3 
3 
6 
6 
5 
2 
2 
6 
5 
4 
2 
5 
6 
2 
2 
2 
1 1173494051  
3 
4 
6 
3 
2 
2 
1 2115775398  
1 2092445524  
1 1541884094  
4 
3 
6 
4 
1 1175293326  
4 
4 
5 
3 
2 
6 
2 
1 1610902399  
6 
6 
3 
3 
2 
2 
1 2131542707  
3 
6 
3 
4 
3 
4 
3 
4 
1 1087132746  
5 
4 
4 
5 
1 1040350577  
6 
2 
5 
2 
2 
5 
1 1081056536  
6 
6 
3 
6 
3 
4 
6 
2 
4 
5 
5 
3 
2 
6 
6 
6 
5 
2 
5 
3 
3 
2 
3 
2 
4 
1 547296242  
6 
2 
2 
3 
1 1191598325  
2 
2 
4 
5 
5 
6 
5 
2 
4 
6 
1 1757769944  
5 
5 
2 
1 826507594  
1 1224160921  
6 
1 199108594  
6 
2 
5 
5 
4 
5 
6 
5 
3 
4 
6 
4 
1 2083599124  
1 1230582060  
5 
6 
5 
1 60492051  
6 
6 
4 
4 
2 
5 
2 
5 
4 
3 
2 
3 
4 
6 
1 1485552507  
6 
6 
6 
1 298875612  
2 
2 
3 
4 
5 
2 
1 2041550809  
5 
6 
6 
5 
1 2046552996  
6 
4 
3 
6 
5 
4 
2 
3 
1 1017912865  
4 
3 
6 
1 167143861  
6 
6 
2 
5 
5 
5 
6 
5 
6 
2 
5 
2 
4 
3 
6 
3 
5 
4 
1 1582420977  
2 
1 192938213  
2 
6 
1 1092960599  
1 490056387  
4 
6 
3 
5 
6 
2 
4 
5 
6 
3 
4 
5 
3 
2 
2 
2 
1 1451846082  
4 
2 
4 
3 
5 
3 
1 1711121522  
3 
4 
5 
1 1663550438  
1 1420137832  
3 
5 
1 1656083398  
4 
6 
6 
1 1057950884  
2 
4 
4 
1 447947510  
1 1119502150  
3 
5 
1 1042009943  
6 
5 
2 
2 
6 
5 
4 
2 
2 
4 
4 
1 1535080257  
5 
4 
1 12369079  
6 
1 2123066479  
4 
2 
5 
4 
2 
6 
6 
4 
4 
5 
2 
2 
3 
5 
2 
3 
5 
5 
6 
2 
5 
3 
3 
3 
6 
2 
2 
3 
1 2082376499  
3 
1 1203967404  
2 
6 
3 
6 
3 
4 
2 
1 1733352776  
6 
5 
3 
3 
1 761400445  
3 
3 
2 
1 280644678  
6 
4 
6 
3 
6 
1 1932461370  
2 
4 
1 697515921  
3 
5 
5 
4 
6 
4 
2 
1 1511226738  
4 
6 
6 
2 
6 
1 1992953422  
3 
6 
5 
1 35584781  
5 
3 
6 
4 
1 1810102351  
3 
1 1887020583  
5 
4 
3 
5 
3 
3 
4 
4 
2 
2 
5 
5 
6 
2 
6 
3 
5 
6 
1 2082137777  
1 680531568  
4 
6 
4 
6 
5 
3 
4 
5 
1 2054164445  
3 
3 
1 1517075106  
3 
1 873469781  
3 
4 
5 
6 
4 
3 
2 
6 
6 
2 
2 
3 
1 999641396  
5 
5 
6 
2 
5 
4 
4 
1 2007131493  
3 
2 
5 
5 
6 
6 
5 
5 
2 
3 
6 
2 
6 
6 
2 
2 
1 177832215  
5 
3 
6 
5 
2 
6 
4 
2 
4 
4 
4 
3 
2 
1 563279271  
4 
5 
3 
1 1523198284  
2 
3 
2 
1 1597970047  
6 
6 
4 
1 71879021  
5 
3 
1 433665520  
4 
3 
5 
3 
2 
5 
3 
3 
5 
3 
3 
2 
6 
4 
3 
6 
4 
2 
4 
5 
4 
1 2045917558  
3 
6 
1 1191381171  
6 
1 1475675464  
5 
5 
3 
4 
1 1433514167  
5 
3 
3 
2 
6 
3 
3 
5 
1 1203750250  
3 
6 
6 
5 
1 1451258295  
5 
6 
5 
4 
1 1368407018  
3 
2 
1 260234007  
3 
2 
1 1037127423  
3 
5 
3 
2 
1 2129807463  
2 
5 
4 
2 
3 
1 540878685  
6 
6 
2 
6 
2 
5 
2 
4 
2 
3 
4 
1 822105146  
4 
6 
1 679839736  
4 
4 
4 
1 2052105423  
5 
1 667574920  
4 
1 715424517  
6 
1 1714724126  
6 
2 
1 407111855  
1 650078646  
3 
1 247772047  
2 
2 
4 
2 
3 
5 
3 
5 
2 
6 
4 
3 
1 313792652  
3 
5 
2 
1 19670104  
3 
6 
1 1121241828  
1 1313434049  
6 
2 
3 
6 
2 
1 2026801598  
5 
1 1299074044  
3 
5 
1 1876713320  
4 
5 
1 1402516234  
5 
3 
5 
4 
2 
3 
3 
2 
5 
5 
1 749560443  
1 1948592341  
4 
1 1836181754  
6 
2 
3 
1 647994353  
3 
6 
1 992489865  
6 
5 
6 
5 
6 
1 1164373570  
1 2081508520  
5 
1 48756467  
3 
1 468148218  
5 
4 
6 
6 
6 
3 
6 
4 
2 
5 
1 1302431890  
5 
1 308990474  
3 
1 1505275641  
2 
2 
1 1284755705  
3 
2 
4 
2 
4 
6 
5 
3 
1 849869159  
6 
4 
2 
3 
2 
1 179897139  
6 
2 
3 
3 
2 
5 
1 1964595442  
3 
5 
1 754490935  
3 
5 
1 847472059  
2 
5 
1 532536311  
3 
2 
5 
4 
4 
6 
5 
6 
6 
5 
1 321731413  
2 
3 
5 
1 1254583915  
2 
1 1182614958  
1 569503460  
4 
4 
2 
2 
5 
5 
3 
3 
3 
1 1568376567  
3 
1 1202285062  
6 
2 
5 
2 
2 
3 
4 
3 
3 
4 
2 
4 
4 
6 
1 1690745289  
4 
4 
5 
2 
4 
3 
5 
6 
4 
2 
4 
3 
2 
3 
5 
6 
5 
1 734326968  
3 
4 
5 
3 
2 
2 
1 1081603012  
1 842335685  
3 
3 
3 
5 
3 
4 
3 
3 
4 
5 
6 
3 
5 
2 
3 
4 
2 
5 
2 
5 
6 
6 
4 
1 463556640  
5 
1 336635598  
5 
3 
3 
1 1591896128  
4 
1 264665334  
4 
3 
3 
3 
2 
2 
1 25333705  
4 
1 92406834  
4 
6 
6 
1 1257155199  
4 
3 
2 
5 
6 
5 
1 1189707275  
4 
5 
6 
4 
3 
4 
6 
3 
4 
6 
5 
1 26431706  
4 
4 
2 
6 
3 
3 
2 
5 
1 1305911666  
4 
2 
4 
5 
5 
5 
2 
4 
1 1657855493  
4 
3 
5 
2 
5 
1 1328863597  
2 
4 
3 
4 
2 
1 1614902141  
3 
5 
4 
2 
1 1015647487  
2 
1 466135654  
2 
6 
4 
2 
1 317287652  
3 
4 
3 
5 
4 
1 1195544626  
1 283247448  
1 1071778587  
5 
1 2043016686  
3 
5 
5 
6 
5 
5 
3 
2 
1 815783760  
6 
6 
6 
4 
6 
6 
2 
1 1393510001  
3 
3 
5 
1 1150116953  
4 
2 
5 
6 
6 
2 
2 
4 
3 
4 
3 
2 
2 
6 
1 1998398718  
6 
2 
4 
5 
2 
1 1963013461  
2 
3 
1 571009872  
6 
2 
1 1053200132  
6 
4 
2 
3 
1 1506275102  
2 
2 
4 
5 
2 
2 
6 
6 
6 
5 
1 1305336841  
6 
1 2134803145  
3 
5 
4 
2 
6 
3 
2 
6 
1 201127139  
6 
1 1768893481  
6 
5 
5 
5 
5 
5 
4 
5 
6 
1 323955095  
6 
5 
6 
3 
4 
3 
2 
5 
3 
3 
1 1793023268  
6 
1 2033558815  
6 
2 
4 
3 
5 
3 
3 
4 
4 
2 
5 
2 
1 349288800  
3 
4 
4 
3 
4 
3 
6 
6 
5 
5 
1 1885430102  
1 1143230366  
1 1538996076  
2 
2 
4 
3 
2 
1 1911861808  
4 
4 
4 
6 
3 
2 
2 
5 
6 
3 
5 
1 301658385  
4 
5 
6 
2 
2 
1 1049367921  
1 1093241757  
6 
2 
1 1916560526  
3 
6 
6 
4 
6 
1 2065015408  
2 
2 
4 
1 1559377412  
1 86364530  
1 1113076387  
6 
5 
3 
4 
2 
5 
3 
6 
1 1842624860  
3 
5 
6 
5 
2 
6 
2 
4 
5 
4 
4 
6 
3 
6 
4 
5 
1 1158143118  
4 
2 
1 1008609425  
2 
1 510924972  
4 
1 404169471  
6 
4 
4 
6 
5 
4 
2 
5 
3 
3 
5 
1 11242730  
1 361840042  
6 
3 
1 219699284  
6 
4 
4 
3 
1 582252602  
3 
6 
4 
6 
2 
2 
2 
2 
6 
4 
4 
2 
4 
4 
1 1415040175  
6 
1 1725974387  
5 
2 
2 
5 
2 
2 
3 
6 
4 
1 1887589443  
2 
1 1402359672  
3 
3 
5 
3 
2 
2 
1 1927101526  
5 
1 1508999277  
3 
2 
5 
4 
1 1726314767  
1 1572641146  
6 
4 
6 
6 
1 1395074444  
6 
4 
4 
3 
6 
6 
1 2075603568  
2 
4 
1 1310587600  
3 
5 
2 
1 390821163  
1 1467115996  
3 
3 
2 
2 
2 
3 
2 
6 
6 
1 1074965761  
6 
4 
2 
5 
2 
1 692479548  
6 
6 
6 
2 
1 369000269  
2 
1 20723870  
1 461556426  
2 
6 
5 
1 286532030  
1 1580101282  
3 
3 
1 547920956  
2 
3 
4 
5 
6 
1 1399608417  
3 
3 
1 1275242495  
6 
3 
6 
2 
1 1706064074  
2 
4 
1 260734194  
4 
5 
6 
2 
2 
2 
1 1786167467  
6 
1 2110233545  
4 
5 
3 
1 271976924  
1 523862  
6 
5 
1 182449182  
1 854229526  
4 
6 
6 
1 1415564037  
6 
1 1908423569  
3 
3 
2 
2 
1 594335322  
2 
4 
5 
4 
5 
2 
3 
4 
4 
5 
5 
5 
5 
3 
5 
2 
4 
1 670440061  
5 
3 
5 
4 
2 
6 
6 
5 
6 
3 
2 
1 1688041447  
2 
4 
4 
5 
4 
3 
3 
1 2103334599  
5 
3 
4 
5 
3 
3 
1 249271180  
3 
2 
4 
2 
6 
4 
2 
3 
4 
6 
5 
3 
4 
2 
2 
2 
1 1113198946  
1 1350925395  
5 
2 
4 
3 
2 
6 
1 177391100  
3 
5 
4 
6 
3 
5 
3 
2 
6 
3 
1 276302898  
2 
2 
6 
5 
1 1741746558  
2 
1 1644507096  
4 
2 
6 
3 
1 1351268659  
5 
3 
6 
6 
1 286742458  
6 
5 
2 
3 
3 
5 
2 
3 
3 
3 
6 
1 2013507366  
2 
3 
1 1371992530  
1 748298884  
2 
1 152555748  
3 
2 
3 
4 
2 
3 
5 
6 
3 
1 804610164  
2 
2 
3 
5 
4 
6 
1 1296219841  
1 1552164165  
3 
3 
5 
1 2079852659  
4 
3 
2 
1 854800267  
2 
2 
6 
6 
3 
2 
4 
5 
1 1812898359  
2 
5 
3 
1 1718536479  
2 
2 
5 
3 
6 
1 817550165  
3 
3 
1 2084875283  
5 
6 
4 
6 
5 
5 
5 
6 
6 
5 
4 
4 
2 
4 
4 
1 1719060341  
2 
3 
6 
3 
4 
3 
4 
4 
1 999999347  
3 
4 
5 
4 
2 
1 791621161  
4 
1 987140730  
4 
5 
5 
1 760939268  
6 
4 
6 
2 
2 
6 
2 
4 
5 
2 
1 1385956483  
6 
2 
3 
2 
5 
3 
1 1657580791  
4 
6 
4 
3 
3 
6 
4 
6 
1 301497067  
4 
3 
6 
6 
6 
5 
1 1341807434  
5 
1 1906851971  
6 
6 
3 
6 
6 
3 
4 
4 
3 
4 
4 
4 
2 
2 
4 
2 
3 
3 
2 
6 
3 
2 
1 1414696013  
3 
1 545249182  
1 2084243072  
2 
6 
2 
3 
5 
5 
2 
3 
3 
6 
2 
2 
4 
1 1690998912  
5 
1 139512092  
6 
4 
3 
5 
3 
3 
1 1581266520  
2 
4 
6 
2 
3 
1 894783923  
3 
5 
2 
5 
4 
2 
3 
3 
4 
1 426254551  
1 1447290238  
4 
5 
1 119292805  
4 
3 
1 1174553435  
1 1599845986  
6 
2 
5 
2 
6 
1 923902970  
4 
3 
5 
6 
1 323289628  
5 
6 
2 
3 
6 
6 
1 1004526503  
5 
4 
4 
6 
5 
3 
5 
4 
1 856271981  
1 1178089896  
1 669941214  
4 
3 
6 
3 
4 
1 427324812  
2 
4 
6 
2 
6 
3 
4 
6 
3 
3 
3 
1 1995640061  
1 607332849  
6 
3 
5 
3 
3 
6 
5 
5 
6 
6 
3 
5 
4 
6 
6 
1 2146385153  
5 
2 
4 
1 848155760  
5 
5 
4 
3 
4 
1 1398954011  
2 
4 
1 986042235  
1 1609095028  
1 637426846  
4 
2 
1 496139378  
3 
2 
6 
1 1910592095  
1 1979234281  
5 
4 
6 
6 
3 
6 
2 
2 
5 
2 
4 
1 255507702  
5 
6 
4 
1 1177804461  
2 
5 
5 
3 
2 
3 
2 
5 
3 
2 
5 
6 
1 376999815  
5 
3 
3 
2 
3 
3 
4 
1 192267126  
6 
3 
4 
5 
6 
2 
6 
6 
3 
1 721319725  
1 516511907  
2 
5 
2 
4 
3 
3 
3 
2 
1 1773533646  
2 
4 
5 
5 
3 
5 
3 
4 
3 
1 1616103648  
3 
6 
3 
1 942766458  
5 
4 
1 1073340237  
5 
4 
4 
5 
2 
6 
4 
1 1735396454  
5 
3 
5 
2 
4 
5 
2 
1 2117319894  
4 
1 525702575  
2 
1 511815776  
6 
4 
4 
6 
3 
6 
2 
5 
1 293125874  
6 
6 
6 
1 1530229079  
3 
2 
4 
3 
2 
2 
5 
1 1368087757  
6 
2 
4 
3 
5 
4 
4 
6 
2 
2 
1 1471215770  
5 
2 
1 52686645  
6 
2 
3 
4 
4 
4 
1 1795412570  
4 
4 
1 1319372183  
5 
6 
4 
6 
4 
2 
5 
1 660019495  
1 1794314075  
2 
4 
2 
1 20044295  
1 2058973506  
5 
2 
6 
6 
6 
3 
6 
4 
1 632872663  
4 
3 
1 1629139323  
5 
2 
1 548916704  
1 1129012041  
1 1392247771  
5 
1 380667337  
4 
6 
3 
6 
4 
6 
6 
4 
3 
2 
4 
2 
6 
5 
4 
6 
4 
1 1384519743  
2 
2 
6 
4 
4 
4 
3 
6 
2 
6 
4 
4 
2 
2 
4 
6 
3 
5 
1 422568584  
5 
4 
3 
3 
1 757667152  
1 1576786869  
6 
1 1143888309  
6 
3 
4 
6 
6 
6 
3 
3 
3 
6 
1 1274179060  
6 
5 
5 
3 
2 
1 1202836868  
5 
3 
6 
2 
3 
2 
2 
2 
5 
4 
6 
5 
1 612508309  
4 
1 69461870  
4 
3 
3 
3 
6 
2 
6 
3 
4 
4 
6 
1 128693457  
2 
4 
4 
3 
1 200421115  
2 
2 
4 
1 39298116  
4 
4 
2 
1 654396032  
2 
3 
1 712236891  
4 
5 
3 
1 332423991  
2 
3 
2 
2 
2 
5 
6 
2 
2 
4 
6 
2 
4 
2 
4 
6 
1 37141463  
4 
4 
6 
6 
5 
4 
3 
4 
4 
2 
4 
2 
6 
6 
4 
3 
2 
5 
4 
3 
5 
6 
6 
1 2080324649  
5 
2 
5 
6 
3 
1 1803639761  
6 
3 
2 
4 
3 
6 
4 
2 
6 
6 
4 
5 
4 
1 89828109  
6 
3 
3 
3 
5 
3 
4 
1 1728253571  
4 
6 
6 
5 
3 
1 975528297  
3 
4 
2 
4 
2 
5 
2 
3 
4 
4 
2 
1 749847604  
1 1375083998  
1 995572592  
1 661337462  
5 
5 
4 
3 
3 
6 
5 
3 
4 
3 
1 2007956661  
1 477228268  
1 1210254166  
2 
4 
4 
4 
3 
4 
6 
3 
4 
4 
1 989485055  
4 
6 
6 
6 
4 
4 
4 
2 
1 1869476039  
5 
6 
1 1590921504  
2 
5 
1 226521150  
5 
2 
2 
3 
3 
5 
5 
3 
4 
3 
6 
5 
6 
2 
6 
5 
4 
1 144560975  
1 201105008  
5 
6 
1 1803308020  
6 
4 
6 
5 
2 
5 
2 
3 
1 1288449284  
1 1475284068  
1 858661240  
1 1900957593  
5 
6 
3 
3 
1 1544745939  
1 987354697  
1 2101378709  
5 
2 
3 
3 
5 
2 
1 1584044055  
1 1641750729  
2 
4 
4 
2 
5 
3 
1 666131952  
6 
5 
1 1916468046  
1 1678892193  
5 
4 
1 598972953  
2 
4 
3 
4 
3 
4 
5 
2 
5 
5 
2 
5 
3 
1 1572624160  
5 
3 
3 
6 
5 
5 
2 
5 
2 
4 
5 
3 
3 
6 
3 
1 1768720302  
1 179742876  
3 
5 
1 400668809  
2 
4 
4 
1 371084258  
5 
4 
2 
6 
2 
3 
3 
4 
3 
4 
4 
6 
3 
1 1554826875  
5 
3 
6 
5 
4 
4 
5 
6 
4 
2 
4 
5 
2 
5 
6 
2 
5 
2 
6 
2 
5 
1 1396241401  
2 
1 1032421720  
6 
4 
3 
2 
3 
1 1415299888  
1 1873469669  
6 
4 
4 
1 95192238  
5 
1 257301295  
2 
1 1595462060  
5 
5 
4 
2 
4 
2 
4 
1 1686113742  
3 
2 
6 
5 
3 
2 
5 
5 
5 
1 483822446  
5 
1 1740023035  
1 1887218751  
6 
6 
6 
3 
1 139646818  
5 
1 880988671  
3 
5 
6 
4 
6 
1 1215019171  
6 
3 
4 
2 
6 
3 
5 
4 
6 
1 998308058  
1 634462617  
3 
6 
1 612281462  
2 
6 
5 
5 
4 
4 
4 
5 
6 
6 
6 
4 
3 
5 
2 
4 
5 
5 
2 
4 
6 
5 
1 1985662755  
5 
1 588357678  
5 
3 
4 
4 
1 48841870  
4 
4 
6 
4 
3 
2 
2 
2 
2 
2 
2 
6 
2 
5 
1 1479929836  
6 
4 
1 1254489630  
5 
4 
6 
1 1965309916  
3 
6 
4 
6 
1 1011338381  
6 
4 
6 
6 
1 1853462584  
4 
2 
5 
6 
1 1390450428  
2 
2 
4 
5 
3 
3 
1 632575035  
3 
4 
2 
1 2033205460  
2 
4 
5 
2 
2 
5 
3 
6 
4 
2 
3 
3 
4 
2 
4 
6 
5 
6 
6 
5 
2 
2 
5 
1 1791119237  
6 
1 1003659293  
5 
2 
4 
1 1440548687  
2 
5 
6 
2 
3 
3 
1 1039876991  
4 
2 
5 
6 
1 2036081013  
1 708364928  
2 
3 
1 765863012  
3 
3 
4 
3 
2 
6 
5 
5 
6 
3 
4 
2 
2 
2 
4 
3 
3 
5 
1 2131273252  
6 
5 
1 965666223  
6 
2 
2 
3 
4 
2 
5 
4 
3 
3 
5 
3 
2 
6 
5 
3 
4 
3 
3 
6 
5 
5 
5 
3 
6 
2 
4 
6 
6 
1 213841425  
1 1669903346  
1 1449488669  
6 
2 
6 
4 
5 
2 
5 
2 
4 
1 1953864460  
5 
3 
6 
3 
2 
1 1409638449  
6 
4 
3 
4 
2 
3 
2 
5 
6 
3 
2 
4 
1 1589135487  
6 
3 
1 687369484  
3 
6 
6 
6 
4 
6 
2 
5 
6 
1 477173973  
1 439959897  
2 
4 
4 
4 
5 
1 1321832101  
6 
3 
5 
5 
1 1089455435  
2 
4 
1 278139004  
6 
6 
1 1910189779  
1 1138297305  
6 
3 
6 
3 
5 
4 
5 
3 
3 
6 
4 
2 
1 1758068841  
3 
2 
3 
1 1017195761  
3 
4 
1 956123574  
6 
3 
2 
3 
3 
1 621923574  
3 
2 
1 723174697  
5 
6 
5 
6 
1 199090354  
4 
6 
6 
3 
2 
1 1254498610  
6 
3 
2 
2 
4 
4 
5 
5 
4 
1 608896510  
5 
1 1990209592  
6 
4 
5 
5 
6 
2 
4 
5 
3 
3 
3 
4 
3 
2 
1 110674255  
1 2049445197  
4 
4 
6 
5 
6 
6 
5 
6 
5 
5 
4 
5 
2 
5 
3 
2 
4 
1 882602935  
3 
3 
3 
5 
2 
1 2146755269  
1 610326477  
1 1648465947  
1 2130544873  
6 
4 
4 
5 
5 
6 
4 
6 
6 
3 
2 
5 
4 
5 
1 1575992701  
2 
3 
5 
5 
4 
4 
3 
2 
3 
1 1862307372  
3 
4 
5 
1 1652964571  
1 877997722  
1 1668688185  
5 
4 
5 
2 
1 915119373  
3 
1 319649562  
2 
4 
5 
5 
5 
5 
4 
5 
6 
2 
4 
4 
5 
2 
3 
4 
4 
1 208574021  
5 
4 
1 1392293346  
4 
3 
2 
4 
5 
6 
5 
2 
3 
6 
2 
2 
6 
4 
4 
2 
2 
3 
2 
1 759609459  
2 
4 
3 
6 
3 
1 1530406122  
3 
5 
5 
5 
1 334265133  
1 1037748464  
6 
6 
3 
2 
1 1293112253  
1 1472562439  
2 
6 
2 
1 648333657  
1 162824366  
4 
4 
2 
5 
5 
1 281202365  
6 
2 
5 
6 
3 
2 
4 
1 1270257231  
2 
4 
5 
4 
3 
3 
2 
5 
1 885999064  
2 
2 
1 480292719  
2 
2 
2 
3 
5 
1 377272193  
1 1494895574  
2 
4 
3 
5 
2 
3 
4 
6 
2 
1 323018663  
6 
4 
6 
2 
6 
6 
4 
6 
6 
5 
4 
5 
2 
3 
1 487946449  
5 
3 
1 1396857123  
2 
2 
6 
5 
3 
5 
4 
5 
6 
6 
1 1205621598  
2 
3 
5 
2 
5 
5 
1 487218070  
3 
2 
4 
6 
6 
1 2007183601  
3 
3 
1 706603898  
1 470279295  
4 
5 
1 1435692654  
6 
4 
4 
2 
1 421427622  
1 2123243866  
2 
3 
2 
2 
3 
5 
4 
1 166206728  
6 
2 
2 
2 
5 
1 2090115807  
6 
4 
1 890879591  
3 
3 
4 
3 
1 485856290  
1 151206180  
1 135689289  
1 1245465750  
1 1681612302  
2 
5 
5 
3 
5 
2 
5 
5 
1 469954423  
1 135730566  
2 
2 
2 
2 
2 
3 
2 
4 
5 
5 
1 827240907  
5 
5 
3 
5 
2 
2 
4 
3 
4 
6 
2 
6 
5 
1 1942516862  
6 
2 
2 
3 
5 
2 
2 
1 784064223  
6 
1 990065274  
2 
6 
2 
4 
5 
1 76235579  
5 
2 
2 
6 
3 
1 2054321454  
1 1876064338  
3 
5 
3 
4 
4 
1 556528298  
3 
3 
5 
3 
4 
5 
2 
6 
3 
1 284110000  
4 
6 
5 
3 
1 1223476264  
2 
6 
6 
5 
1 879546962  
4 
5 
1 772056449  
4 
3 
3 
2 
4 
5 
6 
2 
1 472849739  
1 2085168560  
2 
3 
2 
6 
4 
1 1259274519  
5 
6 
2 
6 
5 
2 
5 
2 
2 
1 332549692  
5 
5 
4 
1 644288810  
6 
5 
2 
1 1729553814  
6 
1 1768242346  
1 1065716433  
6 
3 
2 
3 
3 
6 
4 
2 
3 
3 
1 1705314032  
1 1934449075  
4 
4 
1 1008348592  
1 448709976  
2 
5 
6 
1 272821717  
2 
1 1159554773  
2 
4 
6 
2 
1 584399265  
5 
6 
4 
3 
4 
2 
5 
1 1518287467  
4 
5 
1 693683427  
4 
5 
4 
6 
2 
1 1054353688  
1 1654018033  
6 
1 1520924335  
1 849386902  
3 
4 
6 
5 
3 
4 
5 
1 290598608  
6 
1 363505961  
5 
1 925622481  
6 
5 
1 197436415  
5 
2 
3 
4 
6 
4 
1 92086651  
5 
3 
1 1482150780  
6 
5 
4 
1 481546415  
3 
6 
3 
5 
6 
1 1315562915  
2 
3 
2 
2 
1 214214094  
3 
6 
1 1253602864  
4 
5 
2 
1 1788412654  
1 151899006  
2 
4 
4 
3 
2 
1 365393735  
1 2120962347  
5 
2 
1 796187817  
5 
5 
2 
4 
5 
5 
1 2094947549  
2 
4 
5 
1 1741721045  
1 1861904250  
1 1652777933  
6 
4 
2 
1 1528686472  
4 
2 
4 
6 
4 
4 
6 
1 722769194  
2 
6 
4 
2 
4 
6 
6 
1 2101487909  
2 
5 
1 1801508190  
6 
5 
1 1882323967  
4 
5 
6 
1 538403527  
5 
3 
1 1172312009  
5 
3 
1 428523747  
6 
1 1592757215  
3 
6 
3 
6 
1 678846395  
5 
3 
6 
3 
2 
3 
2 
4 
6 
4 
1 1949448082  
6 
1 294660470  
6 
4 
6 
3 
5 
6 
3 
4 
5 
5 
2 
5 
1 969445003  
2 
3 
2 
4 
5 
5 
3 
6 
4 
4 
2 
4 
5 
1 165470395  
3 
3 
3 
2 
4 
6 
4 
5 
2 
6 
3 
3 
6 
4 
5 
4 
6 
6 
1 1220282951  
5 
6 
6 
5 
4 
3 
4 
4 
3 
5 
2 
1 1166881418  
4 
5 
1 257557046  
5 
3 
4 
1 554950083  
5 
3 
2 
3 
1 1648427833  
5 
6 
2 
6 
1 1573119961  
1 769164177  
5 
1 754547049  
1 1214048967  
4 
5 
1 921063184  
1 1119940784  
6 
4 
4 
3 
3 
1 1187527666  
2 
2 
1 1717251001  
4 
5 
2 
2 
2 
6 
6 
1 1067404685  
3 
2 
6 
3 
4 
2 
5 
4 
1 781765064  
3 
6 
6 
2 
1 1431671603  
4 
1 572698971  
2 
6 
2 
6 
6 
5 
4 
4 
2 
3 
5 
1 162967888  
1 6957149  
1 526703232  
2 
3 
2 
3 
3 
2 
2 
2 
6 
1 1964476078  
5 
3 
3 
4 
3 
3 
4 
3 
3 
6 
3 
1 1889281117  
3 
1 1065106759  
2 
1 989304440  
3 
5 
1 170321216  
4 
3 
4 
2 
1 510380327  
5 
5 
4 
6 
1 1668150835  
6 
4 
2 
2 
5 
5 
4 
3 
4 
3 
6 
3 
1 2119769298  
2 
4 
4 
4 
1 805040797  
2 
5 
2 
3 
1 490112190  
5 
6 
6 
2 
1 137756045  
3 
1 2025323748  
3 
2 
2 
3 
4 
2 
2 
6 
1 1656993609  
1 395313091  
4 
5 
3 
3 
3 
1 432790184  
2 
4 
5 
3 
2 
5 
1 1157937794  
4 
6 
4 
6 
6 
1 1968433052  
2 
5 
6 
5 
1 1201954361  
2 
2 
6 
5 
4 
5 
5 
4 
1 1912484844  
1 1034998371  
5 
5 
5 
5 
2 
1 2123017545  
3 
5 
1 884941980  
5 
1 75042390  
5 
4 
6 
6 
6 
1 1692784898  
6 
4 
2 
1 1952346666  
6 
6 
6 
4 
2 
5 
4 
2 
6 
2 
3 
4 
2 
6 
1 856807454  
2 
6 
5 
5 
6 
1 976972853  
1 377561989  
3 
1 1019775342  
3 
3 
5 
2 
2 
2 
2 
2 
1 983930003  
4 
6 
1 904265221  
1 836767773  
4 
3 
3 
3 
2 
6 
4 
1 725727472  
6 
5 
2 
6 
1 1969371981  
5 
3 
3 
5 
1 1826072213  
2 
5 
5 
3 
5 
3 
6 
5 
2 
5 
5 
1 896048688  
1 332268660  
2 
3 
6 
2 
5 
6 
4 
5 
2 
5 
6 
5 
1 1346739400  
4 
3 
4 
3 
2 
3 
5 
5 
2 
1 868334338  
6 
2 
1 1137309457  
6 
6 
2 
6 
3 
2 
3 
2 
2 
6 
3 
1 1836851590  
4 
2 
4 
1 1006090383  
2 
2 
4 
5 
2 
5 
6 
3 
1 1015149557  
3 
1 1346361551  
6 
3 
5 
5 
2 
3 
5 
6 
2 
4 
1 1401403474  
5 
6 
1 1447939741  
3 
4 
2 
4 
6 
5 
3 
6 
2 
1 356815698  
6 
6 
4 
6 
5 
4 
2 
3 
2 
6 
4 
1 1222352878  
5 
2 
2 
1 502410455  
1 121816894  
2 
4 
3 
1 109867601  
1 477944352  
6 
6 
1 1006758874  
1 184909991  
6 
3 
1 23245603  
6 
1 811621892  
2 
3 
2 
2 
3 
2 
1 1041717445  
4 
4 
5 
1 1000218456  
1 1189183881  
4 
1 2061492788  
6 
4 
5 
3 
4 
6 
5 
5 
5 
1 1984148459  
6 
6 
2 
3 
4 
1 2093449103  
6 
5 
6 
5 
1 750776913  
2 
3 
3 
1 562392283  
5 
6 
6 
6 
3 
2 
5 
5 
6 
3 
6 
1 1915337436  
3 
6 
1 429365478  
5 
4 
3 
3 
1 1458440971  
2 
6 
6 
1 100122448  
5 
3 
2 
4 
2 
5 
4 
6 
2 
5 
4 
3 
4 
2 
2 
3 
6 
3 
6 
5 
1 1776104878  
3 
6 
6 
1 179291661  
5 
3 
1 1237431905  
3 
2 
3 
1 1465472820  
3 
3 
3 
6 
5 
1 1185382044  
2 
5 
2 
3 
6 
3 
1 105097814  
5 
2 
6 
2 
2 
5 
3 
6 
1 664350724  
2 
6 
1 439301870  
3 
4 
4 
6 
1 1553037556  
2 
6 
3 
1 1021166422  
2 
5 
2 
2 
3 
2 
5 
6 
5 
5 
5 
5 
2 
3 
3 
4 
4 
5 
4 
4 
2 
2 
3 
2 
1 1661654748  
6 
1 2055448011  
1 1142983316  
5 
3 
6 
3 
6 
6 
3 
1 1771522350  
4 
4 
5 
3 
4 
6 
5 
5 
2 
2 
1 385908715  
5 
2 
6 
1 2258542  
1 1956432341  
1 409154318  
6 
2 
1 813880435  
2 
2 
2 
5 
4 
1 850666139  
1 1409372775  
6 
2 
2 
1 2003064316  
6 
6 
3 
4 
3 
6 
2 
6 
4 
5 
3 
2 
1 764675279  
6 
6 
3 
4 
3 
5 
1 1246037586  
2 
3 
1 1949029771  
1 1515452192  
2 
6 
3 
5 
1 1808429870  
5 
1 1716883559  
3 
4 
3 
2 
6 
2 
3 
3 
5 
3 
3 
5 
3 
4 
1 1944817670  
5 
6 
2 
3 
2 
5 
5 
1 1119387193  
4 
2 
1 1817006007  
2 
5 
6 
6 
4 
6 
6 
3 
2 
3 
3 
4 
4 
2 
6 
3 
5 
6 
5 
2 
3 
6 
4 
6 
2 
2 
2 
4 
1 1573438900  
5 
6 
6 
2 
5 
4 
1 1298678855  
5 
6 
4 
2 
3 
1 906954264  
6 
1 891428072  
3 
5 
4 
1 336577251  
3 
5 
5 
5 
2 
4 
6 
5 
1 1012052079  
4 
2 
5 
3 
4 
5 
5 
2 
1 1555778796  
2 
6 
5 
1 775879122  
5 
3 
2 
5 
3 
2 
3 
4 
2 
6 
1 417605987  
4 
5 
3 
3 
1 429461570  
1 290050222  
1 325570350  
4 
6 
2 
2 
1 1572444886  
4 
6 
5 
3 
1 2061572572  
2 
2 
4 
4 
4 
4 
4 
4 
4 
1 711479065  
3 
3 
3 
5 
6 
1 1574703429  
2 
5 
1 1870521266  
1 1120633384  
3 
4 
2 
5 
5 
5 
4 
2 
5 
4 
3 
2 
2 
1 241100216  
4 
3 
4 
4 
1 573703757  
3 
4 
3 
1 382522511  
1 96680884  
6 
3 
2 
4 
1 1338379036  
4 
5 
2 
1 1628560097  
2 
6 
4 
1 2045710656  
2 
5 
6 
1 706347580  
5 
4 
4 
3 
5 
4 
4 
4 
2 
1 1289506319  
5 
2 
5 
5 
4 
3 
6 
1 1615110567  
1 503681602  
5 
5 
6 
6 
3 
6 
5 
5 
5 
6 
2 
1 261409865  
2 
1 1284632927  
6 
2 
3 
2 
3 
3 
5 
5 
1 2077120502  
2 
4 
5 
2 
6 
1 1560088720  
3 
1 44103543  
6 
2 
4 
1 821064926  
3 
1 1896665971  
2 
2 
1 1056155622  
2 
5 
4 
1 229360075  
5 
2 
4 
3 
5 
1 525061445  
3 
1 1473761609  
5 
2 
4 
6 
2 
2 
5 
2 
2 
6 
4 
4 
1 658821645  
4 
1 815111668  
6 
6 
3 
2 
2 
2 
1 1799331959  
1 83782884  
5 
2 
2 
5 
6 
1 729200592  
6 
3 
2 
3 
1 363327377  
1 1658486313  
5 
5 
6 
1 452238210  
4 
5 
6 
2 
3 
1 1483960761  
1 1899586529  
3 
4 
3 
6 
2 
1 1025941967  
4 
2 
2 
6 
5 
2 
5 
1 1866483272  
6 
3 
4 
4 
1 1996267413  
5 
5 
2 
4 
2 
6 
2 
4 
1 216837355  
2 
5 
1 1347559721  
6 
5 
4 
3 
2 
5 
3 
4 
6 
6 
5 
3 
1 1894494421  
5 
1 923184935  
2 
4 
3 
1 489582393  
2 
1 1362121341  
1 1426866537  
1 750992258  
5 
3 
2 
3 
2 
5 
1 499270620  
3 
4 
4 
2 
5 
3 
4 
6 
4 
4 
3 
4 
6 
5 
3 
2 
4 
3 
1 1356503391  
3 
5 
2 
2 
3 
6 
4 
3 
3 
5 
1 163597330  
2 
3 
3 
2 
5 
4 
6 
6 
2 
6 
4 
3 
1 543374163  
5 
2 
1 30084670  
5 
4 
2 
5 
3 
6 
5 
1 2060263301  
2 
1 1599529786  
5 
2 
3 
6 
6 
6 
4 
1 259444745  
6 
2 
4 
3 
4 
6 
2 
5 
2 
5 
1 437841099  
1 925807747  
2 
2 
5 
3 
4 
6 
5 
1 918266390  
6 
6 
2 
2 
2 
6 
5 
3 
1 1252952767  
1 577656059  
3 
5 
6 
2 
5 
2 
1 1002049274  
5 
2 
1 1982153359  
3 
2 
1 940983436  
1 513051939  
1 286907922  
1 277460549  
6 
1 265154820  
2 
3 
5 
5 
1 1312849889  
4 
5 
4 
1 2143943821  
3 
3 
6 
2 
5 
6 
3 
2 
1 113938586  
5 
1 1529687245  
1 1344019894  
4 
2 
3 
2 
4 
3 
1 2008433007  
6 
5 
6 
3 
1 305388532  
6 
4 
1 1833602287  
3 
6 
6 
2 
2 
1 1223070700  
4 
5 
2 
2 
1 1732255070  
6 
6 
5 
1 437110897  
2 
3 
5 
3 
5 
1 1722341320  
1 941274813  
1 600708227  
2 
1 118231836  
1 971359483  
3 
6 
2 
6 
3 
4 
3 
4 
2 
1 513487881  
4 
1 1717761622  
5 
2 
5 
2 
6 
5 
4 
1 1230804228  
4 
3 
4 
6 
3 
4 
2 
4 
4 
2 
4 
6 
4 
6 
5 
2 
4 
6 
5 
5 
3 
3 
6 
2 
1 951328980  
5 
1 496085721  
1 1586971  
3 
3 
5 
4 
6 
1 56798099  
5 
2 
5 
5 
4 
1 1073741780  
1 1003636245  
5 
6 
4 
4 
4 
5 
6 
1 2038951458  
5 
3 
4 
2 
6 
1 2014725216  
2 
4 
3 
2 
5 
5 
5 
1 1516688185  
6 
1 178375732  
3 
4 
4 
5 
3 
1 144702117  
3 
4 
4 
3 
2 
4 
6 
2 
6 
2 
2 
4 
3 
1 1781843005  
3 
4 
5 
4 
6 
4 
6 
4 
1 1491225622  
1 141162290  
2 
1 1895781591  
4 
3 
2 
2 
2 
3 
5 
1 873429219  
3 
3 
3 
1 1485182185  
5 
2 
1 1756730951  
1 1178817751  
6 
1 1171300824  
2 
6 
5 
4 
6 
5 
6 
4 
3 
5 
2 
4 
1 832318003  
1 763589173  
3 
2 
4 
4 
3 
2 
4 
6 
4 
4 
1 1608411722  
5 
1 407175676  
4 
1 1704863987  
5 
5 
3 
5 
3 
5 
5 
2 
2 
6 
2 
4 
6 
4 
1 61636301  
5 
2 
5 
3 
6 
3 
6 
1 525407512  
3 
4 
1 528739822  
6 
3 
4 
1 575124182  
3 
5 
6 
3 
5 
4 
5 
4 
5 
4 
4 
1 95685486  
4 
4 
5 
5 
2 
3 
4 
6 
3 
4 
2 
5 
4 
6 
5 
3 
3 
1 1759544051  
3 
1 1526453162  
3 
1 591771207  
6 
3 
3 
4 
6 
3 
4 
5 
2 
5 
6 
6 
1 1761131022  
2 
5 
1 1583251261  
4 
1 1665512988  
6 
3 
2 
6 
1 617283619  
4 
1 1474719072  
4 
6 
1 1532754556  
2 
2 
2 
3 
5 
4 
4 
3 
5 
1 2133971804  
2 
4 
1 1653094804  
2 
4 
4 
4 
2 
3 
1 1677456674  
6 
5 
3 
5 
3 
3 
5 
5 
2 
3 
4 
5 
1 1768331162  
5 
5 
4 
5 
2 
1 996836778  
4 
3 
5 
4 
2 
1 1818618964  
5 
6 
5 
4 
4 
4 
2 
1 1516629105  
6 
1 1870265997  
4 
4 
2 
2 
4 
6 
1 1156317501  
6 
2 
1 1125876408  
5 
3 
3 
5 
2 
2 
1 901600101  
4 
5 
5 
3 
3 
1 180134678  
3 
5 
6 
2 
6 
2 
1 1958194412  
4 
1 1665189274  
4 
3 
1 1788546400  
6 
1 217886440  
1 1222569613  
6 
6 
3 
1 1850182701  
4 
2 
3 
1 743293952  
5 
2 
3 
2 
5 
4 
5 
1 1751309436  
3 
1 277823236  
6 
5 
4 
1 838979438  
6 
4 
1 1363369839  
3 
3 
4 
2 
2 
3 
5 
4 
6 
5 
6 
4 
2 
4 
5 
4 
6 
5 
3 
6 
5 
4 
2 
3 
6 
1 1804276398  
5 
5 
5 
4 
6 
3 
6 
6 
2 
6 
3 
5 
5 
2 
3 
2 
6 
6 
2 
6 
6 
6 
5 
5 
4 
3 
2 
4 
6 
1 1430750645  
1 977017213  
4 
2 
3 
4 
6 
5 
6 
4 
5 
3 
3 
5 
2 
4 
1 1240044012  
5 
6 
2 
3 
2 
6 
3 
5 
4 
4 
1 948779985  
4 
3 
1 1594300832  
2 
1 567279436  
4 
5 
4 
4 
1 334050894  
6 
4 
4 
6 
1 1580788989  
6 
4 
6 
3 
3 
2 
6 
5 
3 
6 
4 
3 
6 
6 
2 
2 
4 
5 
2 
3 
6 
5 
2 
1 72890592  
2 
1 2011507568  
1 1201636503  
2 
5 
3 
4 
3 
6 
1 1069727371  
4 
2 
4 
6 
1 1682642884  
1 570781960  
2 
3 
4 
6 
6 
5 
6 
6 
2 
5 
3 
4 
3 
2 
2 
1 792509720  
6 
4 
5 
5 
3 
3 
5 
1 691476738  
3 
1 1696658369  
2 
6 
4 
3 
5 
3 
2 
2 
3 
2 
2 
2 
1 1694109821  
4 
2 
1 871611416  
3 
4 
6 
5 
3 
6 
2 
3 
6 
4 
6 
5 
1 1507369133  
3 
4 
5 
2 
4 
6 
6 
5 
6 
2 
4 
1 1211815448  
1 512674168  
1 1725255573  
6 
6 
4 
5 
1 286901413  
2 
2 
2 
1 215373221  
5 
1 321065877  
5 
5 
5 
6 
4 
2 
3 
1 2038210849  
2 
6 
6 
3 
6 
2 
5 
3 
5 
1 493196457  
4 
2 
3 
6 
6 
2 
6 
2 
5 
5 
5 
6 
1 1160045315  
1 1254097040  
6 
6 
5 
3 
4 
5 
5 
5 
3 
1 149989208  
6 
3 
3 
4 
6 
5 
3 
3 
2 
2 
5 
3 
1 443312312  
5 
6 
5 
1 83630605  
2 
5 
6 
5 
6 
5 
1 1390033220  
3 
6 
4 
1 1392092298  
3 
4 
5 
1 1677931438  
4 
3 
5 
6 
2 
2 
4 
3 
4 
3 
2 
1 1957312656  
6 
1 1726143192  
2 
2 
5 
6 
5 
6 
6 
3 
1 1111236779  
6 
1 2030203248  
5 
6 
2 
2 
5 
1 1590167112  
2 
3 
4 
4 
5 
6 
1 165389634  
6 
1 952446971  
4 
4 
1 1125326348  
1 736171594  
1 1744956692  
1 1816803086  
4 
1 285346315  
1 1291582865  
3 
2 
6 
6 
4 
1 540930854  
1 1792715448  
5 
5 
5 
5 
4 
4 
3 
6 
3 
1 355914665  
4 
6 
3 
5 
4 
6 
5 
4 
1 1053605022  
3 
3 
5 
5 
4 
1 1370487373  
4 
4 
1 642816079  
6 
5 
3 
4 
1 1268978244  
1 1691553250  
2 
6 
1 533543280  
5 
4 
2 
6 
4 
6 
2 
6 
3 
6 
4 
3 
1 1762174701  
5 
3 
6 
3 
5 
1 704114917  
5 
2 
4 
6 
5 
1 1787640321  
1 1912163909  
1 1147427230  
3 
5 
1 1871270926  
6 
1 1154713481  
2 
5 
3 
2 
2 
6 
4 
5 
1 392035880  
1 1401718716  
1 964542489  
2 
4 
6 
1 2118179072  
6 
3 
5 
3 
4 
2 
6 
1 365471847  
2 
3 
5 
3 
3 
4 
2 
6 
2 
2 
4 
3 
2 
1 847262090  
3 
3 
4 
4 
5 
3 
6 
5 
1 1560862536  
5 
1 530861481  
6 
2 
6 
6 
1 1799709061  
5 
4 
2 
5 
4 
5 
6 
4 
1 538705236  
6 
5 
2 
4 
4 
4 
3 
6 
5 
3 
4 
1 1267033076  
4 
6 
2 
4 
6 
2 
4 
6 
4 
4 
5 
1 1397182105  
2 
2 
4 
6 
5 
6 
2 
2 
3 
3 
3 
5 
1 208024675  
3 
5 
3 
2 
6 
6 
5 
3 
6 
4 
3 
6 
6 
5 
6 
1 1552379391  
3 
2 
4 
6 
4 
3 
4 
2 
5 
2 
5 
2 
6 
4 
4 
1 541281323  
1 748955529  
4 
5 
6 
2 
4 
4 
4 
3 
4 
6 
6 
6 
6 
6 
3 
4 
6 
6 
4 
5 
3 
3 
2 
3 
6 
2 
1 1197611192  
1 897195988  
4 
2 
3 
1 1802560552  
6 
6 
2 
2 
1 420614917  
1 1540012067  
1 924055148  
5 
5 
1 2112168168  
1 2073555348  
6 
1 538746201  
4 
6 
5 
4 
5 
1 668799437  
5 
1 1713712021  
3 
5 
6 
5 
4 
3 
1 303426463  
5 
2 
4 
4 
4 
2 
6 
3 
2 
2 
1 1816226667  
3 
1 1437499299  
4 
1 1458139944  
4 
5 
6 
5 
6 
1 60778899  
5 
3 
2 
4 
4 
6 
5 
2 
3 
1 691734368  
5 
2 
3 
5 
1 275198786  
4 
3 
3 
6 
2 
4 
4 
4 
1 31474323  
2 
4 
5 
1 1057206215  
4 
6 
6 
3 
5 
2 
4 
6 
4 
3 
1 1122460876  
6 
6 
3 
5 
5 
6 
2 
4 
3 
4 
5 
3 
3 
1 1592336859  
6 
2 
1 1588067697  
2 
1 774686289  
5 
1 2131042096  
3 
5 
4 
1 707617125  
5 
6 
5 
5 
6 
5 
2 
3 
4 
3 
6 
2 
4 
5 
6 
5 
2 
5 
5 
2 
4 
5 
2 
5 
4 
2 
1 24384747  
6 
2 
5 
3 
5 
1 191583123  
2 
2 
5 
6 
2 
4 
3 
3 
5 
4 
2 
3 
3 
3 
3 
5 
5 
3 
4 
4 
2 
4 
6 
5 
6 
4 
3 
5 
4 
6 
5 
4 
6 
4 
6 
4 
5 
5 
2 
5 
4 
6 
2 
1 112512868  
2 
6 
3 
3 
5 
4 
1 565666070  
2 
3 
1 940538652  
1 1310124060  
2 
2 
5 
3 
2 
4 
6 
2 
4 
2 
4 
1 1462862058  
1 595615556  
2 
1 1730738978  
3 
6 
2 
3 
6 
3 
1 855390478  
5 
1 1519670704  
1 1695423498  
3 
5 
3 
6 
6 
3 
6 
6 
3 
5 
2 
4 
1 781462178  
6 
4 
6 
1 2058416906  
2 
2 
1 216739287  
1 347690551  
6 
1 214359721  
5 
6 
1 2032965955  
4 
2 
3 
4 
4 
5 
6 
1 1785189850  
5 
3 
6 
2 
5 
2 
4 
2 
1 1672499665  
1 2093744854  
6 
2 
2 
1 329440570  
5 
3 
1 1947698451  
5 
6 
3 
5 
4 
6 
2 
4 
1 2125219178  
6 
2 
6 
3 
2 
4 
1 1386646786  
3 
5 
2 
5 
4 
3 
3 
4 
6 
5 
6 
5 
6 
2 
4 
3 
2 
2 
3 
5 
5 
4 
2 
4 
2 
4 
3 
6 
1 922675679  
3 
1 1570072389  
6 
3 
5 
3 
3 
2 
1 827230835  
4 
6 
1 1697361969  
4 
4 
1 1553630837  
6 
3 
3 
1 1534847960  
1 1721746716  
5 
6 
3 
2 
2 
1 1745213960  
5 
3 
3 
5 
3 
5 
2 
3 
5 
1 1647360828  
1 139929138  
3 
6 
3 
3 
6 
3 
6 
1 538268965  
4 
5 
4 
4 
2 
6 
6 
4 
6 
4 
6 
6 
5 
2 
6 
3 
1 810001241  
6 
2 
3 
6 
4 
6 
3 
5 
3 
2 
6 
1 1602791196  
6 
3 
6 
3 
6 
5 
4 
3 
2 
1 1133884521  
4 
5 
6 
2 
3 
5 
5 
5 
6 
2 
6 
2 
6 
6 
3 
2 
1 393256571  
3 
3 
2 
1 310698026  
5 
3 
5 
1 506071578  
6 
2 
2 
5 
2 
4 
3 
3 
5 
3 
1 2088680069  
1 1092160204  
4 
3 
3 
2 
6 
4 
1 417004836  
2 
4 
6 
6 
4 
5 
5 
6 
3 
4 
4 
2 
4 
3 
5 
4 
6 
3 
6 
2 
4 
5 
6 
3 
1 157935708  
5 
1 1439850755  
3 
3 
5 
4 
2 
2 
6 
5 
2 
1 631364557  
1 43418015  
1 1077556958  
2 
4 
6 
2 
3 
5 
1 156380574  
1 2137162870  
6 
6 
2 
2 
2 
4 
4 
3 
4 
6 
2 
5 
1 1406997528  
6 
6 
1 2104079026  
6 
2 
5 
3 
1 2114898400  
3 
3 
5 
1 646160666  
4 
4 
6 
6 
6 
1 879271057  
6 
6 
4 
6 
1 1537487141  
3 
5 
3 
1 1473391501  
1 429149378  
2 
1 943634331  
1 860755813  
5 
2 
3 
2 
3 
6 
4 
1 3412446  
4 
2 
6 
4 
5 
5 
2 
1 541364643  
6 
5 
6 
5 
1 360632994  
6 
5 
2 
6 
5 
3 
1 143341584  
2 
4 
2 
2 
2 
1 1079633608  
2 
6 
4 
1 1170634235  
6 
3 
1 1746132781  
4 
2 
5 
3 
4 
3 
5 
6 
1 66034482  
3 
4 
6 
1 1563890806  
4 
1 2056830807  
2 
4 
5 
6 
4 
4 
6 
3 
1 572106060  
4 
4 
3 
4 
1 1505087227  
5 
6 
3 
6 
4 
2 
3 
6 
2 
2 
4 
5 
2 
3 
1 1001507364  
3 
4 
4 
3 
1 989110896  
2 
