4 
2 
1 472855716  
6 
5 
2 
6 
5 
1 585475281  
5 
5 
6 
2 
3 
1 1832908454  
2 
2 
5 
5 
1 249255621  
1 1613487114  
1 1203207148  
6 
2 
6 
2 
2 
6 
4 
6 
1 2098993261  
5 
4 
5 
5 
2 
3 
4 
5 
6 
6 
1 1134677662  
6 
5 
5 
2 
5 
5 
6 
5 
3 
1 1759134625  
5 
5 
5 
3 
4 
3 
3 
2 
1 757645126  
6 
1 1864007926  
4 
3 
4 
2 
6 
1 310845785  
1 1185640523  
2 
2 
3 
1 1716835164  
5 
3 
4 
6 
3 
2 
4 
1 826734852  
5 
6 
1 1531630690  
4 
6 
5 
2 
3 
4 
2 
5 
6 
6 
3 
3 
2 
1 2061813332  
3 
4 
1 1726047692  
5 
3 
1 811931316  
5 
5 
3 
5 
4 
1 1859804878  
3 
1 2020157374  
2 
4 
6 
1 377176802  
6 
6 
2 
2 
4 
4 
2 
2 
6 
2 
3 
4 
5 
5 
1 793601932  
3 
6 
3 
2 
1 1696158894  
5 
2 
6 
5 
3 
1 1693134524  
1 998982069  
2 
3 
2 
2 
3 
5 
4 
5 
5 
1 689938828  
2 
2 
6 
4 
5 
5 
6 
2 
4 
5 
5 
4 
5 
3 
6 
2 
5 
6 
1 729306356  
1 1349516487  
4 
3 
5 
3 
2 
2 
6 
1 77233676  
5 
2 
5 
6 
2 
6 
1 1654341514  
4 
1 1822372203  
6 
4 
5 
1 662708957  
5 
4 
6 
3 
2 
2 
3 
1 1339766320  
6 
3 
4 
2 
4 
1 2071627825  
6 
3 
1 128712423  
5 
3 
3 
5 
1 395489820  
4 
2 
6 
3 
3 
6 
5 
1 2023137438  
1 1263390086  
6 
3 
2 
5 
5 
1 7140798  
2 
3 
6 
2 
6 
2 
3 
6 
3 
3 
3 
3 
6 
2 
2 
3 
3 
2 
3 
1 633298916  
3 
6 
2 
3 
1 979914364  
6 
3 
3 
4 
4 
4 
5 
5 
5 
6 
2 
5 
4 
4 
5 
6 
1 317986583  
4 
4 
1 1818939440  
1 549265880  
4 
4 
4 
1 1144721435  
5 
3 
2 
2 
4 
4 
1 1203086482  
3 
2 
5 
1 463595565  
6 
5 
4 
4 
5 
1 723285480  
3 
1 2015017798  
3 
3 
5 
5 
1 175916795  
4 
6 
2 
5 
6 
2 
3 
5 
3 
3 
3 
2 
6 
4 
6 
6 
4 
6 
6 
4 
3 
3 
5 
2 
4 
2 
3 
5 
5 
1 595959206  
1 244710953  
3 
3 
6 
6 
1 969518727  
2 
5 
5 
2 
4 
3 
2 
6 
2 
4 
3 
1 144634452  
3 
4 
5 
1 1937845477  
3 
4 
2 
4 
4 
1 1968500797  
2 
6 
1 834573280  
3 
2 
1 519668185  
4 
6 
6 
6 
2 
3 
2 
1 1170533636  
3 
4 
3 
1 911806956  
1 26526051  
3 
2 
4 
2 
6 
2 
3 
3 
6 
3 
1 845422192  
3 
2 
6 
2 
2 
4 
4 
3 
1 1574515914  
5 
1 1366292371  
3 
5 
4 
1 769566369  
2 
2 
1 1703228337  
2 
4 
6 
6 
6 
3 
5 
3 
4 
3 
2 
3 
5 
1 1761782192  
1 645220159  
6 
5 
3 
1 819134775  
3 
2 
2 
1 1768922990  
2 
4 
2 
2 
3 
4 
1 1278519075  
3 
3 
1 1799049140  
3 
2 
6 
4 
5 
6 
1 2086909573  
5 
1 949974867  
5 
5 
2 
3 
3 
2 
1 200831372  
2 
4 
1 1084147360  
6 
5 
5 
1 5577701  
2 
2 
6 
5 
1 664426937  
6 
2 
3 
2 
4 
4 
3 
4 
3 
5 
4 
1 1807432840  
5 
4 
5 
2 
4 
3 
5 
4 
1 2020595500  
5 
2 
2 
4 
3 
5 
4 
4 
4 
5 
5 
6 
2 
6 
4 
1 840343733  
3 
3 
1 255908399  
1 117822805  
5 
3 
1 1809862460  
4 
2 
1 400542851  
1 2055668282  
6 
4 
3 
2 
6 
2 
2 
3 
1 1630879609  
1 1235116132  
4 
6 
1 427852820  
2 
4 
4 
1 653929598  
2 
6 
2 
4 
4 
4 
4 
4 
6 
6 
2 
5 
3 
4 
5 
1 2146923088  
3 
5 
6 
2 
6 
3 
6 
1 454378871  
6 
4 
5 
2 
5 
4 
6 
3 
5 
2 
1 1499351790  
4 
6 
1 1573955354  
1 1820671243  
1 121434511  
4 
5 
5 
5 
3 
3 
3 
1 1129700044  
5 
2 
1 1434969787  
5 
2 
1 766654670  
4 
3 
3 
2 
5 
4 
2 
2 
1 1948834819  
2 
1 1056409129  
1 2045173745  
6 
3 
3 
4 
6 
5 
6 
5 
3 
1 1600400311  
6 
4 
3 
1 995835054  
2 
2 
4 
4 
4 
4 
3 
5 
5 
6 
4 
5 
6 
2 
1 847664965  
1 1801231684  
4 
1 2079982414  
6 
6 
2 
3 
2 
5 
5 
1 853242666  
1 318174973  
4 
5 
6 
6 
6 
1 1739931607  
2 
5 
6 
4 
3 
5 
4 
4 
1 726354518  
2 
6 
5 
4 
2 
5 
2 
1 1158518706  
1 1995840006  
6 
3 
6 
4 
1 844177323  
5 
5 
4 
2 
1 820897519  
6 
2 
2 
5 
1 248899209  
2 
5 
1 752361958  
2 
4 
6 
5 
2 
1 304293480  
2 
4 
1 1484015341  
1 1180214778  
4 
1 958223078  
6 
1 1483454782  
4 
1 1634593649  
3 
3 
6 
2 
1 310091220  
3 
6 
2 
4 
1 909926488  
3 
6 
6 
5 
3 
6 
6 
5 
5 
3 
4 
2 
5 
2 
3 
5 
1 1307781244  
4 
2 
5 
5 
4 
4 
1 431525731  
6 
3 
1 2039626532  
3 
6 
6 
1 595267383  
1 1198180401  
5 
1 1840977704  
3 
1 1651676512  
2 
2 
4 
4 
2 
2 
1 1095870499  
1 1293894367  
6 
1 500027918  
5 
2 
4 
6 
2 
2 
6 
6 
4 
2 
1 1943535464  
1 947642403  
1 432526685  
6 
1 649294482  
2 
6 
4 
6 
2 
4 
4 
2 
1 1265817377  
5 
4 
4 
5 
2 
6 
6 
5 
4 
5 
1 24974644  
6 
4 
2 
3 
6 
4 
5 
1 1375649001  
2 
3 
5 
2 
1 276852435  
3 
6 
6 
4 
6 
6 
3 
2 
4 
1 2020814650  
5 
2 
5 
6 
1 72342676  
6 
2 
1 1097749954  
5 
1 122230211  
6 
5 
2 
1 824704634  
1 1402043435  
6 
5 
1 1606245553  
1 2004919412  
6 
2 
6 
6 
1 212782865  
4 
6 
3 
2 
1 942216687  
3 
5 
5 
6 
5 
2 
2 
4 
2 
2 
4 
5 
5 
3 
6 
5 
3 
6 
2 
5 
3 
4 
3 
5 
4 
2 
4 
3 
5 
5 
5 
5 
2 
2 
5 
2 
1 1492029414  
6 
2 
2 
6 
4 
1 522874086  
3 
6 
6 
1 1852143175  
3 
4 
6 
5 
1 652327010  
3 
5 
3 
5 
6 
2 
1 954399817  
4 
3 
6 
3 
5 
6 
5 
1 1744286060  
2 
4 
1 1247594394  
2 
5 
3 
4 
6 
6 
1 5096571  
4 
5 
6 
6 
1 1437780116  
2 
4 
1 751787258  
4 
5 
6 
4 
6 
4 
5 
1 1100967070  
5 
1 584190835  
6 
3 
1 1251815177  
4 
2 
6 
2 
6 
1 897018886  
2 
1 1531833239  
4 
5 
6 
6 
1 1684341862  
2 
5 
3 
3 
3 
2 
2 
4 
5 
5 
3 
2 
5 
2 
4 
2 
6 
3 
4 
1 1546313368  
4 
3 
4 
5 
6 
2 
2 
3 
6 
6 
6 
4 
4 
5 
5 
2 
5 
6 
6 
2 
2 
4 
5 
3 
5 
2 
4 
4 
4 
2 
5 
4 
5 
6 
2 
3 
2 
6 
3 
5 
2 
2 
4 
6 
4 
6 
5 
3 
4 
1 650166968  
3 
5 
3 
3 
2 
4 
3 
1 1709316506  
4 
1 774478721  
6 
6 
3 
3 
3 
3 
6 
4 
3 
5 
6 
1 927019403  
1 1582647508  
4 
2 
3 
5 
6 
1 846821398  
2 
4 
1 2024769358  
5 
6 
5 
1 1704877719  
6 
5 
6 
2 
6 
2 
1 1671526032  
4 
5 
1 1279329145  
2 
4 
2 
3 
2 
6 
6 
2 
6 
2 
5 
3 
6 
2 
2 
2 
1 1163639624  
2 
1 1528961797  
1 1492112010  
4 
5 
5 
3 
6 
3 
5 
2 
3 
2 
6 
4 
6 
2 
2 
6 
2 
3 
5 
1 2105856311  
6 
6 
2 
1 873507563  
1 2014986096  
5 
3 
5 
6 
3 
5 
3 
2 
3 
2 
3 
6 
5 
6 
4 
5 
2 
5 
1 1810515839  
2 
6 
3 
5 
6 
4 
5 
4 
6 
2 
3 
5 
2 
2 
3 
6 
1 1525834573  
3 
6 
3 
6 
1 821902266  
4 
5 
1 1407318251  
4 
1 625945319  
6 
6 
6 
4 
2 
3 
5 
2 
4 
5 
5 
4 
2 
4 
2 
2 
2 
5 
5 
3 
5 
3 
5 
5 
5 
3 
3 
3 
6 
6 
4 
3 
3 
6 
5 
3 
6 
5 
6 
6 
5 
1 826998837  
1 697614719  
1 1377732578  
2 
4 
4 
3 
6 
1 1927965907  
6 
2 
6 
5 
2 
6 
4 
6 
4 
6 
2 
1 1281805554  
4 
1 482064107  
1 677501145  
4 
3 
4 
1 666155145  
1 18922321  
3 
3 
1 76330865  
1 1316322113  
6 
5 
6 
1 1728238827  
5 
6 
3 
5 
3 
2 
6 
3 
4 
4 
5 
4 
1 850809587  
4 
3 
1 95857869  
6 
3 
1 1163402687  
4 
4 
1 1697630985  
4 
2 
1 2120627227  
3 
5 
2 
3 
2 
2 
6 
5 
1 720796758  
2 
2 
3 
1 1221673369  
2 
1 1252472724  
1 1884436383  
1 603151518  
1 597101086  
2 
3 
4 
5 
2 
1 1842809046  
6 
2 
4 
2 
4 
6 
6 
5 
2 
3 
5 
2 
5 
2 
6 
4 
1 1476659081  
4 
4 
1 464603535  
3 
3 
4 
4 
3 
6 
4 
4 
6 
1 1505841237  
1 855010007  
3 
1 1286505801  
5 
5 
2 
1 765675840  
6 
3 
2 
2 
2 
2 
2 
3 
2 
3 
1 1480955326  
5 
3 
3 
2 
4 
2 
5 
1 2113504638  
6 
3 
1 1463290559  
3 
2 
4 
6 
3 
5 
5 
2 
2 
2 
5 
6 
2 
6 
3 
4 
4 
2 
1 711204256  
5 
4 
4 
5 
2 
2 
5 
4 
1 1893986897  
1 597612466  
3 
6 
3 
4 
5 
5 
4 
2 
6 
6 
5 
1 1193268363  
2 
2 
4 
4 
5 
6 
4 
3 
5 
2 
3 
1 424004394  
5 
6 
3 
2 
6 
2 
3 
6 
6 
6 
4 
1 1263767611  
3 
1 1212190684  
5 
1 500335259  
4 
4 
2 
2 
3 
6 
4 
3 
2 
2 
2 
6 
5 
5 
1 432606077  
3 
5 
2 
1 792945863  
6 
3 
4 
4 
5 
5 
5 
4 
5 
3 
3 
2 
2 
1 1351144846  
2 
4 
2 
4 
5 
6 
5 
3 
6 
5 
5 
6 
4 
6 
4 
5 
6 
3 
5 
2 
2 
6 
6 
6 
3 
4 
4 
1 528463946  
6 
6 
6 
3 
2 
1 1956348550  
2 
4 
5 
5 
2 
5 
1 901292183  
2 
1 501607525  
1 529661661  
5 
2 
2 
1 2122965553  
4 
4 
1 1754080249  
6 
3 
2 
4 
1 266614396  
4 
1 578633423  
3 
3 
6 
5 
6 
3 
5 
1 203697687  
1 2109423442  
5 
3 
1 2055292505  
3 
4 
5 
2 
4 
3 
6 
3 
5 
4 
4 
5 
2 
5 
3 
2 
1 668301222  
4 
2 
2 
4 
1 1467781032  
2 
2 
6 
3 
3 
5 
3 
4 
6 
5 
4 
5 
1 762818864  
6 
5 
3 
6 
6 
4 
2 
1 1954807023  
6 
3 
5 
5 
2 
2 
4 
4 
5 
5 
1 85973224  
1 96290542  
6 
4 
6 
5 
5 
3 
1 1920828013  
6 
5 
6 
1 1549263784  
3 
3 
2 
1 807494799  
3 
4 
6 
6 
2 
5 
4 
6 
3 
2 
4 
4 
4 
3 
3 
5 
4 
1 1667331262  
3 
2 
3 
1 2146876250  
2 
3 
4 
2 
1 2000763162  
1 2091335656  
1 1263160213  
6 
3 
2 
4 
4 
1 1065470199  
2 
1 444187268  
3 
3 
4 
4 
4 
1 1695766290  
1 1858416062  
5 
4 
2 
5 
1 1795332114  
2 
2 
2 
5 
3 
1 76746588  
5 
4 
2 
5 
3 
3 
2 
4 
4 
2 
4 
1 1667280965  
5 
2 
2 
2 
6 
1 549140650  
2 
4 
4 
1 578354113  
1 49458978  
4 
4 
6 
6 
6 
2 
3 
3 
3 
1 524622555  
4 
3 
5 
4 
2 
1 184950714  
3 
1 316073374  
4 
5 
1 1103255978  
5 
2 
4 
2 
5 
2 
1 388648402  
3 
6 
6 
5 
4 
3 
5 
6 
5 
1 278013168  
2 
4 
4 
5 
5 
5 
2 
5 
3 
6 
1 1011064835  
6 
2 
2 
6 
6 
6 
6 
5 
6 
1 1056949624  
4 
2 
3 
2 
6 
1 1745794200  
3 
6 
5 
1 1773883699  
1 864273000  
6 
4 
4 
3 
4 
5 
1 1831767425  
6 
1 1870174242  
5 
2 
6 
2 
2 
6 
6 
1 637617365  
6 
3 
5 
6 
3 
3 
1 1233547561  
5 
4 
5 
3 
4 
3 
3 
1 530185393  
5 
4 
1 157464980  
6 
5 
2 
3 
3 
3 
3 
2 
1 1232940163  
5 
3 
5 
1 383464907  
2 
6 
5 
2 
3 
6 
4 
5 
6 
6 
4 
4 
6 
3 
1 101316988  
2 
4 
2 
4 
6 
3 
4 
3 
1 348616728  
2 
6 
5 
2 
2 
3 
6 
2 
5 
1 1448935106  
3 
5 
1 545504256  
4 
6 
4 
6 
3 
2 
2 
6 
4 
5 
1 2044383019  
6 
4 
5 
6 
6 
3 
1 1159867521  
5 
2 
4 
4 
5 
1 193352723  
6 
5 
3 
2 
3 
3 
1 2121129607  
6 
6 
5 
5 
4 
6 
1 679664838  
4 
6 
6 
5 
3 
6 
1 742493373  
4 
5 
1 552000073  
2 
6 
3 
3 
2 
4 
1 729123816  
2 
5 
6 
3 
5 
2 
2 
2 
1 1267115928  
3 
5 
6 
2 
5 
4 
6 
2 
3 
1 736950787  
2 
1 1045197190  
4 
6 
5 
4 
5 
2 
3 
5 
1 222888258  
2 
1 1125599189  
3 
3 
3 
4 
6 
4 
2 
6 
4 
6 
1 1323210358  
5 
1 1233953094  
2 
6 
5 
1 35065166  
4 
6 
3 
4 
4 
4 
4 
1 921520911  
3 
4 
3 
2 
4 
3 
2 
5 
5 
2 
5 
1 860353145  
6 
6 
6 
4 
5 
4 
2 
1 899338166  
3 
4 
1 605804688  
3 
1 583043739  
3 
3 
1 1536955531  
1 1839352249  
3 
4 
5 
2 
2 
5 
1 1113229132  
4 
3 
5 
5 
1 1694420511  
1 924808764  
1 1496694040  
1 1795737500  
6 
1 1273425492  
5 
3 
1 798145498  
5 
6 
6 
2 
2 
2 
4 
2 
5 
6 
2 
5 
4 
1 193758108  
5 
4 
1 1170324863  
5 
5 
2 
2 
4 
2 
6 
3 
1 1958013019  
1 387110831  
2 
2 
3 
6 
6 
2 
6 
4 
1 1143970823  
5 
2 
6 
2 
2 
6 
3 
2 
5 
6 
1 490194209  
2 
3 
5 
1 1129604204  
6 
1 1695970896  
4 
1 1219318025  
2 
6 
3 
5 
5 
6 
2 
2 
5 
3 
1 249236484  
6 
6 
5 
3 
6 
3 
6 
5 
5 
4 
3 
4 
1 285438035  
4 
6 
3 
6 
4 
6 
4 
6 
3 
6 
3 
3 
1 117031567  
5 
4 
5 
3 
2 
6 
2 
4 
1 472124743  
5 
6 
2 
2 
4 
6 
1 1411037225  
6 
4 
4 
4 
3 
5 
6 
4 
1 1440241926  
3 
2 
5 
3 
3 
2 
3 
5 
1 1706077837  
2 
5 
5 
3 
1 1446102391  
4 
1 214279189  
4 
4 
6 
6 
2 
6 
5 
2 
4 
6 
3 
5 
2 
6 
3 
5 
1 418947334  
6 
2 
5 
5 
6 
1 197956909  
3 
6 
3 
1 820083877  
5 
2 
6 
5 
2 
2 
6 
2 
3 
5 
1 1001991074  
5 
2 
2 
5 
5 
1 1734912440  
3 
3 
5 
6 
4 
1 511952478  
5 
4 
6 
6 
1 2115220206  
5 
6 
6 
2 
5 
2 
2 
2 
4 
5 
3 
4 
6 
6 
4 
1 1281849304  
2 
5 
4 
1 1436761242  
4 
2 
1 1464430598  
4 
2 
5 
5 
6 
5 
1 930103156  
3 
1 562703086  
5 
1 115092449  
4 
3 
6 
1 1123861264  
2 
6 
4 
6 
5 
1 1733027950  
3 
4 
5 
6 
2 
5 
4 
1 2073105468  
6 
4 
5 
3 
3 
2 
6 
1 1510972096  
3 
4 
2 
3 
3 
1 729515125  
1 415816030  
4 
1 493092652  
1 278002373  
3 
5 
6 
2 
2 
1 1635134055  
5 
6 
3 
5 
4 
3 
5 
2 
2 
5 
6 
1 742329137  
1 563440408  
5 
5 
4 
5 
2 
4 
5 
2 
6 
6 
2 
2 
6 
5 
4 
3 
3 
2 
2 
6 
5 
1 1752165623  
5 
2 
6 
2 
5 
2 
1 1214453880  
1 1974477633  
3 
5 
4 
2 
4 
2 
6 
5 
4 
1 1044923901  
2 
2 
4 
2 
3 
5 
4 
1 773048069  
6 
1 1273096376  
4 
6 
1 1259203090  
6 
6 
6 
2 
1 1191995403  
1 1471053285  
2 
5 
5 
5 
3 
6 
6 
2 
5 
4 
1 2079286967  
3 
2 
2 
4 
6 
6 
6 
6 
3 
4 
4 
4 
3 
2 
5 
1 46502829  
2 
2 
4 
4 
5 
6 
5 
4 
3 
2 
6 
3 
1 1058482078  
5 
4 
5 
5 
4 
2 
2 
4 
5 
6 
3 
5 
5 
6 
1 443755797  
2 
2 
5 
4 
1 14239388  
1 192847734  
4 
1 1880517039  
3 
6 
3 
5 
4 
2 
5 
6 
1 1478669986  
2 
6 
3 
5 
6 
4 
4 
1 1122950890  
6 
5 
4 
6 
2 
2 
1 295736477  
6 
2 
4 
1 1593762435  
3 
2 
4 
6 
1 99328506  
5 
4 
4 
1 2028764427  
5 
6 
1 1519384256  
5 
5 
6 
1 1610300602  
4 
6 
1 610795904  
1 1935200286  
1 2103393255  
2 
3 
5 
4 
4 
2 
6 
4 
2 
2 
4 
6 
4 
3 
1 888798277  
6 
2 
6 
5 
1 1422850693  
6 
2 
6 
1 698238744  
1 1452238686  
1 1027532668  
4 
4 
3 
3 
4 
1 1912692624  
1 1279232671  
5 
2 
5 
6 
5 
3 
3 
6 
3 
2 
1 2072456569  
3 
4 
4 
3 
3 
4 
5 
6 
1 538257045  
6 
2 
2 
4 
5 
2 
2 
6 
1 404845400  
2 
2 
6 
1 1184176011  
3 
3 
1 1730252448  
2 
3 
2 
6 
3 
3 
3 
4 
4 
1 1875898685  
1 1115979330  
4 
1 1776755278  
1 786897115  
6 
1 1559735127  
5 
5 
1 1790994666  
5 
4 
3 
5 
5 
5 
5 
6 
6 
1 979744849  
3 
3 
3 
5 
2 
3 
3 
1 1292768518  
3 
5 
4 
4 
2 
5 
1 1122181004  
3 
1 2102695739  
6 
5 
5 
5 
4 
4 
4 
3 
6 
1 1588504996  
6 
5 
5 
2 
1 568459792  
2 
5 
3 
6 
5 
3 
1 54540598  
5 
1 1469785775  
1 2087844048  
4 
4 
5 
2 
1 1664841200  
1 2080581680  
6 
5 
5 
6 
4 
4 
3 
4 
6 
5 
2 
2 
6 
3 
2 
2 
3 
1 1875560686  
6 
4 
1 1620750807  
4 
1 821896309  
3 
3 
6 
2 
6 
3 
2 
4 
3 
2 
1 1150927731  
4 
3 
4 
2 
5 
2 
3 
6 
5 
6 
3 
1 171505903  
5 
6 
4 
1 126651347  
5 
4 
2 
6 
2 
5 
4 
6 
6 
4 
2 
3 
2 
5 
1 30976752  
4 
6 
3 
6 
1 2084198527  
2 
1 1405884019  
1 2103433321  
4 
5 
1 474971924  
2 
5 
5 
5 
6 
1 1810729419  
6 
2 
4 
6 
2 
4 
6 
4 
5 
1 1140125685  
1 57740725  
5 
6 
2 
2 
3 
4 
4 
2 
4 
4 
6 
1 1539144456  
4 
6 
4 
5 
3 
1 108621367  
6 
5 
5 
1 1834496003  
4 
1 178557924  
6 
1 1668356495  
3 
2 
1 1478007021  
1 1158302773  
6 
1 813641365  
5 
1 452704377  
3 
6 
1 1113514865  
1 254662713  
6 
5 
4 
2 
1 1021164169  
2 
4 
1 1168055463  
6 
2 
4 
4 
4 
6 
3 
6 
1 1724448489  
5 
4 
6 
3 
3 
5 
6 
4 
6 
2 
6 
2 
4 
6 
6 
6 
1 961524569  
3 
6 
3 
6 
1 685413015  
4 
5 
6 
3 
3 
3 
5 
2 
4 
4 
2 
5 
1 1657546521  
5 
6 
1 689601607  
6 
4 
3 
4 
1 158680175  
3 
2 
5 
3 
4 
2 
6 
5 
4 
6 
4 
3 
1 331959182  
5 
3 
1 1840529339  
3 
4 
1 330186078  
3 
4 
1 458610530  
1 1871506091  
5 
5 
4 
6 
1 266900958  
3 
1 1864494549  
6 
1 1827455764  
2 
5 
6 
1 741872882  
1 1527740320  
3 
6 
6 
4 
3 
1 820097801  
3 
3 
4 
3 
5 
1 799613607  
4 
4 
2 
4 
6 
5 
6 
6 
3 
6 
3 
1 919401128  
5 
5 
2 
4 
4 
1 928719169  
2 
1 486625962  
4 
3 
3 
5 
5 
3 
4 
1 1097959052  
1 449592016  
1 1964632983  
1 108778178  
1 1263233381  
6 
1 269853713  
3 
6 
6 
4 
2 
4 
4 
4 
5 
6 
1 1222293043  
2 
4 
4 
3 
5 
6 
4 
6 
5 
4 
1 1517896095  
3 
6 
3 
6 
2 
1 1291017882  
6 
5 
4 
3 
1 242864858  
2 
5 
1 1094860936  
6 
1 105058804  
2 
1 928277873  
3 
1 604923809  
2 
5 
6 
1 794660411  
1 1086958048  
6 
2 
1 936882991  
2 
1 487706102  
1 1417144127  
4 
4 
1 1395493521  
4 
5 
1 211728545  
2 
6 
4 
5 
3 
3 
5 
2 
4 
5 
3 
1 1684045085  
4 
2 
4 
2 
2 
6 
2 
4 
3 
2 
4 
1 1112504422  
2 
2 
2 
6 
2 
1 2039184310  
2 
6 
2 
3 
6 
4 
3 
3 
2 
6 
1 278434319  
2 
6 
4 
2 
3 
5 
1 492761094  
6 
3 
2 
5 
4 
2 
2 
3 
2 
2 
4 
4 
1 711798463  
1 1078047927  
1 1412162223  
1 1640517632  
5 
5 
6 
6 
3 
5 
4 
1 1564673889  
1 362637627  
3 
3 
4 
1 2090109648  
1 1381823225  
3 
5 
5 
1 471415805  
6 
1 1205859382  
2 
5 
4 
4 
2 
2 
6 
4 
6 
4 
6 
1 1651676938  
3 
1 1693708848  
6 
4 
6 
2 
3 
2 
6 
2 
4 
1 576271829  
1 795211172  
6 
2 
5 
3 
4 
5 
5 
2 
5 
6 
2 
5 
4 
2 
4 
1 1936573706  
4 
6 
1 1671132765  
5 
4 
3 
1 900269976  
4 
4 
4 
2 
5 
6 
6 
2 
2 
2 
2 
3 
4 
5 
5 
4 
6 
4 
5 
6 
4 
6 
5 
1 717367932  
6 
5 
6 
5 
6 
6 
6 
1 128572926  
3 
2 
6 
1 1694930388  
4 
3 
6 
6 
5 
6 
1 1804325980  
2 
3 
6 
3 
1 1065455917  
4 
3 
4 
2 
5 
6 
1 35152842  
3 
6 
3 
2 
3 
1 1073986459  
6 
5 
3 
1 313465791  
6 
5 
6 
3 
1 246881388  
2 
2 
3 
4 
3 
5 
6 
5 
2 
3 
3 
4 
6 
3 
2 
4 
4 
5 
5 
1 610547896  
3 
2 
4 
5 
1 1425970213  
2 
3 
2 
2 
4 
5 
2 
4 
4 
4 
5 
1 138582050  
2 
5 
3 
3 
5 
2 
5 
4 
6 
3 
6 
6 
3 
2 
2 
6 
2 
5 
2 
1 888982216  
3 
6 
5 
5 
1 1918731308  
2 
2 
5 
6 
3 
2 
5 
6 
5 
4 
4 
5 
3 
1 850380513  
6 
6 
6 
6 
1 1967030143  
3 
5 
2 
6 
2 
5 
6 
1 1183409883  
3 
2 
1 343414498  
6 
6 
1 1384220384  
2 
1 1546047510  
3 
1 286040498  
1 618559961  
2 
6 
3 
3 
6 
3 
2 
3 
5 
6 
3 
3 
1 2017463316  
2 
2 
3 
5 
6 
6 
5 
3 
5 
2 
1 1491899880  
3 
1 122753251  
2 
1 1563688516  
4 
6 
1 2068171709  
5 
1 917964424  
6 
3 
2 
5 
2 
1 1352778575  
2 
5 
4 
2 
4 
5 
6 
4 
6 
1 1591820826  
5 
3 
3 
6 
1 1818234400  
5 
1 2070146507  
4 
6 
3 
4 
1 1720393752  
1 1365681140  
3 
6 
3 
4 
4 
2 
5 
5 
2 
3 
1 1726988839  
6 
6 
4 
4 
6 
5 
3 
5 
1 638366022  
4 
5 
5 
2 
5 
4 
4 
2 
4 
6 
4 
2 
5 
4 
6 
1 1400833983  
1 653491651  
4 
1 951831813  
1 1647715371  
4 
5 
6 
6 
5 
5 
3 
1 1264039547  
6 
6 
3 
1 230318378  
2 
6 
5 
1 1786297421  
2 
1 5538115  
4 
4 
3 
6 
2 
5 
1 1566038  
6 
6 
6 
6 
3 
5 
2 
5 
3 
1 489194286  
2 
5 
5 
3 
3 
5 
3 
5 
6 
1 1972568258  
2 
3 
2 
1 1184975921  
1 832608784  
4 
6 
4 
1 1209304995  
3 
5 
3 
2 
1 583539784  
6 
1 1118649283  
1 1827864956  
4 
3 
1 453519452  
1 463065515  
2 
2 
4 
6 
2 
4 
5 
4 
1 1950618208  
2 
5 
3 
2 
6 
5 
6 
5 
6 
4 
4 
3 
5 
6 
5 
6 
4 
2 
3 
5 
6 
1 2017207968  
3 
4 
1 383753577  
1 721098984  
2 
2 
6 
4 
1 1222502895  
5 
5 
4 
1 1975574403  
6 
2 
4 
5 
2 
6 
3 
4 
3 
3 
1 391849736  
4 
6 
3 
5 
4 
2 
2 
6 
3 
3 
6 
6 
6 
2 
6 
3 
4 
5 
4 
4 
6 
5 
4 
6 
4 
4 
2 
1 1145165754  
6 
3 
1 1548484508  
5 
5 
5 
6 
4 
5 
5 
1 1757530877  
1 724670946  
1 39366882  
2 
4 
1 1010881212  
3 
6 
1 1378162597  
2 
3 
4 
3 
6 
4 
2 
2 
4 
4 
6 
3 
2 
6 
2 
2 
2 
4 
4 
1 991198695  
5 
4 
6 
3 
2 
2 
3 
3 
2 
1 511112935  
2 
2 
1 494718496  
5 
5 
5 
5 
6 
5 
5 
2 
2 
3 
1 1221517073  
6 
3 
4 
2 
2 
5 
1 149926708  
6 
4 
4 
2 
6 
6 
5 
1 500256612  
3 
3 
5 
4 
6 
5 
6 
3 
6 
2 
6 
4 
2 
4 
1 1223083112  
5 
6 
3 
2 
3 
4 
4 
2 
6 
2 
2 
1 639120994  
4 
6 
5 
6 
4 
5 
4 
6 
3 
6 
2 
2 
2 
6 
5 
6 
2 
2 
5 
3 
3 
4 
3 
2 
6 
6 
4 
1 325341222  
5 
5 
2 
2 
2 
1 260575385  
4 
3 
4 
2 
3 
1 1471729779  
3 
1 1534646217  
1 844115169  
5 
1 442895414  
3 
3 
6 
4 
6 
5 
5 
2 
3 
5 
3 
3 
5 
4 
2 
1 1215027526  
6 
6 
4 
1 1297634621  
3 
6 
1 905960929  
6 
4 
4 
3 
4 
2 
6 
5 
1 1018162086  
1 1167358942  
1 1289714506  
1 1739261070  
4 
5 
1 242378189  
5 
1 1117805262  
2 
5 
3 
4 
1 2131110806  
3 
4 
4 
6 
6 
5 
4 
5 
4 
5 
1 1387543944  
3 
5 
5 
1 518806122  
2 
4 
6 
1 1741158035  
4 
3 
3 
3 
2 
4 
4 
1 2112214890  
3 
2 
4 
5 
2 
2 
5 
6 
1 558173004  
3 
4 
6 
3 
4 
6 
3 
4 
3 
5 
5 
6 
3 
4 
5 
2 
6 
1 604555599  
3 
3 
6 
2 
5 
3 
6 
1 1342893839  
3 
4 
3 
2 
5 
6 
5 
6 
2 
6 
4 
2 
6 
4 
4 
2 
6 
5 
6 
2 
2 
1 1549371699  
5 
1 1115668534  
1 1837612335  
1 623405124  
1 1265595242  
5 
1 190385299  
1 1846488236  
5 
2 
4 
2 
2 
6 
1 1904716237  
4 
3 
6 
5 
3 
5 
3 
6 
3 
1 515726522  
5 
1 2107063622  
5 
3 
4 
3 
4 
4 
3 
3 
5 
5 
3 
6 
6 
3 
2 
4 
1 1228962368  
4 
1 2050372739  
3 
6 
1 803695143  
5 
3 
5 
2 
5 
6 
1 1671857782  
2 
5 
6 
2 
5 
4 
6 
3 
6 
6 
3 
6 
1 1117916617  
5 
3 
1 2101329765  
5 
2 
6 
2 
1 430335063  
2 
4 
2 
2 
6 
2 
3 
4 
5 
3 
1 2136078703  
3 
4 
3 
6 
6 
5 
4 
4 
3 
4 
3 
5 
4 
3 
4 
4 
2 
3 
4 
5 
5 
1 1121205059  
4 
3 
3 
5 
2 
3 
5 
6 
5 
4 
5 
1 1720049570  
2 
1 1727856125  
5 
6 
6 
2 
3 
5 
2 
2 
1 1363583248  
2 
2 
6 
3 
3 
1 690371184  
3 
3 
1 1711483284  
5 
6 
3 
4 
4 
2 
1 603643544  
1 1209177306  
5 
1 1305157671  
1 568374786  
6 
6 
6 
6 
2 
1 1767350310  
3 
1 1909713271  
3 
2 
4 
3 
5 
6 
1 1911268625  
2 
1 1169238361  
3 
5 
6 
2 
1 877898157  
6 
4 
2 
5 
2 
3 
2 
6 
2 
1 1601397313  
5 
4 
6 
6 
4 
4 
5 
2 
6 
1 1792643485  
5 
2 
4 
5 
4 
6 
2 
5 
1 2143493400  
4 
2 
4 
5 
6 
1 1791782612  
4 
6 
1 1491648074  
3 
3 
1 1900725989  
2 
4 
2 
2 
3 
6 
2 
6 
3 
2 
2 
5 
5 
6 
6 
5 
5 
3 
2 
4 
3 
1 160025486  
1 1451228048  
4 
4 
1 982204709  
2 
5 
3 
2 
1 62914578  
6 
2 
5 
5 
4 
2 
4 
5 
1 107439543  
6 
6 
5 
5 
2 
2 
4 
1 506578843  
3 
1 1180831195  
4 
5 
6 
3 
1 61285660  
1 936913906  
6 
2 
4 
6 
5 
2 
6 
3 
6 
5 
5 
4 
5 
6 
4 
2 
3 
2 
4 
3 
4 
6 
3 
4 
5 
3 
1 1169426251  
2 
2 
3 
1 1182490719  
5 
3 
6 
6 
1 509479828  
3 
2 
1 749798728  
3 
1 398590320  
3 
5 
3 
2 
2 
6 
4 
4 
4 
4 
5 
6 
5 
3 
6 
4 
5 
4 
1 1199851012  
4 
4 
5 
6 
3 
4 
4 
2 
4 
5 
5 
1 313798364  
4 
1 1002233864  
1 261544670  
5 
3 
2 
6 
2 
1 1618956036  
1 1570608651  
1 2028894980  
6 
3 
1 1381185659  
3 
4 
3 
6 
2 
3 
2 
4 
6 
3 
3 
5 
5 
6 
1 1334393628  
6 
3 
5 
4 
4 
6 
2 
4 
3 
5 
6 
5 
3 
4 
4 
6 
6 
1 1050649693  
2 
4 
3 
1 111600168  
6 
4 
5 
5 
4 
3 
5 
1 788307293  
1 695809531  
1 107609920  
5 
5 
4 
3 
6 
5 
1 432606258  
2 
5 
3 
4 
3 
1 39973957  
5 
3 
3 
3 
2 
6 
2 
1 2008335909  
4 
4 
3 
1 592631744  
2 
2 
5 
2 
2 
2 
3 
4 
2 
2 
6 
2 
6 
5 
3 
5 
2 
1 1491202005  
2 
3 
5 
4 
3 
4 
3 
1 843056970  
3 
1 655546322  
1 1598641548  
2 
5 
5 
5 
6 
5 
4 
2 
2 
6 
4 
4 
1 1349635813  
1 1836377518  
6 
3 
4 
5 
1 1659927209  
6 
5 
2 
1 139066072  
2 
4 
1 858320121  
1 694934280  
4 
5 
2 
2 
2 
6 
4 
3 
4 
5 
4 
5 
2 
2 
6 
3 
2 
4 
2 
2 
2 
5 
5 
6 
6 
1 648545900  
2 
1 1608118849  
1 1093524600  
2 
5 
6 
6 
3 
5 
4 
3 
1 1848396913  
6 
2 
1 1921917214  
4 
3 
5 
4 
5 
1 2095758465  
3 
4 
1 2109941583  
1 1393389602  
6 
3 
1 1518883468  
1 1991352916  
6 
6 
3 
2 
4 
1 627091613  
5 
5 
3 
3 
2 
3 
5 
2 
2 
6 
5 
4 
2 
2 
6 
1 705793448  
2 
5 
2 
1 894518961  
5 
5 
3 
2 
1 738691781  
5 
2 
2 
5 
4 
6 
2 
2 
2 
1 1494100742  
2 
3 
4 
1 1590328492  
3 
5 
4 
5 
4 
3 
5 
1 846301702  
2 
4 
4 
5 
1 1926707000  
6 
3 
5 
2 
5 
3 
4 
2 
6 
6 
4 
1 1630302449  
1 707153963  
4 
6 
1 371855096  
1 974020806  
2 
1 1550210934  
2 
6 
1 1027401419  
2 
5 
3 
3 
4 
6 
3 
1 425178707  
3 
5 
1 752363099  
2 
3 
6 
5 
5 
5 
4 
3 
1 716295289  
2 
2 
3 
1 2085105916  
1 891429171  
3 
2 
4 
1 1574615410  
4 
4 
6 
4 
1 632556548  
3 
2 
1 1539975072  
1 1035250611  
5 
4 
1 1726081149  
5 
5 
4 
3 
1 1240888337  
1 809684177  
1 1674355966  
6 
6 
3 
3 
6 
6 
3 
5 
6 
6 
6 
2 
3 
4 
2 
2 
4 
2 
4 
4 
4 
2 
3 
2 
2 
6 
5 
4 
4 
2 
1 1203346272  
5 
5 
1 55590131  
2 
2 
1 1045755786  
5 
5 
3 
6 
3 
1 1047215540  
3 
1 682681744  
3 
6 
2 
1 1751549234  
2 
2 
1 1941734502  
3 
6 
4 
5 
2 
3 
6 
5 
4 
5 
4 
6 
6 
3 
6 
2 
6 
5 
6 
2 
4 
1 1421373526  
2 
3 
1 1098166328  
3 
3 
5 
6 
5 
5 
5 
1 1384579346  
2 
2 
3 
4 
5 
3 
1 120191580  
4 
1 877389680  
4 
4 
3 
4 
5 
1 867398148  
2 
4 
4 
2 
4 
6 
2 
6 
6 
4 
3 
1 827345543  
3 
1 1249244777  
5 
5 
6 
1 1841418954  
3 
2 
5 
3 
6 
5 
2 
3 
6 
6 
4 
1 230072829  
6 
2 
2 
4 
1 129162548  
4 
5 
4 
4 
6 
3 
1 119114013  
4 
2 
6 
1 982435929  
2 
1 845457837  
6 
4 
3 
4 
4 
1 56736281  
2 
4 
1 1873865100  
1 272589599  
5 
4 
5 
3 
2 
4 
5 
6 
3 
6 
4 
5 
4 
5 
5 
6 
5 
2 
4 
6 
3 
2 
4 
5 
2 
4 
6 
2 
3 
3 
3 
2 
3 
5 
3 
5 
3 
6 
4 
6 
5 
3 
2 
3 
2 
6 
6 
1 689292830  
6 
3 
6 
3 
4 
5 
2 
6 
4 
4 
2 
1 1266356524  
5 
4 
3 
6 
6 
5 
3 
2 
5 
1 1307840210  
2 
1 267890331  
1 359761213  
6 
1 2117524388  
2 
3 
1 1942246297  
3 
3 
6 
2 
6 
2 
2 
4 
1 1563107486  
1 25630871  
6 
3 
5 
5 
6 
6 
1 840518435  
6 
2 
1 462839378  
3 
5 
4 
5 
2 
5 
4 
4 
5 
4 
5 
6 
5 
2 
3 
5 
3 
5 
1 708312616  
2 
4 
4 
4 
1 444584021  
4 
6 
5 
5 
6 
3 
1 257090232  
5 
6 
2 
3 
6 
3 
3 
5 
1 2129686142  
3 
1 1542750350  
1 1641669579  
4 
6 
1 102394074  
1 272656382  
6 
2 
1 361584079  
4 
5 
2 
5 
6 
3 
4 
3 
2 
6 
3 
1 929739617  
4 
2 
1 1521901159  
2 
6 
3 
4 
4 
5 
1 55519385  
2 
1 1159812447  
2 
2 
1 1651063707  
3 
4 
6 
6 
2 
5 
4 
2 
2 
6 
5 
3 
3 
2 
2 
4 
2 
5 
5 
1 174633399  
4 
1 2142248376  
3 
4 
2 
5 
1 349037896  
5 
3 
3 
2 
1 231369680  
6 
1 1868629828  
4 
1 621627495  
6 
3 
2 
6 
5 
1 920662510  
1 987502705  
5 
2 
3 
5 
6 
6 
6 
5 
3 
6 
4 
2 
3 
3 
6 
4 
3 
1 1929467706  
6 
2 
5 
3 
3 
3 
4 
3 
1 1188552841  
1 1347263918  
3 
3 
2 
5 
3 
3 
2 
6 
6 
2 
2 
1 1899508446  
2 
2 
5 
5 
2 
3 
6 
5 
6 
2 
4 
6 
3 
3 
5 
4 
6 
5 
5 
1 983315490  
2 
1 762887756  
1 1925139317  
3 
6 
6 
1 1823833925  
2 
4 
1 1225727135  
5 
3 
2 
4 
6 
3 
2 
4 
4 
6 
5 
2 
6 
6 
5 
5 
1 485968285  
4 
5 
2 
2 
4 
5 
4 
4 
1 120934299  
6 
2 
5 
3 
2 
6 
2 
6 
2 
6 
4 
6 
5 
1 1482817367  
1 468170779  
2 
2 
2 
6 
3 
2 
5 
6 
2 
1 1663684649  
1 977003298  
5 
2 
4 
6 
5 
5 
2 
4 
1 570564853  
2 
4 
3 
4 
3 
4 
1 1936341031  
5 
1 1338587377  
1 1500304471  
6 
3 
3 
2 
5 
4 
6 
2 
3 
6 
2 
1 1310758543  
3 
3 
6 
1 1394106763  
3 
5 
4 
5 
6 
3 
5 
4 
2 
2 
5 
1 512633270  
2 
1 814338602  
4 
4 
5 
4 
4 
6 
1 1568740162  
4 
6 
1 507397998  
4 
5 
1 1163376499  
2 
2 
5 
1 1800109842  
1 228544178  
2 
6 
3 
6 
3 
6 
2 
3 
1 1785003994  
4 
4 
5 
1 573288705  
4 
2 
5 
4 
4 
1 1216046883  
5 
6 
1 1566988052  
4 
5 
2 
3 
1 1761841546  
1 415827154  
1 1319012850  
3 
4 
6 
5 
4 
1 597673389  
6 
1 1178714910  
1 1096668520  
6 
5 
3 
3 
2 
1 274023666  
5 
2 
4 
2 
6 
1 256958397  
4 
3 
5 
6 
2 
1 1582636805  
1 394957965  
2 
2 
3 
3 
2 
1 1739775765  
3 
6 
4 
3 
6 
3 
3 
4 
4 
3 
1 2050807585  
1 2058642614  
5 
5 
5 
1 569295415  
4 
6 
2 
3 
4 
1 473888790  
3 
5 
5 
3 
3 
3 
2 
3 
6 
2 
4 
4 
6 
5 
4 
3 
6 
6 
2 
3 
4 
3 
2 
1 1847499998  
5 
5 
6 
4 
5 
2 
5 
2 
5 
1 1907882793  
2 
3 
4 
2 
5 
2 
5 
1 1974193261  
3 
4 
2 
1 1010774893  
6 
5 
3 
4 
4 
3 
2 
2 
3 
6 
4 
2 
1 1154505908  
3 
4 
4 
4 
1 339342883  
2 
4 
3 
1 1825113495  
1 575762422  
5 
3 
4 
6 
4 
5 
4 
6 
3 
6 
3 
2 
5 
4 
1 846740881  
4 
4 
3 
3 
2 
2 
1 841006346  
5 
3 
1 228388616  
5 
1 1075285060  
6 
6 
6 
1 478526693  
5 
3 
3 
5 
6 
4 
1 801677321  
2 
5 
1 143848295  
3 
5 
3 
3 
5 
4 
4 
2 
4 
3 
2 
6 
2 
4 
1 2045514745  
1 416035220  
1 559675449  
1 1217043948  
2 
3 
3 
3 
6 
3 
2 
3 
3 
4 
1 1013708609  
1 1738390360  
2 
3 
2 
4 
5 
4 
3 
5 
4 
5 
1 166228820  
3 
4 
2 
6 
6 
4 
1 1287732275  
3 
1 1995348757  
2 
2 
3 
1 1748865625  
3 
6 
4 
2 
3 
6 
2 
5 
5 
1 1682690241  
3 
1 1587640874  
4 
1 1652189562  
1 1593849207  
2 
1 9452642  
1 2126078353  
6 
1 1293865557  
3 
2 
2 
1 1917335435  
2 
3 
2 
2 
4 
4 
2 
5 
4 
2 
4 
6 
4 
5 
3 
5 
5 
5 
6 
5 
6 
1 1952787966  
2 
5 
2 
4 
5 
1 157156802  
4 
2 
5 
4 
6 
1 924357695  
2 
4 
6 
5 
5 
2 
5 
6 
5 
6 
3 
6 
1 144647202  
4 
1 1982270298  
6 
1 1500120117  
3 
3 
2 
1 991388083  
1 675792996  
5 
3 
6 
6 
5 
6 
5 
4 
4 
4 
5 
4 
6 
6 
6 
5 
1 1728508733  
5 
4 
2 
4 
1 2066673143  
5 
1 1154319689  
1 382702407  
1 63037791  
4 
4 
2 
3 
5 
3 
4 
5 
2 
5 
6 
2 
5 
2 
1 1052350787  
5 
6 
2 
3 
3 
5 
2 
6 
3 
6 
2 
1 798737627  
6 
3 
5 
2 
4 
2 
5 
2 
2 
3 
4 
6 
2 
1 622713240  
4 
6 
4 
6 
6 
2 
3 
1 121911087  
5 
5 
2 
4 
3 
5 
5 
3 
4 
6 
1 1812446236  
4 
1 213619952  
1 288139907  
4 
5 
4 
1 952694863  
3 
4 
5 
3 
5 
2 
4 
4 
5 
5 
1 61485062  
3 
3 
1 2037005532  
5 
2 
5 
3 
5 
6 
3 
6 
3 
6 
5 
4 
2 
3 
4 
2 
4 
3 
1 487901456  
2 
2 
6 
4 
3 
2 
1 1649125936  
5 
1 1541711447  
5 
1 2081750664  
6 
1 1658578578  
1 1520306152  
2 
2 
3 
6 
2 
4 
1 1228132573  
4 
5 
5 
3 
1 1428430365  
6 
4 
1 1325610470  
3 
2 
5 
2 
5 
6 
2 
5 
6 
6 
2 
6 
2 
3 
5 
2 
4 
1 1385289376  
4 
6 
3 
2 
5 
4 
3 
3 
2 
1 205304412  
4 
1 1470257672  
6 
3 
4 
2 
4 
6 
1 1220076026  
6 
2 
1 1705424529  
6 
2 
1 314162108  
4 
4 
2 
5 
1 1895869022  
3 
2 
4 
6 
1 1286449615  
1 233351603  
5 
5 
3 
1 902705064  
5 
5 
3 
6 
4 
4 
4 
5 
5 
6 
4 
6 
3 
4 
3 
2 
1 1669152022  
1 296389394  
3 
3 
3 
3 
1 1955055851  
5 
1 320406001  
1 919102635  
2 
5 
2 
6 
6 
3 
5 
5 
5 
4 
3 
6 
1 2076966938  
3 
2 
3 
4 
5 
2 
5 
1 2132852237  
4 
5 
6 
3 
1 1132722587  
5 
2 
2 
2 
1 217623197  
2 
5 
4 
4 
1 938063452  
2 
3 
3 
4 
3 
3 
1 1194207649  
4 
4 
6 
1 107145081  
4 
4 
4 
4 
3 
2 
5 
1 1425964909  
2 
4 
5 
1 695849938  
6 
5 
3 
6 
3 
5 
3 
6 
6 
1 1648856528  
6 
6 
6 
6 
2 
2 
6 
6 
6 
5 
1 1360231925  
3 
3 
4 
5 
3 
5 
4 
1 206944868  
4 
3 
2 
3 
1 1021679032  
4 
2 
2 
5 
2 
1 440880850  
2 
6 
1 1635375234  
5 
4 
3 
3 
1 199805855  
5 
1 1826170226  
4 
1 1840679646  
4 
3 
5 
2 
1 1670063527  
3 
2 
6 
3 
1 898762604  
5 
4 
3 
5 
4 
1 1398620528  
6 
6 
5 
4 
3 
2 
2 
1 1984225635  
2 
6 
1 647147979  
3 
6 
4 
3 
2 
2 
3 
5 
2 
1 537586495  
4 
1 70093591  
3 
2 
3 
5 
2 
4 
2 
2 
5 
2 
3 
6 
5 
4 
3 
5 
5 
3 
4 
4 
1 1549853043  
4 
2 
2 
4 
4 
3 
2 
2 
4 
3 
4 
1 59254869  
2 
3 
1 366482985  
2 
4 
5 
4 
2 
4 
4 
5 
3 
1 1357425246  
1 379660870  
5 
4 
4 
5 
6 
3 
1 1285585620  
1 1286908536  
3 
1 365029459  
4 
1 270824560  
2 
2 
5 
4 
6 
3 
4 
5 
4 
5 
2 
6 
1 1504531733  
4 
1 1303092911  
3 
1 1465032209  
6 
3 
4 
2 
2 
4 
3 
4 
3 
5 
4 
1 1611676814  
2 
2 
3 
5 
5 
3 
3 
3 
5 
4 
2 
5 
4 
3 
1 581574172  
4 
6 
1 13398499  
2 
2 
1 1113049695  
5 
2 
6 
1 1941806097  
3 
4 
4 
2 
2 
6 
2 
2 
3 
3 
6 
3 
3 
3 
5 
4 
1 220343368  
1 2134728727  
1 235203300  
6 
4 
3 
1 1855718602  
3 
5 
3 
6 
1 187050934  
5 
4 
1 2061373526  
1 1548914600  
1 1857114462  
2 
4 
6 
4 
5 
6 
4 
2 
2 
4 
2 
1 812652483  
6 
1 800051480  
3 
4 
2 
1 1693856449  
3 
2 
4 
4 
6 
5 
6 
4 
6 
2 
5 
1 1459800462  
4 
6 
1 1337637975  
6 
6 
6 
3 
6 
2 
5 
5 
5 
4 
5 
4 
6 
5 
1 1763950040  
4 
2 
5 
5 
2 
4 
2 
6 
5 
1 862169857  
6 
2 
2 
6 
5 
5 
1 1396892844  
5 
2 
3 
4 
6 
2 
2 
3 
5 
5 
4 
2 
5 
4 
5 
6 
3 
5 
1 2130433026  
5 
5 
4 
2 
3 
6 
3 
1 72111455  
2 
3 
6 
3 
6 
5 
4 
5 
1 1776553714  
4 
5 
2 
5 
1 1268534998  
3 
6 
4 
2 
3 
6 
6 
3 
5 
4 
5 
3 
6 
4 
2 
5 
1 1359019991  
3 
2 
3 
1 2141583173  
4 
3 
6 
2 
3 
6 
3 
4 
4 
4 
5 
6 
4 
2 
4 
1 1539359558  
4 
6 
6 
2 
1 716068076  
3 
3 
5 
2 
2 
1 1297192437  
1 856908120  
6 
5 
2 
6 
2 
5 
2 
5 
6 
1 180261242  
6 
4 
1 1878766609  
3 
4 
5 
2 
2 
6 
1 870306619  
1 1293310937  
4 
3 
5 
6 
3 
2 
1 1673089059  
1 1090649987  
2 
1 1280556017  
5 
6 
4 
2 
5 
3 
1 1908292359  
2 
5 
4 
6 
6 
3 
3 
1 798884941  
1 1467606951  
2 
4 
4 
6 
6 
2 
2 
4 
4 
5 
3 
4 
6 
5 
2 
5 
6 
6 
2 
2 
4 
1 1822182237  
6 
5 
4 
4 
3 
2 
6 
1 200315894  
3 
2 
4 
5 
1 1177237765  
1 487351072  
4 
6 
1 1000367374  
5 
4 
2 
3 
6 
4 
3 
2 
5 
2 
5 
3 
3 
6 
5 
6 
2 
3 
3 
6 
5 
6 
6 
1 723610567  
5 
1 1947151534  
5 
1 190521702  
4 
5 
5 
3 
2 
6 
3 
3 
6 
2 
4 
5 
2 
2 
3 
3 
6 
2 
3 
2 
6 
3 
3 
2 
2 
2 
3 
1 340076959  
3 
6 
2 
5 
4 
2 
6 
2 
3 
3 
2 
4 
3 
1 661837743  
6 
4 
2 
2 
6 
5 
5 
2 
6 
6 
6 
2 
6 
3 
4 
6 
4 
2 
6 
3 
1 1587414546  
1 323026337  
1 733949198  
3 
6 
6 
2 
4 
6 
1 1216484613  
2 
6 
1 1591561336  
5 
1 2092969189  
3 
4 
6 
6 
1 1210584138  
1 983437246  
5 
1 661553617  
6 
2 
1 360292927  
2 
3 
1 1840345366  
5 
6 
2 
5 
3 
4 
4 
6 
5 
1 841814860  
2 
5 
6 
4 
2 
2 
4 
4 
5 
5 
3 
5 
2 
1 91575889  
1 563168338  
4 
5 
3 
1 2135125797  
2 
3 
2 
2 
4 
3 
2 
1 1764664948  
6 
2 
3 
5 
1 1653818325  
1 1268198166  
6 
5 
1 1525473659  
1 305219619  
6 
2 
5 
6 
6 
4 
2 
3 
1 588321470  
6 
1 1200172248  
1 505535513  
4 
2 
1 1765559235  
1 1687523321  
6 
5 
3 
6 
2 
5 
6 
6 
1 1505902887  
5 
4 
3 
6 
2 
1 341686154  
2 
3 
2 
6 
2 
4 
1 1487191207  
6 
3 
1 1696424589  
1 681763114  
3 
3 
5 
4 
2 
4 
6 
1 1545303  
5 
2 
1 1136355488  
1 1004789451  
5 
3 
3 
2 
5 
1 735494501  
3 
3 
5 
5 
2 
3 
4 
2 
2 
5 
4 
2 
6 
3 
6 
4 
2 
1 205356453  
4 
3 
6 
1 448867139  
6 
1 680980043  
3 
2 
1 1415940591  
1 1432304386  
3 
4 
6 
1 1342533660  
3 
4 
5 
3 
3 
1 1776233519  
4 
2 
5 
1 1125166104  
3 
4 
1 36864872  
6 
5 
1 1867809408  
3 
5 
1 1688334442  
1 24507022  
4 
1 1484990708  
5 
6 
4 
4 
2 
1 1194669120  
3 
6 
5 
1 1292705188  
6 
1 862980719  
1 1499888739  
5 
4 
4 
1 1881026658  
2 
1 2063152967  
4 
6 
4 
5 
2 
1 2005424252  
3 
1 1499102246  
4 
6 
4 
3 
2 
4 
4 
5 
1 1603192640  
3 
2 
5 
5 
4 
4 
6 
5 
2 
1 1363843491  
2 
5 
6 
6 
2 
2 
4 
1 1840788400  
6 
3 
5 
3 
5 
1 942900200  
2 
1 912784433  
4 
6 
2 
6 
5 
5 
2 
5 
2 
4 
6 
4 
6 
2 
6 
5 
4 
3 
5 
5 
4 
4 
6 
1 375067866  
3 
1 944445503  
6 
4 
1 2049139921  
4 
1 1379857318  
2 
2 
2 
2 
5 
3 
6 
1 1679940004  
4 
4 
6 
6 
2 
3 
1 107012726  
6 
6 
2 
3 
4 
2 
3 
5 
6 
3 
3 
4 
6 
5 
2 
2 
4 
5 
5 
2 
1 1828724457  
2 
4 
1 213436399  
5 
1 1522953317  
2 
4 
3 
6 
5 
2 
6 
4 
6 
3 
4 
3 
2 
2 
6 
6 
6 
1 1113545195  
1 1555970060  
2 
3 
6 
5 
5 
1 1151703188  
6 
5 
5 
3 
4 
2 
6 
3 
5 
1 91227652  
2 
4 
4 
6 
1 1592834932  
5 
4 
4 
5 
4 
5 
3 
3 
3 
4 
1 872028948  
6 
1 1779562094  
2 
6 
2 
4 
5 
2 
1 1617341954  
4 
6 
3 
4 
3 
1 209536008  
3 
1 826747566  
1 762563495  
5 
2 
3 
2 
2 
4 
3 
2 
1 1072516727  
4 
2 
3 
5 
3 
2 
2 
6 
4 
4 
4 
1 179152657  
3 
6 
5 
5 
2 
4 
4 
2 
1 496106505  
5 
3 
5 
3 
2 
6 
4 
2 
3 
6 
6 
4 
3 
2 
5 
1 988186047  
1 37093261  
3 
6 
3 
1 1995208751  
1 443895039  
5 
5 
2 
1 1400936753  
6 
1 1688513504  
4 
4 
3 
5 
4 
3 
1 1386795239  
6 
5 
4 
3 
3 
4 
6 
3 
1 166237538  
6 
2 
4 
2 
3 
4 
2 
2 
4 
2 
1 2063581370  
1 183757094  
6 
5 
4 
3 
3 
1 67893811  
2 
4 
5 
6 
4 
6 
4 
3 
1 1295955040  
1 1863697099  
6 
3 
3 
5 
2 
3 
5 
2 
2 
1 174906537  
3 
2 
6 
3 
3 
6 
3 
5 
4 
1 977195850  
5 
1 2077133498  
3 
3 
6 
1 1697859854  
2 
4 
4 
4 
1 2090741045  
1 1485619910  
5 
2 
2 
4 
2 
5 
6 
5 
5 
4 
3 
6 
2 
3 
1 702079395  
3 
3 
4 
1 34485049  
6 
4 
6 
4 
1 930971195  
1 1574108343  
6 
4 
5 
6 
4 
3 
1 1814047144  
4 
4 
5 
4 
5 
6 
5 
1 400829501  
6 
2 
4 
5 
4 
4 
4 
6 
4 
4 
5 
6 
3 
1 1783644352  
5 
1 493311062  
2 
2 
2 
2 
3 
6 
4 
3 
1 1163392996  
3 
2 
6 
3 
1 708677431  
1 672463720  
5 
4 
5 
6 
4 
5 
6 
1 1659499502  
5 
3 
2 
4 
6 
4 
6 
2 
6 
1 1696863478  
2 
1 709556981  
2 
2 
1 1507224605  
1 2140758518  
4 
4 
5 
2 
3 
3 
2 
5 
3 
6 
4 
4 
2 
4 
1 2110493734  
6 
2 
4 
1 1048254461  
3 
3 
2 
4 
4 
2 
4 
1 1380070109  
4 
3 
5 
4 
3 
3 
2 
4 
2 
4 
5 
2 
2 
6 
4 
2 
4 
3 
2 
4 
1 129247624  
2 
6 
4 
2 
5 
6 
2 
1 964352184  
4 
2 
4 
6 
6 
5 
6 
5 
6 
6 
5 
3 
3 
5 
1 1563827204  
3 
5 
4 
2 
4 
5 
3 
5 
1 197141435  
3 
1 112823576  
5 
4 
6 
2 
4 
2 
5 
5 
4 
2 
4 
1 1280040655  
4 
4 
4 
6 
2 
1 372047972  
6 
6 
5 
4 
1 1090019426  
1 1209690505  
4 
4 
3 
3 
4 
4 
1 2069907827  
3 
6 
1 1033276824  
6 
3 
2 
4 
1 547826768  
1 624503574  
2 
5 
3 
5 
6 
3 
6 
5 
6 
2 
1 1067761873  
5 
2 
3 
4 
2 
3 
4 
5 
2 
6 
6 
5 
5 
2 
4 
5 
3 
1 1478797963  
6 
1 51128269  
6 
4 
2 
2 
2 
6 
2 
4 
4 
4 
5 
1 734325369  
4 
2 
1 1879627464  
5 
6 
6 
3 
4 
6 
5 
5 
1 1834772621  
5 
2 
5 
4 
5 
1 1227636432  
2 
5 
1 895536813  
5 
2 
3 
4 
1 395966405  
5 
6 
6 
5 
1 1900100152  
2 
4 
2 
1 407552667  
1 2092829883  
6 
2 
2 
2 
5 
2 
5 
2 
2 
6 
6 
2 
2 
6 
6 
6 
2 
4 
6 
3 
5 
2 
2 
6 
3 
5 
4 
4 
6 
2 
2 
4 
2 
3 
1 462173485  
3 
4 
4 
3 
3 
1 1914777272  
6 
1 2086104753  
4 
2 
6 
2 
4 
4 
3 
5 
4 
6 
1 425183572  
5 
6 
2 
3 
4 
6 
6 
5 
3 
3 
6 
3 
3 
3 
5 
5 
2 
6 
3 
5 
5 
5 
2 
3 
1 815548086  
1 1318691215  
1 554431196  
3 
2 
3 
4 
6 
6 
2 
6 
6 
6 
3 
1 1779900270  
2 
4 
2 
4 
4 
6 
1 735034771  
1 751572632  
3 
3 
6 
5 
1 1892723846  
3 
3 
6 
2 
3 
2 
2 
1 2015075426  
5 
4 
6 
3 
6 
1 1123620604  
3 
3 
2 
5 
4 
3 
5 
6 
3 
1 835259625  
1 1077282283  
4 
6 
4 
3 
1 1046044783  
6 
5 
6 
2 
3 
6 
3 
3 
5 
6 
1 1868536449  
4 
6 
2 
6 
5 
3 
5 
5 
6 
4 
2 
6 
3 
3 
4 
3 
2 
5 
4 
1 1625109051  
2 
6 
6 
6 
3 
2 
2 
2 
6 
1 1670548357  
1 788814674  
3 
6 
5 
1 956423366  
1 1721676627  
5 
2 
3 
2 
5 
1 1523140044  
5 
1 688567183  
6 
6 
5 
5 
1 1408965600  
5 
1 603292828  
4 
6 
6 
4 
6 
4 
3 
1 1584103996  
3 
3 
5 
6 
3 
6 
5 
2 
2 
2 
1 1804932005  
5 
1 355909332  
1 1991656663  
6 
6 
1 1750278241  
5 
2 
6 
5 
2 
3 
3 
1 818082817  
4 
3 
1 1758950287  
6 
5 
6 
4 
4 
4 
6 
3 
4 
3 
5 
5 
3 
5 
2 
6 
5 
4 
5 
3 
6 
2 
3 
1 1688899346  
4 
4 
1 1243266389  
2 
2 
1 427014725  
5 
2 
5 
6 
5 
3 
6 
6 
5 
1 860106913  
5 
1 1797697586  
6 
5 
3 
1 59431347  
2 
1 1595141684  
5 
1 401786570  
5 
2 
6 
4 
1 1952155194  
3 
5 
6 
6 
3 
1 1462733462  
1 1525407174  
1 639931171  
1 392532098  
5 
6 
4 
1 423968310  
5 
6 
5 
2 
1 360983972  
5 
3 
5 
4 
1 2017641149  
3 
5 
1 2094516667  
5 
1 1149798646  
6 
5 
3 
6 
4 
6 
3 
6 
2 
3 
5 
5 
6 
5 
6 
2 
6 
6 
3 
2 
6 
6 
4 
2 
2 
3 
1 826580868  
5 
2 
3 
2 
5 
4 
6 
1 1668709646  
5 
2 
6 
1 525455042  
3 
6 
6 
6 
1 1515148051  
1 930191599  
4 
4 
4 
5 
3 
5 
4 
1 1128747870  
4 
4 
3 
2 
5 
1 951768399  
2 
3 
1 587639956  
2 
6 
1 1484657202  
1 795941414  
5 
6 
2 
4 
5 
1 190434549  
4 
2 
5 
2 
2 
5 
5 
1 155256372  
2 
5 
1 407408053  
1 1879333896  
3 
5 
2 
6 
1 1398522761  
5 
4 
5 
5 
4 
1 834422779  
5 
2 
4 
5 
3 
6 
6 
2 
3 
3 
3 
3 
6 
5 
3 
3 
6 
4 
1 591957161  
2 
4 
6 
1 1048736699  
6 
3 
6 
4 
6 
4 
4 
4 
6 
2 
3 
5 
1 893854126  
6 
1 39615198  
1 1450523269  
2 
3 
1 698525672  
3 
1 1502348660  
1 828446796  
4 
6 
1 1338456843  
3 
4 
5 
3 
4 
2 
4 
4 
6 
4 
6 
3 
2 
1 1894880758  
6 
6 
2 
5 
4 
1 1252415106  
2 
5 
6 
2 
1 1699440815  
4 
6 
6 
2 
5 
5 
5 
6 
1 1765038260  
1 1199448125  
1 701755814  
4 
6 
2 
2 
2 
4 
5 
4 
6 
1 444135480  
1 720674124  
2 
5 
2 
1 1227210856  
1 1959283531  
2 
1 1650865723  
2 
5 
4 
6 
1 208475079  
5 
2 
3 
4 
3 
2 
1 763568282  
6 
2 
4 
6 
2 
3 
4 
1 91022031  
2 
6 
2 
3 
6 
3 
5 
2 
2 
5 
4 
6 
2 
3 
4 
2 
4 
3 
4 
4 
1 1693132281  
6 
1 1559509696  
5 
1 281456581  
6 
1 1848388653  
3 
1 1966917749  
4 
3 
5 
6 
6 
3 
6 
1 13306829  
5 
5 
1 1099427767  
6 
4 
2 
3 
2 
4 
3 
2 
4 
3 
4 
5 
6 
5 
1 653856880  
1 605263990  
1 680818  
4 
4 
1 1547711007  
2 
1 644879188  
6 
1 1451204088  
1 98753031  
1 2147227849  
1 132167236  
3 
2 
5 
2 
2 
3 
5 
1 1437209875  
2 
1 1894624959  
6 
6 
1 1384582342  
2 
1 989167042  
4 
6 
1 1512179571  
3 
1 436546819  
2 
2 
4 
4 
3 
4 
5 
5 
3 
4 
4 
5 
3 
4 
6 
6 
5 
1 1690922856  
5 
1 1956315051  
1 1157220943  
2 
3 
3 
2 
3 
6 
4 
4 
1 770650065  
1 1768114934  
5 
1 660603018  
5 
6 
6 
3 
2 
6 
5 
4 
2 
4 
1 979125144  
4 
1 384199568  
2 
5 
2 
1 751625050  
5 
5 
1 524773777  
2 
3 
4 
3 
5 
3 
6 
3 
6 
5 
4 
2 
4 
5 
4 
2 
5 
6 
1 1943709264  
1 1033081631  
3 
2 
1 225678783  
3 
5 
5 
3 
2 
1 1763143366  
5 
5 
4 
5 
5 
1 1046388460  
3 
3 
6 
5 
4 
4 
5 
6 
5 
5 
3 
4 
2 
1 1325106550  
5 
6 
2 
6 
2 
4 
5 
1 269516598  
6 
5 
4 
4 
5 
3 
6 
1 1651652450  
6 
1 1325787368  
4 
2 
4 
4 
5 
6 
2 
2 
5 
2 
1 1817227605  
1 149047991  
1 629507808  
6 
6 
5 
5 
3 
1 1915980637  
4 
1 148792192  
3 
1 761675044  
3 
5 
5 
1 1205706864  
4 
5 
2 
6 
6 
4 
1 2043417151  
4 
2 
3 
2 
5 
1 2146257386  
3 
1 47390258  
2 
1 1408113075  
5 
2 
1 435320558  
6 
3 
2 
4 
5 
1 1738313115  
3 
1 1216944478  
1 1592541501  
4 
6 
5 
5 
6 
4 
2 
4 
3 
1 361479532  
4 
3 
6 
3 
2 
3 
6 
1 837575765  
2 
6 
3 
4 
4 
6 
2 
2 
3 
4 
5 
6 
1 105660872  
5 
3 
6 
2 
1 1340604676  
4 
3 
5 
5 
6 
1 1221775333  
4 
2 
1 857285922  
2 
6 
5 
3 
5 
3 
5 
1 1865378453  
1 1018000950  
1 1890367553  
1 2091057236  
5 
2 
4 
1 633660668  
4 
3 
5 
3 
6 
4 
3 
4 
3 
2 
3 
1 789272365  
2 
4 
5 
6 
4 
2 
3 
1 1268680138  
5 
1 903177266  
2 
5 
1 293441167  
1 446983859  
2 
5 
6 
5 
5 
3 
2 
3 
5 
2 
1 572921224  
6 
4 
3 
1 442489158  
1 1076491667  
3 
5 
6 
2 
1 341418213  
6 
2 
4 
3 
3 
6 
2 
5 
2 
4 
6 
2 
4 
1 591281350  
4 
6 
5 
4 
5 
4 
2 
4 
1 1838166712  
2 
2 
1 1547125077  
4 
3 
4 
3 
2 
4 
4 
1 487214854  
6 
1 1836940450  
1 1594515335  
2 
5 
4 
6 
2 
3 
4 
4 
3 
1 1895327929  
4 
3 
3 
1 124777360  
5 
6 
1 1185344802  
1 964788759  
1 1717318862  
1 1546824334  
2 
1 1802364524  
2 
3 
1 1822979734  
1 739945362  
5 
1 876656210  
5 
3 
4 
4 
1 532782008  
5 
4 
5 
2 
4 
6 
1 457840168  
5 
4 
5 
4 
1 1894657160  
4 
2 
5 
5 
5 
6 
5 
3 
4 
1 275665913  
1 401413756  
2 
6 
1 380834180  
3 
4 
4 
1 1064938278  
5 
5 
3 
1 1670093895  
4 
6 
3 
3 
2 
5 
5 
4 
4 
3 
2 
1 1284011446  
6 
2 
2 
5 
4 
2 
1 1358379445  
1 2117077754  
6 
5 
2 
2 
1 1856932670  
6 
6 
2 
4 
1 1800868604  
2 
3 
2 
5 
1 1046085773  
6 
2 
5 
2 
5 
2 
1 50867235  
4 
2 
2 
2 
6 
2 
3 
2 
5 
4 
1 244666306  
6 
3 
2 
3 
4 
3 
2 
4 
3 
5 
4 
5 
3 
4 
3 
4 
6 
6 
3 
1 736768837  
4 
6 
1 1597992312  
1 731881160  
2 
3 
2 
4 
1 426225640  
6 
3 
6 
2 
2 
1 1045024000  
6 
2 
2 
6 
5 
4 
2 
3 
2 
4 
1 479725441  
6 
3 
2 
1 551003000  
3 
4 
6 
6 
1 82885154  
2 
2 
6 
5 
2 
6 
2 
5 
1 1444514201  
4 
3 
1 120838214  
4 
6 
1 1629709489  
6 
5 
2 
6 
4 
5 
3 
6 
5 
1 1099395077  
2 
6 
4 
1 1943817948  
2 
2 
1 222171203  
1 1976051287  
3 
1 329116308  
2 
6 
2 
2 
3 
5 
1 680011371  
6 
6 
2 
6 
1 1723224799  
6 
3 
1 604782221  
6 
6 
5 
4 
5 
5 
6 
4 
3 
6 
1 1081425128  
1 2104058979  
1 1669720499  
1 604035375  
2 
1 1240586778  
1 880616297  
2 
3 
5 
1 573629481  
6 
1 950035800  
3 
3 
3 
3 
3 
3 
3 
5 
6 
3 
5 
5 
3 
4 
6 
5 
1 534001253  
2 
2 
3 
5 
2 
3 
4 
4 
4 
3 
1 1619715254  
1 1000903036  
6 
3 
4 
1 778667559  
3 
1 209000444  
3 
4 
2 
4 
4 
5 
2 
4 
6 
1 451411700  
3 
6 
4 
6 
1 1510548720  
4 
4 
4 
6 
5 
1 635226084  
3 
3 
1 1496435700  
2 
6 
2 
6 
5 
5 
1 1990274161  
5 
3 
4 
2 
3 
5 
2 
4 
2 
2 
1 1186229084  
1 1579320855  
6 
5 
2 
1 1287304714  
1 1307067299  
4 
1 1061546696  
6 
6 
2 
1 239216144  
6 
3 
5 
4 
5 
6 
1 1103401599  
3 
2 
4 
1 1283717899  
4 
3 
2 
4 
4 
1 67783783  
2 
6 
2 
5 
1 1432517908  
4 
1 1963729271  
5 
4 
4 
4 
1 1791008583  
4 
3 
2 
5 
1 2037300129  
1 897670751  
2 
1 1747583914  
4 
6 
5 
6 
3 
2 
6 
4 
6 
5 
3 
5 
5 
5 
6 
2 
2 
2 
4 
5 
5 
3 
1 1559536981  
1 1501706126  
4 
4 
5 
6 
1 840687044  
5 
6 
3 
1 292669630  
4 
5 
1 2075335607  
4 
1 1790722845  
6 
3 
5 
4 
6 
6 
3 
4 
2 
5 
5 
5 
5 
6 
2 
2 
4 
4 
2 
6 
1 826670883  
5 
3 
2 
3 
6 
3 
5 
5 
5 
5 
6 
4 
6 
6 
5 
6 
1 1547567213  
5 
3 
6 
1 644142233  
6 
3 
6 
3 
6 
6 
2 
1 1605338442  
6 
6 
4 
2 
6 
5 
5 
2 
2 
3 
1 1756567657  
1 1095553933  
5 
6 
2 
4 
5 
2 
6 
5 
2 
5 
4 
6 
6 
3 
4 
3 
6 
1 968403514  
5 
3 
1 244310093  
6 
3 
6 
5 
6 
5 
2 
1 444505986  
2 
6 
6 
5 
4 
6 
6 
3 
6 
1 811194028  
5 
1 1430539178  
3 
2 
1 2023826841  
1 2098498742  
5 
2 
2 
1 590122829  
1 937889889  
6 
3 
1 190231238  
4 
6 
4 
6 
5 
3 
5 
6 
1 1693524428  
1 74124140  
3 
1 258015022  
5 
5 
2 
3 
4 
4 
6 
6 
5 
1 978558688  
3 
6 
2 
3 
5 
1 2037853411  
1 2049023605  
1 868375170  
1 788040514  
5 
4 
6 
1 1649123871  
5 
5 
3 
5 
1 280428503  
3 
2 
1 142262992  
5 
3 
1 342327268  
2 
5 
5 
5 
2 
1 573098133  
4 
5 
5 
5 
1 70114951  
1 2133050113  
5 
3 
6 
4 
1 1399769016  
5 
5 
5 
1 1617682165  
4 
5 
1 629708698  
1 857623810  
5 
3 
2 
1 1226766174  
4 
6 
2 
2 
2 
6 
3 
4 
2 
5 
4 
2 
1 1725262631  
5 
3 
4 
1 1826027325  
6 
4 
6 
2 
4 
3 
1 1471076268  
5 
3 
3 
2 
5 
3 
4 
2 
3 
6 
2 
4 
6 
5 
6 
6 
6 
3 
3 
3 
6 
1 22284969  
4 
2 
2 
5 
1 489737705  
1 754131798  
5 
3 
2 
2 
1 2046111810  
3 
3 
2 
5 
6 
5 
6 
3 
4 
6 
1 440752799  
2 
1 1344254627  
6 
2 
3 
6 
1 836518051  
3 
1 630984038  
4 
3 
5 
6 
3 
3 
4 
3 
6 
2 
2 
6 
3 
4 
3 
5 
3 
3 
5 
5 
1 890295407  
1 910642192  
4 
3 
4 
3 
4 
4 
1 888999060  
2 
6 
3 
1 1868854096  
5 
1 801011955  
3 
3 
2 
6 
2 
4 
1 790539017  
3 
5 
6 
3 
1 589745618  
2 
6 
6 
2 
5 
4 
4 
3 
6 
4 
4 
1 1589052470  
2 
6 
3 
2 
4 
3 
2 
1 292179240  
5 
3 
1 870174121  
3 
2 
2 
4 
6 
3 
3 
3 
6 
1 1731315462  
1 634506508  
3 
4 
3 
2 
6 
6 
1 1443272254  
3 
2 
4 
6 
4 
2 
3 
2 
3 
2 
5 
6 
6 
2 
1 1801430414  
1 620072973  
2 
6 
6 
5 
2 
3 
5 
1 695557622  
3 
6 
4 
1 1271628931  
2 
2 
1 1249781671  
4 
4 
6 
2 
1 1553181432  
2 
1 350911457  
5 
2 
6 
5 
2 
4 
4 
3 
1 827560655  
4 
1 1231725109  
2 
3 
6 
4 
1 1821987725  
6 
3 
1 849845624  
2 
3 
6 
1 1721462814  
6 
2 
5 
2 
3 
3 
6 
3 
4 
1 428635875  
4 
6 
2 
4 
2 
5 
5 
6 
2 
4 
6 
6 
1 748473787  
5 
3 
5 
6 
1 14731966  
1 1772890502  
2 
1 1584991838  
3 
1 645716004  
4 
2 
1 515702262  
2 
1 348150382  
4 
2 
5 
3 
6 
6 
5 
2 
3 
4 
1 1534715064  
1 237072710  
6 
6 
5 
4 
5 
4 
3 
5 
6 
3 
3 
2 
4 
1 1149162338  
5 
4 
3 
1 177770433  
5 
1 826818328  
6 
3 
2 
3 
6 
1 590731160  
5 
5 
4 
3 
4 
6 
3 
5 
1 469949673  
5 
4 
2 
6 
1 1696992449  
5 
2 
2 
2 
1 174562974  
2 
1 1104456182  
4 
1 992781055  
3 
1 1975993388  
4 
4 
4 
3 
1 1724529155  
3 
5 
4 
1 1688338677  
6 
4 
4 
4 
5 
6 
3 
1 1100138671  
1 826827179  
5 
4 
4 
2 
6 
2 
4 
1 1094036461  
6 
3 
6 
1 1451050129  
3 
2 
4 
3 
2 
1 1654387834  
5 
4 
2 
6 
2 
3 
6 
6 
2 
4 
1 178277923  
5 
1 1125554206  
5 
5 
2 
4 
1 356749810  
1 1899740737  
6 
5 
3 
1 1554190082  
1 1105223597  
6 
2 
5 
2 
2 
4 
2 
3 
4 
4 
4 
1 1914472703  
5 
1 1179596936  
5 
4 
1 542731788  
1 412705059  
2 
6 
4 
4 
5 
2 
6 
6 
1 1695299198  
2 
1 890882170  
3 
5 
6 
4 
3 
2 
5 
6 
5 
3 
5 
5 
6 
4 
1 1947420123  
4 
3 
6 
4 
1 1932371908  
3 
5 
3 
6 
4 
4 
4 
1 2040044508  
6 
6 
3 
1 2125190556  
6 
3 
2 
4 
6 
4 
5 
3 
3 
1 611706588  
6 
2 
6 
3 
6 
4 
5 
2 
4 
5 
2 
3 
4 
4 
1 483292020  
1 447656582  
2 
2 
4 
4 
1 161215389  
5 
1 657854995  
3 
3 
2 
4 
2 
3 
4 
4 
5 
5 
1 1552112764  
2 
5 
3 
4 
2 
5 
5 
5 
5 
3 
5 
6 
4 
1 1153996444  
1 486364735  
2 
6 
6 
5 
6 
3 
5 
1 1129158271  
5 
5 
1 694851473  
1 1586503407  
5 
4 
2 
3 
2 
6 
3 
5 
4 
2 
1 1955985450  
3 
5 
5 
3 
2 
3 
4 
5 
2 
1 1788887935  
2 
6 
2 
5 
4 
2 
2 
1 890069888  
1 1462889636  
4 
5 
1 1967165858  
2 
6 
2 
3 
3 
5 
6 
2 
6 
2 
4 
1 2015624094  
1 1819639447  
6 
2 
3 
1 1719422947  
4 
2 
3 
1 1422330528  
5 
1 777379396  
5 
5 
1 1486412003  
6 
4 
3 
4 
5 
5 
5 
3 
1 454443817  
1 1320111184  
5 
2 
4 
5 
5 
5 
4 
3 
6 
2 
4 
1 1899117062  
5 
5 
3 
4 
5 
5 
3 
2 
2 
2 
1 2259367  
6 
5 
2 
3 
6 
4 
2 
3 
6 
4 
6 
3 
1 63509707  
3 
5 
5 
3 
1 1699053538  
6 
2 
6 
2 
6 
3 
1 1934631276  
1 2103554215  
4 
5 
2 
4 
6 
3 
2 
5 
2 
6 
3 
6 
2 
2 
6 
6 
3 
6 
6 
1 1676760446  
1 398854216  
5 
6 
3 
1 439362588  
3 
3 
4 
6 
3 
1 2124417028  
4 
6 
3 
3 
1 560069606  
2 
5 
2 
3 
3 
6 
3 
2 
4 
1 1097217583  
5 
5 
6 
5 
6 
4 
6 
3 
6 
5 
1 1529046144  
6 
6 
2 
5 
4 
3 
6 
5 
1 1714066050  
1 1583582318  
2 
2 
4 
2 
3 
2 
4 
5 
6 
1 510720768  
3 
2 
1 261433876  
1 1022602077  
3 
5 
3 
5 
5 
3 
5 
6 
1 319222570  
6 
3 
2 
5 
3 
5 
3 
1 2050321811  
1 1912671965  
3 
6 
3 
1 1782112207  
3 
4 
6 
2 
6 
2 
1 1870004021  
6 
2 
2 
3 
2 
6 
1 1780812412  
6 
3 
1 1454268006  
5 
4 
4 
3 
4 
4 
3 
4 
2 
6 
4 
2 
4 
1 1441943320  
6 
2 
4 
1 1055659292  
3 
2 
6 
5 
5 
3 
5 
1 84163754  
4 
3 
2 
5 
4 
3 
5 
5 
6 
2 
3 
1 780871675  
2 
5 
4 
4 
6 
2 
1 1510103109  
2 
1 1404274939  
4 
2 
6 
1 532505090  
6 
1 1512362477  
4 
6 
4 
3 
1 1467784646  
5 
3 
5 
6 
5 
1 84074980  
5 
4 
1 1299510105  
3 
6 
5 
3 
4 
1 1423855213  
3 
6 
4 
2 
2 
5 
5 
4 
5 
1 1760835426  
5 
6 
3 
1 1698364321  
6 
4 
4 
3 
3 
1 1863217801  
3 
4 
3 
4 
4 
4 
3 
4 
6 
4 
3 
2 
4 
1 1737768807  
4 
6 
2 
4 
1 110950279  
5 
1 812951736  
3 
1 1119331303  
2 
2 
3 
1 1825016330  
6 
3 
4 
6 
4 
1 249050407  
5 
2 
2 
4 
6 
2 
1 1630052071  
4 
5 
4 
2 
4 
2 
1 2086450206  
3 
2 
5 
4 
1 1271652484  
2 
6 
5 
4 
1 1949274642  
4 
5 
5 
6 
4 
2 
1 1989288369  
2 
1 1036840802  
6 
6 
2 
3 
4 
4 
6 
3 
6 
1 1583903201  
4 
5 
4 
4 
1 1711808742  
6 
3 
5 
5 
1 670169566  
4 
2 
2 
1 890687559  
4 
4 
1 1006268414  
4 
2 
3 
2 
1 1725828858  
2 
6 
3 
3 
4 
3 
1 974851313  
2 
6 
1 1787140090  
6 
4 
6 
3 
4 
3 
1 1088448320  
1 231642604  
5 
3 
3 
1 172161532  
6 
6 
2 
4 
3 
3 
1 453327149  
4 
3 
2 
5 
6 
3 
6 
5 
4 
5 
6 
6 
1 1699427250  
3 
6 
4 
1 256236512  
3 
1 1752837254  
6 
4 
5 
3 
4 
3 
5 
5 
6 
5 
5 
4 
3 
5 
3 
5 
5 
1 975798816  
6 
6 
5 
1 2017071938  
1 1303717927  
6 
4 
3 
1 691532969  
2 
4 
4 
2 
4 
6 
6 
6 
4 
1 1607357097  
4 
3 
2 
3 
1 1414668207  
6 
5 
5 
4 
4 
2 
1 1504484706  
5 
3 
4 
4 
4 
5 
6 
2 
3 
6 
5 
3 
6 
2 
5 
3 
4 
1 579204753  
2 
4 
4 
1 1092200889  
4 
4 
3 
5 
3 
4 
5 
1 1753535113  
1 61773176  
4 
6 
2 
2 
5 
2 
1 1031167447  
4 
6 
1 877703949  
6 
1 2011047818  
3 
3 
4 
6 
4 
3 
6 
4 
1 872972168  
4 
2 
3 
5 
5 
2 
1 1914544751  
5 
2 
4 
4 
5 
1 1447467371  
4 
6 
1 437297262  
4 
1 437230669  
3 
6 
6 
1 190671282  
5 
3 
3 
2 
3 
4 
4 
4 
1 1443565676  
6 
6 
3 
5 
1 15575880  
5 
3 
6 
6 
5 
1 1165522596  
1 1083222118  
2 
1 1104024200  
2 
1 1397165200  
6 
2 
5 
5 
5 
4 
2 
3 
6 
3 
5 
6 
2 
1 1255383650  
4 
2 
5 
3 
2 
6 
1 1557351349  
3 
2 
1 949108803  
6 
5 
3 
4 
6 
4 
5 
4 
5 
2 
3 
4 
2 
5 
1 1511620162  
5 
6 
4 
6 
6 
5 
6 
1 1162704955  
3 
1 1924907619  
1 1381208453  
4 
5 
3 
6 
4 
4 
1 318939234  
3 
6 
1 468956940  
5 
4 
5 
1 841081902  
4 
4 
6 
4 
5 
4 
2 
3 
2 
1 1733607441  
2 
2 
5 
4 
3 
4 
2 
2 
5 
1 1973441646  
5 
3 
6 
3 
1 1420286655  
4 
3 
2 
5 
3 
1 678324682  
6 
2 
4 
1 1579493111  
1 1482059832  
5 
2 
5 
6 
5 
6 
1 1709492129  
3 
4 
5 
6 
5 
2 
1 309713413  
6 
3 
5 
2 
6 
2 
2 
3 
5 
3 
3 
4 
1 1345624002  
5 
6 
2 
1 434980649  
1 76774516  
4 
1 645607726  
6 
6 
3 
2 
4 
1 872277911  
4 
6 
2 
1 514005186  
3 
6 
5 
1 836279008  
2 
4 
6 
2 
5 
4 
4 
1 168359940  
5 
3 
6 
5 
2 
3 
5 
3 
3 
6 
3 
1 529581066  
1 2001801604  
2 
4 
2 
6 
4 
3 
1 1251582058  
1 1633605266  
5 
2 
5 
1 1251483157  
4 
3 
4 
3 
3 
5 
2 
1 359482061  
2 
5 
6 
3 
5 
2 
2 
4 
5 
1 1043472967  
6 
3 
6 
2 
4 
4 
2 
3 
6 
6 
3 
6 
3 
3 
6 
6 
1 53108312  
1 1871102223  
5 
2 
5 
1 58694274  
6 
6 
6 
6 
4 
3 
4 
5 
6 
5 
2 
5 
6 
6 
3 
5 
4 
1 1978015931  
2 
3 
2 
6 
1 1104827028  
4 
1 377633508  
5 
2 
1 299489223  
5 
6 
2 
2 
6 
6 
5 
6 
2 
1 1945908931  
2 
2 
3 
4 
1 2111240950  
6 
3 
6 
4 
4 
4 
4 
4 
2 
5 
1 125447222  
1 1218711938  
3 
1 642081984  
3 
3 
3 
4 
4 
3 
6 
6 
3 
5 
6 
5 
5 
6 
1 1704940333  
1 553288122  
6 
6 
3 
6 
5 
4 
4 
6 
5 
5 
4 
3 
3 
1 204090466  
1 2014653746  
2 
3 
4 
1 1898912125  
3 
3 
6 
