5 
6 
6 
3 
6 
5 
6 
1 1502792419  
6 
4 
3 
5 
5 
4 
3 
3 
3 
1 11698687  
3 
1 1440349017  
5 
3 
3 
5 
3 
2 
5 
4 
4 
4 
2 
5 
6 
4 
3 
5 
6 
3 
5 
1 983751086  
1 121558135  
6 
6 
2 
2 
5 
3 
4 
5 
1 607034575  
1 118529355  
3 
3 
6 
1 461538489  
6 
3 
3 
5 
2 
4 
6 
4 
4 
5 
3 
1 1135690135  
3 
6 
3 
6 
3 
5 
4 
5 
4 
3 
5 
6 
2 
6 
2 
6 
1 1710848971  
2 
5 
1 1103171302  
4 
3 
3 
2 
2 
4 
2 
3 
2 
6 
2 
4 
6 
2 
5 
1 1517027021  
4 
2 
6 
1 688714562  
3 
5 
5 
2 
2 
5 
6 
6 
6 
1 492979849  
3 
2 
3 
4 
1 226557090  
1 594183789  
6 
6 
2 
2 
1 926742530  
4 
2 
4 
2 
2 
5 
5 
2 
6 
2 
4 
1 570386123  
2 
2 
6 
6 
5 
1 593319338  
5 
3 
2 
6 
4 
3 
1 1279449752  
5 
5 
2 
6 
2 
5 
1 1672029672  
1 556258822  
6 
5 
5 
6 
1 1476156865  
5 
2 
2 
5 
6 
4 
3 
3 
6 
1 200709706  
3 
1 328875381  
4 
5 
2 
4 
4 
4 
2 
2 
6 
4 
3 
1 995091193  
5 
5 
3 
5 
2 
3 
3 
1 631825717  
1 630418060  
5 
4 
1 1299281432  
1 1172681828  
3 
1 1439637978  
3 
3 
5 
4 
3 
2 
1 654590203  
4 
4 
2 
1 1184380515  
1 732503347  
6 
4 
5 
2 
4 
4 
2 
1 1638341290  
3 
2 
6 
1 1305938650  
5 
2 
4 
4 
6 
3 
5 
6 
1 1339537923  
3 
5 
2 
3 
3 
4 
6 
4 
2 
6 
6 
3 
6 
5 
2 
5 
4 
5 
1 1756870645  
5 
4 
2 
5 
4 
1 1767477139  
3 
6 
2 
2 
5 
5 
2 
3 
4 
6 
1 327744410  
5 
5 
1 1320235968  
2 
3 
3 
4 
1 723164793  
1 1844771431  
4 
3 
4 
6 
1 2008950530  
3 
1 1216144642  
4 
4 
2 
1 2071328521  
5 
2 
5 
3 
3 
2 
2 
4 
2 
4 
6 
6 
4 
4 
2 
4 
1 455650671  
5 
3 
6 
3 
6 
5 
1 2142887172  
6 
3 
3 
4 
5 
1 494230997  
3 
3 
6 
2 
5 
2 
4 
6 
3 
5 
5 
5 
2 
6 
5 
6 
2 
5 
3 
2 
4 
4 
5 
3 
4 
4 
3 
5 
1 1048970010  
1 1274853276  
3 
1 18777021  
1 1605228832  
4 
6 
6 
2 
3 
1 603526493  
4 
3 
1 219486727  
1 1934104213  
5 
2 
3 
3 
2 
4 
6 
3 
2 
5 
1 1598617687  
3 
3 
3 
3 
5 
5 
6 
3 
4 
5 
6 
1 851312445  
4 
2 
4 
1 417038626  
5 
2 
2 
5 
1 750415471  
1 2023994273  
3 
3 
5 
4 
1 1856676604  
4 
6 
2 
4 
3 
2 
2 
2 
4 
5 
3 
4 
3 
1 1405005674  
4 
5 
2 
3 
3 
3 
5 
6 
6 
4 
2 
5 
6 
6 
1 1060891140  
3 
6 
5 
3 
4 
3 
2 
3 
4 
4 
3 
2 
2 
4 
1 441696304  
6 
4 
5 
5 
2 
6 
3 
6 
6 
4 
5 
6 
1 895863316  
5 
6 
6 
2 
1 219346143  
3 
5 
2 
4 
2 
3 
1 1781234227  
1 505250313  
3 
5 
6 
6 
5 
6 
1 1986823282  
3 
2 
5 
6 
3 
4 
6 
1 2108978637  
4 
5 
2 
5 
2 
3 
6 
1 1825486281  
4 
6 
6 
3 
3 
5 
3 
6 
3 
6 
5 
3 
2 
3 
5 
1 562504428  
4 
4 
3 
1 1806266420  
5 
2 
5 
1 1686953164  
4 
1 1778649070  
6 
6 
6 
4 
4 
1 1730111293  
6 
2 
4 
3 
1 2142603835  
1 1774052595  
4 
2 
2 
6 
3 
2 
1 76858642  
1 1044090197  
2 
2 
4 
5 
2 
5 
5 
4 
6 
1 901422223  
2 
6 
4 
2 
3 
2 
2 
2 
6 
3 
6 
3 
1 95635664  
6 
6 
6 
1 501835382  
5 
3 
5 
1 1504948717  
3 
6 
2 
6 
5 
5 
4 
6 
3 
1 315122391  
5 
1 288455947  
5 
4 
2 
2 
2 
3 
6 
2 
1 956082756  
2 
3 
2 
2 
1 1166434836  
3 
2 
1 705494573  
4 
1 1706498227  
2 
3 
6 
2 
1 1042945461  
5 
3 
6 
6 
2 
3 
6 
5 
1 414687530  
2 
5 
2 
6 
3 
1 964020253  
5 
5 
3 
4 
3 
2 
3 
1 2103836602  
2 
3 
4 
1 856383834  
2 
6 
1 1859883570  
5 
4 
4 
1 175699097  
6 
1 490134413  
4 
3 
1 217650235  
1 15038731  
1 451629402  
6 
3 
3 
6 
2 
4 
2 
6 
3 
4 
1 2043136517  
5 
2 
6 
6 
4 
6 
4 
6 
6 
4 
3 
3 
1 577543159  
5 
3 
4 
3 
5 
6 
2 
1 110412174  
6 
3 
3 
2 
3 
6 
2 
5 
5 
4 
3 
1 1582606033  
2 
1 208708582  
3 
2 
1 1840523467  
5 
2 
5 
1 1577726220  
5 
2 
1 1982761177  
6 
2 
5 
6 
2 
5 
3 
3 
4 
2 
4 
2 
3 
6 
3 
6 
1 1917382110  
1 474332770  
4 
6 
5 
2 
6 
3 
6 
5 
6 
1 736699752  
5 
4 
1 2013017774  
3 
5 
3 
3 
3 
6 
6 
1 976168152  
3 
5 
1 94164821  
6 
2 
3 
3 
3 
1 180656517  
1 1264624099  
1 1050247577  
4 
6 
2 
1 1347091354  
5 
3 
5 
3 
4 
6 
3 
4 
5 
5 
5 
2 
4 
4 
6 
2 
1 1970118673  
6 
4 
6 
5 
1 609262156  
3 
4 
6 
4 
4 
5 
3 
6 
5 
1 242553167  
2 
5 
4 
6 
3 
3 
3 
2 
4 
4 
6 
5 
4 
6 
1 237322555  
1 1573282410  
4 
6 
1 198906121  
2 
4 
5 
6 
3 
6 
2 
3 
4 
6 
1 1093706389  
3 
2 
6 
2 
4 
5 
1 1285682332  
5 
5 
2 
3 
2 
1 374605218  
4 
3 
2 
2 
3 
4 
4 
3 
5 
3 
2 
5 
2 
2 
6 
4 
2 
2 
1 1583840802  
1 1503332567  
6 
2 
4 
5 
4 
6 
2 
6 
5 
1 389643950  
2 
1 2035470204  
6 
2 
2 
4 
4 
1 1398985436  
3 
5 
1 967187109  
1 2145882378  
2 
4 
5 
1 834107821  
2 
4 
3 
2 
1 1175895691  
5 
5 
2 
6 
3 
1 1838922197  
2 
2 
4 
1 264350394  
3 
4 
6 
4 
5 
4 
2 
5 
3 
6 
3 
1 1011173220  
4 
1 1608820659  
5 
4 
4 
6 
3 
5 
5 
6 
4 
1 738683164  
2 
2 
3 
2 
6 
4 
3 
1 1747872973  
4 
1 1474354785  
5 
5 
2 
4 
1 1714851316  
5 
6 
6 
4 
1 1842037794  
5 
3 
5 
6 
5 
1 1655011303  
2 
3 
3 
1 831991767  
4 
5 
4 
5 
3 
2 
6 
6 
2 
5 
5 
2 
2 
5 
5 
2 
3 
2 
1 744801724  
1 854619009  
2 
2 
4 
5 
6 
5 
3 
2 
3 
2 
5 
1 654626792  
1 1354063880  
1 1097172176  
1 891949347  
3 
3 
5 
6 
5 
4 
2 
1 779862642  
2 
5 
4 
4 
6 
6 
1 1296078298  
5 
5 
4 
6 
5 
3 
2 
5 
5 
3 
4 
6 
3 
3 
1 1985655736  
4 
4 
5 
5 
3 
6 
1 2065544974  
1 1670683516  
6 
6 
5 
3 
4 
5 
6 
5 
2 
6 
3 
2 
3 
5 
4 
1 1422012890  
3 
3 
3 
4 
2 
3 
5 
3 
5 
4 
4 
6 
2 
5 
4 
6 
2 
2 
5 
4 
5 
3 
3 
5 
3 
3 
6 
4 
3 
1 1421393894  
6 
5 
3 
5 
4 
5 
1 2060327466  
4 
4 
5 
1 1309999446  
4 
2 
2 
3 
3 
2 
4 
4 
3 
6 
2 
6 
3 
6 
5 
1 672895682  
5 
3 
3 
2 
5 
3 
1 880030928  
2 
2 
6 
5 
3 
1 1308398176  
1 1507003504  
1 2055926619  
5 
4 
5 
1 999836726  
3 
6 
2 
6 
3 
5 
5 
2 
3 
6 
4 
6 
6 
2 
1 1771353898  
3 
5 
4 
2 
5 
1 919616192  
2 
2 
3 
2 
4 
1 461173737  
5 
2 
3 
6 
4 
5 
5 
4 
6 
3 
1 362553414  
4 
1 520005517  
1 1935528523  
6 
5 
6 
4 
4 
6 
1 2077404730  
6 
6 
3 
5 
2 
2 
1 214559663  
2 
5 
5 
1 1443056178  
1 761912849  
1 959361387  
3 
4 
2 
3 
4 
1 150191539  
6 
3 
6 
5 
1 1416539642  
2 
2 
2 
6 
3 
5 
4 
6 
3 
2 
5 
1 165941620  
4 
1 1247363715  
1 161005341  
3 
1 945804262  
6 
4 
3 
1 395958365  
4 
3 
1 2146661078  
3 
2 
6 
1 863865589  
2 
3 
6 
5 
1 2066641882  
3 
3 
5 
1 1421190320  
6 
3 
6 
3 
6 
6 
4 
6 
1 137775835  
2 
1 1979485700  
2 
4 
5 
5 
6 
2 
4 
1 583706119  
2 
3 
1 810671517  
4 
4 
4 
4 
5 
5 
4 
4 
3 
1 712032980  
6 
3 
6 
5 
4 
1 1892104295  
1 170191373  
4 
5 
2 
1 620475952  
3 
5 
6 
4 
1 744457373  
4 
1 1941545271  
6 
2 
4 
5 
2 
4 
4 
1 1540092144  
6 
2 
2 
6 
4 
2 
4 
2 
6 
3 
1 1205631111  
5 
4 
5 
3 
4 
2 
5 
3 
1 156615037  
2 
4 
5 
1 2060097661  
1 993675986  
2 
5 
2 
1 86536119  
3 
5 
2 
2 
2 
6 
5 
6 
6 
3 
2 
4 
6 
3 
2 
6 
6 
2 
1 127173676  
3 
1 289248516  
5 
6 
2 
1 848448969  
5 
4 
6 
5 
1 1086535064  
5 
2 
1 439440055  
4 
1 117504963  
4 
3 
6 
2 
2 
5 
3 
5 
6 
4 
3 
3 
2 
1 1252476684  
2 
4 
4 
1 1686803770  
1 278510304  
4 
1 50797298  
6 
4 
3 
4 
3 
2 
6 
3 
3 
3 
4 
2 
6 
2 
4 
4 
2 
4 
1 2082762136  
2 
4 
1 277687734  
5 
5 
3 
1 914662887  
4 
4 
1 2001920370  
5 
4 
3 
1 1698878055  
4 
2 
1 1052438722  
1 1833922422  
5 
2 
3 
4 
1 135100526  
1 1863110240  
5 
5 
1 398471755  
2 
6 
6 
5 
4 
2 
6 
1 2027204821  
4 
6 
6 
4 
6 
2 
4 
4 
4 
1 2033301613  
6 
1 1018947707  
3 
1 624178547  
6 
6 
6 
3 
4 
1 1827363237  
4 
6 
1 411556203  
1 1829809658  
2 
2 
3 
6 
1 1983978274  
2 
1 324170216  
1 676001996  
1 2070514394  
5 
1 451343892  
4 
2 
5 
2 
4 
5 
6 
2 
1 965250512  
1 771479715  
6 
4 
6 
3 
4 
4 
5 
4 
2 
4 
6 
3 
2 
1 1537878956  
1 1404690567  
6 
3 
1 888984678  
6 
2 
4 
1 642871992  
5 
1 944010689  
6 
2 
1 1167494982  
5 
5 
6 
5 
2 
4 
3 
3 
4 
4 
5 
6 
4 
6 
3 
3 
3 
6 
6 
2 
3 
5 
5 
6 
4 
4 
2 
5 
3 
1 693669291  
3 
1 879289177  
1 1445182717  
2 
6 
4 
4 
5 
2 
2 
4 
6 
3 
1 1608332178  
5 
1 733725899  
5 
2 
5 
6 
5 
3 
6 
6 
1 996577124  
4 
1 513287253  
5 
5 
2 
1 420164674  
5 
5 
1 1131677650  
6 
4 
5 
2 
2 
2 
2 
1 228913845  
3 
4 
5 
3 
1 818636429  
2 
1 1011398823  
1 114731810  
6 
5 
6 
1 1837584136  
2 
4 
5 
3 
6 
2 
2 
3 
4 
3 
5 
4 
3 
2 
3 
6 
5 
6 
6 
6 
3 
1 1635577370  
1 1942095047  
4 
2 
2 
6 
6 
4 
3 
4 
6 
4 
3 
3 
1 101656691  
2 
3 
4 
5 
4 
6 
4 
2 
1 1317903380  
5 
4 
4 
5 
5 
4 
1 1778589674  
5 
3 
2 
6 
2 
5 
5 
1 425826907  
4 
5 
6 
4 
3 
4 
3 
3 
4 
3 
1 1993905376  
4 
5 
3 
4 
3 
6 
3 
5 
4 
1 1701620420  
1 877170799  
3 
5 
1 811672240  
3 
6 
1 325616487  
5 
6 
2 
3 
2 
5 
1 267566108  
3 
2 
3 
1 68879159  
6 
1 1214601165  
1 910438100  
5 
1 1012889849  
2 
1 234612499  
5 
3 
1 1604107391  
3 
2 
4 
5 
6 
2 
3 
3 
3 
2 
5 
1 1892179026  
6 
5 
4 
2 
5 
2 
3 
5 
3 
4 
4 
3 
3 
4 
6 
3 
5 
5 
3 
4 
4 
6 
1 1679795216  
1 1064955922  
2 
6 
5 
4 
2 
4 
5 
1 478421278  
2 
5 
5 
1 528888692  
5 
1 1578243175  
6 
4 
2 
6 
6 
4 
4 
1 898585952  
3 
5 
5 
3 
1 1660566342  
4 
3 
5 
6 
6 
6 
1 1807157020  
6 
5 
2 
6 
4 
2 
2 
2 
1 1717222381  
5 
1 524481518  
4 
4 
6 
2 
4 
2 
2 
3 
4 
2 
6 
2 
2 
5 
3 
5 
1 1921888830  
3 
1 1407322869  
1 12575240  
3 
5 
5 
1 1716500230  
1 1508979560  
5 
3 
1 1330478621  
5 
6 
6 
1 1347606256  
1 1934806467  
3 
4 
3 
2 
2 
2 
2 
3 
1 1176900349  
5 
5 
2 
5 
3 
1 901743028  
5 
2 
2 
3 
3 
4 
2 
4 
2 
6 
6 
5 
5 
2 
6 
3 
5 
6 
6 
6 
6 
1 664493618  
3 
6 
6 
6 
4 
3 
2 
3 
5 
4 
4 
5 
1 1988572590  
3 
3 
2 
6 
4 
2 
6 
6 
6 
3 
5 
4 
3 
2 
6 
6 
5 
4 
5 
2 
1 1227359515  
5 
2 
2 
4 
3 
2 
4 
5 
6 
3 
3 
3 
5 
2 
2 
5 
5 
4 
1 932059726  
1 2057451749  
3 
2 
3 
6 
4 
1 294477032  
4 
6 
5 
2 
1 1842497827  
1 922857950  
3 
4 
6 
6 
2 
3 
6 
1 529089531  
4 
2 
6 
5 
1 1299121570  
4 
3 
4 
6 
4 
1 667553329  
1 61401100  
5 
4 
5 
5 
4 
3 
3 
4 
5 
2 
5 
6 
6 
1 216593844  
5 
3 
6 
2 
5 
4 
1 1145974607  
5 
1 590289792  
1 1794837019  
3 
2 
3 
1 2044560559  
6 
2 
4 
6 
4 
4 
5 
1 103372487  
5 
4 
6 
5 
2 
3 
6 
6 
3 
5 
6 
2 
4 
2 
4 
5 
3 
5 
1 1454510391  
4 
6 
2 
1 1614299292  
1 627854005  
3 
6 
2 
1 1228915574  
4 
5 
4 
4 
6 
3 
2 
4 
1 874138513  
2 
5 
1 640429245  
5 
6 
2 
5 
2 
1 797932156  
3 
3 
3 
3 
1 235634425  
6 
6 
5 
5 
5 
6 
1 1970907866  
6 
4 
2 
2 
3 
3 
6 
2 
1 2145538412  
6 
4 
2 
5 
3 
4 
1 22957244  
5 
6 
6 
1 1000324568  
2 
1 899797792  
6 
5 
3 
6 
3 
5 
5 
6 
6 
4 
5 
5 
6 
6 
5 
3 
5 
2 
2 
2 
5 
5 
6 
4 
2 
4 
2 
5 
2 
6 
6 
4 
1 687450862  
1 841413510  
5 
5 
4 
3 
1 2127157307  
4 
2 
5 
4 
4 
4 
5 
4 
2 
1 1619510589  
3 
5 
2 
4 
1 751381611  
3 
5 
1 274150691  
4 
5 
6 
5 
1 1314524768  
6 
3 
1 1674239562  
2 
6 
5 
2 
2 
5 
6 
2 
4 
4 
1 803240222  
4 
6 
3 
1 466162690  
4 
3 
1 194309243  
1 864641322  
4 
1 682756535  
6 
2 
1 1340283850  
1 1454931115  
6 
6 
2 
6 
2 
1 330109906  
1 1237360761  
5 
3 
6 
2 
4 
2 
1 1558303602  
6 
6 
1 1784620298  
6 
1 704176405  
1 38673959  
3 
1 866052224  
3 
2 
6 
4 
5 
5 
2 
2 
3 
2 
6 
6 
1 1578314918  
4 
4 
3 
1 679103204  
6 
3 
3 
3 
4 
5 
1 1663984380  
1 1813949343  
2 
2 
6 
3 
5 
6 
3 
6 
2 
5 
5 
6 
5 
2 
1 502527423  
5 
1 1662039144  
5 
1 1836906587  
6 
5 
1 1502851991  
3 
3 
6 
1 414353288  
4 
6 
4 
6 
1 376873801  
5 
6 
4 
5 
6 
3 
4 
2 
4 
4 
4 
2 
4 
4 
5 
4 
1 196781853  
4 
3 
2 
4 
4 
6 
5 
5 
1 394026947  
3 
1 1996384390  
2 
3 
6 
5 
1 948163464  
6 
5 
3 
5 
6 
3 
4 
4 
6 
4 
6 
1 668177638  
4 
6 
3 
6 
4 
3 
5 
3 
5 
3 
2 
5 
1 1163425510  
2 
3 
3 
1 474919378  
4 
3 
1 1471417860  
2 
3 
6 
4 
2 
6 
6 
4 
2 
2 
2 
3 
6 
6 
2 
4 
3 
3 
5 
4 
3 
6 
2 
5 
3 
2 
4 
5 
3 
3 
4 
1 1629588201  
6 
2 
1 669228621  
5 
3 
3 
1 188575535  
5 
5 
3 
5 
2 
1 164861088  
2 
2 
3 
4 
2 
5 
1 2009512471  
3 
3 
3 
2 
4 
3 
4 
2 
3 
3 
3 
5 
3 
6 
4 
3 
2 
5 
6 
2 
1 1643506650  
5 
4 
1 494970994  
4 
2 
6 
1 1099389584  
5 
3 
6 
4 
4 
4 
1 1054326604  
3 
4 
2 
1 132107644  
3 
6 
3 
4 
4 
1 1803565989  
6 
4 
1 1093000563  
1 998159868  
5 
4 
1 1234397259  
2 
1 1772103767  
6 
2 
3 
2 
3 
2 
3 
1 514660600  
1 900862954  
6 
3 
2 
3 
6 
5 
3 
6 
2 
6 
2 
1 127147542  
3 
1 29216096  
5 
4 
5 
5 
6 
6 
1 590285893  
3 
4 
3 
1 1629999533  
2 
5 
1 443569384  
6 
2 
4 
3 
3 
3 
1 967159695  
4 
5 
2 
1 1826781386  
4 
3 
3 
5 
1 837596331  
1 816060437  
4 
5 
5 
3 
4 
5 
3 
5 
4 
2 
3 
5 
1 627461203  
4 
6 
1 1505773969  
1 1979485948  
4 
4 
1 1102380581  
6 
3 
6 
1 829708182  
2 
2 
3 
1 1461590501  
2 
1 1771609203  
6 
2 
6 
1 1018283717  
6 
1 1626451589  
4 
3 
3 
5 
1 1633638026  
4 
1 514306719  
4 
6 
2 
2 
2 
5 
6 
3 
6 
2 
6 
1 2121422583  
2 
4 
3 
6 
2 
4 
5 
5 
5 
1 585543963  
6 
2 
1 1568633323  
6 
4 
6 
4 
4 
5 
3 
5 
5 
3 
5 
5 
6 
5 
2 
3 
2 
1 106046580  
2 
5 
3 
4 
3 
4 
4 
4 
5 
2 
5 
6 
1 241626304  
5 
1 514150238  
6 
4 
5 
1 1104206448  
1 1476023564  
4 
1 138770357  
1 1618867049  
4 
2 
3 
2 
4 
3 
3 
5 
5 
2 
1 229402870  
6 
1 265917900  
6 
5 
4 
2 
2 
6 
4 
2 
5 
2 
6 
3 
4 
4 
6 
6 
2 
6 
1 1648083145  
1 819688764  
5 
5 
3 
5 
4 
3 
5 
6 
5 
4 
1 1895917433  
4 
4 
3 
2 
6 
2 
4 
2 
4 
4 
5 
1 2091652530  
6 
3 
5 
4 
3 
1 1786848459  
5 
3 
3 
5 
4 
5 
3 
4 
3 
4 
5 
5 
3 
4 
4 
3 
6 
4 
4 
3 
4 
2 
3 
2 
5 
2 
3 
1 1575215172  
1 781765213  
3 
2 
2 
6 
4 
5 
4 
1 455425248  
6 
6 
6 
3 
5 
6 
4 
4 
4 
2 
3 
5 
1 55192727  
6 
6 
6 
4 
5 
3 
4 
1 140055535  
6 
3 
1 287427548  
6 
3 
3 
1 1157573308  
5 
1 969763717  
4 
4 
4 
4 
4 
6 
5 
1 1749018049  
2 
3 
1 781698863  
4 
6 
2 
1 1988047434  
5 
4 
5 
6 
6 
4 
2 
4 
4 
1 1227985990  
6 
5 
6 
2 
4 
6 
3 
5 
2 
6 
1 267853242  
3 
5 
4 
2 
5 
6 
4 
5 
5 
5 
4 
1 354870505  
5 
4 
5 
5 
2 
1 1201924926  
6 
3 
3 
1 853397205  
1 1923503828  
2 
3 
2 
2 
6 
1 1307971506  
4 
2 
6 
6 
6 
4 
6 
1 1095023509  
2 
5 
5 
1 290170418  
1 264694306  
6 
4 
6 
3 
1 423563425  
5 
2 
6 
6 
5 
5 
6 
1 428940775  
4 
3 
4 
6 
4 
4 
1 1883561355  
6 
4 
3 
4 
3 
5 
5 
2 
6 
2 
4 
1 652966296  
2 
1 694858675  
1 1384160853  
1 1472655060  
2 
6 
3 
5 
5 
6 
3 
3 
3 
5 
4 
4 
5 
5 
3 
4 
2 
6 
3 
6 
2 
4 
4 
6 
5 
1 443292461  
6 
3 
3 
1 1328329735  
2 
1 1112019871  
5 
3 
2 
2 
6 
5 
6 
2 
2 
2 
6 
6 
2 
2 
6 
4 
6 
6 
5 
3 
6 
2 
1 2018507633  
5 
3 
6 
3 
3 
3 
2 
4 
2 
1 2110094948  
3 
2 
3 
6 
6 
4 
6 
2 
6 
6 
4 
1 1567445119  
1 2073700360  
5 
2 
1 102666835  
2 
3 
2 
2 
5 
5 
3 
5 
1 1854872668  
3 
5 
6 
6 
3 
1 1083790020  
2 
2 
6 
3 
2 
2 
5 
1 1072430552  
4 
1 1456407069  
1 1865488884  
6 
1 912994338  
2 
1 536909412  
3 
1 2133342126  
1 1267864843  
6 
3 
1 1738834338  
3 
5 
1 839255683  
5 
4 
3 
4 
4 
3 
1 1043885023  
4 
3 
3 
2 
2 
6 
4 
6 
4 
5 
2 
3 
2 
3 
3 
2 
1 899322196  
5 
6 
5 
6 
1 1934279192  
5 
2 
4 
4 
2 
6 
5 
4 
6 
6 
4 
1 1334055441  
3 
3 
3 
2 
1 1164016502  
5 
3 
2 
1 210358970  
4 
6 
6 
4 
2 
6 
2 
4 
6 
4 
1 1762996217  
1 900094210  
5 
5 
5 
1 863325266  
6 
4 
3 
5 
2 
1 310371244  
4 
2 
6 
3 
2 
4 
5 
4 
5 
5 
2 
4 
2 
1 136771415  
3 
4 
1 188496678  
6 
4 
5 
1 753663705  
4 
2 
1 1465101150  
5 
4 
3 
3 
1 1300516549  
1 624687690  
1 1427712450  
3 
3 
2 
2 
5 
3 
3 
1 720478020  
3 
2 
3 
6 
1 550904402  
6 
6 
6 
3 
4 
2 
3 
3 
6 
5 
3 
3 
4 
4 
6 
4 
3 
5 
2 
6 
2 
1 1530379286  
4 
6 
1 427867040  
4 
6 
4 
6 
6 
2 
1 1634694423  
3 
6 
3 
1 455326190  
3 
3 
2 
3 
2 
5 
1 1884274110  
5 
6 
4 
2 
5 
2 
4 
1 1352699659  
3 
5 
2 
4 
1 1368320529  
6 
3 
3 
5 
1 273699874  
6 
4 
6 
1 1338558137  
1 488701724  
5 
1 2012534212  
1 30330172  
4 
1 1532586748  
1 764372760  
3 
3 
3 
4 
1 1964609364  
5 
1 719158541  
5 
2 
6 
6 
1 1928389262  
1 27484686  
4 
4 
5 
6 
5 
5 
2 
5 
1 334671110  
5 
5 
6 
6 
6 
2 
5 
5 
1 680999824  
4 
5 
5 
6 
4 
6 
6 
4 
5 
1 890809952  
3 
3 
2 
2 
6 
1 645042355  
4 
6 
4 
1 817771239  
5 
5 
1 1079306630  
1 1398706060  
3 
6 
4 
6 
5 
5 
2 
4 
1 135388741  
6 
2 
1 232339531  
4 
6 
6 
4 
1 2023393751  
5 
6 
5 
3 
6 
6 
5 
3 
2 
3 
2 
4 
1 1563101192  
2 
2 
4 
3 
6 
2 
1 952817552  
5 
3 
4 
6 
6 
2 
3 
2 
6 
5 
3 
3 
2 
6 
6 
4 
6 
2 
5 
6 
3 
3 
5 
6 
1 426814505  
2 
1 945996830  
1 1380684592  
2 
5 
6 
1 2061508928  
4 
3 
5 
3 
5 
4 
6 
2 
1 1401323020  
6 
5 
1 1117475054  
3 
5 
3 
2 
5 
2 
2 
1 1266724939  
3 
4 
4 
6 
6 
4 
1 622159901  
5 
5 
5 
1 1391174928  
2 
2 
5 
6 
5 
6 
4 
5 
4 
4 
6 
3 
1 457799428  
2 
2 
4 
3 
1 1110861626  
6 
1 1256225492  
1 488129600  
1 495964726  
2 
2 
5 
3 
1 2020598252  
3 
4 
3 
3 
4 
2 
3 
5 
1 305255317  
5 
2 
6 
2 
5 
4 
3 
1 1215123267  
3 
2 
4 
4 
4 
6 
1 1801503867  
1 332740003  
6 
2 
3 
2 
2 
3 
5 
4 
1 1549794378  
4 
1 335020043  
1 1223549956  
6 
1 47353085  
5 
2 
6 
6 
1 1152791283  
4 
4 
1 155372938  
5 
5 
4 
6 
4 
1 1446059145  
3 
3 
2 
2 
2 
3 
4 
6 
6 
3 
6 
6 
6 
3 
6 
4 
1 1288180024  
1 387712470  
3 
2 
1 1321969248  
1 703797568  
6 
2 
1 1340530022  
6 
4 
1 1748783754  
6 
4 
1 1649794398  
4 
4 
5 
6 
5 
2 
1 573730966  
4 
1 1662809034  
3 
1 903633771  
3 
1 1691206021  
5 
4 
4 
3 
4 
1 782050326  
4 
6 
1 1525793672  
5 
5 
4 
4 
6 
4 
2 
5 
4 
6 
6 
1 934897301  
5 
3 
3 
4 
4 
5 
1 1239849754  
2 
5 
2 
1 489171650  
2 
6 
1 43639146  
4 
3 
2 
1 1727979355  
4 
1 985136376  
6 
2 
2 
2 
4 
5 
1 2064237398  
5 
2 
6 
2 
5 
4 
1 2033234672  
4 
3 
2 
6 
3 
5 
3 
2 
3 
1 52775996  
5 
2 
2 
2 
1 1718257617  
3 
6 
2 
3 
2 
3 
2 
5 
2 
6 
5 
5 
6 
5 
6 
5 
1 218491027  
3 
3 
6 
4 
3 
4 
2 
3 
2 
5 
5 
1 1602570374  
2 
6 
2 
2 
6 
4 
3 
1 2053277661  
2 
3 
6 
6 
3 
5 
4 
5 
3 
3 
2 
5 
2 
1 1442040983  
5 
2 
4 
5 
3 
6 
3 
3 
4 
6 
6 
1 1649923459  
3 
1 1058585296  
2 
3 
2 
3 
3 
6 
5 
5 
2 
5 
3 
6 
5 
5 
2 
4 
3 
2 
3 
3 
2 
5 
6 
4 
2 
3 
6 
4 
4 
4 
6 
1 1597413922  
1 948498956  
5 
6 
5 
4 
3 
5 
1 199281672  
4 
3 
3 
1 1985126392  
2 
5 
3 
4 
3 
3 
6 
3 
2 
6 
3 
3 
6 
2 
3 
5 
5 
1 122984557  
4 
3 
6 
4 
6 
1 903079241  
4 
3 
6 
2 
6 
3 
5 
3 
5 
6 
3 
1 1178172766  
3 
6 
2 
4 
4 
4 
3 
1 1871768311  
3 
1 405389991  
1 1751903732  
5 
3 
5 
3 
1 1387093697  
2 
2 
4 
4 
3 
3 
2 
5 
4 
4 
6 
3 
2 
6 
2 
3 
5 
1 1309023762  
1 1295626105  
2 
6 
3 
1 21660375  
2 
4 
3 
1 687333787  
5 
2 
3 
1 83039759  
5 
5 
2 
2 
6 
2 
3 
1 1261510130  
6 
3 
6 
3 
4 
2 
2 
1 1176505437  
5 
1 126678905  
2 
4 
3 
5 
6 
2 
4 
2 
4 
6 
6 
3 
1 842005837  
5 
1 14158166  
3 
3 
1 43432655  
6 
4 
3 
3 
2 
3 
6 
6 
5 
4 
6 
3 
4 
3 
5 
6 
4 
6 
2 
2 
3 
1 727756861  
2 
6 
6 
5 
5 
5 
5 
3 
2 
1 66934162  
2 
3 
3 
1 1761690273  
1 946247888  
2 
3 
6 
3 
3 
3 
4 
3 
1 1669504536  
4 
3 
4 
4 
6 
4 
1 1667484286  
4 
1 240805224  
4 
2 
6 
1 1171944347  
4 
4 
6 
6 
5 
4 
6 
2 
6 
6 
6 
4 
5 
3 
3 
5 
6 
6 
1 578585934  
4 
3 
3 
2 
6 
5 
1 1838219146  
2 
4 
4 
5 
6 
5 
2 
2 
2 
1 2120443303  
1 777867606  
3 
4 
1 1675861890  
1 95944212  
1 1680946847  
2 
5 
2 
1 706551008  
2 
6 
4 
6 
6 
2 
6 
2 
5 
6 
2 
6 
5 
5 
6 
4 
3 
2 
5 
1 1967712523  
2 
6 
6 
6 
5 
1 2086336839  
4 
6 
4 
6 
6 
6 
6 
2 
4 
4 
4 
4 
3 
5 
5 
5 
6 
5 
2 
4 
6 
6 
6 
5 
5 
5 
5 
2 
6 
5 
5 
2 
2 
1 310971092  
2 
4 
3 
6 
1 1207322573  
1 1247876953  
2 
2 
1 1606597198  
3 
3 
5 
1 1228982948  
1 1935210740  
4 
3 
1 1689636957  
3 
6 
4 
6 
5 
6 
2 
6 
2 
3 
5 
4 
3 
6 
4 
4 
4 
5 
3 
4 
6 
3 
5 
3 
3 
2 
1 343009430  
5 
6 
6 
1 964232530  
6 
1 1816315862  
4 
6 
4 
2 
2 
3 
1 1185015267  
4 
4 
3 
3 
2 
5 
3 
6 
4 
2 
6 
4 
5 
6 
1 978390696  
4 
3 
1 1859748517  
6 
4 
6 
3 
3 
3 
1 1912772128  
4 
1 1045324858  
2 
2 
2 
6 
1 1473955142  
5 
2 
6 
3 
4 
5 
6 
3 
5 
6 
2 
2 
5 
5 
1 711536369  
1 567345746  
4 
2 
4 
5 
6 
5 
5 
3 
2 
3 
4 
3 
4 
1 993955780  
4 
1 952341593  
2 
1 1739290093  
5 
3 
2 
4 
5 
5 
1 1572541714  
2 
5 
2 
3 
4 
4 
5 
3 
5 
1 643077091  
5 
1 1712249748  
5 
5 
1 202925673  
5 
5 
4 
4 
2 
6 
3 
4 
6 
5 
2 
2 
3 
4 
2 
6 
3 
2 
6 
5 
2 
6 
3 
3 
2 
5 
2 
1 171455333  
5 
1 1808193961  
6 
1 1883872520  
1 878006341  
3 
6 
1 1628422836  
4 
2 
6 
4 
4 
5 
1 1822725711  
2 
4 
1 1188977433  
6 
6 
1 688261761  
1 923119017  
3 
1 648090983  
6 
2 
2 
5 
3 
1 1917244710  
4 
6 
1 710846109  
1 190244292  
5 
5 
5 
3 
4 
1 112770492  
3 
2 
4 
1 1675078639  
6 
1 2006560154  
4 
3 
2 
6 
1 1297785760  
5 
2 
1 505985687  
2 
6 
2 
1 1718825024  
4 
3 
2 
1 1063074240  
5 
6 
4 
2 
2 
4 
6 
2 
2 
2 
3 
4 
6 
6 
6 
4 
4 
1 1551310545  
4 
6 
4 
5 
4 
6 
5 
1 1045296518  
2 
3 
5 
1 1774610609  
6 
3 
4 
6 
6 
5 
1 2118656291  
1 2039252299  
6 
6 
4 
1 579468554  
4 
1 1710462736  
5 
3 
4 
6 
6 
6 
3 
4 
2 
4 
5 
3 
5 
1 1464310365  
5 
1 1222545645  
4 
3 
3 
4 
6 
5 
5 
5 
6 
5 
4 
6 
1 1275228837  
1 1667236038  
5 
6 
4 
1 1394000978  
4 
2 
4 
5 
1 935939150  
3 
1 1403624911  
6 
5 
5 
4 
4 
4 
4 
2 
5 
6 
4 
5 
3 
2 
5 
6 
3 
5 
5 
2 
2 
6 
5 
4 
2 
1 124523671  
5 
4 
2 
6 
1 416878338  
2 
4 
6 
6 
5 
6 
4 
1 1078866974  
5 
2 
2 
4 
5 
3 
2 
4 
6 
1 1313501105  
1 1105140100  
6 
2 
6 
4 
2 
6 
1 2001985991  
3 
3 
1 1961592088  
6 
4 
5 
1 874901162  
4 
4 
3 
1 565348453  
3 
6 
2 
5 
5 
4 
4 
2 
1 4352733  
3 
4 
3 
5 
1 987671654  
1 92943444  
1 2010912887  
4 
6 
2 
6 
4 
1 137973766  
3 
6 
3 
6 
4 
1 598929132  
6 
2 
3 
2 
6 
2 
3 
1 1582254263  
5 
5 
4 
2 
1 1201048007  
2 
1 2756029  
6 
2 
5 
4 
4 
6 
4 
4 
1 480067134  
5 
2 
1 828174968  
4 
5 
2 
2 
5 
1 2121412321  
2 
1 371835785  
4 
5 
5 
6 
2 
3 
6 
1 1407643523  
4 
3 
3 
2 
2 
4 
5 
4 
3 
4 
2 
4 
2 
2 
2 
1 1684391409  
3 
3 
4 
1 1836146150  
2 
6 
3 
4 
4 
2 
3 
2 
5 
3 
5 
6 
4 
5 
2 
3 
1 482705520  
1 812136598  
3 
3 
2 
6 
2 
1 1355898541  
6 
1 1876706499  
3 
1 1748075748  
4 
4 
5 
1 612039804  
4 
3 
4 
1 2001230170  
6 
2 
2 
6 
3 
2 
1 17470439  
6 
5 
4 
2 
1 1690906778  
1 1167247627  
3 
5 
6 
5 
1 1122610539  
3 
1 1545409122  
1 981356068  
2 
1 1997511701  
1 2110757575  
1 985708801  
6 
5 
6 
4 
5 
4 
4 
4 
5 
1 837699707  
6 
6 
6 
2 
3 
6 
5 
1 56217371  
2 
5 
1 849138040  
3 
6 
4 
2 
4 
3 
4 
1 975673474  
4 
6 
6 
2 
1 655146503  
3 
1 283908656  
5 
6 
2 
5 
4 
1 29237833  
1 657902533  
4 
6 
1 763975790  
5 
3 
2 
2 
5 
6 
5 
4 
2 
6 
4 
4 
4 
3 
2 
6 
2 
4 
2 
6 
2 
2 
4 
6 
1 857412801  
1 631831206  
4 
2 
5 
1 1135811575  
5 
5 
6 
3 
3 
4 
6 
5 
5 
6 
1 117572676  
1 168738967  
6 
3 
4 
5 
3 
3 
6 
1 824474077  
5 
2 
2 
5 
5 
6 
2 
3 
4 
6 
2 
4 
4 
5 
2 
3 
5 
3 
2 
1 600278197  
5 
5 
1 980875566  
4 
5 
3 
3 
2 
1 32888970  
2 
6 
5 
5 
5 
6 
6 
2 
4 
3 
4 
5 
4 
4 
2 
6 
3 
3 
3 
3 
5 
6 
1 329501048  
5 
6 
1 581467666  
1 644928774  
6 
5 
4 
4 
5 
1 183247570  
3 
3 
6 
5 
1 598938105  
1 188351905  
6 
5 
2 
3 
4 
5 
5 
2 
2 
1 1350495198  
1 1721548644  
5 
4 
3 
5 
2 
3 
4 
2 
5 
1 1733761027  
3 
3 
1 184367618  
4 
3 
6 
3 
2 
1 1571576697  
2 
3 
5 
3 
2 
6 
1 1697034954  
6 
2 
6 
4 
2 
4 
3 
1 1170076419  
4 
6 
3 
4 
2 
3 
5 
1 261792757  
2 
4 
3 
5 
4 
2 
1 1753252325  
3 
1 2019214459  
2 
1 1237466231  
2 
1 260915181  
1 155639467  
3 
6 
2 
3 
4 
4 
4 
4 
4 
5 
5 
6 
1 1266704064  
1 918817714  
1 919615257  
6 
6 
1 2124116865  
2 
5 
1 1550648920  
6 
5 
2 
1 2055426832  
5 
4 
4 
3 
2 
2 
1 94205894  
3 
1 1719387887  
4 
4 
6 
2 
1 732417262  
5 
3 
6 
4 
3 
1 694484091  
5 
1 552779805  
2 
5 
2 
1 765306232  
1 1023985139  
1 1134247472  
5 
4 
5 
3 
5 
3 
3 
5 
6 
6 
2 
5 
2 
6 
4 
4 
1 1410235007  
5 
5 
3 
3 
5 
5 
2 
5 
5 
2 
3 
2 
4 
1 1207232709  
1 1733185577  
2 
2 
1 1598586912  
1 410244259  
5 
3 
6 
6 
2 
2 
1 1307250574  
4 
5 
3 
1 1184864291  
3 
3 
3 
3 
5 
6 
3 
6 
4 
4 
5 
5 
4 
1 594611877  
4 
6 
1 731343623  
6 
6 
4 
2 
1 734415597  
1 1764688296  
5 
4 
2 
3 
6 
1 993136380  
1 340184274  
2 
4 
1 1636419108  
5 
4 
2 
6 
6 
2 
3 
6 
2 
3 
2 
4 
6 
1 83118963  
1 601099455  
3 
6 
4 
1 1792058575  
2 
4 
2 
4 
2 
3 
4 
2 
2 
4 
1 1349823027  
5 
1 1519917169  
4 
3 
3 
4 
3 
6 
5 
1 564190185  
6 
1 1326456245  
3 
6 
6 
4 
6 
2 
3 
5 
3 
4 
4 
5 
4 
6 
1 923082441  
2 
2 
1 472133369  
5 
5 
2 
1 1420662139  
1 494986681  
3 
4 
3 
6 
1 1204550631  
3 
1 2115146230  
6 
5 
2 
3 
2 
5 
5 
4 
4 
6 
1 1047766486  
6 
2 
4 
3 
6 
3 
2 
1 1969856864  
1 991647721  
2 
6 
5 
1 34530310  
6 
4 
5 
6 
2 
5 
3 
3 
3 
5 
5 
5 
5 
2 
6 
4 
4 
6 
3 
5 
5 
6 
6 
3 
3 
5 
2 
4 
5 
5 
3 
5 
5 
6 
6 
1 1232608223  
2 
4 
3 
6 
5 
5 
3 
1 51396782  
3 
2 
5 
4 
3 
4 
5 
6 
1 1767715888  
1 683711487  
3 
1 461641042  
5 
5 
1 927482814  
1 1868575778  
4 
4 
6 
1 1056252919  
4 
5 
2 
4 
4 
4 
2 
1 1658826437  
5 
5 
4 
4 
3 
4 
5 
6 
6 
6 
5 
6 
6 
3 
1 455507727  
5 
6 
5 
5 
3 
6 
5 
6 
3 
6 
4 
6 
3 
6 
6 
5 
4 
4 
1 673457568  
1 504479170  
3 
6 
1 795692001  
3 
5 
1 162393028  
3 
1 587598133  
1 1396791457  
1 1954451603  
1 1937421161  
1 769224978  
2 
3 
4 
6 
5 
1 371158140  
1 1116393758  
6 
5 
3 
4 
1 1692307420  
5 
2 
1 843291510  
6 
1 389572249  
6 
5 
5 
1 39810453  
6 
3 
4 
4 
3 
2 
4 
3 
3 
2 
1 2047842141  
5 
5 
2 
2 
2 
6 
5 
4 
6 
1 357234831  
1 1087576939  
4 
4 
3 
3 
3 
1 1870215357  
5 
4 
5 
2 
6 
2 
2 
2 
5 
5 
3 
3 
3 
3 
4 
6 
2 
6 
2 
4 
4 
6 
2 
2 
2 
1 1348882552  
4 
3 
4 
2 
1 1122107250  
6 
5 
1 955339932  
1 1400279334  
3 
5 
2 
5 
1 742339490  
2 
4 
5 
5 
4 
1 1639051419  
2 
2 
6 
1 1861920376  
6 
1 1669822304  
4 
6 
3 
6 
3 
4 
5 
3 
5 
4 
6 
2 
6 
6 
5 
6 
3 
4 
2 
3 
1 1360143549  
5 
4 
5 
1 770689648  
1 1181165093  
3 
1 1815651276  
6 
1 1444147216  
5 
5 
5 
6 
6 
1 1685644263  
3 
2 
6 
4 
1 463859630  
4 
5 
2 
6 
2 
6 
3 
4 
2 
3 
1 1606540244  
4 
6 
3 
1 125758749  
6 
5 
2 
3 
5 
2 
4 
2 
2 
6 
1 1860651087  
1 1413508199  
3 
3 
5 
6 
1 2063179910  
3 
3 
5 
1 482392417  
3 
1 1784666340  
3 
3 
3 
3 
5 
4 
2 
3 
5 
5 
1 1032090020  
3 
6 
6 
3 
1 27216189  
4 
6 
4 
6 
4 
6 
2 
1 480474202  
6 
6 
3 
4 
3 
2 
4 
5 
2 
4 
4 
1 1421662269  
2 
6 
5 
6 
4 
6 
3 
2 
6 
2 
3 
5 
1 67026642  
4 
4 
2 
4 
1 380832695  
2 
1 1778897100  
3 
2 
6 
5 
6 
4 
5 
1 1154603582  
6 
3 
5 
3 
6 
6 
2 
1 103564405  
3 
1 980296004  
1 129227184  
5 
3 
1 1058904337  
4 
2 
3 
6 
6 
4 
4 
5 
1 233091690  
6 
5 
6 
5 
2 
3 
5 
5 
6 
2 
4 
1 871566674  
3 
5 
3 
3 
6 
5 
5 
4 
1 550472109  
5 
2 
5 
3 
4 
1 2095012067  
1 393905330  
6 
5 
2 
2 
5 
1 1910615658  
1 718218067  
1 1575070423  
1 1578783287  
3 
1 14881635  
5 
2 
4 
6 
2 
1 1113231039  
2 
1 2042642917  
6 
2 
2 
3 
6 
4 
4 
2 
5 
5 
4 
4 
4 
2 
3 
1 1621421879  
3 
3 
3 
5 
6 
3 
6 
4 
2 
5 
3 
4 
3 
3 
3 
4 
1 1238989788  
6 
2 
2 
5 
4 
4 
3 
4 
4 
5 
3 
4 
6 
1 1755810356  
2 
6 
3 
6 
4 
4 
2 
5 
3 
5 
1 887446430  
1 1154686050  
6 
4 
5 
6 
1 90719125  
6 
5 
4 
3 
1 524629122  
6 
4 
5 
1 39292422  
4 
3 
4 
2 
3 
3 
1 117935315  
4 
3 
1 1005103324  
6 
4 
2 
2 
3 
3 
1 1460954691  
1 184961957  
1 1385936020  
1 1092368143  
5 
3 
3 
6 
5 
5 
2 
1 1339565539  
3 
1 1489500425  
1 2072664147  
5 
4 
5 
3 
6 
1 1468792723  
4 
3 
2 
3 
3 
4 
6 
4 
3 
5 
6 
1 400921114  
6 
5 
1 158272189  
3 
3 
1 192875749  
3 
2 
6 
3 
2 
3 
4 
2 
2 
1 951393223  
4 
3 
1 105800608  
4 
6 
5 
1 586781079  
6 
6 
4 
5 
2 
4 
4 
4 
4 
2 
6 
5 
4 
5 
5 
3 
3 
3 
2 
1 714525234  
6 
6 
2 
6 
2 
6 
5 
4 
1 824018675  
5 
1 14367855  
3 
1 145824873  
2 
5 
3 
6 
6 
3 
4 
6 
1 838900310  
2 
2 
4 
6 
6 
6 
5 
6 
6 
3 
5 
6 
4 
3 
3 
1 1127598894  
3 
3 
4 
5 
3 
4 
5 
2 
1 40984142  
5 
3 
4 
4 
5 
2 
1 312838541  
5 
6 
6 
5 
5 
5 
4 
1 219105034  
6 
2 
2 
6 
2 
6 
6 
5 
4 
3 
1 1796794498  
4 
2 
3 
6 
6 
4 
4 
5 
2 
5 
3 
4 
3 
6 
6 
5 
6 
3 
1 1200284972  
6 
1 1373791084  
4 
3 
3 
6 
1 1887513623  
3 
1 1724914094  
6 
1 1413083506  
2 
3 
6 
6 
2 
3 
6 
5 
3 
1 2005448938  
1 582533771  
4 
5 
1 726554549  
1 42927248  
2 
2 
2 
5 
3 
6 
5 
4 
6 
5 
4 
1 1968469791  
5 
5 
1 1818922692  
6 
4 
3 
3 
2 
3 
4 
2 
6 
2 
2 
6 
1 1382492787  
1 1310486568  
1 1744103191  
1 703801863  
5 
6 
1 1711407682  
6 
3 
5 
6 
5 
6 
5 
3 
6 
6 
6 
1 1902375380  
2 
5 
6 
5 
2 
2 
3 
1 896677612  
6 
4 
5 
6 
2 
6 
5 
6 
1 515317258  
4 
6 
1 2008175989  
2 
1 1483458692  
2 
1 1229842492  
1 684711016  
3 
5 
2 
1 1497826547  
3 
5 
6 
1 1375667365  
1 1523611327  
2 
3 
2 
1 477941793  
4 
2 
5 
3 
4 
1 1416651507  
6 
5 
3 
6 
3 
3 
3 
1 1836449868  
5 
5 
1 697046827  
5 
3 
1 1065962357  
1 889251192  
2 
3 
4 
1 2070837911  
4 
1 805992332  
5 
1 466681639  
1 1336437769  
4 
2 
1 663957623  
3 
3 
1 1049215410  
2 
6 
1 2062992318  
4 
4 
2 
5 
4 
5 
2 
2 
2 
2 
2 
4 
4 
2 
5 
5 
5 
1 706884871  
4 
3 
6 
2 
2 
4 
4 
5 
1 870201553  
1 1734431362  
2 
4 
5 
5 
1 2089377658  
4 
4 
5 
2 
5 
6 
1 33204473  
3 
3 
3 
5 
3 
4 
2 
6 
2 
4 
3 
1 1331050905  
3 
3 
6 
3 
2 
5 
3 
4 
1 645695873  
5 
2 
2 
5 
6 
6 
3 
3 
6 
4 
3 
2 
2 
1 1744612155  
2 
1 1085942637  
3 
4 
6 
5 
4 
1 1542373486  
4 
6 
3 
2 
4 
4 
1 112445765  
1 946634978  
3 
3 
6 
4 
1 878348530  
3 
6 
5 
2 
3 
2 
4 
1 1342288257  
5 
3 
5 
4 
2 
3 
2 
6 
4 
3 
4 
1 1631345995  
1 228691429  
4 
4 
3 
3 
5 
4 
4 
4 
5 
2 
5 
4 
3 
6 
4 
6 
3 
4 
4 
1 570471974  
1 1007473674  
3 
4 
1 706633222  
1 1987123481  
5 
3 
5 
6 
3 
1 696439894  
5 
4 
3 
6 
6 
4 
5 
1 1403680049  
6 
5 
5 
3 
1 905602190  
5 
4 
4 
1 1585691087  
1 1327034312  
4 
4 
5 
5 
4 
3 
4 
5 
3 
3 
2 
2 
6 
4 
4 
1 1711594523  
4 
6 
4 
2 
6 
4 
6 
2 
5 
2 
1 2052372726  
4 
2 
2 
3 
1 515988433  
3 
4 
2 
5 
3 
5 
1 228068498  
6 
2 
4 
5 
2 
5 
5 
1 954104488  
4 
3 
1 431497103  
3 
5 
1 934953369  
2 
1 1824306041  
1 18444817  
3 
2 
2 
6 
3 
3 
1 876847379  
4 
1 1857510514  
2 
5 
5 
3 
6 
6 
2 
3 
4 
3 
1 1349495722  
4 
5 
6 
4 
4 
6 
5 
2 
6 
1 1522543253  
6 
1 1454639021  
6 
5 
5 
5 
3 
3 
5 
4 
2 
2 
3 
1 287954711  
1 917433091  
1 1567084787  
5 
6 
5 
5 
2 
2 
4 
2 
4 
6 
5 
6 
3 
2 
5 
4 
6 
2 
1 1234589690  
1 1795781621  
3 
2 
3 
3 
6 
5 
1 761889396  
1 718452037  
5 
5 
4 
1 2024473050  
1 1332361371  
4 
2 
5 
2 
6 
3 
6 
2 
6 
2 
6 
1 1725925711  
4 
5 
5 
4 
1 583622624  
3 
6 
4 
2 
2 
1 1172001204  
4 
1 274881957  
6 
5 
2 
4 
2 
6 
4 
2 
2 
3 
5 
3 
2 
6 
1 1987302673  
5 
1 2077603395  
1 1860573044  
2 
5 
3 
1 1166853337  
1 1641714270  
1 1765462122  
6 
6 
2 
2 
3 
6 
1 1682841770  
1 1869782768  
1 572082962  
5 
3 
4 
1 2114338873  
2 
1 657252489  
4 
6 
2 
5 
6 
6 
1 248905355  
4 
2 
4 
5 
3 
4 
2 
2 
3 
2 
5 
6 
1 2132783690  
3 
4 
2 
2 
3 
2 
4 
3 
6 
6 
5 
5 
2 
1 1534099868  
2 
2 
1 2106415869  
6 
1 1334795764  
1 909159473  
3 
3 
2 
1 1413571243  
1 1622750475  
6 
6 
5 
4 
1 1826592564  
6 
4 
3 
1 833172382  
1 709856517  
6 
6 
3 
6 
4 
4 
4 
6 
6 
6 
6 
2 
4 
4 
5 
4 
4 
1 1474890537  
5 
5 
5 
4 
1 1595061778  
6 
5 
4 
4 
6 
6 
1 1428308554  
1 1351879939  
2 
5 
1 779939501  
5 
6 
1 1006750617  
6 
4 
1 1935502563  
3 
6 
6 
1 1951940706  
4 
3 
6 
3 
3 
4 
2 
2 
1 1281632575  
3 
2 
4 
4 
4 
6 
2 
6 
6 
4 
4 
1 1775321588  
3 
3 
6 
4 
3 
4 
4 
6 
2 
3 
2 
6 
4 
4 
3 
4 
3 
3 
3 
4 
5 
1 1882060453  
4 
6 
3 
3 
2 
6 
6 
6 
2 
2 
4 
2 
1 994721971  
6 
4 
3 
5 
1 794691277  
6 
6 
1 1376291075  
2 
6 
2 
2 
4 
5 
2 
2 
1 612700446  
5 
4 
6 
1 330049399  
5 
1 1098590195  
6 
3 
6 
3 
2 
6 
6 
5 
4 
4 
6 
3 
3 
6 
5 
1 1184783408  
5 
6 
1 296904624  
6 
6 
4 
5 
1 1755842684  
2 
6 
2 
4 
5 
4 
6 
6 
6 
6 
6 
1 1433688764  
3 
5 
2 
1 282204666  
4 
5 
2 
6 
4 
6 
3 
4 
1 1142458904  
3 
5 
5 
2 
5 
1 1392620985  
1 1617000430  
4 
6 
3 
2 
5 
3 
4 
1 2051618378  
6 
3 
1 658708580  
4 
3 
6 
1 1092267258  
4 
1 1730727294  
6 
4 
4 
3 
2 
4 
5 
2 
3 
2 
2 
6 
3 
3 
1 1491880962  
1 1802123775  
5 
3 
4 
5 
2 
2 
6 
1 1058134184  
5 
1 939459093  
1 1082948682  
2 
3 
4 
4 
5 
2 
1 262530475  
4 
3 
5 
6 
6 
6 
6 
5 
2 
2 
2 
1 1719398594  
5 
6 
1 2089699299  
1 50549391  
4 
2 
2 
4 
1 1523855652  
1 1223848226  
5 
2 
4 
1 1825870979  
6 
5 
4 
5 
5 
1 1258432457  
2 
3 
3 
6 
1 71086550  
4 
1 473078609  
3 
2 
2 
6 
6 
2 
4 
6 
3 
1 487239884  
2 
6 
5 
6 
6 
1 683786996  
5 
1 803128008  
3 
3 
6 
1 1585830079  
5 
3 
3 
4 
4 
5 
6 
5 
5 
1 1868570404  
2 
3 
2 
3 
4 
3 
6 
5 
3 
1 1100032633  
2 
4 
2 
3 
1 1194189115  
4 
4 
2 
5 
3 
6 
1 1154775520  
5 
5 
4 
2 
2 
2 
2 
4 
2 
2 
2 
6 
2 
1 1382237299  
5 
4 
3 
2 
2 
6 
3 
6 
4 
3 
3 
3 
4 
5 
2 
1 189164372  
6 
5 
3 
1 399912858  
6 
4 
1 851754082  
6 
6 
6 
4 
1 93299102  
5 
5 
1 1058621438  
4 
5 
1 1944021340  
3 
2 
1 1824026396  
2 
4 
6 
2 
2 
2 
5 
6 
4 
2 
5 
2 
6 
3 
1 403018753  
6 
3 
4 
6 
4 
3 
4 
4 
3 
4 
5 
3 
3 
2 
6 
3 
2 
4 
1 1598661467  
4 
5 
5 
4 
5 
5 
2 
6 
2 
1 734676932  
1 1342477846  
1 534126501  
6 
5 
5 
6 
6 
1 997207408  
6 
1 914392792  
1 476342153  
4 
2 
5 
6 
1 1047756799  
3 
6 
4 
1 290764797  
4 
6 
5 
2 
2 
5 
5 
6 
6 
5 
2 
5 
3 
3 
5 
1 1700190379  
6 
6 
5 
2 
1 726144130  
1 1549197254  
3 
4 
5 
3 
1 1771276929  
2 
5 
1 1199222739  
3 
5 
1 2036437139  
4 
2 
6 
1 307580277  
5 
5 
2 
5 
6 
2 
1 2002350748  
5 
1 1474783570  
6 
4 
3 
3 
2 
6 
4 
4 
1 28667034  
2 
4 
5 
4 
1 954899733  
4 
5 
1 521489038  
2 
2 
1 1183442554  
2 
1 189653384  
4 
2 
3 
3 
1 710653410  
3 
2 
4 
2 
4 
2 
2 
4 
3 
5 
1 1583355412  
1 1041407466  
3 
2 
2 
1 803952512  
4 
4 
5 
3 
6 
5 
6 
4 
5 
3 
1 494493203  
6 
5 
6 
1 837945158  
2 
2 
4 
6 
4 
2 
5 
2 
3 
4 
2 
3 
5 
5 
5 
3 
1 480495260  
6 
6 
6 
4 
6 
3 
6 
3 
1 897511956  
3 
1 289122978  
2 
1 1215172193  
6 
5 
4 
3 
2 
5 
5 
2 
3 
3 
5 
3 
6 
5 
3 
5 
1 92506154  
5 
4 
2 
1 823249479  
1 64895953  
5 
6 
5 
2 
4 
5 
2 
1 1006898946  
2 
2 
1 1299591632  
1 1112652752  
4 
2 
2 
1 1297663743  
6 
5 
3 
1 852298364  
3 
1 1838796882  
3 
1 699377350  
1 476091645  
6 
1 890535974  
4 
1 588330841  
6 
3 
1 783671923  
1 745403074  
1 2063114411  
4 
2 
2 
4 
2 
4 
2 
1 812338957  
6 
4 
6 
5 
2 
5 
6 
6 
3 
6 
6 
3 
2 
1 1700302807  
1 437119801  
1 1995781511  
2 
1 1889956191  
1 1147773211  
5 
6 
2 
4 
4 
2 
4 
4 
5 
6 
6 
1 1431653276  
3 
3 
6 
6 
3 
3 
6 
3 
5 
4 
2 
6 
3 
5 
1 783880010  
4 
4 
3 
3 
6 
5 
2 
4 
4 
2 
6 
2 
1 1951725723  
4 
6 
4 
5 
2 
3 
5 
1 1926146479  
3 
5 
5 
2 
6 
1 1621825168  
4 
3 
2 
5 
2 
2 
2 
3 
6 
4 
1 284737336  
5 
3 
4 
3 
1 676174787  
3 
2 
1 1910948146  
6 
1 1499909529  
2 
4 
2 
5 
5 
3 
6 
2 
6 
4 
5 
3 
3 
2 
4 
3 
1 768680941  
1 586713978  
1 1564805482  
6 
2 
5 
5 
5 
4 
1 1775579887  
5 
1 1886305610  
4 
1 529974586  
3 
2 
2 
5 
6 
4 
2 
5 
1 925759983  
1 591120326  
1 221287820  
6 
5 
2 
6 
4 
6 
4 
2 
1 1625137333  
4 
5 
1 1067211972  
6 
6 
2 
2 
3 
2 
5 
1 1111823794  
6 
6 
1 65984526  
1 1850883895  
1 1857226868  
2 
1 2129098937  
4 
2 
6 
2 
1 515739204  
6 
3 
3 
2 
6 
6 
3 
4 
5 
2 
2 
5 
5 
6 
2 
4 
4 
5 
4 
5 
3 
3 
2 
6 
5 
1 1410046027  
6 
4 
5 
4 
3 
5 
5 
1 418735091  
3 
3 
4 
2 
2 
4 
5 
3 
2 
5 
6 
3 
6 
2 
2 
1 364037067  
3 
1 1152518571  
5 
1 1566508302  
5 
5 
1 1795690343  
3 
2 
5 
6 
4 
3 
6 
2 
1 1936398581  
3 
3 
3 
4 
3 
5 
6 
5 
3 
3 
3 
6 
1 1370750378  
5 
5 
5 
2 
1 1574353174  
2 
2 
2 
5 
5 
1 1410740101  
1 1655487714  
3 
2 
2 
2 
1 103044313  
4 
1 1174204600  
2 
4 
3 
2 
3 
5 
6 
5 
5 
3 
6 
5 
4 
5 
4 
4 
4 
4 
4 
2 
6 
4 
4 
2 
5 
2 
6 
4 
1 1007913595  
2 
3 
4 
3 
6 
3 
4 
6 
2 
1 871725254  
2 
4 
2 
6 
1 1760918578  
3 
4 
6 
6 
2 
6 
3 
4 
4 
4 
5 
3 
5 
6 
3 
4 
5 
4 
4 
5 
3 
4 
4 
1 425235429  
6 
2 
4 
5 
6 
1 499821494  
6 
6 
4 
3 
2 
4 
3 
5 
6 
5 
1 1499740540  
2 
4 
1 955210015  
1 1425581477  
6 
4 
3 
6 
4 
4 
6 
3 
3 
2 
3 
2 
6 
3 
3 
2 
4 
6 
6 
2 
6 
3 
3 
3 
5 
3 
2 
6 
6 
5 
1 2090860867  
5 
5 
6 
2 
4 
4 
2 
5 
2 
1 1176497835  
4 
3 
5 
5 
6 
2 
6 
4 
2 
2 
3 
2 
1 903235162  
6 
4 
3 
3 
1 1010589191  
2 
5 
2 
1 140837982  
2 
3 
4 
5 
3 
6 
3 
4 
6 
2 
4 
1 969219688  
1 713989438  
1 1998064850  
3 
6 
4 
2 
6 
5 
2 
6 
5 
5 
5 
3 
3 
2 
1 950834977  
3 
2 
2 
4 
5 
4 
2 
5 
6 
5 
1 1229728642  
6 
4 
6 
1 1260627230  
1 1369570068  
6 
6 
2 
1 1593765709  
6 
3 
5 
1 265662153  
5 
6 
5 
2 
5 
1 788594723  
3 
2 
2 
4 
5 
6 
2 
5 
6 
3 
5 
6 
2 
6 
5 
4 
2 
5 
2 
2 
4 
2 
3 
6 
5 
3 
6 
2 
5 
4 
1 1241972405  
6 
4 
3 
5 
3 
2 
3 
6 
3 
5 
6 
1 54577086  
5 
1 11861453  
2 
2 
6 
2 
4 
5 
4 
1 668841931  
3 
3 
1 1465317187  
4 
2 
3 
3 
3 
6 
2 
2 
2 
5 
1 1667349167  
4 
2 
2 
6 
1 771886245  
4 
1 492038139  
1 527779114  
4 
5 
3 
1 1643611499  
6 
5 
4 
3 
3 
6 
3 
6 
3 
5 
4 
5 
1 105473069  
2 
5 
2 
4 
6 
3 
6 
4 
2 
1 953014543  
2 
1 2143432993  
3 
1 1605213610  
5 
6 
3 
6 
2 
5 
5 
2 
2 
4 
4 
5 
1 1908224558  
5 
3 
3 
4 
5 
5 
3 
5 
4 
2 
5 
2 
1 1421530822  
2 
2 
2 
4 
6 
4 
3 
4 
2 
3 
1 1548590829  
6 
1 937238745  
1 177282336  
3 
5 
6 
2 
6 
2 
5 
1 411696372  
4 
1 1078076727  
2 
2 
5 
3 
4 
3 
2 
2 
1 1146502024  
4 
1 1125685810  
3 
1 928657930  
6 
6 
6 
4 
5 
6 
1 2097337002  
4 
6 
6 
2 
3 
1 207930804  
6 
1 41801512  
5 
6 
2 
5 
4 
2 
1 1319423422  
4 
4 
4 
1 1801696513  
3 
6 
3 
4 
1 307463665  
2 
1 2108018145  
5 
4 
3 
6 
6 
3 
2 
1 896185270  
4 
5 
3 
3 
5 
6 
5 
1 362040751  
2 
1 2119879598  
2 
2 
1 1565027202  
4 
2 
3 
1 1827357938  
3 
5 
5 
4 
5 
4 
6 
6 
2 
5 
2 
6 
3 
5 
6 
5 
3 
2 
1 1639745117  
6 
3 
6 
4 
5 
5 
5 
4 
5 
5 
6 
5 
2 
2 
5 
5 
5 
2 
4 
6 
2 
2 
5 
3 
1 189429799  
6 
1 171912430  
3 
1 20040583  
3 
6 
4 
4 
4 
3 
1 1833041298  
5 
4 
2 
5 
3 
6 
4 
3 
5 
3 
1 277385499  
5 
4 
1 973055126  
2 
5 
5 
1 1828990644  
1 1882599109  
4 
3 
6 
6 
5 
6 
2 
6 
1 733796036  
6 
6 
4 
4 
3 
5 
6 
5 
4 
1 1103037818  
3 
3 
1 1283706290  
1 1671034782  
6 
1 1280320155  
2 
5 
6 
1 1695402662  
6 
5 
2 
5 
5 
4 
5 
3 
6 
1 601627861  
5 
3 
4 
3 
1 279338531  
1 673604824  
2 
5 
4 
5 
4 
3 
4 
2 
5 
2 
2 
5 
4 
3 
3 
1 1530285791  
6 
4 
4 
5 
6 
2 
5 
2 
3 
6 
3 
4 
3 
3 
5 
1 229191885  
5 
1 881535628  
1 1572087303  
4 
4 
3 
3 
5 
5 
4 
4 
3 
4 
4 
4 
3 
1 1548615308  
4 
3 
5 
1 535748494  
1 1879550968  
2 
5 
4 
3 
2 
5 
2 
6 
5 
2 
1 1509149805  
2 
6 
5 
1 1431933764  
1 94108071  
5 
3 
2 
4 
5 
4 
6 
3 
2 
5 
1 1481545756  
6 
2 
4 
2 
2 
5 
5 
6 
5 
1 849477318  
4 
6 
1 1921466010  
6 
4 
2 
6 
4 
6 
5 
6 
2 
5 
6 
4 
2 
5 
2 
1 973807225  
1 1038907117  
6 
4 
5 
6 
1 2093378440  
5 
4 
2 
2 
4 
5 
5 
4 
1 993847809  
6 
6 
2 
5 
5 
1 724464768  
4 
6 
6 
6 
6 
5 
6 
5 
4 
2 
2 
1 223280291  
1 1966902935  
1 405971764  
5 
6 
1 2105879401  
5 
5 
4 
3 
3 
1 553215324  
1 1509009582  
5 
2 
2 
4 
1 1242102043  
6 
5 
2 
3 
2 
3 
2 
6 
3 
4 
2 
2 
4 
4 
1 76766458  
1 641846089  
6 
1 790021058  
6 
5 
2 
4 
6 
3 
2 
2 
6 
4 
2 
2 
1 678394319  
3 
3 
4 
1 921184621  
1 1463625882  
5 
1 61196463  
3 
1 1150376506  
4 
2 
5 
3 
6 
4 
1 197677863  
2 
2 
4 
3 
4 
5 
1 1633283766  
4 
3 
6 
6 
5 
3 
3 
4 
6 
3 
6 
5 
2 
6 
5 
3 
5 
2 
6 
6 
4 
2 
6 
4 
1 551508166  
3 
1 733426357  
6 
6 
5 
6 
4 
1 1365351087  
2 
6 
4 
4 
5 
3 
4 
5 
2 
3 
2 
4 
5 
6 
1 2060657972  
4 
3 
2 
6 
6 
5 
1 17876473  
1 1459459158  
5 
2 
4 
6 
2 
2 
5 
3 
3 
1 1394720080  
2 
5 
2 
3 
5 
6 
6 
6 
5 
3 
3 
4 
1 867353792  
6 
5 
4 
3 
1 1233441520  
2 
6 
2 
6 
3 
6 
3 
6 
1 221043657  
1 1906260909  
3 
6 
2 
5 
6 
2 
3 
4 
3 
1 1179336312  
2 
2 
5 
6 
6 
6 
4 
4 
4 
6 
6 
1 1214891466  
5 
2 
2 
4 
3 
6 
6 
3 
5 
5 
4 
3 
4 
2 
6 
6 
3 
6 
1 483242029  
4 
6 
3 
4 
4 
5 
5 
4 
2 
2 
6 
6 
3 
4 
6 
2 
2 
2 
6 
6 
6 
3 
4 
1 1402616604  
5 
1 1034310754  
2 
5 
4 
4 
3 
2 
4 
1 889213793  
3 
4 
5 
5 
2 
4 
5 
6 
2 
1 1361012357  
6 
5 
3 
5 
6 
6 
5 
3 
4 
3 
1 1587526078  
6 
1 250739728  
3 
4 
1 455630752  
2 
4 
2 
5 
6 
2 
5 
5 
6 
6 
1 1664292536  
3 
1 892585817  
4 
5 
3 
2 
4 
6 
5 
6 
6 
2 
6 
3 
3 
3 
6 
2 
6 
3 
6 
4 
3 
2 
4 
6 
5 
5 
4 
5 
1 1245651810  
2 
1 195203207  
4 
3 
3 
2 
2 
6 
5 
2 
3 
5 
5 
2 
6 
6 
6 
3 
3 
3 
4 
2 
6 
4 
3 
2 
4 
6 
2 
6 
3 
5 
1 1813770438  
5 
4 
6 
1 561794045  
6 
6 
5 
3 
1 256399670  
3 
2 
2 
3 
4 
4 
3 
4 
4 
5 
5 
4 
4 
4 
3 
1 816663297  
1 759471908  
5 
2 
4 
5 
6 
2 
6 
6 
5 
2 
6 
2 
2 
1 1889683437  
5 
4 
5 
4 
6 
6 
4 
4 
2 
2 
5 
1 1368171463  
6 
1 1492898265  
5 
1 1107550876  
1 1281345787  
6 
4 
4 
1 1510774738  
4 
5 
5 
4 
1 419526386  
5 
3 
2 
2 
1 528582219  
2 
5 
3 
3 
3 
6 
2 
3 
4 
2 
2 
2 
2 
2 
6 
2 
5 
1 230644882  
1 1652967907  
2 
2 
4 
5 
2 
2 
5 
5 
3 
2 
1 749625877  
3 
6 
5 
3 
6 
2 
2 
4 
5 
4 
6 
1 2136905792  
1 684820571  
6 
2 
1 1964517343  
2 
5 
3 
1 472664173  
5 
5 
1 2087437175  
3 
4 
6 
2 
6 
5 
2 
1 851344449  
5 
4 
6 
4 
3 
3 
5 
1 1361877967  
2 
1 1300965884  
3 
2 
2 
2 
6 
6 
3 
2 
4 
5 
3 
5 
6 
3 
3 
1 291386879  
1 1612617695  
2 
5 
3 
6 
6 
3 
3 
6 
2 
1 1756596637  
2 
3 
2 
6 
5 
2 
1 1955679415  
5 
6 
3 
1 357719864  
1 854764799  
5 
3 
1 3398975  
2 
5 
1 24006655  
4 
3 
3 
1 1416558844  
6 
4 
5 
4 
2 
4 
5 
3 
2 
1 259798645  
3 
2 
4 
3 
2 
2 
5 
4 
4 
6 
2 
5 
5 
4 
5 
3 
3 
2 
5 
5 
1 840669952  
4 
6 
2 
1 28547104  
2 
3 
6 
1 1998434  
4 
3 
4 
2 
1 61357767  
6 
1 1521445369  
5 
1 1109549310  
5 
1 1342703555  
6 
2 
3 
2 
1 884736460  
1 1529075697  
5 
3 
3 
4 
2 
4 
6 
4 
2 
5 
6 
3 
5 
4 
6 
3 
3 
2 
4 
6 
5 
6 
5 
6 
4 
3 
2 
4 
4 
4 
1 1871285774  
3 
1 1115381342  
1 1034559956  
4 
6 
6 
6 
3 
5 
1 473428003  
2 
2 
3 
2 
2 
3 
6 
1 1104803486  
4 
1 1719380527  
3 
2 
1 290461699  
6 
6 
1 1577467660  
3 
6 
5 
5 
2 
5 
2 
2 
3 
3 
3 
3 
3 
2 
2 
1 1659334055  
5 
2 
5 
3 
2 
1 1141806148  
3 
1 791861979  
4 
6 
6 
1 812816291  
6 
1 1433193028  
5 
2 
1 256996026  
2 
3 
4 
6 
6 
5 
5 
2 
5 
4 
3 
4 
5 
1 421929280  
6 
1 1241388795  
4 
4 
2 
4 
2 
3 
5 
1 614715890  
1 1276694080  
4 
2 
4 
3 
4 
1 1244787770  
4 
2 
3 
3 
6 
5 
6 
5 
4 
1 638722545  
4 
2 
3 
4 
4 
5 
3 
3 
6 
4 
3 
4 
4 
4 
3 
4 
2 
5 
4 
2 
2 
3 
2 
2 
1 545769276  
6 
2 
4 
2 
4 
4 
4 
4 
1 1504586416  
6 
6 
4 
6 
2 
3 
4 
6 
6 
6 
6 
6 
6 
2 
3 
6 
2 
2 
6 
3 
2 
2 
5 
4 
3 
5 
4 
3 
5 
5 
3 
6 
4 
5 
5 
1 1479392497  
4 
5 
1 574316381  
6 
4 
6 
1 1506584850  
5 
2 
3 
2 
5 
1 1540750265  
1 2095761750  
3 
6 
2 
4 
6 
5 
5 
5 
6 
3 
5 
5 
3 
3 
3 
5 
5 
2 
3 
5 
2 
5 
1 468650513  
6 
4 
3 
1 735970172  
5 
3 
4 
5 
1 833014562  
4 
6 
3 
4 
3 
1 1997726210  
2 
4 
6 
5 
6 
2 
1 459772298  
1 1948395905  
6 
2 
3 
5 
5 
6 
3 
3 
2 
5 
3 
1 884802518  
3 
6 
2 
2 
5 
2 
3 
4 
5 
1 933200302  
3 
2 
3 
1 905715743  
4 
1 456699397  
4 
3 
2 
2 
4 
1 1223662001  
4 
6 
5 
1 335699755  
3 
4 
5 
3 
5 
5 
4 
5 
4 
5 
5 
5 
1 2116033452  
1 217984501  
5 
4 
6 
1 1127561734  
3 
4 
2 
5 
1 781366096  
4 
3 
2 
6 
6 
6 
5 
2 
6 
6 
3 
5 
1 1651177529  
1 1384557760  
2 
3 
2 
1 1203295376  
5 
2 
3 
3 
4 
5 
2 
1 745082677  
3 
6 
2 
1 1999273651  
3 
3 
3 
6 
4 
2 
5 
4 
5 
1 332505808  
5 
1 1989870447  
6 
6 
5 
3 
4 
3 
2 
1 490512548  
3 
3 
3 
5 
6 
2 
5 
1 878275085  
3 
1 1346973215  
1 1969905046  
6 
2 
2 
1 1452591466  
1 706074418  
2 
1 1363171663  
3 
4 
6 
5 
2 
3 
5 
5 
2 
6 
6 
1 1400869568  
6 
1 1174724931  
3 
1 2099141835  
1 86400483  
3 
5 
4 
5 
5 
2 
2 
2 
1 1024967493  
5 
2 
2 
2 
4 
1 411430485  
5 
6 
2 
5 
3 
4 
3 
6 
3 
1 2034796388  
6 
1 1909770011  
4 
2 
6 
6 
2 
6 
2 
5 
6 
4 
4 
5 
6 
6 
4 
2 
6 
6 
3 
2 
2 
1 1344630787  
3 
6 
2 
3 
5 
4 
3 
3 
6 
5 
5 
1 793028483  
1 218985760  
6 
1 420809140  
4 
4 
3 
3 
6 
4 
4 
1 1128728239  
3 
4 
5 
4 
5 
5 
6 
1 187535565  
5 
5 
6 
1 638793642  
6 
3 
5 
3 
2 
1 108806325  
4 
3 
2 
3 
5 
4 
1 968901661  
2 
3 
6 
4 
1 142487523  
5 
5 
6 
3 
5 
1 1493364086  
4 
1 24713389  
2 
5 
6 
3 
5 
2 
1 887570200  
2 
3 
4 
1 1345154089  
4 
2 
3 
6 
5 
4 
3 
4 
1 357219198  
3 
5 
4 
2 
1 729957000  
5 
5 
3 
1 1835666637  
4 
5 
6 
5 
5 
1 1235494283  
6 
3 
3 
5 
2 
4 
5 
6 
2 
6 
5 
1 2076930215  
6 
6 
5 
4 
4 
4 
5 
6 
1 1658088035  
1 540602101  
3 
2 
4 
4 
2 
5 
2 
2 
3 
3 
5 
3 
4 
3 
5 
5 
1 635520985  
6 
5 
5 
5 
6 
3 
4 
6 
1 873776050  
1 1941471669  
6 
1 1810245916  
1 825434237  
6 
2 
4 
3 
1 2027872152  
4 
2 
6 
4 
4 
1 687729761  
6 
5 
4 
4 
1 1236864723  
2 
5 
3 
6 
4 
3 
1 1915184892  
1 450016124  
6 
5 
1 434011862  
6 
5 
5 
2 
6 
5 
1 560729728  
4 
6 
1 669001885  
3 
2 
4 
4 
6 
2 
4 
1 854821003  
4 
5 
2 
2 
3 
5 
3 
6 
2 
5 
6 
4 
5 
3 
4 
1 1689457967  
1 856537450  
5 
5 
5 
6 
1 1493614645  
6 
2 
5 
3 
6 
2 
1 1798264292  
3 
6 
1 1825439111  
1 1636102168  
4 
4 
2 
4 
6 
1 1144144730  
1 1850152500  
1 376188721  
1 341815171  
2 
2 
5 
3 
4 
3 
1 59888050  
5 
2 
1 1106145721  
4 
5 
5 
6 
6 
2 
1 29998161  
4 
2 
5 
2 
3 
5 
1 1295382333  
4 
1 1035592288  
1 1688086196  
1 1835984434  
5 
5 
1 1671113274  
1 414378599  
5 
4 
4 
2 
3 
4 
4 
3 
3 
4 
5 
6 
1 1629972456  
4 
5 
6 
3 
2 
1 1333875542  
6 
1 1239812836  
4 
6 
1 1510360960  
6 
2 
5 
3 
4 
6 
1 2021605304  
1 329193911  
2 
4 
4 
3 
1 1278062205  
1 324137780  
6 
6 
1 763205774  
2 
4 
2 
6 
1 1838791933  
3 
5 
6 
4 
2 
3 
3 
3 
2 
6 
5 
4 
3 
6 
5 
5 
4 
2 
3 
4 
6 
6 
3 
5 
4 
3 
2 
3 
1 993139665  
4 
6 
5 
2 
2 
1 1618026777  
4 
1 1380766252  
6 
3 
1 1849677115  
3 
3 
4 
6 
6 
3 
6 
4 
4 
3 
4 
1 964157774  
5 
5 
5 
4 
2 
3 
6 
6 
4 
1 1031546896  
2 
4 
5 
5 
3 
6 
4 
2 
6 
2 
1 1527632578  
5 
1 452776294  
2 
5 
3 
2 
2 
6 
4 
5 
4 
2 
2 
2 
2 
1 28207979  
4 
5 
1 1230301431  
6 
6 
1 828965015  
4 
4 
5 
4 
4 
6 
2 
5 
2 
6 
2 
1 370023150  
2 
1 1290189481  
1 1935110736  
2 
6 
2 
4 
4 
1 400021311  
3 
6 
5 
5 
3 
4 
2 
6 
6 
5 
5 
4 
4 
3 
6 
3 
3 
5 
1 438088167  
4 
2 
1 823219377  
6 
6 
1 2088107508  
4 
3 
2 
3 
5 
2 
4 
1 126588953  
4 
2 
1 346849003  
3 
5 
2 
4 
1 355002459  
1 1756561409  
1 1680724545  
4 
2 
3 
4 
4 
4 
1 1594815295  
6 
4 
5 
6 
4 
3 
6 
2 
2 
1 1119438722  
5 
6 
5 
5 
4 
2 
5 
4 
5 
2 
4 
1 1554846201  
1 1924009207  
4 
6 
2 
6 
6 
1 250017279  
1 1878983982  
1 539731333  
1 2088809212  
3 
6 
3 
1 724639999  
5 
3 
2 
6 
1 10274462  
6 
2 
3 
5 
3 
5 
2 
3 
2 
2 
6 
1 1322091816  
6 
6 
6 
5 
4 
1 426833467  
3 
3 
1 974432236  
1 206155064  
4 
5 
4 
6 
5 
4 
2 
3 
6 
5 
6 
3 
5 
1 1954466045  
3 
4 
2 
6 
3 
6 
6 
5 
6 
1 1427208530  
3 
6 
2 
4 
3 
1 234363043  
2 
1 1037283828  
3 
6 
2 
3 
6 
5 
4 
4 
3 
1 108689898  
4 
1 604386194  
6 
1 179989662  
3 
3 
5 
1 2043800634  
1 1004407505  
2 
1 618077829  
3 
1 719536363  
1 945031365  
5 
3 
4 
1 744666782  
6 
5 
1 1066385366  
4 
2 
3 
1 1300033824  
5 
2 
4 
1 353744544  
3 
5 
2 
6 
4 
3 
1 599626264  
4 
5 
6 
1 747365472  
2 
6 
5 
5 
6 
5 
6 
2 
3 
2 
1 1473183266  
3 
1 6988817  
5 
1 523891031  
2 
2 
2 
4 
1 1723200545  
1 1885972799  
2 
3 
1 1063622364  
1 1664526109  
6 
2 
3 
4 
4 
4 
5 
4 
1 463129151  
4 
5 
5 
1 1073896826  
6 
5 
1 839134277  
1 889962618  
5 
2 
4 
2 
6 
1 2048329062  
2 
6 
2 
1 1045289341  
6 
5 
2 
3 
4 
5 
6 
3 
5 
1 696945015  
2 
4 
5 
4 
3 
6 
6 
5 
5 
1 1328053944  
3 
1 1279652385  
6 
3 
3 
2 
6 
6 
1 1734228844  
5 
6 
3 
5 
1 1436743842  
5 
6 
1 1884038579  
5 
2 
6 
2 
3 
5 
2 
2 
4 
2 
5 
6 
1 1914218506  
4 
1 1333060829  
1 740962436  
4 
3 
1 384812687  
2 
3 
2 
1 2052597192  
3 
3 
2 
3 
1 1685993802  
5 
4 
2 
3 
4 
4 
2 
3 
4 
4 
1 1129479469  
3 
5 
1 971498911  
5 
1 838543978  
1 1483224013  
3 
1 1571125175  
3 
1 1585909450  
2 
3 
5 
4 
1 808923631  
1 1578113992  
6 
6 
1 2109800481  
1 384640528  
3 
2 
6 
2 
2 
1 1316603144  
3 
4 
4 
3 
6 
5 
3 
2 
2 
3 
2 
2 
2 
1 1025939197  
2 
6 
2 
6 
4 
4 
5 
1 2049166637  
3 
5 
2 
2 
6 
1 1779732295  
4 
3 
6 
6 
3 
4 
4 
1 2099836023  
3 
6 
5 
2 
4 
2 
3 
5 
3 
1 740817266  
5 
4 
1 522211265  
6 
6 
3 
5 
1 2000681437  
3 
6 
5 
3 
1 1786106608  
5 
4 
5 
3 
1 1219156280  
6 
6 
4 
2 
5 
4 
1 1181251734  
2 
4 
4 
6 
6 
1 918275345  
1 805901476  
5 
5 
3 
6 
3 
1 470511928  
6 
1 654830276  
4 
1 572636334  
1 1803572757  
3 
5 
2 
4 
4 
3 
3 
1 1395792712  
1 957449021  
4 
2 
4 
3 
1 1708686302  
2 
2 
6 
2 
4 
1 934302866  
3 
2 
5 
3 
5 
6 
6 
1 2086928491  
6 
5 
3 
4 
4 
6 
2 
6 
4 
5 
3 
4 
4 
6 
1 532701565  
2 
3 
5 
4 
3 
6 
6 
1 1772846845  
1 1422668856  
3 
1 2103826740  
4 
1 1211272647  
2 
5 
3 
3 
5 
6 
6 
3 
2 
3 
5 
1 84108840  
2 
6 
3 
1 1534457084  
6 
1 1173589481  
3 
2 
1 468749368  
3 
4 
3 
4 
4 
1 703576580  
4 
4 
6 
6 
2 
5 
5 
1 52045030  
4 
5 
3 
6 
4 
4 
6 
6 
3 
6 
3 
2 
2 
1 370432358  
4 
1 335825227  
5 
5 
1 4397406  
2 
5 
5 
4 
4 
3 
4 
6 
6 
1 1111249624  
2 
5 
3 
6 
2 
3 
1 858036492  
1 2005078843  
6 
1 749872584  
3 
1 2077192773  
5 
3 
2 
5 
1 1038846929  
3 
5 
2 
5 
4 
1 1668147929  
1 735610601  
1 1509358858  
6 
3 
6 
1 175494557  
2 
2 
3 
1 1308246936  
5 
4 
1 1165447967  
3 
6 
1 1571287270  
4 
5 
3 
3 
3 
6 
1 118212309  
2 
5 
2 
5 
5 
5 
4 
3 
2 
3 
3 
1 726650621  
1 358106488  
5 
2 
2 
4 
2 
1 57657152  
4 
4 
6 
4 
4 
3 
5 
6 
3 
6 
4 
6 
1 1259352186  
2 
2 
3 
1 2130953333  
3 
5 
2 
4 
3 
1 1480326009  
4 
3 
6 
5 
5 
4 
5 
5 
5 
5 
5 
3 
6 
6 
1 1215695278  
5 
5 
3 
5 
2 
2 
4 
1 1194742333  
2 
3 
3 
4 
6 
5 
3 
5 
5 
2 
1 1564434849  
4 
3 
3 
6 
4 
4 
5 
3 
1 602668715  
2 
3 
5 
1 220848166  
6 
3 
1 2033184217  
5 
5 
6 
4 
4 
1 1306245295  
5 
3 
1 272893196  
6 
5 
5 
4 
4 
4 
2 
6 
3 
4 
4 
3 
4 
2 
5 
3 
1 256132927  
4 
5 
4 
4 
6 
3 
5 
5 
2 
3 
4 
1 1642070523  
6 
2 
6 
4 
3 
2 
5 
3 
5 
1 277290602  
3 
3 
4 
3 
1 1367382552  
5 
5 
5 
3 
1 352623367  
6 
3 
1 134885798  
1 2117255136  
5 
5 
6 
3 
5 
2 
6 
6 
5 
3 
3 
2 
2 
2 
2 
4 
2 
3 
3 
6 
2 
2 
5 
4 
5 
3 
4 
5 
6 
4 
3 
4 
1 282332492  
1 1173732727  
4 
4 
3 
1 1637919418  
3 
3 
6 
1 1017943094  
2 
3 
3 
4 
4 
2 
2 
4 
5 
4 
3 
6 
5 
2 
3 
4 
1 535607937  
4 
6 
3 
3 
1 1813413975  
6 
5 
1 178706382  
4 
1 1701055905  
3 
4 
4 
1 1237217597  
