1 1197529115  
3 
3 
3 
6 
2 
5 
3 
1 895264849  
4 
2 
1 2085876348  
6 
6 
4 
2 
4 
1 1669723894  
6 
3 
3 
5 
4 
2 
3 
5 
6 
6 
6 
5 
5 
5 
1 2123467280  
1 2095262  
2 
6 
5 
3 
3 
3 
2 
6 
1 891922628  
5 
1 1090778163  
2 
3 
3 
4 
2 
5 
5 
2 
6 
4 
1 1785131575  
5 
6 
3 
3 
2 
1 816454502  
5 
5 
4 
4 
3 
1 45002234  
1 782977574  
6 
5 
1 473506960  
5 
4 
2 
1 598944810  
3 
1 198940206  
1 1576935822  
1 237298496  
3 
2 
4 
5 
4 
3 
5 
2 
1 52705017  
2 
3 
6 
2 
5 
1 1002679209  
1 1620780850  
5 
5 
5 
3 
3 
2 
1 740095375  
5 
6 
4 
6 
6 
6 
1 128603771  
1 1904894184  
6 
1 2055397986  
3 
3 
2 
1 1886268053  
5 
6 
6 
3 
2 
4 
2 
2 
4 
3 
4 
1 943156718  
3 
3 
4 
5 
6 
5 
1 2137237497  
2 
4 
4 
2 
5 
6 
4 
1 2111828190  
3 
1 1489633862  
2 
5 
6 
6 
6 
1 1824722849  
5 
5 
2 
4 
5 
1 1673138999  
1 539679329  
4 
3 
3 
5 
2 
4 
3 
5 
2 
2 
6 
2 
2 
4 
5 
1 572504050  
5 
6 
3 
6 
3 
4 
3 
3 
1 1611531700  
5 
2 
2 
1 61919575  
2 
4 
2 
4 
3 
2 
6 
4 
4 
3 
4 
5 
5 
6 
3 
1 548487682  
3 
1 1613626962  
2 
6 
6 
4 
4 
1 953842203  
4 
1 1639265846  
1 1251274889  
4 
6 
3 
6 
4 
4 
4 
4 
1 1770296706  
2 
1 1684268080  
3 
2 
5 
3 
1 2034252463  
5 
2 
3 
5 
3 
6 
5 
3 
1 96320018  
1 135729242  
6 
6 
2 
6 
3 
6 
1 85709021  
6 
3 
5 
6 
2 
2 
1 1673255840  
4 
2 
4 
5 
1 373027738  
3 
4 
3 
5 
4 
6 
2 
6 
2 
6 
1 138414038  
3 
6 
3 
6 
5 
2 
2 
3 
5 
5 
5 
3 
1 528451401  
4 
2 
2 
1 1993808588  
2 
3 
5 
4 
5 
4 
6 
2 
2 
1 878509413  
6 
1 657055172  
3 
5 
6 
2 
3 
3 
5 
3 
1 1751219124  
1 786423751  
6 
5 
3 
1 395839578  
5 
3 
2 
3 
3 
3 
6 
1 546892194  
3 
2 
6 
5 
3 
3 
3 
3 
4 
6 
1 776177600  
4 
5 
4 
3 
3 
1 360184120  
3 
6 
4 
6 
1 2036526056  
2 
4 
3 
2 
2 
5 
3 
2 
2 
3 
5 
3 
3 
5 
1 453416802  
1 2033323119  
6 
4 
6 
5 
2 
3 
1 428721737  
2 
1 1025920852  
2 
5 
2 
1 1497371171  
6 
2 
5 
2 
3 
3 
3 
6 
3 
6 
4 
1 490641312  
3 
5 
6 
5 
6 
4 
5 
4 
2 
3 
3 
5 
6 
1 1574408535  
5 
1 963514485  
1 1444483516  
4 
1 1066190733  
1 67305726  
5 
2 
2 
2 
2 
3 
6 
2 
2 
3 
4 
3 
3 
6 
4 
4 
2 
6 
4 
3 
6 
4 
1 1067296574  
1 602975165  
3 
2 
1 2101558189  
4 
4 
4 
6 
2 
1 1163616592  
6 
3 
2 
6 
3 
3 
3 
5 
4 
2 
4 
2 
4 
2 
1 738704407  
2 
3 
1 39783562  
6 
6 
4 
1 689388784  
4 
1 1111732145  
2 
1 178197600  
4 
2 
6 
1 1217840185  
1 958057085  
3 
1 1056707013  
3 
6 
5 
6 
3 
3 
2 
3 
4 
5 
1 1874895357  
6 
5 
4 
6 
4 
6 
4 
1 561792561  
4 
4 
1 1843130765  
5 
2 
6 
3 
4 
1 123251287  
5 
6 
4 
1 1108684755  
6 
1 471824717  
5 
5 
3 
4 
2 
3 
3 
3 
1 483435407  
3 
4 
6 
6 
1 997727164  
6 
2 
3 
5 
5 
3 
2 
5 
1 925241519  
5 
3 
4 
1 369274879  
3 
3 
1 1426448901  
6 
2 
6 
3 
4 
6 
3 
5 
3 
5 
4 
5 
6 
4 
5 
6 
5 
6 
4 
6 
5 
4 
3 
3 
3 
6 
3 
6 
6 
1 1951162372  
6 
1 1866646050  
6 
1 1917090214  
3 
5 
5 
4 
5 
6 
3 
6 
4 
6 
4 
2 
1 1378087259  
6 
6 
6 
1 682676888  
6 
3 
6 
2 
5 
4 
1 1214090082  
1 296794344  
4 
6 
2 
1 749982614  
6 
4 
2 
6 
2 
3 
1 133903008  
5 
1 899769509  
3 
3 
2 
4 
4 
5 
3 
1 704057156  
3 
5 
2 
5 
3 
2 
5 
2 
6 
3 
6 
5 
6 
5 
2 
6 
2 
1 1297519600  
2 
1 1638473916  
2 
1 743840718  
2 
3 
6 
2 
6 
2 
2 
1 1986908384  
2 
5 
3 
2 
5 
2 
5 
6 
4 
6 
1 602722413  
3 
5 
1 922038319  
3 
1 1057264921  
3 
3 
4 
6 
2 
2 
5 
2 
5 
2 
4 
6 
3 
6 
2 
6 
1 1560779498  
5 
5 
2 
3 
1 1978745332  
3 
3 
2 
1 784676630  
3 
6 
2 
5 
4 
4 
2 
5 
5 
3 
2 
5 
4 
4 
4 
4 
5 
4 
4 
1 2122572059  
3 
5 
4 
2 
6 
1 1674392449  
2 
4 
3 
5 
5 
6 
6 
2 
4 
2 
4 
5 
4 
6 
5 
6 
6 
3 
6 
1 907927918  
5 
4 
6 
5 
4 
3 
6 
3 
2 
4 
4 
5 
4 
3 
3 
1 1083773166  
4 
5 
1 2146217167  
2 
3 
3 
4 
4 
5 
4 
5 
6 
6 
3 
1 1391363325  
3 
5 
3 
5 
3 
6 
4 
3 
2 
3 
1 2081500330  
2 
3 
1 923975038  
1 1760638204  
2 
1 1360465584  
4 
5 
2 
5 
6 
2 
3 
4 
6 
1 727653762  
4 
1 1479800607  
1 1130072150  
6 
2 
3 
2 
1 2105741021  
5 
6 
1 14993847  
5 
2 
2 
1 196678584  
4 
6 
2 
1 255051717  
4 
2 
3 
6 
3 
6 
5 
5 
2 
5 
6 
5 
1 764976461  
3 
6 
1 330581592  
5 
1 1154821226  
6 
6 
4 
3 
3 
3 
5 
1 1469033617  
3 
4 
1 1628101192  
3 
4 
1 645811494  
2 
4 
5 
6 
5 
4 
3 
4 
4 
2 
4 
6 
2 
2 
5 
2 
5 
3 
2 
3 
5 
4 
2 
2 
1 65390688  
3 
3 
5 
1 1467525928  
6 
3 
3 
6 
1 1248533907  
2 
2 
2 
4 
4 
1 987429007  
6 
5 
4 
2 
1 377307201  
4 
6 
6 
6 
1 661829757  
4 
6 
5 
5 
5 
4 
3 
1 818690691  
1 1161983831  
6 
5 
4 
3 
3 
4 
1 636918168  
1 345599493  
4 
6 
4 
4 
5 
2 
3 
3 
2 
1 2069911749  
4 
2 
6 
3 
4 
3 
3 
3 
1 1720691335  
4 
4 
4 
3 
3 
1 344333012  
6 
3 
1 1313791427  
6 
1 1654708017  
2 
6 
3 
2 
5 
1 1268308050  
6 
2 
5 
6 
4 
6 
3 
4 
6 
1 926945983  
1 867689953  
1 1995961813  
3 
2 
2 
3 
3 
2 
1 259262942  
3 
4 
6 
3 
5 
3 
6 
2 
1 1997762103  
5 
1 1954219186  
2 
6 
5 
2 
5 
4 
4 
4 
5 
2 
2 
5 
1 274256789  
4 
2 
6 
1 46957039  
3 
4 
4 
2 
6 
4 
1 61787256  
4 
5 
1 1039233251  
6 
2 
4 
6 
2 
6 
2 
2 
6 
4 
6 
2 
1 377538631  
5 
5 
5 
3 
3 
3 
6 
6 
3 
6 
1 1216608482  
1 360783220  
6 
2 
4 
5 
6 
1 2005639823  
4 
3 
2 
1 1862419977  
4 
2 
4 
1 426173908  
2 
5 
6 
5 
2 
2 
6 
3 
6 
2 
3 
2 
3 
5 
4 
5 
2 
3 
4 
4 
5 
5 
2 
3 
2 
5 
4 
6 
1 1325682103  
4 
3 
5 
4 
5 
3 
3 
4 
1 963470236  
2 
2 
2 
1 1413602915  
4 
3 
5 
1 1702989304  
5 
4 
4 
3 
6 
1 1625299994  
3 
5 
4 
2 
6 
2 
5 
2 
5 
3 
6 
4 
1 84809959  
6 
5 
6 
1 717489488  
3 
1 114734514  
3 
4 
5 
1 430409452  
5 
5 
5 
5 
2 
4 
1 639917589  
6 
6 
2 
4 
2 
6 
4 
4 
1 1835425849  
2 
6 
3 
5 
5 
4 
3 
4 
3 
1 774742464  
6 
3 
2 
3 
1 1953709016  
4 
5 
2 
4 
1 1342650219  
2 
5 
6 
2 
3 
6 
4 
5 
2 
3 
3 
2 
1 2043050514  
1 733171352  
1 62856524  
4 
3 
6 
1 1891528679  
2 
5 
5 
6 
4 
3 
1 992434294  
4 
1 2060618628  
1 1698264218  
5 
1 1266691084  
4 
2 
1 2107575667  
1 1760051474  
1 158440687  
2 
6 
2 
5 
6 
6 
1 337630651  
5 
1 829176308  
2 
4 
4 
3 
5 
2 
3 
1 519223907  
2 
4 
3 
1 195786826  
2 
3 
3 
5 
4 
4 
4 
5 
1 544112637  
6 
2 
6 
3 
3 
4 
6 
5 
3 
1 945397816  
3 
1 1521468930  
4 
2 
2 
2 
4 
2 
4 
5 
1 1507582874  
5 
2 
2 
6 
4 
4 
4 
1 211517083  
3 
1 1076974586  
1 985399220  
2 
3 
5 
6 
1 296327042  
1 1794464074  
2 
6 
6 
6 
6 
2 
1 1100133734  
1 726736494  
5 
4 
3 
3 
4 
5 
4 
6 
6 
5 
2 
2 
5 
1 286898016  
3 
1 788075936  
6 
4 
3 
4 
1 1501478958  
4 
3 
5 
4 
5 
2 
2 
5 
6 
4 
5 
4 
1 93123384  
4 
6 
4 
2 
2 
2 
2 
6 
1 2130726155  
2 
2 
3 
3 
3 
6 
1 1397045825  
5 
6 
5 
4 
4 
3 
5 
5 
1 826294736  
1 46099031  
5 
4 
1 1141090856  
2 
2 
1 1818729031  
6 
1 2106717659  
6 
2 
1 691871426  
5 
3 
4 
5 
1 937936467  
1 2066809679  
6 
3 
5 
1 304439252  
5 
2 
4 
4 
6 
5 
4 
4 
1 1096377154  
3 
2 
2 
6 
6 
3 
1 256956682  
2 
3 
5 
2 
2 
1 1133615561  
3 
1 1615601061  
3 
5 
4 
3 
3 
6 
5 
5 
4 
2 
5 
4 
2 
6 
5 
6 
5 
2 
2 
2 
5 
6 
6 
4 
5 
4 
3 
3 
1 452743508  
1 1677728198  
3 
6 
4 
2 
5 
6 
2 
5 
3 
5 
2 
1 413515229  
1 1974212438  
5 
3 
2 
5 
5 
2 
3 
4 
4 
4 
5 
3 
6 
6 
1 1037827424  
1 625032313  
1 903703377  
5 
5 
3 
1 2023226644  
1 921359355  
2 
2 
5 
4 
6 
2 
6 
1 550683803  
3 
1 975876731  
4 
3 
4 
5 
1 1648095850  
1 837581819  
6 
4 
6 
6 
6 
5 
3 
2 
2 
3 
2 
5 
3 
2 
2 
2 
3 
1 1763952667  
2 
4 
5 
2 
1 1002091160  
6 
6 
6 
4 
1 930705204  
5 
1 1747195174  
5 
2 
4 
2 
6 
2 
3 
6 
6 
5 
4 
6 
5 
6 
6 
4 
2 
2 
6 
6 
3 
2 
6 
4 
6 
5 
6 
3 
3 
1 251653337  
3 
4 
1 1756999940  
1 1793294205  
5 
3 
4 
6 
1 1392744194  
2 
1 1428245323  
4 
3 
3 
2 
5 
4 
1 1752528217  
1 2084615620  
2 
2 
3 
3 
4 
5 
1 218698142  
1 1671854248  
1 241571225  
1 1315075296  
1 1928810930  
3 
4 
4 
5 
5 
1 1375186786  
6 
1 783192710  
5 
6 
5 
2 
6 
2 
3 
1 234070790  
4 
3 
2 
2 
2 
2 
5 
6 
6 
4 
6 
2 
1 905431336  
4 
4 
5 
6 
1 1196707939  
6 
4 
3 
2 
1 60799581  
3 
1 1943258761  
1 1821740252  
5 
5 
1 964502958  
5 
2 
3 
3 
2 
4 
1 1819001757  
5 
1 595615960  
5 
1 1515186761  
3 
6 
1 647394840  
4 
2 
1 96228162  
4 
6 
3 
5 
4 
3 
5 
2 
5 
1 205284933  
3 
4 
3 
1 263863859  
4 
1 1098319322  
2 
6 
5 
2 
1 1135990137  
2 
4 
1 2011059033  
2 
1 1349972660  
2 
4 
1 745506429  
1 1656869591  
1 595233206  
5 
1 26268105  
2 
5 
5 
3 
4 
3 
1 1261914160  
6 
2 
2 
1 532365178  
2 
6 
2 
2 
6 
4 
2 
2 
1 244966247  
5 
5 
6 
5 
3 
5 
3 
1 786284760  
5 
4 
3 
6 
4 
6 
4 
6 
3 
5 
1 773936403  
5 
5 
1 1560041544  
5 
3 
3 
1 567612042  
4 
3 
4 
1 1639541  
4 
5 
2 
2 
1 195750606  
2 
1 801682832  
3 
5 
4 
1 907070878  
6 
2 
2 
2 
6 
5 
6 
2 
5 
5 
4 
5 
4 
2 
5 
2 
3 
4 
2 
1 1392458545  
6 
1 862482413  
2 
6 
6 
5 
5 
3 
4 
3 
4 
2 
1 702845991  
2 
6 
1 1066715150  
2 
1 1826985371  
3 
2 
4 
2 
4 
3 
4 
5 
3 
4 
2 
4 
3 
2 
5 
3 
1 374364100  
3 
4 
5 
4 
2 
5 
6 
3 
4 
1 1662331110  
2 
1 1194688485  
3 
1 1021758941  
1 1758559272  
4 
5 
6 
2 
2 
5 
1 1399973418  
3 
2 
4 
6 
6 
6 
5 
5 
3 
1 1285622800  
2 
2 
6 
5 
6 
4 
1 709394946  
5 
6 
2 
5 
6 
4 
3 
1 388479907  
4 
2 
1 1149198186  
4 
2 
2 
4 
6 
5 
5 
4 
2 
6 
6 
3 
5 
4 
5 
1 2059367606  
5 
6 
4 
4 
2 
5 
5 
4 
1 1133986336  
4 
6 
6 
2 
4 
1 658584129  
2 
5 
5 
4 
6 
4 
4 
2 
3 
5 
2 
2 
6 
2 
1 507117164  
4 
1 1160254441  
2 
2 
5 
6 
4 
1 1920498289  
5 
2 
6 
4 
1 1039482343  
1 1405220689  
6 
1 559299401  
5 
5 
1 1813418746  
4 
1 817778585  
1 1126911443  
2 
1 1815058288  
1 1013529191  
5 
6 
4 
5 
1 1928594275  
2 
5 
6 
4 
3 
6 
4 
5 
5 
3 
2 
6 
1 574645518  
5 
5 
5 
5 
1 258504088  
3 
5 
3 
3 
3 
3 
1 643593041  
3 
4 
6 
4 
1 1277491509  
4 
4 
4 
6 
6 
4 
2 
4 
5 
2 
2 
2 
6 
4 
5 
3 
5 
5 
2 
2 
6 
3 
6 
6 
3 
4 
6 
3 
3 
5 
1 1325219238  
4 
4 
6 
3 
6 
3 
4 
6 
2 
3 
2 
2 
4 
4 
3 
4 
3 
3 
4 
6 
6 
3 
5 
6 
1 323094764  
3 
5 
1 1651855609  
2 
6 
1 840066700  
2 
6 
2 
5 
2 
4 
3 
4 
2 
5 
6 
4 
2 
3 
4 
6 
3 
6 
2 
2 
2 
4 
4 
4 
4 
4 
6 
2 
4 
4 
1 1517783249  
2 
2 
5 
6 
1 526130902  
2 
3 
4 
6 
6 
2 
3 
3 
5 
3 
5 
2 
1 451142324  
2 
4 
4 
1 770273019  
3 
6 
5 
4 
4 
5 
2 
6 
1 1811753703  
1 1160537271  
2 
3 
2 
6 
1 1158752926  
6 
6 
4 
2 
3 
2 
1 813468241  
6 
6 
3 
5 
5 
3 
2 
6 
2 
2 
5 
6 
2 
1 1072421229  
1 145255615  
4 
3 
5 
5 
2 
5 
5 
5 
4 
4 
2 
6 
4 
6 
5 
2 
3 
2 
1 1472052370  
3 
1 1579538394  
1 1305510056  
5 
2 
3 
3 
5 
5 
4 
6 
5 
6 
2 
4 
3 
3 
3 
4 
6 
4 
1 1245067011  
2 
2 
2 
5 
1 471537089  
6 
2 
2 
3 
4 
3 
6 
2 
4 
3 
4 
2 
5 
6 
5 
3 
5 
3 
6 
1 563247097  
5 
6 
6 
5 
6 
2 
3 
1 1804366412  
1 137472187  
3 
4 
1 1381025682  
4 
3 
5 
4 
2 
6 
1 783794207  
5 
4 
6 
5 
6 
5 
4 
6 
4 
2 
1 1952530475  
3 
1 247071225  
3 
1 564904834  
1 379692345  
3 
5 
4 
2 
4 
1 505575314  
6 
4 
4 
1 1208497875  
6 
1 1657183854  
4 
5 
6 
5 
5 
4 
3 
5 
3 
1 1830794552  
3 
3 
2 
3 
1 1531592640  
4 
4 
2 
3 
6 
2 
2 
4 
3 
3 
5 
2 
2 
4 
2 
4 
3 
2 
2 
2 
1 1161555816  
2 
1 523377605  
2 
5 
4 
2 
5 
5 
1 901892241  
5 
5 
1 1687686718  
1 974519929  
3 
5 
6 
4 
2 
5 
6 
5 
2 
4 
2 
4 
6 
1 1672165261  
1 1351956773  
6 
6 
2 
1 2135057200  
3 
4 
3 
3 
3 
5 
2 
5 
3 
3 
1 683434539  
1 17941366  
3 
1 1059994782  
5 
1 828690154  
1 1489993736  
2 
6 
3 
6 
3 
2 
4 
3 
5 
1 492049528  
4 
6 
6 
1 2134200211  
3 
2 
2 
2 
5 
5 
3 
2 
2 
5 
6 
1 587577099  
1 963586617  
3 
6 
5 
4 
6 
2 
2 
3 
5 
2 
2 
6 
6 
2 
6 
2 
5 
1 549963660  
2 
5 
5 
3 
4 
4 
3 
1 244459863  
4 
3 
1 1101058804  
2 
3 
5 
1 1930989343  
2 
6 
4 
1 1028254070  
3 
4 
1 906105632  
2 
3 
4 
5 
4 
5 
2 
2 
3 
3 
3 
3 
5 
3 
6 
3 
2 
2 
4 
4 
6 
6 
2 
1 30576920  
3 
3 
5 
4 
3 
4 
1 1593158905  
3 
3 
3 
3 
2 
5 
6 
3 
2 
2 
3 
4 
6 
6 
3 
2 
2 
1 1285797977  
6 
1 536152234  
4 
2 
5 
5 
3 
5 
3 
4 
2 
6 
2 
2 
2 
6 
2 
6 
1 654173132  
5 
5 
6 
6 
1 795498184  
1 219463139  
6 
1 38282124  
3 
3 
5 
6 
2 
2 
3 
1 1957054000  
4 
4 
2 
4 
4 
6 
4 
2 
3 
5 
3 
3 
6 
2 
6 
3 
4 
5 
5 
3 
3 
3 
5 
4 
4 
3 
4 
4 
3 
6 
2 
6 
5 
5 
3 
4 
6 
5 
3 
5 
2 
5 
6 
3 
4 
3 
3 
5 
6 
4 
5 
5 
1 742840744  
2 
1 940174366  
5 
6 
4 
1 1497257070  
2 
6 
1 1717360673  
6 
2 
6 
3 
3 
2 
5 
5 
2 
2 
5 
4 
3 
6 
1 464855979  
4 
3 
1 701730196  
2 
3 
1 1704934226  
2 
1 1148290518  
3 
4 
4 
6 
4 
5 
2 
6 
5 
2 
3 
4 
2 
4 
6 
6 
1 719671562  
1 617445360  
6 
2 
2 
2 
1 1976980673  
2 
5 
4 
3 
4 
5 
4 
5 
5 
3 
4 
2 
2 
1 62181651  
2 
1 1109494888  
6 
3 
2 
5 
3 
2 
5 
2 
4 
2 
4 
2 
6 
4 
2 
2 
1 1963697236  
1 649758750  
6 
3 
1 2073081505  
3 
4 
4 
6 
5 
6 
1 366177248  
5 
6 
4 
6 
2 
5 
2 
4 
5 
4 
2 
6 
4 
3 
3 
3 
5 
6 
1 894218614  
4 
3 
6 
3 
1 1026656661  
1 149682943  
4 
1 1922472684  
3 
4 
1 1932762293  
4 
6 
3 
1 180259864  
2 
5 
4 
2 
4 
1 1368147941  
5 
4 
4 
5 
5 
2 
1 1071076623  
4 
2 
1 716412098  
4 
5 
1 2022321074  
1 1866574807  
4 
3 
1 935875237  
3 
5 
1 2060603198  
4 
2 
6 
3 
3 
5 
4 
4 
3 
5 
4 
2 
3 
1 1676145159  
1 1678715981  
2 
3 
2 
5 
1 853293916  
5 
6 
1 1025918581  
5 
6 
2 
3 
2 
1 1248593007  
4 
5 
4 
6 
5 
2 
5 
4 
6 
5 
5 
4 
6 
2 
6 
3 
3 
2 
2 
3 
5 
4 
1 1318149895  
3 
3 
2 
4 
1 1727648777  
1 806043585  
5 
4 
5 
6 
5 
5 
5 
6 
4 
6 
5 
5 
6 
1 318956766  
1 299836692  
5 
2 
5 
3 
6 
6 
2 
1 1423488945  
6 
6 
6 
5 
2 
6 
1 148453791  
6 
6 
2 
5 
6 
1 362018343  
2 
4 
6 
4 
1 385500185  
5 
3 
2 
5 
5 
5 
5 
4 
4 
2 
5 
6 
2 
6 
3 
3 
1 2112151027  
4 
5 
1 1011777093  
3 
4 
2 
6 
6 
4 
2 
6 
6 
3 
1 311098042  
2 
5 
6 
3 
1 330844627  
5 
3 
2 
2 
3 
1 1905995707  
3 
1 1337754703  
1 480527571  
6 
1 1680984744  
4 
3 
1 1123033349  
4 
4 
6 
5 
6 
4 
3 
6 
6 
2 
1 660787435  
5 
6 
6 
1 901649037  
4 
1 46626324  
1 1377199533  
6 
3 
2 
3 
2 
6 
1 776486463  
2 
5 
5 
6 
5 
5 
6 
3 
4 
1 1913201131  
2 
5 
5 
6 
1 165591123  
4 
2 
6 
6 
4 
2 
2 
6 
5 
4 
5 
6 
6 
4 
3 
1 689606014  
1 1441862642  
1 1844307104  
2 
6 
5 
4 
6 
2 
1 1542899930  
3 
1 320297575  
4 
3 
5 
6 
3 
4 
5 
4 
6 
1 945416463  
3 
6 
2 
1 713566178  
2 
2 
6 
4 
5 
3 
6 
6 
1 2047946353  
4 
4 
5 
6 
6 
6 
2 
4 
5 
3 
5 
5 
6 
5 
5 
5 
6 
1 1751460048  
1 1032522944  
6 
4 
5 
5 
5 
5 
4 
3 
3 
4 
4 
3 
1 200299397  
4 
5 
2 
1 1027465345  
3 
4 
2 
5 
3 
6 
3 
5 
4 
5 
1 1180976735  
1 562317740  
4 
3 
5 
5 
4 
6 
1 1412965530  
5 
4 
4 
1 1145644114  
4 
1 1574094833  
5 
4 
3 
3 
3 
6 
1 1724063572  
3 
1 1476488741  
2 
5 
5 
6 
1 1332606893  
3 
2 
1 914334628  
4 
4 
2 
4 
4 
3 
3 
4 
2 
3 
5 
3 
5 
6 
1 1957016312  
5 
4 
6 
3 
3 
2 
4 
1 866107989  
1 2037367977  
5 
6 
1 470320099  
3 
1 1767757026  
5 
4 
2 
2 
1 2083994301  
6 
1 1847519633  
4 
2 
2 
3 
2 
2 
5 
3 
1 396759842  
4 
3 
1 1849711784  
6 
5 
4 
4 
5 
2 
5 
5 
4 
3 
2 
2 
3 
1 2013110756  
4 
3 
2 
6 
4 
5 
2 
6 
1 1086365856  
4 
2 
3 
6 
2 
6 
3 
3 
4 
3 
6 
5 
5 
4 
6 
5 
2 
4 
5 
4 
2 
1 1144090778  
1 1709934212  
4 
6 
6 
2 
6 
2 
2 
5 
1 481782138  
3 
5 
2 
4 
2 
2 
4 
3 
3 
6 
4 
5 
6 
6 
5 
4 
4 
3 
6 
5 
4 
5 
2 
4 
6 
1 1464388353  
3 
6 
1 507867028  
1 1195348316  
6 
6 
1 1364851058  
3 
4 
3 
2 
5 
6 
3 
4 
4 
4 
4 
3 
1 111843428  
2 
1 80387612  
4 
3 
2 
4 
3 
3 
6 
6 
4 
5 
1 1565150455  
3 
5 
4 
6 
6 
4 
3 
5 
6 
6 
4 
2 
6 
6 
4 
4 
5 
2 
6 
1 1139308774  
1 1261364347  
4 
4 
2 
3 
4 
3 
6 
1 2127468195  
4 
4 
4 
1 404790656  
6 
6 
5 
6 
5 
2 
1 259524813  
5 
1 1554079381  
4 
2 
6 
2 
1 2128854229  
3 
5 
6 
5 
3 
3 
1 1736013555  
3 
3 
2 
5 
5 
4 
2 
5 
3 
1 739202626  
6 
1 895705209  
6 
2 
5 
1 1545546219  
2 
2 
5 
3 
6 
4 
2 
5 
2 
2 
2 
2 
6 
4 
2 
1 1605310615  
2 
5 
1 785589538  
4 
5 
4 
4 
3 
3 
6 
4 
1 2015866319  
2 
2 
3 
1 1225583993  
6 
5 
4 
1 722100191  
5 
2 
1 1715902304  
2 
2 
6 
4 
5 
3 
4 
3 
5 
5 
5 
1 1622343835  
6 
2 
6 
5 
1 424328327  
2 
1 1581529412  
1 561226043  
3 
5 
5 
1 1568419105  
6 
4 
6 
6 
5 
5 
4 
4 
5 
5 
6 
5 
5 
2 
1 1143979976  
2 
6 
4 
3 
3 
1 1043008182  
4 
4 
2 
6 
5 
5 
1 885323810  
5 
3 
6 
5 
6 
3 
4 
6 
2 
3 
2 
4 
6 
4 
1 1651847004  
6 
4 
2 
1 90872850  
2 
5 
6 
3 
6 
2 
4 
3 
2 
3 
2 
3 
1 102691221  
4 
2 
5 
6 
3 
3 
1 1763690433  
1 171260463  
2 
4 
6 
1 1667841676  
2 
2 
5 
3 
5 
1 755515559  
1 1432624810  
2 
2 
3 
6 
6 
5 
5 
2 
2 
1 1647826224  
3 
3 
3 
6 
3 
2 
4 
1 1160306215  
2 
4 
4 
1 1692149624  
2 
3 
3 
6 
6 
1 1054421957  
2 
4 
6 
4 
5 
4 
3 
5 
4 
2 
3 
5 
4 
5 
6 
3 
4 
4 
1 1141676796  
5 
2 
2 
4 
5 
2 
5 
1 1280679531  
6 
3 
6 
4 
2 
3 
1 1793624583  
2 
5 
2 
4 
5 
1 2037382005  
6 
1 678742102  
6 
1 1251451550  
2 
4 
1 675487895  
1 547124773  
4 
2 
4 
6 
1 329551895  
4 
4 
5 
5 
1 1397588086  
6 
6 
6 
5 
1 115543429  
4 
2 
5 
5 
2 
5 
6 
3 
3 
4 
6 
3 
4 
6 
5 
3 
5 
4 
5 
5 
3 
3 
6 
2 
3 
4 
3 
3 
1 1951895731  
1 1821916413  
1 1697072841  
2 
5 
6 
4 
6 
1 365638126  
1 1242851870  
4 
3 
2 
6 
4 
1 693569170  
2 
5 
5 
3 
4 
6 
6 
1 1408646308  
3 
3 
4 
5 
5 
2 
5 
2 
3 
1 2128175681  
5 
3 
6 
1 197932526  
4 
5 
3 
1 1499519159  
3 
3 
3 
2 
2 
5 
3 
2 
5 
3 
1 83383254  
4 
2 
2 
6 
6 
2 
2 
5 
3 
5 
3 
4 
3 
3 
1 1961622959  
4 
3 
4 
3 
6 
5 
2 
5 
5 
2 
6 
3 
1 1670779622  
5 
2 
1 1751224930  
5 
2 
2 
3 
2 
5 
1 569654870  
4 
6 
4 
6 
3 
2 
6 
4 
2 
3 
6 
6 
2 
2 
3 
4 
2 
6 
5 
3 
3 
4 
2 
1 955920784  
4 
3 
3 
2 
5 
6 
4 
3 
1 1251567506  
1 1729961086  
2 
5 
5 
5 
5 
6 
5 
1 500586760  
2 
3 
4 
5 
1 158505815  
4 
4 
2 
3 
1 724154234  
1 1781266291  
4 
3 
3 
2 
5 
2 
5 
5 
5 
5 
2 
4 
3 
4 
3 
3 
4 
3 
3 
2 
5 
5 
4 
3 
1 1952130398  
5 
5 
6 
4 
2 
2 
3 
4 
5 
1 614052592  
3 
4 
4 
2 
1 312524746  
3 
4 
4 
5 
5 
5 
6 
3 
5 
1 1056098300  
2 
3 
4 
3 
5 
5 
6 
2 
3 
1 1289540487  
5 
3 
6 
1 859649519  
2 
2 
4 
5 
1 1385650196  
6 
6 
5 
1 539644926  
3 
2 
2 
4 
1 975192949  
5 
3 
3 
4 
1 1190062279  
6 
6 
6 
3 
1 214077691  
2 
4 
5 
1 524782142  
4 
3 
3 
2 
4 
4 
6 
3 
2 
2 
5 
3 
3 
1 1555700405  
3 
4 
1 1456929562  
5 
3 
6 
6 
2 
5 
1 1218351312  
3 
4 
1 816863066  
3 
2 
6 
2 
2 
2 
5 
2 
1 1437621595  
6 
2 
5 
2 
6 
2 
3 
6 
2 
4 
3 
6 
1 1416283839  
6 
6 
1 168898577  
5 
6 
2 
2 
5 
1 1521004849  
2 
1 1230423150  
3 
3 
3 
2 
4 
6 
3 
2 
1 1839678199  
2 
2 
1 1124746131  
6 
1 1800078021  
4 
4 
5 
3 
6 
6 
1 648115335  
2 
2 
5 
5 
1 228829990  
2 
2 
2 
5 
6 
3 
4 
2 
1 1382555459  
4 
5 
4 
2 
4 
5 
1 1148702096  
3 
2 
5 
6 
2 
1 387335805  
5 
1 2106709693  
5 
5 
4 
1 782484739  
4 
6 
6 
5 
3 
1 191982556  
2 
6 
6 
6 
6 
4 
4 
3 
5 
6 
3 
1 573278637  
6 
4 
6 
6 
1 1095009485  
3 
4 
4 
5 
4 
2 
6 
2 
4 
6 
4 
3 
2 
5 
5 
1 1248080856  
2 
6 
1 1862819125  
6 
6 
2 
6 
6 
6 
6 
1 1954659005  
1 486247404  
5 
6 
4 
3 
2 
6 
6 
4 
4 
2 
2 
2 
5 
2 
1 254980403  
3 
2 
5 
4 
1 782368306  
2 
3 
6 
6 
2 
1 1676309683  
3 
2 
6 
6 
3 
5 
5 
3 
4 
5 
6 
1 469058094  
1 1307150448  
6 
5 
6 
5 
2 
5 
1 1084526441  
2 
5 
6 
4 
5 
5 
5 
4 
1 1925987656  
2 
5 
3 
3 
5 
5 
2 
2 
4 
3 
2 
5 
6 
6 
6 
2 
2 
3 
2 
2 
1 378018113  
3 
3 
1 1901389507  
3 
1 1216125603  
4 
3 
5 
1 1794301952  
2 
3 
4 
5 
6 
4 
4 
5 
3 
5 
5 
1 2070288084  
2 
2 
4 
4 
4 
2 
3 
3 
1 589646804  
2 
1 877241454  
6 
4 
2 
4 
2 
5 
3 
2 
2 
6 
2 
1 1762482635  
6 
1 1714392936  
4 
5 
2 
4 
1 529835827  
3 
3 
5 
5 
6 
4 
4 
4 
6 
3 
5 
2 
4 
6 
1 263114322  
5 
2 
4 
3 
6 
4 
3 
1 1943222926  
4 
6 
1 1912391286  
1 1411816418  
6 
6 
2 
6 
2 
1 183075083  
6 
5 
3 
5 
4 
5 
1 1871617332  
2 
3 
1 46817510  
4 
6 
3 
5 
5 
6 
4 
1 375057639  
2 
3 
1 297412321  
2 
1 1141826995  
5 
4 
4 
2 
6 
1 1623138496  
6 
6 
2 
6 
4 
3 
4 
1 12747798  
6 
2 
5 
2 
5 
2 
1 949002352  
4 
5 
5 
2 
3 
1 2109385900  
3 
5 
6 
1 267728201  
2 
4 
1 1731370658  
6 
6 
5 
2 
1 1638211936  
2 
2 
6 
2 
1 736786296  
6 
6 
5 
6 
4 
2 
6 
4 
3 
3 
4 
4 
4 
3 
1 891037459  
1 575254729  
3 
2 
2 
5 
5 
5 
5 
4 
6 
4 
2 
5 
4 
6 
4 
4 
1 515290304  
3 
5 
5 
4 
3 
2 
1 1269055572  
3 
2 
3 
6 
2 
2 
3 
1 329160588  
4 
4 
3 
2 
4 
6 
6 
5 
6 
6 
1 1731415908  
6 
6 
1 915873876  
6 
6 
1 251965024  
4 
1 173579064  
3 
3 
5 
5 
3 
1 1793115330  
4 
6 
1 2014447659  
1 1887972000  
6 
2 
4 
4 
6 
4 
1 175467510  
3 
6 
2 
4 
3 
6 
6 
2 
1 130078333  
4 
2 
3 
2 
1 1683711278  
1 2087858796  
6 
1 1541894752  
2 
4 
2 
5 
4 
4 
6 
4 
2 
1 1866786362  
6 
5 
6 
4 
6 
2 
2 
1 1811992480  
3 
1 1588712262  
6 
2 
6 
3 
2 
2 
6 
5 
5 
4 
2 
6 
5 
3 
5 
6 
2 
2 
3 
3 
5 
5 
4 
3 
1 94360353  
1 2109404802  
5 
5 
6 
2 
3 
2 
5 
2 
6 
1 583055609  
5 
5 
4 
5 
5 
3 
6 
6 
6 
2 
5 
1 1717498849  
1 2122152600  
6 
4 
6 
6 
4 
6 
1 1532057962  
2 
4 
3 
3 
2 
2 
3 
3 
5 
5 
4 
1 1679401102  
5 
2 
3 
2 
3 
1 242397154  
4 
4 
4 
5 
3 
3 
6 
3 
4 
1 1115944972  
5 
5 
4 
1 1170129390  
6 
2 
6 
2 
6 
6 
4 
6 
1 979183450  
6 
4 
1 2006982431  
5 
3 
5 
3 
1 1745384119  
5 
3 
6 
2 
2 
5 
5 
5 
4 
4 
2 
6 
6 
3 
6 
2 
1 1494473754  
6 
5 
1 1128554355  
1 2074544707  
2 
1 1078406014  
4 
5 
2 
5 
1 2044428231  
6 
3 
2 
4 
6 
2 
2 
2 
2 
4 
4 
6 
3 
6 
1 179026083  
5 
5 
2 
6 
2 
6 
2 
3 
6 
6 
2 
5 
2 
1 1251985079  
6 
5 
6 
1 1690059914  
3 
6 
3 
3 
1 45990094  
5 
1 992473431  
6 
4 
3 
3 
6 
4 
3 
5 
1 1865527424  
5 
1 176068427  
2 
1 528701062  
1 1805902572  
3 
6 
4 
2 
2 
6 
3 
1 1717963179  
4 
1 248003776  
1 1470411405  
2 
6 
4 
4 
1 1159191793  
4 
2 
3 
5 
1 342364129  
3 
4 
6 
3 
5 
2 
1 1432332559  
6 
1 1742247403  
1 2059862979  
4 
2 
3 
1 1407001511  
6 
5 
1 1126821717  
2 
6 
3 
1 1591780433  
2 
1 1649398665  
2 
1 95283041  
5 
1 614426175  
3 
2 
2 
6 
4 
4 
4 
3 
3 
5 
1 481098467  
3 
4 
5 
6 
5 
5 
3 
2 
2 
1 2102265473  
5 
2 
2 
4 
3 
6 
6 
5 
6 
1 212326646  
6 
5 
3 
5 
4 
2 
4 
6 
4 
1 1975572222  
3 
6 
4 
5 
6 
4 
1 1083336180  
2 
3 
2 
2 
6 
3 
1 139387705  
4 
4 
2 
4 
1 906494588  
3 
5 
5 
5 
3 
6 
4 
5 
1 980280764  
2 
1 318413788  
4 
5 
5 
1 10996019  
3 
5 
3 
2 
4 
6 
4 
5 
1 522857030  
6 
3 
4 
3 
4 
3 
6 
6 
3 
2 
5 
6 
4 
5 
2 
6 
5 
2 
4 
5 
6 
3 
1 364403882  
3 
2 
4 
3 
5 
3 
6 
2 
4 
6 
3 
3 
6 
3 
1 1003469451  
1 240900806  
5 
5 
3 
4 
5 
1 540472309  
2 
1 1532170513  
3 
1 2046803378  
4 
6 
1 110951841  
2 
1 1780174289  
2 
4 
5 
2 
5 
2 
3 
3 
4 
2 
1 1369731135  
5 
6 
6 
6 
3 
4 
4 
2 
6 
1 1270143634  
2 
4 
3 
5 
3 
4 
3 
2 
1 2122538418  
4 
3 
6 
3 
6 
6 
1 654580046  
2 
4 
3 
4 
4 
4 
6 
1 864907389  
1 2034917749  
6 
4 
5 
4 
4 
3 
6 
4 
2 
6 
4 
1 2061581558  
6 
4 
6 
3 
1 1991729106  
1 1479214534  
6 
4 
3 
4 
1 1563496575  
2 
6 
4 
6 
4 
1 2087012148  
5 
3 
1 2093640709  
1 2044595043  
2 
5 
5 
2 
1 2041793973  
4 
3 
4 
2 
1 158483707  
5 
4 
5 
2 
6 
1 1872683617  
1 977646505  
4 
3 
3 
1 297871412  
4 
3 
6 
4 
3 
2 
2 
1 631694557  
2 
2 
6 
4 
4 
3 
4 
3 
6 
1 1957927269  
2 
6 
1 616285200  
4 
1 642690577  
3 
5 
4 
6 
1 333300651  
2 
6 
3 
4 
6 
2 
6 
5 
3 
3 
4 
1 980689082  
5 
2 
3 
3 
3 
2 
4 
6 
5 
3 
2 
4 
2 
5 
2 
2 
6 
6 
3 
4 
3 
1 1646160028  
3 
1 574201457  
6 
4 
3 
6 
2 
5 
6 
4 
1 1521161392  
1 1030846893  
3 
5 
1 473521188  
5 
4 
6 
2 
4 
5 
3 
2 
3 
4 
2 
1 1632113233  
3 
3 
2 
3 
4 
6 
5 
1 663537534  
3 
6 
2 
5 
1 1843252323  
3 
1 754773219  
3 
5 
6 
5 
3 
5 
3 
1 638592304  
4 
6 
5 
6 
4 
5 
3 
1 350348722  
3 
2 
3 
6 
3 
5 
1 1619680609  
3 
4 
5 
5 
2 
4 
3 
2 
3 
4 
3 
1 526026406  
2 
1 264446632  
1 1463926067  
2 
2 
3 
5 
2 
4 
5 
3 
3 
3 
4 
1 2005240940  
4 
1 1827943207  
6 
1 1403454567  
1 1951398002  
1 1725054602  
4 
3 
1 1297764892  
5 
6 
5 
2 
2 
4 
4 
2 
3 
4 
5 
1 2109881709  
2 
4 
3 
2 
6 
6 
2 
6 
6 
3 
6 
1 1450254571  
5 
3 
2 
6 
4 
4 
3 
6 
5 
5 
4 
3 
4 
4 
6 
4 
3 
5 
2 
2 
4 
2 
6 
1 127927750  
1 260269474  
3 
5 
1 2081949129  
1 2085855019  
2 
5 
6 
2 
6 
1 876554674  
4 
4 
2 
6 
3 
5 
2 
6 
4 
1 577156058  
4 
1 271672023  
3 
5 
2 
3 
5 
5 
4 
6 
2 
2 
2 
6 
4 
6 
5 
4 
6 
5 
1 1857243757  
5 
4 
6 
4 
2 
1 75832438  
3 
5 
6 
3 
5 
5 
5 
3 
2 
6 
6 
2 
5 
1 845873480  
6 
4 
2 
2 
5 
5 
4 
5 
4 
1 1230921501  
6 
5 
3 
3 
6 
4 
6 
3 
1 1106679331  
4 
3 
1 1319394668  
5 
6 
1 715551086  
1 1770216865  
6 
4 
6 
3 
3 
2 
4 
1 1015163344  
5 
1 1470324305  
1 261325521  
2 
3 
4 
3 
6 
6 
5 
3 
5 
4 
2 
3 
5 
1 1365512066  
4 
3 
5 
2 
6 
1 942521266  
2 
6 
4 
4 
2 
4 
5 
4 
4 
4 
6 
3 
4 
5 
5 
3 
1 787351927  
4 
5 
1 1629958698  
2 
2 
6 
4 
3 
5 
3 
1 258963686  
6 
6 
4 
2 
1 645109220  
4 
3 
4 
2 
6 
4 
2 
5 
5 
4 
6 
5 
3 
1 1310418257  
6 
3 
2 
1 1662418253  
6 
1 449023574  
3 
6 
6 
2 
4 
4 
3 
1 887989212  
4 
5 
3 
3 
6 
3 
4 
4 
1 812699498  
1 411421635  
1 190760135  
1 940627248  
5 
4 
6 
6 
6 
3 
3 
4 
1 671691109  
3 
3 
2 
4 
3 
5 
6 
1 125225616  
6 
1 878998619  
1 1548245784  
3 
1 702381674  
3 
4 
6 
6 
5 
3 
5 
6 
4 
6 
6 
6 
2 
6 
2 
3 
1 1150670642  
6 
3 
4 
2 
5 
1 1258005893  
6 
3 
5 
2 
5 
6 
2 
4 
5 
5 
2 
3 
6 
1 778214112  
1 1996544123  
4 
2 
4 
4 
6 
5 
4 
3 
2 
4 
5 
5 
2 
5 
6 
1 341443746  
2 
6 
5 
5 
2 
6 
5 
3 
2 
6 
4 
4 
5 
3 
2 
3 
2 
4 
5 
6 
2 
6 
4 
6 
4 
4 
3 
1 1884893443  
3 
4 
1 1168455143  
6 
5 
1 1056994832  
1 1507626660  
3 
1 36134839  
3 
6 
6 
2 
6 
1 379835489  
2 
5 
3 
6 
2 
1 1768952182  
5 
1 1401646905  
4 
3 
4 
4 
5 
6 
1 1322356756  
6 
3 
2 
3 
5 
3 
5 
5 
2 
3 
3 
5 
3 
5 
4 
5 
3 
1 408820461  
5 
2 
1 884121955  
2 
3 
5 
6 
4 
5 
6 
4 
6 
1 1581320442  
5 
5 
4 
2 
2 
2 
1 1053929681  
6 
2 
2 
1 47056565  
2 
4 
5 
4 
5 
4 
1 1096255047  
3 
6 
3 
4 
5 
5 
4 
6 
2 
6 
2 
4 
1 1502953255  
2 
5 
6 
5 
5 
4 
5 
3 
1 935045777  
1 1908954545  
4 
3 
1 1914374891  
5 
6 
1 1125805912  
4 
1 702098145  
6 
6 
6 
3 
4 
4 
1 438582352  
4 
2 
4 
3 
2 
2 
3 
4 
1 1251031529  
4 
1 1581096765  
1 1986828136  
5 
6 
2 
3 
2 
6 
5 
4 
6 
5 
4 
5 
3 
2 
1 1953413203  
3 
2 
2 
4 
4 
2 
4 
1 584283759  
4 
2 
4 
3 
6 
6 
5 
5 
1 1097350381  
5 
1 584143668  
4 
6 
3 
2 
1 433344234  
3 
3 
4 
4 
6 
3 
1 1438794127  
3 
4 
5 
6 
1 321553463  
4 
6 
4 
2 
2 
5 
1 1601799378  
2 
3 
2 
4 
5 
6 
6 
6 
6 
3 
6 
3 
2 
2 
3 
1 348305311  
3 
6 
3 
6 
6 
1 1829180124  
2 
1 1637934217  
3 
1 728140801  
3 
3 
3 
3 
4 
5 
2 
3 
1 1450648658  
3 
1 892097475  
6 
3 
2 
5 
3 
1 2050497557  
5 
6 
5 
5 
5 
5 
4 
5 
3 
2 
2 
2 
2 
1 1859469119  
2 
5 
6 
4 
3 
4 
3 
3 
4 
3 
6 
5 
4 
2 
1 1776219430  
5 
1 1484334351  
6 
4 
6 
4 
5 
5 
3 
4 
2 
2 
2 
3 
5 
3 
5 
6 
1 765915153  
2 
5 
5 
3 
1 1823275995  
2 
2 
2 
5 
2 
2 
3 
2 
1 433105750  
5 
4 
3 
6 
5 
5 
4 
1 121384760  
1 610838124  
5 
1 194576648  
1 2035759651  
5 
2 
4 
1 1736644037  
5 
1 896674793  
3 
3 
6 
4 
2 
3 
4 
4 
2 
6 
4 
6 
1 326858356  
2 
5 
6 
2 
5 
4 
4 
1 840191918  
1 330287910  
6 
6 
6 
6 
4 
2 
2 
5 
3 
6 
4 
3 
4 
2 
6 
3 
2 
4 
6 
3 
3 
4 
5 
6 
5 
4 
6 
4 
5 
6 
2 
4 
6 
1 166202844  
1 646121473  
1 914571670  
5 
6 
5 
1 1263553226  
6 
4 
4 
2 
4 
5 
6 
3 
6 
4 
1 1230265141  
4 
1 1347915904  
3 
5 
6 
2 
2 
3 
2 
1 554863705  
1 1551818605  
3 
4 
6 
6 
3 
2 
6 
2 
6 
3 
4 
5 
2 
6 
4 
3 
1 802231634  
4 
3 
5 
2 
3 
6 
1 903169017  
5 
4 
4 
6 
3 
1 1233515081  
5 
3 
2 
5 
1 292682204  
1 1631309818  
4 
1 536680091  
2 
2 
4 
4 
2 
3 
4 
4 
6 
1 1184779679  
3 
5 
5 
1 1534323727  
6 
3 
4 
1 248665562  
6 
5 
4 
1 813515461  
6 
3 
2 
5 
1 871174430  
5 
2 
3 
3 
5 
2 
5 
3 
4 
2 
2 
3 
2 
1 1014580715  
5 
6 
5 
3 
4 
6 
3 
2 
6 
6 
5 
6 
3 
2 
5 
3 
2 
2 
4 
6 
4 
2 
6 
4 
3 
2 
4 
3 
5 
1 489307809  
1 1304280180  
4 
1 1135965476  
4 
6 
5 
5 
2 
4 
5 
1 1100145933  
4 
6 
5 
2 
4 
2 
6 
1 1498856828  
2 
5 
2 
3 
4 
3 
4 
5 
1 1024241479  
4 
2 
1 689306322  
5 
5 
5 
1 248047974  
1 1351099835  
1 1529498240  
6 
6 
2 
1 578335884  
4 
4 
6 
3 
2 
5 
1 1517302680  
5 
5 
6 
1 28136066  
5 
2 
3 
4 
6 
6 
4 
6 
3 
4 
3 
1 1492907554  
6 
3 
3 
5 
1 633372258  
3 
6 
2 
3 
3 
5 
1 1258401207  
2 
4 
3 
4 
2 
4 
6 
5 
1 693339811  
6 
3 
2 
4 
6 
6 
5 
5 
4 
5 
6 
2 
1 1188235963  
6 
6 
1 662736164  
6 
3 
3 
6 
2 
1 1495571445  
6 
1 2091404980  
1 1896251245  
3 
2 
6 
4 
3 
1 1788253649  
3 
6 
3 
2 
6 
6 
5 
3 
4 
2 
2 
3 
2 
1 1575231150  
5 
5 
4 
5 
3 
5 
3 
2 
2 
1 285447688  
6 
6 
3 
3 
3 
3 
2 
3 
1 825549680  
1 962071229  
1 534113251  
2 
3 
2 
4 
5 
2 
5 
5 
3 
2 
2 
4 
4 
4 
2 
1 1639065142  
3 
1 1833245659  
4 
3 
3 
5 
5 
5 
2 
1 1548693966  
1 2128372951  
1 990042192  
6 
6 
4 
4 
3 
4 
2 
5 
4 
5 
3 
5 
4 
3 
1 537175794  
6 
4 
1 1081035236  
1 341415372  
2 
1 1561417274  
1 1770341559  
1 589463346  
1 765033461  
4 
1 1152356151  
6 
1 1167799231  
3 
4 
1 134852493  
2 
5 
1 1180492217  
1 513223137  
1 768224751  
6 
5 
3 
1 291409777  
2 
3 
5 
5 
3 
2 
3 
5 
1 1206562948  
6 
5 
3 
2 
2 
2 
6 
2 
4 
1 1956460715  
3 
2 
5 
5 
4 
1 954145941  
1 554650746  
1 1900382047  
5 
6 
1 702913539  
5 
3 
1 195420747  
5 
1 1328129550  
3 
4 
5 
1 988361227  
1 1020970428  
3 
1 142717131  
1 1522474478  
6 
1 512551922  
3 
2 
1 1975962791  
4 
6 
5 
6 
1 923684797  
1 493441225  
1 818521335  
3 
1 1460860591  
1 1574476461  
4 
4 
1 1159936707  
6 
4 
1 874794217  
5 
6 
5 
2 
2 
5 
6 
3 
2 
4 
3 
3 
5 
2 
5 
5 
5 
3 
6 
2 
3 
3 
3 
4 
2 
5 
5 
4 
1 1197334372  
4 
2 
1 1749400054  
5 
5 
6 
2 
1 1639827679  
1 202206876  
3 
1 769715637  
3 
4 
1 1774680172  
3 
2 
3 
2 
5 
1 1382699093  
3 
6 
3 
5 
1 1282938774  
3 
5 
2 
1 395421276  
4 
4 
5 
5 
2 
1 1674108870  
6 
1 342018075  
4 
1 204398343  
2 
2 
2 
3 
1 480771164  
4 
5 
6 
3 
3 
3 
3 
2 
1 896668821  
6 
6 
6 
3 
5 
3 
3 
3 
2 
2 
1 2104780390  
2 
2 
1 1183684703  
1 1092089568  
5 
1 1285426292  
3 
1 24562282  
3 
1 2113059996  
5 
6 
5 
3 
4 
6 
4 
4 
6 
4 
5 
3 
1 1428143424  
1 1547036761  
6 
5 
4 
1 478128270  
3 
4 
5 
3 
2 
2 
4 
1 1256622567  
1 323237910  
4 
1 971569495  
5 
6 
5 
1 2075143902  
1 1784098501  
4 
6 
6 
5 
2 
2 
2 
2 
1 398562309  
6 
2 
4 
2 
6 
3 
3 
5 
1 1087596961  
3 
3 
5 
3 
2 
5 
5 
6 
1 511409071  
2 
4 
3 
6 
4 
4 
5 
5 
6 
4 
4 
1 1595896681  
5 
1 689513367  
3 
1 3753102  
2 
6 
5 
1 1798103557  
2 
3 
1 1459229004  
3 
4 
6 
2 
1 1778433274  
2 
2 
2 
3 
3 
3 
6 
5 
4 
4 
4 
4 
3 
2 
1 1033319003  
6 
1 594684131  
3 
2 
3 
5 
1 26370902  
3 
6 
5 
2 
6 
4 
1 559944225  
3 
4 
5 
2 
5 
6 
6 
5 
6 
2 
3 
3 
1 936702206  
5 
1 230769245  
2 
5 
1 1040715389  
2 
5 
6 
4 
2 
5 
3 
6 
4 
1 1833371027  
5 
5 
3 
4 
5 
6 
1 188065988  
2 
4 
6 
1 76916444  
1 777976947  
1 1473492280  
5 
2 
1 101478727  
5 
2 
1 743553296  
5 
2 
4 
1 754152056  
3 
3 
5 
4 
1 1648515488  
3 
3 
4 
6 
2 
2 
4 
1 1221681566  
6 
1 2010774623  
3 
5 
6 
2 
4 
6 
1 1971753398  
6 
5 
3 
4 
1 45767414  
3 
4 
6 
2 
2 
6 
1 1938434877  
3 
6 
5 
2 
4 
6 
1 1608368251  
1 444329723  
6 
4 
2 
3 
6 
1 878548191  
1 2119777322  
1 2040226404  
5 
6 
5 
1 1568061558  
5 
5 
4 
2 
1 2123530424  
2 
3 
4 
1 1690846314  
2 
6 
5 
5 
6 
4 
3 
3 
2 
2 
1 879806915  
5 
1 1754480051  
6 
4 
5 
6 
1 576681669  
6 
3 
4 
2 
4 
5 
2 
5 
1 1474491046  
5 
4 
2 
4 
3 
1 1780850953  
2 
3 
4 
1 1136625894  
2 
2 
2 
4 
6 
6 
2 
3 
6 
2 
5 
6 
2 
2 
1 263709604  
3 
3 
5 
5 
5 
2 
6 
1 2011620199  
4 
2 
3 
4 
4 
5 
4 
1 29857636  
5 
2 
2 
4 
4 
2 
4 
3 
5 
6 
5 
4 
5 
4 
4 
5 
2 
1 2097080631  
4 
4 
4 
2 
4 
5 
4 
1 52202539  
1 106774080  
4 
1 727573930  
2 
6 
1 1525694819  
5 
2 
4 
5 
3 
5 
2 
4 
5 
2 
2 
2 
3 
6 
1 208252807  
4 
2 
5 
5 
6 
5 
3 
5 
3 
6 
3 
6 
2 
6 
3 
6 
4 
3 
3 
5 
1 1471127226  
4 
1 132363228  
2 
4 
6 
6 
2 
4 
6 
6 
3 
3 
1 1856768295  
2 
4 
1 545325145  
1 2143137851  
2 
6 
2 
2 
4 
3 
2 
3 
5 
1 1681038045  
1 591092559  
2 
2 
6 
4 
4 
6 
1 1934089081  
1 1141922649  
5 
3 
2 
3 
5 
2 
6 
4 
5 
6 
3 
1 1035422282  
2 
1 665153624  
2 
6 
2 
4 
4 
5 
4 
6 
1 1114216323  
5 
6 
6 
2 
3 
4 
3 
2 
1 928165038  
6 
1 85731534  
3 
3 
1 1090263100  
1 471527704  
1 965538449  
5 
5 
5 
2 
2 
2 
3 
6 
3 
1 697259503  
5 
3 
5 
3 
1 1048209373  
2 
1 292545847  
5 
2 
3 
6 
5 
4 
3 
5 
6 
4 
3 
1 330626808  
2 
3 
3 
2 
2 
3 
5 
3 
6 
5 
6 
3 
4 
6 
5 
2 
3 
6 
5 
6 
4 
3 
6 
2 
6 
1 37351620  
3 
5 
6 
4 
1 556255451  
2 
1 194763359  
6 
3 
1 67209256  
2 
5 
2 
3 
5 
4 
2 
4 
6 
1 505852434  
5 
2 
6 
2 
2 
1 246965898  
5 
4 
3 
3 
6 
4 
5 
3 
4 
4 
1 173983336  
6 
1 1233426365  
6 
2 
6 
3 
4 
1 1772660718  
3 
2 
4 
2 
2 
3 
2 
3 
3 
3 
1 382236144  
5 
3 
4 
2 
5 
6 
2 
4 
1 557069943  
5 
4 
2 
4 
2 
6 
5 
1 1905023946  
5 
1 91520791  
1 1102395088  
6 
6 
6 
1 1900678149  
4 
5 
2 
5 
6 
5 
2 
3 
5 
4 
3 
6 
5 
6 
4 
3 
2 
6 
6 
2 
1 1772558837  
5 
2 
1 1693487647  
1 1687283582  
4 
6 
6 
2 
5 
6 
2 
6 
2 
4 
5 
6 
3 
6 
4 
6 
6 
2 
4 
2 
1 766997838  
5 
5 
2 
2 
5 
4 
4 
5 
2 
3 
4 
3 
5 
4 
1 581426281  
4 
6 
2 
1 204953558  
4 
3 
6 
3 
4 
1 1881214161  
4 
6 
3 
6 
2 
2 
4 
6 
2 
4 
4 
5 
5 
5 
3 
5 
6 
5 
1 1509591320  
2 
2 
3 
1 290685093  
2 
5 
4 
1 823993613  
2 
1 1981119024  
5 
5 
4 
1 1256223542  
6 
2 
6 
5 
5 
5 
1 1521253116  
2 
6 
3 
2 
5 
2 
4 
1 881844750  
2 
4 
6 
1 1548769390  
3 
4 
5 
2 
1 1851879925  
4 
4 
4 
6 
5 
6 
5 
6 
1 919196370  
2 
1 2105024841  
2 
5 
3 
3 
2 
2 
3 
3 
5 
5 
3 
3 
2 
2 
5 
2 
1 2046643284  
2 
6 
2 
3 
2 
6 
1 986405626  
5 
2 
6 
5 
6 
3 
4 
5 
4 
1 463393628  
6 
2 
6 
4 
5 
1 146125535  
1 1160388962  
5 
3 
4 
6 
1 1696819993  
1 1918786253  
6 
2 
6 
6 
5 
2 
5 
3 
3 
1 1542625106  
1 106406288  
2 
2 
3 
1 1676326551  
6 
1 1634145898  
5 
4 
3 
3 
1 1208801377  
1 1429521052  
2 
3 
5 
6 
5 
3 
3 
1 1259221087  
6 
3 
5 
3 
2 
2 
6 
1 754805376  
1 969320987  
5 
6 
6 
4 
4 
2 
5 
2 
2 
2 
1 2026218925  
2 
6 
3 
5 
5 
4 
5 
6 
6 
1 1336231658  
3 
6 
5 
6 
2 
6 
5 
6 
2 
4 
3 
2 
1 1174274545  
4 
2 
6 
1 1759949438  
2 
2 
5 
5 
1 698339330  
6 
6 
4 
5 
4 
4 
2 
2 
4 
1 1464959638  
6 
4 
2 
2 
6 
4 
1 436459404  
4 
5 
3 
5 
6 
1 531974706  
2 
3 
6 
4 
4 
3 
1 573699533  
6 
6 
2 
3 
3 
4 
6 
3 
6 
4 
6 
6 
4 
4 
2 
1 1957712520  
4 
5 
6 
2 
6 
3 
4 
5 
5 
1 1413819456  
4 
6 
3 
6 
5 
5 
6 
6 
3 
2 
5 
2 
2 
3 
4 
3 
6 
6 
4 
6 
1 2122468923  
2 
4 
1 1662108797  
2 
5 
1 185532178  
3 
5 
2 
1 2080010116  
1 1561268434  
4 
4 
1 1171937804  
1 395920096  
3 
6 
5 
6 
1 1707393969  
4 
6 
1 184843119  
1 2092740089  
4 
5 
1 1478696574  
1 1727468225  
6 
2 
2 
1 51662730  
5 
2 
2 
3 
2 
4 
2 
1 1007539477  
2 
3 
5 
6 
1 1214130475  
6 
2 
2 
4 
4 
4 
3 
1 1260464107  
6 
4 
1 289576881  
4 
2 
4 
5 
2 
4 
3 
3 
1 325867914  
3 
3 
5 
3 
6 
1 2015269483  
1 1258897868  
5 
5 
2 
5 
3 
3 
3 
4 
1 204603191  
2 
3 
1 1204017493  
2 
4 
2 
3 
1 285688766  
1 1964552630  
5 
2 
5 
3 
5 
5 
1 1902356823  
5 
4 
4 
3 
1 1750648404  
4 
6 
1 253528386  
5 
4 
6 
1 286847882  
4 
1 176864289  
2 
1 63757258  
6 
5 
5 
6 
5 
2 
5 
4 
5 
1 1700667338  
3 
6 
1 151849564  
4 
2 
5 
1 1725866056  
1 1886199517  
3 
3 
2 
6 
1 84376033  
1 1139650842  
1 910653673  
6 
2 
3 
6 
1 480296129  
1 699561163  
4 
4 
3 
4 
3 
3 
6 
6 
6 
3 
3 
6 
6 
4 
6 
1 1095496792  
6 
4 
4 
3 
4 
4 
3 
6 
6 
4 
3 
2 
3 
3 
1 425552571  
6 
4 
1 30774089  
5 
5 
3 
2 
6 
1 675481370  
4 
5 
6 
6 
2 
1 477215301  
3 
3 
5 
3 
3 
6 
5 
5 
2 
5 
6 
5 
3 
5 
5 
6 
4 
3 
5 
1 1038313566  
6 
1 1889611845  
3 
2 
5 
1 1737679408  
2 
2 
3 
4 
6 
5 
5 
4 
2 
6 
2 
1 1327890447  
1 67996112  
3 
6 
2 
3 
6 
1 1605465243  
5 
3 
3 
4 
6 
1 439304668  
6 
4 
6 
6 
1 272599303  
4 
3 
1 661999089  
5 
2 
6 
3 
4 
2 
5 
4 
1 724993434  
1 89668285  
2 
4 
3 
5 
3 
5 
6 
6 
2 
1 416872264  
2 
5 
6 
4 
1 328158190  
6 
6 
1 343196671  
2 
4 
4 
4 
1 703720146  
2 
6 
5 
1 505022480  
2 
5 
6 
5 
5 
5 
5 
5 
5 
2 
4 
4 
4 
3 
1 406953930  
3 
2 
1 256903837  
3 
2 
5 
3 
5 
2 
6 
6 
4 
6 
3 
6 
2 
6 
6 
1 656872044  
1 2132819986  
3 
5 
5 
2 
1 2143103354  
6 
4 
4 
6 
2 
1 741248077  
4 
3 
6 
4 
6 
6 
5 
1 1124987180  
3 
3 
6 
1 906273379  
2 
1 1221544207  
4 
1 1824548343  
1 2001770172  
3 
2 
4 
3 
6 
4 
3 
3 
3 
2 
1 1647096778  
1 1855322432  
1 529767894  
2 
2 
2 
3 
4 
5 
6 
4 
1 2124312079  
6 
5 
6 
2 
3 
4 
1 746152350  
2 
3 
2 
4 
5 
6 
4 
1 271896091  
3 
1 1714507839  
4 
2 
4 
1 2074042797  
1 339892203  
6 
6 
2 
6 
1 1172489434  
5 
3 
6 
1 365863817  
3 
6 
1 612491507  
3 
2 
1 1834488523  
3 
6 
3 
4 
1 1090857251  
3 
5 
5 
5 
4 
6 
5 
6 
6 
2 
1 702159792  
4 
5 
5 
6 
2 
4 
2 
4 
4 
3 
4 
3 
4 
1 103877140  
1 1419015442  
3 
1 1045356464  
4 
6 
5 
4 
3 
6 
6 
3 
5 
1 807597286  
1 1924037922  
6 
3 
2 
2 
5 
5 
2 
5 
6 
6 
1 1452310394  
4 
6 
4 
4 
3 
5 
5 
1 1064501123  
2 
1 433426318  
1 1437646732  
3 
1 1060120829  
4 
6 
6 
3 
2 
4 
4 
4 
4 
4 
6 
6 
1 1174674396  
5 
2 
5 
2 
3 
5 
6 
6 
1 415150264  
5 
5 
3 
1 1966394209  
2 
5 
2 
3 
1 248734955  
1 92214959  
4 
5 
1 1820680733  
1 1895831733  
3 
3 
6 
1 1947537391  
1 202964979  
1 1872660164  
4 
5 
6 
4 
1 546206093  
4 
5 
2 
6 
4 
6 
2 
6 
4 
3 
3 
6 
1 474861070  
3 
2 
5 
5 
4 
1 1439684355  
5 
3 
6 
1 472765242  
5 
3 
2 
4 
4 
6 
6 
2 
4 
6 
2 
4 
6 
3 
4 
4 
3 
4 
4 
1 814753274  
4 
5 
2 
1 464690141  
5 
5 
1 838629060  
1 1427244781  
4 
6 
2 
3 
6 
6 
6 
1 151695017  
2 
6 
6 
1 1929486311  
2 
3 
1 2129404573  
3 
3 
3 
6 
6 
5 
3 
4 
1 255572157  
1 1201018105  
1 1027277389  
4 
1 1063169443  
2 
2 
2 
6 
4 
5 
6 
5 
1 977572379  
1 332104135  
2 
3 
2 
6 
3 
4 
1 2127670567  
5 
1 1410998698  
4 
4 
3 
4 
1 1769750867  
1 1040307748  
2 
1 438189446  
3 
6 
5 
4 
4 
6 
6 
5 
5 
6 
2 
5 
1 37417483  
3 
2 
5 
1 859218309  
5 
3 
6 
2 
5 
3 
6 
3 
5 
1 686924401  
6 
5 
3 
2 
5 
3 
6 
5 
3 
3 
3 
4 
1 129632442  
5 
1 532415394  
5 
5 
1 435272486  
2 
6 
4 
1 2077169833  
4 
1 735380373  
4 
5 
6 
6 
2 
3 
4 
1 160449002  
1 475892278  
6 
6 
2 
5 
6 
2 
6 
1 1210241444  
3 
2 
6 
2 
3 
4 
6 
4 
4 
6 
2 
4 
3 
2 
5 
2 
4 
3 
4 
3 
6 
1 1600133357  
4 
5 
1 948657521  
3 
3 
2 
3 
4 
2 
3 
1 2024994718  
3 
5 
1 2064823498  
3 
6 
4 
2 
5 
2 
4 
2 
1 1787286581  
4 
1 1304755851  
1 69034867  
6 
3 
1 1569289244  
3 
2 
4 
5 
3 
4 
4 
2 
4 
6 
5 
1 1286676776  
5 
3 
3 
1 324607024  
4 
1 622823702  
6 
4 
3 
3 
2 
1 166470518  
3 
3 
5 
1 1387776468  
5 
4 
2 
1 1600396081  
1 498574653  
6 
3 
1 1367963387  
2 
3 
2 
4 
1 863911131  
3 
6 
1 120841873  
1 260787487  
3 
1 1302100577  
6 
2 
2 
4 
2 
4 
5 
2 
2 
5 
1 158259356  
1 1120005797  
1 1989024978  
1 287891799  
3 
1 1652421191  
1 276813816  
2 
4 
5 
5 
6 
4 
1 217577984  
5 
6 
1 240317917  
1 437262818  
4 
5 
6 
1 693470263  
4 
3 
2 
4 
3 
3 
3 
1 1450559361  
1 2037396175  
4 
2 
4 
6 
6 
6 
6 
1 1642127784  
6 
6 
5 
4 
6 
5 
4 
5 
4 
1 1328070431  
3 
4 
4 
6 
2 
1 1954736026  
2 
2 
1 1281930717  
3 
5 
2 
3 
3 
1 485342634  
5 
4 
1 2023770893  
4 
1 703736313  
4 
2 
4 
2 
4 
1 1772019410  
2 
4 
6 
2 
2 
2 
5 
1 200894270  
6 
5 
1 1326560015  
6 
5 
6 
5 
4 
6 
4 
1 1938489928  
6 
3 
4 
5 
2 
6 
4 
1 1588670738  
6 
6 
6 
4 
3 
4 
6 
4 
4 
1 779472449  
3 
2 
2 
1 289580934  
2 
1 809150477  
4 
1 1643383580  
5 
6 
1 410422807  
1 1069937964  
4 
2 
4 
2 
1 798000510  
1 568682163  
1 42460113  
2 
1 639541840  
3 
5 
5 
2 
4 
4 
6 
6 
4 
5 
3 
5 
3 
6 
1 856573962  
6 
4 
3 
5 
6 
6 
5 
4 
5 
4 
5 
5 
1 1694881305  
2 
2 
4 
1 916355657  
6 
4 
4 
1 1074151947  
5 
4 
5 
4 
2 
2 
3 
3 
4 
1 1935199222  
5 
2 
2 
6 
3 
3 
6 
1 1353618475  
5 
3 
1 1767622210  
2 
3 
1 1238274935  
1 1243531003  
4 
6 
2 
1 1262266346  
5 
2 
2 
4 
3 
2 
2 
5 
1 418861718  
4 
3 
1 1050783381  
5 
1 396713415  
5 
4 
3 
6 
4 
5 
5 
4 
1 904204352  
2 
2 
4 
5 
3 
3 
6 
6 
1 927070626  
6 
1 1100449728  
2 
4 
3 
3 
4 
3 
3 
1 528740114  
3 
4 
2 
3 
5 
6 
3 
5 
3 
3 
1 1127964896  
4 
4 
3 
6 
4 
3 
1 279526096  
4 
1 319746395  
3 
4 
5 
6 
3 
2 
6 
1 569151986  
2 
3 
6 
6 
3 
5 
4 
5 
1 1058998545  
2 
5 
6 
1 609327329  
2 
5 
1 1378302463  
2 
5 
1 554898477  
6 
1 1019750136  
3 
5 
4 
3 
6 
1 300756780  
5 
5 
2 
4 
4 
1 1352898987  
3 
3 
6 
6 
6 
3 
4 
4 
1 1588432299  
2 
1 343216893  
4 
5 
5 
5 
6 
5 
4 
2 
2 
1 1992440828  
4 
3 
4 
5 
3 
5 
1 297522614  
1 2038098198  
5 
5 
1 761312837  
4 
3 
6 
3 
5 
5 
4 
1 1371674561  
1 1825813772  
4 
6 
6 
1 2114931312  
5 
6 
5 
5 
6 
1 991813123  
2 
2 
5 
6 
3 
6 
3 
2 
3 
3 
6 
5 
3 
5 
4 
5 
4 
1 916605059  
6 
5 
1 1210978667  
5 
2 
6 
6 
2 
6 
5 
6 
3 
1 106595821  
3 
2 
5 
3 
2 
3 
6 
4 
3 
6 
2 
5 
6 
5 
4 
2 
6 
2 
2 
5 
1 1335466777  
6 
6 
5 
1 114278400  
1 503309236  
2 
1 92187481  
5 
1 1041349027  
1 1603758964  
2 
5 
4 
3 
4 
3 
1 620927596  
1 21830275  
2 
3 
1 1883285060  
6 
3 
1 940673991  
3 
3 
5 
5 
3 
4 
2 
1 590982262  
2 
3 
3 
3 
6 
1 794799957  
5 
6 
2 
6 
5 
5 
4 
6 
6 
2 
3 
1 1550001320  
6 
1 1969284725  
3 
3 
2 
5 
6 
2 
1 1349698435  
2 
1 422267808  
4 
3 
1 122557857  
4 
4 
1 555113774  
3 
2 
3 
1 2010700107  
5 
1 465774751  
5 
1 400070954  
4 
4 
4 
1 160739073  
4 
1 356389301  
1 1161383791  
6 
4 
2 
1 1532413634  
2 
5 
1 34719426  
4 
3 
2 
3 
5 
1 1128831456  
2 
3 
1 376743109  
2 
3 
4 
5 
2 
5 
5 
5 
3 
4 
2 
2 
1 951324485  
6 
3 
2 
3 
6 
1 192326475  
4 
5 
4 
3 
3 
6 
5 
3 
3 
1 483338930  
2 
5 
2 
5 
4 
3 
3 
6 
1 139307615  
5 
3 
5 
2 
4 
6 
3 
2 
6 
2 
5 
1 306604876  
4 
5 
3 
5 
2 
3 
6 
2 
5 
3 
1 986648166  
1 231495096  
1 1347953903  
3 
6 
4 
4 
4 
2 
4 
3 
3 
4 
2 
1 442923483  
2 
2 
1 852422692  
3 
3 
1 1369784178  
5 
5 
4 
2 
5 
5 
5 
6 
2 
4 
2 
1 178724895  
1 1793096683  
1 1960766440  
6 
5 
3 
4 
1 973524853  
3 
2 
2 
5 
5 
5 
3 
4 
4 
3 
3 
2 
5 
3 
6 
2 
4 
4 
3 
3 
6 
2 
1 1195614355  
6 
5 
5 
5 
3 
2 
4 
5 
1 1782567518  
1 175739640  
1 1617882163  
5 
4 
2 
4 
6 
2 
1 1905125375  
4 
4 
4 
5 
1 730853414  
4 
3 
4 
2 
2 
6 
5 
3 
5 
4 
2 
4 
3 
2 
6 
4 
6 
3 
4 
5 
1 1481098623  
5 
2 
6 
3 
4 
3 
5 
1 223416478  
6 
1 1130924369  
2 
6 
1 1641837696  
4 
6 
4 
6 
5 
3 
1 579805780  
6 
3 
6 
2 
4 
6 
2 
6 
1 144824512  
3 
1 1026767683  
4 
4 
5 
6 
2 
6 
1 614525206  
3 
4 
3 
6 
2 
6 
3 
2 
2 
1 1273655968  
4 
6 
3 
1 1403510792  
4 
5 
3 
1 1565849691  
4 
3 
4 
3 
6 
3 
3 
5 
5 
4 
5 
2 
2 
2 
1 1465982444  
5 
3 
2 
3 
4 
2 
5 
5 
5 
5 
4 
2 
4 
6 
6 
1 1886849723  
6 
1 1705157306  
4 
2 
4 
6 
5 
3 
5 
6 
1 1772587320  
6 
2 
2 
4 
4 
1 726014241  
4 
5 
4 
4 
2 
3 
1 1936652403  
5 
2 
1 973057575  
3 
1 1168937724  
1 641591447  
5 
1 195358105  
6 
5 
1 1347662620  
4 
3 
6 
6 
2 
4 
6 
1 287204483  
5 
2 
5 
3 
5 
1 8640898  
6 
3 
6 
5 
2 
6 
1 173703825  
6 
5 
1 1482818838  
6 
1 1791208416  
3 
1 349443465  
6 
4 
3 
1 953217354  
1 1548850143  
4 
6 
1 1080296879  
5 
3 
6 
6 
1 286832329  
3 
4 
1 1772266622  
4 
1 63737600  
1 1928670025  
1 204588754  
1 208562113  
3 
5 
3 
6 
3 
2 
2 
1 807954060  
1 819113960  
3 
4 
6 
5 
6 
2 
2 
4 
1 1482218081  
1 63981205  
2 
1 237480003  
1 800716877  
4 
5 
6 
3 
5 
2 
2 
3 
1 1950830928  
1 1942637310  
6 
6 
2 
2 
6 
4 
3 
5 
2 
2 
1 425820549  
3 
2 
2 
3 
4 
3 
2 
6 
3 
1 529361521  
3 
4 
5 
5 
5 
2 
5 
2 
3 
4 
4 
1 1731806065  
6 
2 
4 
3 
4 
1 1398878124  
1 1698299246  
3 
6 
4 
1 225913864  
6 
4 
4 
4 
1 1594236230  
3 
4 
3 
3 
1 898478218  
3 
5 
1 513118347  
1 1602877128  
6 
1 1072182043  
6 
3 
5 
1 1995937186  
2 
1 1246601896  
1 1421625508  
6 
4 
1 801670892  
5 
5 
2 
6 
6 
4 
4 
5 
6 
1 647968391  
4 
6 
1 354438739  
2 
6 
6 
3 
1 1088503221  
4 
6 
3 
4 
3 
2 
6 
1 272751365  
3 
6 
1 418176340  
5 
1 869689598  
3 
6 
4 
6 
3 
2 
1 477340119  
6 
6 
1 626738453  
1 1677643659  
3 
5 
4 
5 
6 
5 
5 
5 
3 
3 
3 
4 
3 
5 
6 
3 
2 
2 
6 
5 
5 
3 
4 
6 
5 
1 1296454079  
5 
2 
4 
6 
3 
2 
2 
1 2108956534  
6 
3 
6 
6 
4 
3 
5 
2 
6 
6 
3 
4 
3 
3 
1 1741624864  
5 
3 
4 
5 
5 
5 
2 
2 
2 
3 
3 
2 
4 
5 
1 1533934083  
2 
3 
6 
5 
6 
6 
3 
3 
3 
3 
4 
1 762189764  
1 1544972144  
3 
3 
2 
5 
4 
6 
1 1329087745  
2 
5 
6 
2 
1 1188010313  
3 
1 2074333665  
4 
2 
1 913410162  
2 
6 
2 
3 
5 
6 
4 
6 
6 
6 
3 
6 
6 
4 
5 
6 
3 
4 
4 
3 
1 439404790  
5 
1 1625149263  
4 
5 
5 
4 
6 
5 
4 
1 1139324026  
3 
3 
6 
4 
1 2033641020  
4 
2 
2 
6 
1 376143833  
1 1652442374  
1 1489034500  
5 
4 
2 
6 
3 
3 
1 1448325876  
2 
4 
6 
1 1500895912  
2 
6 
1 588152748  
1 722467736  
2 
4 
2 
2 
2 
1 155083156  
4 
2 
6 
6 
4 
5 
1 1236121139  
4 
5 
5 
6 
3 
5 
5 
1 1076906476  
2 
3 
3 
2 
6 
3 
1 1243586377  
4 
4 
4 
3 
4 
4 
4 
6 
4 
3 
5 
3 
4 
4 
3 
2 
4 
6 
4 
2 
3 
1 1508872505  
4 
6 
1 1495082816  
5 
4 
6 
6 
2 
2 
3 
6 
2 
2 
1 2113275975  
4 
1 1986212624  
6 
2 
2 
4 
1 2121821269  
2 
3 
4 
3 
2 
5 
2 
6 
2 
1 1643435986  
4 
5 
6 
2 
2 
3 
3 
2 
6 
4 
3 
3 
5 
6 
6 
4 
1 1135183056  
4 
4 
6 
5 
4 
6 
1 2083294155  
6 
6 
1 1237577202  
1 521633491  
5 
3 
1 698000271  
5 
6 
4 
5 
5 
5 
2 
4 
5 
3 
3 
2 
6 
6 
5 
1 635065698  
4 
5 
1 1850721236  
1 1886010585  
1 561915716  
6 
6 
3 
5 
4 
1 616647750  
4 
2 
5 
2 
2 
3 
6 
4 
3 
3 
5 
3 
1 177931727  
4 
3 
5 
6 
6 
3 
3 
1 39581331  
3 
3 
1 1755971776  
1 64089099  
6 
2 
6 
6 
3 
5 
3 
1 415725165  
1 1260930502  
2 
2 
1 1553123599  
1 1864051041  
1 614342766  
4 
5 
1 2141276347  
6 
1 439035130  
4 
5 
6 
1 769425922  
4 
1 1229913838  
1 1515941606  
4 
2 
2 
6 
6 
3 
3 
1 2013012299  
5 
2 
3 
1 591302695  
6 
1 863540774  
3 
3 
2 
3 
2 
6 
6 
6 
4 
6 
5 
6 
1 1978804627  
3 
6 
1 430031672  
5 
6 
5 
5 
1 837878395  
3 
6 
1 1474756965  
3 
2 
2 
6 
1 1565214728  
5 
2 
3 
3 
1 773688902  
2 
6 
6 
5 
1 564850520  
3 
4 
6 
3 
5 
3 
3 
5 
2 
1 2086848219  
2 
6 
1 1471689174  
3 
5 
2 
1 1199916218  
2 
5 
1 1790085807  
2 
3 
6 
6 
4 
4 
4 
2 
6 
6 
3 
1 1210216111  
5 
1 1761831934  
2 
6 
4 
4 
6 
3 
5 
2 
4 
6 
2 
5 
5 
4 
1 259249909  
1 1388147838  
5 
3 
4 
3 
4 
2 
6 
2 
2 
3 
3 
2 
4 
5 
6 
6 
1 1801413266  
3 
6 
3 
2 
2 
2 
4 
4 
1 2015221685  
2 
3 
6 
4 
3 
1 1452236937  
5 
5 
3 
6 
6 
3 
1 69654783  
5 
1 1128668540  
6 
6 
5 
2 
5 
1 857876888  
2 
1 1933705824  
1 1743011306  
3 
1 851669587  
1 225257306  
3 
4 
1 364953581  
3 
5 
5 
5 
5 
4 
2 
1 2081583425  
5 
4 
4 
3 
2 
6 
5 
3 
3 
4 
3 
1 1741198912  
4 
2 
2 
4 
5 
4 
4 
4 
2 
2 
6 
3 
6 
3 
1 230482232  
6 
5 
3 
3 
1 525402473  
6 
1 457256038  
1 61803211  
5 
4 
1 955434145  
6 
4 
4 
3 
4 
4 
2 
1 1295134433  
4 
3 
3 
3 
4 
2 
4 
4 
1 1536560177  
6 
2 
5 
1 373165225  
2 
6 
1 2068823336  
4 
5 
1 2101410697  
2 
6 
3 
3 
6 
5 
4 
2 
3 
3 
4 
6 
2 
5 
2 
1 312529796  
4 
4 
6 
4 
5 
2 
1 1393028862  
1 1153843267  
6 
5 
5 
1 2102615603  
3 
2 
4 
5 
1 455761325  
1 768191554  
4 
2 
3 
4 
5 
5 
1 214381864  
1 1843909163  
4 
1 422121172  
2 
4 
5 
4 
6 
6 
3 
1 82119901  
6 
6 
3 
2 
4 
1 1148662452  
1 491775955  
5 
5 
6 
5 
2 
4 
4 
2 
3 
3 
6 
5 
5 
1 1210788441  
5 
3 
5 
5 
4 
3 
1 2006539340  
2 
4 
1 277998131  
1 806316100  
1 710725279  
3 
5 
1 503255438  
4 
6 
6 
5 
2 
4 
1 1171269681  
6 
2 
4 
4 
4 
6 
6 
5 
4 
2 
3 
3 
5 
3 
4 
2 
1 644825056  
6 
4 
6 
4 
2 
2 
5 
5 
2 
2 
5 
5 
3 
4 
1 96970702  
2 
1 1401751913  
6 
1 1170227529  
5 
3 
5 
4 
3 
4 
4 
5 
4 
4 
3 
1 554226741  
1 1463555125  
1 2125661674  
4 
2 
1 1849361174  
3 
2 
6 
2 
4 
3 
6 
5 
1 852631654  
1 351343251  
4 
3 
1 1770700862  
6 
1 806558703  
4 
5 
2 
1 663873047  
1 1016246076  
1 1960401970  
3 
1 619005002  
6 
3 
6 
1 1472007401  
3 
1 581109876  
1 833386866  
6 
5 
3 
3 
1 1168432916  
1 1003231048  
5 
3 
1 915506768  
6 
2 
1 169611720  
4 
3 
4 
2 
3 
2 
4 
5 
3 
3 
1 1495007003  
1 2126295209  
3 
2 
4 
3 
6 
4 
4 
4 
1 28667412  
1 1773005135  
1 785127661  
2 
2 
3 
3 
2 
6 
4 
6 
5 
2 
5 
2 
6 
2 
4 
6 
2 
3 
2 
2 
3 
3 
5 
5 
6 
4 
1 739392691  
6 
6 
4 
5 
2 
3 
3 
4 
2 
5 
2 
4 
2 
4 
5 
4 
6 
6 
2 
3 
3 
2 
4 
4 
1 128776925  
3 
5 
2 
1 1956397342  
5 
5 
4 
4 
4 
2 
4 
5 
1 1384217748  
5 
4 
6 
4 
5 
5 
3 
3 
2 
2 
3 
3 
6 
4 
6 
5 
6 
2 
1 225747627  
5 
1 1210665608  
4 
5 
6 
2 
5 
6 
2 
5 
6 
5 
4 
2 
2 
4 
6 
3 
5 
5 
2 
1 406961629  
4 
3 
6 
2 
5 
4 
2 
4 
3 
6 
6 
5 
3 
2 
4 
5 
4 
5 
2 
2 
5 
3 
5 
5 
1 779974368  
6 
3 
2 
4 
2 
2 
6 
6 
5 
6 
1 526737085  
2 
5 
1 385139656  
3 
3 
1 481851895  
2 
6 
4 
2 
2 
6 
3 
4 
2 
1 1379368739  
3 
5 
6 
6 
4 
6 
6 
3 
2 
2 
3 
6 
3 
6 
2 
3 
1 736482907  
6 
4 
3 
4 
1 105069109  
2 
5 
6 
4 
3 
3 
5 
6 
3 
3 
6 
3 
1 38443794  
3 
5 
1 1400355955  
5 
1 1121315186  
5 
6 
3 
2 
2 
5 
3 
5 
2 
4 
5 
6 
2 
6 
1 1998845764  
3 
1 2019360957  
3 
1 445838939  
6 
3 
1 432471993  
6 
5 
6 
5 
4 
1 705264176  
5 
6 
1 1614271856  
4 
3 
1 1435703041  
3 
3 
5 
4 
1 1620770944  
5 
6 
6 
2 
6 
4 
2 
3 
2 
3 
3 
3 
2 
2 
1 1783883576  
5 
2 
5 
6 
1 783226397  
3 
6 
5 
5 
6 
1 1599582505  
5 
1 1812550989  
6 
2 
6 
5 
6 
3 
1 408747884  
5 
1 237226519  
4 
4 
1 404460032  
3 
1 537524809  
3 
4 
3 
6 
6 
6 
1 46140213  
1 1788677780  
1 763272436  
2 
1 1256805821  
4 
5 
3 
2 
4 
2 
2 
5 
5 
3 
6 
5 
2 
1 48155762  
3 
3 
1 1543246805  
3 
6 
3 
5 
4 
6 
3 
1 1783542906  
3 
6 
1 433295418  
1 2025098700  
6 
6 
3 
3 
6 
6 
4 
2 
6 
1 1015427997  
5 
1 1169778325  
2 
5 
2 
4 
6 
5 
4 
4 
2 
3 
1 2130167809  
4 
1 1053871791  
4 
6 
2 
4 
2 
2 
2 
2 
5 
6 
6 
1 422650632  
1 1103999347  
1 905233908  
1 294527942  
4 
3 
1 1549838287  
3 
4 
5 
3 
2 
5 
3 
4 
3 
1 1337705901  
6 
6 
4 
2 
6 
1 999792118  
2 
4 
2 
6 
5 
2 
5 
5 
4 
5 
3 
5 
4 
4 
5 
3 
6 
6 
5 
2 
3 
6 
2 
3 
4 
3 
1 1016626495  
4 
3 
1 625925294  
5 
6 
3 
5 
5 
5 
3 
3 
4 
3 
6 
3 
1 473079414  
1 653026423  
2 
3 
2 
3 
2 
2 
2 
6 
5 
1 1409151691  
2 
1 2072661919  
2 
3 
1 318093764  
4 
6 
4 
4 
4 
4 
4 
4 
6 
3 
4 
2 
4 
1 1817899575  
2 
