2 0 
433332 0 
2 22 
1 9 13569056
1 0 1417468506
1 0 1848010078
1 0 1629870748
1 48 1357122026
1 90 2051800183
2 0 
31 8 717325882
2 0 
1 0 862569865
1 56 1779861238
31 0 537172491
32 27 
41 0 25544118
1 0 1629071912
431 4 1947041475
2 0 
2 86 
332 82 
4434442 47 
1 53 68112300
2 35 
1 97 1366480323
1 46 1572518600
42 93 
1 31 365547296
41 86 464378979
332 0 
1 0 769921789
1 82 460868003
41 97 973571918
2 57 
2 27 
4342 61 
2 0 
442 77 
44432 0 
32 60 
2 0 
2 4 
2 0 
3331 0 265144238
441 66 179361219
31 43 1919520786
3332 0 
1 0 2029573271
343432 0 
1 0 1128522271
1 0 1804756338
331 0 1411122236
34441 0 105543480
43431 50 719084680
42 72 
2 18 
431 50 1336006590
432 0 
31 57 119112536
2 0 
2 15 
1 0 2136553186
32 45 
432 96 
42 79 
442 61 
2 0 
1 0 1036533021
32 51 
2 73 
42 0 
2 97 
1 0 1748983284
2 0 
441 0 1346191564
2 0 
31 11 940849556
2 0 
42 4 
41 0 318825518
2 0 
2 0 
1 32 61277782
43441 91 573227146
31 74 855998009
4431 69 86821900
2 0 
2 25 
1 53 54815411
41 0 655555837
2 0 
42 0 
3342 0 
4441 36 154934200
41 44 1421295734
33441 22 80590789
31 76 520481497
1 9 1885674713
4431 87 850512579
432 96 
2 5 
1 3 981349500
2 85 
41 0 711762983
341 54 1115656817
2 0 
331 61 1160710719
2 0 
1 78 483800121
342 45 
32 46 
41 0 997746440
4332 64 
32 0 
432 35 
1 8 141749342
1 1 141072811
2 38 
432 0 
4431 57 261385028
2 0 
1 0 247292822
1 17 860157491
41 65 1597391619
32 0 
441 0 366405358
33431 96 849227029
42 54 
1 77 486440992
2 14 
1 71 2115388642
2 38 
2 0 
34431 31 47934946
31 0 1427290548
442 41 
32 94 
1 25 286730512
431 0 109212728
442 0 
41 0 2000517695
1 0 1142728521
2 0 
2 0 
2 72 
32 75 
31 91 196034628
1 74 2055333106
1 100 1798284358
1 41 350968828
1 0 1329145192
1 0 1878875148
432 67 
4331 67 871450325
2 0 
1 0 1067336257
1 20 581904079
1 44 1852799825
41 0 1779099240
1 0 1697560896
2 0 
2 0 
32 46 
1 0 866026896
41 52 115415713
1 100 547823689
31 0 1007776238
32 28 
1 0 256488524
1 0 809208717
2 26 
2 24 
2 0 
332 0 
42 8 
332 67 
41 0 1255069060
2 0 
332 45 
31 0 1116646016
1 0 259116688
1 27 1621474418
1 11 1965873045
32 0 
31 7 745557680
32 0 
2 0 
2 86 
31 0 1589379412
331 61 2013807991
32 68 
2 43 
1 0 25364581
32 0 
44342 15 
1 76 1876109924
2 50 
42 90 
1 0 2123020719
1 4 2025882276
434334432 13 
41 0 871354798
331 57 171571699
41 4 1933731734
1 35 522155508
1 0 522540528
34343442 0 
31 57 1115393278
32 0 
42 48 
1 81 253547008
2 84 
1 0 1393990853
31 0 35245887
3334442 26 
1 1 835451087
4334442 18 
1 73 1099307031
2 0 
31 0 1814345127
1 48 385528336
331 0 1965333927
342 23 
1 0 1929760840
1 0 933352025
4341 92 825626518
31 0 38765716
1 88 1742560742
2 0 
31 0 2080695578
32 84 
34332 29 
1 0 1155411732
1 0 2001677431
2 0 
342 18 
1 0 1554686349
332 91 
41 0 973801130
2 81 
2 28 
1 32 599751463
41 0 996582113
432 17 
31 0 840125473
2 0 
2 71 
441 17 625116044
1 76 725208390
31 21 815662545
2 30 
1 7 503514672
32 41 
4332 0 
2 0 
31 87 1596563188
41 0 987234244
2 0 
1 0 289762758
1 79 2118718696
42 0 
1 79 1509774772
1 0 1405156036
41 0 224782057
44344341 0 756281978
2 54 
1 35 1440401923
2 0 
2 84 
32 42 
3332 0 
1 0 1060233144
331 88 1855589009
3431 0 1107263402
1 17 1445761480
1 0 1673439288
1 0 889540594
41 0 231629857
42 0 
1 75 351582158
31 0 928306311
3332 34 
32 0 
2 75 
2 0 
41 0 1974190600
32 13 
32 96 
334342 49 
2 31 
1 0 284794089
32 0 
42 0 
2 0 
1 0 2083718043
2 0 
2 5 
441 49 1828384383
31 0 1839480438
1 71 910035525
1 98 280652198
1 0 688578903
31 46 1750160999
31 4 905768243
2 0 
31 49 1413787293
2 0 
2 0 
42 9 
4433331 0 418339896
31 64 1409282915
1 0 862866833
31 0 1405574140
431 0 1699045674
1 0 834101882
2 95 
31 0 767865265
41 50 956718062
44431 0 1058883939
3442 0 
2 58 
2 0 
1 1 1524147243
2 22 
1 0 249636338
41 0 2119117083
431 0 1232252604
1 70 1356899740
2 0 
3442 0 
1 0 1417394916
34341 49 758208244
2 76 
2 62 
41 0 98956687
44434341 0 1649024773
1 39 1109790403
1 0 1027262998
2 0 
3431 0 1475731725
3342 0 
31 0 1394584492
2 83 
32 0 
2 81 
32 0 
42 17 
42 0 
4441 0 963497393
1 0 1156632460
42 0 
32 0 
332 0 
332 34 
42 0 
431 20 1086581282
1 20 1873532919
4441 23 1437284659
41 61 1775160185
2 0 
41 0 1476210270
1 0 195569254
1 0 1041463831
2 67 
44342 2 
2 11 
342 47 
432 84 
41 48 1894550166
332 0 
42 51 
2 0 
33341 0 1604852169
1 83 1904330664
41 0 1152640658
1 0 1156414195
2 79 
342 43 
2 0 
41 0 590948898
331 90 1920505923
1 0 2113132258
1 79 1649832837
1 0 1297169518
1 0 215284948
333332 0 
32 0 
41 46 1621466273
42 0 
31 4 381938474
342 0 
2 60 
341 0 1572184688
41 0 891377541
1 58 1140146719
442 0 
42 0 
2 0 
32 0 
2 24 
41 12 1671141375
32 0 
344334441 25 392918666
2 34 
441 0 102453474
1 70 550920725
42 85 
442 90 
1 28 1868650392
1 23 1497037966
33332 24 
41 60 1514418119
1 0 877799204
3342 0 
3341 0 436135600
33441 0 1240467390
31 0 167600215
2 1 
41 0 63812137
1 45 569194012
1 0 363169469
1 0 1105275968
41 0 316260530
1 0 1968021639
32 0 
432 29 
32 0 
343441 26 862122985
31 69 1468901188
2 39 
1 12 976952186
1 0 1453071883
2 0 
341 0 1241923464
1 54 942600796
31 1 955421073
2 0 
3431 28 391609334
1 0 1157885744
41 0 429403698
1 0 773547809
2 0 
1 6 582586785
1 0 1320781239
2 28 
43342 0 
331 62 1913694528
41 51 106244512
1 0 1713699905
1 44 2016148002
32 0 
32 0 
441 0 657165238
2 0 
2 0 
1 0 1434866649
41 0 1365702320
2 94 
1 0 24099709
41 0 165182206
2 0 
33443342 0 
2 77 
4432 21 
431 18 1801837920
1 11 1264567099
1 0 332782421
1 0 1865650057
32 0 
42 4 
2 43 
432 0 
1 0 1833761111
2 0 
431 0 695951891
2 39 
1 0 823442378
2 29 
432 97 
2 4 
1 13 2537993
1 0 516489882
41 0 1685565363
3431 0 1471439181
343431 0 1493442068
34432 0 
1 25 991153598
341 0 565878997
331 0 288559217
2 0 
31 0 1946574671
2 50 
1 0 957488332
3442 0 
1 11 1446444961
31 0 228494721
1 46 1731036141
4333432 71 
31 43 2029031746
1 0 1549275960
2 0 
2 4 
1 0 1497247021
1 88 2135276259
2 0 
1 99 1115492218
2 69 
2 0 
1 49 1365911375
2 92 
42 41 
442 0 
32 0 
32 0 
42 0 
43331 32 644957849
32 36 
431 0 402875219
1 0 584130047
332 0 
1 36 669057558
1 27 568057425
2 32 
32 31 
1 0 238484319
4342 86 
1 0 1933624657
32 0 
1 0 900839847
2 0 
2 0 
31 0 2104134376
3441 58 1619902120
332 25 
1 56 1596791738
42 4 
1 77 780093106
41 39 1622440113
2 0 
1 29 2113281620
432 100 
4431 22 318174821
32 61 
1 0 946395646
1 0 1459240040
1 28 1309328420
332 29 
3332 53 
1 24 1512274644
1 58 1747799257
341 0 1108419443
1 0 322279328
2 28 
3342 0 
2 67 
1 18 1046760571
4442 0 
44442 24 
41 0 1336914165
33443431 0 2053315469
1 0 928308669
1 0 738706477
42 0 
2 0 
31 0 1403078842
2 0 
331 0 916101280
41 98 1854198695
32 46 
442 95 
2 96 
1 0 621506569
1 0 1561059129
443331 0 109590267
1 0 1205636616
442 38 
432 0 
4331 0 82633039
44441 49 677647692
42 41 
1 86 1444120935
41 91 2016257696
2 33 
342 0 
1 0 1578487539
341 0 1400771663
43443332 0 
41 27 1488676168
41 0 1027795629
41 55 33381122
331 0 963632633
344341 0 993593601
2 59 
442 0 
32 14 
41 0 351555943
32 29 
2 0 
2 36 
31 78 1910028280
42 0 
31 22 305349994
442 26 
4342 91 
42 90 
34442 0 
31 72 1660884363
42 0 
2 54 
441 76 1274819276
42 0 
444333341 0 2053149251
1 3 621820159
2 0 
1 0 1597098604
341 0 952426174
332 94 
1 0 1958734324
2 50 
42 0 
2 74 
2 0 
2 0 
1 0 1502930425
32 68 
334341 0 1880734844
44332 51 
32 0 
2 0 
2 0 
2 84 
1 0 549957153
4331 0 758525619
32 0 
2 0 
432 0 
41 0 649352476
4331 61 256672201
44341 10 1380032188
1 0 62927958
1 65 366262468
32 16 
344442 33 
2 8 
1 82 438185156
2 0 
2 47 
41 0 145560997
32 54 
41 0 1043910160
42 0 
42 66 
31 0 1882306091
4332 0 
2 73 
1 33 14335046
2 0 
2 59 
32 0 
3331 23 474914052
1 89 1135594106
2 0 
2 53 
2 70 
32 0 
2 51 
2 92 
341 85 1503011214
41 0 1502709681
1 42 1168975228
2 71 
2 44 
441 73 319160200
31 80 348819635
2 34 
2 0 
32 7 
1 82 1520531172
4342 31 
41 0 81704832
42 48 
442 0 
3441 0 654169629
1 36 1033931887
1 5 1356524108
42 22 
31 59 559835232
1 43 1655752046
1 59 806139064
4342 0 
1 0 1512261407
342 0 
1 35 1467002722
1 59 161585841
2 90 
341 0 1245512603
432 0 
3432 0 
332 3 
4342 68 
34342 36 
41 0 2016959876
1 8 920111460
2 67 
41 0 1894865079
331 0 126148429
441 5 152660000
41 0 1957793037
2 3 
431 78 492410897
1 99 590845156
33431 0 2103354035
41 36 1536321057
31 0 325667599
41 0 2117689081
31 0 2011235109
1 0 1461261705
441 51 1473216647
2 0 
42 39 
41 0 1366461143
2 15 
442 73 
1 64 482753286
1 46 1792376847
44431 88 1715280778
1 0 2003284458
1 52 1874081679
31 0 221966759
2 31 
2 83 
1 0 889732697
2 55 
431 15 1083122139
32 14 
2 12 
1 0 781801991
42 10 
41 62 398001096
1 0 1889261203
1 0 146579750
32 89 
2 57 
42 0 
2 0 
43332 39 
34442 0 
2 64 
41 0 1865003818
41 0 2050847044
332 8 
431 0 1392092353
332 67 
1 73 1734480046
2 48 
2 0 
2 0 
1 77 823474856
1 23 1139473785
2 0 
31 0 1860628475
31 70 976134856
1 4 949783174
41 0 205555724
2 0 
2 0 
2 0 
43331 29 1566980012
31 61 905653561
432 0 
34342 76 
2 0 
2 0 
1 0 1741876782
444431 0 1892647611
333333342 12 
32 90 
1 0 875858994
32 0 
2 84 
32 0 
331 90 1605628243
1 0 1206425669
31 0 201591994
2 70 
31 0 824605738
1 0 1689178955
33341 3 1993968841
4331 0 392402868
1 0 1544979765
2 0 
1 0 1720566873
1 0 614369627
31 43 287228814
342 0 
1 15 656205364
2 56 
31 34 1396171619
1 94 685229910
2 0 
34431 0 397982920
2 25 
2 8 
1 0 1542751369
42 67 
32 54 
1 0 402750081
442 68 
32 0 
2 14 
1 0 301346316
41 0 787360075
1 20 2137230127
41 0 1124821173
1 97 1926833860
1 0 1850374955
1 45 2100956029
3442 0 
1 58 729133386
432 0 
42 18 
1 66 2055930679
42 18 
2 0 
41 0 1520452394
442 0 
431 0 1634786948
1 0 1650323813
331 0 1265616357
31 0 363162294
1 0 1108468409
1 0 324558378
2 0 
1 14 564754288
4431 0 1933074147
41 93 2013737333
31 44 411239482
42 38 
2 0 
342 15 
41 0 177993368
1 0 1411233450
31 0 2131806355
2 0 
32 0 
3431 75 792362995
41 0 1698462265
2 0 
1 0 640528071
2 0 
2 22 
1 0 41050966
2 0 
41 83 236208527
42 0 
33331 0 1038510991
2 0 
4342 61 
2 0 
32 0 
342 65 
43442 0 
1 2 1583802336
41 0 638958608
2 0 
1 79 1339857308
2 0 
1 18 223678763
2 0 
1 77 628705088
41 0 317194833
32 8 
41 0 3028975
1 40 331596395
1 0 270667214
34341 91 732162361
41 64 240043426
331 5 1791119608
1 0 219465661
2 23 
2 70 
31 84 1890367240
1 18 909252318
1 0 582627956
1 67 851352001
1 0 1233810696
42 0 
1 56 1147382244
41 76 636942500
32 0 
4443432 93 
1 64 1100064382
41 42 1558621726
32 39 
31 82 814935868
43431 0 363814184
4332 0 
441 0 1542944433
32 0 
433432 61 
2 21 
344331 0 1607298864
3442 83 
1 64 2062276449
1 0 35988857
43333441 85 1648349830
2 92 
32 0 
1 0 151001329
2 0 
441 22 1074499848
4442 0 
2 0 
31 0 1084668518
3432 0 
41 0 789959937
2 0 
433441 0 266873508
2 9 
2 80 
2 0 
1 0 1308347281
41 0 1418665025
1 0 584068341
1 0 1311376256
2 36 
3334444442 46 
32 63 
3344342 0 
2 0 
331 96 1750261420
32 97 
2 0 
1 0 854735556
2 0 
1 83 2043538618
3341 36 1990304847
2 0 
433331 0 498371516
31 96 115520631
442 38 
42 0 
42 0 
41 0 1733188439
343432 0 
42 70 
31 0 1407623834
3342 4 
442 61 
1 29 698148587
42 0 
2 2 
1 0 437056792
1 40 493950883
42 0 
1 24 1845530832
342 0 
2 0 
32 0 
1 72 1073999292
1 0 1594015265
442 25 
2 67 
41 74 1256668910
1 0 1888935161
1 0 1957829449
2 0 
4431 0 652129696
42 38 
1 3 1348750377
332 0 
2 86 
41 0 1872622251
1 0 688118553
4442 0 
1 0 849616559
41 0 2023623580
2 77 
2 98 
1 0 1762618401
1 7 1934285078
32 0 
4431 5 666099869
41 73 2029491910
432 0 
2 22 
1 73 1095148711
1 100 2084764895
332 0 
4431 0 466076603
2 0 
2 0 
42 0 
1 83 259041320
43442 0 
2 93 
32 0 
3432 44 
431 14 1687542667
31 0 1320812159
32 2 
331 0 155096290
42 59 
1 15 1530363866
431 56 1819183676
42 0 
3333341 66 270616921
31 0 1116068657
42 0 
3432 0 
31 53 1079323862
2 0 
42 20 
2 0 
1 47 968765509
42 0 
1 29 1553125449
42 0 
1 0 1573274745
342 51 
33342 0 
331 92 666812693
2 0 
344431 72 479641094
2 0 
2 0 
2 0 
42 66 
2 0 
3431 63 1019806362
41 57 1923481603
32 0 
4341 53 221092607
1 21 830152164
32 98 
1 25 428127651
1 81 1569842984
3332 0 
2 0 
4332 66 
4441 43 555290767
31 0 1116246204
2 0 
41 37 271975895
2 0 
32 0 
2 0 
2 82 
2 0 
32 88 
4434341 51 431430699
1 0 731380958
1 0 58777325
31 36 1097530568
1 0 613389220
31 6 1153926037
1 0 1034811815
2 0 
1 37 1079465823
2 0 
1 0 1412967357
431 52 574870835
431 46 252794335
1 13 1568063647
2 0 
1 0 2105234701
41 0 2071978011
442 0 
1 0 1838680568
1 4 1073819711
42 34 
42 28 
41 0 1003818225
2 0 
2 0 
1 79 659962429
441 0 479461512
441 0 429609323
1 89 1326775122
342 92 
441 56 959102606
34432 0 
2 35 
2 22 
2 95 
2 14 
1 0 1449415685
42 0 
1 0 1102773078
3331 5 1180195213
41 71 132084201
2 0 
1 38 1530900729
434432 57 
2 0 
1 0 602554549
441 0 687374968
1 0 499663286
1 0 874530445
1 100 1118805667
41 0 1231044244
33441 80 933307770
32 0 
2 0 
3342 0 
1 0 68852588
2 0 
4432 70 
42 0 
31 62 1844433464
42 30 
1 0 2087233807
31 0 1103664403
3332 0 
2 0 
344431 63 776415639
2 0 
332 0 
1 0 1352717516
2 0 
342 2 
3331 95 1678535238
2 0 
2 0 
2 0 
3431 76 1029209974
31 100 773297515
432 0 
4341 82 1636286292
1 0 953704337
1 0 464494436
2 70 
341 83 562622355
2 73 
32 0 
2 0 
41 0 1957522563
34331 88 1124456865
4434442 21 
2 85 
1 0 1042083867
1 0 239648238
42 0 
2 0 
41 0 303748340
32 75 
32 0 
41 0 2001186474
1 0 1689063923
1 78 1406521418
32 28 
332 55 
1 0 1033898039
2 59 
1 0 1821148125
1 42 789938499
31 0 1636452589
42 0 
1 96 361039445
42 0 
3441 0 1289601785
1 22 363499386
31 17 1479845113
2 90 
1 0 373162381
2 0 
32 0 
32 0 
2 28 
42 32 
32 26 
1 0 1296807156
2 0 
31 74 1548697701
42 0 
4441 22 70112197
42 76 
2 59 
32 0 
2 0 
2 42 
43431 0 1236557316
32 10 
2 0 
43341 0 504878456
1 0 846527837
442 0 
42 37 
32 0 
2 5 
1 0 441791184
31 27 35930047
1 0 1875737811
1 100 1215088700
44442 0 
1 0 1672216339
1 0 681958501
2 36 
2 82 
31 0 1679583136
342 0 
41 91 87355046
4341 27 491997416
31 0 656556353
2 0 
4432 27 
3442 0 
2 66 
341 55 1129438913
1 0 731645654
1 0 960304693
4331 61 983141739
32 0 
2 57 
32 11 
1 0 273225929
342 0 
432 0 
1 97 219342463
3432 0 
32 0 
332 0 
432 0 
442 0 
1 66 2017039779
2 65 
3442 0 
431 0 2094374054
1 11 1009280963
342 11 
2 0 
341 89 1506008720
2 81 
3342 0 
431 19 307929852
4334342 0 
4442 0 
42 70 
333332 72 
34432 41 
2 35 
342 22 
34341 0 151399100
32 0 
4333342 0 
1 14 1869508106
2 0 
341 0 1787774965
41 0 524561482
1 75 1018831614
2 25 
31 0 1188989018
1 0 594673679
32 80 
341 0 107905282
31 0 1693867474
1 0 1441201516
33341 0 549696467
2 0 
42 13 
2 0 
2 0 
331 56 1729797521
333342 0 
33432 95 
2 0 
32 0 
1 0 1169455680
1 41 1764785167
1 0 1254530212
1 0 1851414181
32 75 
31 0 1296884655
3332 60 
432 0 
1 0 1341885258
342 0 
1 0 195927949
41 0 1953441008
1 0 323840524
1 0 927573603
1 66 766262054
2 0 
31 0 1306982263
1 69 1200799532
432 44 
1 0 985604517
2 0 
32 20 
42 40 
2 0 
431 74 1176538394
1 70 1147689939
2 99 
1 0 1994885480
1 0 535063466
2 0 
1 0 1455619791
431 91 2146284581
4442 0 
2 70 
31 42 257087924
332 75 
1 0 1095911108
1 76 523362415
42 81 
1 99 1275919539
1 0 137416478
1 0 1118036094
2 0 
441 0 1383824821
32 0 
2 0 
341 0 1831283952
31 71 411753963
2 20 
2 0 
1 42 1933521288
2 12 
1 0 1413597826
41 44 1581209643
3441 0 1550822807
4341 47 520644390
4342 23 
42 92 
31 79 1285140176
1 22 700223814
42 0 
1 0 1862529649
3431 0 1481068125
1 91 506181175
4431 51 38886525
1 0 261158080
32 0 
2 0 
1 0 1272443229
342 36 
431 0 1345868788
2 85 
2 37 
1 0 1461957612
31 35 110564098
2 28 
2 0 
341 0 374923535
2 0 
441 1 462163903
42 0 
2 55 
441 81 2105449579
32 4 
2 0 
1 100 909987001
2 69 
1 98 1917783694
42 26 
41 0 2104250512
1 71 1167074926
1 0 866211154
1 19 480129279
44341 79 295510817
1 0 1003627632
41 80 1598165373
441 51 1679335638
444432 0 
2 0 
1 57 687427937
2 0 
4434332 24 
431 0 2009919336
41 16 1465373279
44332 34 
2 0 
31 35 2101025763
32 0 
41 3 1443645331
1 88 868712438
1 0 474186505
2 0 
1 45 581301859
4332 0 
2 30 
342 40 
32 0 
43434442 62 
32 0 
31 11 1568936253
1 49 189232506
42 47 
2 5 
41 0 2062369984
41 89 2075117428
2 28 
32 63 
2 0 
442 16 
2 0 
34431 3 228119031
2 0 
4432 71 
342 98 
3342 70 
2 0 
1 0 176044416
2 0 
42 84 
1 41 1200077009
42 82 
1 97 1573987820
1 20 1638002029
32 87 
1 66 1310641107
34332 69 
42 71 
1 77 1948911355
3342 0 
1 0 2100165932
32 0 
2 0 
1 68 1268607038
41 98 711414708
41 0 1870465979
2 71 
1 75 1225373902
331 0 1878489634
31 0 589193485
1 0 1705503181
2 49 
41 0 26516803
2 0 
33341 0 1592821118
431 37 1156184907
432 0 
32 35 
2 66 
2 0 
31 0 1705852442
434441 27 132765407
32 66 
41 0 1018620595
2 1 
1 63 1023742073
41 67 86307522
41 66 314782279
2 56 
42 0 
1 25 1892454511
3442 95 
41 85 560494027
32 68 
2 0 
431 0 896084138
32 67 
1 0 1313907116
1 4 749726534
1 4 810970475
1 0 1241540896
2 89 
2 0 
2 0 
1 0 977845565
331 0 987014891
41 0 294134257
2 56 
4342 14 
1 22 404349737
1 81 477533272
1 0 1604775365
44332 0 
1 0 205777444
431 83 430215557
32 0 
43441 0 725898755
42 0 
1 0 917192153
2 0 
1 0 153197888
1 0 1951272658
2 3 
31 0 648198139
2 0 
2 0 
2 0 
4341 100 742391373
344432 65 
1 0 1509292191
31 0 674714943
2 74 
2 8 
41 0 187728843
31 20 517993450
2 0 
1 0 233083737
34342 55 
31 0 320494250
4431 0 1536614046
431 12 1256825810
1 0 406801772
33441 0 1851396325
3332 0 
1 0 1001796673
2 91 
332 78 
1 0 967295800
1 0 599996815
2 0 
1 22 168220142
31 40 1717022334
2 6 
41 56 1410967290
41 14 1409761038
2 1 
444342 0 
31 85 547384251
2 63 
3334341 0 250498534
2 99 
3341 56 1703895296
1 26 951733989
31 71 728031806
1 0 1161187013
441 61 1157511433
2 62 
41 35 1158247363
44342 0 
1 0 1887085768
2 0 
341 60 2074703586
1 0 1311445251
2 0 
2 53 
3432 28 
42 0 
4341 64 1690874778
1 0 575418078
41 0 2053836625
2 0 
1 20 1052683322
1 62 1250133021
1 83 94081820
1 0 1570676772
1 91 1483216758
2 28 
42 0 
41 0 414576071
44432 0 
2 0 
42 23 
4331 0 959807170
2 0 
2 99 
41 74 592558920
1 0 821377843
2 78 
42 0 
2 69 
442 0 
1 4 663719847
1 0 1594355593
2 38 
2 0 
44431 81 1788673643
1 48 1263716663
33431 81 1762575735
42 0 
2 23 
2 58 
41 0 1358212329
332 0 
32 4 
2 90 
1 63 527200305
31 0 1024853126
4341 59 1905596581
2 0 
1 0 777698839
1 0 581264774
4441 0 709846922
42 0 
342 0 
2 0 
3433431 0 1505730646
2 0 
341 0 1742451787
342 9 
1 34 1867358355
432 0 
2 96 
31 0 516494361
332 41 
1 59 1482053907
42 0 
1 82 1794578294
431 82 1827939613
1 67 1025445038
2 0 
41 82 222512724
3444334332 85 
432 99 
441 0 1734292590
2 59 
32 81 
332 0 
1 0 2078128360
2 92 
2 0 
333442 0 
42 50 
32 0 
342 92 
1 0 1472645745
33331 0 1828374410
2 66 
1 52 1501321484
41 54 808378855
2 0 
1 97 95466833
31 76 313645007
442 0 
41 42 1400937775
2 11 
32 0 
2 0 
1 46 916844677
2 0 
44342 0 
32 42 
1 0 977364854
1 0 847809720
2 0 
2 0 
31 0 558034672
32 83 
1 0 93597869
1 83 462901808
31 2 1916247002
2 51 
3342 0 
432 0 
1 0 620798175
432 26 
33441 5 1487754934
1 64 1674359935
41 18 1398497014
41 0 2069019708
41 0 236723209
1 75 756744012
343342 95 
2 34 
4432 0 
1 0 1663987847
1 8 2104081564
1 40 1273238374
331 25 998558106
1 0 1751176210
2 0 
2 35 
442 38 
1 94 953694339
41 0 2024003144
1 88 1973688934
1 0 540503281
41 59 1954647856
2 91 
1 76 1298851031
432 0 
2 0 
31 0 221394043
2 33 
32 64 
31 0 1308485693
41 0 2107229886
4441 0 316860877
1 0 1622130700
331 63 1360684013
41 0 1233705554
41 81 452011906
32 50 
1 0 61010086
3432 0 
3443432 0 
2 2 
1 0 1791740226
42 0 
31 0 545609776
32 30 
2 0 
2 0 
1 0 523911894
4433441 0 1560503580
1 22 1166407951
2 55 
2 47 
32 96 
2 0 
32 0 
342 14 
31 63 2011666828
31 0 1087379867
1 0 417421317
43433441 59 1933202888
41 0 1324103076
4434332 51 
1 0 1174165330
442 0 
331 0 1449707087
32 0 
32 64 
32 0 
1 86 1280700993
1 5 299920056
2 46 
2 0 
1 10 300781545
31 0 884393555
1 60 1253614395
41 14 177301042
432 0 
1 72 710598842
32 97 
1 0 1794117676
1 94 2131948898
1 98 2009449873
2 0 
2 0 
41 28 2015511719
2 0 
41 0 1292950943
1 0 1969196112
2 0 
1 0 184888948
31 0 767597995
32 0 
4444341 94 1182396477
431 0 1418594502
42 0 
32 5 
43341 8 1219609902
32 20 
41 0 1243406563
32 0 
3431 21 1062851081
42 0 
32 53 
43432 87 
31 47 1765219678
3342 15 
2 42 
2 62 
2 0 
4331 29 1767318457
41 0 475871013
42 80 
1 22 784143981
44431 0 1631501637
4343442 54 
3342 69 
1 0 1563250881
31 48 1201565298
31 0 1417220877
41 0 739870309
431 0 228246980
31 56 719444316
2 0 
42 40 
31 20 2020571302
41 0 528167036
1 0 1020225862
341 14 757481210
1 0 1781781431
42 0 
442 0 
2 94 
42 0 
31 0 1197526904
2 1 
432 0 
42 0 
32 0 
32 38 
341 0 1468080052
1 0 1428415459
2 89 
2 0 
2 0 
32 38 
42 0 
2 31 
2 86 
431 93 1181992154
2 82 
1 0 1330046277
432 0 
1 0 1296443531
42 80 
2 34 
31 65 327459450
1 0 1151758741
3431 84 1481332479
31 0 1095057445
41 7 186671571
2 0 
42 80 
41 32 752443334
32 22 
1 0 167183699
1 54 1430078134
44341 97 1815294415
2 0 
42 0 
2 0 
2 58 
1 0 1932403377
31 75 1049912944
2 8 
2 0 
2 0 
42 85 
4341 28 143681780
3332 56 
42 0 
41 0 569063710
331 65 533930933
32 0 
1 51 1706932661
1 0 1770629009
2 39 
2 0 
34441 93 1951151811
342 0 
2 0 
1 0 299319323
2 0 
2 0 
1 97 1998875989
441 100 523112479
1 90 172406977
31 0 379559378
31 0 1543338341
4432 0 
31 20 929888187
4431 0 13857161
41 22 593381597
342 0 
2 45 
342 56 
331 0 250484591
2 86 
1 90 1442272621
1 0 1775373752
42 0 
2 0 
1 0 1580530869
42 0 
1 24 591232504
1 0 2102833202
31 93 584805962
42 82 
2 25 
1 0 2072564983
1 30 1050406999
1 9 771477533
3431 82 677524669
31 43 1217590699
2 0 
2 0 
41 29 54072020
1 79 345335436
332 95 
1 56 1002510428
4431 0 1103984964
2 39 
31 85 489017217
2 0 
441 0 1571574139
31 91 1637915897
1 64 48466230
441 0 1194719500
3342 0 
1 82 1441584060
431 0 347785553
42 0 
2 37 
443431 0 1046111841
433432 0 
42 42 
41 39 1964696540
2 0 
41 0 520192531
42 0 
2 12 
332 56 
2 99 
4431 0 1425671219
2 0 
331 21 1360551233
341 16 1450080718
41 10 1439528381
32 0 
2 0 
2 76 
43342 0 
2 11 
2 0 
1 70 1953932831
1 34 1700565310
2 0 
1 0 734317354
31 74 1581822935
44343444442 0 
332 0 
1 0 1133612531
431 22 1325549858
3442 0 
331 54 1537172489
2 0 
41 0 1718418493
1 0 1250631193
41 54 440095840
31 46 342412379
1 66 1928155863
1 0 1657686539
31 0 396484399
2 0 
42 95 
2 0 
2 28 
33441 69 126007651
441 0 512713320
2 0 
432 66 
32 0 
4432 0 
1 69 1500469363
2 0 
41 68 615024868
43442 0 
1 25 2084287459
31 0 990901612
1 0 663491099
2 77 
2 0 
2 91 
31 88 1131523311
1 0 285002025
3442 27 
2 0 
43431 0 1011276652
2 0 
2 99 
332 36 
1 0 30151504
31 93 102214917
41 49 1531469183
1 83 1455822724
3341 0 1462766150
44342 17 
1 1 834066254
42 76 
2 54 
1 22 747867457
341 0 1269215333
332 49 
1 45 387147916
31 59 1482184811
1 0 703554620
1 72 1520760447
42 0 
31 0 660251021
341 0 93243461
2 0 
2 29 
1 68 1091695292
1 0 1910882214
42 0 
2 0 
41 51 533339302
2 0 
2 0 
331 22 1434107671
2 14 
1 82 1691554429
41 0 43542193
31 0 1830592070
441 35 1817562081
2 0 
1 0 556255513
2 35 
1 4 1183577785
1 67 285103301
1 22 493059324
1 68 26995750
443332 0 
1 78 948594400
2 13 
44344331 0 1624582635
342 0 
2 2 
1 0 311997775
41 0 1959871053
1 0 1654734140
2 0 
1 4 414212692
2 0 
1 34 1343856588
1 25 963073216
41 47 1876978842
444441 0 30439194
32 59 
442 0 
4331 58 1710940673
2 0 
432 0 
1 0 998710528
442 95 
42 50 
1 94 417587110
2 79 
43332 29 
41 0 1045641836
2 100 
1 0 1702265148
3333431 0 1938347557
41 53 1705892857
2 59 
441 53 1795508610
41 93 882559202
3442 0 
33431 0 1469291423
2 0 
2 54 
33341 0 181364264
2 0 
1 0 169183225
43432 53 
432 45 
3342 29 
2 0 
341 0 1013362205
431 46 224906457
31 0 1999775296
1 0 683440638
432 85 
2 0 
332 13 
2 23 
32 0 
341 0 781161971
1 92 1035869433
4442 0 
32 0 
4341 5 968543939
344441 0 1274221295
41 19 1062865183
2 0 
2 0 
44442 0 
42 97 
2 12 
2 0 
4442 0 
1 80 1917138340
2 0 
342 95 
4341 0 751320283
1 0 1374862958
2 41 
431 73 1729525745
1 15 258570775
2 39 
41 87 1789075650
42 0 
1 0 925898685
1 94 1221643991
1 80 1518570845
2 23 
2 99 
32 67 
2 65 
2 0 
41 0 956337880
2 11 
3431 0 785101016
1 0 369797725
41 91 1373924990
2 0 
1 67 1830742852
44431 0 2072062873
2 0 
341 0 1164788900
2 76 
31 0 1389152061
42 47 
31 0 1720087835
2 0 
1 0 2047348102
1 0 710959836
2 94 
1 99 1901452099
2 12 
2 19 
2 0 
1 41 69047679
3442 0 
42 26 
42 0 
1 24 1724322041
2 0 
42 0 
332 29 
31 64 2126358557
42 8 
3434342 0 
34334331 0 2068822975
1 5 260279031
32 0 
1 0 760036880
331 0 957208761
1 75 1228822971
2 44 
342 0 
41 96 2034258175
1 77 2020073944
1 46 998477663
2 68 
2 40 
43441 0 638094810
32 0 
1 0 1247453255
2 0 
42 55 
1 16 580519760
2 0 
2 0 
2 0 
441 0 896665585
442 0 
2 0 
31 8 889045257
3431 0 1506418445
3431 35 2118309576
42 0 
1 78 260132454
1 0 315272677
32 96 
2 75 
2 0 
4431 0 755926944
1 25 629930179
432 0 
32 95 
441 0 1689197668
432 25 
2 0 
2 0 
331 0 439186148
41 55 554509405
42 12 
431 0 706502920
2 98 
441 0 1828338209
32 0 
2 89 
1 34 127113592
2 0 
4441 0 606367374
1 58 391814398
431 4 2028565692
332 0 
442 0 
42 0 
32 0 
2 92 
1 0 675415053
2 0 
31 0 2116136439
333341 12 2007440601
2 0 
441 0 596754381
3332 0 
2 90 
1 84 228931823
441 0 619993833
32 16 
32 0 
2 47 
3441 0 1553963142
1 0 1457754794
1 0 506768360
1 0 1426553438
2 52 
32 0 
1 100 308748809
43331 53 1144863171
1 0 526523045
43332 67 
2 0 
1 0 889268569
41 0 2041528756
1 0 1415568303
42 15 
1 0 248203366
41 10 2012354685
1 4 1675700757
32 28 
1 60 563476044
41 20 620797981
33331 0 158147289
341 15 105190064
1 85 1059984130
2 0 
41 0 712656694
1 0 811692984
432 0 
2 0 
2 45 
2 0 
441 87 740838691
2 0 
1 0 839770286
1 96 1418060358
34342 0 
41 0 1132653089
1 8 720852330
441 28 2093475411
2 0 
41 52 1101305881
2 0 
1 0 580809283
332 0 
2 0 
34431 41 542746144
1 0 1330237704
31 16 1200803116
2 0 
2 0 
31 65 2096709286
2 0 
2 0 
31 84 640508850
441 42 1707571477
332 52 
1 78 1375779077
431 36 949257659
1 0 704951000
1 0 1902302122
2 0 
42 77 
1 47 1838526228
1 34 598996108
2 0 
1 0 1170386777
442 0 
2 74 
2 65 
41 0 2086729594
2 63 
42 0 
443442 0 
441 93 463867145
2 0 
1 0 698603887
444441 0 502721990
43431 0 1084665127
42 31 
1 67 856751176
2 37 
42 46 
2 87 
32 17 
1 0 607912054
2 17 
3334442 17 
2 40 
1 78 2144649257
2 66 
342 0 
2 95 
4334331 0 1569407870
1 0 1419605038
331 0 738004300
1 0 261694508
1 0 690181748
41 0 1870657390
2 31 
2 0 
2 0 
2 0 
4431 7 982546839
43342 55 
2 27 
2 28 
1 0 636173512
1 56 824479623
32 80 
1 56 1563356122
41 94 1178919656
443442 0 
41 0 7233679
432 0 
341 0 616675591
2 53 
42 4 
431 0 1128145295
2 0 
31 80 647742529
1 94 176763420
1 0 356440724
1 0 1597000188
2 90 
342 39 
2 97 
1 0 881714420
2 0 
2 0 
31 21 111259198
2 0 
3334433341 0 1288042768
32 92 
1 0 1480710528
31 0 1281645976
4341 91 1227288714
2 0 
1 0 1944577674
42 0 
1 0 1980249863
1 70 1730010705
2 97 
2 0 
1 0 881759153
42 11 
1 0 689517391
341 8 190439111
2 0 
31 54 878924762
1 0 111441613
3431 0 1610044150
2 7 
332 0 
2 82 
2 62 
1 37 1616929062
42 58 
42 0 
4342 75 
31 0 373136121
31 37 152742250
1 16 1340102804
1 0 1355682960
42 66 
42 0 
42 35 
2 46 
432 0 
41 0 788915762
2 0 
31 0 17098779
431 12 771555435
31 0 1967835419
41 38 24332458
1 0 1388231026
32 0 
344431 1 948497066
33342 0 
2 41 
1 0 672074987
1 75 1564994446
42 0 
41 0 1304937790
41 84 121591527
4431 0 299225218
1 46 1416196988
1 12 1409634295
41 57 1779935746
2 48 
32 0 
1 44 550359316
42 13 
1 0 489439362
1 63 1577029772
2 66 
34431 69 383125531
32 0 
2 27 
43342 0 
342 78 
1 18 71966419
432 37 
2 52 
42 0 
2 0 
1 12 311305277
2 19 
1 96 1072642922
42 0 
32 0 
3333341 0 262405530
1 98 1190230039
2 0 
1 80 1184084535
41 0 1872449680
441 0 659675454
2 0 
1 22 1557220657
2 88 
2 0 
2 19 
1 0 2025191931
3432 61 
1 0 1999778258
1 21 765419969
431 99 666624045
32 60 
3332 74 
1 5 2016877038
2 0 
2 51 
1 67 1536975404
42 32 
2 0 
42 0 
42 79 
1 0 486975816
1 0 2041209496
3331 15 777722782
332 0 
2 0 
42 0 
1 97 1435472882
2 0 
1 0 565800836
43433442 0 
2 83 
431 92 195233580
31 0 592927024
1 0 687392363
441 0 494458798
2 0 
41 91 2009124013
1 0 2097026659
432 98 
31 8 126910897
31 21 411999681
42 59 
2 0 
1 0 438982373
2 16 
341 81 1703940669
44431 0 795125213
2 0 
342 0 
31 44 510948792
2 8 
3342 0 
443431 84 2015245947
4342 0 
41 0 1867768135
1 90 773354322
4342 0 
341 66 1057992338
1 0 904369023
1 38 498320355
331 41 1717667792
2 0 
2 0 
1 0 314106032
31 0 376028638
344432 0 
1 45 1569962403
32 0 
1 0 1079526001
32 46 
1 94 1042652683
341 0 1439355793
41 0 469017758
331 0 1529628500
1 74 1333081641
41 0 1246740540
1 0 817617734
1 68 1898882477
4331 0 1441974121
432 67 
2 0 
1 0 1410544759
331 0 438791193
331 0 1936432919
1 0 1272185124
1 0 388334204
1 0 2063343816
2 0 
2 64 
431 44 1684184805
42 0 
31 0 827316577
2 57 
42 0 
2 0 
43441 36 1619800838
31 0 331826370
1 31 1338265369
2 0 
31 0 1487563137
1 0 52110858
1 0 2111619691
2 0 
1 0 398071827
2 78 
2 40 
2 0 
2 0 
3433433442 0 
2 0 
32 0 
442 95 
3432 0 
2 30 
1 44 956479881
4433432 0 
32 47 
1 26 462456398
2 55 
1 0 2115739620
1 7 1270585913
32 48 
2 46 
1 43 838485036
1 0 1538218375
432 69 
2 0 
2 0 
2 43 
31 92 202628266
31 53 1881137720
1 0 830090520
4332 89 
31 0 671646024
4441 0 1263282572
1 0 15688513
1 0 1918386565
32 22 
433342 0 
1 46 2080900306
43441 55 1914570991
1 0 1212877038
434434431 0 1343961417
32 64 
33342 0 
42 0 
2 0 
3431 85 205878536
33432 0 
31 0 1001826309
1 0 468662893
2 22 
441 44 594212740
342 39 
3441 20 917686478
443342 82 
1 0 5364051
332 0 
32 76 
1 0 1421529317
4332 0 
1 74 390003668
341 31 337190421
4432 0 
41 0 612311038
2 0 
31 0 1877566805
34441 0 389301279
42 0 
42 88 
1 0 576447081
44442 0 
444432 69 
342 23 
1 0 128154984
2 0 
31 99 1345781160
2 0 
41 0 1038903480
2 0 
2 0 
1 22 96410956
1 0 468883425
31 56 1877388516
2 0 
2 21 
1 29 1634629331
332 18 
41 0 671511692
32 0 
342 0 
2 0 
41 0 1611042588
331 9 317236203
3444431 0 1343157716
1 0 726841512
342 0 
2 0 
442 0 
42 35 
4441 93 332924717
1 0 1114060633
31 0 660258171
1 0 100012060
332 10 
1 32 179454023
41 20 2004219588
343342 0 
442 31 
2 58 
2 1 
2 74 
2 63 
43331 0 305890596
42 76 
4443333331 0 1181280333
1 0 325398834
444441 8 900103336
2 0 
32 0 
32 0 
2 97 
4331 0 2098966811
342 0 
1 34 330762885
2 0 
1 55 174149005
42 0 
1 0 341486831
441 0 667953306
2 0 
1 0 786460043
432 0 
1 75 71569988
41 0 1057254586
31 69 1362907124
41 3 199724972
431 21 255552098
31 0 254326956
2 0 
4433441 0 296135929
42 0 
1 66 724435524
42 8 
431 56 2131715473
2 35 
332 0 
3432 74 
431 0 1930765260
1 0 1395947216
1 0 1595274413
1 0 100517816
2 50 
2 28 
1 81 591621284
32 0 
3432 25 
2 30 
2 0 
1 0 174632278
1 63 433442533
2 0 
1 73 1705681918
2 0 
433443341 29 834890449
1 0 533454593
2 37 
41 31 1885135941
2 0 
4341 0 691626389
2 79 
2 35 
42 62 
1 0 839345189
2 0 
2 48 
2 87 
42 49 
1 90 918932626
1 0 1017025223
1 0 1739448525
31 0 870415789
341 80 1347788108
432 97 
342 98 
1 22 1913597530
4442 0 
2 50 
2 0 
1 0 1211902620
431 20 2015741415
31 0 552573925
1 0 1283472608
4332 89 
2 54 
1 0 925512353
42 0 
431 0 1915481049
2 100 
332 35 
2 76 
2 0 
332 0 
331 0 1483197581
31 0 1181064451
44442 93 
42 81 
42 41 
41 0 22324358
41 36 1779333510
2 69 
1 0 1905499975
444332 0 
1 5 6556183
1 0 1562615122
431 0 1153963543
33432 19 
31 73 1601830596
42 0 
2 26 
431 61 1663132938
3342 97 
2 0 
42 32 
4342 0 
1 0 1745584828
3442 80 
2 37 
1 0 1776462874
1 71 2096575471
42 0 
2 89 
1 78 1303783098
44341 68 463869675
2 0 
4441 0 482546416
1 96 1041435391
4342 0 
32 0 
42 45 
2 0 
331 0 1155496065
1 0 1321891605
441 27 1960368018
1 97 25037640
342 0 
1 0 913856482
1 0 683300159
2 0 
2 24 
2 78 
341 23 1372825749
3341 46 679970364
441 0 1895202780
42 0 
31 49 1241083516
2 0 
1 25 1232544289
31 48 1031191740
1 8 19112221
4334431 12 1000541691
331 39 366905673
341 0 1200176672
431 0 1022866049
32 0 
2 25 
2 0 
1 10 2146239183
332 35 
2 84 
41 0 958193000
31 11 1029422232
41 36 1561370658
32 73 
341 20 2112156543
2 0 
2 100 
1 0 483769180
331 56 1077019948
41 0 1710257723
1 0 112748407
32 0 
1 8 1026111772
31 0 866557173
41 21 576618082
3342 0 
32 0 
2 0 
41 0 1508658188
1 0 1907992565
2 0 
1 47 1732114147
1 0 683066146
342 0 
1 0 1720876935
41 0 1757151788
331 74 1596922628
442 53 
1 0 256693446
1 18 982493889
1 0 129409345
342 0 
1 0 4412578
41 25 76093757
2 0 
441 0 1361953634
2 0 
1 0 1035604319
42 77 
2 52 
1 49 95205978
42 0 
431 68 215011677
41 79 1402509992
443342 21 
443431 75 1295382650
4332 0 
434442 0 
31 0 1237877726
41 0 1401265528
2 17 
41 0 106092002
4442 0 
31 36 119816310
32 87 
331 20 815152538
342 0 
342 0 
2 15 
2 0 
1 0 70764898
1 77 603585491
2 61 
1 0 1892172486
1 0 1781022621
31 0 716333898
32 0 
2 92 
1 0 770800610
2 0 
2 0 
2 0 
2 57 
2 0 
41 0 500096147
2 20 
1 0 1292951980
331 90 131975151
32 0 
2 79 
341 88 260605064
1 0 877582480
4441 0 815041297
1 71 1981481999
4442 71 
31 0 487250620
32 92 
42 0 
2 0 
2 0 
1 80 264480277
342 0 
1 82 90691797
31 0 1469744509
42 0 
2 0 
2 50 
1 65 393889622
1 0 95104376
42 67 
31 0 1545838266
332 63 
1 2 1755843257
1 0 1130708695
2 41 
342 42 
1 0 1641044244
4443432 44 
2 88 
2 81 
42 0 
41 27 1970854934
1 50 385735039
442 38 
2 0 
1 89 788943246
1 0 1061249013
31 0 1787000567
333432 0 
31 97 895035249
41 2 1181065323
1 36 454669457
1 0 965800147
42 75 
2 89 
441 0 1784650814
2 0 
2 0 
1 0 199358296
2 0 
32 40 
4442 80 
432 50 
331 81 599339120
32 51 
32 29 
31 0 353501064
2 0 
2 47 
1 0 970158906
42 0 
443432 88 
431 0 1099435267
4334441 0 1646453045
2 0 
1 0 1102134057
2 0 
1 0 1360040331
1 0 376551877
32 0 
442 0 
41 19 1917175354
31 12 1194038682
2 59 
1 47 863802497
31 0 34171984
2 30 
442 0 
2 92 
2 18 
1 0 1284730480
441 0 186063358
2 76 
1 36 428061606
1 29 1379834856
32 0 
33332 98 
332 0 
2 0 
1 0 1731901624
2 0 
34341 0 36421215
1 0 363059903
32 0 
332 60 
2 26 
4343431 0 1225462220
32 89 
34431 0 2007276150
431 9 748794942
1 43 2014405466
32 0 
2 0 
2 99 
1 0 921041515
3332 21 
1 0 388311862
2 0 
432 69 
2 0 
331 0 761957067
1 57 2102106838
41 0 842981319
3432 58 
42 21 
2 0 
31 0 1727757214
1 0 1739274005
1 51 1042339615
2 0 
3331 0 179612687
32 0 
1 41 2092775069
2 0 
32 0 
41 72 2012498522
42 0 
1 6 1279047954
31 0 1591744466
31 61 967148931
2 36 
4443441 6 491604638
33432 0 
1 0 1968296343
442 95 
4331 37 736840638
44444331 28 1685643320
2 86 
341 78 684615192
434441 41 771012622
2 46 
32 0 
2 92 
2 0 
3342 0 
32 2 
42 64 
1 0 822890152
2 0 
32 33 
41 100 870678550
2 20 
431 65 1199074228
1 0 55241360
2 3 
331 51 455096526
31 0 1235495444
2 0 
334331 0 418301263
331 0 1680558746
32 52 
2 0 
342 0 
3332 53 
32 86 
2 11 
2 100 
2 75 
2 56 
1 0 1095287946
1 0 1167096206
1 69 1547480565
4441 70 2016329461
41 23 1555408068
31 18 161953984
1 0 1970952651
32 0 
42 0 
1 9 250905739
2 11 
2 0 
1 71 1889711199
1 0 1562743008
2 27 
4331 29 1293245355
432 0 
2 0 
42 95 
3432 31 
3431 5 2069323886
2 38 
41 0 1508034430
4432 0 
32 0 
441 59 1158260229
4342 0 
4343341 0 1200888192
31 0 952295248
32 0 
42 0 
1 0 2125409160
2 0 
332 71 
2 0 
3441 0 1692492830
2 0 
2 48 
1 12 773107944
41 0 714766150
31 71 1230652503
443433432 7 
31 87 1457723136
2 0 
1 92 1485778772
41 0 2053542655
42 0 
2 0 
441 0 180918039
2 0 
31 94 537369353
1 30 2108784016
2 0 
42 53 
31 0 636014565
1 0 1772864797
341 0 379601631
2 95 
341 71 169089664
31 73 720669095
32 90 
1 37 1546697837
41 0 1716570229
2 22 
1 79 589514908
1 0 954622257
32 74 
2 0 
42 0 
32 91 
1 89 1878524213
41 0 412983911
3341 0 1205527997
1 95 1620751764
2 51 
2 0 
34432 57 
32 0 
334442 0 
2 8 
1 0 1975726920
44433443431 93 351289704
2 0 
332 22 
31 15 1542592002
3332 68 
4442 0 
1 44 1336277702
431 0 1509549933
341 0 595996547
331 81 141089302
41 91 1487475445
1 0 141005729
33331 0 914197246
32 0 
41 45 54757948
32 0 
331 0 1371658232
2 4 
2 63 
1 25 224436735
432 0 
1 0 1540536720
41 0 1277717240
431 73 405354774
1 0 2077906073
32 36 
1 52 1239017608
1 0 1041369339
32 34 
32 0 
31 0 1703287222
342 60 
1 35 1618619239
42 13 
2 0 
31 21 1210459003
2 0 
1 0 276472669
42 0 
1 60 1017833429
2 0 
1 0 779545584
431 0 865987577
1 100 1972455686
1 77 510586150
331 0 1278971489
2 0 
1 38 1030500035
2 65 
1 43 2131337914
1 0 1107214761
1 0 1381789739
42 7 
331 0 1526446269
3434431 25 296008815
1 0 743856024
33341 34 2122442816
2 9 
1 28 437098117
1 0 83847822
1 0 115964897
41 0 1351295364
42 60 
1 25 138605770
2 0 
3331 0 1487623130
1 86 1575732099
343432 0 
42 0 
434342 0 
42 6 
1 7 1679142490
2 0 
1 58 617856722
2 0 
1 0 1981086873
32 88 
1 0 1609564916
1 13 1856874330
2 0 
1 0 874972564
1 0 1165368490
31 83 1328009921
41 0 2085431568
41 0 1441841160
1 45 198359702
2 0 
1 100 717493504
42 0 
441 73 160345089
32 0 
42 56 
1 0 23331741
42 81 
3442 0 
31 0 1228079654
1 0 1439316578
3432 26 
1 0 1053831776
1 63 1211933921
2 24 
2 0 
1 56 399047691
43431 43 288137868
1 0 590896542
1 0 695056506
1 0 1031993892
1 25 565855710
41 0 1132154624
34332 0 
31 0 1115841714
32 61 
2 62 
1 97 681820607
31 46 335966340
431 0 1254447484
42 11 
31 0 21960089
1 53 1911698439
2 0 
1 0 786106327
42 65 
431 90 639816811
1 0 1745301664
2 0 
41 0 248187595
31 91 349207493
32 18 
4332 0 
2 74 
31 93 472790580
41 98 1413556085
442 99 
41 72 1677217415
2 43 
1 70 410738500
442 0 
3441 21 707913597
2 0 
4432 0 
442 0 
2 0 
2 36 
1 97 1875577117
32 0 
1 0 1128232005
2 61 
2 0 
1 0 868258687
2 85 
2 0 
4342 0 
1 65 1898908858
42 65 
1 52 208828011
434332 85 
4431 17 160091617
4341 42 805256987
2 83 
42 7 
1 0 1420761932
1 0 559139309
2 0 
1 0 1093394855
42 0 
31 0 2011658474
4432 15 
32 64 
1 46 1254195815
2 26 
3342 27 
2 0 
41 0 2125388747
1 0 430030536
3342 0 
1 70 238866791
32 40 
442 0 
42 0 
2 46 
2 0 
432 0 
1 27 1093746814
41 65 1111851144
431 0 574833131
2 0 
1 61 200710650
41 90 1133811233
44331 39 339047922
432 0 
42 100 
2 0 
441 0 986816977
41 30 1773628045
341 9 2084349586
1 97 1235004572
2 13 
1 0 2122835538
32 0 
4331 10 409656519
1 0 501077010
2 83 
1 0 1652569305
31 32 820395019
443442 69 
341 3 1208990607
1 77 1380662775
33442 51 
2 0 
4441 0 1948627024
41 23 2077249294
31 0 1132087985
1 87 9971388
2 91 
1 23 89857264
2 89 
1 0 1937344972
2 67 
1 22 1430733320
42 0 
31 16 648996573
4342 43 
1 0 883256179
2 33 
41 0 1294908147
2 0 
1 54 1903192388
2 43 
2 0 
2 45 
41 0 861161279
2 100 
2 0 
4441 16 1724938683
2 0 
332 67 
1 89 2142059180
2 73 
1 0 1954908093
2 23 
3432 20 
2 40 
1 83 689306179
41 0 569408663
31 60 8135095
31 32 1823117413
332 89 
2 0 
34333442 0 
42 3 
2 0 
32 0 
332 0 
1 13 908456586
42 0 
41 41 994952073
2 0 
31 10 1449261810
2 2 
2 0 
2 56 
1 81 845322524
2 14 
2 97 
1 0 82472997
432 0 
1 46 1424613700
32 13 
1 0 1254979043
2 0 
2 0 
1 0 583550007
31 32 929699358
33331 52 2075374063
42 44 
32 52 
34441 0 1792540615
2 2 
1 0 162878485
332 0 
1 0 1876517439
2 0 
332 8 
1 0 1722306261
2 0 
34431 23 1294966470
1 23 1886488827
2 0 
341 0 1812163525
2 6 
2 27 
42 0 
2 0 
442 19 
4444342 7 
1 35 1084827795
1 12 1169738500
1 0 313676450
31 51 1968083974
43343441 0 317162999
2 94 
432 38 
41 0 69385191
3342 72 
1 0 681761605
2 37 
1 0 2042101682
333333441 8 63960723
331 0 489186050
42 0 
2 84 
41 78 583924214
2 0 
31 31 633369386
2 0 
2 0 
3332 19 
1 73 497321146
32 0 
3332 90 
442 0 
31 27 259557979
3431 0 1541825972
2 0 
2 0 
1 91 1492273219
1 0 1708819789
431 0 239664849
32 0 
2 0 
31 43 1574746216
2 36 
1 0 985949841
1 0 1494643892
3431 0 10812576
342 0 
1 75 1915649199
33332 70 
32 0 
32 0 
341 0 1422534307
32 24 
2 0 
1 59 1803353191
444341 0 2078527684
441 0 1151568099
2 0 
4433342 0 
2 18 
2 0 
2 0 
443332 0 
44432 0 
43333342 0 
31 0 1378175804
431 0 1226010507
2 0 
334341 44 890573278
41 0 1042855682
32 92 
31 63 163354654
42 0 
2 46 
441 0 2060311778
41 0 1356532132
2 0 
4441 55 2131438628
341 42 229991129
4341 0 1425917323
2 0 
31 27 665716586
2 34 
31 0 124609164
2 61 
443341 0 1489878046
1 36 1154902636
4441 0 708533378
2 33 
1 0 2123247433
2 32 
1 0 1652223782
2 12 
2 0 
41 85 968091357
2 0 
1 0 1517589757
4331 47 997013353
41 78 529427498
2 0 
442 83 
2 0 
32 2 
2 52 
2 0 
1 0 1757254606
433342 55 
1 65 424275922
31 0 1515377339
41 73 1104414851
1 24 435088498
2 0 
2 35 
342 22 
2 7 
341 0 1283542891
1 100 379465510
2 0 
1 0 90958041
1 7 1214586927
32 80 
31 0 1531033609
42 39 
441 0 1469133845
2 22 
2 0 
1 70 293113786
1 25 274123240
31 88 364505879
42 0 
31 32 456468440
2 9 
1 1 186951370
2 83 
2 91 
42 0 
1 65 1721038012
2 38 
1 14 440423421
32 0 
32 0 
4441 37 416942500
3341 0 999471687
2 79 
2 76 
1 0 1106140007
1 18 541551664
342 0 
41 0 341866086
3331 27 113558995
431 32 1250085042
1 13 317629871
42 4 
341 0 1765782778
334333332 1 
2 0 
3441 0 70692751
42 59 
41 0 1835219628
42 0 
1 62 615312483
1 0 600120249
1 19 1444990587
4342 56 
2 0 
1 0 1039588405
1 0 2115497588
1 0 401921790
1 0 1474676903
1 5 1251556831
1 0 781387300
2 0 
2 63 
1 26 1565634944
1 0 318660111
42 11 
1 0 164937262
31 0 887285142
31 0 611773897
332 13 
32 62 
441 0 439060502
2 2 
31 0 1251791021
431 0 1068242338
332 36 
1 68 626011872
1 0 825345385
1 41 1508665759
2 0 
31 3 1042954372
331 0 1824817073
2 0 
31 0 467322118
341 0 1584506036
42 0 
444331 0 19199511
41 51 580881113
341 0 687107430
2 0 
2 42 
1 40 336829382
1 0 199180243
2 0 
31 0 757800181
31 19 24565362
41 60 814492727
2 0 
441 68 1357920430
4431 0 1469555949
342 0 
42 18 
31 0 1854081132
2 0 
1 15 1325934371
1 28 1871477739
332 3 
42 0 
3342 38 
1 0 1181274388
1 0 430007554
2 0 
332 0 
1 9 505381392
41 40 599425684
2 45 
1 0 748667665
431 42 670318654
41 82 1486710826
4432 0 
442 0 
1 41 1360441563
2 75 
42 0 
2 0 
1 0 1109379156
2 84 
31 24 591018200
41 0 281200253
41 75 1735391028
3432 0 
1 0 1416363585
2 0 
2 49 
2 0 
2 50 
32 65 
2 0 
442 0 
1 65 1789866012
44432 71 
2 39 
1 46 630861753
2 25 
2 0 
1 98 1093697010
4332 0 
1 0 109704482
432 0 
431 12 67884141
2 0 
32 19 
332 25 
2 86 
42 83 
1 46 1112896521
2 0 
1 0 690585595
41 0 754991572
2 65 
1 87 1449725903
1 93 889765839
4432 71 
1 0 1512791753
432 0 
3433442 5 
2 24 
1 73 1474291266
32 0 
41 0 1704258566
1 0 723228536
2 83 
32 0 
1 49 796363567
1 0 1410856050
3331 73 2049162907
1 75 520357659
442 49 
334432 0 
342 0 
3332 54 
2 67 
3441 0 444646790
1 0 331686813
1 0 1025739051
2 96 
32 29 
433431 0 1044072475
4441 71 1080354479
32 0 
1 65 1696057705
1 0 383299653
1 28 293312394
31 0 657953213
2 0 
2 0 
2 0 
31 0 974317853
2 0 
2 5 
2 0 
1 66 574512647
2 29 
42 0 
42 60 
1 48 245860593
32 32 
2 82 
2 0 
442 0 
2 0 
1 0 243197791
31 72 216895011
32 0 
2 0 
31 10 876722346
32 0 
431 58 1336894801
1 54 326599493
2 0 
1 0 944606488
32 0 
1 50 302307675
1 98 1017185088
42 0 
2 0 
341 0 1699598060
1 42 1752033578
1 0 1906950927
342 0 
41 0 1064906165
1 0 1078841196
1 0 1463725845
1 0 1788134701
341 84 1875204764
41 17 727098248
1 0 1689813960
43431 0 248078775
42 0 
32 50 
333443331 39 1171745038
2 0 
2 0 
34431 95 2021500774
341 77 1273817826
1 0 68333865
1 0 954371605
2 38 
342 38 
1 0 822391883
432 89 
32 27 
42 0 
2 0 
2 7 
2 0 
42 0 
32 26 
1 14 451633519
1 76 1247683999
431 0 1480345096
2 0 
31 0 1425951372
31 30 1822196646
332 0 
31 35 1726205689
432 41 
1 0 1669149163
1 55 2039091657
31 0 455444388
4432 0 
1 34 858560317
4341 20 218207502
1 0 1400050876
1 91 1160867992
1 0 1235392590
2 51 
4432 0 
31 86 952165288
31 0 765417922
2 86 
3342 0 
1 39 994859870
332 29 
2 0 
2 44 
31 0 2017071453
1 0 1844259119
2 0 
341 0 311102067
2 3 
2 0 
31 22 1657722507
3341 91 1571980235
41 0 1038200315
341 0 1200052819
2 86 
342 35 
1 0 1820059010
32 62 
1 85 62461706
2 0 
1 0 1074069945
1 0 946393188
42 79 
431 0 130795571
1 4 2028441550
2 0 
1 0 1768785071
334341 0 582429090
2 66 
343331 44 1128641901
41 70 1101646519
31 46 2008380463
31 74 803354899
1 100 680368560
42 81 
1 0 1530045978
42 30 
32 92 
1 0 694962908
1 93 1135812948
1 56 241122647
31 0 913170410
41 6 388380176
332 13 
433334442 78 
2 76 
441 25 1401990639
1 71 1079353
32 0 
32 0 
2 9 
31 0 1340545464
1 0 19924914
41 0 995939223
1 52 1210133270
42 13 
1 58 1864184033
2 55 
41 97 1307041290
42 47 
31 0 720372129
442 41 
2 0 
44341 0 1288680620
1 0 197757958
32 21 
2 0 
1 98 1920424948
441 3 961255982
441 0 260219664
31 0 847011246
31 68 1907649170
41 0 391015235
41 0 727969148
2 59 
1 0 1528950593
3342 0 
2 6 
32 0 
42 0 
431 81 973444326
1 0 1856611050
341 0 483113464
2 73 
2 71 
42 58 
41 65 834341141
2 0 
42 0 
332 88 
31 0 512482301
31 0 1163482024
2 25 
1 67 216903471
1 0 1207445210
41 35 151811325
332 19 
31 0 458026119
2 50 
4341 0 2120615620
431 0 540191501
41 67 1860016758
342 57 
333332 0 
1 0 2121694973
2 22 
2 34 
1 49 1880736966
2 0 
42 0 
2 0 
2 0 
2 65 
2 0 
1 0 1879941672
2 60 
341 68 970150548
4331 44 943386588
1 14 1596642057
1 7 129708191
41 0 1663758717
1 0 737839029
1 0 327466149
42 0 
432 92 
41 0 1436700017
42 0 
1 0 1699095011
34331 71 587685813
4332 0 
1 0 136227615
1 71 1459260533
432 76 
1 32 978701048
2 0 
1 60 864196764
2 94 
32 0 
2 0 
1 1 840727478
1 0 1952145374
1 25 573324166
41 0 1323840942
4331 34 639002867
331 0 1085806467
1 0 339839319
2 36 
41 0 855906339
41 21 145768029
2 58 
2 27 
2 53 
2 6 
4342 0 
1 73 491650644
44432 0 
2 0 
33331 0 1313932458
2 0 
1 90 118900002
31 87 1031842145
3431 90 1026465568
42 84 
342 70 
431 31 93111327
31 17 765095463
2 68 
341 0 758923593
1 0 1063261876
42 0 
1 36 1708482051
1 0 208082002
2 63 
43442 59 
2 31 
2 0 
2 0 
1 0 1192970067
32 25 
2 0 
2 73 
42 8 
441 52 1224757120
432 19 
42 0 
1 70 945921032
442 0 
2 60 
2 49 
341 0 1520436216
2 45 
1 4 513973490
1 61 497532395
41 74 2108122029
42 0 
1 0 650201105
441 7 1956792929
1 12 939339429
41 0 1514397869
1 3 650036759
441 0 744001156
2 71 
1 0 2087722035
2 0 
344331 14 1973877702
1 12 1383004023
2 0 
1 46 1026044855
1 84 166233373
1 0 91426714
341 0 1171812884
2 4 
32 0 
1 0 657884017
2 44 
1 53 1405359172
2 28 
41 63 1290712886
2 16 
1 0 1689726162
2 0 
2 0 
32 49 
2 29 
1 0 284341093
1 0 1383824214
441 0 307337978
4343332 68 
4441 0 1043264686
31 1 299602442
2 0 
1 88 2015820029
2 0 
441 95 1251346688
342 0 
32 0 
31 0 1492572509
1 27 1093093502
443334343441 24 49784072
332 0 
1 0 865525077
1 44 1607066992
431 0 547316468
1 81 826163458
2 23 
41 45 109784449
41 1 356625749
2 0 
1 0 1765502887
2 0 
32 0 
1 0 1624182319
33332 46 
1 1 1006662508
332 30 
1 0 362020395
2 76 
2 31 
442 50 
31 61 1564420706
1 0 833056562
1 7 1745024419
1 88 442981913
42 0 
31 0 999289935
32 0 
1 68 1836451133
2 14 
1 90 1614794798
1 0 1657173952
2 64 
1 0 1094326658
432 0 
442 9 
2 61 
1 92 758024036
342 0 
2 0 
42 48 
2 3 
1 0 1199416467
431 50 1378667751
1 52 2141848250
41 4 1506754445
2 0 
341 23 274448789
2 98 
31 27 293967044
2 0 
32 77 
32 85 
342 0 
432 72 
2 0 
442 0 
2 0 
42 64 
1 22 1375090826
2 0 
342 35 
331 100 1525795477
43432 0 
1 32 1786539553
31 91 320700680
2 62 
31 6 1575579550
2 0 
444332 0 
31 0 504580982
2 0 
32 0 
41 22 1927767672
1 0 2122896018
42 94 
31 16 1330744440
41 0 2037552122
3342 0 
1 0 332038119
1 0 948763680
331 95 1514250793
1 25 1338700627
31 0 1310784075
41 89 931187851
31 0 24273542
2 0 
1 0 908324846
431 6 1374169765
42 0 
31 0 1023563477
2 0 
41 0 597292332
342 17 
432 0 
31 0 841480915
2 30 
1 86 533253782
2 32 
33441 93 1691618990
2 0 
1 9 1599504951
42 51 
1 0 1732670249
3432 0 
442 84 
2 0 
434432 0 
34344432 15 
2 0 
2 0 
2 71 
2 58 
444444441 20 922803093
331 43 1593869554
2 0 
331 0 1091941046
41 0 1197251882
1 52 1887836598
1 0 319548224
1 31 575563711
332 0 
2 43 
41 0 1526892504
2 38 
332 72 
441 84 640248905
33342 0 
32 63 
42 30 
41 0 3659613
1 0 2031473486
1 30 420532929
1 0 2126555631
2 24 
2 30 
2 89 
42 25 
341 0 1214734279
2 93 
1 0 310601403
42 0 
34434331 0 311110102
2 3 
2 0 
42 88 
33442 24 
1 70 16014311
341 0 1824852196
2 29 
2 24 
331 79 1649810730
32 0 
2 15 
1 74 1326798386
2 0 
32 35 
4331 21 608556400
442 79 
4442 4 
441 16 1674084272
31 0 87639585
432 0 
344341 0 1982726165
42 60 
1 19 550164101
32 15 
3432 0 
41 50 684931917
41 0 676723432
42 0 
2 0 
1 90 1083417883
1 99 229067259
2 0 
32 0 
342 47 
1 61 128744735
41 26 668604484
41 0 1151870352
341 62 1722614289
341 0 1760545530
342 0 
42 57 
441 0 201638586
43433343341 0 1462967240
1 76 2080093755
42 51 
2 41 
2 0 
42 26 
2 22 
3441 79 777202297
1 26 842376096
2 0 
1 0 572859012
42 0 
2 27 
1 0 780861911
1 0 726365934
43442 0 
31 0 993391941
1 0 759933894
2 53 
32 41 
2 0 
432 0 
1 19 1941100213
2 31 
342 0 
32 3 
1 43 1303993345
31 0 1071043997
31 0 1957114524
31 0 981361893
41 0 573371079
4331 0 1136429263
4442 23 
1 0 1589918293
1 0 99971703
32 31 
43442 74 
2 41 
32 0 
1 0 1224068848
32 0 
4341 0 1425160810
341 0 650135804
1 100 1909000765
34441 54 2101884242
1 0 1733553688
1 6 2138068024
2 10 
1 0 83145330
2 0 
42 76 
1 30 254674524
2 1 
41 0 1142454728
1 51 1805759619
2 0 
1 0 2015220055
1 0 1344093314
32 60 
2 0 
441 57 1121243211
32 69 
2 59 
1 0 1947830162
41 0 2121295611
1 0 1963619307
342 0 
2 0 
1 0 373205526
2 10 
2 0 
332 29 
1 0 754673874
431 18 542501594
2 52 
2 5 
2 0 
1 0 1366597467
331 79 1514607769
432 0 
2 0 
2 16 
2 0 
1 0 336118159
1 0 523107164
2 0 
1 13 438168118
1 0 145749036
2 0 
1 22 1504469058
1 33 1011539197
2 0 
32 0 
1 77 1282178299
2 9 
342 0 
2 20 
32 24 
4432 0 
1 0 946903703
332 68 
2 0 
42 0 
1 0 1111510900
2 0 
2 0 
2 66 
31 0 358763499
1 27 224580866
1 0 1761646704
32 0 
2 0 
31 0 120280616
1 18 178981460
42 48 
41 0 1347716744
41 77 110864992
1 0 262126790
1 11 1602391269
1 31 1253319720
1 75 2067886410
31 1 1470127676
32 0 
42 85 
1 83 449929386
44332 0 
41 79 1041645973
2 0 
1 9 1270474190
3444443431 3 423741349
1 0 857781633
1 30 1643679716
32 5 
342 0 
331 18 1178415224
442 0 
31 4 1400283227
2 29 
32 22 
331 0 862793535
4341 27 545539345
4341 21 1736401386
431 0 1385900700
41 22 983707463
331 0 1882150422
2 0 
4333441 96 742886110
2 0 
2 1 
2 33 
32 76 
32 0 
44442 0 
2 22 
2 55 
1 0 1995246660
441 0 1016845073
41 0 1689789813
2 92 
1 94 959273912
42 72 
2 40 
1 76 1375608572
32 0 
2 70 
2 0 
2 92 
2 0 
32 0 
34442 64 
1 96 1914370679
2 0 
1 0 573436968
32 0 
342 0 
1 1 1495889188
2 0 
1 37 2093352140
1 0 1921153713
4431 15 1606754180
2 0 
2 0 
1 81 207995282
4341 0 1376061334
1 0 712590252
2 76 
4342 0 
332 95 
2 61 
43333341 39 128398044
331 82 698705362
1 0 1162519638
32 0 
1 55 1170044018
1 14 1969179552
1 0 1586260988
32 0 
42 0 
1 0 2027825651
42 0 
4342 0 
31 0 1465375620
1 4 617192564
1 90 1280625230
1 63 180685507
442 28 
2 90 
1 0 1162731909
2 0 
1 58 869542968
1 0 1566586207
1 0 2146439372
3342 0 
331 0 604209743
331 92 161988669
31 0 1994202384
442 4 
32 85 
1 0 1621054816
2 81 
2 4 
32 74 
2 0 
432 0 
342 1 
2 20 
31 0 1851778483
2 0 
34431 73 805992648
32 0 
441 0 849179741
32 0 
2 57 
341 0 1618665514
1 0 1379429616
342 59 
31 3 197585281
32 0 
2 0 
42 0 
32 0 
344332 0 
31 65 1564534006
42 0 
2 0 
3341 0 1153099681
1 81 1804339462
31 18 1772529289
443341 0 381677367
331 0 369446066
1 11 1900927333
2 45 
1 0 1080382729
441 26 1531965705
332 30 
4342 47 
1 76 923487703
1 0 902078633
342 0 
1 0 970743045
2 64 
32 0 
42 0 
32 76 
331 0 803829706
31 0 219970605
32 0 
432 48 
1 0 1587935609
332 88 
1 38 2084454936
31 1 400656113
4434331 0 603183870
31 0 806514257
4334444331 0 1967242320
41 0 602139594
443342 89 
1 46 1410724000
442 56 
41 0 2129230990
1 0 448858330
4432 0 
32 0 
1 0 884295168
43444433341 0 1833525825
342 0 
341 0 1254850978
442 15 
2 52 
1 0 1733474909
2 85 
41 0 1304707691
1 20 486796946
32 38 
32 83 
1 0 1931060191
1 47 721758050
1 0 1639896628
1 0 1587916005
1 15 346803691
4342 0 
32 0 
1 0 2021573995
42 75 
32 0 
33431 81 1957362071
1 0 100247376
1 0 954473077
432 48 
2 62 
31 0 1341844128
332 0 
1 65 1023735080
42 0 
2 60 
441 0 1856551710
42 0 
2 93 
432 0 
34331 0 165103525
3331 44 1827564786
2 0 
331 0 2076522316
442 96 
2 0 
1 31 1753039134
441 19 1764536075
332 0 
331 0 329694781
41 0 208739356
2 37 
1 30 423566684
42 0 
2 0 
2 85 
42 0 
444431 0 149453453
1 32 810878950
431 0 1834290684
42 0 
1 0 131200795
1 0 1259737280
4332 48 
42 0 
41 0 571102204
2 47 
2 33 
1 0 1964726620
31 17 367104610
442 82 
442 0 
1 0 157093466
31 47 1121950664
31 0 853901557
42 0 
441 30 2088153657
1 94 1843708714
432 61 
1 0 346314537
1 46 1528586014
341 0 43028757
441 0 220404884
2 33 
1 0 1338464437
42 0 
42 0 
42 65 
1 0 143276133
1 0 1174877961
2 31 
41 0 532824918
2 0 
1 10 1167011213
31 22 883946024
41 51 697928443
1 0 847092352
4342 0 
432 0 
41 0 812984692
442 0 
2 34 
41 80 303483930
2 0 
41 0 464144779
1 0 1142679473
41 0 512223286
2 94 
42 0 
32 0 
1 58 887711463
331 7 1292132926
1 75 1323102237
32 52 
42 45 
41 0 574518499
2 78 
1 54 1423333722
1 0 435355869
1 0 1145620703
2 0 
31 36 1240576694
43432 9 
1 0 802460480
1 0 1302714169
34332 0 
2 0 
1 0 215043710
1 51 1656362037
2 0 
31 71 1243384178
2 76 
32 0 
44341 0 2058752424
4332 94 
1 0 2002676574
1 2 624486544
1 0 2101781181
1 0 75597810
42 0 
2 0 
442 0 
342 15 
41 0 1962950982
3331 5 97573667
41 0 1250475772
342 0 
32 0 
2 46 
32 6 
31 0 348292252
2 64 
2 47 
32 0 
1 0 1264584880
1 0 2134421796
4332 0 
42 0 
44431 0 1046220695
42 0 
2 74 
32 85 
31 44 2111677232
41 0 799922840
1 0 1349704625
2 0 
1 56 428338363
432 0 
2 50 
32 0 
2 81 
4332 0 
2 0 
1 0 1942602313
2 26 
2 13 
2 2 
331 86 1861927912
1 0 1316049826
32 0 
431 99 1087251591
2 36 
2 0 
1 0 1037546501
41 83 1890568325
2 0 
2 0 
2 25 
4432 52 
4331 59 363101665
1 0 1472902370
41 0 888705381
4332 0 
43442 34 
41 19 1603678360
2 20 
2 13 
31 0 127879202
2 0 
332 0 
1 0 43935902
2 0 
41 59 1818722070
42 0 
1 0 1784241239
43442 0 
1 3 1287320081
42 0 
2 0 
443331 66 1729990847
3331 50 1639434165
2 0 
44441 0 1911806625
1 0 1684288380
4432 0 
2 86 
432 83 
1 14 1715031976
2 0 
432 0 
41 0 1727273959
2 92 
1 0 1781862047
44441 30 818024100
2 76 
32 73 
2 89 
42 18 
2 0 
2 0 
1 0 2075566211
441 61 898963280
2 0 
42 0 
1 42 804962248
2 0 
2 0 
1 0 974303259
1 7 863156864
1 29 1604885088
332 0 
1 87 176524236
32 0 
41 42 1291495228
32 0 
442 0 
1 0 1400003753
1 0 2038452148
2 42 
2 0 
1 0 460061406
1 86 339771696
2 50 
431 8 928515001
32 0 
41 9 203146084
42 0 
32 0 
2 0 
32 10 
2 0 
1 3 702873362
1 0 253933724
4332 0 
431 0 1091851465
42 68 
41 83 159068074
3431 47 381812926
32 58 
3443343431 22 1135787367
2 50 
432 0 
2 98 
2 53 
31 52 1977790144
41 0 18570518
1 0 275623800
1 0 1560297343
32 0 
2 73 
32 10 
41 0 1658004683
1 0 39946778
42 75 
2 90 
2 0 
42 0 
1 11 1097102076
2 96 
3441 82 1225553011
43342 48 
41 0 1767220737
41 82 731480475
343432 12 
1 0 2043577111
42 0 
2 35 
1 0 1695303301
3444431 0 1630443755
41 0 701055711
1 37 522122912
41 0 346116972
342 20 
342 97 
341 0 158457151
2 0 
2 0 
1 78 698647148
1 7 1637612200
42 0 
2 95 
341 0 1558460904
32 44 
441 65 589615649
32 0 
342 5 
1 69 2097673606
42 0 
2 19 
31 0 1898232601
4432 61 
1 82 1518130650
31 0 153336042
43342 33 
2 0 
2 93 
2 0 
1 39 453622315
2 0 
43342 64 
41 0 1772064374
2 0 
2 60 
332 66 
2 0 
33442 2 
441 13 1245187507
42 0 
1 97 612690389
2 0 
441 0 6393653
331 0 233491227
2 0 
31 87 442996885
2 91 
1 10 24964171
31 0 509115027
1 91 2003294229
42 0 
342 0 
32 13 
442 0 
1 60 1682968854
2 0 
42 44 
4441 15 549061805
42 0 
32 16 
441 0 952912657
2 27 
1 21 761038218
32 56 
1 92 168798895
44442 0 
2 21 
2 65 
431 18 1684393132
4341 0 657131681
32 81 
2 18 
2 72 
32 95 
1 65 1864102196
2 87 
32 59 
342 0 
2 5 
431 0 1167353240
3341 0 1358187393
31 0 238741460
1 100 1513470212
3342 60 
32 0 
432 0 
342 0 
1 95 1516644544
1 0 937388608
1 0 1003598764
42 44 
2 0 
41 0 927621801
1 0 1527004257
32 0 
2 0 
2 45 
41 0 953788722
1 3 678370754
42 23 
433331 40 897651260
1 0 1107124765
432 0 
4341 35 1131993069
3332 75 
1 92 522231986
31 20 204828624
31 0 1744683458
1 89 528625639
1 0 438319851
2 77 
431 0 40196695
2 0 
444343441 0 553589810
3434342 0 
433341 77 947434879
431 24 2043490924
1 0 89075017
32 0 
432 20 
2 86 
1 0 1496496684
1 0 848919933
2 2 
341 79 850113235
1 0 1665295579
2 0 
1 70 385829418
42 67 
2 0 
1 30 1507244916
42 0 
41 50 1381914127
1 0 1553182658
2 72 
2 0 
1 0 717948661
1 6 1620655587
331 97 919169222
1 56 87109558
41 0 410560548
2 0 
2 0 
331 18 1922767986
1 0 1014731359
431 0 1937564805
2 9 
4331 13 729073060
1 85 1693102113
1 0 687732417
32 0 
2 97 
34443331 1 1836197825
32 0 
2 92 
2 22 
334342 19 
1 53 677611534
34