2  9 
3 
3 
3 
3 
1  0 1196279819  
1  35 478958771  
1  0 2127053601  
3 
1  48 189077904  
2  0 
1  0 864667795  
2  41 
1  61 567898761  
2  26 
2  60 
1  1 352888962  
3 
1  9 1979537365  
1  67 1769381848  
1  2 1399339064  
3 
1  89 1760098889  
2  1 
3 
1  2 1217389498  
3 
1  84 1914069647  
1  34 446199858  
2  3 
2  69 
1  1 864947736  
2  32 
2  104 
2  3 
1  1 416813285  
3 
3 
1  3 2056263206  
1  63 588899806  
3 
2  1 
1  1 1567938710  
2  3 
3 
3 
3 
1  45 1831017363  
3 
2  0 
2  5 
2  1 
1  1 1812769839  
1  2 1880985995  
2  11 
1  84 1868888612  
1  81 1864854638  
1  61 1532331943  
2  0 
2  2 
2  0 
1  39 978167940  
2  0 
2  60 
3 
3 
1  0 1465540586  
3 
1  0 192893812  
2  10 
3 
1  20 792702560  
2  1 
1  97 1080742110  
1  27 126718573  
1  0 1988982379  
1  1 1559700881  
1  1 106288526  
3 
3 
3 
3 
1  1 30576635  
2  75 
2  93 
3 
2  3 
3 
3 
3 
3 
3 
1  11 276885028  
1  1 674187288  
3 
3 
1  93 383465598  
2  0 
3 
3 
2  0 
1  91 108938745  
2  1 
1  0 296085488  
3 
1  0 1782804662  
3 
1  70 1869037634  
3 
1  3 1513474986  
3 
1  4 1549390661  
3 
1  0 167753844  
3 
3 
1  62 230939074  
3 
3 
3 
3 
2  11 
1  20 1966203946  
1  2 76533402  
3 
2  17 
2  0 
1  9 819838881  
1  3 1386659009  
3 
1  57 1907550766  
2  28 
3 
3 
3 
2  0 
2  4 
2  3 
2  77 
1  4 485125072  
3 
2  4 
3 
1  78 1120161356  
1  0 1628955730  
1  70 202496062  
1  58 505009652  
3 
2  1 
3 
3 
3 
1  0 459640022  
2  1 
2  69 
3 
1  1 1668036648  
1  0 697903464  
1  27 1252342582  
1  53 601295110  
1  5 824622037  
1  9 1093841313  
2  4 
3 
1  30 13512343  
2  6 
2  5 
3 
2  2 
2  1 
1  68 930910564  
2  1 
1  0 1124417949  
1  73 290397371  
3 
3 
3 
1  75 1605097852  
3 
1  2 1507883547  
2  97 
2  103 
3 
2  2 
3 
1  36 399336117  
2  2 
3 
1  1 1901183340  
2  2 
2  1 
1  0 1143204561  
1  1 120890103  
1  2 1267174678  
1  82 545111574  
2  2 
2  64 
3 
1  2 288643948  
3 
3 
3 
2  3 
1  37 1498113752  
1  93 363831873  
1  0 365177350  
3 
1  42 170468985  
3 
2  3 
1  34 1750490882  
2  68 
1  101 125244468  
1  40 655594057  
2  96 
1  75 723168590  
1  0 1754200198  
2  1 
3 
3 
3 
1  0 858090120  
3 
3 
3 
3 
1  35 1228178242  
3 
2  53 
3 
3 
2  0 
1  2 66356573  
2  93 
3 
2  2 
2  1 
1  71 378643120  
2  21 
3 
1  0 1926081707  
2  17 
3 
2  46 
1  1 1318699155  
2  0 
1  35 979938231  
2  0 
1  86 603220096  
2  0 
3 
2  0 
3 
2  9 
1  0 265056821  
1  0 993450574  
1  1 1534130660  
3 
3 
3 
3 
3 
2  90 
2  31 
3 
3 
2  2 
3 
1  1 1389474770  
2  1 
3 
2  99 
3 
1  97 1283847946  
1  0 991744864  
3 
2  2 
2  71 
2  101 
3 
3 
1  0 749874669  
3 
1  60 1683184063  
2  0 
1  88 745444556  
1  0 1893079230  
2  1 
3 
1  35 1804074166  
2  1 
2  0 
2  2 
1  32 2012619234  
1  35 290707156  
3 
1  0 2092718114  
2  28 
1  0 1363249339  
1  84 654539029  
1  93 310411817  
3 
3 
2  0 
3 
2  65 
3 
3 
3 
3 
3 
2  15 
2  0 
2  0 
2  94 
2  59 
1  0 1533718324  
1  11 257546263  
3 
3 
3 
3 
3 
2  4 
3 
2  0 
2  0 
1  23 435656285  
1  0 41828734  
1  0 980714854  
3 
2  9 
3 
2  85 
2  65 
3 
2  75 
1  85 42372836  
2  0 
2  65 
3 
3 
2  0 
3 
2  0 
2  2 
1  0 899918854  
1  9 61409448  
1  0 108729409  
3 
2  0 
3 
1  0 1278561974  
3 
3 
1  51 1987491155  
1  0 1427428564  
1  75 111016557  
3 
2  73 
1  64 443227604  
2  80 
2  96 
1  34 1692485385  
3 
3 
3 
1  4 1104467132  
2  1 
2  89 
3 
1  54 1977358264  
1  1 934476507  
1  0 240831430  
1  0 821619481  
1  63 1684351176  
2  8 
2  1 
1  94 1924015493  
2  7 
3 
2  17 
2  0 
3 
2  51 
2  23 
3 
1  0 1567064037  
2  2 
1  0 1429946758  
1  0 1580606011  
2  41 
3 
3 
1  1 1432199624  
2  4 
1  40 1720653915  
1  1 1525840478  
2  4 
3 
2  29 
1  80 647965315  
3 
2  50 
1  85 227709296  
1  1 1836252295  
3 
3 
2  1 
1  74 34199991  
3 
3 
2  58 
2  78 
3 
3 
1  1 485255560  
2  42 
1  97 124424932  
3 
3 
1  90 76028725  
3 
2  38 
1  55 1465970414  
2  5 
2  2 
2  78 
1  58 166797768  
2  4 
3 
2  82 
3 
2  0 
2  2 
3 
1  0 975947579  
2  5 
1  19 1527379862  
3 
2  68 
3 
2  2 
3 
1  1 275527177  
2  0 
3 
2  1 
1  0 107025906  
3 
3 
3 
3 
2  28 
2  65 
3 
1  1 1367387370  
2  2 
1  17 1702955742  
3 
2  25 
1  76 218042463  
2  61 
1  74 1810614974  
1  1 1247957479  
3 
3 
2  1 
1  15 1322509595  
3 
2  83 
1  1 1640489590  
2  2 
3 
2  16 
1  88 34950339  
1  1 1563341025  
2  43 
1  51 314625423  
1  2 1719301515  
1  3 1339872870  
1  36 1881689461  
2  89 
3 
3 
1  4 1001764626  
3 
1  50 772995234  
2  70 
2  5 
3 
1  68 1166405437  
1  3 574934893  
3 
3 
2  2 
2  0 
3 
1  0 151352064  
1  62 1814370752  
1  4 802644189  
2  5 
2  12 
3 
2  41 
2  4 
2  3 
2  73 
1  2 1987604359  
1  12 1848570743  
1  3 1287899749  
1  3 2112029291  
2  45 
2  7 
2  5 
2  2 
2  58 
1  39 1924599469  
3 
1  49 606386515  
1  34 131343412  
1  3 753063400  
3 
3 
3 
3 
3 
1  41 2133766378  
3 
2  4 
3 
3 
1  3 406870589  
2  3 
1  50 860089306  
1  1 1353670100  
3 
1  63 2109826331  
2  1 
2  1 
3 
1  63 1078131770  
3 
3 
3 
2  49 
2  1 
3 
2  29 
1  57 1016801426  
2  62 
2  37 
3 
2  41 
1  74 1210300163  
3 
2  98 
3 
2  2 
3 
2  34 
1  25 253157717  
2  47 
1  75 509807368  
3 
1  96 1245250502  
2  34 
2  0 
2  26 
2  63 
3 
3 
2  0 
3 
3 
2  21 
3 
3 
3 
1  0 1816498743  
1  0 824432792  
3 
1  70 817068369  
1  85 1008887965  
1  77 558638605  
3 
3 
1  15 1818832995  
3 
1  50 1781883199  
3 
1  40 1725044042  
1  9 246284240  
1  87 1933235263  
1  98 1391931146  
3 
2  81 
3 
2  1 
1  99 1048928430  
3 
3 
1  9 1773355974  
3 
3 
3 
2  83 
2  70 
2  0 
2  2 
2  0 
1  0 1093018241  
3 
2  0 
3 
3 
1  0 189344531  
1  0 1737901618  
1  1 870134062  
1  0 795731047  
3 
1  83 1869245030  
3 
2  22 
3 
1  3 1623197463  
3 
1  75 782013777  
1  3 128631971  
3 
1  51 335803121  
1  5 2135683877  
1  24 90974655  
3 
2  82 
3 
1  24 1413934891  
1  29 1005001655  
3 
1  0 1301274818  
2  88 
2  4 
3 
2  4 
3 
3 
3 
3 
1  53 1667092609  
1  1 1514809023  
2  79 
2  3 
3 
3 
2  62 
1  84 399041672  
3 
1  3 1336107704  
3 
3 
2  2 
2  95 
1  101 191758167  
3 
2  3 
1  1 1216110041  
1  38 197512021  
2  7 
3 
2  5 
2  41 
2  77 
2  37 
2  4 
3 
2  0 
2  96 
1  42 750396772  
3 
2  66 
1  98 887459389  
2  3 
3 
3 
1  2 1979395221  
1  56 327957166  
1  95 1133743629  
1  59 1765146836  
2  46 
1  41 1719888312  
1  23 35188411  
3 
1  79 1391019163  
2  2 
3 
3 
1  1 665422906  
3 
2  34 
1  82 224532943  
3 
1  48 981437133  
3 
2  2 
3 
2  1 
2  12 
3 
1  1 1535556968  
1  1 1020263990  
1  0 703198515  
3 
2  3 
1  19 1011270783  
2  0 
2  0 
2  0 
2  0 
2  74 
3 
3 
1  0 1802277767  
2  48 
3 
3 
2  2 
2  0 
3 
2  0 
3 
1  0 831830486  
1  4 1347073905  
3 
2  0 
1  0 1790477996  
2  83 
3 
2  0 
1  5 922805141  
1  0 613525148  
3 
1  65 647996003  
3 
2  72 
1  0 76596311  
1  0 133134109  
3 
3 
3 
1  17 15321378  
2  0 
1  1 475637983  
1  0 1469241813  
2  71 
1  61 207079546  
3 
2  3 
2  2 
3 
2  1 
2  0 
3 
1  32 1691748025  
2  0 
1  83 1666753835  
2  53 
3 
3 
2  0 
3 
3 
2  6 
2  0 
1  72 957476318  
3 
2  0 
1  84 431723766  
1  64 1498665408  
1  0 1285433485  
1  0 1565467395  
2  0 
2  0 
1  6 1116328596  
1  0 857838149  
2  0 
3 
1  25 1600655807  
2  15 
1  0 359864111  
2  0 
1  0 1523261055  
3 
2  83 
1  6 1825188750  
1  0 1341301244  
1  80 911334376  
3 
2  82 
3 
2  1 
3 
2  14 
2  90 
1  60 697969092  
3 
2  69 
2  9 
3 
1  101 2044499759  
3 
2  0 
3 
1  48 1922605159  
2  0 
3 
1  0 352763211  
2  0 
1  0 728846598  
1  32 1122195416  
2  0 
2  52 
1  0 2143241207  
3 
1  0 1651651739  
3 
3 
1  0 1735720565  
1  63 643753562  
2  80 
3 
2  95 
2  99 
3 
3 
2  0 
3 
2  0 
3 
1  0 1728248051  
3 
3 
1  19 1868854674  
1  0 659074940  
1  2 56402386  
1  39 1190612840  
1  90 866154486  
1  7 1748150411  
3 
2  58 
1  20 709883027  
2  0 
1  1 1823630805  
2  33 
2  2 
2  1 
1  0 32390529  
3 
3 
3 
3 
3 
2  1 
2  93 
2  85 
3 
2  1 
2  0 
2  0 
2  96 
2  0 
1  0 61064787  
1  0 961580642  
3 
1  100 1597857925  
3 
2  87 
3 
2  1 
1  0 1177393383  
2  0 
1  101 1819418791  
3 
1  0 1051030084  
1  93 1537257495  
2  0 
3 
2  19 
3 
1  0 1195196199  
1  1 728735186  
2  2 
3 
3 
1  36 731075091  
3 
1  1 2106530575  
1  0 1426704278  
2  3 
1  1 628091203  
3 
1  52 1881652086  
2  3 
3 
1  100 1779467489  
2  2 
1  79 1356937801  
2  1 
3 
1  0 856363855  
1  36 1775225048  
2  9 
2  0 
1  93 861105892  
1  0 444600772  
1  54 271494962  
3 
1  25 441870295  
3 
1  0 165971798  
3 
3 
1  35 930569902  
1  1 498272682  
3 
2  2 
1  2 1356584638  
1  2 1796724389  
3 
2  0 
3 
3 
1  3 98939445  
1  70 2066467665  
3 
1  1 1472871546  
2  3 
3 
1  4 131329975  
1  4 2127532452  
3 
1  38 286968540  
1  5 1729187900  
3 
2  1 
3 
2  6 
3 
1  4 1157442188  
3 
2  31 
1  102 2106387331  
1  1 632734336  
2  40 
2  94 
2  2 
1  86 547216035  
1  47 1154099882  
3 
2  43 
1  2 1361469522  
3 
1  6 1278291126  
1  91 1113146809  
3 
3 
3 
3 
2  96 
3 
2  6 
2  3 
2  5 
3 
1  53 640690152  
1  11 1906382329  
1  69 847315248  
3 
1  32 272673993  
2  86 
3 
2  1 
1  72 1115836482  
3 
2  14 
3 
3 
3 
2  44 
1  4 1703679103  
2  58 
1  5 2047899041  
3 
3 
3 
2  64 
1  33 1976942375  
3 
1  0 796227  
3 
1  102 171910355  
2  3 
1  4 271329022  
2  2 
2  2 
1  1 166768025  
1  1 1102480257  
2  70 
3 
3 
1  3 769601704  
3 
3 
3 
2  0 
1  3 1523352664  
2  3 
3 
2  6 
2  55 
3 
1  12 751720998  
1  4 868541150  
1  60 1442336681  
2  37 
2  106 
1  4 77108896  
2  6 
2  7 
2  0 
3 
3 
1  5 999871125  
3 
3 
3 
3 
2  4 
2  96 
2  0 
3 
2  60 
1  21 1422385486  
1  17 364077436  
3 
1  3 581575377  
1  4 432344026  
2  5 
2  20 
2  5 
3 
2  13 
1  23 322981120  
3 
2  3 
1  92 1214309713  
3 
1  63 979560061  
3 
1  2 1477081002  
2  1 
1  76 428295587  
3 
3 
2  3 
1  1 110367539  
3 
3 
2  1 
3 
1  53 442744164  
2  28 
1  60 1068985739  
3 
3 
1  103 2016749869  
2  5 
2  95 
3 
1  0 1290059412  
3 
1  88 1341659732  
3 
3 
1  2 985102703  
1  2 846254867  
1  5 1242075125  
2  3 
2  3 
3 
2  0 
1  65 814561430  
3 
1  3 847051094  
3 
2  4 
2  6 
1  44 1413985480  
2  54 
2  35 
3 
1  3 1085890453  
2  1 
3 
2  0 
2  1 
2  1 
3 
2  22 
1  0 1013819119  
1  1 368982089  
1  102 1855492157  
3 
2  2 
3 
3 
3 
2  74 
2  0 
3 
2  0 
1  0 389688135  
2  33 
2  0 
3 
1  97 1120703088  
1  15 576549659  
2  42 
1  0 1832024817  
1  2 1197811984  
2  10 
1  71 1576420784  
2  0 
1  65 1106926655  
3 
1  0 1561889421  
3 
1  0 10512513  
3 
1  0 1539270681  
1  0 1884870541  
2  62 
1  47 1224822226  
1  6 371347094  
3 
3 
3 
1  62 1214467895  
2  25 
1  96 1653117813  
1  42 481714633  
3 
3 
2  0 
2  3 
1  0 1657212059  
1  3 574619904  
2  33 
3 
1  2 350980854  
1  63 799787823  
3 
2  39 
3 
1  77 1916279636  
3 
3 
2  30 
2  3 
3 
3 
3 
1  1 1336083558  
2  32 
3 
3 
2  80 
2  88 
3 
2  5 
1  19 1646042690  
3 
2  79 
2  52 
3 
1  0 1010871113  
1  33 3161340  
1  25 345610136  
3 
2  3 
2  0 
1  3 277372945  
3 
3 
1  4 1089051793  
3 
2  0 
1  4 1359429256  
1  5 646355035  
1  3 797060303  
3 
2  16 
3 
3 
1  58 1749117391  
1  4 1767058123  
3 
1  109 1373609962  
3 
2  97 
2  59 
3 
2  5 
1  7 1433658560  
3 
1  4 817386459  
3 
2  3 
1  6 802547099  
1  55 393101567  
3 
1  1 231792232  
2  5 
3 
2  99 
3 
2  86 
1  7 813059612  
1  26 1932372248  
3 
2  4 
3 
1  71 2116662773  
3 
3 
1  28 2037881839  
1  47 156235694  
3 
1  40 1183647021  
1  38 1543516004  
1  6 637950328  
2  17 
3 
1  0 693375432  
2  5 
2  64 
2  9 
3 
1  72 2118135909  
1  5 988931182  
3 
2  16 
1  2 1493163256  
1  65 1886931897  
1  8 177531092  
1  61 991722298  
3 
1  0 750319363  
2  5 
3 
2  7 
1  74 180692433  
2  9 
3 
1  5 1337332435  
2  5 
1  7 1027692308  
3 
1  62 1269744226  
1  47 549278043  
2  4 
1  47 1674047343  
1  6 2066804529  
1  7 150911786  
2  97 
2  51 
3 
2  7 
3 
1  101 1293621818  
1  23 1292930844  
2  89 
2  40 
2  4 
3 
2  25 
1  5 1584570347  
3 
3 
2  8 
3 
2  50 
3 
3 
3 
1  4 2111008278  
3 
1  71 2095477943  
2  38 
3 
3 
2  70 
1  41 1977671914  
1  39 195316862  
2  6 
1  28 761053907  
3 
1  1 1762560515  
2  85 
3 
3 
1  80 164495988  
2  102 
1  3 651452098  
2  12 
3 
1  7 1918796209  
2  9 
1  0 1348143009  
1  6 47484455  
2  9 
2  10 
2  82 
2  7 
3 
2  7 
3 
2  18 
2  6 
2  4 
3 
1  5 409262889  
2  51 
3 
2  69 
2  67 
1  0 2041518441  
2  25 
2  56 
2  4 
2  19 
1  106 18136716  
3 
1  63 1398194072  
2  23 
1  1 1387198049  
1  42 1905068613  
1  5 1575725164  
2  10 
3 
3 
1  3 231436700  
1  109 507904328  
1  1 1756417597  
2  12 
1  45 1568769135  
3 
3 
3 
2  59 
1  6 1535596637  
3 
1  87 878678176  
3 
1  9 2118047178  
3 
1  65 1062160332  
3 
2  7 
1  13 797999057  
3 
3 
3 
3 
2  74 
3 
3 
2  91 
1  114 121475316  
3 
1  100 208298503  
1  13 2090929901  
2  10 
2  13 
1  12 1706045663  
2  111 
1  0 171823133  
2  9 
1  60 2038924196  
1  1 1536233930  
2  36 
2  8 
2  6 
1  76 367139995  
2  7 
2  1 
1  28 652494456  
2  7 
1  1 1151310797  
2  46 
3 
2  102 
2  2 
3 
2  95 
1  8 531635983  
1  7 1303946554  
3 
1  61 922623358  
1  100 1879778992  
1  33 1351431009  
3 
2  3 
2  22 
3 
2  108 
1  6 1331886248  
3 
3 
3 
2  11 
1  4 1773813786  
3 
3 
1  6 1369567725  
1  89 582596672  
3 
1  7 1013528187  
2  91 
3 
3 
2  81 
2  7 
3 
1  5 1127152691  
1  8 10838188  
1  115 1244964887  
2  16 
2  2 
1  5 1635057019  
2  9 
1  0 1767255786  
3 
3 
2  103 
3 
1  50 666250374  
3 
2  62 
1  13 1023170008  
3 
1  7 498450314  
1  9 636813904  
1  12 2085330341  
3 
2  4 
1  10 1296449371  
3 
1  1 758289221  
1  70 146145196  
1  101 1239895625  
1  5 316851236  
1  78 317968329  
2  57 
1  70 1131336173  
2  7 
1  9 1853085166  
2  19 
3 
1  62 685108324  
2  71 
3 
1  82 1783830629  
2  61 
1  80 856912315  
2  24 
1  22 1216744308  
2  15 
2  67 
2  17 
2  22 
1  13 940293536  
1  17 1779535674  
2  76 
1  16 949039652  
3 
2  73 
2  24 
2  12 
2  8 
1  7 144240897  
1  20 963938274  
1  50 575369790  
1  6 1513808623  
2  116 
2  63 
3 
2  5 
1  25 1546534946  
1  18 1588897978  
2  1 
1  19 493477666  
1  43 1557373134  
2  6 
1  4 686379217  
3 
1  6 2128534685  
1  8 1177145272  
1  19 1352629592  
1  7 1004221046  
3 
3 
2  21 
1  27 1675595586  
1  68 1989443496  
1  10 942067739  
2  51 
3 
3 
1  64 824561310  
2  15 
1  93 600249069  
2  113 
2  114 
1  108 1088212935  
3 
3 
2  5 
3 
2  8 
1  4 2064456935  
2  18 
2  43 
3 
3 
1  8 917100306  
3 
3 
1  13 1406181264  
1  41 1048309460  
2  62 
1  56 622701824  
1  103 2091289588  
3 
2  113 
1  123 684656442  
1  8 1479614140  
3 
3 
1  14 1160550248  
1  24 1624949978  
3 
1  15 1111666166  
3 
1  17 2109589901  
3 
1  20 1769190875  
1  7 2075604440  
3 
1  129 537476043  
1  123 1135515850  
1  13 1474655738  
2  119 
3 
1  26 2126374021  
1  22 1628993516  
2  131 
3 
1  73 884545224  
1  40 665269591  
1  10 1610044554  
1  23 2061690497  
2  45 
3 
2  4 
1  1 2017899183  
2  5 
1  9 466781952  
3 
2  86 
3 
2  25 
2  20 
1  14 1589802435  
3 
1  2 1859859031  
2  30 
3 
3 
3 
2  29 
2  21 
2  31 
1  62 1408849691  
1  34 266880097  
1  103 312624453  
3 
1  13 349578978  
2  7 
3 
1  17 183853384  
2  17 
3 
2  24 
2  4 
2  38 
2  74 
3 
1  27 1229724759  
1  109 1755760242  
2  38 
2  118 
1  3 1232162845  
2  73 
1  50 1852426583  
2  113 
2  6 
3 
2  29 
2  16 
1  126 1699566182  
2  81 
3 
3 
3 
2  85 
3 
2  91 
3 
1  4 1916819287  
1  53 1184557075  
1  20 712632783  
1  64 1394285617  
1  2 148739593  
2  2 
2  23 
3 
2  19 
2  1 
3 
2  118 
1  76 674739036  
3 
2  6 
3 
3 
1  31 1015992844  
1  46 76860385  
2  25 
1  100 1212215079  
1  33 4025047  
2  24 
2  0 
3 
2  67 
3 
1  22 1551516123  
2  13 
3 
2  20 
1  1 1191105453  
2  14 
2  8 
2  82 
3 
1  15 1633018563  
1  74 288577700  
3 
2  82 
3 
1  18 1856375044  
3 
3 
1  44 1095579469  
3 
3 
3 
2  25 
2  97 
2  0 
2  66 
2  87 
1  7 202784549  
2  61 
1  79 1726790579  
2  14 
2  16 
3 
1  14 1562361421  
3 
2  11 
1  113 1792586984  
1  103 1439165962  
3 
1  57 823727464  
3 
2  48 
3 
2  106 
3 
3 
2  99 
3 
2  32 
2  4 
3 
3 
1  107 2059467082  
2  3 
3 
1  84 1751790415  
1  6 1173306442  
2  17 
1  71 95836818  
1  3 834031526  
1  19 781583036  
1  18 1327999663  
3 
3 
3 
1  19 538974462  
1  100 333665571  
2  111 
2  71 
3 
1  110 1097335302  
3 
1  42 1723531537  
3 
1  15 1046298354  
2  28 
3 
1  15 344137271  
3 
3 
2  17 
1  116 1872271131  
3 
3 
3 
1  125 1721037390  
1  124 1360130116  
3 
2  117 
2  90 
1  103 1949131516  
1  5 785768821  
3 
1  97 1364155163  
1  23 1353163992  
3 
3 
3 
2  122 
3 
2  67 
3 
3 
3 
2  59 
2  117 
2  67 
1  19 1976874274  
2  111 
2  51 
3 
1  9 849690078  
2  12 
2  6 
2  119 
2  8 
2  18 
3 
3 
3 
1  16 1641741692  
1  77 1685765670  
3 
2  106 
2  35 
1  97 1945269548  
2  1 
1  54 1844526241  
1  7 1265072601  
2  11 
1  108 1360147321  
1  17 1489629577  
3 
2  52 
3 
2  64 
1  29 556754916  
3 
1  10 36391138  
1  15 1401613011  
2  4 
2  8 
1  9 161061683  
3 
1  26 1209697580  
1  98 1497449830  
3 
2  79 
1  120 995093210  
2  38 
2  0 
1  25 1991280617  
3 
3 
2  6 
2  80 
3 
2  97 
2  17 
1  18 677965845  
2  1 
3 
2  1 
3 
3 
1  39 1534067672  
3 
1  91 177462540  
1  85 1775301148  
2  3 
1  2 1110115561  
2  125 
3 
2  2 
2  108 
1  18 1223760894  
1  94 2119438419  
1  63 834903044  
1  15 797314636  
2  17 
2  9 
3 
1  6 1332084887  
3 
3 
1  28 636550913  
3 
1  47 1583083457  
2  74 
2  103 
2  6 
1  62 548756402  
3 
2  42 
1  63 1989714905  
2  2 
3 
2  30 
3 
1  76 1412474084  
3 
2  19 
2  115 
3 
2  2 
1  60 1398446481  
1  15 1483972949  
3 
1  1 950756106  
1  58 1196232381  
2  29 
1  77 1181015542  
3 
2  109 
2  11 
3 
2  11 
1  8 68345060  
1  47 408896054  
2  16 
1  7 523161471  
3 
1  13 625099976  
3 
3 
1  72 445287192  
1  81 1924774483  
3 
2  59 
3 
3 
1  42 786161659  
1  18 1654984773  
1  10 1274740665  
1  1 1781254869  
3 
2  57 
2  88 
3 
1  115 1498781742  
3 
3 
2  3 
2  114 
3 
1  122 1952706510  
1  110 1167838893  
2  78 
3 
2  11 
1  97 1676244282  
1  1 1580524010  
2  62 
1  67 130470807  
3 
3 
2  93 
3 
3 
1  16 752521528  
2  3 
1  25 1552478782  
2  16 
2  19 
2  3 
3 
1  13 965373851  
1  77 1549836164  
3 
3 
3 
1  58 737080021  
2  83 
3 
2  8 
3 
2  37 
3 
2  32 
3 
3 
1  5 1601924764  
2  30 
1  35 985435973  
1  25 1285836424  
1  11 1444156021  
3 
2  21 
2  17 
3 
1  73 250426409  
2  51 
1  55 536799257  
3 
1  105 780645322  
1  19 1201182516  
2  20 
1  5 1733031638  
1  84 1961660864  
3 
1  11 1269527576  
2  5 
2  20 
3 
2  111 
3 
3 
1  59 2141927692  
1  125 337338688  
3 
1  88 1894627552  
2  98 
3 
2  112 
2  105 
2  10 
2  21 
1  54 439731237  
2  5 
1  40 114629523  
3 
3 
3 
1  20 533305563  
1  24 2094716010  
2  111 
3 
3 
1  66 1389370188  
3 
1  71 167076785  
2  18 
2  90 
3 
3 
1  3 1446014104  
3 
3 
2  123 
1  59 1194593050  
1  31 1334915678  
2  47 
3 
3 
3 
2  24 
1  18 974774738  
1  118 627633413  
1  14 1465386485  
3 
3 
3 
3 
3 
1  93 1727296266  
1  16 32628547  
1  13 283276689  
1  42 1129648782  
2  37 
2  60 
3 
2  16 
2  101 
3 
2  23 
1  1 769708568  
3 
3 
3 
1  5 1885201453  
1  47 2115084755  
2  55 
2  101 
3 
1  102 2055544992  
2  10 
3 
1  117 1181873827  
1  14 218027517  
2  62 
1  11 444860601  
3 
1  55 1962519149  
1  34 1419210033  
3 
3 
3 
2  31 
2  7 
3 
2  4 
2  22 
2  1 
3 
3 
1  53 30408591  
1  112 1776696366  
3 
2  119 
3 
2  10 
2  36 
2  101 
1  11 541253961  
3 
2  14 
1  93 24852636  
3 
2  18 
1  1 2114035054  
3 
3 
2  118 
2  109 
1  10 288397865  
3 
3 
3 
2  122 
2  85 
3 
3 
3 
1  3 464583873  
1  10 81180929  
3 
2  43 
2  123 
3 
1  9 821703428  
1  82 411816235  
1  115 1470551117  
2  14 
3 
3 
2  64 
1  14 988780213  
3 
1  65 1857830339  
2  122 
1  3 517660519  
3 
3 
3 
3 
2  120 
2  4 
1  12 176212244  
1  17 685121429  
2  10 
1  82 1145293932  
1  12 1641598729  
1  97 264934047  
1  14 1177922479  
1  115 1924875418  
1  52 1394582829  
3 
3 
3 
3 
2  56 
2  88 
3 
1  11 1947631048  
1  78 1662593224  
1  3 1362183936  
1  39 1855692392  
2  10 
3 
2  104 
2  28 
2  43 
2  92 
3 
1  20 696983403  
2  106 
3 
2  71 
2  78 
3 
3 
2  4 
2  8 
1  13 1580211453  
1  58 153069346  
3 
1  80 512018904  
2  4 
2  9 
1  88 851937838  
3 
2  74 
2  72 
1  63 183477937  
3 
1  23 141231622  
1  22 1393191799  
2  90 
2  29 
2  84 
2  14 
1  125 208330573  
3 
3 
2  44 
3 
1  54 107783028  
2  100 
1  66 1681589664  
3 
2  59 
3 
3 
2  109 
2  41 
2  102 
3 
3 
1  51 672914446  
3 
1  10 188963957  
3 
3 
1  11 355809445  
1  81 1084730681  
2  63 
1  101 1659515074  
1  65 1344589658  
3 
1  22 795077372  
2  45 
1  122 29691946  
1  20 1520801902  
3 
3 
1  59 1480198801  
1  96 1174985878  
2  112 
2  95 
1  102 1014916984  
1  33 1745132848  
2  117 
3 
1  7 205424710  
1  5 792308754  
3 
2  122 
1  2 992232029  
3 
1  93 5572110  
1  127 307418330  
3 
2  42 
3 
1  24 206932318  
1  42 1861264502  
2  58 
1  0 1004401733  
2  8 
2  17 
2  43 
1  17 1787143771  
1  26 2014333848  
3 
3 
1  31 1516420638  
3 
3 
3 
3 
2  46 
2  105 
3 
1  1 491597962  
2  14 
3 
2  37 
1  31 50328138  
1  33 1657652260  
2  37 
2  113 
3 
2  21 
3 
3 
3 
3 
1  107 1884789761  
2  71 
1  73 258658711  
1  11 1765435289  
1  110 1418895778  
1  31 931573158  
3 
1  42 1954399246  
1  2 1774705223  
1  13 2016303839  
3 
2  39 
1  21 1466430673  
3 
1  68 971811233  
3 
2  69 
3 
2  135 
1  19 663897564  
1  71 1496122619  
2  41 
1  11 345129488  
1  39 2144096365  
1  10 523624849  
2  49 
1  40 1360046472  
1  4 1741745566  
3 
1  102 729049559  
3 
2  21 
2  18 
1  92 4871578  
2  21 
3 
2  42 
2  0 
3 
1  10 586493947  
2  38 
2  32 
1  118 734621669  
1  3 312289909  
1  1 793426265  
3 
2  29 
1  24 448402524  
1  49 1316691642  
3 
1  132 433086389  
1  9 315252724  
3 
3 
1  40 685628632  
3 
2  37 
2  45 
1  96 924684351  
2  41 
3 
1  97 365580862  
3 
2  67 
3 
1  28 195797245  
3 
3 
2  96 
1  142 661990464  
2  29 
2  53 
1  39 624239574  
2  32 
2  55 
2  5 
1  13 1961232534  
2  26 
1  31 2080886242  
2  81 
3 
2  129 
3 
1  62 1555812732  
2  4 
1  23 1768148132  
3 
3 
2  34 
1  99 1708107817  
3 
2  5 
3 
3 
2  89 
1  95 1424632923  
3 
1  106 1087095157  
2  101 
1  107 532435403  
3 
3 
3 
1  76 2088530487  
2  74 
2  33 
3 
3 
3 
2  54 
3 
2  15 
2  28 
1  11 435734128  
1  26 877564891  
2  17 
3 
1  86 2085143205  
1  25 959358978  
1  33 90127715  
1  54 1679405123  
1  91 1688408537  
2  75 
3 
2  23 
3 
1  47 94999293  
3 
1  1 118415422  
1  25 275546559  
1  94 407289202  
1  23 911841688  
2  17 
3 
3 
1  29 723949083  
3 
2  58 
2  33 
1  32 1723980845  
2  103 
3 
3 
2  77 
2  0 
3 
3 
2  32 
1  27 1344928077  
2  25 
3 
1  31 1039201807  
2  63 
2  27 
2  32 
2  93 
1  6 262125829  
3 
3 
1  39 122128780  
2  25 
3 
3 
2  33 
2  97 
1  6 1404782670  
1  130 457923074  
1  38 784119244  
2  15 
1  2 2029022244  
2  53 
2  28 
2  20 
1  86 271671960  
2  63 
2  18 
3 
2  4 
2  32 
2  65 
3 
2  17 
2  13 
3 
3 
1  21 717521839  
1  4 1437351328  
1  4 2039820093  
2  19 
3 
3 
1  60 278146008  
2  24 
2  57 
3 
2  61 
3 
2  10 
2  85 
2  130 
3 
2  24 
2  29 
3 
3 
1  11 714500603  
3 
2  63 
2  131 
1  90 979431602  
2  129 
1  22 810581411  
2  22 
3 
3 
3 
2  28 
1  7 655547443  
1  13 1415165731  
3 
1  32 1688146302  
2  14 
2  80 
2  26 
3 
1  84 593207000  
3 
1  78 227041061  
2  33 
2  118 
3 
3 
1  4 1778274017  
2  5 
2  30 
3 
3 
3 
2  29 
3 
1  9 125128475  
1  20 1915449598  
3 
2  84 
2  84 
2  28 
3 
3 
1  8 1873273311  
3 
1  98 243543897  
2  20 
2  30 
3 
1  67 43512509  
3 
1  92 133078865  
1  14 1155385585  
3 
3 
1  130 767461592  
3 
1  99 1857059710  
2  0 
2  116 
3 
2  90 
3 
2  69 
2  105 
2  11 
3 
3 
3 
2  98 
3 
3 
1  79 352830014  
3 
2  56 
2  7 
3 
1  58 1806663400  
1  56 2119185540  
1  32 474958794  
1  84 1063962422  
3 
1  13 429624966  
2  16 
3 
3 
2  51 
3 
2  118 
3 
1  35 1259078039  
1  66 945501018  
3 
3 
2  8 
2  5 
3 
3 
1  5 701296927  
3 
2  29 
1  127 1976599878  
3 
2  68 
3 
2  13 
2  23 
1  17 235368698  
1  52 593633372  
2  4 
2  9 
1  16 107262238  
1  7 949869301  
2  17 
3 
2  55 
2  3 
1  10 1573064974  
1  9 917843650  
1  82 1605416744  
2  19 
2  11 
2  83 
2  13 
2  23 
3 
3 
1  39 840747057  
3 
2  13 
3 
3 
1  104 458506304  
1  107 51140096  
3 
1  31 1067788118  
3 
1  19 89296674  
2  10 
3 
3 
2  90 
1  116 176268571  
1  3 835754069  
1  11 1962569985  
2  103 
3 
1  123 419812469  
2  37 
1  83 879266578  
3 
2  3 
3 
1  16 2095648850  
2  8 
1  3 1575198054  
3 
1  95 1646728171  
1  63 1805224913  
3 
1  2 1928028069  
3 
2  39 
2  110 
2  15 
3 
3 
2  111 
2  31 
2  96 
2  2 
1  14 1305907923  
2  6 
3 
1  43 1776926805  
2  93 
1  16 255503215  
2  83 
2  84 
2  13 
1  62 222386697  
2  10 
2  121 
1  91 59068123  
3 
1  2 1514581254  
1  4 1167887715  
3 
3 
3 
2  35 
2  8 
2  1 
2  99 
3 
2  17 
2  92 
1  8 760365050  
2  104 
2  70 
1  8 1343697484  
2  35 
2  16 
3 
3 
2  43 
2  100 
3 
1  10 1403256413  
3 
2  121 
1  30 1353998422  
1  18 1450959723  
1  21 205642066  
1  57 779579749  
1  1 221319725  
2  3 
2  23 
2  21 
3 
1  5 1811058811  
2  74 
2  98 
3 
3 
2  79 
2  14 
2  3 
2  1 
3 
1  21 1620326806  
1  21 679826029  
2  10 
2  104 
1  31 1862198907  
3 
3 
1  65 540631277  
2  14 
1  46 769122703  
3 
3 
2  90 
3 
1  117 2038467479  
1  62 1376385346  
3 
1  82 584209040  
3 
1  88 310796300  
3 
3 
2  0 
1  80 108168276  
3 
1  17 532374243  
1  118 1885994354  
2  5 
3 
1  1 1754896447  
1  18 190115508  
3 
2  60 
1  12 1666538775  
1  40 913320722  
1  80 1967042313  
2  10 
3 
3 
2  17 
1  76 1922041991  
2  83 
3 
1  72 1135707419  
1  63 2026110436  
2  19 
1  5 1289139597  
1  6 156111486  
1  0 638991839  
1  8 485353434  
2  21 
2  4 
1  0 1559367899  
3 
1  116 1992990261  
2  25 
3 
2  46 
1  1 1936313157  
3 
3 
2  119 
2  37 
1  0 1765009966  
1  50 625086362  
2  15 
1  5 10149234  
3 
1  5 1428585129  
2  50 
1  71 97929521  
1  104 689975263  
3 
3 
1  20 1143300388  
2  0 
3 
3 
2  13 
3 
1  23 638560798  
3 
1  81 1459097967  
2  16 
2  124 
3 
2  38 
2  7 
1  31 1034284219  
3 
2  8 
2  78 
3 
2  17 
2  8 
1  116 2014946144  
3 
2  82 
1  12 2043307007  
2  16 
2  11 
1  1 1345080519  
1  8 2123114420  
1  53 428197602  
2  21 
1  20 1083591226  
1  91 1730527220  
1  18 618313110  
2  44 
2  0 
1  10 602646353  
3 
1  3 496364294  
1  2 437871775  
1  27 377204696  
1  6 1632071714  
1  3 316498564  
1  6 1666344294  
1  102 1788183200  
3 
3 
2  14 
3 
3 
2  14 
3 
3 
2  10 
3 
3 
3 
1  117 955490403  
1  16 4214080  
1  88 1200067452  
2  0 
1  14 800997016  
3 
2  96 
3 
2  57 
2  6 
2  24 
2  80 
2  0 
3 
3 
3 
3 
1  41 1940527237  
2  86 
3 
3 
2  105 
2  23 
1  88 817593770  
2  32 
1  14 1426083379  
3 
1  1 1950676471  
2  1 
3 
3 
3 
2  3 
3 
2  80 
3 
1  4 98695251  
1  25 1524012900  
1  2 493168086  
1  77 1241995639  
1  7 15090050  
3 
2  3 
3 
1  11 1952266053  
2  6 
3 
3 
3 
1  23 128796211  
3 
3 
3 
3 
1  6 2030036194  
3 
2  67 
1  62 1848089413  
1  105 1473876730  
3 
3 
2  26 
3 
3 
1  1 2005666966  
2  8 
2  33 
3 
2  101 
1  71 128803367  
3 
1  2 409984308  
1  31 1588710538  
2  93 
2  14 
3 
1  93 747116478  
1  8 1012630662  
2  21 
2  123 
1  20 2085074833  
1  48 1184988253  
3 
3 
3 
3 
2  10 
2  64 
3 
3 
2  86 
3 
3 
2  3 
3 
2  18 
2  20 
3 
2  48 
2  8 
2  9 
1  1 1389835358  
3 
1  18 1569662899  
2  23 
3 
3 
2  16 
1  87 1501486817  
1  19 908696004  
1  80 1210362451  
1  92 309493572  
3 
2  96 
2  91 
3 
2  35 
2  12 
3 
3 
2  11 
1  110 912910084  
2  72 
3 
3 
1  11 262946255  
1  39 1110490589  
2  92 
2  8 
2  107 
3 
3 
1  3 705953673  
2  75 
1  104 1080540025  
3 
3 
2  15 
2  0 
3 
2  116 
3 
3 
2  8 
3 
2  11 
1  16 389090320  
3 
2  8 
2  5 
1  0 509146496  
1  10 1179235276  
3 
2  5 
2  8 
3 
2  36 
2  46 
1  93 1913103220  
3 
3 
3 
3 
2  42 
1  20 1002314583  
3 
3 
3 
2  12 
3 
1  35 273747268  
3 
1  5 1928193270  
1  9 807096988  
2  23 
1  9 402543479  
2  60 
3 
1  110 1810745816  
2  7 
2  0 
1  10 507702753  
2  0 
3 
1  31 1876420209  
1  2 1668929134  
1  30 636506121  
3 
2  11 
1  4 138920870  
3 
2  5 
2  6 
2  19 
3 
1  10 1110156025  
1  3 1383622599  
2  69 
1  8 1151551532  
1  38 1047747210  
2  60 
2  75 
3 
1  119 421127204  
3 
2  10 
1  12 393903242  
2  0 
2  15 
1  12 469926461  
1  52 1922614022  
1  14 1302599247  
2  35 
1  90 1680288912  
1  8 84623946  
2  90 
1  9 68025683  
2  7 
2  1 
1  56 1943235168  
3 
3 
1  45 1195114535  
2  45 
1  3 773979357  
2  12 
2  14 
1  76 876291545  
3 
1  14 1584204855  
1  68 1283125853  
3 
3 
1  46 2055526822  
2  15 
1  8 1349824427  
1  70 137956788  
1  21 181790442  
1  90 1130534049  
3 
1  5 945053777  
1  114 584333921  
2  30 
2  96 
1  66 793796217  
2  2 
1  49 1452756530  
3 
3 
3 
3 
2  25 
3 
2  1 
1  1 313270482  
1  11 315241704  
2  9 
1  103 2089262651  
1  9 452191352  
3 
2  18 
1  52 1425397729  
1  13 1325401602  
2  1 
1  9 1603742884  
3 
2  7 
2  18 
2  1 
2  69 
3 
3 
1  74 325661291  
2  14 
2  25 
1  71 1746528807  
1  51 1997646127  
2  8 
2  48 
3 
2  12 
1  82 795587752  
2  43 
1  8 1521659181  
1  56 1152761726  
3 
1  36 328393016  
2  84 
1  3 1606283127  
2  3 
2  9 
2  54 
1  5 1220787409  
3 
1  2 124144536  
3 
1  65 653914015  
1  35 1994766766  
3 
3 
3 
1  30 1000436082  
2  13 
2  7 
1  16 90635222  
2  3 
1  97 1130408972  
3 
2  6 
2  8 
1  9 908479256  
3 
1  37 1440459650  
1  78 1268365760  
2  0 
2  4 
3 
1  7 1090269698  
2  61 
2  0 
2  0 
2  2 
2  14 
3 
2  3 
2  30 
3 
2  86 
3 
2  9 
2  6 
3 
3 
3 
1  5 423510051  
2  1 
1  38 65935889  
1  79 1674603619  
1  55 1217306269  
3 
2  1 
2  1 
1  0 1518692420  
3 
3 
3 
3 
2  2 
2  3 
1  0 1987874101  
3 
2  2 
1  0 1532547973  
1  88 1460471423  
1  90 292581806  
1  7 810462054  
1  96 638389378  
1  1 1896324690  
3 
3 
2  63 
3 
1  0 1136123345  
2  106 
3 
2  23 
2  93 
2  4 
3 
3 
1  32 237434537  
3 
2  70 
2  19 
2  0 
1  0 1746487169  
1  90 1931711097  
2  101 
2  16 
1  15 1759093718  
2  2 
2  2 
1  8 751765247  
3 
2  2 
3 
1  61 112620465  
1  0 1217893197  
2  22 
3 
3 
1  2 1972552657  
2  3 
1  0 236765002  
3 
2  64 
1  71 1871807212  
3 
3 
2  2 
3 
3 
2  0 
2  1 
3 
2  0 
1  34 1819835775  
1  0 1237201084  
1  0 1962442435  
1  77 802761099  
1  0 2145680340  
3 
2  1 
3 
1  42 1255418437  
2  25 
3 
3 
3 
2  58 
1  53 2071126860  
2  1 
1  38 1088466390  
2  0 
2  0 
2  42 
3 
2  0 
2  0 
1  0 1678928488  
1  0 2137062749  
2  26 
2  0 
3 
3 
3 
1  0 615586361  
3 
2  0 
2  0 
3 
3 
3 
2  42 
3 
1  0 748751109  
3 
3 
1  72 1508271521  
1  0 455976814  
2  8 
3 
2  70 
2  0 
1  0 133815434  
2  0 
2  14 
1  16 821259297  
3 
3 
2  0 
2  14 
3 
3 
3 
3 
3 
1  83 748558620  
2  0 
2  0 
2  75 
3 
1  0 944277488  
3 
1  0 1459648675  
2  43 
1  0 497399663  
2  0 
1  90 2080400833  
2  1 
1  59 1697083212  
2  0 
3 
1  5 96403184  
3 
1  0 1864628282  
2  26 
2  76 
1  0 1308693282  
1  34 848168432  
1  25 1977248748  
3 
3 
1  0 379102831  
2  2 
3 
2  0 
2  0 
2  0 
2  19 
1  0 673237441  
3 
2  81 
1  22 66530102  
1  0 103426396  
3 
2  36 
1  22 345589568  
2  97 
3 
3 
3 
1  0 1303731186  
3 
3 
1  6 2065868831  
3 
3 
2  0 
2  32 
3 
1  78 1148350668  
1  53 1301927878  
1  0 1173803620  
3 
3 
2  87 
3 
1  57 1071993880  
2  98 
2  0 
2  61 
2  7 
1  87 242910620  
3 
2  1 
2  0 
2  68 
2  26 
3 
1  0 705248460  
3 
3 
3 
1  97 1061572981  
1  69 858496981  
2  0 
1  7 1453999570  
1  0 422360855  
2  2 
2  49 
1  0 1314473795  
1  1 1587815004  
3 
2  1 
3 
1  0 1243620152  
2  59 
1  96 2063032416  
3 
3 
3 
3 
1  63 384608845  
3 
1  50 555785179  
3 
2  1 
1  1 412948431  
3 
2  25 
1  1 317526030  
1  1 105384743  
3 
2  1 
1  19 509351615  
3 
3 
2  2 
1  0 34670665  
3 
1  0 1414078025  
1  65 1357520047  
3 
2  10 
1  29 2011919413  
3 
1  94 1793180856  
2  71 
3 
1  7 2030757488  
1  81 2078449515  
3 
2  3 
3 
3 
1  0 1896607252  
1  0 228863409  
3 
3 
3 
3 
1  96 1234697053  
2  3 
1  4 1814992435  
1  0 1377214077  
1  61 389141283  
3 
3 
3 
3 
3 
3 
2  4 
3 
3 
2  81 
2  2 
3 
1  48 841312407  
1  4 301724309  
2  103 
1  8 632051903  
3 
2  3 
3 
3 
3 
2  4 
3 
2  50 
1  1 1546560868  
2  1 
3 
2  1 
1  0 1363297290  
1  65 1490548884  
1  29 853076790  
1  2 1785658145  
3 
2  48 
3 
2  3 
1  3 657539031  
2  0 
3 
2  74 
1  1 293408146  
3 
2  87 
2  2 
3 
3 
3 
1  33 881794649  
1  26 573087799  
2  3 
2  1 
3 
1  0 678016991  
1  1 1437579828  
2  49 
1  15 986036230  
2  94 
3 
3 
1  2 995543022  
2  0 
2  49 
1  44 1542964571  
1  3 1495387846  
1  2 1030213687  
1  81 809558948  
3 
3 
1  4 705424245  
2  18 
3 
2  0 
3 
2  2 
2  4 
2  14 
1  1 894649452  
1  4 455256157  
1  5 588698086  
3 
1  5 825615319  
3 
3 
1  7 204379761  
3 
3 
2  6 
2  71 
1  0 817561495  
1  97 2060312372  
1  3 2019372197  
2  27 
1  91 47291924  
1  8 301970007  
1  69 713200956  
3 
2  30 
3 
1  1 349016233  
1  0 934021910  
2  5 
2  8 
1  6 112278176  
1  68 1712313523  
1  11 277087146  
1  102 965354966  
2  74 
1  5 1350488021  
1  13 934626177  
1  2 1258763113  
2  13 
3 
2  2 
2  12 
2  111 
3 
2  10 
2  3 
2  52 
3 
1  0 84799022  
3 
3 
2  99 
1  1 1507713977  
2  8 
3 
1  19 1936780104  
1  9 1522378851  
2  10 
1  89 346266559  
1  68 784839478  
1  89 917859774  
1  65 1841654405  
3 
2  110 
3 
2  6 
2  29 
3 
2  2 
3 
3 
2  3 
1  3 1815053165  
1  8 1727418723  
3 
3 
2  78 
2  7 
2  7 
1  91 399595003  
1  7 562218969  
2  110 
3 
1  51 35191232  
3 
3 
1  14 988293089  
2  29 
1  4 1387834288  
1  24 239570993  
2  0 
3 
3 
3 
2  2 
1  51 1805854584  
1  8 1300663012  
2  1 
3 
1  5 111459542  
1  9 1853146508  
2  0 
1  13 1602633019  
2  104 
3 
3 
3 
1  2 824660499  
2  7 
3 
1  5 54679093  
3 
1  4 389171281  
3 
3 
2  71 
2  1 
3 
3 
2  72 
3 
1  5 936938675  
1  56 1766992616  
3 
3 
2  1 
2  1 
1  9 666258427  
3 
1  64 1902293642  
1  4 969996989  
1  100 1600884605  
1  10 1013573107  
1  107 1054796012  
1  56 961114934  
1  98 802869563  
3 
3 
1  6 429691215  
3 
1  61 1307381493  
2  101 
2  61 
1  48 1587709042  
2  24 
1  4 1347550989  
2  6 
2  2 
3 
3 
1  2 1001552251  
3 
3 
1  0 1255278559  
3 
1  44 927486064  
3 
3 
3 
2  3 
3 
3 
2  76 
3 
3 
2  30 
1  94 1401147254  
1  107 1817497529  
1  45 962677296  
2  9 
3 
3 
1  48 241956695  
1  5 1057848169  
3 
2  66 
3 
3 
1  0 1202248290  
1  83 2047811279  
2  13 
3 
1  8 211027534  
1  13 1313707832  
3 
1  2 1753474139  
3 
1  6 1813660553  
2  62 
3 
3 
2  88 
2  14 
3 
3 
3 
2  17 
3 
2  17 
1  6 2138368331  
1  11 1808153232  
3 
2  60 
1  79 55348187  
3 
2  54 
3 
1  5 927823359  
2  94 
2  68 
1  89 1427662200  
3 
2  3 
1  10 721606614  
1  3 682633353  
1  96 250175542  
3 
1  82 175007571  
3 
2  8 
3 
1  14 1696206460  
2  46 
2  15 
1  93 1304971554  
1  91 1136122505  
2  0 
1  79 351592375  
1  0 1734662769  
3 
2  81 
2  36 
2  47 
3 
2  76 
3 
1  3 296020351  
2  4 
2  13 
3 
2  3 
1  17 1939301417  
3 
2  2 
3 
1  80 934730110  
1  92 1297572602  
2  68 
1  5 1047096329  
1  15 1862216175  
1  0 551236208  
3 
2  69 
1  51 717110210  
1  8 677409823  
1  15 793192903  
3 
3 
3 
2  13 
3 
2  14 
1  76 1774958379  
1  14 1879658113  
2  70 
3 
3 
3 
2  112 
2  21 
3 
2  11 
3 
3 
1  21 693520534  
1  11 1985985913  
3 
2  79 
1  1 1045882298  
2  3 
2  3 
1  13 299511025  
3 
1  9 1652162819  
1  5 1036766981  
1  6 2107664257  
2  105 
1  23 1707511006  
2  90 
2  125 
2  82 
2  105 
1  91 1964590340  
3 
2  123 
1  81 1387842809  
3 
2  24 
1  96 281633972  
2  14 
1  1 499740045  
1  124 1638018351  
3 
3 
3 
1  22 456641544  
2  79 
1  80 48462857  
1  76 795506257  
1  68 1592764049  
3 
1  45 400055233  
2  74 
2  8 
1  27 382685378  
1  103 1888784400  
2  23 
1  49 191873002  
1  19 1317415489  
3 
3 
1  0 1038873354  
2  83 
1  37 1238969331  
1  106 1032148016  
3 
2  51 
2  71 
1  83 1590109562  
1  21 1956079541  
1  8 1709557839  
3 
3 
3 
3 
3 
2  15 
2  107 
1  107 235818817  
3 
3 
1  114 1583554273  
1  21 1441732305  
1  26 929339351  
1  0 1422056538  
3 
2  111 
3 
3 
3 
2  4 
3 
2  4 
1  63 340130955  
1  14 1228850376  
3 
2  29 
1  30 926735709  
3 
1  126 1376897936  
3 
3 
3 
2  6 
2  77 
2  24 
2  73 
2  21 
3 
3 
3 
1  20 1189030985  
3 
1  30 486763067  
3 
1  65 1194004629  
1  20 429390147  
1  108 768397040  
1  122 1693744674  
2  20 
3 
2  21 
2  82 
1  8 2067408498  
1  5 1225038584  
3 
2  24 
3 
2  9 
2  108 
2  89 
2  15 
1  87 1742207532  
1  20 715431108  
1  86 670318985  
1  9 2142262765  
1  15 1098116486  
1  19 411619738  
1  25 186652119  
2  5 
2  47 
3 
1  106 268048327  
2  102 
1  64 1450493092  
3 
2  112 
2  59 
1  67 1425621451  
2  112 
1  77 1300196343  
3 
1  22 893119007  
1  37 1234217344  
2  71 
3 
3 
2  18 
1  24 862270535  
2  20 
3 
1  5 1128937824  
3 
1  24 670287969  
1  32 156519192  
3 
1  83 2058277176  
1  17 2092344508  
2  105 
3 
2  131 
2  16 
2  99 
1  47 496650147  
3 
2  91 
2  11 
3 
3 
2  19 
1  3 1139643904  
1  127 871596569  
2  17 
2  36 
3 
1  8 1873548083  
1  110 181191242  
3 
1  47 1358359637  
3 
3 
1  9 920069064  
3 
3 
1  105 610581389  
3 
1  65 2126756677  
2  80 
1  34 466330091  
3 
2  42 
2  25 
2  22 
3 
1  91 530506239  
3 
2  19 
3 
2  75 
3 
2  8 
2  24 
2  70 
1  106 1204311613  
2  16 
3 
2  23 
2  5 
1  9 61053975  
3 
3 
2  5 
1  36 1245937347  
2  20 
1  6 1874630598  
2  40 
2  14 
2  40 
1  78 55833092  
3 
3 
3 
1  119 196570186  
2  74 
3 
3 
3 
1  13 138766688  
1  9 242485211  
2  13 
1  68 464618513  
3 
2  15 
3 
3 
1  8 1589259781  
1  7 1668106662  
2  53 
1  100 1764814857  
3 
2  19 
3 
2  18 
2  58 
3 
3 
3 
3 
2  20 
1  11 334895140  
1  108 754840359  
3 
3 
1  5 479601744  
3 
3 
2  9 
1  59 1463832964  
2  18 
3 
1  4 1425128328  
2  6 
3 
2  1 
3 
2  16 
1  0 636120936  
3 
1  10 1374626492  
2  14 
2  10 
1  15 1369989188  
3 
1  9 1132771083  
1  27 366786749  
1  48 94102110  
2  15 
2  115 
3 
1  37 858835518  
1  87 547977991  
3 
1  78 1452461747  
3 
3 
3 
1  91 1778904583  
2  18 
2  99 
2  2 
3 
1  8 1158559380  
3 
3 
3 
1  4 1431734776  
1  11 97751026  
2  1 
1  4 1689065619  
2  6 
1  62 488562741  
1  18 158805001  
1  18 787519319  
2  115 
2  77 
2  6 
3 
3 
1  17 215709691  
2  75 
3 
2  7 
3 
2  108 
3 
1  114 214638093  
1  90 984089505  
2  119 
1  1 354476380  
2  19 
2  64 
3 
2  16 
1  7 457123304  
3 
2  13 
2  4 
1  13 1448708018  
1  5 1943736161  
2  88 
3 
2  14 
3 
3 
2  16 
1  3 2125229967  
2  4 
1  14 1066039227  
1  4 131147653  
3 
2  19 
3 
1  7 732586678  
3 
3 
2  96 
1  55 1545640971  
2  0 
2  119 
1  71 1594980617  
1  6 10231358  
1  55 34278259  
3 
3 
3 
2  32 
1  91 822123462  
1  4 1380220547  
2  2 
3 
3 
2  5 
3 
2  22 
3 
2  9 
1  15 1167049342  
2  2 
2  86 
2  7 
2  6 
3 
2  62 
1  11 1188910211  
2  9 
1  6 1474322657  
2  107 
3 
1  35 2025884861  
2  78 
2  8 
2  85 
3 
2  66 
2  115 
2  7 
3 
1  38 1736888202  
2  12 
3 
2  13 
1  18 779300756  
1  58 1657305796  
2  48 
2  6 
3 
3 
2  108 
1  7 747963934  
1  37 63551884  
2  63 
2  95 
2  58 
3 
3 
1  42 1755056822  
3 
1  7 289545905  
3 
3 
1  30 552114625  
1  43 1913861823  
3 
3 
2  113 
1  5 1077065224  
1  3 767824316  
2  1 
1  7 2128499916  
2  43 
3 
1  12 2061154729  
3 
3 
3 
1  10 1122300696  
2  83 
2  17 
2  76 
2  32 
2  39 
2  17 
2  12 
1  10 438139572  
2  30 
3 
1  46 1362379100  
1  25 918553209  
1  101 415885891  
2  73 
2  42 
2  15 
2  16 
1  104 280934679  
2  5 
2  29 
1  110 1049700862  
2  91 
2  103 
1  5 1148472569  
2  9 
2  12 
3 
1  10 1826575651  
2  11 
1  36 497197832  
2  30 
1  106 1158703928  
3 
2  68 
3 
3 
1  11 1860853910  
3 
2  57 
1  61 1319321294  
1  6 391440827  
2  6 
2  105 
1  14 880419605  
3 
3 
1  12 360747857  
3 
3 
1  23 1865763484  
3 
2  3 
1  53 758820818  
3 
1  1 2097636059  
3 
1  93 497580592  
2  16 
3 
1  2 268642966  
3 
1  4 698116345  
2  0 
1  7 561132476  
1  13 2023699788  
3 
1  3 987662250  
3 
1  120 1113247101  
3 
3 
1  45 1790077963  
3 
3 
2  11 
3 
2  11 
3 
3 
1  18 2064727475  
3 
2  3 
3 
2  7 
3 
3 
2  16 
3 
3 
3 
2  30 
1  74 1881071417  
3 
1  10 1771094231  
1  64 1978398556  
3 
2  6 
1  15 855888466  
1  10 61750155  
1  9 1193294008  
1  96 1774441675  
3 
2  65 
2  1 
2  9 
3 
1  8 477636047  
1  86 1474228688  
3 
2  48 
2  14 
2  27 
3 
3 
1  99 676658890  
3 
1  23 1626108616  
1  50 1153320691  
2  10 
2  13 
2  76 
3 
3 
1  12 1173856722  
3 
3 
2  34 
1  4 637328896  
1  84 866690953  
1  33 345694368  
3 
1  72 1028769723  
3 
3 
1  42 1747110558  
1  73 706442225  
2  64 
3 
3 
1  8 747049559  
1  9 358447728  
1  98 656594636  
2  35 
2  3 
3 
1  0 1244630151  
1  73 627090694  
3 
1  8 1354710981  
1  18 1805762627  
1  106 503306834  
1  58 194889583  
3 
3 
2  15 
3 
2  57 
2  52 
1  18 771526080  
1  40 145901149  
2  117 
2  109 
1  111 112133410  
2  50 
3 
2  2 
3 
2  16 
2  97 
2  3 
1  3 505113850  
3 
1  14 1916995380  
1  19 2090531967  
2  110 
2  99 
2  83 
1  10 1361002316  
2  107 
1  60 1978745536  
3 
3 
3 
3 
1  24 1136342327  
3 
2  6 
1  79 987960343  
1  104 308897935  
1  52 463087367  
1  119 1664619233  
2  15 
1  12 1935006551  
3 
1  11 1616408058  
3 
2  47 
1  13 690992307  
2  71 
3 
1  68 424851800  
2  3 
2  0 
2  26 
2  12 
2  13 
3 
1  19 335615364  
3 
2  7 
3 
3 
3 
1  87 1036686675  
2  66 
2  4 
2  1 
2  98 
2  14 
1  44 1453621523  
1  91 2082725922  
1  4 1743128900  
3 
2  23 
1  22 53187435  
3 
3 
1  74 293690003  
1  110 252239888  
3 
1  1 1297817586  
1  5 920780697  
3 
2  87 
3 
1  73 1606950869  
3 
2  1 
1  10 956096566  
3 
1  21 1424087532  
3 
1  5 1801840453  
2  15 
1  11 1727622646  
1  80 1569988681  
2  8 
3 
3 
3 
3 
1  18 1913973863  
1  2 85252848  
1  106 1339500414  
3 
3 
2  6 
1  107 1857022182  
2  12 
3 
1  78 1446255164  
3 
1  60 1170762302  
3 
2  8 
3 
2  6 
1  61 845880862  
2  38 
1  2 286731860  
2  11 
2  3 
3 
2  0 
2  97 
2  10 
3 
3 
3 
3 
2  44 
1  4 1479660237  
3 
3 
1  14 1308968229  
1  114 1951351093  
1  109 1267183140  
2  12 
3 
2  27 
1  10 777892640  
1  114 494859753  
2  3 
2  1 
3 
1  61 1692034940  
1  10 1113508004  
2  91 
1  76 1531546428  
1  61 998172816  
1  87 1048750278  
2  0 
1  8 1127191681  
1  11 1051360251  
3 
1  15 1342440281  
3 
2  87 
2  8 
1  62 1379431569  
1  8 201694189  
1  104 115737331  
2  45 
3 
3 
3 
3 
1  8 838898791  
1  75 1157790755  
2  101 
1  19 1539824863  
1  16 493255596  
3 
1  4 737929754  
3 
2  4 
3 
2  16 
1  53 962329896  
2  12 
2  97 
1  8 259745811  
2  0 
3 
2  82 
1  15 823182602  
1  13 154346662  
2  2 
2  3 
1  54 2116767994  
3 
2  104 
1  3 121954119  
3 
1  7 1325108964  
3 
1  41 815165208  
2  118 
3 
2  11 
1  108 408685979  
2  79 
1  5 657285553  
1  60 2124133437  
1  23 212553424  
1  73 1924468694  
1  14 754542429  
1  4 707413177  
2  96 
3 
2  5 
3 
1  10 1469019986  
1  69 1868050433  
1  34 91475958  
2  10 
2  77 
1  7 319709154  
1  23 769317064  
3 
3 
2  9 
1  2 1218667639  
2  5 
1  6 1371069405  
2  35 
2  7 
1  8 2111757345  
2  33 
2  2 
3 
1  13 450615560  
2  6 
2  9 
1  10 1572763595  
1  6 80011028  
2  69 
1  78 1289514351  
1  16 583070702  
3 
1  39 1619835891  
2  57 
3 
3 
2  88 
1  53 1782769947  
1  13 1321000456  
1  100 434682140  
2  10 
3 
2  37 
2  43 
2  10 
3 
2  2 
1  118 2042515759  
1  100 2144183059  
1  72 589028802  
3 
2  5 
2  10 
3 
3 
3 
3 
1  5 2011800105  
1  3 118653530  
1  87 1914137767  
1  2 679481665  
2  120 
2  25 
1  49 527339509  
3 
2  16 
1  9 423939672  
2  114 
2  17 
2  36 
3 
3 
1  11 656131454  
1  5 739892933  
3 
1  61 200924718  
1  0 1410673884  
2  102 
2  13 
2  68 
2  37 
2  97 
3 
2  13 
1  65 1447306111  
2  120 
3 
2  23 
2  12 
1  56 1669944705  
2  76 
1  56 1131240669  
3 
3 
2  8 
1  47 1538782069  
2  7 
2  2 
3 
3 
3 
3 
2  99 
3 
3 
2  35 
3 
1  19 1989653859  
1  8 1900557733  
2  14 
1  110 609966060  
2  61 
1  11 1213239617  
2  1 
3 
2  6 
2  28 
3 
2  1 
1  5 1864831431  
2  104 
3 
2  2 
3 
2  62 
2  9 
2  12 
3 
2  38 
2  78 
1  40 1060581620  
3 
1  24 638519564  
3 
2  11 
3 
2  2 
2  18 
2  69 
1  80 1944842459  
1  9 202612324  
2  48 
1  88 1221590266  
2  0 
1  76 1417194703  
1  69 1985382271  
2  83 
1  3 395107075  
3 
2  8 
1  6 1851876843  
3 
3 
2  109 
2  18 
3 
3 
2  11 
3 
1  12 1880414382  
3 
3 
2  110 
3 
3 
3 
3 
1  104 391806486  
2  10 
3 
1  20 293421997  
3 
2  6 
2  50 
2  13 
1  69 1744730839  
1  7 510460016  
1  66 60076116  
2  3 
2  96 
3 
3 
2  73 
3 
2  69 
1  6 276728856  
1  98 1037799525  
3 
2  73 
1  73 484015789  
2  85 
1  24 932860311  
2  83 
3 
2  62 
1  67 1777692458  
3 
3 
2  9 
3 
3 
3 
1  6 684940507  
3 
2  7 
1  2 196050547  
1  1 1077514921  
2  0 
3 
3 
1  0 207401564  
2  8 
1  34 1327291216  
1  110 468813342  
3 
3 
1  73 49571776  
3 
1  3 1080365302  
2  47 
2  22 
3 
2  3 
2  7 
2  60 
2  92 
1  3 1078779402  
2  8 
2  26 
2  31 
3 
3 
3 
1  84 1262811393  
2  97 
3 
1  92 797713085  
1  2 2139361023  
3 
1  5 1901330957  
1  9 595071896  
2  3 
3 
3 
2  51 
2  7 
3 
3 
3 
1  1 194489699  
1  7 975437575  
3 
3 
2  73 
3 
1  69 2012266599  
1  11 32388322  
1  12 1370544650  
1  13 1716659794  
2  61 
2  108 
1  10 1912802705  
2  6 
2  68 
3 
2  52 
2  27 
3 
3 
1  77 1762351136  
2  3 
2  40 
3 
1  63 2010081792  
2  114 
2  78 
1  25 1510049896  
3 
3 
2  2 
2  6 
2  2 
3 
1  71 125327504  
3 
1  110 2070157908  
2  2 
2  4 
1  3 1786778753  
3 
2  0 
1  51 1163127029  
2  24 
1  7 406690049  
3 
2  1 
3 
2  31 
2  82 
2  67 
3 
2  56 
3 
1  56 572155416  
2  97 
1  64 793335840  
1  6 1091630557  
3 
2  1 
2  78 
2  95 
2  73 
2  15 
3 
1  8 768205963  
3 
3 
1  79 1870850761  
2  67 
3 
1  2 1299032121  
3 
3 
3 
3 
1  0 2095497179  
3 
1  15 192180456  
2  8 
3 
2  4 
2  45 
2  0 
1  72 1348603897  
1  93 1028378833  
3 
3 
2  84 
3 
2  95 
2  7 
3 
1  1 1270959858  
2  68 
2  91 
1  93 463931642  
3 
1  1 1826091918  
2  8 
1  67 1262837233  
1  1 217778951  
1  6 273680167  
3 
3 
2  28 
3 
3 
1  5 1457326932  
2  10 
3 
2  46 
3 
2  4 
1  7 1193216527  
1  2 138463118  
1  74 1489715255  
1  54 416277529  
2  0 
3 
3 
1  6 1855122913  
2  87 
3 
2  4 
2  1 
3 
1  4 1255034312  
2  37 
3 
1  37 31145018  
3 
3 
2  39 
1  63 1717721057  
3 
2  69 
3 
2  10 
3 
2  8 
3 
3 
1  19 617600560  
2  64 
2  6 
1  23 156472522  
3 
3 
1  10 1640395317  
3 
3 
3 
2  103 
3 
1  3 256895665  
3 
3 
2  8 
1  6 1319599552  
3 
3 
2  4 
1  3 2047085367  
2  4 
3 
2  42 
2  51 
3 
2  5 
3 
1  1 829051081  
2  12 
1  0 2112935392  
3 
2  28 
1  67 991232276  
1  54 1597257044  
3 
3 
3 
2  57 
1  4 1836302505  
1  19 142780749  
2  90 
1  84 1545270576  
3 
1  76 2028482961  
3 
2  8 
3 
2  100 
3 
3 
2  60 
2  1 
1  3 1491384647  
1  5 426165761  
1  2 1151959172  
1  86 1955316289  
2  1 
2  33 
3 
1  7 104774032  
1  67 267312757  
2  6 
3 
2  42 
1  9 25611593  
1  9 378454199  
2  15 
1  48 1724639690  
2  4 
2  6 
1  81 1218828120  
2  61 
3 
1  65 516917317  
1  71 1066871297  
1  5 1635105649  
3 
1  102 224556582  
1  6 174421961  
3 
2  6 
2  0 
1  1 1666250667  
1  64 1942277639  
3 
1  6 792022521  
2  8 
2  8 
1  2 1822723190  
3 
2  11 
3 
2  79 
1  5 1435189309  
3 
2  67 
1  99 1048918187  
3 
2  107 
2  2 
1  98 994839094  
2  34 
3 
1  4 1334791028  
1  11 1877969268  
1  33 960290838  
3 
1  10 178539656  
1  1 1327742665  
1  87 649109695  
2  13 
2  100 
1  28 321320405  
2  6 
2  15 
1  91 725529593  
3 
3 
1  20 530109009  
3 
3 
3 
2  94 
1  5 1812705052  
1  6 1151695354  
3 
3 
2  17 
2  82 
3 
2  2 
1  13 1682068181  
3 
1  78 1620537694  
1  64 1256469386  
1  7 1949380938  
3 
3 
3 
3 
3 
2  8 
1  20 1646149287  
1  75 1634923585  
2  0 
2  19 
1  0 1526536980  
2  14 
3 
1  55 717493759  
3 
2  2 
3 
2  86 
2  12 
3 
3 
3 
1  71 4357255  
1  23 445924629  
3 
1  52 205115760  
1  8 228913837  
3 
3 
3 
1  95 620346590  
1  59 1871366428  
3 
1  22 23707829  
2  0 
2  30 
1  97 1412369112  
3 
2  82 
2  11 
1  8 1546605970  
1  49 1458897138  
2  73 
3 
1  17 313803651  
2  11 
3 
2  56 
3 
2  31 
2  66 
1  42 393961416  
1  93 646204518  
2  10 
3 
3 
3 
1  6 44289271  
2  7 
1  14 1354252254  
3 
2  0 
1  86 824744174  
2  3 
2  108 
1  3 1372031936  
3 
1  8 2003361949  
2  35 
3 
2  4 
3 
3 
1  4 1146064579  
2  5 
3 
3 
1  8 2097561529  
2  1 
2  1 
1  3 385987310  
1  0 811285984  
2  1 
2  4 
2  31 
1  1 1101773236  
1  1 2068055491  
3 
3 
1  80 284340030  
1  1 210758974  
2  71 
2  7 
3 
2  0 
3 
3 
1  0 1869952782  
2  72 
1  88 1930489317  
1  2 1845682560  
3 
3 
1  111 1249006114  
1  0 500499428  
1  79 1850039815  
1  67 1694930744  
1  1 705615188  
3 
2  63 
1  1 2078953652  
1  109 167793686  
2  22 
3 
1  13 429497968  
2  13 
1  2 2102661481  
1  13 1580162798  
1  39 1976103938  
3 
2  5 
3 
2  0 
2  44 
2  3 
2  10 
3 
3 
2  7 
2  72 
1  90 1414074971  
3 
1  5 1893966449  
3 
1  15 222581706  
1  32 2060279489  
1  8 1938255721  
3 
1  8 1576833960  
1  86 737540015  
1  53 1162804009  
1  13 1432712262  
1  6 1883604595  
1  28 1112881891  
1  3 1818699572  
3 
1  4 547406931  
3 
2  64 
2  10 
3 
2  1 
1  51 67171479  
1  9 1739271416  
3 
1  31 831746961  
3 
1  110 277930453  
3 
1  108 1461740550  
3 
2  41 
3 
1  7 614752630  
2  10 
3 
3 
2  29 
1  24 2123613013  
3 
1  67 563263016  
1  109 1115252058  
1  9 1826169180  
1  100 110710112  
3 
1  26 1820867246  
1  37 1757639185  
1  49 278503799  
1  3 102881567  
2  12 
1  81 1712817018  
2  8 
1  41 1858666597  
3 
3 
3 
3 
3 
3 
3 
1  13 2078985505  
3 
3 
3 
1  71 979408342  
3 
3 
2  11 
2  60 
2  3 
2  4 
1  2 1605149399  
1  0 154083564  
1  2 892204183  
3 
1  24 1395921472  
2  99 
2  38 
1  63 1730917524  
2  36 
2  11 
3 
2  46 
1  109 1629744199  
2  78 
1  65 411241833  
2  20 
2  0 
3 
2  6 
3 
1  90 1016146138  
1  10 1365865146  
3 
2  12 
2  10 
3 
3 
3 
2  12 
2  4 
2  0 
1  84 1524123724  
3 
2  89 
1  9 687362063  
1  4 1913272077  
1  9 1591295203  
1  81 279149831  
2  2 
1  25 597535390  
2  98 
3 
3 
1  6 1869225657  
3 
1  93 1740890381  
3 
3 
3 
3 
1  21 1212288020  
1  57 1845355022  
1  70 156669749  
1  43 180056430  
3 
1  7 1524040555  
3 
1  13 267379862  
3 
2  1 
3 
3 
1  14 2000923676  
2  43 
3 
1  26 1134196092  
1  11 545883661  
1  5 2103805243  
2  92 
1  87 699529462  
2  14 
3 
1  13 257066610  
1  49 2035307101  
3 
2  78 
3 
3 
3 
1  4 1678937804  
3 
1  6 1862216009  
3 
2  6 
2  63 
2  18 
2  82 
2  12 
1  13 41907017  
3 
2  115 
2  59 
1  2 423658340  
1  24 1110653833  
3 
1  76 1772824541  
1  83 2053402539  
3 
3 
2  17 
2  12 
2  4 
2  42 
2  2 
1  1 1521895667  
3 
3 
2  65 
3 
1  9 641487032  
1  49 1271784037  
2  68 
3 
2  62 
1  7 898535743  
1  109 1328849095  
3 
2  3 
3 
3 
3 
3 
1  35 1037572466  
2  7 
3 
2  12 
2  12 
2  8 
3 
3 
3 
1  6 342347299  
2  69 
1  4 1607998926  
1  13 1635107856  
1  13 64089308  
3 
1  4 1201405659  
2  63 
3 
1  46 699912228  
3 
1  16 1909444330  
3 
2  2 
2  7 
2  30 
2  14 
1  59 1358075408  
3 
1  48 879968658  
1  14 1286001237  
2  25 
3 
1  7 1625455270  
1  9 733408686  
2  58 
3 
1  10 272713681  
3 
3 
1  4 23855283  
2  73 
2  51 
1  65 689730282  
1  102 972243144  
3 
1  5 280921894  
3 
1  79 577553735  
2  12 
1  80 503697300  
1  18 2143137903  
2  25 
1  19 619460752  
3 
2  30 
1  21 927355640  
1  11 1106308089  
2  91 
2  2 
2  10 
1  42 244801645  
2  16 
2  9 
1  5 833274531  
1  18 480720108  
2  19 
2  12 
2  95 
1  35 886288677  
2  55 
2  113 
3 
2  101 
2  75 
2  33 
3 
3 
1  17 2105058568  
2  10 
3 
1  12 1379255851  
1  73 67654124  
3 
2  111 
1  0 995147386  
2  73 
2  99 
1  38 1721603150  
1  100 1675653050  
1  37 482771594  
3 
1  15 1785692458  
2  1 
2  109 
1  100 729575061  
3 
3 
1  67 1182683822  
2  15 
2  95 
2  101 
1  53 1547653141  
2  11 
1  4 2087650470  
2  101 
1  13 2062652480  
1  43 686170730  
1  22 1565622092  
1  102 648577519  
1  22 958884412  
2  22 
1  11 1589477376  
1  107 1338307801  
1  70 1931127556  
1  62 1870399270  
1  26 1915861536  
1  13 287341208  
2  9 
3 
3 
3 
3 
1  97 1866053525  
3 
3 
3 
3 
1  116 387838640  
3 
2  20 
3 
3 
2  38 
1  105 1214696849  
2  11 
3 
2  59 
1  116 824877966  
3 
3 
1  7 632640285  
2  78 
1  41 2047971380  
3 
2  82 
2  21 
3 
1  12 1305598074  
1  30 1518928963  
2  98 
2  68 
2  11 
1  20 2005546301  
2  79 
3 
1  3 537370278  
1  24 1586583087  
3 
3 
1  21 853210039  
3 
2  98 
3 
1  120 111489780  
3 
1  13 1114752490  
3 
3 
1  103 1335981634  
1  100 1897182239  
2  13 
2  87 
2  1 
1  8 1844327551  
2  44 
3 
3 
2  17 
2  117 
2  59 
2  92 
2  6 
3 
2  113 
3 
2  28 
1  14 371181808  
2  95 
1  98 1297351732  
1  2 1784494373  
1  25 286350641  
2  28 
3 
2  113 
2  15 
1  63 1983522462  
1  86 1202632818  
3 
1  0 934928160  
3 
3 
1  10 794923226  
1  30 644626546  
1  85 125752313  
3 
3 
3 
1  83 578567134  
1  109 367542168  
3 
1  73 2041613849  
1  19 865908343  
1  24 86112045  
3 
2  55 
1  2 281968841  
1  16 2080605192  
2  87 
2  133 
3 
2  91 
1  109 910990012  
2  15 
3 
2  12 
2  22 
2  44 
3 
3 
1  27 914609126  
3 
3 
2  98 
3 
2  43 
3 
2  0 
3 
2  47 
1  129 1981092924  
1  28 69104438  
1  10 286054441  
3 
2  45 
2  25 
3 
3 
2  91 
2  9 
1  19 1839155577  
3 
3 
3 
2  2 
3 
2  41 
1  113 606474716  
3 
2  13 
1  82 1872637529  
2  78 
3 
1  1 544881969  
2  21 
3 
1  117 717964497  
2  98 
2  93 
2  2 
2  124 
3 
2  7 
1  5 839906371  
2  0 
2  0 
2  108 
2  24 
3 
3 
3 
2  18 
3 
1  36 1880863603  
2  103 
1  124 467663088  
3 
2  78 
1  79 536750274  
2  19 
2  104 
2  59 
1  4 104561763  
2  11 
3 
1  88 1765014820  
1  40 173761000  
1  6 390912404  
1  66 1601053634  
1  14 1376393818  
3 
1  56 1325840564  
1  9 248493213  
2  17 
2  107 
1  53 2021020364  
3 
1  110 1451592877  
3 
2  22 
1  75 827060347  
1  73 241078884  
2  61 
3 
3 
1  53 1345723078  
3 
3 
2  31 
3 
3 
1  1 1692968690  
3 
2  21 
3 
1  91 327190929  
1  12 1627691919  
2  0 
3 
3 
1  98 1626090234  
2  17 
2  116 
1  19 1238180941  
2  4 
3 
1  30 394817398  
1  74 1459699511  
1  12 1307285380  
3 
1  36 680871839  
2  22 
3 
2  0 
1  60 1151371440  
1  17 1913760096  
3 
2  95 
3 
1  35 406025720  
1  22 1696253409  
2  56 
1  53 484240945  
2  5 
2  26 
3 
3 
1  100 1245932091  
1  5 1429633364  
3 
2  22 
2  46 
3 
3 
2  53 
1  14 951904033  
3 
2  50 
1  111 1782682366  
2  1 
3 
1  31 1534195128  
2  36 
2  14 
3 
1  42 569435205  
3 
2  51 
2  89 
3 
3 
1  105 1956443366  
3 
2  39 
3 
1  78 1925107532  
2  19 
1  6 23005192  
3 
3 
1  22 1185353536  
3 
2  5 
1  93 1103464449  
1  9 271498405  
3 
1  12 1058890252  
2  63 
2  79 
2  5 
3 
3 
3 
2  8 
1  8 407573678  
2  12 
3 
2  17 
1  10 1098558752  
3 
1  4 1299969136  
2  63 
2  61 
2  116 
2  103 
2  36 
1  109 1753296757  
1  21 644043795  
3 
2  3 
2  14 
1  20 1627160065  
2  54 
3 
2  18 
3 
1  16 1233505028  
2  14 
3 
2  89 
1  19 122650381  
3 
2  118 
2  11 
2  84 
1  13 717857359  
3 
2  13 
3 
3 
2  1 
2  118 
1  14 1628322426  
1  101 1582349892  
1  3 2025142739  
1  12 161710618  
3 
3 
1  103 586237685  
2  7 
2  12 
3 
3 
1  88 1791419187  
1  45 567736338  
1  17 135007446  
3 
3 
2  16 
1  4 128176485  
1  21 1813668430  
3 
3 
3 
3 
2  68 
1  35 1564640811  
3 
1  3 1080080518  
1  16 1448867148  
3 
1  55 951352291  
1  68 1649515724  
3 
2  125 
1  22 1257826866  
3 
3 
3 
2  3 
3 
3 
2  42 
2  3 
2  10 
3 
1  11 728976175  
1  6 1672520916  
3 
3 
2  24 
2  76 
1  60 295696754  
1  67 1832440624  
3 
2  57 
3 
1  18 1944019321  
2  13 
3 
2  89 
3 
3 
2  120 
1  23 1354587006  
2  101 
2  7 
2  3 
2  45 
2  61 
1  32 92530655  
3 
1  81 895094425  
2  35 
1  30 507072494  
2  8 
1  7 1845827412  
3 
3 
2  100 
1  14 1539138220  
1  12 2134232559  
1  89 931848792  
1  84 1661788602  
2  37 
3 
2  16 
2  16 
2  8 
1  21 704606270  
3 
3 
2  1 
1  13 412687571  
3 
2  108 
1  77 1096654846  
3 
2  111 
1  6 582265361  
2  9 
3 
1  72 574398189  
2  48 
2  80 
1  80 1682892531  
3 
3 
3 
3 
1  4 226200901  
3 
1  1 1142134527  
1  15 1817899978  
3 
3 
3 
2  91 
2  42 
2  64 
3 
1  13 354377386  
1  55 808319309  
3 
1  59 1235057141  
1  15 1434457904  
2  6 
3 
2  100 
2  82 
3 
1  118 109702809  
2  55 
3 
3 
1  37 38925784  
3 
2  20 
1  77 936489980  
3 
3 
1  120 1367529675  
2  15 
1  22 767901959  
2  9 
1  43 461527248  
2  29 
1  23 1663226429  
2  114 
2  27 
2  24 
2  6 
2  15 
3 
1  7 452858936  
2  89 
1  14 258062921  
2  21 
3 
3 
3 
2  12 
2  64 
2  23 
3 
3 
2  15 
3 
1  22 870329787  
1  46 545389591  
3 
3 
2  52 
3 
3 
3 
1  49 1153157347  
1  29 1377402281  
1  56 243733355  
3 
2  6 
2  15 
2  19 
1  10 544811919  
3 
2  106 
1  4 1364151193  
3 
1  107 1175582147  
2  21 
3 
3 
2  69 
1  13 59116873  
3 
2  14 
3 
3 
3 
3 
1  62 2068757463  
1  94 1588269718  
2  89 
3 
3 
1  18 1155771720  
2  3 
3 
1  27 503539177  
2  3 
3 
3 
1  109 15184259  
2  5 
3 
2  103 
3 
3 
2  69 
1  13 691180603  
1  4 729740078  
2  15 
1  2 1157318787  
2  95 
2  79 
1  5 361596933  
1  50 1084117464  
2  18 
3 
1  38 1965638096  
2  19 
2  60 
1  19 1596654074  
2  6 
2  46 
1  15 371091720  
1  20 2075340906  
1  12 1635579858  
3 
3 
3 
3 
2  18 
2  86 
1  17 1307581701  
2  92 
3 
3 
3 
1  78 1295386933  
1  19 255998170  
3 
1  18 1769108949  
1  48 811129715  
3 
2  67 
3 
3 
3 
3 
2  20 
3 
1  42 708857106  
3 
3 
3 
3 
2  23 
2  74 
1  2 2027171871  
1  34 1681459502  
1  60 1254246697  
1  29 1032845570  
3 
3 
2  20 
1  82 911378136  
1  82 1497980052  
3 
2  42 
2  1 
3 
2  98 
2  5 
2  2 
3 
2  7 
2  0 
1  10 1577657489  
2  15 
1  16 128045681  
1  84 526078551  
3 
3 
1  5 1636774363  
2  7 
1  102 49319496  
3 
1  93 2114348270  
2  45 
2  6 
3 
1  16 645062435  
2  89 
3 
3 
3 
2  15 
1  7 552858673  
1  2 2129532529  
2  1 
2  113 
2  1 
2  85 
2  1 
3 
3 
3 
2  100 
1  44 1336243038  
3 
2  106 
1  52 1282598751  
3 
3 
3 
2  32 
3 
1  60 1139367668  
1  115 1697839972  
3 
3 
2  9 
3 
1  26 219232567  
3 
3 
1  11 957522117  
1  99 1147010398  
2  7 
3 
2  33 
1  3 590324288  
2  6 
1  5 885379375  
1  56 635106609  
2  40 
2  7 
3 
2  113 
3 
1  71 1897905989  
2  113 
1  6 33282660  
3 
2  22 
2  68 
1  13 891104779  
3 
2  5 
3 
2  6 
3 
2  3 
2  102 
3 
3 
2  48 
3 
2  59 
3 
1  63 1519531290  
2  63 
3 
2  1 
3 
3 
3 
2  60 
2  3 
2  6 
3 
2  2 
3 
2  24 
2  90 
3 
1  82 844412375  
3 
1  44 1599961885  
3 
3 
3 
3 
3 
3 
1  17 1399219513  
2  6 
3 
3 
3 
1  32 378388230  
2  28 
1  5 706724934  
1  1 284581435  
2  6 
1  91 1289766366  
1  7 57221338  
1  96 1862238925  
3 
2  38 
2  4 
1  53 1417812047  
3 
3 
3 
2  94 
3 
2  76 
3 
2  9 
1  14 583299889  
2  93 
2  66 
1  7 1351529640  
3 
2  5 
1  5 1467131543  
3 
1  8 550164511  
2  10 
1  67 1996592075  
2  1 
3 
1  32 2019990217  
3 
1  9 532213393  
3 
2  111 
2  4 
3 
3 
2  105 
2  0 
1  39 1185351465  
3 
2  90 
3 
2  8 
2  3 
1  101 1155105320  
1  3 1671581061  
1  7 735707789  
3 
3 
2  17 
1  2 1374337888  
1  7 481619530  
3 
3 
2  43 
2  12 
1  2 1882718188  
2  104 
2  6 
2  57 
1  1 1964662176  
1  66 1366998905  
1  62 370341149  
1  6 1715084517  
1  63 1400281566  
2  12 
3 
1  7 1261445928  
3 
2  52 
1  7 1087132159  
3 
1  13 97210293  
3 
2  69 
3 
1  18 713924165  
1  85 338868025  
3 
1  5 475598523  
3 
2  15 
3 
1  14 1420649099  
1  47 623449460  
1  12 1765364889  
2  6 
2  98 
2  40 
3 
2  1 
1  103 1477870437  
2  9 
2  3 
3 
3 
1  95 338204737  
3 
2  4 
1  92 1035693288  
3 
2  9 
3 
1  46 2061170326  
2  1 
3 
1  12 1689734377  
1  3 355341184  
1  5 463851190  
1  7 1538842804  
1  99 227847753  
2  47 
1  25 996064583  
1  5 576710622  
1  46 1382953073  
3 
2  89 
3 
1  39 520161996  
3 
1  1 1312418411  
2  68 
1  60 609807313  
3 
3 
2  1 
2  13 
3 
2  38 
1  98 1001781527  
1  2 1047652951  
1  10 426985841  
2  8 
1  2 221296784  
1  60 1417994100  
1  66 2142070358  
2  7 
3 
2  6 
3 
3 
1  8 1621578350  
1  10 531956380  
3 
3 
2  9 
2  4 
2  0 
1  11 1081718870  
1  5 1718788644  
3 
3 
1  104 1245880545  
3 
2  8 
3 
1  11 1420586895  
2  29 
1  6 46903519  
2  7 
2  32 
3 
1  76 519045996  
3 
3 
3 
2  4 
2  105 
1  5 2044036355  
1  4 1812268409  
1  4 1996916433  
1  0 234757445  
2  68 
3 
1  99 700478049  
2  1 
1  60 1910603112  
2  0 
2  59 
2  8 
1  6 1924491822  
1  6 1055819233  
2  5 
1  105 226970654  
2  10 
3 
1  102 1315850979  
1  5 1283666986  
3 
1  9 1223035237  
3 
2  14 
3 
3 
3 
1  71 1892561601  
2  32 
1  107 519136412  
1  8 1743197233  
3 
3 
3 
3 
3 
1  8 1057496364  
1  106 1128943725  
2  15 
2  102 
2  87 
1  6 597495112  
3 
3 
2  6 
1  12 2105149316  
3 
1  8 1555929567  
3 
1  10 818791897  
1  109 1375659768  
2  115 
2  7 
1  8 1550516277  
3 
1  84 292886599  
2  101 
3 
2  8 
3 
2  89 
3 
1  5 1907616149  
1  50 484751499  
1  44 2011675243  
2  118 
1  15 1006013046  
3 
3 
3 
1  1 1905338394  
1  65 2058578763  
1  46 1525059043  
1  18 1801891102  
2  19 
2  1 
1  6 1723363524  
2  21 
2  33 
1  88 1374491828  
1  4 2036648547  
3 
2  25 
2  28 
2  94 
3 
1  20 276357925  
2  27 
1  91 1137611292  
2  14 
1  6 1813656721  
2  52 
1  5 1332177159  
1  54 1364581946  
2  5 
3 
2  120 
2  17 
1  17 982024052  
3 
1  73 468360497  
1  11 440133535  
2  80 
2  98 
1  13 727102005  
1  11 987496909  
1  57 35847121  
3 
3 
1  10 1784598370  
3 
2  127 
3 
1  108 2116440635  
2  102 
1  44 633342233  
1  26 1742264038  
3 
2  11 
2  83 
3 
2  101 
3 
3 
1  83 1524886554  
3 
2  118 
1  23 1452134130  
1  84 970440158  
2  30 
1  9 927919183  
1  12 1745020730  
1  14 730572659  
2  62 
3 
1  95 1412670683  
2  76 
1  25 1609212325  
3 
1  22 1736585706  
3 
1  114 1170525429  
2  30 
1  51 1520307440  
2  74 
1  17 1114161101  
2  130 
3 
2  6 
2  11 
3 
1  72 824932883  
1  7 1096187316  
1  21 341169281  
2  103 
3 
2  18 
1  97 714097782  
3 
3 
2  66 
2  96 
2  115 
2  73 
2  20 
2  17 
3 
2  2 
3 
1  13 1372545242  
3 
2  60 
2  26 
3 
2  22 
3 
2  2 
1  74 1478780574  
1  7 380270856  
1  22 557238753  
2  8 
1  90 695878872  
3 
2  111 
2  59 
2  59 
2  87 
2  104 
2  21 
3 
3 
2  111 
1  62 1362294908  
1  72 1025599250  
3 
3 
3 
3 
1  59 1136012408  
3 
3 
2  126 
2  75 
3 
1  5 2089396914  
2  70 
3 
3 
3 
3 
2  64 
2  33 
2  4 
3 
2  97 
3 
3 
2  0 
3 
2  18 
3 
3 
1  122 2013096160  
1  90 1171859529  
2  20 
2  66 
2  12 
1  77 1726511636  
1  14 1982053147  
1  35 1805201762  
2  74 
2  18 
3 
2  82 
1  17 1321292026  
1  10 1359456053  
1  74 1109852245  
2  114 
3 
1  109 144248536  
3 
1  100 139891588  
2  22 
2  40 
2  117 
2  36 
1  107 707389327  
3 
1  16 874821196  
1  18 1552562271  
3 
3 
3 
3 
2  92 
1  20 169118004  
2  89 
2  20 
2  67 
2  36 
1  28 463923254  
3 
1  26 575604053  
1  2 1689425445  
3 
2  58 
1  120 1578084355  
3 
3 
3 
1  116 1400536936  
3 
3 
3 
3 
1  4 638129113  
3 
1  30 1919253636  
3 
3 
3 
2  2 
2  23 
2  10 
1  125 2114634719  
1  23 2010674355  
2  4 
3 
3 
1  105 1250550562  
3 
3 
1  1 347421927  
3 
2  100 
2  62 
3 
1  63 420429460  
2  79 
2  5 
1  89 1946429435  
1  23 1709716835  
2  6 
3 
2  6 
1  75 1446028711  
3 
2  0 
3 
2  110 
1  18 934958195  
3 
1  8 1651630101  
1  20 1311641223  
2  62 
2  35 
2  84 
3 
1  61 2106817724  
2  98 
2  64 
2  116 
3 
2  87 
2  25 
2  10 
1  110 1230658089  
2  14 
1  65 1146210722  
1  12 1764535838  
2  49 
3 
1  54 404466467  
3 
1  47 358183127  
3 
3 
2  58 
3 
2  20 
3 
3 
3 
3 
3 
1  54 726904435  
1  20 548715004  
2  8 
1  63 498074715  
2  76 
3 
2  5 
3 
2  6 
3 
3 
3 
1  111 1434293762  
1  78 1423536200  
3 
3 
3 
2  94 
3 
2  116 
2  7 
1  9 2050636987  
1  16 1603411767  
1  21 1887459454  
1  3 478757392  
1  66 1145353564  
3 
1  75 1318060161  
2  18 
3 
3 
2  11 
1  121 1879294328  
2  14 
1  101 1783482677  
1  60 1089830149  
1  34 1846445399  
3 
3 
2  19 
3 
3 
3 
3 
3 
1  20 1646673385  
2  114 
3 
2  14 
1  3 192897064  
3 
2  2 
2  83 
3 
3 
2  87 
2  86 
2  8 
1  3 46383678  
1  18 2067102845  
2  17 
3 
3 
3 
2  14 
1  11 2139326499  
3 
3 
3 
3 
2  3 
2  16 
2  91 
3 
2  68 
3 
1  32 1756100514  
2  94 
3 
3 
1  42 1365647908  
2  3 
3 
2  78 
3 
1  83 926801046  
1  95 1260246967  
1  75 529805483  
2  15 
2  4 
3 
3 
1  14 886135122  
2  10 
1  15 343421409  
2  97 
1  95 1676016205  
3 
1  110 503187312  
1  9 747887876  
3 
3 
3 
2  0 
1  11 2034199332  
3 
1  17 1230091748  
1  80 1296602880  
2  1 
1  43 384790400  
1  41 516901862  
2  31 
1  10 572655432  
2  7 
2  54 
1  6 287943739  
2  6 
3 
1  11 2120313629  
2  17 
2  46 
1  104 312631238  
1  8 766701131  
2  4 
1  27 1118183545  
3 
1  8 1630691399  
2  59 
1  7 498511811  
2  84 
3 
3 
2  64 
3 
3 
2  4 
1  47 754182575  
2  92 
2  60 
2  18 
1  98 573037901  
3 
3 
2  62 
1  1 197473563  
3 
2  1 
1  1 253372312  
2  2 
2  41 
1  74 765934965  
3 
1  12 243857241  
3 
1  4 172991509  
3 
3 
3 
3 
3 
3 
1  36 757777816  
2  0 
1  100 1999957755  
1  8 1538639418  
1  10 1684578862  
1  98 1112721075  
2  17 
2  14 
3 
3 
2  73 
1  62 2068444901  
2  116 
1  76 423230336  
1  17 1456142484  
2  13 
3 
3 
1  47 1596977459  
2  9 
2  12 
1  103 926417648  
1  4 56546712  
1  15 1483693143  
2  1 
1  101 9025748  
2  1 
1  88 1353149593  
2  1 
2  110 
2  107 
3 
2  10 
3 
1  0 1868483543  
3 
3 
1  27 525927611  
3 
3 
3 
2  91 
3 
2  10 
1  83 1925805025  
1  27 8943634  
3 
1  38 498757592  
2  88 
1  66 90952616  
2  1 
3 
3 
2  8 
1  10 775644765  
2  8 
3 
2  74 
2  50 
1  2 1616941138  
3 
2  0 
2  72 
1  71 1721644015  
1  10 1274156577  
3 
1  99 223640065  
3 
1  89 147198268  
3 
1  85 1471630140  
3 
2  0 
2  76 
2  75 
3 
2  4 
1  70 477012377  
2  25 
1  11 913133233  
1  5 1715487381  
2  100 
1  111 650003886  
3 
1  92 1670911049  
1  1 1567961489  
1  45 41159656  
2  39 
3 
1  10 1208006263  
3 
2  1 
3 
3 
2  26 
2  24 
2  25 
3 
3 
3 
3 
1  26 533198916  
2  32 
3 
1  61 2109604558  
3 
2  36 
2  11 
1  56 1631236599  
2  99 
1  55 1989341400  
2  4 
1  2 1559098369  
3 
3 
3 
2  50 
2  5 
2  9 
3 
2  5 
2  2 
2  107 
2  9 
2  78 
2  65 
3 
2  3 
3 
1  2 410170600  
1  50 2045888112  
3 
1  42 895307864  
1  0 419196348  
1  9 1251554057  
1  0 616307760  
2  74 
1  112 945123959  
2  9 
2  34 
3 
2  94 
2  9 
3 
2  9 
1  8 1029875435  
3 
1  72 625251394  
1  80 1443881552  
1  73 1120828051  
3 
1  5 1400896160  
1  66 913339042  
1  92 694988418  
3 
3 
2  60 
3 
3 
1  9 527569089  
1  3 1136979107  
3 
2  50 
1  6 842186687  
3 
1  52 1999199229  
2  10 
2  10 
2  5 
3 
3 
2  82 
2  1 
1  8 1613991484  
1  6 1755319920  
3 
1  45 1567202962  
3 
1  2 116511722  
2  66 
3 
2  2 
1  4 1278747322  
3 
3 
1  74 987680803  
2  8 
2  107 
3 
3 
1  44 157671379  
2  26 
1  9 339269937  
3 
2  2 
1  6 1520879719  
3 
3 
1  6 119792289  
3 
2  0 
2  3 
3 
3 
1  7 1970506537  
2  46 
2  0 
2  7 
1  10 1362737471  
3 
2  11 
2  9 
1  102 1678890658  
2  9 
3 
1  8 233193489  
3 
3 
3 
3 
1  28 1261141936  
2  7 
2  75 
1  6 426714874  
1  17 652389837  
3 
1  110 365212345  
2  4 
3 
3 
1  9 1043022634  
3 
3 
1  3 1597513797  
3 
2  9 
2  9 
2  96 
3 
1  55 1395087780  
3 
1  67 1668274029  
1  2 893911701  
1  3 368432183  
3 
3 
1  109 921686541  
2  66 
3 
3 
2  0 
2  8 
2  91 
1  89 1807250743  
3 
3 
2  7 
1  70 1063420602  
3 
1  4 1449255630  
1  4 796746202  
2  89 
3 
3 
3 
1  52 1905607289  
2  3 
3 
3 
3 
2  40 
2  6 
1  10 1300971211  
2  95 
1  3 263254038  
3 
1  31 1513443561  
2  109 
1  4 720690525  
2  102 
3 
2  8 
3 
1  0 379765760  
2  35 
1  109 644707235  
2  40 
2  48 
2  4 
1  6 1708371329  
1  3 537437139  
1  5 983977173  
3 
3 
1  3 1081767400  
3 
1  92 657229428  
2  24 
3 
3 
3 
2  37 
3 
2  8 
1  97 807000062  
2  61 
2  105 
3 
3 
1  11 297021224  
1  64 188636438  
1  6 1040193551  
3 
2  10 
3 
2  10 
3 
2  0 
3 
3 
2  6 
2  98 
3 
1  5 1558163160  
2  98 
3 
3 
3 
2  5 
3 
2  7 
2  7 
3 
3 
3 
2  67 
1  75 615351313  
3 
1  61 1692583388  
1  103 1923375505  
1  4 1658373947  
3 
3 
2  4 
2  16 
2  2 
2  3 
2  2 
2  1 
3 
2  2 
2  0 
1  0 1142613537  
2  34 
2  103 
2  79 
1  2 1170979638  
3 
3 
1  1 1179164328  
1  2 2036525238  
2  25 
3 
3 
3 
3 
2  2 
2  0 
2  50 
3 
3 
1  48 1539411821  
2  0 
2  0 
1  1 2100850869  
3 
3 
2  1 
3 
1  5 1696292333  
1  1 455348775  
3 
2  0 
1  0 1402622851  
2  26 
2  92 
2  2 
1  1 345554887  
2  80 
3 
1  1 213472416  
1  0 556110414  
2  3 
3 
3 
1  38 608808925  
1  1 1726915978  
1  1 1276800940  
1  20 988574686  
2  0 
3 
2  2 
2  68 
3 
1  95 224139565  
1  3 837688621  
2  0 
2  1 
3 
3 
2  92 
1  14 1526011825  
3 
3 
2  83 
3 
3 
3 
2  1 
1  0 1208116738  
3 
1  79 1919456021  
3 
1  8 35757606  
2  33 
2  69 
2  2 
2  30 
3 
1  1 2015116800  
2  73 
3 
3 
3 
2  4 
1  1 68993597  
3 
1  10 224394044  
3 
2  2 
2  0 
2  0 
3 
1  0 907826703  
1  72 1627156757  
3 
1  92 839745357  
3 
3 
3 
1  10 452926444  
2  35 
1  1 1403048615  
3 
1  11 350635657  
3 
1  45 1595539981  
2  14 
3 
3 
3 
1  0 426544605  
3 
3 
1  3 1529799985  
3 
2  2 
1  0 1484581572  
2  4 
3 
3 
2  98 
1  3 1965956426  
3 
3 
3 
2  93 
3 
3 
1  22 1483167207  
1  3 1033390257  
3 
3 
2  17 
1  3 273821554  
3 
2  5 
2  4 
1  3 738306410  
2  21 
3 
2  3 
2  88 
1  4 1378945145  
1  59 487293970  
2  27 
2  41 
3 
2  75 
2  13 
1  4 1294416825  
3 
3 
3 
2  2 
1  101 1987754070  
3 
2  21 
3 
2  34 
1  10 66726300  
1  106 423734117  
1  83 828845108  
1  71 290865866  
3 
3 
3 
2  5 
1  2 1261422738  
1  55 207373286  
1  87 1498982604  
2  40 
3 
2  5 
3 
2  1 
2  38 
2  2 
3 
3 
3 
3 
3 
1  103 1033395111  
1  0 243130892  
3 
3 
1  31 1366615757  
3 
3 
1  81 1102388709  
1  81 467524936  
1  3 126958812  
1  26 582061818  
1  3 1307270294  
2  18 
1  29 579885256  
2  27 
3 
2  3 
3 
3 
2  1 
3 
1  100 1985110433  
2  72 
3 
2  3 
2  2 
3 
2  91 
1  0 1657905951  
1  1 27941590  
2  2 
3 
2  93 
3 
2  87 
2  70 
2  99 
2  90 
2  0 
3 
3 
3 
1  1 264171390  
1  84 1040222288  
1  1 1512523162  
3 
2  91 
3 
2  3 
1  2 82644169  
3 
2  2 
1  58 375905847  
3 
1  67 398429771  
1  0 356465723  
3 
1  60 1114212258  
1  39 1777374916  
2  1 
2  24 
3 
3 
2  0 
1  1 843759693  
1  25 261145435  
2  0 
2  1 
3 
1  0 1617645339  
1  23 910485994  
1  0 684879552  
2  93 
2  71 
1  49 299006799  
2  38 
2  60 
1  0 1201351860  
1  3 1946302290  
1  58 506380085  
3 
1  3 552850816  
2  45 
1  4 832213753  
1  45 749510977  
3 
3 
1  49 1919466573  
2  0 
1  101 1934602462  
3 
1  1 1217035914  
2  29 
1  50 2046425386  
2  22 
1  73 369180633  
1  1 376822560  
1  6 478826994  
1  85 206807418  
3 
3 
2  81 
1  1 2034728511  
1  8 506768584  
1  7 470978809  
3 
3 
1  3 927467151  
1  4 2019291746  
1  4 553622978  
2  3 
2  38 
2  11 
2  5 
3 
1  39 1303372999  
1  9 270237870  
2  7 
3 
3 
3 
2  3 
1  1 910088701  
1  58 270101609  
1  86 2047612786  
2  8 
3 
1  5 1753848394  
2  36 
3 
2  36 
3 
3 
2  9 
2  53 
2  14 
2  16 
1  6 531247044  
3 
3 
1  10 1517774477  
1  62 516850740  
2  9 
3 
2  0 
1  15 1216126596  
2  36 
3 
1  7 1816781277  
2  105 
2  53 
2  3 
2  35 
1  64 1718202600  
3 
1  29 1014945238  
1  43 175677714  
3 
2  106 
1  4 123569769  
2  112 
3 
3 
1  4 1847158991  
1  73 925188692  
2  20 
2  65 
2  5 
3 
2  77 
1  23 2043036342  
2  63 
2  53 
3 
2  27 
2  31 
1  3 1634277806  
1  8 2142224606  
1  11 1941978080  
2  1 
2  65 
3 
2  1 
2  12 
1  9 2003458439  
2  4 
3 
1  2 371563518  
3 
3 
1  2 273321427  
1  13 62782209  
3 
2  8 
1  23 258808381  
3 
1  64 780090011  
2  10 
3 
2  112 
2  11 
1  9 533761018  
3 
3 
2  59 
3 
3 
1  56 1186275532  
3 
2  7 
1  84 651898110  
3 
3 
2  0 
2  6 
3 
3 
2  94 
3 
2  4 
1  7 1087383996  
1  68 342164883  
2  45 
2  67 
1  5 922135980  
2  26 
2  13 
2  8 
3 
3 
2  76 
1  92 1997472697  
1  8 612266492  
2  48 
2  101 
1  86 822265118  
3 
1  29 1603837444  
1  3 1143513536  
1  11 192555948  
3 
1  11 2120688184  
3 
2  3 
2  0 
3 
2  9 
3 
1  82 212156484  
3 
3 
1  6 2009337225  
1  5 1691407137  
3 
1  102 1227101722  
2  38 
2  9 
3 
1  11 37531291  
3 
2  50 
2  83 
3 
3 
3 
3 
3 
1  3 1814976906  
3 
2  9 
3 
3 
3 
1  6 926777066  
2  2 
3 
1  4 962719983  
1  10 1710529600  
2  3 
1  13 413571224  
1  3 957460941  
3 
2  64 
2  8 
3 
1  7 1505024033  
2  66 
3 
1  3 269546015  
2  1 
1  80 1329024459  
2  8 
2  96 
3 
1  5 1778345460  
2  88 
3 
3 
2  99 
2  15 
2  88 
2  1 
3 
1  60 332328224  
1  56 1587832840  
1  1 410951823  
2  98 
3 
3 
1  82 866089243  
3 
1  10 626624725  
3 
2  15 
2  15 
3 
2  32 
2  91 
2  5 
1  11 1062849933  
2  92 
2  48 
2  107 
2  8 
1  2 1953473239  
1  12 968789608  
1  70 1984985913  
3 
1  72 1803462289  
2  76 
2  111 
3 
2  2 
1  5 1581056101  
2  50 
1  2 659767384  
3 
1  15 1259816085  
3 
2  3 
1  56 577085989  
2  0 
3 
3 
3 
2  5 
3 
2  42 
3 
2  10 
1  8 852323332  
2  108 
3 
3 
3 
1  5 1233020621  
2  14 
1  41 789242474  
1  14 714176909  
1  10 776944110  
2  6 
3 
2  15 
1  2 2016344196  
2  32 
1  61 751708200  
3 
2  47 
3 
2  91 
1  7 444437368  
1  75 795637614  
1  54 1714428184  
3 
3 
1  60 7483321  
1  71 1209208838  
1  12 524405477  
3 
3 
3 
2  42 
1  8 1512507354  
3 
2  8 
1  24 1478754853  
1  11 1853429937  
1  79 1143369166  
2  48 
2  75 
3 
3 
2  104 
1  32 1811083078  
2  3 
2  89 
3 
3 
2  88 
2  30 
1  6 1293779129  
2  20 
1  4 1554320989  
2  19 
1  16 529688673  
3 
3 
1  5 1920403854  
3 
3 
3 
2  64 
2  119 
1  55 469687275  
2  105 
3 
2  46 
3 
1  72 335678264  
1  16 741709815  
1  82 307189540  
2  77 
1  20 2139140553  
2  18 
3 
3 
3 
3 
2  66 
1  15 175282268  
3 
3 
2  12 
1  16 966956924  
2  43 
1  51 1251472990  
1  67 752368257  
3 
2  119 
1  86 1819280256  
1  86 337009964  
2  27 
1  19 1541610731  
1  84 385973517  
2  68 
2  63 
1  4 1113954074  
2  15 
2  97 
1  70 1410471280  
3 
2  0 
1  122 1137681718  
2  112 
3 
2  22 
1  102 1558391443  
1  27 58625246  
1  4 704626254  
2  9 
3 
2  95 
2  74 
3 
3 
3 
2  75 
2  9 
3 
2  33 
3 
2  93 
3 
1  34 1565874764  
1  15 1267834085  
2  111 
3 
3 
1  18 1229031731  
2  33 
1  4 930898470  
3 
3 
1  32 599105290  
1  10 934978020  
1  19 2074267636  
2  102 
2  17 
3 
1  22 262704720  
1  6 81273502  
3 
2  12 
1  0 1481104977  
1  14 792393393  
1  8 2001677356  
2  26 
1  63 1950792252  
2  56 
1  12 1128071658  
1  28 595903523  
3 
3 
2  9 
3 
3 
3 
1  54 110498145  
2  1 
2  4 
1  19 1119728563  
3 
1  19 771185791  
2  5 
2  98 
2  86 
3 
3 
3 
3 
2  65 
3 
3 
3 
1  35 1077455069  
2  109 
3 
3 
3 
3 
2  106 
2  105 
3 
3 
2  0 
1  11 223717906  
2  8 
1  37 1523554049  
2  20 
3 
3 
1  0 749251678  
3 
3 
2  10 
3 
2  18 
2  7 
2  5 
2  31 
1  103 560727870  
3 
2  116 
2  16 
2  12 
2  21 
1  2 917681132  
2  12 
2  25 
3 
2  68 
2  77 
1  57 1135225195  
1  4 1674681944  
1  12 180668764  
2  69 
3 
3 
1  9 125423265  
1  109 1085589739  
3 
1  14 239294011  
3 
3 
3 
3 
3 
3 
3 
3 
1  13 830049519  
2  113 
3 
2  48 
2  63 
3 
3 
1  94 503980855  
2  56 
1  20 1507128096  
3 
2  12 
2  5 
3 
3 
2  27 
2  14 
2  30 
3 
1  5 2059081251  
3 
1  16 1434879325  
3 
2  7 
3 
3 
3 
2  20 
1  122 2106233386  
3 
2  116 
2  4 
2  26 
2  20 
3 
1  87 846575623  
3 
2  65 
1  94 1361663313  
1  14 221454459  
2  123 
1  10 927849125  
1  13 695284643  
3 
3 
3 
1  112 1013847852  
1  10 782042834  
3 
3 
2  8 
2  35 
1  10 498593247  
2  8 
3 
2  64 
2  36 
2  20 
3 
1  106 2141919510  
2  66 
2  68 
2  1 
1  11 1377946357  
1  78 609091392  
2  55 
3 
2  19 
1  66 1114164426  
3 
2  68 
3 
3 
2  20 
1  113 1648501  
1  4 1686546462  
2  100 
2  11 
3 
3 
2  10 
2  97 
3 
1  1 1337882332  
2  15 
1  13 1525202550  
1  10 288314492  
2  4 
1  21 1898610202  
2  7 
2  88 
1  18 295400034  
3 
1  33 1423539687  
2  6 
1  21 1425808498  
3 
3 
3 
2  5 
3 
1  81 476068799  
2  28 
2  100 
2  33 
2  93 
3 
3 
2  8 
2  82 
3 
2  3 
2  116 
3 
3 
3 
2  9 
3 
1  43 1548962953  
1  9 363914590  
2  4 
3 
3 
3 
2  4 
3 
2  53 
3 
3 
1  61 715362810  
1  7 231528824  
3 
2  10 
1  15 867895445  
3 
1  4 75007258  
2  29 
2  4 
1  31 143126427  
3 
3 
3 
1  32 155291123  
2  92 
3 
3 
3 
1  63 33756996  
1  13 989702051  
2  10 
2  13 
3 
1  0 1516954436  
2  34 
1  11 255211455  
1  71 1917551176  
1  69 64755431  
1  17 1269059308  
3 
3 
2  50 
2  15 
3 
3 
2  8 
3 
1  99 552110362  
1  10 563348679  
3 
1  41 1263495170  
1  82 1930056720  
2  92 
3 
3 
1  11 1172440071  
3 
3 
1  48 230175948  
2  75 
2  90 
1  20 1931705221  
2  10 
2  4 
1  54 711502885  
1  69 1568058280  
2  9 
3 
3 
2  103 
3 
3 
1  18 1309424123  
2  57 
2  10 
1  81 999817377  
1  107 1319184834  
3 
3 
2  13 
1  14 1604824157  
3 
3 
1  34 275873417  
1  8 597509685  
1  38 2080892956  
2  116 
3 
3 
1  88 1824836370  
1  9 961424275  
1  6 648772118  
2  20 
2  14 
1  19 2056365194  
1  0 1829319720  
1  46 723779376  
3 
3 
2  70 
3 
3 
2  58 
2  9 
2  29 
3 
3 
1  104 52007974  
3 
1  14 1984610843  
1  65 757536373  
3 
3 
3 
2  10 
3 
1  13 1041710025  
1  28 1354081632  
1  54 1012747828  
2  54 
3 
2  15 
3 
2  3 
1  9 811777553  
2  121 
3 
1  19 1418837063  
1  66 134323488  
1  1 1363887916  
3 
2  21 
1  79 1982185742  
3 
3 
3 
1  14 1397818659  
3 
3 
2  118 
2  15 
2  104 
1  28 1146460988  
2  9 
1  78 1007142166  
1  92 1627994607  
2  15 
3 
2  42 
1  13 930682561  
1  18 1718645051  
3 
2  78 
1  5 1048569240  
2  17 
3 
1  68 92623036  
2  106 
2  31 
3 
1  25 570978781  
2  13 
1  11 220270426  
1  5 1697447193  
3 
3 
3 
3 
2  21 
1  18 846852198  
3 
3 
2  20 
3 
1  54 817780111  
1  118 1630856502  
2  49 
3 
1  103 524204920  
2  3 
3 
1  84 1779204386  
1  89 132144972  
2  19 
2  7 
1  17 433086466  
2  91 
2  14 
1  14 1461040459  
1  8 855924349  
1  20 485094440  
3 
2  19 
1  110 1298167654  
2  18 
2  50 
3 
3 
1  48 1613460722  
2  13 
1  91 1526804465  
3 
2  18 
1  17 504765638  
1  70 478724902  
3 
1  78 191098371  
2  11 
3 
1  107 1923602702  
3 
2  0 
3 
2  40 
2  34 
3 
1  52 613048391  
1  5 1554986287  
3 
2  44 
1  92 1758304796  
1  113 2010867050  
2  32 
1  7 553963627  
1  2 617963314  
3 
3 
1  8 1491378009  
2  61 
2  1 
1  10 1484646188  
3 
1  102 189124718  
2  81 
3 
2  6 
3 
1  11 392463601  
1  67 1577269224  
3 
2  10 
2  107 
3 
2  15 
2  29 
1  16 760103499  
3 
1  18 612734028  
2  54 
1  116 1127232769  
2  5 
2  85 
2  47 
2  22 
1  15 1606955697  
1  44 1430514139  
2  10 
3 
2  18 
2  96 
1  65 610605623  
2  7 
1  17 2131160617  
2  84 
1  7 1062234878  
1  25 742750596  
2  18 
3 
2  42 
3 
3 
3 
3 
2  39 
2  18 
1  95 416763435  
2  91 
2  16 
3 
1  9 375791689  
1  110 1598674945  
1  63 901857876  
1  16 1673959343  
1  1 1064652019  
3 
1  47 281178693  
3 
2  10 
3 
3 
1  51 31241334  
3 
2  2 
1  85 1543376921  
3 
1  40 472277064  
1  16 1954844036  
1  9 8941664  
3 
2  71 
3 
3 
2  51 
2  76 
2  36 
1  5 2027263351  
1  3 1565665184  
3 
3 
1  63 2019808714  
3 
1  1 433743330  
1  20 36144851  
1  22 1363703076  
1  23 1918389518  
3 
3 
1  30 225269569  
3 
1  109 1756166677  
2  73 
1  113 1348175094  
1  21 985373068  
2  126 
3 
1  80 221417057  
1  104 327924216  
1  25 444845117  
3 
2  46 
2  72 
1  63 1651931197  
1  2 938529839  
3 
3 
3 
3 
2  6 
1  9 428522086  
2  107 
3 
3 
1  16 566682427  
1  10 1681280435  
2  33 
3 
1  78 845285521  
1  83 942474116  
2  17 
3 
2  127 
2  17 
3 
1  10 1132471732  
1  104 1747143397  
3 
2  32 
2  17 
1  12 468949811  
1  84 49640103  
1  53 2028322091  
1  86 500191145  
3 
1  93 1593017025  
2  126 
3 
3 
3 
2  7 
1  97 353115507  
3 
2  3 
1  14 307551533  
2  101 
1  1 1601958689  
2  17 
1  16 232895211  
2  46 
3 
3 
1  4 1873216718  
2  30 
1  24 1474283756  
2  86 
1  74 666638541  
1  72 1909361569  
3 
3 
2  16 
2  122 
1  13 690503184  
3 
1  23 437544412  
3 
3 
3 
1  97 2134631138  
3 
2  126 
3 
2  19 
2  5 
3 
3 
2  46 
3 
1  99 299186213  
1  19 1785719506  
1  23 972520558  
3 
2  132 
3 
2  85 
3 
2  122 
3 
1  9 520603271  
3 
3 
1  93 2113643722  
3 
1  12 1417365675  
3 
2  4 
2  42 
1  2 25050820  
3 
3 
2  110 
3 
2  21 
2  10 
2  101 
3 
3 
3 
3 
3 
1  3 904689914  
1  94 1845887761  
3 
3 
1  0 591733247  
1  31 438486701  
2  26 
3 
2  52 
3 
1  0 543689634  
3 
1  60 1534207363  
1  53 1570958434  
1  19 143349384  
2  51 
3 
1  12 2003157174  
3 
3 
2  116 
2  17 
2  61 
3 
2  105 
3 
2  13 
3 
2  5 
3 
2  26 
2  117 
3 
3 
1  10 1620598537  
3 
2  33 
2  35 
2  7 
1  47 24187827  
2  17 
3 
2  100 
3 
3 
1  28 355864672  
1  27 1066131914  
2  4 
1  14 377303334  
2  17 
1  74 663416205  
2  73 
2  14 
3 
3 
2  20 
1  127 520606956  
3 
1  1 610198545  
2  29 
1  52 389149275  
1  22 1994890712  
2  24 
2  12 
3 
3 
2  99 
2  90 
1  23 1276837087  
3 
2  35 
3 
2  15 
2  2 
2  65 
2  36 
1  20 151027196  
1  15 537910248  
2  5 
2  61 
3 
1  16 1714381499  
1  47 138174686  
1  46 837096461  
3 
3 
2  22 
1  21 1352617357  
3 
2  14 
2  11 
3 
1  10 1110695244  
2  10 
3 
3 
1  12 1357699732  
2  70 
2  59 
2  0 
1  9 1318777432  
1  114 380577271  
2  12 
2  39 
2  1 
2  115 
3 
1  12 1382750552  
3 
1  0 75983698  
3 
3 
2  116 
2  112 
1  0 78981384  
2  51 
2  106 
3 
3 
1  15 1974483799  
1  99 514470399  
3 
1  118 622671019  
2  116 
1  78 1361207514  
3 
1  57 2085428833  
2  2 
3 
3 
1  45 766020403  
1  64 1216881041  
3 
1  80 1558543723  
2  9 
3 
1  113 790208230  
2  19 
1  2 1572745713  
1  93 477191989  
3 
2  68 
1  59 1167511564  
1  37 88678270  
3 
1  72 997798945  
1  17 1777710110  
1  95 477827546  
3 
2  30 
3 
2  41 
2  30 
2  19 
2  23 
3 
1  14 845206009  
1  14 907063549  
3 
1  0 628854742  
2  71 
3 
3 
3 
2  23 
3 
2  39 
1  52 1383116257  
1  7 473961400  
1  101 767029429  
1  124 72729071  
3 
2  12 
1  79 1826578757  
1  29 1877724673  
2  91 
1  27 1430428803  
2  105 
2  118 
3 
2  3 
3 
3 
1  73 997872541  
3 
3 
1  115 110818297  
2  122 
3 
1  107 665695708  
2  49 
3 
2  17 
1  21 1073856239  
1  21 189799681  
1  8 492695859  
2  78 
2  18 
3 
1  24 1588326639  
3 
2  4 
3 
1  91 812470700  
1  1 1853903374  
3 
3 
3 
2  117 
3 
3 
2  32 
2  79 
2  65 
3 
3 
2  46 
3 
2  28 
3 
2  51 
2  106 
2  52 
2  41 
1  124 1526271824  
1  89 1578491103  
3 
1  103 923300767  
3 
2  8 
2  69 
3 
3 
1  27 937331899  
2  92 
3 
2  27 
3 
2  4 
3 
3 
2  5 
1  109 221215685  
2  21 
1  10 348562832  
3 
2  109 
1  110 1414523889  
1  13 1388727250  
2  86 
2  116 
1  64 437241102  
2  7 
2  100 
2  85 
1  7 264839186  
1  5 1018953712  
3 
2  11 
3 
2  57 
2  22 
1  27 915068648  
2  27 
2  97 
3 
1  20 1110045196  
2  11 
2  103 
3 
3 
2  123 
3 
3 
1  3 1926017261  
1  9 1543923391  
3 
3 
2  32 
3 
2  90 
2  2 
2  125 
3 
1  127 345677805  
2  16 
2  21 
3 
2  2 
3 
3 
2  124 
2  16 
2  21 
1  104 252495013  
2  110 
1  2 163469172  
1  72 418406876  
2  1 
1  118 2079073770  
2  23 
2  69 
2  29 
3 
3 
1  61 2041193845  
2  2 
3 
2  58 
1  63 1848835680  
2  32 
1  5 929462664  
3 
3 
3 
3 
1  17 4528494  
1  31 367047740  
2  11 
3 
2  54 
2  7 
3 
3 
2  9 
2  120 
1  2 2003318903  
2  26 
2  101 
3 
3 
3 
1  15 194328176  
3 
1  13 859743599  
3 
2  93 
3 
3 
3 
3 
1  64 1444161894  
2  7 
2  30 
2  109 
3 
3 
1  9 1006798876  
1  11 566163325  
3 
1  78 822950071  
2  114 
2  20 
1  10 437806332  
3 
3 
3 
1  12 1489464092  
3 
3 
2  6 
2  11 
1  25 1760281970  
3 
1  40 659022017  
2  91 
3 
3 
3 
2  14 
1  84 1838026924  
2  6 
3 
3 
3 
1  25 1027322211  
2  87 
1  8 2047749267  
1  21 127784379  
1  83 1292161398  
3 
2  85 
3 
3 
2  22 
3 
3 
1  73 919219331  
2  32 
2  70 
2  15 
2  55 
1  17 1042853027  
3 
2  6 
3 
3 
1  3 254722946  
2  5 
2  17 
2  93 
2  20 
2  5 
2  0 
1  84 697752944  
2  19 
1  32 439292770  
2  10 
3 
1  8 600400751  
2  64 
3 
1  88 950247957  
3 
1  49 602761942  
1  60 1018807628  
1  43 881838080  
3 
3 
2  106 
2  16 
1  74 496472140  
3 
1  13 720159660  
3 
2  6 
2  10 
3 
3 
2  37 
1  12 1811300744  
2  1 
2  14 
2  43 
3 
3 
1  33 501000634  
1  40 1087207400  
2  75 
2  35 
2  0 
3 
2  11 
2  91 
1  11 1667135999  
2  18 
3 
1  11 695328810  
1  5 1946950999  
1  5 963814246  
2  7 
3 
2  15 
2  71 
1  18 1702127687  
1  36 365630677  
1  11 1786764317  
3 
3 
1  2 2139934019  
1  8 1855094769  
1  11 1399562639  
1  112 651472388  
3 
2  0 
1  6 1545638046  
3 
3 
1  61 279401203  
3 
2  16 
2  13 
2  11 
2  89 
1  66 551738008  
1  14 1673422425  
1  5 1571562601  
3 
2  82 
1  102 1470957339  
1  71 568791804  
2  24 
1  83 1826285547  
2  1 
1  13 21226636  
2  25 
3 
2  87 
2  60 
1  9 1008084575  
1  44 279202650  
2  67 
2  33 
2  20 
2  16 
3 
2  61 
3 
1  80 971474593  
2  52 
1  14 1610846517  
1  66 1298010278  
1  20 1853312673  
2  66 
3 
1  3 2107318657  
1  13 2018169938  
3 
3 
3 
3 
3 
1  2 1517129769  
1  16 460835644  
1  46 957893690  
2  19 
3 
1  86 1036782121  
1  52 1156164454  
2  3 
3 
2  8 
1  5 757361042  
3 
2  89 
2  78 
2  8 
2  56 
1  10 2000596367  
2  38 
3 
2  7 
3 
2  74 
2  10 
3 
2  9 
3 
1  27 710808493  
1  11 1122991719  
1  18 1639877036  
3 
3 
3 
1  71 703258864  
1  36 830602840  
1  59 891956027  
1  2 1354731253  
1  1 228757238  
2  104 
2  16 
1  92 1171357230  
3 
2  48 
1  49 1906469261  
3 
1  5 1902179663  
2  7 
3 
3 
3 
3 
2  52 
1  15 595436183  
2  13 
3 
3 
3 
1  14 1229942952  
1  81 323487820  
1  73 274238082  
1  0 1251169588  
3 
2  9 
1  17 1331572395  
2  94 
3 
3 
2  20 
3 
3 
1  15 553440733  
3 
2  5 
1  44 75160534  
3 
3 
3 
2  20 
2  50 
1  13 794935264  
1  0 1851451011  
3 
1  22 1928473207  
1  58 754770274  
3 
2  90 
2  29 
1  16 1722137302  
3 
1  78 1298119329  
1  55 1215605918  
2  19 
3 
2  15 
1  25 532547344  
2  5 
2  16 
3 
1  95 187417802  
2  49 
3 
3 
2  5 
2  4 
2  31 
1  13 224286724  
3 
1  3 1289908386  
1  19 40530521  
1  17 935095218  
3 
1  89 265416457  
2  9 
1  59 1680407557  
1  11 1638354082  
3 
2  73 
3 
2  13 
3 
3 
3 
1  84 1096019298  
1  18 424879936  
3 
3 
3 
2  6 
2  89 
2  0 
3 
3 
1  109 845601687  
3 
2  108 
1  85 1324776536  
3 
3 
3 
3 
3 
1  118 1596237167  
2  58 
2  18 
2  75 
1  7 604587300  
3 
2  56 
3 
1  114 1079472552  
3 
3 
1  110 44189702  
1  1 1834530253  
2  53 
1  114 1402960372  
2  0 
2  18 
2  4 
1  3 318427785  
1  3 938216193  
2  17 
1  73 587049119  
2  62 
3 
1  3 871868518  
3 
3 
1  48 1013376727  
3 
3 
2  26 
3 
1  19 1381984383  
1  4 575835881  
1  24 794366287  
2  13 
1  104 2136754657  
2  61 
3 
1  1 150489535  
3 
2  72 
3 
3 
1  113 2092485616  
1  40 1204876927  
3 
1  120 683036880  
2  24 
1  121 132419770  
1  18 1429163652  
1  13 1972945266  
3 
2  21 
3 
2  2 
2  113 
3 
3 
1  19 172950291  
3 
3 
2  4 
1  79 216775222  
1  21 90878076  
1  3 1853357848  
1  23 1855129304  
3 
1  17 1186897374  
2  0 
3 
3 
2  108 
1  6 130754136  
2  91 
3 
2  67 
2  93 
3 
3 
3 
3 
1  88 553247344  
2  29 
3 
1  37 364190262  
3 
1  0 1726991303  
1  19 1157834644  
2  0 
1  65 1443662814  
1  57 1771181006  
2  2 
1  119 844881249  
2  23 
1  1 699139538  
1  98 2089608791  
2  8 
2  117 
2  104 
1  20 1783097443  
2  74 
3 
3 
2  23 
1  25 1286188657  
1  43 813993661  
3 
3 
2  19 
1  67 648990522  
1  50 520689393  
3 
1  18 1389829542  
3 
2  2 
1  31 1443356809  
2  9 
3 
2  21 
2  21 
3 
2  21 
3 
2  1 
2  22 
1  4 509960402  
1  14 1540319078  
3 
2  2 
3 
2  79 
1  28 1388358777  
1  36 1714837330  
2  56 
2  104 
1  113 75872310  
1  28 1520778547  
2  82 
2  6 
1  0 996517334  
3 
1  11 2048817576  
1  1 1693728838  
2  88 
2  96 
1  19 1213292556  
1  4 2139695652  
3 
3 
3 
1  103 1399603038  
2  5 
2  33 
2  117 
1  16 920938212  
2  24 
3 
1  2 1179109378  
1  26 1530357175  
3 
1  105 1474185556  
1  48 1543299641  
3 
2  41 
1  26 1109864830  
2  4 
2  18 
3 
1  0 484536553  
2  126 
3 
3 
1  96 839478807  
3 
1  120 733562188  
1  105 1329417802  
2  9 
2  7 
2  50 
2  30 
3 
2  22 
3 
3 
1  9 1538618346  
1  39 675687331  
1  8 965031597  
2  37 
1  126 677323355  
3 
3 
3 
1  89 1489680992  
3 
2  15 
3 
1  15 1614022120  
1  114 1198012748  
3 
1  90 732026887  
2  100 
3 
2  59 
1  5 909895281  
3 
3 
3 
2  8 
2  14 
1  80 1707973151  
2  63 
1  19 124862317  
2  84 
1  3 150770411  
1  1 1275326833  
3 
1  73 200734627  
2  6 
2  96 
3 
1  38 1671548958  
3 
2  104 
3 
3 
1  103 124360519  
3 
2  10 
2  8 
1  125 102068555  
3 
3 
1  125 1217794149  
1  79 1337653075  
2  93 
1  8 94280560  
3 
1  2 469913539  
2  114 
1  37 111107639  
3 
3 
3 
1  87 1273389938  
3 
2  37 
1  16 2000270714  
2  66 
3 
2  81 
1  113 1585293196  
1  18 669205931  
2  14 
1  23 962651897  
1  50 2069829749  
2  60 
2  49 
2  93 
1  68 1508684739  
2  27 
2  9 
1  38 1696214085  
2  6 
2  0 
3 
1  67 1251763903  
3 
3 
3 
2  21 
2  12 
1  0 899819437  
2  74 
1  14 224417769  
3 
1  19 69311853  
3 
3 
1  12 1577142792  
2  10 
2  110 
1  2 1714098761  
2  4 
3 
2  101 
3 
3 
3 
3 
3 
3 
2  14 
2  3 
3 
3 
3 
1  8 1683333973  
2  104 
2  28 
3 
3 
1  41 627671893  
1  100 298642000  
2  16 
3 
3 
3 
1  10 445745606  
3 
3 
2  2 
2  25 
2  10 
2  16 
2  11 
2  13 
1  78 188161396  
1  8 423504317  
3 
2  3 
2  12 
3 
2  80 
3 
3 
3 
2  94 
3 
3 
1  33 596516017  
1  12 1463488229  
2  10 
1  31 624238944  
2  6 
1  61 120581328  
3 
3 
2  87 
3 
2  17 
2  68 
3 
1  87 1587848748  
3 
3 
3 
3 
2  11 
2  3 
2  0 
1  1 726307500  
1  6 1338375477  
2  24 
2  38 
1  93 778018175  
3 
1  9 820588060  
1  43 1808289016  
1  8 889125814  
2  2 
3 
1  32 2093977998  
1  7 1661076083  
2  33 
1  16 326935362  
2  40 
2  30 
3 
3 
3 
1  73 615700282  
2  12 
3 
3 
1  67 476244332  
2  5 
2  1 
2  4 
1  11 249281463  
3 
2  13 
1  25 2124385021  
1  67 24974769  
2  9 
3 
1  72 1501045367  
2  105 
3 
1  55 876720810  
3 
1  0 249392538  
2  44 
1  61 1570357220  
1  112 306379954  
3 
2  7 
3 
2  8 
3 
2  111 
3 
2  9 
3 
1  3 1963491300  
1  89 1106207545  
3 
1  81 934051847  
3 
2  1 
1  4 114649652  
3 
2  8 
1  2 1551953151  
2  76 
3 
1  105 1122213243  
3 
3 
1  2 538153970  
3 
3 
1  8 985521  
2  7 
1  73 438217824  
2  2 
1  36 1162392914  
1  9 121566849  
2  13 
2  11 
2  3 
3 
2  109 
3 
2  107 
3 
1  3 2026066572  
1  90 1888700414  
2  4 
2  105 
2  4 
2  6 
3 
1  32 1459942326  
2  7 
1  108 656601099  
3 
3 
3 
2  42 
1  36 561804826  
2  5 
3 
2  6 
2  3 
2  0 
2  68 
3 
1  98 1120747694  
3 
1  0 1545726914  
3 
1  4 508299177  
2  103 
3 
1  3 634340129  
3 
2  4 
2  2 
1  3 1872662276  
1  5 1123999459  
3 
2  1 
3 
1  35 1110584461  
2  3 
2  100 
3 
3 
1  4 2121943740  
1  0 1100900832  
3 
2  18 
1  3 1135559231  
3 
3 
3 
3 
3 
1  72 1475505459  
2  15 
1  0 1977621642  
1  2 1384951769  
3 
2  58 
2  5 
3 
2  10 
2  0 
3 
3 
2  5 
2  0 
3 
1  4 898379031  
2  1 
2  4 
1  8 136517948  
2  3 
1  0 1200959421  
2  49 
2  0 
1  84 2004586576  
2  38 
3 
2  0 
2  57 
2  2 
1  0 1070569796  
2  1 
2  1 
1  0 1315609074  
3 
2  85 
1  0 1409056079  
3 
3 
1  102 45299391  
3 
1  2 1853763044  
3 
3 
1  1 1410041600  
1  74 483517216  
1  0 868672310  
1  101 1531608449  
1  24 362100140  
2  20 
2  12 
3 
2  5 
1  3 609889077  
2  0 
3 
2  79 
3 
2  3 
2  31 
1  20 844067127  
1  3 1018701240  
3 
1  2 1171693903  
3 
2  9 
2  88 
2  16 
3 
1  74 1964814822  
1  4 416944506  
2  48 
1  0 1679993080  
1  5 451671303  
1  109 142123134  
3 
2  5 
2  87 
1  36 656508891  
1  0 1562255765  
2  6 
2  4 
3 
3 
3 
2  31 
1  3 116583226  
3 
2  37 
2  102 
3 
2  1 
1  70 1757409723  
2  6 
2  4 
2  0 
3 
1  1 550331348  
1  87 1592088685  
1  0 1587547717  
2  51 
3 
1  102 1935283117  
2  85 
3 
3 
2  5 
1  51 342984068  
3 
3 
2  3 
1  3 1724065666  
3 
2  10 
1  9 988758891  
1  9 200086996  
1  2 647151814  
1  88 156884317  
2  4 
3 
1  3 1609143076  
2  3 
1  4 692451205  
2  5 
2  59 
1  99 2010647361  
2  2 
2  0 
3 
2  56 
2  2 
3 
2  83 
2  0 
1  0 871701028  
2  0 
3 
1  0 1175968421  
1  0 731836023  
3 
3 
3 
1  1 255825830  
1  12 1538068562  
2  85 
3 
1  0 1341725100  
3 
1  56 1099892957  
1  74 409286154  
1  1 365935356  
2  5 
2  56 
3 
1  38 917224131  
3 
2  2 
1  50 826230660  
2  3 
1  22 2045928436  
2  32 
2  2 
1  75 1368895435  
3 
3 
1  74 968353794  
1  0 554953680  
2  46 
1  59 783667552  
2  1 
3 
2  39 
1  78 1084937021  
2  0 
3 
2  0 
2  41 
1  0 164879755  
3 
3 
1  0 1333998900  
2  1 
1  0 529542058  
2  0 
2  63 
3 
3 
2  0 
2  92 
1  26 1752427473  
3 
3 
1  61 1121798369  
1  0 872526127  
3 
1  0 1329009491  
1  0 2110557260  
1  0 1072613123  
2  20 
3 
3 
3 
3 
3 
3 
3 
3 
1  47 1976161305  
2  72 
2  0 
2  2 
2  0 
3 
3 
1  26 119957929  
3 
3 
3 
2  0 
1  63 534272551  
3 
1  70 521128862  
2  0 
1  68 2130605290  
3 
3 
3 
1  0 1405973580  
2  0 
2  0 
1  85 1697097284  
3 
2  0 
2  0 
2  0 
2  2 
1  0 714957666  
3 
3 
1  8 1661799410  
2  52 
2  0 
3 
1  7 1087682198  
3 
1  17 2056682766  
2  90 
2  0 
1  0 614208719  
1  0 1496968352  
1  52 275134474  
2  40 
1  0 1531432851  
1  36 175715364  
3 
2  2 
3 
1  1 173579263  
2  1 
2  19 
3 
1  0 752844638  
3 
3 
2  2 
1  8 1144069158  
2  0 
1  76 728532943  
3 
1  0 1536512190  
1  79 81522531  
1  0 893412698  
2  27 
3 
1  2 723027442  
2  2 
3 
3 
3 
