2  0 
2  0 
3 
2  0 
4 
1  0 2026881171  
2  58 
2  0 
4 
4 
4 
4 
3 
1  0 611630803  
3 
1  0 350402887  
2  33 
1  0 792590866  
2  0 
3 
3 
2  0 
4 
3 
2  0 
4 
1  21 757700686  
1  63 220036403  
3 
3 
1  42 124347592  
2  0 
4 
4 
2  94 
2  0 
3 
1  21 64444613  
1  9 1306622664  
4 
4 
1  89 2080676281  
1  0 1692132905  
2  60 
4 
4 
2  34 
2  87 
4 
2  0 
1  0 2019368400  
2  13 
3 
3 
1  0 713994708  
4 
1  0 216426752  
1  0 293556377  
2  0 
4 
1  0 1755599031  
4 
4 
4 
3 
1  58 1306024813  
2  0 
3 
4 
2  72 
3 
4 
2  0 
1  51 19771562  
4 
3 
1  0 1449131164  
2  52 
4 
1  0 1170892263  
2  0 
4 
1  47 1413132917  
3 
4 
3 
1  0 1304684776  
3 
1  0 1775938323  
4 
4 
1  6 1213391627  
4 
3 
1  48 663147561  
2  75 
1  44 733548014  
1  88 1964626507  
3 
1  0 506174089  
1  59 1552539791  
1  0 1461609203  
2  0 
1  0 1576720023  
3 
1  0 1431937314  
3 
4 
4 
4 
4 
2  68 
1  26 2073240006  
4 
2  11 
2  10 
2  6 
1  0 1927122910  
4 
2  0 
3 
3 
2  16 
2  0 
4 
3 
1  0 77044533  
4 
1  0 683457045  
1  27 2147159313  
1  0 201392125  
4 
3 
1  64 747901658  
3 
3 
2  0 
4 
2  9 
2  0 
4 
2  57 
4 
3 
4 
2  91 
4 
3 
1  71 1306298329  
2  29 
2  19 
2  100 
3 
4 
1  26 134584758  
2  0 
1  53 292550915  
2  0 
3 
3 
2  92 
1  0 1178183081  
2  20 
2  100 
4 
1  65 848579466  
2  8 
3 
4 
3 
1  76 508977668  
1  49 1471739459  
1  0 456694849  
4 
4 
1  50 1815002481  
1  0 1491511021  
4 
3 
3 
1  0 1905826013  
1  78 838411096  
3 
2  35 
2  61 
3 
4 
3 
4 
4 
1  0 757160291  
3 
1  71 1063027141  
1  87 466865772  
4 
4 
4 
2  0 
2  0 
1  12 1970551918  
4 
1  0 1726174703  
3 
3 
4 
2  0 
4 
3 
4 
2  0 
3 
3 
3 
3 
2  9 
3 
4 
3 
3 
2  66 
4 
4 
3 
1  0 1200413786  
3 
2  0 
3 
1  0 1787694778  
2  0 
1  0 84865144  
4 
1  0 605469929  
1  0 1101820333  
2  64 
2  46 
1  25 1661585167  
2  17 
2  0 
1  86 2037407243  
1  9 1027576691  
3 
4 
1  0 1441224430  
2  0 
2  35 
1  66 2114451776  
4 
4 
2  0 
3 
4 
3 
2  68 
1  0 1711033736  
4 
2  15 
2  0 
3 
1  57 1440900095  
1  42 168360254  
3 
4 
1  43 311451746  
4 
4 
1  0 599714777  
4 
1  0 302945012  
2  4 
1  0 604002662  
2  0 
4 
2  0 
4 
4 
3 
2  74 
2  66 
2  0 
4 
3 
4 
3 
2  20 
4 
3 
4 
2  45 
1  73 1777897858  
2  56 
2  20 
4 
2  79 
4 
4 
3 
1  67 1151524479  
4 
4 
3 
3 
1  0 1112980330  
4 
1  82 1102153669  
1  0 1608219328  
2  26 
1  0 780499163  
3 
2  0 
4 
2  64 
1  0 446181043  
4 
4 
3 
3 
4 
2  90 
2  46 
4 
2  0 
1  0 1366561694  
3 
4 
2  0 
3 
4 
3 
2  26 
1  0 1618910260  
4 
2  8 
4 
2  0 
1  50 1203341334  
1  60 282105187  
1  0 2085776032  
1  78 1026409604  
4 
4 
4 
1  0 2008279890  
4 
4 
3 
2  5 
2  0 
3 
4 
1  0 1138706170  
4 
2  46 
1  59 666620734  
4 
3 
4 
4 
3 
3 
2  0 
1  13 2093145035  
1  0 1744176099  
1  0 1768441067  
3 
4 
3 
4 
1  0 1607246554  
2  0 
2  54 
2  0 
4 
3 
1  93 1634099694  
1  0 648534111  
2  36 
3 
4 
3 
3 
2  0 
4 
1  0 900987336  
4 
3 
4 
3 
4 
4 
4 
1  0 1601067823  
2  78 
3 
4 
1  0 212084199  
4 
2  0 
4 
4 
1  78 194403784  
4 
4 
2  0 
1  0 1769428077  
1  8 523535946  
2  0 
4 
1  66 794118561  
4 
1  62 2072373089  
4 
2  75 
2  48 
2  82 
4 
4 
4 
4 
4 
4 
1  65 1127538608  
1  0 424532771  
1  79 1076413920  
3 
1  0 93035290  
4 
3 
3 
1  95 1526686441  
3 
3 
4 
3 
3 
3 
3 
1  7 537149601  
3 
4 
3 
3 
3 
4 
2  67 
4 
2  86 
1  90 873534453  
2  0 
1  86 1972867484  
3 
3 
3 
3 
1  0 1903711295  
3 
4 
2  86 
2  34 
2  51 
4 
1  38 344961065  
2  0 
4 
1  0 1028725170  
2  0 
2  79 
2  0 
4 
3 
2  0 
3 
3 
4 
1  0 38332834  
1  0 283253449  
4 
1  16 2055134774  
4 
1  49 2046612725  
1  58 1421959619  
3 
2  0 
1  0 574271861  
2  0 
3 
4 
1  81 1992274112  
4 
4 
4 
1  0 1018652070  
2  0 
2  47 
2  0 
4 
3 
1  0 195229280  
2  0 
2  9 
4 
4 
1  0 1452037018  
1  0 505268117  
1  0 843763391  
2  0 
2  61 
4 
1  0 205540707  
4 
2  0 
4 
2  0 
4 
1  0 2106335940  
2  0 
1  77 1055847591  
1  62 399944491  
2  0 
4 
3 
2  0 
1  45 1728280369  
2  82 
4 
2  67 
2  24 
2  0 
1  0 1579383537  
3 
3 
2  0 
3 
2  0 
4 
1  39 1194063052  
4 
2  0 
2  25 
3 
3 
3 
3 
1  29 1653169810  
1  0 559438497  
3 
1  0 1618595823  
4 
1  0 582100083  
4 
4 
4 
3 
2  41 
4 
3 
3 
4 
1  0 652473787  
1  0 997798616  
1  2 1119249684  
2  0 
3 
3 
3 
3 
1  0 1526008240  
3 
3 
2  0 
2  25 
4 
3 
1  31 823182452  
4 
3 
1  0 875477331  
1  5 1870969306  
2  0 
2  0 
2  0 
2  23 
1  69 1851907622  
2  51 
2  33 
1  0 913810165  
4 
1  29 6739107  
1  0 1759558749  
3 
3 
3 
2  0 
2  0 
4 
4 
1  25 812939242  
2  54 
4 
1  100 1428698727  
4 
4 
4 
2  0 
4 
4 
3 
3 
3 
2  0 
3 
1  0 186346962  
3 
4 
1  0 657729706  
3 
2  49 
1  11 299867149  
2  37 
2  0 
2  0 
1  0 381576242  
1  100 2109766725  
1  6 805135266  
3 
3 
4 
3 
4 
4 
4 
4 
2  76 
4 
3 
3 
3 
1  52 1225339634  
1  16 167823784  
4 
2  64 
3 
4 
3 
3 
3 
1  0 763987558  
3 
4 
1  3 133703577  
2  92 
1  89 567768275  
4 
2  0 
3 
1  0 344784279  
4 
2  37 
4 
3 
1  74 1713087114  
2  0 
2  0 
3 
4 
1  48 1761831327  
3 
1  0 1997954090  
1  3 125041963  
1  0 1232943502  
3 
4 
1  0 432570525  
3 
4 
2  0 
2  0 
3 
2  83 
2  49 
1  88 777515750  
2  74 
4 
1  23 83258471  
3 
1  79 1551820209  
1  0 156040342  
2  40 
3 
1  0 906440923  
3 
2  85 
2  0 
2  0 
1  92 279813892  
4 
2  65 
3 
3 
4 
3 
2  13 
3 
3 
4 
1  33 2027009648  
1  57 610864898  
2  63 
2  84 
3 
4 
2  93 
3 
3 
3 
1  0 1193624057  
4 
4 
2  0 
1  21 2033748756  
1  95 222939999  
4 
1  56 2006563300  
4 
2  0 
2  0 
1  86 1314963835  
3 
1  18 409286961  
3 
1  0 516809358  
1  99 1614830984  
4 
3 
2  0 
3 
1  0 790863203  
2  0 
4 
2  0 
4 
4 
3 
1  0 479092435  
1  73 272482603  
3 
2  57 
1  0 2016202837  
3 
4 
2  0 
2  64 
2  0 
4 
4 
4 
1  42 646916219  
2  79 
1  56 1036470161  
3 
4 
2  60 
1  94 2422766  
2  0 
2  19 
1  0 1214684494  
3 
4 
2  0 
1  67 1381254441  
4 
4 
3 
3 
1  13 1715509880  
2  94 
1  0 829032173  
2  0 
1  0 1231724883  
2  56 
4 
3 
3 
1  0 1840551843  
3 
2  0 
2  0 
2  0 
3 
3 
4 
3 
1  64 2061975676  
1  0 1664295408  
2  14 
1  0 470583945  
3 
1  72 2145234147  
3 
4 
2  1 
4 
1  0 1068631969  
4 
2  32 
3 
1  0 626624288  
2  24 
3 
4 
2  0 
4 
2  6 
4 
3 
1  0 904191422  
4 
1  0 1348445861  
3 
1  88 506150288  
1  0 1515056320  
1  0 394586270  
1  0 392415396  
4 
1  0 1737996319  
4 
2  0 
3 
1  28 253665922  
3 
3 
1  0 1707379231  
3 
1  88 2147283280  
2  0 
1  85 770475281  
1  0 1174726568  
3 
3 
3 
2  0 
3 
3 
4 
1  0 790662836  
2  0 
1  56 1249567716  
2  31 
4 
2  19 
4 
4 
4 
3 
3 
1  38 1447209171  
1  0 659382025  
1  0 1896483936  
4 
4 
4 
4 
1  0 336195684  
3 
2  0 
3 
4 
3 
3 
1  0 661804792  
4 
2  0 
3 
3 
2  0 
4 
3 
3 
4 
3 
4 
2  0 
2  0 
1  67 963684782  
4 
2  23 
4 
3 
1  26 1717450125  
1  62 229831024  
1  0 1792716956  
2  88 
2  0 
4 
2  86 
3 
2  0 
1  0 801691360  
2  0 
3 
4 
4 
3 
4 
3 
3 
1  0 2070382868  
1  0 1707208984  
1  0 318503120  
1  0 393483165  
2  5 
2  67 
3 
2  0 
2  0 
2  93 
3 
3 
2  32 
3 
2  99 
2  0 
4 
1  0 1704959483  
3 
1  74 1387135089  
2  23 
2  37 
1  0 1020107453  
2  0 
2  0 
1  0 461667257  
4 
3 
2  0 
3 
4 
3 
4 
2  0 
3 
3 
2  0 
1  0 588097302  
4 
2  0 
3 
2  0 
2  7 
2  0 
3 
1  0 1526257742  
4 
3 
1  9 1976723578  
3 
1  96 982683573  
1  55 1918673138  
1  0 1567236249  
3 
2  0 
3 
2  0 
2  83 
4 
4 
4 
3 
1  0 1236349495  
1  0 1478568722  
1  0 1567035882  
1  74 2006824776  
2  0 
2  0 
4 
4 
4 
4 
3 
3 
2  30 
1  62 505811642  
4 
2  0 
2  0 
1  95 210215070  
4 
2  0 
3 
3 
4 
4 
3 
4 
3 
2  0 
2  0 
1  0 1108908845  
1  0 1953020813  
3 
4 
4 
2  0 
3 
2  0 
2  0 
4 
4 
1  0 869597095  
1  0 857909133  
1  66 141732849  
2  0 
3 
1  0 1531401887  
4 
3 
3 
3 
4 
2  0 
4 
1  0 1821593915  
1  94 1859182975  
3 
3 
1  67 1761232912  
4 
4 
4 
2  71 
2  42 
3 
2  0 
4 
4 
3 
3 
3 
3 
2  3 
2  0 
2  33 
1  43 1466827223  
2  83 
2  0 
1  81 513390687  
4 
3 
4 
1  0 1684132132  
3 
4 
4 
4 
3 
3 
4 
1  0 1026552559  
3 
2  88 
3 
1  94 831893808  
1  0 2077615297  
3 
2  0 
2  0 
3 
2  0 
3 
1  2 584028394  
1  0 71545249  
3 
4 
3 
1  36 950239103  
3 
3 
4 
3 
1  0 1045695652  
2  86 
3 
3 
2  77 
3 
4 
2  64 
4 
3 
3 
2  0 
3 
3 
1  60 659642552  
4 
2  13 
1  0 329013197  
4 
3 
1  5 874935582  
4 
2  0 
3 
4 
1  50 1642326125  
1  20 100202687  
4 
2  0 
3 
1  0 294688183  
2  27 
4 
4 
4 
2  31 
3 
3 
3 
2  0 
1  86 731191972  
1  0 1578771409  
2  0 
4 
4 
4 
2  72 
2  17 
1  44 1861724065  
1  0 590533101  
3 
2  0 
4 
1  1 2084583051  
4 
4 
4 
2  23 
1  0 2071939135  
4 
2  0 
2  0 
3 
1  99 1699441946  
1  0 1890120216  
4 
1  0 794052583  
1  0 409867431  
3 
1  39 2031853066  
4 
1  0 177970822  
4 
4 
3 
4 
2  0 
3 
3 
3 
1  0 83977698  
2  0 
3 
4 
1  67 1743552393  
4 
1  17 1939203734  
1  12 1550804922  
2  0 
2  0 
4 
1  36 109459432  
3 
1  0 1475852218  
3 
4 
1  17 429873833  
3 
3 
2  0 
4 
3 
1  17 941353240  
1  81 1405983868  
1  0 1013902228  
3 
1  0 1012898490  
4 
1  0 208739323  
3 
4 
1  0 2059597880  
3 
1  46 1672541042  
3 
3 
2  3 
3 
4 
4 
4 
2  0 
3 
2  27 
4 
4 
2  37 
1  79 537752520  
1  15 787049814  
4 
4 
2  15 
1  63 1167383519  
4 
3 
2  0 
3 
4 
4 
2  0 
1  51 637955207  
4 
4 
1  36 1081737997  
1  0 1898575491  
2  0 
2  70 
4 
3 
4 
2  77 
1  42 69242969  
2  91 
2  0 
1  85 795978415  
2  0 
2  23 
2  0 
3 
4 
4 
1  0 341624944  
3 
3 
2  0 
2  0 
1  60 6342372  
2  0 
4 
2  0 
4 
2  0 
3 
1  99 720433902  
3 
4 
1  48 2041066890  
3 
1  27 1896462589  
1  0 1514486485  
3 
2  0 
4 
4 
3 
4 
3 
1  36 303450673  
3 
2  62 
2  0 
4 
2  0 
2  0 
4 
1  0 1780832007  
3 
3 
1  17 1692457308  
3 
2  0 
4 
2  35 
4 
3 
2  42 
3 
1  0 387428372  
1  0 1376900752  
4 
2  0 
4 
4 
2  0 
1  0 1484177394  
4 
4 
1  41 1938233294  
3 
1  0 1486360184  
2  0 
1  0 812545965  
1  0 220623479  
2  0 
3 
4 
3 
2  10 
1  0 280229777  
4 
1  0 71046185  
4 
3 
1  0 1234525707  
2  89 
4 
1  100 1293128267  
4 
3 
2  21 
1  0 279785508  
3 
3 
2  25 
3 
1  0 1146639939  
2  0 
1  32 818185661  
2  0 
1  0 817538028  
2  0 
2  0 
1  6 1933689753  
1  80 1985569180  
4 
3 
4 
4 
3 
1  67 1455493235  
3 
3 
1  23 867944103  
1  0 1736661023  
4 
4 
1  93 1524736204  
3 
4 
1  0 1663922518  
1  0 2078285968  
4 
4 
1  0 1531078577  
3 
4 
2  98 
1  0 236872772  
2  0 
1  13 1971869210  
1  6 1280057518  
2  22 
4 
1  35 1751359258  
4 
2  0 
1  61 127836236  
4 
4 
4 
4 
3 
2  0 
3 
3 
4 
2  0 
3 
3 
2  0 
2  0 
2  72 
2  0 
1  0 913405877  
4 
4 
3 
3 
4 
1  0 1296332918  
4 
2  0 
3 
4 
2  20 
2  0 
1  0 515264608  
1  0 142822981  
4 
4 
3 
4 
3 
3 
1  0 633026664  
2  45 
3 
4 
1  82 306014254  
3 
3 
3 
2  17 
1  93 1629183165  
3 
2  66 
1  0 1445572629  
4 
4 
3 
1  0 526637733  
2  0 
2  0 
4 
3 
3 
4 
4 
1  0 1909412942  
3 
1  0 1516618814  
1  76 1761163441  
4 
3 
4 
3 
1  96 1055057561  
4 
1  7 1796404322  
4 
3 
1  53 760319732  
3 
2  0 
4 
3 
2  84 
2  97 
4 
1  0 1873243222  
3 
1  0 466458702  
3 
2  89 
3 
3 
3 
1  0 546525838  
3 
4 
4 
2  0 
3 
2  28 
1  0 1711328754  
4 
2  0 
1  0 1921951938  
1  61 1414469941  
3 
1  0 1300506130  
1  39 1299204494  
1  0 930908811  
3 
2  0 
3 
3 
3 
2  0 
2  75 
2  21 
3 
2  0 
1  11 1231308450  
4 
2  91 
4 
2  0 
2  51 
3 
2  83 
3 
2  58 
4 
2  36 
2  0 
1  0 682799423  
1  49 1167781583  
4 
4 
3 
4 
1  0 1055694012  
3 
3 
4 
3 
4 
4 
1  17 1962856941  
2  0 
2  33 
4 
2  0 
2  0 
4 
3 
3 
4 
3 
4 
4 
4 
2  0 
4 
4 
4 
2  59 
4 
2  31 
1  42 771657193  
2  0 
3 
4 
4 
2  0 
1  50 1183530248  
2  0 
1  91 728779170  
4 
2  0 
3 
4 
4 
4 
3 
1  51 2067990111  
4 
3 
4 
2  2 
2  92 
3 
1  0 1698794856  
4 
1  12 871602151  
1  0 553533128  
1  26 2004809110  
1  0 353301669  
3 
4 
3 
4 
4 
4 
3 
4 
2  0 
2  57 
1  0 1999105757  
3 
4 
2  73 
1  0 383963196  
4 
3 
2  80 
3 
4 
1  50 115230963  
4 
1  15 1368240924  
4 
4 
3 
3 
3 
3 
1  0 2145126637  
3 
2  28 
4 
4 
4 
1  0 1170288525  
4 
1  73 1017161598  
2  0 
1  51 757962721  
4 
3 
1  61 896048099  
3 
4 
1  0 1483620301  
1  38 1304488559  
3 
3 
2  38 
2  0 
2  0 
4 
1  0 459893206  
2  0 
4 
3 
2  23 
2  100 
2  57 
4 
1  23 1258088591  
3 
4 
2  0 
2  56 
2  0 
3 
4 
1  0 571474852  
2  7 
2  86 
1  0 1760399336  
1  0 409809437  
1  0 1502383663  
1  97 844224138  
1  0 1092608861  
4 
1  0 522681599  
4 
4 
2  0 
2  7 
2  29 
4 
4 
2  0 
1  80 1899918150  
1  0 907982154  
1  0 1294338792  
3 
4 
4 
3 
3 
3 
2  0 
3 
3 
1  0 935964751  
1  43 1636761325  
3 
2  0 
2  0 
4 
1  51 1214845256  
2  49 
3 
1  90 487275959  
2  4 
1  53 360879828  
3 
3 
2  0 
4 
1  20 1768378384  
3 
3 
2  25 
2  97 
2  0 
4 
4 
2  0 
2  0 
1  47 344601422  
3 
4 
2  0 
1  34 714181497  
4 
2  92 
2  47 
3 
1  85 1620000493  
3 
2  10 
3 
2  0 
3 
2  0 
2  46 
3 
4 
4 
1  70 728564618  
1  0 829412461  
4 
1  90 840757769  
1  0 726207607  
4 
3 
2  51 
1  0 1999700986  
3 
2  94 
1  0 1857919368  
4 
1  0 1484170328  
3 
2  79 
1  94 748265437  
2  0 
2  32 
1  0 1194056021  
1  0 641175240  
1  15 1208158643  
1  0 304660964  
1  0 1212650092  
2  50 
4 
2  76 
3 
1  39 821074331  
2  16 
1  69 714470401  
3 
4 
1  52 567550108  
1  0 1665298469  
4 
3 
3 
1  0 1807079262  
4 
3 
1  0 1090231707  
2  0 
1  8 1417732972  
2  0 
3 
3 
4 
1  37 567577769  
1  12 237086851  
3 
3 
4 
1  19 206214075  
2  0 
1  0 56855446  
2  0 
1  0 1451932107  
3 
1  0 693490034  
1  8 417735274  
4 
2  86 
4 
4 
4 
3 
1  86 1072826843  
3 
2  0 
4 
2  0 
1  0 1038091456  
3 
3 
1  0 1131916772  
3 
4 
1  71 545343689  
4 
2  0 
2  85 
2  0 
3 
2  0 
1  0 1766656074  
3 
2  0 
1  0 1961329233  
4 
2  82 
2  0 
4 
4 
3 
1  89 1386101458  
1  44 345380033  
4 
4 
4 
2  0 
4 
3 
3 
3 
4 
4 
3 
2  0 
1  33 1813546571  
4 
4 
3 
1  63 1096537178  
4 
4 
1  8 1829550362  
2  70 
3 
1  0 414328360  
3 
4 
2  90 
1  0 143109551  
4 
4 
3 
3 
2  22 
1  2 323241954  
4 
1  90 1622487004  
3 
3 
3 
4 
2  75 
2  24 
4 
3 
4 
1  74 447770515  
2  39 
4 
3 
1  0 1535892046  
3 
1  4 296077687  
1  19 1162240917  
3 
4 
4 
2  14 
1  0 2103442154  
4 
1  0 1961376157  
2  2 
3 
1  0 821836531  
2  64 
3 
1  33 1046190213  
2  39 
1  0 1231625481  
4 
4 
2  0 
1  0 1389414300  
4 
3 
2  47 
3 
1  0 1283277065  
3 
2  0 
2  64 
4 
4 
4 
2  0 
2  72 
4 
3 
2  99 
1  0 1437839556  
2  0 
2  0 
1  0 1446269746  
2  0 
3 
4 
1  0 587725524  
3 
3 
3 
1  6 2131329590  
4 
3 
4 
4 
2  24 
3 
2  7 
4 
1  96 1864005021  
3 
2  26 
2  0 
3 
4 
3 
3 
4 
2  0 
1  0 1660552368  
3 
3 
4 
2  0 
4 
2  0 
2  0 
2  6 
4 
2  67 
3 
3 
1  0 1021937399  
3 
1  86 848438145  
3 
1  30 58412409  
3 
1  0 641109825  
2  0 
4 
4 
2  78 
3 
3 
2  8 
2  0 
1  0 662283730  
1  8 1444513867  
2  0 
1  0 986489859  
3 
3 
4 
4 
3 
1  0 328346653  
3 
4 
4 
1  0 393567398  
3 
1  0 668556573  
4 
1  0 742675013  
4 
3 
1  0 536676949  
1  49 991798527  
2  28 
2  92 
3 
2  0 
4 
1  92 217678369  
4 
1  36 984447465  
3 
2  76 
4 
3 
3 
1  100 380206925  
1  0 513756057  
2  66 
3 
4 
4 
1  66 2146688382  
3 
3 
1  0 336165432  
4 
3 
4 
3 
1  58 327648566  
3 
4 
4 
4 
2  93 
1  0 821041265  
4 
2  0 
2  0 
4 
2  0 
4 
4 
4 
4 
4 
3 
3 
4 
1  0 1382355645  
4 
3 
1  11 1559274047  
1  85 62971918  
3 
3 
4 
2  0 
1  0 518149062  
2  0 
3 
3 
3 
2  0 
3 
1  29 849629955  
1  0 1509241664  
2  0 
1  16 1105874587  
1  0 833475897  
1  0 1225763037  
1  0 618943307  
4 
1  2 1855413296  
3 
4 
1  0 2074201182  
2  0 
1  87 677355716  
1  0 349039474  
2  0 
1  0 589001264  
4 
1  22 2121869583  
1  0 1335529333  
4 
3 
3 
1  52 917347917  
4 
2  11 
1  92 367953333  
4 
4 
2  0 
1  0 2004085906  
4 
1  0 1660022931  
1  0 904630283  
1  0 848400785  
3 
4 
4 
4 
1  87 1877701300  
1  0 1889077748  
1  35 1228607710  
2  64 
1  0 243973709  
2  46 
1  17 1888282482  
2  76 
2  71 
3 
1  51 1564773142  
2  63 
3 
2  68 
1  0 571622275  
3 
4 
4 
2  0 
1  2 561840099  
4 
3 
1  68 799645140  
4 
2  0 
1  0 2130896322  
3 
3 
2  2 
3 
3 
4 
4 
2  0 
4 
3 
1  0 624812017  
3 
1  0 1317794202  
3 
3 
2  9 
3 
2  0 
1  0 833042629  
3 
2  0 
1  0 2134053682  
4 
4 
2  0 
3 
3 
2  0 
4 
4 
1  3 276185141  
4 
4 
4 
1  0 1666518527  
4 
3 
1  0 1212333071  
2  67 
3 
3 
3 
1  0 895128448  
1  68 1374448175  
3 
1  0 1139050606  
1  47 1572484164  
2  18 
1  0 1723487649  
4 
2  0 
1  44 1728051870  
3 
3 
4 
2  96 
4 
2  0 
1  19 1546870100  
4 
4 
3 
3 
4 
4 
4 
1  8 911533334  
3 
4 
2  61 
2  0 
4 
4 
1  10 497916140  
2  0 
1  0 1914823433  
3 
2  0 
4 
3 
3 
1  47 768135592  
4 
2  0 
3 
1  0 10455423  
1  0 671970068  
3 
1  9 1616536377  
1  0 1888156723  
4 
3 
4 
4 
2  49 
1  0 413564168  
3 
4 
3 
2  23 
2  0 
3 
3 
1  25 697660440  
2  0 
1  0 2132130433  
4 
4 
4 
1  94 154363002  
1  70 114949934  
4 
2  0 
3 
3 
4 
2  0 
2  2 
3 
4 
4 
3 
1  66 556269060  
4 
4 
1  20 716203102  
2  0 
4 
2  93 
3 
2  1 
2  37 
3 
3 
1  0 914595074  
1  0 539681735  
4 
1  83 1341015119  
1  65 84905629  
3 
4 
4 
4 
3 
4 
1  0 1372724364  
3 
4 
1  53 1327585153  
3 
1  49 361090770  
1  96 891759243  
1  0 392434577  
1  80 1256219219  
1  13 118723771  
4 
2  42 
1  15 1531485183  
1  0 681219735  
1  1 1842211420  
2  50 
4 
3 
2  98 
3 
4 
3 
1  0 1112053405  
4 
2  0 
1  54 80606187  
3 
3 
1  61 606261107  
2  0 
4 
1  95 1609969545  
3 
4 
4 
4 
4 
2  20 
2  27 
3 
2  0 
2  94 
3 
4 
4 
3 
2  22 
1  0 1995429621  
2  0 
3 
2  18 
3 
1  0 1374396699  
2  0 
3 
2  20 
1  0 1620424968  
1  0 519916041  
4 
2  0 
1  35 843449429  
4 
3 
3 
2  0 
3 
1  0 1361098044  
1  32 933480210  
4 
2  0 
1  0 1541109869  
2  42 
1  0 1345744829  
4 
3 
1  0 1087843212  
3 
1  0 1656059803  
4 
3 
2  0 
2  0 
2  8 
4 
3 
4 
4 
4 
2  36 
3 
3 
3 
3 
4 
1  0 1902013889  
2  0 
1  71 1804046314  
4 
3 
2  0 
2  0 
4 
1  0 423171230  
3 
1  66 294211976  
1  64 997577786  
3 
4 
4 
2  59 
2  0 
1  66 508076859  
1  8 1666936341  
2  26 
4 
2  74 
1  0 177679291  
3 
1  0 869167629  
3 
1  98 411211936  
4 
4 
2  0 
4 
4 
4 
2  40 
3 
3 
2  0 
2  0 
1  31 570113868  
2  55 
1  0 2125386848  
1  0 529935707  
2  71 
4 
4 
1  61 2101599051  
4 
1  0 659122936  
2  97 
3 
4 
1  21 224663480  
4 
2  71 
2  0 
4 
1  0 1066168809  
3 
1  34 739729123  
1  18 830924587  
1  0 528654706  
1  21 587675096  
3 
4 
4 
3 
2  80 
3 
3 
3 
1  0 57837638  
1  0 1596027  
1  93 1107591138  
1  11 901287067  
3 
3 
4 
3 
1  69 1362694071  
3 
2  8 
2  0 
1  84 2041071348  
3 
4 
4 
4 
4 
3 
3 
3 
2  88 
2  72 
3 
4 
2  2 
1  0 294913288  
3 
4 
3 
2  0 
4 
3 
1  80 560955252  
2  0 
2  7 
3 
2  0 
1  0 981430912  
3 
3 
4 
2  0 
4 
1  19 1950973092  
2  0 
1  0 315485493  
2  0 
3 
2  0 
3 
1  0 637993579  
1  9 226660674  
1  39 609697470  
3 
1  0 1635571365  
2  5 
2  57 
4 
4 
2  3 
4 
1  62 734737533  
4 
1  0 129150163  
4 
1  87 1813250656  
1  0 1603905162  
2  0 
3 
2  0 
3 
3 
1  15 540362099  
3 
2  0 
4 
4 
1  0 235880877  
4 
3 
1  0 1581808363  
3 
2  73 
4 
3 
1  0 1070297807  
3 
4 
4 
3 
4 
3 
4 
4 
1  60 189996280  
3 
2  60 
2  0 
3 
1  55 93447651  
1  26 1294961287  
2  72 
3 
4 
2  0 
1  69 1256165089  
1  51 833176774  
4 
4 
2  0 
3 
2  64 
3 
1  0 2125885874  
3 
3 
1  0 1784819796  
1  51 1420851871  
4 
2  0 
2  62 
1  0 36239864  
1  67 1786415823  
2  6 
3 
2  0 
2  68 
3 
3 
1  21 380959361  
3 
3 
3 
4 
2  16 
3 
4 
1  0 937526932  
3 
1  29 1001626246  
4 
2  0 
1  0 274547061  
2  63 
2  32 
3 
3 
2  55 
2  2 
1  36 1232440220  
3 
2  67 
2  20 
3 
2  0 
3 
3 
1  0 1562581498  
1  0 1255977973  
4 
2  0 
1  29 1035929664  
2  0 
2  0 
3 
1  94 1878066991  
4 
2  26 
3 
3 
1  0 1893971552  
4 
2  37 
3 
3 
3 
4 
1  0 1262590338  
3 
2  22 
4 
3 
1  11 340280813  
2  63 
1  0 1382059269  
4 
4 
2  11 
1  0 1997327871  
4 
1  0 469430976  
1  61 1047826278  
4 
4 
4 
4 
3 
3 
3 
2  0 
1  0 1453749386  
2  0 
4 
1  0 1009793076  
4 
4 
4 
3 
2  35 
2  27 
4 
2  0 
3 
3 
4 
3 
3 
1  95 1283707155  
3 
2  0 
3 
3 
1  0 888074101  
1  82 2080090883  
2  88 
4 
4 
3 
4 
1  0 1473703435  
1  84 981521752  
3 
1  22 1227568522  
4 
4 
2  82 
4 
4 
1  23 582384877  
4 
4 
1  41 1814698526  
2  0 
4 
1  0 1205970748  
2  7 
4 
2  7 
4 
1  91 219721025  
3 
3 
1  0 1088066749  
3 
2  0 
4 
3 
1  16 1242210612  
1  0 2006136848  
1  69 1469026110  
1  0 32253896  
1  60 860279446  
4 
1  31 1743573171  
1  16 1264694117  
3 
2  0 
2  0 
1  0 275377296  
4 
1  96 852067497  
1  86 153140133  
1  31 5960639  
4 
4 
2  63 
4 
4 
4 
3 
3 
1  2 598555401  
4 
3 
3 
3 
2  0 
2  0 
2  0 
1  0 1415730472  
3 
3 
3 
1  60 346241453  
1  14 1980614671  
1  48 1265574695  
2  0 
1  0 815672429  
1  0 880957301  
4 
4 
3 
3 
2  0 
4 
2  0 
1  0 571840433  
3 
4 
2  0 
4 
1  0 1825465505  
3 
4 
4 
3 
4 
3 
1  59 17180808  
1  0 1459914534  
3 
2  28 
2  0 
3 
1  6 1758072740  
2  0 
4 
2  0 
1  65 1490884243  
1  31 293952638  
3 
4 
4 
3 
4 
3 
4 
1  89 838157614  
4 
2  0 
2  72 
4 
4 
2  0 
1  0 2073269120  
2  81 
2  0 
1  75 2108651165  
3 
4 
4 
2  0 
1  0 2044128362  
4 
3 
1  0 145506497  
1  0 1049234266  
4 
2  53 
4 
2  72 
2  0 
3 
2  81 
2  36 
2  0 
4 
2  41 
2  0 
3 
3 
2  0 
2  0 
4 
4 
1  67 1138855327  
2  0 
3 
3 
1  47 4159697  
2  0 
1  0 370776729  
1  0 1171109223  
1  77 864439143  
3 
4 
2  1 
4 
4 
3 
2  44 
3 
3 
3 
3 
4 
4 
3 
3 
4 
4 
3 
4 
3 
1  0 2114349900  
1  0 288319692  
3 
1  95 1139816439  
4 
3 
1  0 818933749  
1  53 441459826  
1  0 1145777079  
1  79 1417489151  
3 
1  0 1857190298  
4 
1  0 1492018532  
3 
3 
3 
3 
3 
3 
1  10 1250620174  
3 
3 
3 
1  56 975281345  
4 
3 
3 
3 
2  11 
1  65 160207313  
4 
3 
4 
3 
1  64 2131577475  
4 
3 
1  11 1547121779  
4 
2  52 
2  18 
3 
3 
3 
4 
2  0 
3 
1  0 1985672819  
4 
1  0 1274635  
4 
1  62 859552665  
3 
2  0 
3 
1  0 1596261911  
1  0 1492158878  
4 
1  0 1153505304  
4 
1  0 286935878  
2  75 
2  0 
1  0 1417944351  
4 
1  0 1114672821  
2  85 
3 
4 
3 
1  0 183580592  
2  70 
1  0 1563450848  
2  93 
3 
2  65 
1  0 16423439  
3 
1  0 1322435919  
3 
1  0 1567610546  
2  97 
2  0 
3 
3 
1  6 387200168  
1  0 346061495  
1  0 284566041  
4 
3 
1  0 354066421  
4 
3 
1  0 634381187  
4 
1  7 1424382481  
2  7 
2  0 
4 
2  98 
4 
3 
2  50 
4 
2  36 
2  0 
1  0 1173000170  
2  40 
4 
3 
1  0 1075841013  
1  51 422675912  
3 
2  0 
4 
2  88 
4 
2  12 
1  0 443005673  
4 
4 
1  57 785547663  
1  0 1914694444  
4 
4 
1  41 1693625847  
4 
2  0 
4 
4 
1  0 1760829009  
3 
3 
4 
1  0 2074901757  
2  47 
4 
4 
4 
3 
2  85 
2  12 
4 
3 
1  87 1677719674  
1  84 1160467140  
1  83 1913090928  
1  37 1678994309  
2  0 
2  84 
1  0 2020019805  
3 
3 
3 
4 
4 
3 
4 
3 
3 
1  0 1361869192  
3 
3 
3 
3 
4 
1  79 1023669540  
3 
4 
1  77 1026041461  
4 
4 
1  8 1648805070  
1  0 294130243  
1  5 2140714282  
3 
3 
4 
3 
2  23 
3 
4 
1  7 1832385662  
3 
3 
3 
1  15 1857581091  
1  88 9654074  
3 
4 
4 
1  0 1007337934  
1  76 1277707989  
3 
1  100 396854242  
4 
4 
1  95 1353399429  
4 
3 
1  83 1562274031  
1  63 750920663  
4 
4 
2  8 
3 
3 
1  29 1987780616  
2  0 
3 
4 
1  0 839172864  
4 
1  0 1923920834  
2  0 
4 
3 
3 
4 
3 
2  0 
3 
1  28 916137982  
4 
4 
3 
1  94 1261848776  
4 
1  0 219442859  
2  94 
2  71 
4 
2  29 
4 
4 
3 
2  69 
2  0 
1  0 1701685645  
4 
2  0 
4 
2  79 
3 
3 
2  73 
3 
3 
4 
1  66 1029059572  
3 
2  0 
3 
4 
3 
1  88 1913068707  
1  37 1315031006  
1  81 956477681  
4 
1  28 1443304733  
2  32 
2  21 
3 
1  0 328014498  
3 
2  0 
2  0 
2  0 
4 
4 
4 
3 
2  86 
3 
3 
3 
3 
2  98 
2  0 
1  64 722084962  
2  0 
2  0 
3 
4 
2  0 
4 
4 
1  43 974815395  
1  0 200550656  
4 
1  35 2083954154  
2  26 
3 
2  84 
2  57 
3 
2  0 
4 
3 
3 
3 
3 
3 
2  0 
2  42 
2  0 
4 
2  14 
1  87 1998484935  
1  36 1226592117  
2  0 
3 
4 
3 
1  7 1585275576  
3 
1  29 145131530  
4 
1  96 1219822752  
3 
2  30 
3 
1  3 1270177590  
3 
3 
2  89 
4 
1  0 2002712621  
3 
2  0 
2  30 
3 
2  0 
1  0 1229476826  
1  0 130031876  
3 
4 
2  34 
3 
3 
1  0 1132936963  
3 
1  61 1626331068  
3 
2  28 
3 
4 
1  0 1483431305  
3 
1  64 547727346  
2  0 
2  66 
4 
3 
4 
2  100 
1  71 229768084  
1  0 1323728274  
4 
3 
4 
1  0 1386900210  
2  0 
1  37 6205270  
2  15 
3 
2  75 
4 
1  0 92382608  
4 
2  0 
4 
2  15 
3 
4 
3 
4 
2  0 
1  0 501265338  
2  0 
2  0 
2  0 
4 
3 
2  0 
2  41 
2  0 
2  78 
3 
4 
3 
3 
4 
2  0 
1  0 225648129  
4 
2  86 
4 
3 
4 
4 
4 
1  73 1794068253  
3 
2  0 
2  0 
1  75 1530324910  
3 
3 
2  5 
4 
4 
2  38 
3 
4 
3 
1  0 2138716836  
3 
4 
4 
4 
3 
1  24 961615612  
1  71 339318943  
4 
1  42 1434537922  
4 
3 
2  100 
3 
2  33 
4 
4 
3 
1  0 1289630110  
1  83 1061403905  
1  0 261869669  
3 
1  55 1490180766  
3 
2  83 
2  0 
4 
1  0 997874411  
3 
1  43 112870956  
1  96 569289236  
2  0 
3 
1  0 435666339  
1  85 258002486  
4 
2  96 
3 
4 
3 
1  10 1789111988  
3 
2  21 
3 
3 
3 
1  15 1705843930  
1  0 113231459  
4 
3 
3 
2  0 
2  0 
3 
1  30 871105166  
3 
2  0 
1  85 1835875806  
1  0 1246168422  
2  39 
2  0 
1  0 349952586  
1  0 1171823464  
3 
2  83 
1  82 1793895768  
1  76 579720670  
2  34 
1  35 348068090  
4 
1  68 1033312330  
3 
1  0 585925940  
4 
4 
4 
1  0 440450698  
3 
3 
3 
1  88 1534577668  
2  38 
2  93 
2  0 
2  82 
3 
4 
2  0 
2  0 
3 
1  2 811574070  
4 
4 
1  95 87035303  
3 
2  52 
4 
2  0 
1  87 917418930  
2  20 
2  0 
2  0 
4 
3 
3 
3 
1  0 802807258  
1  71 1048650915  
4 
3 
1  0 1256737874  
2  62 
4 
4 
3 
4 
2  0 
1  0 89861532  
3 
3 
4 
2  15 
3 
2  53 
3 
2  0 
4 
2  0 
2  55 
4 
1  0 190797378  
3 
2  29 
1  12 170658131  
3 
4 
4 
4 
1  47 351731201  
3 
4 
1  68 1680978144  
1  3 1168532543  
3 
4 
4 
1  84 464602157  
2  52 
2  0 
2  0 
4 
3 
3 
4 
3 
3 
3 
1  86 102783732  
1  0 1604198882  
3 
2  0 
2  0 
4 
1  0 722604643  
3 
1  0 1891895720  
2  0 
3 
2  72 
2  0 
4 
4 
1  0 1162559164  
4 
3 
4 
2  0 
1  46 835836103  
3 
4 
2  16 
1  0 615517238  
4 
2  0 
4 
2  53 
4 
4 
2  70 
1  93 850951323  
4 
4 
3 
4 
3 
4 
4 
2  0 
4 
4 
4 
3 
1  61 2082004525  
4 
3 
1  9 965469825  
2  6 
4 
4 
4 
4 
2  0 
1  16 2022774787  
1  80 1728416646  
4 
4 
1  99 1545190495  
2  0 
1  0 223359229  
2  72 
3 
3 
3 
3 
3 
3 
3 
1  100 614245328  
3 
1  0 2131116436  
2  97 
3 
1  51 663809927  
1  73 1339349  
3 
4 
1  0 795206858  
3 
2  84 
2  0 
4 
2  69 
4 
4 
3 
4 
4 
3 
4 
4 
3 
3 
2  0 
4 
4 
4 
4 
2  79 
4 
3 
1  0 750845230  
4 
3 
1  0 918758279  
4 
2  0 
1  0 1598014116  
2  0 
2  0 
3 
4 
4 
4 
4 
3 
3 
4 
1  34 1799496146  
3 
3 
2  42 
3 
3 
4 
4 
4 
4 
3 
3 
4 
1  62 28012505  
1  0 1687875649  
4 
4 
2  89 
2  72 
2  2 
2  45 
3 
2  0 
4 
3 
3 
3 
2  79 
4 
1  49 1990293524  
3 
3 
4 
1  67 198670637  
4 
3 
2  0 
2  0 
4 
1  0 2039606850  
2  0 
2  32 
2  52 
3 
4 
3 
1  0 1523788020  
1  23 1367203180  
4 
3 
1  0 356725360  
3 
4 
3 
2  41 
4 
4 
4 
1  0 1626571753  
3 
4 
2  55 
4 
3 
3 
4 
3 
2  0 
1  21 823918414  
3 
3 
2  0 
3 
1  0 1079330003  
2  0 
1  77 1370983825  
3 
1  0 1986477579  
3 
2  0 
2  76 
3 
4 
2  0 
4 
4 
2  0 
2  0 
4 
4 
1  2 1915166106  
4 
4 
4 
4 
4 
2  17 
3 
3 
4 
2  47 
2  65 
2  0 
1  0 1986501064  
3 
2  0 
1  28 689945254  
3 
2  0 
4 
3 
3 
4 
1  0 1849686984  
4 
2  61 
2  0 
2  0 
1  0 804487241  
1  0 565236393  
2  0 
3 
2  0 
4 
1  0 1430619982  
2  0 
1  92 202194088  
3 
4 
4 
2  0 
1  13 788595622  
3 
4 
1  0 2044865310  
4 
3 
2  83 
1  39 185826876  
3 
3 
2  67 
4 
3 
4 
3 
4 
4 
1  0 1452405549  
4 
3 
4 
1  0 2046204659  
4 
4 
4 
4 
4 
1  0 981033734  
2  37 
3 
2  41 
3 
4 
1  0 55767131  
2  0 
4 
4 
1  0 817479291  
3 
4 
3 
2  0 
1  0 431564203  
3 
4 
4 
4 
2  0 
2  0 
1  25 1855263277  
1  0 845491796  
2  0 
3 
2  0 
1  0 2119439852  
3 
2  0 
4 
1  8 1698073153  
4 
1  61 1044162433  
3 
3 
4 
1  54 2011563054  
2  66 
4 
1  69 1074377526  
4 
4 
4 
4 
2  80 
3 
1  40 263881965  
3 
1  0 220804766  
3 
4 
1  0 553465631  
2  0 
1  73 1087800380  
3 
1  0 1300134770  
4 
4 
1  80 1924449456  
2  0 
4 
1  0 926794311  
4 
3 
2  54 
2  0 
3 
1  19 1067817228  
3 
3 
3 
1  0 1763466872  
2  38 
3 
3 
1  0 1616739565  
3 
3 
4 
4 
2  0 
1  0 770020564  
2  0 
1  0 420470465  
2  0 
2  33 
3 
2  0 
2  30 
1  0 34492310  
1  32 53156898  
1  0 622664554  
1  0 823087932  
2  22 
4 
3 
1  60 2098022209  
4 
2  36 
2  0 
1  0 808491430  
4 
2  6 
4 
3 
2  0 
4 
2  0 
2  39 
1  0 128009833  
1  0 1996743220  
3 
1  0 1789525165  
4 
1  96 183776964  
4 
4 
4 
1  52 666738863  
3 
1  85 73605720  
1  53 2039040242  
1  0 1512230660  
3 
4 
4 
3 
3 
1  72 45561924  
3 
1  15 1589629747  
4 
1  68 408909445  
3 
2  0 
4 
2  0 
2  58 
1  58 2057124978  
3 
4 
3 
2  0 
2  56 
1  0 516523625  
2  46 
3 
4 
3 
3 
1  0 672791411  
3 
4 
3 
4 
3 
2  32 
2  0 
4 
4 
4 
1  0 130446097  
1  43 1069989256  
4 
2  40 
3 
2  0 
1  0 1760591791  
2  0 
2  76 
1  12 1430580867  
2  0 
4 
4 
3 
2  0 
4 
4 
4 
2  0 
2  0 
2  36 
2  54 
1  0 846955065  
4 
1  0 539902454  
2  0 
2  0 
1  0 350914447  
2  0 
2  0 
2  38 
4 
1  91 462938289  
4 
3 
4 
3 
2  46 
3 
3 
3 
4 
2  47 
3 
4 
4 
3 
1  33 9158371  
4 
1  83 1120935012  
4 
2  0 
1  87 883408755  
2  96 
4 
4 
1  0 43650681  
1  0 1174091910  
4 
4 
4 
4 
1  10 1506073309  
3 
4 
2  0 
1  0 866738613  
4 
4 
3 
3 
4 
4 
3 
1  0 1124630471  
2  0 
3 
1  78 167081091  
2  73 
1  84 994748446  
1  0 973890044  
4 
4 
4 
2  38 
1  0 1956606256  
4 
1  0 1178525410  
1  0 1640628907  
2  28 
1  0 2030211976  
2  85 
1  44 1070082004  
2  99 
2  24 
3 
1  0 1005375919  
2  60 
4 
1  0 2075773900  
4 
4 
4 
2  0 
4 
3 
2  78 
4 
2  69 
2  78 
1  0 512228104  
1  0 1414285365  
1  67 1985415231  
1  42 1028751729  
3 
2  0 
3 
3 
2  77 
4 
2  34 
1  17 2087076776  
4 
4 
4 
1  0 2115861328  
2  0 
2  18 
1  0 2098740986  
2  0 
4 
4 
2  47 
2  0 
3 
2  0 
1  58 1700184919  
3 
1  20 1398958547  
1  98 798212403  
4 
3 
3 
3 
1  42 92603725  
2  0 
4 
4 
2  8 
3 
2  69 
1  35 1749872994  
3 
2  54 
1  0 1261150692  
1  0 101762096  
2  44 
1  0 723324358  
2  97 
3 
3 
3 
1  0 2144559447  
2  0 
4 
2  0 
4 
3 
1  0 145412777  
4 
4 
4 
3 
4 
3 
1  0 1897416269  
3 
1  13 1503149108  
3 
2  0 
3 
2  0 
1  0 1012151390  
1  16 874563092  
1  0 1670230200  
1  57 2006899836  
2  0 
3 
2  54 
2  38 
2  0 
3 
3 
2  0 
1  1 1848453136  
3 
4 
4 
4 
3 
1  0 1479352808  
4 
2  0 
2  52 
1  0 1037941598  
2  0 
3 
1  0 1341598396  
3 
3 
1  0 1362081137  
3 
1  0 2108023603  
3 
2  24 
4 
3 
3 
3 
1  0 199490667  
1  97 1290371389  
2  0 
2  67 
3 
3 
1  0 472768059  
4 
4 
2  0 
3 
1  97 1613776032  
1  16 1128302972  
4 
1  0 1501519788  
4 
1  0 1553369160  
1  75 1096680652  
3 
4 
2  0 
2  30 
3 
1  65 1452777126  
4 
4 
2  0 
3 
2  47 
1  12 1106070431  
4 
1  0 348155551  
1  87 103505881  
1  6 1198674156  
2  93 
1  0 2098028546  
4 
4 
2  59 
3 
4 
4 
3 
3 
3 
3 
3 
1  0 1364656574  
1  49 1300436252  
4 
3 
3 
1  0 673869256  
3 
2  42 
1  0 1361732373  
4 
1  0 1445849029  
4 
3 
4 
2  0 
4 
4 
3 
2  0 
1  0 423801877  
4 
2  0 
2  0 
4 
1  34 717397834  
2  0 
3 
4 
3 
3 
2  48 
3 
4 
1  52 310516771  
3 
3 
4 
4 
4 
2  52 
2  0 
1  65 1298364970  
1  34 240144386  
3 
3 
4 
4 
3 
4 
2  0 
1  91 169932959  
1  30 999334458  
1  15 1719497194  
3 
4 
1  70 1207874558  
1  0 193449206  
4 
4 
2  0 
4 
3 
2  0 
4 
2  0 
3 
2  60 
3 
2  80 
4 
4 
4 
1  0 934094683  
4 
2  0 
2  0 
2  23 
3 
4 
3 
4 
1  87 1168414513  
3 
3 
2  90 
1  64 392939874  
4 
3 
4 
1  84 76982425  
4 
4 
2  79 
2  0 
1  0 1641182572  
4 
1  74 2006715906  
2  79 
4 
1  0 1205285397  
4 
2  0 
3 
4 
2  4 
3 
1  57 995218712  
3 
1  0 1412601419  
1  0 154482402  
4 
3 
1  0 300512191  
1  0 371188202  
3 
3 
1  72 502637953  
3 
2  39 
4 
1  0 404018072  
3 
4 
2  5 
3 
1  0 1569862359  
3 
3 
2  0 
4 
2  67 
2  90 
2  3 
1  35 453182851  
2  63 
4 
2  0 
2  25 
3 
1  0 1768674646  
3 
2  0 
2  79 
1  23 722814963  
2  0 
3 
4 
2  6 
1  0 1127052108  
3 
1  32 982923372  
4 
2  0 
1  0 21180345  
4 
1  0 1550853985  
3 
1  70 1700321206  
4 
2  0 
2  0 
1  0 331697116  
1  0 701735307  
3 
2  0 
4 
4 
1  0 1940465592  
4 
1  0 501630076  
3 
4 
3 
4 
4 
2  0 
1  0 1701069766  
4 
4 
2  29 
3 
2  3 
4 
2  0 
4 
2  0 
2  83 
3 
1  85 1512479138  
4 
3 
1  85 1709504634  
2  0 
3 
1  0 1894518972  
4 
1  4 299090174  
4 
4 
3 
3 
1  0 730435499  
3 
1  0 139975198  
1  89 376072599  
1  41 224134423  
2  0 
4 
1  28 2146691105  
4 
3 
1  7 1581357996  
2  0 
1  89 1219353135  
1  22 1411808876  
2  25 
1  0 1735840398  
1  60 1519865326  
2  0 
3 
4 
3 
3 
2  33 
2  0 
3 
4 
1  0 1782997078  
2  0 
2  53 
4 
3 
2  0 
4 
2  90 
3 
3 
1  72 90994704  
3 
3 
1  30 1923883399  
1  51 1205375789  
3 
2  51 
1  55 544177555  
4 
3 
2  0 
1  0 1545074397  
1  9 1928190753  
4 
2  0 
2  0 
1  0 1671229663  
1  0 380514121  
4 
4 
2  74 
4 
3 
1  18 1949371098  
3 
4 
3 
4 
2  0 
2  72 
2  0 
2  0 
1  0 1074600001  
4 
2  0 
3 
3 
3 
1  0 2080835327  
1  0 133584566  
2  39 
2  0 
1  92 1776335308  
1  53 1873817271  
2  49 
4 
1  78 635214642  
3 
4 
4 
4 
2  80 
2  5 
3 
4 
3 
4 
4 
3 
4 
4 
1  33 1329921426  
1  0 1238812762  
4 
3 
4 
1  0 197235628  
1  23 1076956751  
1  97 1537902936  
2  0 
3 
2  34 
1  0 927671127  
3 
1  0 1216931949  
2  64 
2  0 
2  0 
1  67 1913975535  
2  0 
1  54 1151805550  
3 
4 
3 
3 
3 
3 
3 
3 
3 
1  0 1216139406  
2  0 
2  0 
4 
2  4 
4 
3 
2  0 
4 
4 
1  0 1347849883  
1  82 223675038  
4 
1  50 480464634  
4 
3 
1  43 936206634  
1  0 1743540364  
1  66 115978065  
1  0 1027201338  
2  50 
2  51 
4 
3 
4 
3 
3 
3 
4 
1  71 1519940115  
1  48 1321353854  
2  0 
3 
4 
2  71 
1  49 1571378893  
1  41 917530865  
1  0 1102060959  
3 
1  96 1095124909  
1  0 1298044986  
3 
1  52 903948409  
3 
4 
4 
2  0 
4 
2  67 
1  50 22241262  
4 
2  7 
2  31 
1  78 1231396666  
2  0 
3 
2  0 
1  0 1037532976  
1  85 1798576570  
2  0 
3 
2  0 
2  9 
3 
3 
3 
3 
3 
4 
4 
3 
4 
3 
3 
1  0 957730289  
1  0 1672747618  
3 
3 
4 
4 
1  33 981014349  
3 
1  0 49059403  
1  85 1869983247  
3 
3 
1  78 2057971100  
3 
2  0 
1  0 1586962339  
4 
3 
2  0 
2  42 
2  0 
4 
4 
1  0 650170726  
2  0 
3 
1  57 1127419401  
1  99 1353454226  
1  13 1801976277  
2  13 
3 
4 
1  83 196075160  
2  6 
3 
3 
2  55 
4 
1  41 553820462  
4 
1  93 2025651315  
2  0 
4 
2  89 
3 
1  40 676539794  
3 
2  57 
4 
1  21 1490027096  
2  79 
3 
4 
3 
2  0 
2  0 
4 
2  0 
2  98 
4 
3 
2  12 
1  0 1621708031  
1  57 792517859  
1  50 369744786  
1  0 994164499  
3 
2  73 
4 
1  3 2113871714  
1  0 1941123679  
2  84 
4 
2  0 
2  39 
4 
1  100 1911695364  
3 
4 
4 
1  28 1068449025  
3 
3 
3 
1  8 888764940  
4 
1  71 1062256702  
1  41 1972397435  
1  0 911006202  
4 
4 
3 
3 
4 
3 
2  70 
2  0 
4 
2  0 
1  33 146169720  
1  100 862446763  
3 
3 
3 
2  33 
3 
4 
4 
4 
3 
3 
2  73 
2  0 
3 
3 
3 
4 
3 
1  0 562099125  
1  0 1103900010  
4 
1  0 387710733  
4 
4 
4 
3 
3 
1  0 1543113474  
1  22 1152959413  
3 
1  53 110210332  
2  0 
4 
2  0 
2  24 
3 
2  0 
1  0 1453600926  
4 
3 
4 
3 
3 
2  56 
2  74 
3 
4 
1  0 592438105  
3 
1  0 760381059  
2  96 
4 
2  13 
2  0 
1  60 433536679  
2  35 
3 
1  0 1945892331  
3 
2  0 
1  78 414873688  
1  0 629611839  
4 
3 
2  18 
4 
3 
3 
3 
3 
3 
2  32 
1  0 352229145  
4 
3 
4 
3 
3 
1  0 293041355  
2  54 
3 
2  0 
4 
2  33 
1  0 1306151634  
2  33 
3 
2  0 
4 
2  0 
1  0 1842256241  
1  93 1914749386  
3 
1  76 2098669493  
1  91 64517379  
4 
4 
3 
2  10 
1  0 761430237  
4 
1  0 2065057559  
2  0 
4 
4 
1  0 2005641059  
3 
4 
3 
1  16 525641953  
1  0 986022937  
1  0 746922351  
2  56 
2  41 
2  69 
3 
4 
1  0 1587898656  
4 
4 
3 
3 
3 
3 
1  25 810936724  
4 
4 
2  0 
1  53 1657928554  
1  0 1734068376  
2  0 
3 
3 
4 
3 
3 
4 
1  0 1673383487  
3 
1  0 72544031  
4 
1  58 690484738  
2  0 
2  0 
3 
4 
1  0 2061094220  
4 
3 
2  19 
3 
4 
4 
1  0 1615657505  
1  0 1843444152  
2  95 
4 
4 
4 
1  0 23820905  
2  0 
4 
4 
4 
4 
4 
4 
4 
4 
3 
1  0 921774783  
2  0 
3 
4 
3 
4 
4 
1  83 288398609  
3 
1  74 784201964  
2  54 
3 
2  0 
1  78 1355311462  
1  0 86807292  
4 
3 
1  38 1199075652  
1  88 1984923302  
4 
4 
2  0 
1  0 439036438  
4 
1  0 1492117007  
1  100 1143591288  
4 
1  0 133809031  
1  55 1259382745  
3 
1  49 1094777133  
4 
1  0 198326411  
2  83 
1  0 2020812983  
2  47 
2  81 
4 
2  0 
1  0 1012351045  
1  5 56483822  
3 
4 
3 
3 
1  0 398971288  
2  86 
4 
1  30 1998373982  
4 
1  0 803406173  
2  72 
4 
2  0 
2  0 
4 
3 
1  51 1986869944  
4 
2  24 
1  0 661827058  
3 
3 
4 
4 
2  0 
3 
3 
4 
1  0 313851079  
2  0 
4 
3 
4 
3 
1  24 1573454673  
4 
2  46 
3 
1  0 187726897  
4 
2  0 
2  0 
2  53 
2  61 
4 
1  24 386395110  
3 
4 
1  0 116455763  
1  47 101337469  
3 
1  0 2002052615  
1  33 1959899915  
3 
3 
2  0 
3 
4 
2  0 
1  0 125158374  
2  69 
2  87 
1  0 776343750  
1  89 100814876  
3 
1  0 909360338  
1  92 2131655213  
3 
3 
4 
4 
4 
2  4 
2  37 
4 
2  0 
3 
2  0 
3 
3 
3 
3 
1  0 187622169  
1  0 2108435990  
4 
3 
2  14 
1  40 1969094867  
4 
4 
1  2 626658607  
2  0 
4 
2  31 
3 
3 
4 
3 
1  9 1453069349  
3 
2  65 
1  25 965202507  
4 
3 
3 
2  77 
1  0 760467638  
1  0 564968447  
3 
4 
1  14 2059979640  
1  62 958794049  
4 
2  0 
4 
3 
3 
4 
1  1 438297782  
4 
4 
3 
2  0 
3 
3 
4 
3 
3 
3 
2  39 
4 
2  0 
2  0 
2  0 
3 
1  0 924847037  
2  27 
4 
1  77 1015277871  
4 
3 
4 
3 
1  26 837269070  
4 
3 
2  94 
3 
4 
2  0 
4 
3 
4 
4 
3 
4 
3 
1  64 775737371  
3 
1  0 1818684045  
2  0 
1  0 676655367  
1  0 1437564429  
3 
4 
3 
1  0 2132535124  
2  0 
1  0 102626392  
3 
4 
2  0 
1  26 1625291326  
2  89 
2  0 
1  8 371446587  
1  0 219082155  
4 
4 
4 
1  0 1726628796  
4 
1  29 226015554  
2  0 
2  94 
4 
4 
2  0 
2  0 
2  62 
1  93 31498423  
2  97 
1  46 1851787170  
1  43 1002359305  
3 
3 
2  69 
1  23 132313299  
3 
4 
4 
1  0 613663861  
3 
3 
1  0 986530870  
2  0 
2  91 
2  0 
2  87 
1  0 319935468  
2  0 
2  83 
1  64 574616203  
3 
1  46 808142089  
1  83 946594075  
2  76 
1  85 2027685553  
2  0 
4 
2  89 
1  0 1773344596  
4 
4 
4 
1  19 1707061714  
1  0 445170352  
4 
4 
3 
4 
1  23 1685840588  
2  0 
1  0 518372115  
2  43 
4 
2  0 
3 
4 
1  18 883468134  
3 
3 
1  0 463203978  
2  96 
1  0 1533649987  
1  3 1720737204  
2  0 
2  95 
3 
2  81 
3 
2  0 
3 
2  0 
4 
1  0 1238941349  
4 
1  53 1204850384  
2  34 
4 
4 
1  0 249908923  
4 
3 
3 
3 
3 
4 
2  70 
4 
1  0 529022131  
4 
1  43 1189901860  
1  0 352535315  
1  0 6829809  
3 
4 
2  20 
2  49 
2  0 
4 
4 
2  34 
2  86 
3 
4 
1  45 1561348447  
1  0 571617471  
4 
1  25 1733458605  
3 
4 
4 
4 
3 
4 
2  0 
4 
3 
1  39 1787364002  
1  38 603115894  
4 
1  39 1437762128  
2  0 
1  90 642239659  
2  0 
1  42 735429193  
1  0 2051425989  
2  88 
1  83 1628770529  
1  33 1055364662  
3 
2  0 
1  0 478558544  
2  40 
1  0 289428970  
3 
3 
3 
4 
3 
3 
2  44 
4 
4 
1  98 2001958737  
1  54 358760449  
1  50 2062773566  
4 
1  0 1561536803  
4 
3 
4 
1  6 803930801  
3 
4 
2  0 
1  0 1601130506  
1  0 2079908919  
3 
1  0 1687398935  
3 
1  0 2064334484  
2  5 
3 
4 
4 
1  0 1466075258  
4 
1  0 1260652492  
4 
4 
1  90 1155792186  
3 
2  55 
3 
1  23 523441994  
3 
1  31 1510561415  
4 
4 
4 
4 
3 
4 
4 
1  12 1684814317  
4 
4 
2  0 
2  33 
2  0 
3 
3 
3 
4 
3 
3 
1  27 1713343854  
1  0 1863096731  
3 
4 
4 
1  34 1691644126  
2  33 
1  0 1127208654  
3 
4 
2  33 
2  25 
1  0 287230554  
4 
3 
4 
3 
3 
1  86 1277619084  
2  0 
3 
1  67 767089008  
3 
1  0 890346448  
2  60 
1  0 567897564  
2  29 
4 
2  0 
4 
4 
2  16 
3 
1  0 1409328667  
1  48 1625775641  
2  0 
2  32 
3 
4 
1  80 471839905  
3 
1  0 890615548  
2  24 
2  0 
1  0 533656655  
1  0 950398449  
4 
1  0 1180044518  
2  36 
3 
4 
2  0 
3 
3 
3 
4 
4 
3 
4 
1  0 388131745  
3 
1  0 1309158899  
1  89 1095334436  
2  66 
1  52 1949668548  
1  0 2113089700  
1  86 548981294  
3 
2  8 
3 
3 
2  45 
3 
1  0 1882093819  
4 
3 
3 
1  2 1653004988  
3 
3 
4 
1  0 465832131  
3 
2  90 
1  0 1200685429  
2  0 
2  0 
4 
2  71 
1  27 766173832  
2  0 
3 
4 
1  0 1621624317  
3 
4 
3 
2  51 
4 
1  10 1724127423  
2  0 
1  0 129251599  
2  17 
3 
3 
3 
1  14 1158954986  
4 
1  0 1289987630  
1  54 1992348330  
1  0 703115464  
2  0 
4 
4 
4 
3 
1  66 269712636  
2  54 
3 
4 
3 
3 
2  0 
2  0 
4 
3 
3 
3 
2  73 
3 
4 
1  42 132095236  
3 
2  34 
1  0 1980734548  
4 
3 
3 
4 
3 
3 
3 
1  0 1036801644  
2  38 
2  0 
1  0 1022441684  
3 
1  40 401148464  
1  97 298646663  
2  61 
4 
1  89 500733678  
2  27 
3 
4 
1  68 872988369  
2  78 
1  0 1189262211  
2  0 
2  0 
1  0 1034390333  
4 
1  0 1823386819  
2  0 
2  0 
2  0 
3 
4 
3 
3 
4 
3 
2  0 
3 
2  86 
4 
2  81 
3 
3 
1  0 221823081  
3 
3 
2  96 
3 
3 
2  10 
4 
1  0 1422522078  
3 
2  0 
1  14 985062070  
4 
4 
4 
3 
3 
1  0 1317157517  
3 
2  0 
1  66 1224706979  
4 
2  0 
3 
3 
1  10 950668122  
4 
1  18 1866138811  
4 
2  0 
4 
1  68 959317150  
4 
4 
1  86 456189462  
4 
1  31 184487294  
2  77 
4 
4 
4 
3 
2  0 
1  0 12518932  
3 
4 
4 
3 
1  5 1222363294  
2  15 
3 
1  0 1806111611  
4 
4 
2  65 
2  81 
3 
1  47 1736646355  
3 
3 
4 
2  0 
2  0 
1  0 1351614894  
4 
4 
1  1 817582949  
3 
2  97 
1  0 879150337  
4 
2  50 
4 
4 
3 
3 
3 
2  0 
4 
4 
2  0 
3 
3 
2  56 
2  0 
4 
4 
3 
2  0 
3 
1  0 1196479576  
3 
3 
2  74 
2  35 
2  91 
4 
3 
1  66 1520698414  
1  0 1148862973  
1  0 1328574813  
4 
3 
1  75 1353949314  
3 
3 
4 
2  1 
2  30 
1  93 38180969  
2  0 
3 
3 
2  0 
2  0 
4 
4 
4 
2  73 
1  0 203532849  
1  0 1755097779  
1  99 336827632  
4 
1  0 704266527  
4 
4 
3 
4 
4 
3 
4 
3 
2  78 
2  35 
2  64 
4 
3 
3 
4 
1  37 480602500  
1  3 1526089843  
2  0 
4 
1  2 1738656861  
3 
2  0 
4 
2  77 
2  0 
3 
1  0 156505671  
4 
3 
2  0 
4 
2  80 
3 
3 
4 
2  0 
2  0 
2  99 
1  0 1747912924  
2  0 
3 
3 
4 
3 
1  2 1013695291  
3 
3 
1  0 1141567741  
1  41 917586793  
3 
2  86 
2  0 
3 
1  58 90918622  
1  0 2092235864  
1  31 636241957  
3 
1  53 1050235773  
1  34 400941678  
2  0 
4 
2  22 
1  0 820729251  
4 
2  35 
1  83 1062754705  
3 
1  85 1623304973  
1  0 479357215  
3 
3 
1  0 651917412  
4 
3 
1  26 827436219  
4 
3 
4 
3 
2  34 
3 
2  44 
2  75 
4 
3 
4 
1  0 1296940164  
4 
2  0 
1  0 1531067750  
3 
4 
2  47 
3 
4 
2  0 
3 
4 
4 
2  0 
3 
4 
3 
2  0 
1  26 2023915795  
3 
1  44 670154930  
1  63 532447075  
4 
4 
2  0 
1  99 1205006960  
3 
3 
4 
3 
2  0 
2  46 
1  0 2024104245  
4 
4 
4 
1  0 570628045  
4 
3 
4 
1  16 1408539810  
4 
1  69 1631718376  
1  0 907455677  
2  0 
2  0 
3 
3 
2  68 
4 
1  7 2112806337  
2  67 
3 
1  25 2112320876  
2  0 
4 
3 
4 
1  13 286061873  
3 
2  0 
3 
3 
4 
3 
3 
2  0 
1  80 1703979550  
2  35 
2  0 
4 
4 
3 
1  0 121342900  
1  18 2033974797  
4 
4 
2  0 
2  47 
4 
1  14 570191194  
3 
2  0 
4 
1  0 1262910641  
4 
1  12 804077943  
1  0 661109816  
4 
4 
4 
3 
1  0 1207662857  
2  0 
1  0 1440319900  
2  0 
3 
1  0 1711345589  
2  0 
1  47 1608604536  
3 
2  42 
4 
2  5 
3 
4 
1  0 113565503  
1  0 626616646  
4 
4 
3 
2  49 
1  12 1084425861  
4 
1  0 592922718  
3 
4 
1  55 1278534059  
3 
3 
3 
1  65 1911862080  
2  0 
3 
1  0 1889862883  
4 
4 
4 
4 
4 
1  0 662118161  
4 
4 
2  0 
3 
4 
3 
3 
3 
2  58 
2  0 
2  42 
2  7 
1  21 1788294227  
1  0 412534165  
1  22 1194565236  
2  28 
2  48 
4 
3 
4 
3 
3 
3 
2  42 
4 
2  0 
2  62 
3 
2  0 
1  15 845817540  
4 
1  24 289154762  
1  0 1765193281  
2  100 
4 
2  0 
3 
2  69 
1  0 106873702  
1  0 1920873138  
4 
3 
3 
2  87 
2  0 
3 
3 
4 
1  16 525165311  
2  43 
3 
3 
4 
2  69 
2  0 
3 
2  0 
2  50 
1  0 72196391  
4 
3 
1  42 1885710367  
3 
2  82 
1  0 811227184  
2  55 
4 
3 
2  0 
3 
3 
3 
1  0 1776175942  
4 
4 
2  0 
4 
4 
1  0 2007053267  
3 
2  34 
1  0 697718333  
4 
2  75 
2  81 
3 
4 
2  16 
4 
3 
1  68 198883488  
4 
1  78 1122480260  
4 
2  0 
3 
4 
1  0 1501796276  
3 
2  79 
4 
1  0 859993304  
4 
1  0 182659470  
3 
4 
4 
2  0 
4 
1  56 794632528  
3 
1  88 423855246  
2  45 
3 
3 
3 
3 
3 
3 
2  0 
4 
2  0 
2  88 
4 
4 
4 
4 
2  12 
1  0 1791264006  
4 
1  0 908198032  
1  0 1050471892  
3 
3 
4 
3 
3 
3 
2  37 
2  58 
3 
4 
2  43 
1  81 728206219  
1  13 1501120750  
4 
3 
2  5 
3 
2  16 
3 
1  0 181522303  
2  83 
3 
1  0 492584651  
3 
4 
4 
3 
2  0 
3 
4 
3 
2  48 
4 
2  84 
4 
2  91 
1  0 1243499985  
2  0 
1  27 843640464  
4 
1  48 133395230  
3 
2  0 
4 
4 
4 
4 
2  0 
4 
2  80 
2  79 
2  0 
3 
2  0 
3 
1  0 1656034151  
4 
1  8 2038205701  
1  0 979212770  
2  46 
3 
3 
4 
3 
1  0 1945188913  
3 
1  0 1655915334  
3 
3 
4 
4 
2  97 
1  0 1086086472  
3 
1  0 1718578404  
4 
3 
3 
4 
1  87 33596997  
2  18 
1  0 1158282864  
1  30 1456805123  
1  0 844824181  
1  0 786975158  
1  81 1316374742  
3 
3 
2  0 
1  76 1542542515  
4 
4 
4 
4 
4 
2  0 
3 
4 
3 
3 
1  10 985858646  
4 
1  68 291371354  
2  6 
2  0 
2  0 
4 
1  0 896855143  
2  9 
2  0 
4 
1  0 1845851950  
4 
1  0 474030824  
1  70 1691487672  
4 
2  0 
3 
1  21 122223548  
3 
4 
2  0 
4 
3 
2  0 
4 
2  0 
4 
3 
4 
4 
1  0 117811182  
1  85 452202056  
2  40 
1  0 1172695441  
2  44 
4 
1  51 846017401  
2  73 
2  56 
1  0 1953322806  
1  0 1354217744  
3 
1  38 1338602052  
3 
4 
1  19 1049339144  
2  0 
3 
3 
2  94 
3 
2  81 
1  90 50374561  
3 
2  17 
2  0 
2  40 
3 
3 
1  0 1471997283  
1  99 557889647  
1  37 2088580262  
2  0 
4 
1  0 303726405  
1  0 355594912  
2  0 
4 
2  0 
3 
3 
3 
4 
3 
2  54 
1  0 1597011948  
2  0 
2  79 
3 
1  0 1389812878  
4 
3 
1  0 2074173316  
2  0 
4 
1  87 1630608946  
1  0 400612094  
2  0 
3 
1  0 1383494791  
1  53 327949479  
1  75 1187587252  
3 
1  0 552385885  
4 
2  100 
2  0 
1  0 1870491994  
2  36 
4 
2  64 
2  0 
1  78 25962250  
4 
1  0 843757240  
1  22 619863490  
4 
4 
2  22 
1  33 1871814200  
2  38 
4 
2  11 
1  17 1317788064  
2  91 
3 
2  0 
4 
3 
1  33 163867514  
3 
2  0 
2  0 
2  54 
2  0 
3 
1  0 1994037749  
1  69 1435599247  
3 
1  0 616069570  
3 
4 
3 
4 
4 
3 
1  71 1019249542  
2  66 
3 
1  0 134133000  
2  21 
3 
2  0 
4 
2  0 
3 
1  0 421908728  
3 
1  30 225983638  
2  20 
2  7 
2  0 
4 
3 
1  54 1472735053  
2  52 
2  100 
3 
4 
3 
4 
3 
4 
2  77 
1  0 1471247872  
2  29 
2  1 
3 
2  0 
1  0 276358199  
2  78 
4 
3 
1  0 797248688  
4 
4 
3 
2  69 
4 
1  68 2029137519  
2  0 
3 
1  0 217454813  
4 
4 
2  8 
1  0 1100975093  
4 
2  41 
4 
1  76 237248784  
1  24 1814466762  
2  74 
4 
2  3 
2  0 
4 
4 
3 
1  78 343304323  
3 
2  0 
1  95 163938452  
2  68 
3 
2  42 
2  44 
4 
1  0 1297592060  
2  0 
2  83 
1  0 743916417  
2  0 
1  0 1547433244  
2  48 
2  0 
3 
4 
3 
1  0 1625541539  
4 
3 
4 
2  0 
1  44 1931503669  
1  75 2099819129  
2  19 
4 
1  43 1348549886  
1  0 1957465919  
3 
2  64 
4 
4 
4 
3 
3 
1  42 796092721  
4 
3 
1  38 1968413376  
3 
2  81 
1  0 1681796472  
3 
4 
2  26 
4 
1  0 2113880786  
3 
4 
4 
2  15 
3 
4 
4 
4 
2  0 
4 
2  2 
4 
2  0 
1  0 2132280890  
4 
2  65 
4 
2  66 
3 
1  0 1528350573  
4 
2  24 
2  0 
4 
1  0 1401996385  
1  0 600866812  
3 
1  20 400116467  
2  0 
3 
1  0 1536129385  
4 
3 
3 
2  0 
1  0 1022775540  
1  90 626100105  
1  22 861380790  
2  76 
2  0 
4 
2  44 
3 
4 
3 
4 
4 
4 
2  0 
2  0 
3 
1  0 346539765  
3 
2  75 
1  16 902458305  
3 
2  7 
1  31 1658629478  
1  16 228193636  
1  0 1119913118  
4 
4 
2  0 
4 
4 
4 
4 
4 
2  78 
2  0 
3 
1  15 612120924  
3 
3 
4 
2  15 
4 
1  0 465442420  
2  0 
1  0 786896232  
1  58 955425247  
2  0 
1  0 629380873  
1  90 2084488292  
1  0 1699341665  
4 
1  0 29330469  
4 
4 
2  43 
3 
1  83 1562546184  
1  0 1483361686  
2  75 
2  0 
2  0 
4 
3 
3 
4 
1  100 2129149598  
3 
4 
2  7 
1  0 763612422  
2  2 
2  52 
4 
2  0 
3 
4 
1  31 1293343958  
1  9 777758672  
1  0 584542150  
4 
1  0 827656782  
3 
4 
4 
4 
2  0 
3 
3 
1  51 744155810  
2  0 
4 
1  0 569339392  
4 
4 
1  85 208523707  
4 
2  45 
3 
4 
4 
3 
4 
1  0 2146152195  
1  65 1170206204  
1  57 608640174  
3 
1  0 1534797932  
3 
2  0 
2  0 
3 
4 
3 
3 
2  98 
3 
2  0 
4 
1  0 45498096  
4 
4 
2  89 
2  0 
1  0 1234740279  
2  0 
4 
4 
3 
3 
4 
2  0 
1  0 248695075  
3 
1  0 392037861  
4 
4 
2  77 
3 
2  69 
1  41 2137198584  
2  0 
1  85 1907324553  
2  19 
1  69 620231498  
1  85 1109628055  
2  83 
4 
4 
4 
2  50 
3 
3 
4 
3 
2  0 
3 
3 
4 
1  0 371961829  
2  69 
4 
3 
2  45 
1  90 1085673918  
4 
3 
4 
4 
3 
4 
1  48 1896524287  
4 
1  60 1327387077  
2  0 
1  85 1715054791  
1  0 1833528932  
2  21 
4 
4 
4 
4 
4 
2  0 
1  74 879245094  
3 
1  4 1744385260  
1  22 1248591468  
2  0 
2  0 
4 
2  0 
4 
1  16 215123132  
3 
3 
3 
2  33 
1  0 1726051211  
4 
3 
3 
2  0 
4 
4 
1  0 2012203890  
2  0 
1  0 1508467090  
1  0 356326235  
1  41 449262392  
1  67 188640224  
4 
1  0 1100482045  
1  0 1018601784  
4 
1  0 397163931  
1  0 1099150592  
4 
4 
4 
1  86 41324340  
1  89 1005804105  
1  21 486464876  
4 
1  36 86822436  
4 
2  17 
3 
1  0 93060737  
4 
3 
2  0 
1  0 735159951  
3 
4 
1  86 478860298  
3 
4 
1  0 82775673  
1  0 495000857  
3 
2  72 
4 
3 
2  0 
3 
1  0 1099091796  
2  56 
1  0 1192403728  
1  33 866962686  
3 
4 
4 
1  0 37282066  
2  3 
1  0 941444368  
2  0 
1  0 46866115  
4 
2  21 
2  14 
4 
3 
3 
4 
3 
1  0 1752336858  
2  0 
1  10 627489652  
2  0 
1  0 926111209  
4 
2  1 
3 
2  0 
4 
3 
4 
3 
1  97 1349238470  
4 
1  32 1876081120  
2  0 
3 
1  55 1141234342  
2  0 
4 
3 
4 
1  0 927806033  
2  0 
1  43 1740801362  
2  86 
1  81 502217784  
1  47 1284132268  
3 
2  62 
4 
3 
2  66 
1  0 42580106  
1  60 690858009  
1  0 237130665  
2  0 
3 
2  0 
3 
2  0 
3 
3 
2  86 
1  0 1061181890  
4 
2  0 
4 
1  88 1088021940  
2  88 
2  0 
2  0 
1  15 1336281257  
1  0 1102506230  
2  83 
1  0 2093826046  
1  22 1822746134  
4 
2  15 
2  69 
1  79 1189328666  
1  43 39403135  
1  68 410422437  
1  0 1668188964  
1  9 122178808  
2  65 
2  0 
2  0 
3 
2  0 
4 
2  11 
1  0 905423294  
1  0 619797112  
4 
1  77 1314582537  
1  4 1772385981  
3 
1  76 657079179  
3 
3 
1  0 108543257  
4 
3 
4 
3 
3 
1  88 1819252096  
2  17 
4 
1  0 261932389  
2  0 
3 
1  0 736032909  
2  0 
4 
4 
2  11 
3 
4 
3 
2  0 
2  0 
2  0 
4 
4 
4 
4 
4 
4 
3 
4 
3 
2  0 
2  0 
4 
3 
4 
4 
3 
4 
2  0 
2  30 
4 
1  3 597879658  
2  91 
4 
2  0 
4 
2  24 
3 
2  10 
2  23 
1  66 1611170859  
1  0 464630381  
1  64 1739114000  
3 
3 
1  0 391493245  
1  0 57948095  
3 
4 
3 
2  94 
1  95 93848136  
4 
1  0 1675625513  
2  41 
4 
2  27 
1  1 100528201  
1  0 784706145  
3 
3 
3 
4 
2  0 
2  79 
4 
4 
4 
3 
1  90 1912756179  
4 
1  0 1161710091  
4 
2  0 
2  0 
3 
2  71 
2  0 
1  16 1872728086  
4 
3 
4 
4 
3 
4 
3 
3 
1  41 1101553788  
1  100 116732673  
4 
1  0 1819070484  
4 
4 
1  0 776816274  
2  0 
4 
1  33 1306061339  
1  0 1858473619  
2  0 
2  0 
2  0 
1  0 1187238712  
2  90 
1  0 826766656  
4 
4 
4 
1  0 1980652427  
3 
2  0 
1  0 2092662006  
3 
3 
4 
1  16 1446563768  
3 
1  0 1147751316  
3 
2  0 
2  7 
3 
4 
4 
4 
4 
1  0 1717564339  
2  0 
4 
2  85 
3 
1  10 2103642947  
2  96 
2  0 
1  92 1256294573  
1  9 1389332788  
2  9 
2  66 
1  3 218091688  
1  0 1992327482  
3 
4 
2  61 
1  7 1987212446  
2  0 
1  0 1829262548  
3 
2  57 
1  0 309474215  
1  0 1578842798  
3 
2  21 
3 
4 
4 
3 
2  82 
3 
4 
1  0 73272145  
4 
3 
1  52 367422310  
2  0 
3 
4 
2  0 
4 
4 
1  70 1672690934  
3 
2  0 
3 
4 
2  0 
2  0 
1  58 1748897658  
1  0 467950511  
4 
1  0 309913432  
4 
4 
3 
4 
1  8 1514170189  
4 
4 
2  62 
2  74 
1  20 1629660602  
2  16 
2  66 
1  13 35157870  
2  0 
4 
1  0 468240330  
1  0 1746393275  
2  21 
2  0 
3 
4 
1  80 1854228354  
3 
1  89 1245056604  
4 
1  0 904970967  
2  39 
2  0 
2  0 
3 
1  0 1565218325  
4 
1  0 284811668  
1  0 1731737623  
1  2 1398387104  
3 
2  43 
2  0 
3 
2  0 
1  0 229990027  
1  48 1030817743  
3 
4 
1  23 398654773  
1  67 1947554366  
1  0 986977043  
1  0 1654949346  
4 
1  0 1189403506  
1  0 1205068731  
4 
3 
3 
4 
1  23 1499793181  
1  17 1029132304  
2  0 
3 
4 
2  0 
3 
1  0 886847631  
1  0 1809267396  
3 
3 
2  85 
1  99 460491454  
2  1 
4 
3 
4 
2  96 
3 
1  0 960119776  
1  72 29206059  
1  0 2133182389  
4 
1  20 561533787  
1  78 497156570  
3 
3 
2  0 
4 
1  0 295612173  
4 
3 
4 
3 
1  0 2075703976  
2  27 
4 
4 
4 
3 
3 
3 
4 
1  31 2126817173  
2  0 
4 
1  0 330770043  
2  52 
2  0 
3 
1  13 396460658  
1  0 1725726800  
1  50 37514749  
3 
4 
3 
3 
1  0 1641517263  
2  0 
1  0 483214119  
3 
4 
4 
4 
2  31 
3 
3 
2  0 
2  79 
1  0 1602733074  
4 
1  63 1926328931  
2  0 
1  8 67468094  
3 
4 
4 
3 
4 
4 
2  7 
3 
4 
4 
4 
4 
3 
3 
3 
3 
3 
2  0 
1  0 853636530  
2  0 
2  84 
2  0 
2  0 
1  0 8835310  
4 
4 
2  83 
3 
2  0 
2  13 
2  61 
1  0 1098285838  
3 
4 
2  17 
2  7 
2  93 
1  0 1252291303  
2  0 
4 
2  95 
4 
4 
3 
3 
2  13 
3 
3 
3 
3 
4 
4 
1  21 1956389677  
2  97 
1  56 2085262881  
4 
4 
1  0 759757002  
3 
2  63 
4 
3 
1  66 998309535  
4 
1  90 1142847964  
4 
1  0 112066535  
3 
3 
3 
4 
2  0 
4 
4 
2  96 
3 
3 
1  0 2027441840  
1  0 2029695596  
2  0 
3 
1  0 1921333931  
2  0 
4 
3 
1  20 340449646  
1  0 842331724  
4 
4 
2  0 
3 
3 
1  0 1950539990  
1  0 326148387  
1  0 1403865511  
2  0 
1  0 300212913  
4 
3 
1  0 621760560  
4 
2  0 
4 
1  14 1332085840  
4 
3 
1  12 279546438  
4 
3 
1  48 952530603  
2  21 
1  55 1728546498  
2  0 
3 
2  0 
4 
2  2 
2  65 
4 
1  0 2005273238  
3 
3 
1  0 990045352  
3 
3 
1  0 1222580113  
1  38 341003710  
1  50 445294778  
4 
1  0 1001425397  
1  23 408471804  
1  60 1298931309  
1  15 1010260707  
2  89 
1  0 1506757642  
4 
4 
3 
2  0 
1  0 403738964  
1  26 819166736  
4 
1  0 1444536875  
1  35 1163495966  
4 
2  0 
2  89 
1  0 1817476272  
4 
1  28 439901192  
4 
4 
4 
2  0 
2  0 
3 
2  0 
3 
2  51 
1  0 1275562501  
3 
3 
1  0 1697434464  
4 
1  11 322113140  
3 
3 
3 
2  0 
4 
3 
2  7 
3 
1  0 1049412785  
4 
1  0 2037884110  
1  34 1164444864  
2  22 
1  10 852469127  
1  0 216548850  
1  9 420826728  
4 
3 
3 
1  48 1152682040  
2  23 
2  60 
1  0 838309410  
2  82 
2  0 
2  0 
4 
4 
2  0 
2  58 
3 
1  25 1752912568  
1  37 1432228478  
1  0 1790840014  
2  0 
2  77 
3 
2  41 
1  81 1333975418  
1  0 1290018069  
3 
3 
3 
3 
4 
1  0 633401718  
4 
3 
1  0 409071884  
1  25 1631021779  
4 
4 
2  0 
1  27 1078696497  
1  21 1410497281  
4 
4 
1  77 2039493583  
3 
4 
3 
4 
4 
4 
1  0 230144158  
1  26 273274340  
1  56 1398767578  
4 
1  33 633883122  
4 
4 
1  0 1092441077  
4 
4 
4 
3 
3 
2  38 
3 
3 
1  0 695820805  
2  39 
1  41 1797379089  
4 
4 
1  0 762433701  
2  0 
2  60 
3 
3 
1  60 1135721997  
3 
4 
4 
3 
2  41 
4 
3 
3 
4 
1  29 925457942  
2  0 
1  84 312384517  
1  0 1457835137  
4 
1  0 1974870727  
4 
3 
1  0 202784979  
3 
3 
2  0 
1  0 474796354  
3 
3 
2  20 
2  0 
4 
3 
3 
1  93 679856207  
1  0 419333829  
3 
2  65 
2  0 
2  0 
3 
4 
4 
4 
1  29 895623082  
1  0 1832538247  
2  0 
3 
3 
4 
1  0 1257643240  
1  0 501052002  
3 
2  91 
2  0 
2  69 
4 
1  82 1117283078  
3 
4 
3 
2  12 
4 
1  0 900999606  
1  91 1835027420  
2  31 
1  0 259817499  
2  67 
3 
2  74 
4 
2  41 
3 
4 
4 
1  0 1534401324  
2  0 
2  0 
3 
1  0 96615656  
2  12 
4 
3 
3 
4 
1  0 1890839278  
2  86 
1  94 465614173  
3 
3 
4 
1  0 1507112937  
2  83 
3 
4 
3 
3 
2  0 
3 
4 
2  37 
2  14 
4 
2  0 
2  60 
4 
4 
4 
3 
3 
2  85 
1  0 1782849213  
2  0 
4 
2  0 
4 
1  91 695758331  
4 
2  0 
1  0 1780387278  
1  0 1034133143  
4 
2  0 
4 
2  65 
2  67 
1  70 1329641454  
3 
2  0 
1  0 725344707  
1  43 1729953949  
3 
2  94 
2  0 
4 
3 
4 
3 
2  99 
1  40 979536895  
3 
1  10 1487778408  
1  0 718192298  
1  0 1904994837  
2  0 
3 
1  0 1800162925  
1  43 28543788  
4 
3 
4 
2  42 
2  20 
3 
3 
1  0 1732381917  
1  0 2002947904  
4 
1  5 503340142  
4 
2  2 
3 
4 
4 
1  71 264754476  
2  0 
3 
3 
2  0 
3 
1  76 274798086  
1  25 1398963224  
4 
3 
3 
4 
1  39 2097292723  
3 
3 
4 
1  0 1532441326  
4 
1  0 1900015226  
3 
4 
1  0 1067092153  
2  0 
3 
1  12 285957284  
2  39 
2  0 
4 
1  79 1587558998  
3 
1  0 1326909652  
2  44 
3 
1  0 1820358608  
4 
4 
1  0 1684174655  
3 
3 
3 
1  0 1070265282  
1  0 138489134  
4 
2  25 
3 
2  0 
4 
2  0 
4 
2  0 
3 
2  74 
4 
4 
3 
4 
1  20 1043803944  
4 
2  33 
3 
1  37 705630848  
4 
1  71 834247465  
4 
2  49 
4 
3 
1  32 676707574  
2  31 
1  23 1739763991  
4 
2  29 
1  74 16405271  
1  0 1402052281  
3 
3 
3 
4 
2  73 
2  0 
2  0 
1  51 1322234292  
3 
1  11 995942166  
2  0 
4 
4 
3 
2  0 
2  0 
4 
4 
4 
3 
1  46 742347041  
4 
3 
3 
2  0 
3 
3 
3 
1  83 2040426591  
4 
2  0 
3 
2  64 
4 
1  23 753453356  
3 
3 
1  0 395026318  
2  35 
1  0 2068970379  
4 
1  0 338351625  
1  0 250490575  
3 
3 
2  0 
3 
3 
4 
2  32 
1  15 424826873  
3 
4 
4 
2  0 
1  0 603106101  
2  0 
2  0 
3 
3 
4 
2  0 
4 
1  74 525288661  
3 
3 
4 
2  0 
1  0 1823790097  
2  0 
2  8 
1  0 552915176  
4 
3 
2  0 
1  0 2057729987  
4 
4 
1  27 1576321675  
4 
4 
3 
4 
1  0 1620007330  
3 
1  17 196203623  
3 
2  77 
2  0 
2  64 
3 
3 
4 
2  0 
3 
1  0 1016397025  
1  0 799433334  
3 
4 
2  0 
3 
1  0 2016562231  
4 
4 
4 
2  0 
4 
4 
1  0 553088032  
4 
3 
2  41 
3 
4 
2  0 
4 
2  0 
1  10 1869698617  
4 
4 
2  46 
4 
2  0 
1  77 7567717  
1  0 1596891977  
4 
1  0 427845817  
4 
1  36 841815183  
2  80 
1  3 126115903  
4 
2  71 
3 
2  13 
1  0 20126160  
1  0 858220454  
1  0 1528168185  
3 
4 
2  35 
2  45 
3 
4 
3 
1  12 1342360453  
1  0 1854162621  
3 
1  11 123031578  
2  92 
1  0 1235303396  
2  49 
4 
2  83 
2  68 
3 
4 
1  21 460132329  
1  69 518057897  
2  91 
4 
4 
2  70 
4 
2  22 
2  0 
3 
4 
3 
2  81 
1  80 1156790127  
4 
1  0 798483954  
1  0 768548472  
1  35 1581617000  
3 
4 
3 
4 
1  91 1401590055  
2  0 
1  55 1293837133  
3 
3 
1  0 1257923449  
4 
2  70 
4 
3 
1  0 1954505231  
2  16 
3 
3 
3 
1  55 1204083472  
3 
2  32 
2  45 
1  0 686761476  
4 
4 
4 
4 
1  0 1427028913  
2  81 
4 
3 
3 
4 
1  83 1400287095  
1  51 1703158501  
3 
2  0 
3 
4 
4 
2  44 
1  96 78978600  
2  2 
1  0 1269365678  
4 
3 
2  90 
1  0 108762886  
1  0 1948677217  
3 
3 
4 
1  0 1276933396  
2  59 
4 
1  0 1705654863  
3 
1  0 229039386  
3 
4 
1  30 2118748579  
1  47 1831770766  
1  0 249165546  
4 
2  0 
3 
3 
3 
4 
3 
3 
3 
4 
1  0 829485385  
4 
3 
4 
3 
4 
1  0 1212455303  
2  12 
3 
4 
1  51 1591525999  
4 
2  83 
1  27 536164358  
3 
4 
4 
3 
1  0 1335486882  
3 
4 
2  14 
3 
3 
1  0 679345747  
4 
3 
3 
1  24 996296687  
4 
3 
1  0 1853544779  
2  0 
2  0 
2  99 
4 
3 
4 
4 
1  50 1836135874  
4 
3 
1  61 1794780641  
4 
2  0 
2  0 
2  0 
4 
3 
1  0 474609603  
4 
4 
3 
3 
4 
3 
4 
2  0 
4 
4 
1  62 1270269226  
3 
1  56 1048887048  
3 
4 
2  85 
1  0 1768446736  
3 
3 
4 
4 
1  0 380709027  
4 
1  46 855908632  
2  0 
4 
2  0 
4 
3 
3 
4 
4 
3 
2  94 
3 
1  0 825046560  
3 
4 
3 
3 
4 
3 
1  0 1067470503  
3 
2  3 
4 
2  23 
2  1 
1  0 135453897  
1  0 77850007  
3 
1  0 623145357  
2  72 
2  0 
4 
1  83 214432497  
4 
2  0 
2  0 
1  78 1347215685  
1  27 731908243  
2  83 
2  0 
4 
1  0 15626066  
2  0 
4 
1  0 476665433  
1  0 290079458  
2  36 
3 
1  0 244665452  
4 
3 
1  69 447930364  
3 
2  0 
3 
3 
4 
4 
1  0 2121850224  
3 
4 
3 
3 
3 
3 
3 
2  0 
1  51 493830999  
1  65 1277415750  
4 
1  53 1186821880  
3 
4 
4 
1  8 2085356998  
4 
4 
3 
4 
4 
2  72 
3 
3 
2  94 
1  0 1813580108  
4 
2  0 
3 
1  77 374825114  
3 
1  0 617219098  
4 
4 
4 
4 
2  0 
3 
2  0 
4 
2  84 
2  0 
4 
4 
1  0 662393148  
2  50 
3 
1  0 80886245  
3 
2  0 
4 
1  0 305871324  
1  0 309690141  
1  32 555495848  
2  0 
1  48 1576140551  
2  0 
3 
4 
4 
4 
2  0 
3 
4 
3 
2  0 
4 
3 
2  0 
4 
4 
3 
4 
1  43 1358577190  
4 
3 
3 
3 
3 
1  97 176458936  
2  24 
3 
3 
4 
3 
1  0 1956849578  
1  0 67002174  
2  86 
4 
2  0 
2  0 
2  0 
4 
2  49 
4 
2  0 
2  40 
2  0 
2  99 
3 
4 
3 
1  17 1001505496  
3 
4 
2  0 
1  0 876836434  
1  31 202456071  
3 
1  98 1079355503  
4 
3 
4 
4 
2  34 
3 
1  0 1499981791  
2  69 
2  0 
2  0 
4 
3 
3 
1  0 416888569  
4 
4 
3 
3 
3 
4 
3 
3 
4 
4 
3 
3 
4 
3 
3 
2  0 
2  100 
2  0 
1  58 279087540  
4 
3 
1  59 84406386  
4 
3 
4 
1  15 432514635  
4 
4 
1  21 755752974  
1  100 374485844  
1  0 677180088  
1  65 1203683338  
4 
1  44 348852420  
3 
2  0 
2  0 
4 
1  0 1171011087  
2  83 
1  66 333615440  
2  12 
4 
2  81 
4 
4 
2  0 
4 
2  0 
4 
1  25 1535674300  
2  0 
1  55 1108884437  
2  0 
1  45 2147195549  
2  97 
2  0 
1  45 1910499414  
3 
4 
1  32 1726103535  
2  0 
3 
1  54 662105049  
2  47 
4 
3 
1  0 1991385659  
3 
1  0 2031974860  
2  32 
1  0 971795190  
4 
3 
4 
2  0 
4 
1  8 399397859  
3 
1  0 1460631763  
1  0 182888732  
3 
2  0 
1  0 575856795  
4 
2  0 
1  0 1269997693  
3 
1  63 249890906  
3 
3 
2  0 
1  0 1577362291  
4 
4 
3 
2  78 
4 
3 
1  0 2146834127  
3 
2  42 
1  19 452346978  
1  0 509234146  
4 
1  0 1499332270  
4 
1  0 869235547  
1  0 788321687  
1  27 1583738656  
1  0 1301750182  
3 
1  0 1544074661  
3 
3 
1  0 1958224500  
2  33 
2  0 
4 
2  5 
4 
4 
1  0 1978930270  
3 
1  90 600274351  
1  0 159593273  
3 
4 
4 
4 
4 
3 
3 
1  0 1002457709  
4 
2  76 
4 
3 
4 
1  32 933889792  
3 
2  0 
1  0 1695267573  
3 
3 
4 
2  0 
4 
2  54 
4 
4 
3 
3 
1  72 2111342147  
2  0 
2  0 
3 
4 
4 
3 
1  96 933601693  
3 
3 
2  67 
1  97 1458283340  
3 
4 
1  0 1689962034  
4 
3 
2  0 
2  0 
3 
1  57 1595706742  
1  0 1302185351  
2  23 
2  0 
3 
2  70 
3 
3 
1  0 1574453246  
4 
2  0 
3 
2  0 
4 
4 
1  63 420018284  
1  0 1701583211  
4 
1  0 887601361  
4 
1  20 602907017  
1  74 129956358  
2  0 
1  0 10115407  
2  0 
1  0 852797923  
3 
3 
4 
4 
4 
1  0 1707318650  
3 
1  0 9465886  
3 
4 
1  0 1305144901  
1  0 69069148  
2  0 
2  0 
1  0 1508798157  
3 
1  0 26896800  
4 
4 
4 
4 
4 
4 
2  76 
1  33 857390835  
3 
1  78 945053165  
3 
4 
1  0 1328646983  
4 
2  74 
2  18 
4 
1  12 253981848  
3 
2  0 
3 
4 
3 
2  82 
2  0 
3 
2  0 
4 
4 
3 
2  89 
3 
3 
1  0 755794018  
3 
2  38 
1  0 1160093605  
3 
1  64 854256200  
1  42 915387291  
2  40 
2  85 
2  0 
4 
3 
4 
1  0 15067667  
4 
1  0 1788145992  
4 
2  10 
4 
4 
4 
2  100 
4 
2  0 
3 
4 
3 
3 
1  0 463171216  
1  0 2126409814  
2  0 
3 
4 
4 
3 
2  0 
2  35 
4 
3 
3 
3 
1  0 574264037  
2  63 
1  18 1921454556  
1  14 1668888200  
2  0 
2  0 
3 
3 
2  71 
2  0 
3 
4 
3 
1  0 22487131  
3 
2  19 
1  0 1076156260  
4 
3 
3 
1  8 1095857799  
4 
4 
4 
1  0 442505415  
1  4 630255823  
3 
3 
3 
4 
1  23 1983459160  
3 
2  0 
4 
1  0 1045412432  
2  0 
1  0 760212181  
4 
3 
1  0 1993574567  
4 
3 
3 
1  0 1898210356  
2  0 
4 
1  0 320047183  
1  0 2003040454  
4 
2  14 
4 
4 
1  0 1055871609  
4 
4 
3 
1  0 389116332  
3 
2  0 
1  60 1364354963  
2  75 
1  38 1082768410  
2  67 
1  0 1246507167  
2  64 
1  0 161924480  
4 
3 
4 
1  0 263931745  
3 
1  13 1500489016  
3 
3 
2  46 
3 
1  13 917718498  
1  0 1424025350  
1  55 207261568  
1  0 1833105789  
1  0 1439093017  
3 
1  0 1995407560  
4 
3 
4 
2  0 
4 
1  0 148793358  
1  0 1418019183  
1  93 422187949  
1  49 2070247914  
1  0 939423736  
4 
2  63 
1  97 444675080  
1  32 998920526  
1  0 2035281535  
1  0 887180495  
4 
2  84 
4 
1  0 1629176349  
4 
3 
1  33 1871257047  
4 
1  0 1932592928  
2  0 
2  18 
2  0 
4 
1  47 241904883  
2  65 
2  28 
3 
2  0 
4 
4 
4 
4 
3 
4 
4 
1  65 1717347967  
4 
3 
2  0 
1  99 1683319636  
4 
2  37 
3 
3 
1  83 561952066  
3 
3 
4 
3 
3 
1  60 1572904773  
1  0 591707597  
1  80 951068398  
1  42 789776088  
2  40 
2  24 
1  0 1674476007  
1  0 50091918  
4 
3 
1  2 951700568  
2  5 
3 
1  21 1938407752  
3 
1  0 1550580934  
1  33 1869419067  
1  0 1214949455  
2  74 
2  49 
2  0 
2  0 
4 
4 
1  27 1757842502  
3 
2  95 
1  0 1555041208  
4 
3 
2  0 
3 
1  12 506558824  
1  39 1605766414  
1  0 1703834566  
3 
2  0 
4 
2  27 
3 
4 
2  0 
3 
2  7 
3 
3 
1  0 1924578008  
4 
3 
3 
3 
4 
2  92 
1  0 2027954363  
1  52 1626598833  
1  19 716518096  
1  0 325145795  
3 
4 
3 
1  7 478035711  
1  75 604315983  
4 
2  92 
1  97 1212326290  
3 
3 
4 
2  87 
3 
1  53 2107212061  
1  0 328089382  
1  63 997435570  
1  0 201633296  
2  93 
4 
3 
4 
3 
1  0 2045437349  
3 
2  0 
3 
1  0 533271558  
2  0 
3 
3 
2  76 
4 
1  0 763585362  
3 
2  7 
3 
3 
3 
2  95 
3 
1  56 1470858474  
4 
4 
2  0 
2  0 
2  0 
3 
1  26 1124979156  
3 
2  90 
4 
2  0 
2  38 
1  0 1714653761  
3 
3 
2  30 
2  35 
2  56 
3 
3 
4 
2  15 
4 
2  0 
3 
4 
1  65 113150914  
1  68 651971515  
3 
3 
1  19 1764745679  
2  4 
4 
4 
4 
4 
2  12 
1  69 1064851483  
4 
4 
2  20 
1  9 442895620  
4 
3 
3 
2  55 
3 
1  58 1167842965  
3 
2  0 
3 
2  73 
3 
4 
4 
1  0 786786902  
4 
4 
1  0 1657845075  
1  61 778201819  
2  22 
1  0 194344462  
4 
3 
3 
1  31 16920251  
4 
1  28 236484585  
2  0 
2  78 
1  0 1898179029  
3 
4 
3 
4 
2  0 
2  45 
1  0 1941498259  
3 
3 
2  50 
2  38 
1  25 116955300  
2  89 
3 
3 
4 
4 
4 
2  0 
2  0 
3 
4 
3 
2  0 
1  0 1377294214  
3 
4 
3 
1  0 510532707  
1  98 442101095  
3 
2  0 
3 
3 
4 
3 
2  0 
2  14 
4 
4 
4 
1  46 1855329925  
4 
4 
4 
3 
3 
2  0 
1  0 1114848690  
3 
2  39 
4 
3 
4 
1  0 1654427385  
2  0 
2  56 
1  0 1815058338  
2  0 
2  45 
1  0 1442938073  
4 
2  0 
4 
1  92 504379308  
1  0 2016691634  
3 
2  38 
3 
2  0 
3 
2  0 
4 
3 
4 
3 
4 
2  15 
4 
4 
3 
4 
2  0 
1  44 1340891774  
4 
1  0 1037650866  
3 
3 
3 
4 
3 
3 
1  46 632793349  
2  0 
3 
3 
3 
3 
2  43 
3 
2  40 
1  0 664266601  
2  40 
1  15 15146374  
4 
3 
4 
2  19 
4 
1  3 199963462  
3 
4 
4 
3 
2  34 
4 
1  65 777417515  
4 
2  0 
3 
3 
2  88 
4 
3 
2  76 
1  0 667117890  
4 
3 
2  0 
1  0 1964709141  
2  0 
2  0 
4 
1  47 1842268998  
4 
4 
3 
4 
4 
4 
2  76 
4 
3 
2  10 
2  2 
4 
2  97 
2  0 
2  0 
2  0 
3 
1  23 1110013510  
4 
3 
1  23 985068458  
1  86 481572252  
1  0 620374937  
2  68 
1  0 1763270277  
2  0 
1  0 675916715  
3 
3 
3 
1  0 637295188  
3 
1  0 1999754862  
4 
2  0 
1  75 426612096  
2  0 
3 
3 
1  0 431309800  
1  27 2116710162  
4 
1  9 1803906310  
2  0 
1  0 941842507  
4 
3 
2  0 
1  97 411327609  
3 
3 
2  0 
2  0 
3 
3 
2  0 
3 
3 
3 
1  9 1511752587  
3 
4 
1  0 2056691198  
4 
2  13 
2  0 
2  65 
1  0 2065754994  
2  0 
2  9 
3 
2  0 
3 
4 
3 
1  30 1179327278  
4 
1  0 1352145623  
1  92 422650654  
4 
1  86 1048535264  
2  79 
4 
1  67 545553749  
1  91 1460301521  
3 
1  0 1681328613  
1  15 1209820350  
4 
2  0 
4 
4 
1  0 1475447895  
4 
3 
4 
4 
1  58 1881292075  
3 
2  0 
2  0 
4 
4 
4 
1  99 1987237866  
1  42 2142565785  
2  0 
2  57 
3 
1  0 1698517568  
1  0 1682023216  
3 
3 
2  0 
4 
3 
3 
3 
2  0 
2  0 
2  1 
2  58 
4 
3 
1  9 1105095647  
1  0 536102378  
4 
4 
4 
4 
4 
2  0 
4 
1  57 16111821  
4 
4 
2  30 
3 
4 
2  0 
2  0 
3 
1  0 1725470584  
2  29 
3 
4 
3 
2  0 
2  11 
3 
1  88 151889007  
4 
1  0 692028536  
1  69 215282125  
2  2 
4 
2  0 
4 
3 
3 
4 
3 
4 
2  0 
1  0 4160221  
2  35 
1  54 1118640632  
2  0 
1  90 646591925  
3 
3 
3 
4 
1  0 2120870383  
3 
1  0 775063294  
1  0 1588434432  
1  37 384714344  
2  0 
3 
4 
1  0 139332233  
1  56 1497641982  
4 
4 
4 
3 
1  37 302985691  
3 
1  41 1318659511  
2  3 
3 
1  0 702303957  
4 
2  67 
3 
2  37 
3 
1  0 725636345  
4 
1  69 219711128  
1  35 1247857707  
3 
3 
1  3 38454218  
2  92 
4 
4 
3 
3 
1  0 1901039741  
2  27 
3 
1  0 310194409  
4 
2  9 
3 
3 
3 
1  27 1513902114  
1  0 1634848169  
4 
4 
2  0 
4 
3 
4 
3 
1  35 149948627  
4 
4 
2  0 
4 
3 
3 
1  26 1508984251  
4 
1  0 1185882089  
2  0 
3 
4 
4 
3 
4 
2  40 
3 
3 
3 
1  80 1831971844  
4 
1  0 466596251  
3 
2  31 
3 
2  0 
2  74 
2  26 
3 
3 
2  2 
2  0 
1  0 1721984468  
1  0 1848083665  
1  0 44583187  
1  64 1873873475  
4 
4 
4 
2  0 
3 
3 
3 
3 
3 
4 
3 
2  11 
2  0 
3 
4 
2  84 
1  11 392628553  
3 
2  97 
4 
1  0 259865312  
1  0 1878033697  
3 
4 
1  0 1511269185  
4 
3 
4 
2  39 
1  82 906457237  
1  64 1851420432  
1  7 138848831  
4 
1  41 347408022  
4 
2  7 
2  0 
4 
2  100 
4 
3 
3 
2  5 
4 
2  66 
2  0 
2  70 
3 
1  0 88651129  
2  6 
3 
2  0 
4 
3 
2  0 
1  0 278181064  
3 
4 
2  0 
2  0 
1  0 1845050004  
2  58 
4 
4 
1  38 391636820  
3 
4 
3 
4 
2  10 
3 
2  0 
3 
4 
2  20 
1  20 1596840576  
4 
4 
2  0 
3 
1  0 399870314  
1  0 1117273165  
2  53 
3 
2  26 
4 
1  22 1816551704  
3 
2  0 
2  0 
1  0 1647728021  
3 
4 
3 
3 
3 
4 
3 
4 
4 
2  16 
1  0 1155727384  
4 
1  0 1570107797  
2  0 
4 
4 
1  0 1957922430  
3 
3 
2  0 
4 
2  0 
4 
3 
2  33 
1  0 522145850  
1  0 1057472318  
4 
1  33 2107871058  
4 
4 
4 
1  54 2031130101  
4 
2  71 
1  0 95870760  
2  35 
1  100 1792359254  
3 
2  3 
3 
1  15 350242704  
4 
1  18 1817855228  
2  20 
2  65 
1  0 1492959271  
3 
4 
2  0 
3 
4 
1  92 394825892  
3 
1  38 1544245055  
2  57 
3 
3 
3 
2  0 
4 
4 
3 
1  0 1885587824  
3 
1  0 654691204  
1  40 1274795104  
4 
2  41 
4 
4 
3 
2  89 
1  4 1249373361  
2  58 
3 
3 
3 
1  0 1561148442  
3 
1  0 978731889  
4 
1  0 1388222192  
1  79 1908556464  
4 
1  0 1067383018  
2  0 
4 
2  46 
4 
3 
3 
1  62 1666403256  
4 
2  0 
4 
3 
1  88 1606122820  
4 
1  0 1459019838  
4 
1  51 1115760184  
3 
2  71 
1  0 2005993134  
4 
4 
1  43 428809355  
3 
3 
2  98 
1  72 784828240  
1  0 1506237507  
1  0 1584536739  
1  1 207452390  
4 
2  92 
4 
3 
1  0 1316676290  
3 
1  38 2106682589  
1  71 1264924708  
3 
2  3 
2  71 
3 
1  76 1277063700  
3 
2  49 
1  73 1990329043  
1  46 1360795468  
3 
3 
1  17 921939306  
3 
4 
1  0 193088099  
2  0 
2  10 
2  12 
3 
1  0 1031167048  
1  0 267414929  
2  71 
2  28 
1  63 587913991  
3 
1  0 427928456  
2  64 
3 
1  0 5519105  
1  0 1242605196  
3 
3 
4 
3 
1  31 1702723560  
1  65 1254892466  
2  30 
4 
2  0 
4 
2  0 
4 
3 
2  0 
2  52 
2  26 
1  79 656269990  
4 
4 
2  0 
3 
3 
4 
3 
2  0 
1  0 533971801  
2  98 
4 
4 
2  0 
3 
2  57 
1  0 495631010  
1  0 417342806  
1  0 1601354819  
3 
2  19 
4 
1  6 14550618  
2  31 
1  0 2023465626  
2  48 
1  80 912891009  
1  35 1130310803  
2  0 
3 
1  45 1881975113  
3 
2  0 
1  0 1341700365  
4 
3 
2  52 
2  0 
4 
1  0 1915139043  
4 
2  8 
3 
3 
1  0 1240728972  
2  12 
4 
4 
3 
2  0 
1  35 778753456  
4 
4 
4 
1  0 2122591433  
1  28 409921614  
1  0 737952398  
2  86 
1  33 1240032494  
4 
2  0 
4 
4 
4 
4 
2  0 
1  41 1686985314  
2  8 
2  53 
3 
2  0 
3 
2  86 
3 
3 
4 
4 
2  32 
2  72 
4 
4 
3 
2  15 
2  0 
4 
1  17 580797793  
2  27 
4 
4 
1  0 453344314  
1  12 461440972  
1  71 773885892  
1  5 1484511363  
2  0 
3 
3 
1  0 728855901  
2  3 
3 
2  41 
2  0 
4 
1  88 1361799884  
4 
4 
1  0 1912439819  
3 
2  90 
3 
1  92 734375006  
3 
4 
2  0 
2  75 
4 
4 
3 
2  0 
4 
4 
4 
2  0 
2  37 
3 
1  92 456921432  
2  0 
3 
1  85 1467679731  
2  64 
4 
4 
2  56 
1  44 1989267472  
2  4 
3 
4 
3 
3 
1  0 1113191422  
2  57 
2  60 
1  0 2001651533  
2  87 
1  0 337414834  
2  10 
1  0 1530534228  
4 
3 
2  54 
1  0 1455522704  
1  2 351965453  
3 
3 
1  0 1406516206  
1  26 220930066  
2  0 
1  37 1482276256  
1  79 1141007671  
4 
3 
1  17 1562630431  
3 
2  9 
2  0 
3 
2  0 
3 
4 
4 
4 
4 
3 
3 
3 
1  0 1249931651  
1  89 234252996  
1  37 193900239  
2  63 
4 
1  0 1225039437  
4 
3 
3 
4 
3 
3 
4 
2  0 
3 
2  9 
3 
2  76 
2  72 
1  97 644174610  
2  0 
1  64 931852637  
2  97 
2  0 
4 
3 
4 
4 
3 
1  63 317588283  
4 
1  71 183676277  
2  0 
1  66 1512650430  
2  24 
2  86 
3 
4 
4 
3 
4 
2  0 
2  0 
1  0 770932597  
3 
4 
4 
4 
3 
2  0 
3 
4 
3 
3 
2  39 
4 
1  47 645117249  
1  0 139052675  
1  13 107960312  
1  16 1373973151  
2  0 
1  5 1500852559  
2  0 
3 
4 
2  0 
3 
4 
4 
3 
1  0 2020400131  
4 
2  37 
1  30 2108348157  
2  0 
4 
3 
1  8 1957773991  
1  0 1340596215  
3 
4 
4 
1  22 1950131982  
2  0 
1  0 923481765  
1  0 1194764100  
1  0 140063168  
3 
3 
3 
4 
3 
4 
3 
1  0 306532345  
3 
4 
4 
2  45 
1  0 502803156  
1  0 492028621  
2  79 
3 
2  8 
3 
4 
1  81 1713048551  
3 
4 
2  83 
4 
3 
4 
4 
1  0 723733222  
3 
3 
4 
3 
4 
1  0 1974304877  
3 
2  94 
3 
1  11 706572575  
3 
1  0 138880005  
4 
2  16 
4 
2  96 
3 
1  0 1076752881  
3 
2  60 
2  0 
4 
4 
3 
1  0 940825571  
3 
1  0 332780245  
4 
1  0 154308670  
4 
2  0 
3 
3 
4 
2  0 
1  13 1585000181  
4 
2  32 
2  0 
3 
2  0 
3 
4 
2  49 
1  0 1264632882  
3 
1  0 471896953  
1  0 1768676458  
3 
2  0 
3 
1  0 629799665  
4 
3 
4 
3 
2  32 
4 
1  0 1242829550  
3 
4 
4 
3 
2  52 
2  0 
2  62 
3 
2  84 
3 
2  0 
1  0 266310060  
3 
3 
3 
3 
2  29 
2  95 
2  10 
4 
1  0 768852340  
1  49 1350789863  
2  0 
1  0 1640283211  
4 
1  0 122221251  
3 
2  13 
3 
4 
1  7 1223706346  
3 
1  0 1601147720  
4 
3 
3 
3 
2  0 
1  79 2079995242  
3 
4 
4 
4 
1  23 416818913  
4 
4 
1  63 1403796054  
4 
3 
2  55 
3 
4 
2  0 
2  0 
2  93 
3 
2  0 
4 
3 
1  0 855993359  
1  3 1611583013  
3 
1  0 1543859223  
2  16 
1  68 1162525704  
2  1 
3 
1  0 2114386170  
1  0 2035887844  
1  0 728090607  
1  84 690635744  
1  30 1862709074  
1  80 1434663182  
4 
1  98 829515750  
1  0 791978307  
4 
3 
4 
4 
2  84 
3 
3 
1  42 228005105  
1  54 1162295995  
2  18 
2  0 
2  0 
4 
2  0 
2  0 
3 
2  0 
4 
4 
1  0 946286977  
4 
2  68 
3 
4 
4 
4 
2  0 
4 
4 
4 
3 
2  94 
2  72 
1  0 1813005287  
2  0 
1  86 279445229  
2  30 
3 
4 
3 
2  22 
3 
1  90 1418183930  
3 
1  59 1434198097  
1  71 909244894  
3 
1  83 513529832  
3 
1  93 1700508157  
4 
2  43 
1  48 1678097234  
2  0 
3 
4 
2  0 
3 
1  0 1864319695  
3 
3 
4 
3 
1  44 1193307720  
1  0 1800318485  
1  0 940542394  
1  27 646971793  
1  65 1732830079  
2  0 
2  0 
1  0 1357361307  
2  0 
1  0 2050767847  
4 
3 
4 
1  0 441339790  
2  7 
1  0 821460673  
2  87 
1  0 1447143422  
3 
4 
2  0 
4 
3 
4 
2  8 
1  0 1603865494  
1  0 788363195  
1  22 1335547619  
2  40 
1  0 184472454  
3 
2  95 
3 
2  35 
2  0 
1  70 1478998939  
2  0 
3 
1  36 1050773045  
1  60 1619135636  
2  26 
2  0 
4 
1  44 161031041  
4 
3 
2  70 
2  0 
3 
1  2 1842751352  
1  0 1847140742  
1  0 1323327036  
1  0 641554681  
2  69 
1  73 1512662381  
4 
4 
4 
1  0 1602772266  
1  58 2059738611  
3 
1  0 799376830  
3 
1  93 364533512  
2  0 
2  0 
2  0 
4 
3 
4 
3 
2  62 
3 
2  61 
1  0 425784795  
1  98 352401340  
4 
3 
1  85 2042630747  
3 
2  87 
3 
4 
1  60 142620843  
4 
4 
4 
4 
2  0 
4 
3 
3 
2  71 
2  0 
2  84 
2  32 
2  0 
4 
3 
2  0 
1  1 1545709060  
3 
3 
4 
2  42 
4 
2  0 
3 
3 
3 
4 
4 
1  0 1695465584  
1  20 1083163237  
4 
1  4 45197205  
4 
3 
3 
3 
4 
3 
2  0 
4 
1  0 1280812016  
3 
2  0 
4 
1  0 293040896  
2  85 
2  48 
2  81 
4 
3 
1  35 2095965053  
4 
1  37 1722151806  
4 
4 
1  0 1114501569  
3 
1  0 1395624827  
1  2 1178533653  
3 
2  35 
4 
1  100 1902864764  
4 
1  0 583688798  
1  43 1363006107  
1  15 1234380056  
1  32 1634461843  
1  92 834658095  
4 
2  0 
3 
4 
3 
2  92 
1  0 1395411097  
2  0 
4 
2  86 
1  0 1329729547  
3 
2  0 
3 
3 
1  0 534315189  
4 
2  0 
2  11 
3 
2  93 
2  70 
2  57 
4 
1  0 571254486  
1  0 1971284228  
4 
3 
2  0 
2  40 
2  33 
4 
2  0 
4 
3 
2  80 
1  0 2046977570  
2  0 
1  0 26543104  
1  72 1883539191  
2  0 
2  0 
2  17 
3 
3 
2  72 
4 
2  0 
3 
2  0 
2  73 
1  83 698870753  
1  0 391076616  
4 
1  76 161840339  
3 
2  0 
3 
2  0 
1  45 1051272093  
2  0 
2  0 
4 
4 
1  0 286223715  
4 
2  10 
3 
2  0 
1  59 304461182  
4 
1  77 449497505  
1  0 1981689300  
4 
2  0 
1  0 1387624419  
3 
1  39 494694711  
3 
3 
1  0 1115017668  
2  85 
2  73 
1  19 1680665315  
1  96 443176116  
3 
3 
4 
3 
1  0 689685826  
4 
2  73 
3 
1  0 647683237  
1  96 1838800943  
3 
2  32 
1  0 1868219479  
2  0 
3 
1  0 403064353  
4 
2  0 
4 
1  0 275006094  
4 
4 
4 
4 
4 
1  10 1083741938  
1  0 1637444409  
3 
3 
2  33 
4 
2  82 
2  95 
3 
3 
4 
3 
2  82 
2  0 
4 
4 
2  78 
1  10 1909467937  
4 
3 
4 
3 
2  12 
2  17 
3 
4 
1  1 1918400034  
3 
4 
4 
3 
1  0 885371859  
1  0 1091713837  
2  0 
2  0 
2  98 
4 
2  100 
1  0 305231575  
2  70 
2  0 
2  3 
4 
4 
2  0 
1  21 1456626345  
4 
4 
1  41 915514417  
2  0 
2  0 
3 
2  0 
2  0 
3 
4 
2  79 
3 
1  0 204725498  
2  0 
4 
2  2 
1  2 1483169449  
3 
4 
1  18 651569961  
1  55 903596251  
1  70 1874246065  
4 
1  0 813410300  
1  89 1954868344  
2  80 
2  93 
3 
3 
1  69 12986133  
1  30 1117871482  
2  56 
1  0 256882201  
2  16 
3 
1  67 1994675433  
2  0 
4 
3 
4 
4 
4 
3 
1  68 358012253  
1  0 751576912  
3 
2  38 
1  32 962209453  
3 
1  0 2038677568  
3 
4 
3 
2  0 
2  27 
4 
3 
4 
1  76 1194753028  
2  69 
1  99 1651895279  
4 
1  0 538877157  
2  9 
3 
2  28 
4 
2  0 
1  60 886070324  
1  26 1372631111  
2  0 
