3 
4 
2  0 
4 
3 
2  80 
2  0 
3 
1  0 924339151  
4 
2  0 
2  0 
4 
3 
1  0 72861502  
4 
2  0 
1  3 898568330  
1  36 336015994  
1  0 821227791  
2  58 
3 
2  45 
2  14 
2  0 
3 
4 
2  0 
3 
3 
4 
3 
3 
4 
3 
1  29 83888119  
1  79 132095862  
2  68 
4 
4 
2  0 
1  0 624982853  
4 
3 
4 
2  67 
4 
3 
3 
2  22 
4 
1  0 1669499083  
1  14 729639056  
4 
2  93 
1  50 872321435  
4 
4 
3 
2  70 
2  48 
3 
4 
3 
3 
2  0 
1  87 1875752989  
2  28 
4 
1  87 1319956762  
3 
3 
4 
3 
4 
3 
4 
2  99 
2  0 
3 
1  0 1363707409  
1  0 749904852  
3 
2  35 
1  0 830107228  
4 
4 
4 
4 
3 
3 
4 
1  34 915095083  
3 
1  0 868812006  
2  30 
4 
1  53 632510463  
2  21 
1  84 1431007629  
4 
3 
4 
3 
4 
3 
2  66 
3 
3 
2  33 
4 
2  0 
4 
2  85 
1  46 949938749  
3 
3 
3 
3 
4 
4 
4 
3 
1  0 713390196  
3 
2  0 
2  48 
1  0 33713944  
1  0 773936474  
3 
1  17 1239472122  
4 
1  0 1755584309  
2  22 
3 
1  0 1907054807  
1  0 398983167  
3 
3 
3 
4 
2  0 
1  37 1379580868  
3 
4 
1  0 1174085037  
1  0 1127621239  
1  0 156436371  
1  0 1246946540  
2  60 
4 
1  46 2026189570  
3 
4 
1  8 492452365  
4 
2  48 
2  0 
4 
3 
2  0 
4 
2  95 
2  0 
1  20 2068174331  
3 
1  31 2110077689  
4 
3 
2  0 
4 
1  0 624548228  
3 
1  0 545673537  
4 
2  98 
2  0 
2  53 
2  64 
4 
2  0 
1  0 1632093125  
1  0 1354187284  
1  60 1417994972  
3 
1  38 1360362466  
2  39 
4 
2  0 
2  0 
2  0 
2  7 
4 
1  0 526660398  
2  12 
2  0 
2  0 
1  0 634218733  
1  61 2110267318  
1  0 1356767626  
3 
2  0 
1  64 1549313816  
1  0 831595677  
3 
4 
3 
3 
3 
4 
4 
1  0 1989278090  
1  0 832837797  
2  86 
3 
1  2 1781534426  
3 
3 
1  58 555184638  
1  84 866551742  
1  0 407987252  
4 
3 
2  0 
1  80 1794656761  
3 
3 
2  87 
2  0 
4 
3 
3 
4 
1  0 474652403  
3 
3 
2  40 
1  0 167558411  
4 
3 
3 
3 
3 
4 
3 
2  72 
1  45 46156280  
4 
2  0 
2  0 
4 
4 
2  38 
1  26 1854233271  
1  62 1341643449  
2  0 
1  85 1173777519  
2  0 
2  60 
4 
1  0 2010669643  
3 
3 
3 
1  0 441106341  
1  9 1052483441  
2  0 
3 
2  0 
4 
2  0 
2  0 
1  93 355638360  
1  0 361797024  
1  0 1015077483  
4 
4 
4 
2  0 
3 
1  54 980186588  
1  15 907470561  
2  58 
2  0 
4 
4 
2  90 
4 
3 
4 
2  0 
1  0 499686960  
2  0 
1  80 186890224  
4 
2  0 
1  43 177981886  
2  0 
2  60 
1  0 1860049426  
1  0 713550622  
1  0 812200619  
1  66 1822833096  
4 
2  43 
3 
1  0 2070318249  
2  0 
3 
1  28 214030788  
4 
4 
3 
3 
4 
1  0 506945125  
3 
4 
3 
2  90 
2  25 
4 
1  0 1912112691  
1  0 1046868585  
1  0 140995903  
3 
1  37 319813681  
4 
3 
1  0 1913420327  
3 
3 
4 
3 
2  0 
4 
2  27 
4 
2  0 
4 
3 
4 
1  0 548983155  
1  38 2114470442  
3 
3 
2  32 
3 
4 
2  20 
1  0 240589082  
1  37 716541567  
1  54 13143074  
1  39 2094822354  
2  93 
2  0 
4 
2  0 
1  0 2058185016  
4 
1  87 1186920594  
2  0 
2  95 
3 
4 
2  0 
3 
2  56 
3 
4 
4 
3 
2  46 
1  11 1958008349  
4 
4 
3 
1  0 351807709  
4 
1  10 91920387  
2  0 
1  58 166163061  
2  75 
2  0 
3 
3 
2  99 
1  22 713604733  
4 
2  0 
1  0 1106997870  
4 
2  99 
3 
2  66 
2  43 
3 
2  0 
3 
2  13 
2  17 
1  0 1146349650  
2  89 
2  91 
3 
4 
3 
4 
2  15 
1  0 1621075295  
2  40 
2  33 
3 
2  35 
3 
1  97 1606684830  
1  0 1333239874  
4 
1  0 1799057181  
2  0 
3 
4 
3 
2  17 
2  0 
3 
3 
3 
1  95 1319250608  
4 
1  0 2046790497  
4 
4 
4 
2  0 
1  4 463774152  
2  84 
3 
2  0 
2  0 
4 
4 
2  0 
2  0 
2  0 
4 
4 
3 
4 
1  0 994600057  
3 
2  0 
2  0 
2  0 
1  33 1969625098  
3 
4 
4 
3 
4 
1  56 677804940  
4 
4 
2  0 
3 
2  3 
4 
1  73 1501545182  
2  0 
1  0 1734254141  
3 
1  0 1724673526  
4 
1  73 1642541086  
2  0 
3 
4 
4 
2  49 
2  82 
3 
3 
1  83 2054067822  
4 
1  41 1490610205  
3 
4 
4 
4 
4 
3 
2  49 
3 
3 
4 
4 
3 
4 
3 
2  0 
1  0 44040593  
3 
2  68 
4 
3 
4 
2  0 
3 
3 
1  24 2021054617  
1  0 1731199288  
4 
1  100 760582160  
4 
2  0 
2  62 
4 
3 
3 
2  33 
1  13 2034197691  
4 
1  0 1678537994  
1  38 671283528  
1  0 1073634637  
3 
4 
3 
4 
2  0 
4 
2  0 
1  33 1489062695  
3 
1  9 1023091237  
4 
2  19 
1  0 1165555025  
3 
3 
2  52 
3 
2  35 
1  0 1655225756  
2  0 
1  21 1736695971  
3 
3 
3 
2  11 
4 
4 
4 
2  0 
1  66 125069247  
1  0 654091758  
4 
3 
3 
1  90 1210287618  
3 
1  0 1731754078  
2  0 
2  0 
4 
4 
2  0 
1  0 1987331633  
2  0 
3 
3 
1  0 861861151  
4 
2  0 
1  0 903521038  
3 
2  26 
1  0 1886638482  
1  26 1325635303  
3 
4 
3 
4 
3 
4 
2  0 
1  0 1898121095  
2  89 
1  0 1708779932  
4 
2  0 
4 
1  65 2003440244  
3 
1  22 1252182630  
4 
2  0 
1  34 1295550425  
1  0 1580630122  
2  0 
2  0 
1  0 747240068  
4 
4 
4 
1  92 1202134599  
3 
3 
1  0 923756679  
1  62 791280661  
2  0 
2  70 
1  77 1075705568  
2  0 
2  78 
1  25 507472319  
3 
1  0 1551862822  
3 
4 
4 
1  97 962419612  
2  0 
3 
2  6 
2  0 
3 
3 
1  56 38526665  
2  0 
2  37 
3 
4 
3 
3 
4 
1  67 75662702  
1  64 2036054249  
4 
3 
4 
4 
2  50 
3 
1  76 1527589360  
3 
4 
4 
1  55 1098753940  
3 
3 
3 
2  0 
2  93 
4 
1  0 1054125626  
4 
4 
4 
4 
4 
2  1 
3 
2  4 
3 
2  45 
1  0 1035331469  
1  0 687966263  
4 
2  86 
1  0 1179194874  
3 
3 
2  0 
1  0 1689423227  
1  0 1898253881  
3 
2  17 
3 
4 
2  0 
1  85 763465304  
3 
2  0 
3 
4 
4 
1  0 1529271212  
1  0 612631384  
4 
3 
4 
2  0 
2  0 
3 
1  0 1666986342  
4 
1  0 1268426046  
1  39 1938266687  
3 
1  31 1417623790  
4 
4 
1  0 829722330  
1  90 1794223283  
1  82 522322772  
3 
4 
3 
2  0 
3 
2  0 
4 
1  0 2125272755  
1  80 1227369757  
3 
2  0 
4 
4 
2  0 
1  0 1269562840  
2  85 
2  0 
1  88 1179923707  
3 
1  0 3642789  
2  8 
1  0 2060843501  
2  0 
1  0 108145627  
1  51 511115108  
2  59 
1  0 1465222675  
4 
2  34 
4 
4 
1  0 1070565239  
1  0 549641774  
1  68 1540885378  
2  0 
1  0 959135841  
1  38 2077231134  
1  86 492155670  
4 
3 
1  0 2013261467  
2  51 
2  95 
2  71 
2  0 
1  0 965078955  
1  0 1180121933  
4 
3 
1  0 1044972693  
4 
1  96 507018535  
1  0 930892166  
4 
4 
3 
4 
2  55 
3 
2  4 
1  19 1808437997  
1  0 2036289747  
2  0 
1  95 1543523550  
4 
1  0 1327940692  
3 
2  36 
4 
3 
3 
2  0 
2  0 
3 
4 
4 
2  96 
2  29 
1  0 1157232146  
1  97 1334306589  
1  46 598080834  
4 
4 
1  0 1986954476  
2  0 
2  0 
3 
2  0 
4 
2  62 
3 
2  87 
2  94 
3 
4 
2  66 
1  97 981046225  
3 
4 
1  0 1120403606  
4 
3 
1  84 1964743584  
3 
3 
2  0 
1  83 60932334  
4 
2  91 
2  32 
4 
1  0 242482798  
2  0 
4 
3 
3 
2  0 
3 
1  0 997183643  
3 
3 
2  22 
1  38 64575123  
4 
1  79 155842651  
3 
1  0 1105329270  
4 
4 
2  0 
2  85 
3 
3 
1  0 575690232  
3 
4 
1  0 1621065327  
3 
4 
3 
1  0 28410862  
4 
1  17 1125332006  
3 
2  48 
3 
1  67 1014467057  
2  69 
4 
1  0 987546703  
1  0 1055079492  
1  0 1506622727  
1  0 853324522  
4 
2  50 
2  50 
2  1 
4 
1  0 2020158448  
1  11 539261012  
2  98 
4 
2  0 
1  0 1898297216  
4 
4 
1  0 379693335  
3 
3 
1  90 1470153178  
3 
3 
3 
2  0 
1  8 1559251565  
4 
4 
3 
1  0 268499434  
4 
2  0 
2  0 
3 
2  0 
1  32 866193080  
4 
1  63 739708609  
1  0 1425731580  
2  0 
2  0 
4 
1  0 53016021  
1  66 1337789443  
2  0 
4 
2  0 
2  42 
1  50 1265202409  
4 
2  0 
3 
2  92 
3 
2  0 
2  37 
2  88 
1  0 1034062246  
2  54 
3 
1  35 310709401  
2  67 
4 
4 
3 
2  44 
1  0 1082462345  
1  66 1094994581  
4 
1  56 553192199  
3 
1  39 2079645988  
1  0 1159569704  
3 
2  0 
2  0 
4 
4 
3 
2  72 
2  0 
2  30 
4 
2  99 
4 
2  97 
1  0 709034851  
4 
1  0 1037491610  
2  0 
1  62 1735259936  
1  0 182616530  
3 
3 
4 
4 
3 
2  0 
3 
1  0 1065902472  
4 
2  0 
2  0 
4 
1  48 713108294  
4 
3 
1  0 1197083587  
3 
3 
2  40 
2  6 
3 
3 
3 
4 
3 
1  81 2053449175  
1  0 1768187787  
2  11 
3 
1  90 556222666  
1  0 759290050  
3 
2  0 
4 
1  0 1640862587  
4 
4 
2  0 
3 
4 
3 
2  66 
3 
4 
2  100 
2  0 
3 
3 
3 
4 
2  0 
3 
4 
1  50 1095483678  
4 
1  0 510103618  
2  35 
2  47 
2  60 
3 
1  1 2020555922  
1  67 418153208  
2  86 
1  0 2069355183  
3 
4 
3 
1  0 141571708  
4 
3 
1  0 1284346288  
3 
4 
2  0 
3 
4 
3 
3 
4 
2  0 
2  0 
4 
2  74 
2  0 
4 
1  0 661580145  
2  0 
3 
2  48 
4 
2  61 
4 
4 
3 
4 
1  0 1567303289  
3 
4 
3 
1  0 1337362309  
2  0 
2  39 
2  71 
3 
2  0 
2  0 
3 
3 
1  0 1999369588  
3 
4 
2  0 
4 
2  75 
2  83 
4 
4 
3 
2  42 
3 
3 
3 
2  6 
4 
1  0 685022050  
3 
4 
1  0 223940908  
1  51 162595342  
4 
3 
2  0 
2  1 
2  0 
4 
1  37 1767484395  
3 
4 
2  0 
2  0 
2  0 
4 
2  0 
1  0 1318935489  
3 
3 
1  79 715787541  
4 
4 
2  0 
3 
2  35 
2  0 
4 
2  48 
2  0 
4 
1  0 1699646735  
3 
3 
3 
3 
4 
2  19 
2  60 
4 
1  34 331021545  
1  19 1424822392  
4 
3 
1  64 589654697  
3 
3 
2  0 
2  0 
4 
2  0 
4 
1  0 2066281482  
1  20 1607438922  
1  27 1655557170  
2  8 
2  33 
2  0 
3 
3 
1  0 631906128  
2  0 
4 
4 
2  0 
2  1 
4 
3 
4 
4 
2  15 
4 
2  0 
4 
2  0 
1  0 657038861  
3 
1  72 1561522697  
4 
3 
3 
3 
2  61 
2  37 
2  72 
2  0 
2  78 
3 
3 
2  0 
3 
1  48 252610267  
3 
2  9 
4 
2  0 
4 
1  0 1213261527  
2  0 
2  0 
4 
1  0 173329099  
2  0 
4 
2  26 
1  55 1893472854  
1  0 161261557  
3 
2  69 
3 
4 
4 
4 
4 
1  10 683432717  
3 
1  84 1766545128  
2  0 
4 
3 
3 
4 
2  0 
1  85 579414765  
4 
3 
2  15 
1  0 605304253  
1  31 1908116837  
1  0 1863761053  
1  0 1266884398  
2  0 
3 
3 
4 
1  37 1327936478  
3 
1  78 1053639715  
4 
3 
3 
3 
2  0 
4 
4 
2  35 
1  0 1118770338  
2  70 
1  0 2012958528  
3 
1  0 1277580623  
2  0 
3 
3 
1  0 1281365680  
4 
1  0 1632959275  
3 
2  71 
4 
3 
4 
1  53 449032464  
2  29 
3 
1  90 1997153222  
1  25 1185122362  
4 
3 
3 
2  79 
4 
1  78 780054009  
3 
2  19 
3 
4 
3 
2  51 
4 
3 
1  49 1274491966  
2  97 
1  0 1774777059  
4 
4 
1  0 698851843  
4 
2  15 
3 
1  0 734447241  
3 
2  0 
2  36 
2  0 
2  0 
3 
3 
4 
1  0 1282850581  
3 
3 
4 
4 
3 
2  35 
2  60 
1  59 1330757972  
4 
3 
2  24 
4 
3 
2  0 
3 
1  0 1391486102  
2  0 
1  0 696889631  
4 
2  100 
2  0 
4 
2  88 
1  47 1583368239  
3 
1  0 457263982  
1  0 870218730  
4 
4 
3 
2  0 
1  37 1329357446  
3 
3 
3 
1  21 618525539  
4 
3 
1  0 1553651448  
4 
4 
2  0 
4 
1  9 948418926  
4 
2  0 
2  33 
3 
3 
2  16 
3 
3 
4 
4 
1  0 1197940305  
2  92 
1  0 11472053  
3 
4 
4 
2  51 
3 
2  0 
1  0 709052115  
2  0 
4 
4 
1  62 914217710  
1  0 1278356451  
2  65 
1  60 2036988593  
1  0 1967857425  
4 
2  0 
2  0 
1  38 249643141  
4 
1  19 1902463473  
2  0 
3 
4 
2  56 
1  0 1097954400  
2  0 
4 
2  96 
4 
1  0 1531008822  
3 
3 
3 
3 
3 
1  75 1387939100  
2  0 
3 
1  0 1546986864  
3 
3 
1  0 1380678396  
2  0 
4 
2  0 
1  0 425577814  
3 
4 
2  0 
3 
3 
4 
3 
1  0 179557226  
1  30 507686714  
4 
1  0 52871226  
3 
2  47 
3 
2  0 
3 
1  68 878409069  
3 
3 
2  0 
2  90 
4 
2  81 
2  58 
3 
4 
3 
2  0 
1  48 1242133955  
1  0 1335721807  
1  0 61683393  
1  97 486136410  
2  77 
3 
1  6 2032611438  
3 
1  0 1645051633  
3 
1  21 943400392  
4 
4 
4 
2  39 
2  0 
1  0 755346521  
1  0 826925431  
2  0 
1  78 1561925931  
1  36 161514321  
4 
2  23 
1  0 1775344357  
1  0 612382588  
4 
2  98 
4 
4 
4 
1  32 172986374  
2  0 
2  0 
3 
4 
2  55 
2  0 
3 
3 
2  0 
1  49 336912825  
3 
2  74 
4 
4 
4 
1  0 1526600299  
4 
2  0 
1  0 1451342825  
1  53 226417770  
3 
4 
1  0 1346974076  
1  26 1700985966  
2  0 
4 
3 
4 
1  97 2128881244  
3 
1  21 297444829  
2  13 
3 
3 
1  93 1084511140  
4 
4 
3 
3 
1  0 1369336696  
1  40 1844431693  
1  0 317705888  
4 
2  0 
3 
1  16 1794914511  
4 
2  16 
1  96 2023988919  
4 
4 
2  0 
2  0 
1  0 825392603  
4 
2  0 
2  0 
1  0 1847785737  
3 
2  12 
1  0 754914341  
4 
2  0 
4 
1  32 2067526558  
4 
1  54 1036023896  
2  0 
3 
2  42 
2  39 
2  9 
4 
1  0 816597734  
3 
2  89 
4 
3 
4 
3 
3 
4 
1  0 406179320  
4 
2  20 
2  0 
1  93 921151687  
2  39 
2  40 
3 
1  85 314165719  
4 
4 
1  59 1349579712  
4 
1  0 1676498208  
4 
4 
1  43 1141091150  
1  0 764021996  
3 
1  0 1838012529  
2  5 
4 
4 
4 
3 
3 
4 
3 
4 
4 
4 
1  94 768951860  
2  58 
2  0 
1  0 1376404584  
1  0 2010998903  
3 
1  0 1105864685  
2  0 
3 
3 
4 
1  25 755521235  
4 
4 
2  0 
1  0 1314858080  
1  0 1332282455  
4 
2  73 
2  74 
4 
3 
3 
1  85 2102495312  
4 
1  34 868360398  
1  0 1313680051  
2  91 
3 
2  62 
1  0 252456493  
1  5 1952871539  
2  60 
2  0 
4 
3 
4 
3 
4 
1  25 535533100  
1  0 2096888186  
1  32 123093779  
2  9 
1  25 182963963  
1  0 1973393458  
1  0 948486382  
2  0 
2  17 
3 
4 
1  59 2030749700  
3 
4 
1  0 580824151  
3 
4 
4 
3 
3 
2  0 
1  25 868529293  
2  11 
4 
4 
4 
4 
4 
4 
2  0 
4 
1  75 919289948  
3 
4 
3 
2  0 
2  0 
1  21 1397421885  
3 
2  91 
2  0 
3 
1  27 1274708613  
4 
1  0 1840441635  
4 
2  0 
3 
2  0 
4 
2  0 
1  61 1711587605  
1  0 476804678  
3 
4 
1  0 1369456195  
4 
1  88 705195107  
4 
2  0 
3 
3 
1  0 1240826674  
4 
4 
2  0 
2  0 
4 
3 
1  0 1059985076  
4 
2  0 
4 
1  0 1474146967  
4 
4 
2  0 
3 
3 
1  58 469747610  
3 
2  15 
2  0 
1  13 923500331  
2  0 
4 
4 
2  0 
4 
1  0 432528004  
3 
3 
3 
4 
1  0 1225268846  
3 
1  24 90874763  
3 
4 
2  0 
2  0 
2  45 
3 
4 
4 
3 
1  20 1764810460  
4 
4 
2  39 
4 
4 
2  36 
2  0 
3 
4 
1  66 1180280510  
4 
2  34 
1  0 959235162  
1  0 931006863  
2  45 
3 
2  0 
1  69 1432737003  
3 
3 
3 
4 
3 
2  0 
1  84 764623053  
2  0 
3 
3 
2  0 
4 
4 
4 
3 
3 
2  0 
3 
3 
2  0 
4 
3 
4 
4 
4 
2  57 
4 
2  0 
4 
1  0 1466539963  
3 
4 
4 
3 
4 
3 
2  0 
1  0 1382141541  
1  0 887716832  
3 
4 
3 
1  0 1649503926  
4 
3 
1  0 1208051351  
1  0 1836203215  
2  0 
4 
3 
4 
3 
2  60 
1  0 1532769978  
3 
4 
2  94 
4 
1  0 1788875502  
3 
3 
1  0 557248860  
1  0 304576279  
4 
2  60 
2  68 
4 
1  84 1038813740  
4 
2  49 
2  0 
3 
3 
2  0 
4 
3 
2  0 
1  0 1831957473  
2  6 
4 
2  68 
3 
2  80 
2  0 
4 
4 
4 
2  0 
3 
3 
2  0 
2  0 
4 
3 
4 
3 
3 
4 
2  0 
4 
2  0 
1  0 2145017914  
3 
4 
4 
3 
2  0 
2  0 
4 
3 
2  0 
2  0 
3 
4 
2  64 
1  43 602917697  
2  55 
3 
4 
2  0 
4 
2  27 
4 
3 
4 
1  0 161278503  
2  51 
1  73 1366990462  
1  67 1308112804  
4 
4 
1  2 1402105177  
3 
3 
3 
1  97 279491890  
3 
1  0 634776124  
4 
2  70 
3 
2  12 
2  0 
4 
2  0 
4 
4 
2  34 
3 
1  48 1871852788  
2  0 
3 
3 
4 
2  45 
3 
1  0 1202992222  
3 
2  0 
3 
2  86 
1  17 1067304128  
1  46 949637986  
1  82 1293866985  
4 
4 
3 
1  0 684630940  
3 
4 
4 
2  63 
2  0 
1  0 2129918496  
4 
1  91 105618499  
2  24 
3 
1  0 1615637804  
3 
2  0 
1  0 1415171851  
4 
2  0 
4 
1  0 870241552  
4 
4 
2  0 
4 
4 
2  56 
1  0 934694119  
2  0 
4 
3 
3 
2  0 
2  0 
2  43 
1  68 649829744  
2  0 
2  64 
2  64 
3 
2  0 
1  0 1757958385  
3 
2  0 
4 
4 
1  67 436714398  
2  55 
3 
3 
1  0 1857881096  
1  9 1446677952  
2  57 
2  0 
1  0 1969484376  
2  62 
3 
2  79 
2  11 
3 
4 
2  70 
3 
3 
1  3 1499272950  
2  85 
1  2 2003926812  
2  83 
2  22 
3 
1  0 126577007  
1  0 390603042  
2  46 
1  0 1688400637  
1  92 124111274  
2  0 
2  77 
3 
4 
1  0 993520739  
4 
4 
1  0 1849679141  
2  10 
2  0 
2  0 
2  0 
1  42 1491101736  
1  6 154149896  
3 
3 
4 
2  81 
2  0 
1  0 1104300670  
1  0 1770593626  
2  20 
3 
2  97 
1  0 788926020  
3 
4 
3 
1  0 828669810  
4 
4 
3 
1  0 826102200  
4 
3 
2  88 
4 
4 
3 
3 
2  96 
4 
1  0 1856230148  
4 
3 
4 
4 
2  66 
2  18 
3 
1  0 1778307796  
1  22 2119969186  
1  0 393377441  
2  0 
4 
4 
2  0 
3 
1  0 1760742644  
2  0 
4 
3 
4 
3 
2  22 
3 
3 
1  0 78104037  
4 
4 
3 
1  0 2009015245  
2  0 
4 
2  51 
1  0 1028430847  
3 
1  0 948345590  
1  0 796225716  
1  0 1678260592  
4 
4 
1  0 558820327  
4 
1  61 1232940114  
4 
1  76 1388658040  
1  0 2005498279  
1  93 1054940843  
2  95 
3 
2  0 
1  29 740447342  
4 
1  0 1861941443  
3 
1  32 1181517850  
4 
1  0 1131050385  
3 
3 
2  0 
3 
4 
3 
3 
3 
1  0 1402858432  
1  0 1305629124  
1  0 2124571124  
4 
3 
4 
3 
2  68 
1  0 1105053925  
4 
1  0 649247212  
1  2 131237372  
2  46 
2  0 
1  20 61870948  
2  0 
1  84 272357191  
3 
4 
2  0 
1  0 920163392  
2  1 
2  56 
4 
3 
4 
2  3 
4 
3 
3 
4 
1  0 890540758  
4 
4 
1  0 1098459391  
3 
4 
1  33 628909893  
1  0 521364907  
2  92 
4 
2  0 
1  0 1070944929  
4 
2  68 
2  23 
4 
3 
2  50 
1  40 1022287334  
4 
3 
2  78 
4 
3 
3 
3 
4 
3 
2  0 
1  75 134623903  
2  0 
3 
3 
4 
4 
1  69 1149048967  
2  58 
4 
1  11 883818931  
1  3 1163054751  
4 
1  76 2097394557  
3 
2  0 
4 
4 
3 
4 
2  72 
1  0 1680044647  
2  0 
3 
4 
2  95 
3 
2  42 
3 
4 
1  0 693831695  
4 
4 
1  0 508731236  
1  14 765501114  
4 
4 
4 
4 
1  71 2082489735  
4 
4 
4 
3 
4 
2  0 
2  53 
1  0 366745867  
2  0 
2  78 
4 
3 
2  9 
1  0 1820441957  
4 
4 
4 
3 
3 
3 
4 
1  0 675453429  
1  87 81203662  
1  0 854476159  
4 
3 
3 
2  0 
1  0 1806503814  
2  33 
2  0 
2  0 
3 
3 
2  0 
1  68 1484062094  
3 
1  31 12621636  
1  0 1783591291  
3 
1  88 441632372  
2  61 
4 
2  0 
3 
3 
4 
3 
3 
4 
1  53 661868848  
3 
3 
3 
4 
1  0 1914828663  
4 
4 
3 
3 
2  66 
3 
4 
2  0 
1  0 503503320  
3 
1  0 934226039  
3 
3 
1  90 687508408  
3 
4 
4 
1  0 1394044078  
3 
2  0 
2  55 
2  98 
3 
1  23 2032685431  
2  0 
2  10 
2  58 
3 
3 
1  88 1316418301  
3 
2  85 
2  0 
2  0 
1  50 1915408985  
3 
3 
3 
2  99 
3 
1  32 956146712  
1  0 191221987  
3 
4 
1  51 2050032889  
2  23 
2  0 
1  0 2105195679  
2  0 
1  90 1075040918  
1  0 1065603992  
1  0 2055106588  
2  0 
3 
3 
2  0 
4 
2  44 
3 
4 
1  0 607601917  
1  32 1759435687  
1  78 416354176  
3 
1  62 1373103031  
1  0 1694441774  
4 
2  82 
3 
3 
4 
4 
2  0 
2  47 
4 
4 
4 
1  0 783100043  
1  65 1046061340  
4 
1  75 222411555  
4 
3 
3 
1  0 864303705  
4 
1  12 1900537500  
1  0 2028915370  
3 
4 
2  0 
3 
4 
1  0 200882152  
3 
1  0 1913159136  
4 
4 
1  0 1665023013  
1  4 642514524  
4 
3 
1  0 427544336  
1  0 1432368028  
2  0 
4 
1  0 1146017844  
3 
1  0 1361770376  
3 
1  4 2119876436  
2  74 
1  41 392578274  
4 
4 
1  0 1246972159  
2  0 
3 
3 
1  0 1288811089  
1  0 160503612  
3 
4 
2  68 
2  0 
3 
2  13 
4 
3 
3 
3 
4 
3 
1  0 55635223  
3 
3 
4 
3 
2  94 
3 
2  22 
3 
3 
2  0 
1  0 1480033076  
4 
1  77 63052853  
1  99 13347255  
3 
3 
2  79 
2  0 
4 
1  97 407590346  
3 
1  0 1128656845  
1  0 2068453843  
2  67 
1  44 1015192264  
2  36 
2  30 
3 
2  75 
1  0 740608884  
4 
2  0 
2  0 
2  37 
2  97 
4 
1  0 337324372  
2  75 
1  0 240811647  
2  75 
1  22 287567010  
4 
4 
3 
3 
4 
2  29 
3 
1  0 1120424415  
3 
1  0 1286872988  
3 
3 
3 
3 
4 
3 
2  0 
3 
4 
2  15 
2  28 
3 
3 
2  0 
4 
1  0 509978565  
2  87 
4 
2  0 
1  0 1984728121  
4 
4 
1  96 1039926840  
2  10 
3 
1  0 391410287  
1  0 38126625  
1  0 805602328  
1  0 2056433300  
4 
3 
4 
4 
3 
1  0 680641149  
1  0 1233146664  
4 
3 
2  86 
3 
2  87 
4 
1  95 1341317681  
2  0 
1  0 1826658993  
4 
1  90 447433392  
4 
3 
2  0 
2  0 
1  17 1313710469  
1  0 71753619  
3 
2  0 
3 
4 
3 
4 
1  0 1694405551  
2  0 
4 
1  95 455037911  
1  0 232257231  
4 
3 
1  0 1750040775  
1  0 1935070987  
2  0 
4 
2  55 
2  0 
1  0 295310084  
1  0 1763388030  
4 
2  0 
1  0 195177686  
2  0 
4 
2  14 
1  0 1423966929  
4 
4 
4 
3 
1  0 1684358225  
3 
1  46 1210369950  
4 
2  90 
3 
3 
1  28 17092165  
2  43 
1  52 2021682597  
1  0 1451181597  
4 
1  9 304659175  
2  15 
4 
2  60 
1  61 994623365  
3 
1  0 590570937  
1  0 814637741  
4 
3 
3 
3 
1  97 831867838  
2  50 
1  62 1630497777  
3 
2  0 
3 
4 
3 
3 
1  0 1206048028  
4 
1  37 869994463  
4 
3 
2  0 
4 
1  14 288616457  
4 
3 
1  0 1114997681  
1  42 1550635612  
1  67 1521763122  
1  68 308831714  
4 
4 
4 
1  0 1229810957  
2  76 
1  45 1969196514  
2  0 
1  0 1622542183  
3 
1  51 1301564576  
2  43 
3 
3 
1  7 1516118418  
3 
3 
3 
3 
1  0 2077580094  
4 
3 
4 
3 
4 
2  0 
2  0 
3 
4 
4 
1  0 1533821808  
2  25 
2  0 
1  0 1118675545  
4 
3 
3 
3 
4 
2  0 
1  0 1865167434  
3 
4 
3 
2  0 
4 
1  51 1829131892  
4 
3 
4 
3 
3 
1  0 734579927  
4 
3 
2  90 
3 
4 
4 
3 
3 
2  0 
3 
4 
3 
3 
3 
3 
4 
2  17 
2  83 
3 
2  0 
2  40 
1  0 2060345120  
4 
1  62 1105615174  
3 
2  0 
2  27 
4 
1  12 271454504  
2  0 
3 
1  43 1123231422  
4 
1  0 1122707339  
3 
1  90 145653454  
4 
4 
4 
1  54 426929371  
3 
2  0 
2  0 
3 
3 
1  11 1427366515  
2  0 
4 
4 
3 
3 
3 
2  0 
3 
2  95 
3 
3 
4 
2  98 
1  14 1140276819  
3 
4 
1  55 1017500309  
3 
2  37 
2  0 
2  0 
1  0 94520608  
4 
1  0 1972144657  
4 
1  12 500514438  
4 
2  0 
2  0 
3 
2  46 
2  0 
4 
2  0 
1  0 1300568636  
1  0 694655472  
4 
1  77 789130896  
1  0 268082669  
2  0 
2  69 
3 
3 
1  24 97807436  
3 
3 
4 
3 
1  0 163410370  
4 
3 
1  81 576914383  
4 
2  0 
3 
3 
3 
1  0 1327618393  
1  98 2132606884  
3 
3 
4 
2  31 
1  0 51972919  
3 
1  0 481699321  
2  0 
4 
4 
3 
4 
3 
4 
4 
3 
4 
3 
2  16 
4 
4 
3 
1  54 1501241654  
1  0 2129553013  
3 
4 
3 
2  49 
4 
4 
4 
3 
3 
4 
4 
2  0 
3 
3 
2  0 
4 
4 
4 
1  64 2015521129  
3 
3 
2  88 
2  0 
3 
2  71 
1  0 472433551  
3 
1  0 1847236799  
4 
1  0 1697169374  
2  63 
3 
1  29 1207013478  
1  0 1760098271  
3 
3 
4 
3 
3 
2  77 
4 
4 
2  98 
4 
4 
1  0 655300900  
3 
4 
3 
2  7 
4 
1  93 1478467983  
2  100 
2  86 
3 
4 
4 
2  14 
3 
2  42 
4 
1  9 735846045  
3 
1  50 1778008239  
3 
1  0 1624121437  
3 
3 
1  0 1162775417  
4 
4 
1  0 1057891106  
1  31 616914608  
3 
3 
4 
2  58 
3 
4 
1  47 32792078  
2  0 
4 
1  0 1152411714  
1  0 441575617  
3 
3 
3 
1  16 533306516  
4 
1  0 305496703  
3 
1  0 1136231089  
1  97 1322437412  
4 
3 
4 
3 
3 
3 
3 
1  0 573579372  
3 
4 
2  11 
4 
3 
2  91 
4 
3 
1  1 1234038525  
3 
1  78 1485847782  
3 
4 
2  0 
2  19 
1  0 1150493756  
2  56 
4 
4 
4 
1  0 414173270  
4 
3 
2  0 
4 
4 
4 
4 
1  0 1470971019  
1  94 1202466675  
3 
1  0 895872591  
1  0 824729025  
1  94 1184536040  
2  0 
3 
3 
1  95 763910073  
1  20 1297162577  
2  0 
2  22 
3 
4 
4 
2  0 
3 
3 
1  75 884289192  
2  82 
3 
2  0 
1  35 313595799  
4 
3 
4 
1  0 356692407  
3 
2  15 
3 
1  0 496903815  
1  0 968896699  
1  67 1835160390  
3 
2  0 
1  13 1232749861  
2  0 
4 
2  0 
4 
3 
4 
3 
2  69 
4 
3 
4 
2  0 
3 
2  0 
4 
2  0 
2  85 
1  0 599421290  
3 
4 
2  0 
3 
1  0 1311798179  
3 
3 
1  77 248041630  
3 
4 
1  57 1657312397  
3 
4 
3 
3 
3 
4 
4 
1  29 1928712787  
2  78 
1  39 280833708  
3 
4 
4 
3 
1  0 662240463  
2  0 
4 
3 
4 
1  0 222804756  
3 
1  0 814140224  
1  0 967737166  
4 
1  0 1359035845  
4 
3 
2  79 
4 
4 
4 
3 
2  0 
2  0 
3 
2  52 
1  0 2136577637  
1  0 1541316539  
1  0 445590722  
3 
1  96 1474941771  
4 
2  69 
3 
2  0 
3 
3 
1  0 544326647  
1  50 859763992  
3 
2  0 
3 
4 
3 
1  0 798429142  
3 
4 
1  0 1746793322  
1  0 1755636584  
3 
3 
1  38 1623158168  
4 
2  0 
2  5 
2  24 
3 
2  81 
3 
2  50 
3 
2  69 
4 
4 
2  0 
1  34 783845714  
2  0 
2  0 
4 
1  0 372063009  
4 
3 
4 
3 
4 
1  58 772837097  
1  0 1668134906  
2  22 
4 
1  0 685658808  
1  0 1129529504  
1  0 17555074  
2  9 
3 
1  0 1654555507  
2  0 
1  14 817206247  
2  4 
4 
3 
2  0 
4 
2  35 
4 
2  47 
1  38 1250304935  
2  84 
4 
4 
1  0 106493149  
3 
2  0 
4 
2  0 
2  68 
3 
3 
4 
3 
2  73 
4 
4 
2  0 
4 
4 
3 
2  6 
2  0 
4 
2  0 
2  0 
4 
4 
2  53 
4 
3 
1  26 2129004426  
1  0 1498346565  
3 
4 
2  24 
3 
4 
1  31 1763805546  
4 
1  23 1910233566  
4 
4 
3 
2  12 
3 
3 
2  29 
1  74 1779180273  
2  79 
3 
4 
2  0 
2  85 
2  70 
1  1 278562362  
4 
2  0 
2  0 
1  0 2133038322  
2  0 
3 
3 
2  0 
3 
1  0 445836849  
1  0 1246299528  
1  88 1344590520  
4 
1  61 434930838  
2  0 
1  0 640132419  
4 
3 
3 
3 
3 
2  0 
4 
1  0 1790181242  
2  0 
3 
3 
4 
4 
1  0 1909872610  
2  67 
4 
1  1 1184459066  
2  10 
1  0 502461587  
2  42 
2  57 
2  0 
3 
4 
4 
4 
3 
1  0 560818104  
3 
1  0 783768740  
4 
2  84 
2  42 
2  0 
3 
3 
1  0 110614523  
2  0 
1  68 36492624  
4 
4 
4 
3 
3 
4 
4 
2  0 
3 
4 
1  18 1567614455  
3 
2  0 
3 
2  0 
4 
3 
4 
4 
4 
3 
4 
4 
2  0 
2  0 
3 
4 
3 
1  93 482677532  
3 
2  85 
3 
4 
4 
1  36 809329721  
3 
1  35 1088265713  
1  0 1168336340  
2  0 
4 
1  56 1938859226  
2  0 
2  46 
1  44 1105820787  
3 
2  67 
1  0 675408199  
4 
4 
3 
2  46 
2  7 
1  0 608581825  
2  78 
4 
1  0 208642074  
3 
2  0 
3 
1  0 781901348  
3 
2  54 
1  0 590102603  
2  0 
4 
1  80 1706988639  
4 
2  0 
2  13 
4 
2  0 
2  98 
4 
3 
4 
4 
3 
1  41 398223247  
1  0 352852521  
3 
3 
2  49 
4 
3 
2  78 
4 
3 
4 
1  94 1338685264  
3 
3 
4 
4 
1  37 676785609  
1  17 338407196  
1  0 1784522114  
1  41 1923085137  
1  0 1682997716  
2  0 
3 
3 
2  84 
1  0 71969304  
2  59 
1  69 415733909  
4 
1  0 1325695310  
2  0 
3 
4 
4 
3 
2  85 
4 
2  0 
1  0 1981841914  
3 
3 
2  66 
1  0 1600192975  
4 
4 
3 
4 
3 
2  15 
3 
4 
3 
1  0 1828156897  
3 
3 
4 
1  0 395176371  
2  0 
4 
3 
3 
2  59 
2  52 
2  75 
4 
1  0 236478068  
2  87 
4 
2  3 
4 
2  0 
3 
3 
2  18 
4 
3 
4 
1  0 1938771420  
4 
1  3 431668995  
1  49 1804092523  
3 
1  87 273965304  
1  58 1240998717  
4 
4 
3 
2  50 
1  88 744874588  
4 
2  17 
1  2 1442301644  
1  100 1032374295  
1  0 1850695376  
2  0 
4 
4 
2  3 
2  0 
3 
4 
2  87 
4 
1  0 2117709843  
4 
1  0 1640956120  
3 
2  28 
1  30 2059337450  
1  22 752127544  
2  0 
3 
1  0 83575075  
3 
3 
4 
4 
1  28 1618842442  
3 
4 
3 
2  8 
4 
1  96 1150350791  
3 
4 
1  0 436427597  
3 
4 
3 
3 
3 
3 
4 
1  0 810044058  
3 
4 
1  88 1827136400  
1  0 774834793  
2  0 
4 
4 
1  77 447082524  
1  0 1602737889  
2  43 
4 
1  58 310348861  
2  0 
2  0 
3 
4 
2  75 
2  42 
1  76 519051829  
4 
2  0 
1  85 2018471798  
4 
1  60 1636044171  
3 
3 
4 
1  0 353410095  
1  4 1471181126  
3 
2  86 
3 
1  97 1316717421  
1  4 748586466  
4 
4 
2  0 
2  0 
2  1 
1  93 1707659194  
2  0 
2  36 
4 
4 
1  0 1108005193  
2  0 
3 
2  0 
1  0 1180255462  
1  0 1364268069  
1  29 1381970498  
4 
4 
1  89 273770531  
3 
3 
1  57 2109142657  
4 
1  37 676788494  
3 
4 
4 
2  89 
3 
4 
2  66 
2  0 
4 
3 
4 
2  0 
3 
4 
4 
3 
4 
2  0 
1  0 1306144826  
2  0 
4 
2  0 
2  10 
3 
3 
3 
1  0 1812354385  
3 
4 
1  0 647014690  
3 
3 
2  0 
3 
1  25 799617298  
2  97 
2  0 
2  0 
3 
2  0 
3 
1  0 1724208188  
3 
3 
2  40 
1  24 1399142234  
2  0 
2  53 
4 
1  12 883192373  
4 
3 
2  0 
1  0 1195566982  
1  24 402009377  
1  4 1319619970  
2  0 
3 
3 
1  0 2005611040  
3 
1  0 81662129  
2  26 
4 
1  24 2094454763  
1  30 305209917  
2  0 
3 
3 
4 
3 
3 
2  0 
3 
4 
4 
2  6 
4 
1  0 1684400018  
3 
2  39 
4 
4 
3 
3 
1  0 257319976  
2  35 
2  0 
4 
4 
3 
1  33 824261746  
4 
3 
1  59 1555388169  
2  0 
1  0 1893364148  
4 
1  0 1177671841  
3 
4 
1  33 879085647  
1  0 1062597921  
2  0 
3 
1  54 1926258308  
2  64 
2  94 
4 
4 
4 
2  65 
3 
2  0 
1  0 439261193  
4 
4 
2  37 
2  52 
3 
3 
1  83 23119466  
3 
4 
4 
2  83 
1  45 959030122  
4 
1  0 1803529262  
2  20 
2  0 
2  62 
1  0 1405089964  
2  0 
4 
1  0 1232800653  
3 
1  69 1765188271  
2  0 
3 
3 
4 
1  0 2081878459  
4 
1  28 391461831  
2  78 
3 
4 
1  7 1430059009  
1  0 581409501  
3 
4 
1  78 1191079129  
2  0 
3 
3 
2  12 
1  0 1006783549  
3 
3 
3 
1  0 1980551735  
4 
2  29 
4 
3 
4 
3 
3 
3 
3 
4 
4 
4 
2  39 
1  91 2074271502  
2  14 
2  0 
3 
1  0 54866883  
1  76 235077464  
2  0 
3 
4 
4 
4 
1  20 1246407825  
2  27 
4 
3 
2  64 
3 
3 
2  0 
1  0 2060477923  
1  90 316739593  
3 
3 
4 
3 
3 
3 
2  28 
1  89 1193378940  
1  0 218204192  
4 
4 
4 
2  0 
4 
3 
4 
3 
4 
3 
2  3 
1  32 2001139611  
3 
4 
3 
3 
4 
1  0 1450698917  
3 
2  65 
2  37 
4 
3 
1  30 1042465938  
3 
4 
4 
2  0 
2  2 
1  0 1409044132  
3 
4 
2  31 
4 
4 
1  68 1196579417  
3 
4 
4 
3 
4 
3 
3 
1  73 72654132  
1  45 140646131  
2  0 
2  0 
3 
3 
2  40 
1  91 111693690  
1  0 1998912440  
4 
2  0 
4 
4 
4 
2  79 
4 
4 
2  100 
2  0 
2  19 
1  0 579907324  
4 
1  72 134813156  
2  77 
4 
1  0 810458914  
4 
2  0 
2  0 
2  1 
3 
1  0 235952938  
4 
3 
3 
2  0 
2  0 
2  0 
1  0 1539903121  
4 
4 
4 
3 
4 
2  3 
3 
4 
4 
2  0 
2  50 
1  75 2043259567  
4 
2  59 
1  83 2001141210  
3 
1  0 1474297932  
2  68 
2  8 
2  0 
3 
2  99 
3 
2  0 
3 
2  58 
2  47 
2  68 
3 
3 
4 
4 
3 
2  0 
3 
3 
2  38 
4 
2  41 
3 
2  0 
2  0 
1  0 287237750  
4 
2  74 
3 
4 
2  0 
2  0 
2  0 
4 
1  19 1283716571  
1  0 2055707433  
3 
2  0 
2  75 
3 
3 
2  56 
4 
1  0 1478316879  
3 
2  93 
2  76 
1  0 143016472  
1  0 1888775520  
3 
4 
4 
3 
1  0 1405104733  
2  60 
1  0 197883355  
3 
2  0 
1  71 2123852984  
2  0 
3 
4 
2  0 
1  0 504028910  
3 
4 
4 
4 
4 
3 
3 
2  66 
3 
1  0 110877630  
3 
4 
1  0 293108929  
3 
4 
2  38 
2  86 
2  57 
4 
4 
4 
2  70 
2  30 
2  0 
4 
3 
1  1 1697407851  
2  0 
4 
2  0 
1  69 329081823  
1  0 146764892  
1  0 1000623120  
4 
1  0 1371547761  
4 
3 
3 
3 
2  10 
3 
1  20 1555809025  
4 
3 
3 
3 
1  0 49718889  
3 
3 
2  3 
2  8 
3 
2  24 
4 
1  66 1444201893  
2  68 
3 
2  0 
1  92 1696455156  
1  48 161412579  
3 
4 
1  0 1295630685  
3 
1  64 128878833  
1  0 296225735  
3 
3 
4 
4 
4 
1  0 2106089599  
3 
1  85 364831771  
4 
4 
2  0 
1  0 1836128856  
1  70 2001865518  
4 
2  0 
1  0 218489333  
2  0 
2  72 
4 
4 
1  0 1162943140  
4 
1  0 141619620  
1  21 1502205904  
3 
1  16 1071166925  
1  23 1619936499  
1  0 1645222376  
3 
2  0 
3 
1  86 812458797  
2  94 
3 
4 
1  42 877557585  
2  98 
2  1 
3 
1  35 1843105731  
2  0 
1  0 788828133  
1  0 1381586495  
3 
4 
3 
3 
1  55 1953983362  
4 
2  21 
3 
2  96 
3 
2  41 
2  35 
2  0 
1  0 1081937062  
2  0 
4 
2  0 
3 
1  19 931510698  
3 
4 
1  0 135581537  
4 
1  18 1228701955  
4 
4 
1  0 1932133818  
3 
2  0 
4 
4 
4 
4 
2  0 
2  0 
4 
4 
4 
4 
2  45 
1  89 1507129298  
4 
1  0 637027332  
4 
1  0 1981852707  
4 
3 
1  91 803847544  
1  0 185998840  
4 
3 
2  54 
3 
2  28 
1  0 2143265286  
2  45 
3 
4 
3 
3 
3 
4 
4 
4 
2  89 
3 
4 
3 
1  74 2099478229  
1  0 314877673  
1  92 292007374  
1  37 2058084181  
3 
4 
2  0 
2  0 
1  62 679709445  
1  47 2128136230  
2  0 
2  0 
2  0 
3 
4 
4 
4 
3 
1  0 1912466051  
4 
2  0 
2  44 
1  0 898198778  
3 
4 
1  37 1143595723  
3 
4 
4 
3 
2  0 
3 
4 
2  0 
4 
3 
1  0 2054085672  
4 
4 
4 
1  0 252921035  
1  72 67279000  
3 
1  0 1526538523  
3 
1  28 1898143411  
1  0 879737798  
3 
4 
2  37 
2  7 
3 
2  0 
1  0 256612460  
4 
1  0 1593765495  
1  0 1668565931  
3 
3 
3 
3 
1  75 1638198956  
1  0 1400265209  
3 
4 
3 
1  85 603019346  
2  0 
3 
3 
2  0 
4 
4 
3 
1  0 422226006  
1  0 1535846746  
4 
4 
2  17 
2  100 
3 
3 
4 
3 
3 
4 
2  0 
4 
1  0 1831721301  
3 
3 
1  85 206876177  
4 
3 
1  0 895492396  
2  40 
4 
2  82 
2  36 
1  0 321264985  
2  0 
4 
3 
3 
2  5 
4 
1  0 41245236  
4 
3 
3 
1  0 1699339940  
3 
4 
2  43 
1  0 507263825  
3 
3 
2  0 
4 
2  0 
2  0 
3 
2  62 
2  0 
1  0 37026875  
4 
2  0 
1  0 1651334522  
2  0 
3 
2  9 
2  0 
2  24 
2  0 
3 
2  0 
4 
4 
2  15 
1  0 822141499  
2  71 
2  0 
1  0 329034249  
4 
2  0 
4 
2  31 
3 
4 
4 
1  41 1561935055  
3 
4 
2  18 
4 
3 
1  24 1501850944  
4 
1  2 309686831  
1  65 1326917458  
3 
2  0 
4 
4 
3 
4 
3 
1  0 252566074  
1  1 1453282554  
4 
1  0 1233519482  
1  35 505487109  
1  0 1520561555  
1  0 612574358  
2  0 
3 
4 
4 
2  15 
3 
1  34 256146873  
3 
2  0 
4 
3 
2  18 
1  31 252815705  
1  87 869186818  
3 
3 
2  84 
3 
3 
4 
4 
1  0 1849912368  
1  26 1921381636  
2  0 
2  97 
2  70 
4 
2  0 
1  0 359902126  
3 
4 
1  74 1102693929  
3 
4 
1  0 376917334  
1  0 782128133  
3 
4 
1  0 491057027  
2  0 
1  0 61154987  
2  0 
4 
4 
3 
2  36 
1  0 989004310  
2  0 
1  0 1386549423  
1  19 382419972  
1  43 1030249546  
4 
4 
3 
3 
1  0 938405716  
4 
2  0 
4 
1  56 889683798  
2  71 
1  0 1067276421  
2  2 
3 
2  0 
4 
2  0 
1  0 442256590  
2  87 
4 
2  100 
3 
1  67 1711825297  
1  0 1396310670  
3 
3 
4 
1  2 2004191645  
3 
4 
3 
4 
1  0 1066192593  
3 
3 
2  0 
2  35 
4 
1  0 1705997502  
4 
2  0 
3 
4 
2  76 
3 
4 
4 
4 
2  0 
3 
4 
1  0 1183625455  
4 
3 
3 
2  90 
2  40 
1  0 1318758667  
3 
1  75 1011796408  
1  0 269661290  
1  20 1824245777  
2  97 
1  0 384874315  
4 
1  0 882235648  
1  72 2080392650  
2  0 
2  0 
4 
4 
3 
3 
3 
4 
4 
2  68 
3 
3 
4 
4 
2  66 
2  0 
2  59 
1  67 637690020  
4 
2  44 
2  0 
2  1 
1  43 1751422466  
3 
1  0 1782821370  
1  16 411588009  
3 
3 
3 
1  2 2111324593  
1  0 738031651  
4 
1  66 788505343  
3 
2  98 
1  0 745969078  
3 
2  0 
1  27 1229088678  
4 
1  5 849660331  
1  0 1734973388  
1  0 468154453  
3 
2  0 
2  0 
1  30 1232080303  
3 
3 
4 
2  0 
2  72 
1  66 617739286  
2  5 
2  0 
2  19 
4 
1  46 1406560169  
2  47 
1  0 2121764101  
3 
2  1 
4 
2  48 
1  0 1685015708  
3 
3 
2  0 
1  0 1848816759  
1  0 1686105750  
2  3 
1  0 933842730  
3 
2  71 
2  0 
1  68 1705524756  
4 
4 
4 
3 
3 
1  96 604814695  
3 
2  64 
2  43 
2  96 
4 
3 
2  0 
2  95 
4 
1  7 492356584  
3 
1  29 741666564  
3 
1  0 1923573363  
3 
2  0 
1  0 1504152993  
2  0 
1  0 1011327854  
2  0 
1  0 1600335492  
1  21 1889027308  
1  0 1893563502  
4 
4 
3 
1  0 1533244494  
3 
1  50 379233681  
3 
3 
1  0 1497502320  
2  0 
2  0 
4 
3 
3 
2  81 
2  40 
4 
2  0 
2  0 
3 
4 
2  0 
1  44 1168582216  
3 
3 
2  0 
2  74 
3 
4 
2  87 
3 
4 
2  46 
2  45 
3 
3 
4 
3 
2  69 
1  0 790821690  
2  64 
1  0 1461343265  
4 
4 
1  0 1906613867  
2  0 
2  0 
2  0 
4 
1  0 1579327033  
3 
4 
4 
2  0 
3 
4 
3 
4 
1  0 59828695  
3 
3 
1  0 988218897  
1  94 281503716  
4 
3 
2  0 
2  0 
3 
2  0 
3 
2  53 
3 
2  0 
4 
1  0 1794802083  
2  0 
1  0 1456373350  
4 
4 
2  0 
3 
1  0 1513584020  
3 
2  62 
3 
2  73 
3 
1  76 265057722  
3 
3 
2  97 
3 
3 
3 
2  0 
1  49 715449872  
2  77 
4 
1  21 1487864473  
3 
1  0 1950073430  
3 
2  0 
4 
3 
1  0 416782983  
4 
2  91 
1  65 1026486576  
4 
2  41 
1  56 736432512  
4 
4 
1  0 2122307740  
1  78 1631301271  
4 
2  0 
1  12 1228789097  
2  0 
3 
1  0 716490656  
1  0 1407390986  
1  0 585458442  
3 
3 
1  0 1727818510  
4 
4 
4 
2  0 
4 
1  0 860242830  
4 
2  0 
2  83 
1  7 327002102  
3 
4 
4 
1  54 1473898364  
3 
2  0 
1  0 246003676  
1  70 706235783  
3 
3 
4 
1  0 823917036  
2  0 
2  38 
1  0 1414585892  
2  39 
3 
3 
4 
4 
2  0 
4 
4 
2  33 
4 
1  0 1497057473  
2  69 
1  0 137776654  
3 
4 
4 
2  83 
3 
4 
1  0 1173716111  
3 
4 
3 
1  0 928900859  
3 
2  57 
3 
2  63 
1  18 197605349  
1  100 14451360  
1  0 1210404575  
3 
2  0 
1  0 1992407433  
2  0 
2  0 
4 
4 
1  0 1470824711  
1  0 576504947  
4 
1  50 109981507  
1  0 38790935  
1  0 2064369421  
2  0 
2  53 
1  0 2060054937  
2  0 
3 
1  0 455573918  
4 
4 
2  0 
1  0 943372349  
2  61 
2  73 
2  0 
2  82 
4 
2  34 
2  92 
2  0 
3 
3 
4 
4 
2  18 
1  0 649003801  
3 
2  0 
4 
1  0 430398010  
3 
3 
1  0 427189972  
4 
2  69 
4 
1  26 1877792898  
2  0 
1  45 1146888666  
4 
2  75 
4 
1  71 1834580959  
1  0 315767692  
2  0 
2  84 
4 
4 
4 
2  0 
2  87 
3 
2  0 
3 
2  0 
2  88 
3 
1  95 727223528  
1  0 547340141  
1  0 642769795  
2  21 
4 
1  0 53638244  
1  82 793343818  
3 
2  0 
1  0 1349005578  
3 
1  0 877555281  
4 
2  0 
2  1 
4 
2  51 
2  0 
2  93 
3 
1  0 60446062  
1  0 698579404  
2  0 
4 
1  0 1015331935  
2  6 
4 
2  0 
1  46 1234162174  
4 
2  19 
1  0 1627480263  
3 
4 
1  31 1212937284  
2  96 
3 
3 
4 
2  27 
2  45 
4 
4 
4 
2  0 
4 
2  8 
4 
4 
2  58 
2  47 
4 
2  0 
3 
3 
4 
2  62 
2  0 
1  36 1248613534  
3 
3 
3 
4 
4 
4 
3 
4 
4 
4 
2  0 
3 
1  4 690401190  
4 
3 
2  0 
4 
3 
4 
4 
1  0 1057861069  
2  63 
2  0 
2  2 
3 
3 
1  0 571954597  
3 
4 
2  1 
1  53 1266906138  
4 
2  0 
1  0 1167842576  
1  29 610745532  
1  58 1183791911  
4 
1  0 1080413865  
3 
3 
3 
2  0 
2  0 
4 
3 
3 
3 
4 
2  0 
3 
4 
3 
4 
4 
1  25 1066319451  
4 
4 
1  0 2127164260  
1  33 1729417667  
2  25 
4 
3 
3 
1  0 1496717461  
1  13 406870584  
2  0 
4 
4 
4 
2  0 
3 
3 
2  95 
3 
3 
3 
1  98 1459726917  
4 
3 
3 
3 
3 
3 
4 
3 
3 
1  84 496122480  
4 
4 
2  0 
1  23 93967895  
4 
3 
4 
1  4 1775494610  
2  72 
3 
2  86 
3 
2  0 
3 
4 
1  8 1223346008  
4 
4 
3 
3 
3 
1  0 641308037  
2  0 
2  0 
1  98 270780757  
4 
3 
3 
4 
4 
2  25 
1  0 1276984253  
2  75 
4 
3 
2  37 
1  85 1434651855  
2  37 
4 
1  0 1619786335  
2  69 
2  0 
1  0 7055886  
3 
1  75 1495097917  
2  0 
2  74 
3 
2  0 
3 
1  9 170882091  
3 
1  0 1022387821  
4 
1  94 581776443  
4 
2  28 
2  0 
1  40 1798362354  
4 
1  0 87841457  
1  15 1830389978  
2  81 
3 
4 
4 
1  60 341279897  
3 
1  40 1145702527  
1  44 254860927  
3 
2  0 
3 
3 
3 
3 
2  0 
1  0 1608186035  
4 
1  2 166061455  
2  0 
3 
2  73 
4 
2  0 
1  0 865606460  
2  0 
4 
1  0 644494298  
2  27 
2  37 
3 
2  0 
4 
2  0 
2  11 
2  0 
2  0 
1  0 1246475321  
1  100 1931925911  
4 
1  0 624174910  
3 
2  61 
1  55 828409340  
3 
2  0 
3 
4 
2  12 
1  0 1281159724  
4 
1  0 1031045494  
3 
1  0 140652609  
4 
3 
3 
3 
2  0 
4 
4 
1  99 1777282204  
2  36 
1  0 1125013390  
4 
3 
4 
2  0 
2  75 
3 
4 
4 
2  74 
1  0 1916147219  
4 
2  0 
4 
2  0 
2  8 
2  61 
2  77 
3 
4 
1  24 853144565  
4 
2  0 
3 
1  28 1766321427  
3 
4 
1  61 39444328  
2  24 
4 
2  30 
2  0 
3 
2  0 
1  74 2130128818  
3 
2  0 
1  33 1053489634  
4 
3 
2  0 
4 
1  0 1659230664  
2  62 
3 
4 
3 
3 
4 
4 
2  0 
1  0 2137184704  
3 
3 
4 
3 
2  78 
2  91 
1  0 401103903  
3 
1  0 1830112755  
4 
2  0 
1  0 1012088877  
2  0 
2  0 
4 
1  24 982880347  
4 
1  0 1480991462  
1  0 1099930334  
2  51 
2  0 
1  0 665786677  
2  98 
2  72 
1  0 1822271359  
2  41 
4 
2  0 
4 
2  17 
1  0 98149213  
2  23 
2  0 
4 
4 
4 
3 
4 
1  52 920647604  
4 
4 
1  0 1282973746  
1  94 264210669  
3 
4 
2  0 
1  100 1786254064  
3 
4 
3 
2  0 
4 
3 
2  6 
2  74 
1  40 1927468044  
1  0 1510685990  
4 
2  0 
1  19 1570696327  
2  0 
4 
2  100 
1  37 404159306  
4 
4 
1  0 191611682  
2  0 
3 
3 
1  65 704372404  
3 
1  0 1435204800  
2  69 
1  80 332264291  
2  4 
3 
3 
2  61 
1  0 334170960  
3 
3 
2  27 
1  0 412734542  
4 
1  87 100927863  
3 
2  53 
2  0 
3 
3 
2  0 
1  91 1187315525  
3 
4 
4 
2  67 
2  100 
1  0 31572321  
3 
4 
3 
4 
4 
1  0 140372191  
3 
2  0 
2  0 
1  33 1169960695  
2  0 
4 
3 
1  51 1085061955  
2  0 
4 
3 
3 
4 
1  56 1799602855  
4 
1  31 1159661751  
4 
2  59 
4 
2  0 
2  54 
4 
2  0 
1  80 1486165859  
3 
2  0 
2  47 
2  0 
2  0 
2  0 
2  36 
3 
1  0 1482231963  
2  55 
4 
4 
4 
4 
3 
1  0 24266980  
4 
3 
3 
3 
1  0 321562558  
4 
2  4 
4 
1  0 815739777  
1  0 1124197315  
3 
2  13 
3 
4 
2  0 
2  0 
2  0 
2  59 
3 
2  69 
2  0 
1  92 987349235  
4 
1  37 490527488  
4 
3 
3 
4 
2  69 
2  0 
2  0 
4 
2  0 
4 
1  94 1222346528  
4 
4 
1  35 1907996839  
4 
1  0 1773501234  
2  0 
4 
1  16 1486557197  
3 
4 
1  53 1546767256  
2  15 
4 
3 
3 
3 
1  95 1553485630  
2  0 
2  0 
3 
3 
2  0 
1  77 849759539  
4 
4 
3 
1  25 969979935  
2  80 
1  97 1957644936  
3 
2  97 
2  0 
4 
2  0 
4 
4 
1  0 1041371221  
1  0 1674352339  
3 
2  6 
3 
3 
4 
3 
2  38 
3 
1  0 1245366088  
2  0 
3 
1  0 1373635513  
2  0 
4 
4 
1  0 2008523300  
2  0 
2  94 
2  0 
2  26 
2  0 
4 
3 
2  0 
3 
3 
4 
4 
1  0 1658100631  
2  0 
3 
1  0 1474563376  
3 
3 
4 
2  0 
4 
3 
4 
2  0 
2  77 
2  0 
2  83 
4 
3 
1  0 1048355177  
1  22 1689672952  
3 
3 
4 
1  0 1614935567  
4 
1  0 70832225  
4 
4 
2  0 
1  0 627251260  
2  12 
1  18 1267054775  
3 
3 
4 
2  0 
2  76 
2  0 
2  0 
3 
1  60 1230493976  
1  0 2113417119  
1  64 601803090  
1  0 1254760957  
1  43 287496029  
2  0 
3 
2  19 
4 
3 
4 
4 
2  0 
1  0 1417542867  
4 
3 
3 
2  47 
2  0 
2  12 
4 
1  0 231474624  
2  15 
4 
3 
4 
1  80 1274845264  
3 
1  1 1908070355  
2  0 
1  0 1453821152  
1  76 1035358455  
4 
3 
2  62 
3 
4 
2  0 
2  76 
4 
1  0 1534087941  
3 
1  0 792894702  
2  81 
2  26 
2  0 
4 
4 
2  71 
3 
2  0 
2  48 
4 
1  0 434642063  
1  0 940089923  
4 
3 
3 
4 
1  0 1642654241  
3 
1  10 1404621999  
2  99 
1  0 750251211  
3 
3 
2  88 
2  0 
3 
4 
4 
3 
1  15 536541815  
2  0 
2  0 
1  0 931490690  
1  70 1995617299  
2  57 
2  73 
4 
2  63 
1  69 1910177328  
3 
3 
1  53 792530342  
4 
3 
3 
1  70 1506234282  
2  0 
4 
2  48 
2  14 
2  0 
2  0 
4 
4 
1  0 1237257056  
2  0 
3 
2  0 
3 
1  86 1840885520  
1  0 1048423587  
3 
3 
2  0 
3 
3 
3 
1  0 704708975  
1  8 1911717745  
1  67 1675674847  
4 
2  4 
1  75 1971763750  
2  47 
3 
4 
2  98 
4 
1  29 994728073  
3 
3 
4 
1  0 1641608318  
2  0 
3 
3 
1  50 426083192  
1  77 102005382  
3 
2  0 
1  0 1929104347  
2  0 
1  0 1843626059  
2  0 
3 
2  52 
1  0 333480006  
3 
4 
3 
2  0 
1  0 1056465963  
2  0 
4 
2  48 
1  0 1604212766  
3 
2  48 
4 
3 
3 
2  0 
2  32 
3 
1  2 1787301159  
2  80 
3 
4 
3 
4 
1  13 2091824418  
3 
3 
1  0 990817059  
3 
4 
2  33 
2  88 
2  0 
4 
1  33 432712213  
1  74 378982834  
3 
1  58 1930906982  
4 
2  78 
2  0 
1  0 2075366454  
4 
1  0 1783604833  
2  0 
2  0 
3 
3 
4 
1  1 533674545  
3 
3 
4 
2  10 
4 
3 
3 
1  0 464424621  
4 
3 
4 
4 
4 
4 
4 
3 
1  39 567611875  
1  68 381808197  
3 
2  0 
1  86 227118301  
2  0 
2  0 
4 
2  0 
3 
2  0 
1  39 1360142218  
3 
2  0 
1  46 1888042479  
4 
2  82 
2  0 
4 
2  22 
3 
3 
4 
2  77 
2  0 
3 
1  0 1464375357  
3 
2  0 
4 
2  69 
3 
2  0 
4 
3 
4 
3 
3 
4 
3 
4 
3 
1  43 1053544090  
1  67 788982418  
4 
1  15 21600685  
2  0 
2  0 
3 
2  0 
1  76 817778187  
4 
1  0 317173617  
3 
1  0 1993364435  
1  32 1812506260  
1  27 1958781935  
2  5 
1  67 271963980  
1  0 1914511643  
1  33 1740402634  
1  13 2115590039  
1  0 100508001  
2  0 
4 
4 
2  85 
3 
4 
2  71 
4 
4 
2  45 
2  62 
2  0 
3 
4 
2  50 
4 
3 
1  0 649384949  
4 
4 
1  0 1572319158  
3 
3 
1  68 1887809160  
4 
2  73 
4 
1  4 593725720  
4 
3 
1  96 415652569  
2  0 
1  0 173037725  
4 
3 
4 
4 
3 
3 
1  0 972708554  
3 
2  0 
4 
2  0 
4 
2  85 
1  0 199075904  
3 
1  53 100920532  
1  87 608829739  
4 
4 
4 
4 
3 
3 
4 
2  0 
3 
1  43 732750449  
1  0 565345153  
4 
1  94 1176441614  
4 
1  68 1114558646  
2  98 
3 
3 
2  50 
2  0 
4 
1  41 792463455  
2  5 
3 
4 
2  0 
3 
1  52 389100184  
4 
1  23 855117478  
3 
3 
1  0 109355164  
1  0 1442644274  
3 
3 
3 
3 
4 
3 
1  0 1644099896  
4 
3 
4 
1  0 130955849  
1  0 112938813  
1  0 1961273514  
2  0 
4 
4 
3 
4 
2  69 
1  0 2124320285  
4 
1  0 1925445074  
3 
2  0 
3 
3 
3 
4 
1  0 1772571801  
2  23 
1  0 248800617  
4 
3 
1  0 1692473069  
2  85 
3 
1  70 1365490788  
1  0 216907008  
3 
3 
4 
3 
2  0 
2  0 
3 
1  95 1792981070  
4 
3 
2  0 
4 
1  0 2014875737  
2  0 
1  0 1789226166  
3 
1  0 1533306583  
4 
1  65 461117809  
3 
1  0 57395088  
1  0 1706344308  
2  88 
3 
4 
4 
1  0 1433826363  
4 
2  0 
1  0 256470992  
2  0 
1  88 1807264840  
3 
2  0 
1  4 2042656102  
3 
3 
1  98 989221441  
1  0 225126346  
1  18 1071614069  
1  16 2103780088  
2  72 
2  0 
3 
3 
2  0 
3 
3 
3 
4 
2  27 
2  0 
1  52 1017589801  
1  0 1460714253  
1  0 811413918  
1  0 1126944965  
1  59 755874880  
4 
1  0 308030166  
1  0 1257900815  
4 
2  37 
1  33 868813693  
3 
4 
4 
1  0 121820032  
1  0 1234737452  
2  0 
2  0 
4 
2  7 
1  45 646775119  
1  0 1894391834  
4 
1  0 1483538069  
4 
2  94 
4 
2  72 
2  0 
2  0 
1  27 191764540  
3 
2  7 
1  0 1112398974  
2  0 
4 
1  0 1700445077  
3 
1  0 1984745611  
2  0 
1  0 979791063  
4 
3 
3 
4 
2  0 
4 
2  0 
1  86 1342187596  
3 
4 
3 
3 
2  13 
3 
1  5 1370568546  
1  75 1440908873  
2  37 
2  38 
2  69 
3 
2  13 
4 
1  0 1399582684  
1  0 929429206  
3 
1  0 727251588  
1  87 1656053676  
4 
1  0 589210399  
1  88 622424043  
1  75 497791469  
1  84 814336745  
1  84 1694038112  
1  0 454087909  
1  0 1831926546  
2  0 
4 
3 
2  0 
2  0 
1  0 1007268717  
4 
1  50 1265501827  
3 
1  46 811387863  
1  0 1763143597  
1  16 1573531994  
4 
2  27 
2  23 
4 
1  65 2069288678  
4 
4 
3 
4 
4 
2  0 
1  85 484473643  
2  36 
3 
1  0 1695352026  
1  0 1156542482  
2  0 
3 
4 
4 
1  0 1131248762  
3 
1  37 1442260212  
1  41 492596903  
3 
4 
4 
1  0 1323013303  
4 
1  0 407175538  
1  0 45558333  
4 
4 
4 
2  0 
3 
1  0 1160275266  
1  0 1386966602  
4 
2  67 
3 
4 
4 
4 
2  0 
2  49 
2  36 
3 
2  0 
2  73 
2  0 
2  0 
1  0 1387745929  
2  39 
2  0 
2  0 
3 
4 
4 
3 
3 
3 
1  0 383360164  
4 
1  48 680391827  
2  84 
3 
1  6 639844965  
3 
1  0 1312789370  
4 
1  0 1407643415  
2  0 
2  0 
3 
4 
1  19 148414993  
1  0 1901999769  
3 
1  43 2030067458  
2  0 
2  0 
4 
4 
3 
3 
2  66 
1  14 646206462  
1  97 568852866  
3 
1  0 1576621922  
4 
4 
3 
2  0 
4 
2  0 
4 
2  0 
4 
4 
4 
3 
1  0 1100294372  
4 
4 
3 
3 
3 
4 
3 
2  86 
2  14 
2  0 
3 
4 
1  0 253295764  
2  77 
4 
2  0 
1  0 436406992  
3 
1  0 218312551  
1  0 1064683628  
4 
4 
2  0 
3 
1  72 52066941  
4 
1  74 1791844545  
4 
2  15 
3 
2  76 
3 
4 
4 
4 
2  0 
1  0 986488658  
1  85 536540584  
1  0 1339712924  
2  64 
2  0 
1  92 2143031141  
1  0 1667789347  
2  0 
2  56 
3 
2  63 
3 
2  43 
3 
2  0 
4 
1  0 634489488  
4 
4 
1  34 488144396  
2  12 
3 
3 
2  100 
2  0 
3 
3 
2  0 
3 
4 
2  0 
2  0 
1  45 843319002  
4 
2  0 
4 
1  0 1041665027  
1  0 533702729  
3 
2  22 
1  0 2003594268  
2  0 
1  84 281147981  
4 
3 
2  25 
1  0 1921448658  
3 
1  25 239470784  
3 
2  73 
3 
1  22 961539808  
4 
4 
4 
1  11 413809975  
4 
4 
4 
3 
3 
2  33 
1  17 1552260154  
4 
4 
2  40 
3 
2  0 
1  0 221699575  
3 
1  67 562224968  
3 
2  0 
4 
3 
3 
2  0 
1  0 1306776276  
2  0 
1  0 104283386  
4 
3 
3 
3 
1  6 1208431431  
2  77 
4 
1  27 1875629142  
4 
3 
2  0 
2  0 
3 
1  30 1680905308  
3 
1  0 161242155  
1  0 2128924907  
4 
1  0 2117312300  
4 
2  60 
4 
4 
2  46 
2  49 
3 
3 
3 
2  0 
2  99 
2  0 
3 
1  0 379554706  
2  0 
1  0 1046124887  
3 
3 
3 
3 
1  76 21895594  
4 
2  52 
3 
1  14 23915604  
3 
2  0 
1  49 2032613545  
1  0 558436178  
2  20 
4 
1  26 1363628528  
2  100 
4 
1  95 2028161038  
4 
4 
4 
1  7 78741877  
3 
2  91 
1  0 1998118016  
1  0 368821787  
1  100 922060879  
1  0 892299395  
3 
4 
4 
4 
3 
2  0 
1  100 902524516  
4 
2  41 
3 
1  0 778171499  
3 
1  6 1173447376  
4 
4 
2  0 
3 
3 
4 
4 
2  0 
4 
4 
2  2 
3 
2  61 
2  20 
4 
1  43 676489527  
1  48 1017642283  
4 
3 
3 
1  0 2134987184  
4 
1  77 1090299502  
1  0 422418790  
3 
4 
1  87 209203112  
3 
2  13 
3 
3 
3 
3 
2  85 
1  30 1652524471  
4 
1  6 1729195066  
1  0 313486498  
4 
3 
4 
2  44 
3 
2  0 
2  0 
4 
3 
2  0 
1  6 713472254  
4 
1  0 1457340560  
1  78 1994391806  
2  46 
4 
1  78 874714409  
4 
1  100 1438781819  
1  0 1964220459  
2  0 
4 
4 
1  82 1254269115  
1  0 337423058  
3 
1  32 1986116053  
1  94 1278184719  
1  0 222552956  
3 
4 
3 
1  0 397068583  
2  16 
4 
4 
2  0 
1  0 494329599  
3 
3 
3 
1  65 103230346  
2  76 
3 
1  0 475810461  
2  51 
1  95 344963968  
3 
4 
3 
4 
2  0 
2  0 
1  11 472052133  
2  20 
2  0 
4 
1  0 1397871340  
4 
3 
3 
3 
4 
3 
3 
3 
2  0 
2  0 
2  86 
1  0 1237263363  
1  34 1374576650  
2  57 
1  19 28559192  
1  0 263227092  
2  70 
3 
3 
3 
3 
2  0 
2  0 
2  46 
2  32 
3 
4 
1  87 2051066177  
4 
1  0 1046201475  
1  0 250730628  
2  79 
3 
4 
4 
4 
4 
1  14 993882031  
3 
1  12 1468620265  
1  0 459933740  
3 
1  0 498922854  
3 
2  0 
2  20 
1  0 1050331683  
2  20 
3 
4 
3 
1  0 773420238  
2  0 
3 
2  23 
3 
4 
2  71 
4 
2  38 
2  0 
2  100 
4 
3 
2  0 
1  86 1212395108  
1  37 360188596  
3 
2  0 
2  65 
3 
1  31 620328397  
1  14 2087109517  
4 
2  0 
1  46 1798970415  
4 
3 
3 
2  0 
3 
1  0 437065208  
1  98 1193894985  
3 
1  0 2136393474  
2  4 
4 
2  17 
3 
4 
2  0 
3 
3 
2  0 
3 
4 
4 
4 
4 
3 
1  0 275697613  
4 
1  99 324596056  
2  0 
3 
4 
1  0 211462782  
4 
2  0 
1  0 672766196  
1  67 818925656  
4 
3 
4 
3 
4 
2  46 
4 
2  0 
4 
1  58 314693128  
2  15 
3 
2  0 
2  3 
2  0 
4 
1  85 1148576657  
3 
4 
3 
4 
4 
2  0 
3 
1  83 1163889624  
2  68 
4 
2  0 
3 
4 
3 
2  1 
2  0 
3 
1  0 786745262  
4 
3 
3 
3 
1  11 398964350  
3 
1  0 253669339  
1  0 13838264  
2  80 
3 
4 
4 
2  0 
3 
2  88 
4 
1  0 427523542  
2  0 
4 
4 
4 
3 
2  0 
1  0 516896431  
1  16 2064904441  
4 
2  67 
3 
1  8 1473725017  
2  11 
4 
3 
4 
4 
3 
3 
4 
2  14 
4 
3 
3 
1  37 767627060  
4 
2  62 
3 
4 
4 
3 
2  30 
1  0 911302824  
3 
1  18 794861635  
4 
2  0 
1  13 1227560800  
1  0 1410225679  
1  34 1845193318  
3 
2  0 
3 
2  0 
1  0 2000981039  
4 
4 
2  0 
2  82 
4 
3 
2  0 
2  0 
4 
1  0 475137139  
2  0 
4 
2  0 
2  59 
1  81 57898266  
4 
2  86 
1  0 473825788  
1  8 414763009  
4 
2  0 
2  85 
3 
4 
2  56 
2  0 
3 
1  39 1856868682  
2  0 
2  0 
4 
4 
2  3 
4 
2  0 
4 
4 
2  0 
2  1 
1  0 910890996  
3 
3 
3 
3 
4 
1  0 1608657994  
4 
1  0 1845778508  
3 
3 
4 
3 
4 
1  81 1186588609  
1  68 1933254050  
2  31 
1  0 2057241290  
2  82 
4 
3 
1  0 1859354805  
2  1 
2  4 
1  92 604696058  
1  0 224450770  
1  42 860447815  
2  50 
2  44 
1  0 1768585682  
2  95 
3 
1  6 1011196032  
2  70 
1  0 1259412165  
2  0 
3 
2  19 
1  0 2022255022  
3 
4 
3 
4 
2  67 
1  0 1025034296  
3 
1  0 1686935707  
1  30 391667805  
2  0 
4 
4 
3 
2  0 
1  52 942455089  
2  85 
4 
1  35 1013177076  
4 
4 
1  26 1159294865  
1  0 1853757914  
4 
2  0 
4 
1  0 1808038711  
1  33 239372018  
4 
4 
1  39 1116499945  
4 
2  0 
1  0 1505748382  
2  0 
1  0 92869409  
2  0 
1  9 1591637084  
4 
2  39 
4 
1  45 1563646648  
4 
1  25 566695197  
1  10 2006400093  
4 
3 
4 
4 
4 
2  0 
3 
1  0 1273031682  
1  27 1477586193  
4 
3 
2  0 
1  0 1467574439  
4 
1  0 971326542  
4 
4 
4 
2  0 
4 
1  0 516691154  
2  0 
4 
1  55 1253344842  
2  56 
1  38 881084184  
2  0 
4 
4 
3 
3 
3 
3 
3 
4 
1  84 228562311  
4 
3 
1  35 1858040900  
1  83 1105534955  
4 
4 
1  0 1089010126  
2  0 
2  9 
2  40 
4 
2  18 
1  71 1479142935  
1  83 2116730987  
4 
4 
3 
2  0 
1  0 200938643  
4 
2  0 
2  0 
1  0 1353914309  
4 
1  0 994281636  
3 
3 
4 
2  23 
1  0 1887874350  
2  0 
3 
3 
2  0 
3 
1  0 1745582114  
2  0 
1  0 1936736725  
3 
2  62 
1  0 753567779  
2  63 
3 
1  0 757393332  
4 
1  100 1643010991  
3 
1  11 414122842  
1  0 996765350  
2  0 
1  0 612027288  
2  30 
4 
1  83 1919871224  
1  90 1089634759  
4 
2  0 
3 
1  16 56180725  
4 
4 
3 
3 
3 
1  100 1336034225  
2  0 
2  0 
3 
2  0 
3 
2  0 
2  84 
1  0 1656329956  
3 
3 
4 
3 
2  33 
2  41 
4 
4 
2  57 
4 
2  0 
3 
4 
4 
1  0 2062580818  
3 
2  69 
2  0 
2  23 
2  98 
2  0 
2  0 
2  0 
2  0 
3 
4 
4 
1  0 461582259  
2  6 
1  0 986432501  
1  0 1382671610  
2  100 
4 
1  0 1432908802  
1  0 1503123655  
2  0 
4 
2  12 
2  0 
1  0 488532804  
4 
3 
3 
4 
2  67 
3 
2  0 
4 
3 
4 
1  68 166509338  
1  40 1731685966  
1  98 199090056  
1  26 1272044293  
4 
2  86 
2  25 
3 
1  0 673212445  
1  0 1678232991  
1  0 1241291633  
1  22 874151088  
4 
4 
3 
4 
3 
2  95 
1  51 884663652  
2  14 
1  0 88089621  
4 
3 
1  38 614541791  
3 
2  0 
3 
2  0 
4 
4 
3 
4 
4 
3 
4 
1  0 482762119  
2  14 
1  0 2024826346  
3 
2  0 
3 
2  81 
1  0 1368109570  
3 
4 
1  0 1240155451  
2  56 
1  0 1520353690  
2  82 
1  71 1782232412  
4 
2  0 
2  0 
3 
2  57 
4 
4 
2  80 
4 
2  88 
4 
3 
2  94 
2  19 
1  37 89437153  
4 
4 
2  0 
4 
4 
4 
4 
4 
4 
4 
3 
1  0 2132380978  
3 
2  81 
3 
1  50 1554619989  
1  42 1179071912  
2  54 
4 
1  29 41078055  
3 
3 
3 
1  1 743170566  
1  0 687918220  
2  0 
3 
1  0 2103658874  
3 
3 
2  57 
4 
1  0 1204752825  
2  0 
1  83 1674350721  
1  0 1338846836  
1  0 490177979  
1  35 1029990728  
4 
3 
4 
4 
2  0 
1  0 1827379640  
2  37 
2  94 
1  0 656687318  
4 
3 
4 
1  87 614193046  
2  16 
1  0 2026469696  
1  0 1928731611  
3 
4 
3 
4 
3 
2  86 
3 
1  48 1287405491  
3 
2  0 
2  0 
2  65 
2  0 
3 
4 
4 
2  61 
4 
2  25 
1  65 1557219040  
3 
2  43 
1  99 1022539596  
2  0 
1  35 14072932  
1  47 294399044  
4 
1  34 1110629217  
3 
1  0 628614723  
3 
4 
3 
1  0 777161163  
4 
4 
2  61 
2  32 
3 
4 
4 
4 
2  7 
3 
3 
4 
1  0 987971916  
3 
4 
1  83 1996724293  
4 
2  0 
1  82 2017316614  
3 
2  51 
2  0 
4 
2  0 
1  7 360841958  
1  0 1631473057  
1  0 2106753767  
1  0 345739288  
4 
1  11 1038609398  
3 
3 
1  24 1138342031  
4 
4 
2  21 
4 
3 
3 
3 
1  0 386817344  
2  92 
1  0 1781779964  
1  5 1826260251  
1  33 342992570  
3 
3 
4 
3 
1  87 839049142  
3 
2  75 
2  2 
4 
1  98 1353127324  
2  41 
4 
2  0 
3 
3 
2  16 
1  22 1681839406  
2  66 
1  0 1329227121  
1  32 235634404  
1  0 1361735398  
4 
1  58 1985914439  
3 
2  0 
3 
1  97 849827451  
3 
2  80 
3 
3 
2  0 
2  65 
3 
2  0 
2  0 
2  0 
4 
4 
1  39 1240721446  
3 
1  65 1767162403  
1  0 2137232942  
2  0 
2  22 
2  45 
1  0 650456838  
3 
2  0 
2  0 
3 
4 
2  0 
4 
2  0 
2  73 
4 
4 
2  0 
1  100 642218351  
3 
1  0 3822226  
1  45 944855883  
3 
4 
2  0 
3 
2  46 
1  94 1752847569  
4 
3 
3 
3 
1  73 632436949  
1  8 1722017046  
4 
3 
1  0 593335837  
3 
1  11 481677594  
4 
2  0 
4 
4 
4 
3 
3 
2  0 
3 
3 
3 
2  56 
1  0 1591850013  
1  4 954177795  
3 
3 
2  0 
4 
4 
4 
3 
1  0 2113150652  
3 
3 
4 
4 
3 
2  0 
4 
3 
3 
4 
3 
4 
4 
1  0 1551120132  
1  20 1299917083  
4 
1  0 1004276402  
2  27 
4 
1  2 541978516  
3 
3 
4 
4 
3 
3 
4 
1  0 1686734427  
4 
1  0 638572719  
1  32 220755119  
1  0 2029726997  
2  49 
2  19 
2  0 
1  12 1477621861  
1  65 1573882444  
2  17 
2  36 
3 
2  0 
3 
3 
2  22 
4 
2  4 
4 
3 
1  0 1564082755  
2  39 
1  0 659365334  
3 
4 
2  21 
1  96 1809516848  
4 
2  0 
3 
1  85 778334505  
2  53 
4 
3 
3 
2  0 
4 
1  0 497796126  
3 
1  0 511860651  
4 
4 
4 
2  12 
1  0 2019055952  
3 
1  0 117474881  
4 
2  0 
1  0 501609946  
3 
4 
1  0 522029142  
2  77 
4 
1  0 759693232  
1  0 505432172  
1  0 1466885025  
3 
4 
4 
4 
4 
3 
1  0 365057153  
2  44 
1  0 1137869122  
2  13 
4 
3 
3 
4 
1  0 1041418424  
1  0 958392990  
2  0 
1  0 1619546716  
1  88 485784789  
4 
1  0 1912570785  
1  0 1585213720  
4 
1  89 2036904921  
4 
3 
4 
3 
3 
2  0 
4 
3 
3 
4 
2  83 
2  0 
1  56 1065004221  
3 
3 
4 
3 
4 
2  0 
2  0 
3 
4 
2  0 
3 
2  0 
4 
2  0 
1  71 442006475  
3 
2  26 
3 
4 
4 
2  4 
4 
3 
2  69 
4 
1  17 431399789  
2  0 
2  0 
2  61 
1  0 604255000  
2  63 
3 
1  0 1080579194  
2  5 
2  63 
1  77 652154909  
3 
3 
1  30 486498350  
1  50 410717407  
3 
4 
2  0 
3 
3 
3 
4 
2  0 
3 
2  12 
4 
2  0 
1  0 78553705  
3 
4 
4 
1  0 2050581105  
1  0 1070082741  
3 
1  52 1888070553  
1  44 681431963  
3 
4 
3 
2  1 
4 
2  0 
1  0 1567878867  
1  16 252447557  
2  0 
4 
1  0 553004267  
1  0 1685353748  
2  78 
4 
2  59 
1  96 754057503  
4 
3 
3 
4 
3 
3 
2  29 
1  0 1075033409  
4 
1  78 297563333  
4 
4 
2  13 
4 
2  30 
2  0 
3 
3 
4 
4 
4 
4 
3 
2  0 
1  0 1259489675  
2  5 
3 
1  23 394434787  
4 
4 
3 
4 
2  0 
4 
4 
1  0 662620486  
2  9 
1  53 249875149  
1  0 1435853211  
3 
1  53 1621013477  
2  0 
2  0 
1  0 1869421866  
2  84 
4 
2  4 
4 
2  0 
1  0 1921638000  
2  89 
1  40 1386100614  
3 
2  5 
3 
4 
3 
1  36 1307151938  
4 
1  99 1811059273  
1  0 303621187  
4 
2  0 
4 
4 
1  42 1749158413  
3 
3 
1  67 94975415  
1  94 907876188  
2  36 
4 
4 
2  0 
3 
3 
3 
3 
1  0 682253959  
2  60 
4 
2  34 
4 
3 
1  63 747130324  
2  0 
4 
4 
3 
2  0 
4 
3 
3 
4 
3 
3 
1  0 1394374538  
2  0 
2  0 
3 
1  71 1092971366  
2  0 
3 
2  65 
3 
2  0 
3 
4 
4 
2  87 
1  0 825684029  
1  0 1297471995  
1  0 15570460  
2  0 
4 
3 
4 
3 
2  60 
4 
3 
2  87 
2  0 
3 
2  52 
3 
4 
3 
1  5 566270934  
4 
2  0 
1  9 1978903958  
4 
4 
4 
2  56 
3 
1  0 1583449327  
1  70 818718491  
3 
1  0 384424577  
1  0 1121319428  
2  78 
3 
3 
3 
3 
3 
1  46 1572775994  
3 
4 
1  51 1459457987  
1  0 1418882761  
3 
1  0 684782022  
4 
1  56 1853892774  
3 
1  0 2081503247  
4 
2  0 
1  3 934657171  
1  0 1142262337  
2  38 
1  0 1555033076  
1  0 656595389  
2  0 
4 
2  0 
1  0 916416689  
2  11 
4 
1  4 793650043  
2  87 
2  0 
3 
2  49 
4 
1  0 1963747328  
2  0 
2  0 
3 
4 
4 
1  0 579992314  
1  0 1097271230  
4 
1  60 1565422093  
4 
4 
1  25 674967729  
2  0 
3 
1  100 2005147418  
3 
4 
3 
3 
4 
4 
3 
4 
3 
3 
3 
4 
4 
3 
1  23 100192405  
4 
4 
3 
1  44 1422098053  
3 
2  0 
1  0 1252038308  
3 
3 
2  16 
3 
2  44 
2  0 
4 
1  0 1193163771  
3 
3 
3 
2  51 
3 
1  0 100298434  
2  0 
4 
4 
4 
3 
2  0 
2  18 
4 
4 
4 
2  0 
1  0 402026656  
4 
1  18 1208734231  
3 
3 
3 
1  52 666569369  
3 
1  0 233446966  
3 
3 
4 
2  33 
4 
4 
4 
3 
2  51 
4 
2  0 
4 
1  97 644699911  
2  55 
4 
2  0 
3 
1  1 1485287860  
4 
2  0 
1  0 617871544  
2  0 
3 
4 
3 
3 
4 
4 
2  0 
3 
2  35 
1  0 1766019339  
2  60 
3 
4 
3 
2  63 
2  0 
4 
1  0 910580207  
2  0 
1  16 2077329531  
2  43 
2  0 
1  98 1037418452  
3 
4 
2  0 
4 
2  97 
3 
3 
3 
1  14 1595362229  
3 
4 
3 
3 
2  82 
4 
1  28 1783738657  
1  24 971438051  
2  0 
4 
3 
1  0 382535752  
4 
4 
1  0 778517346  
2  0 
1  81 378987480  
3 
2  0 
3 
2  0 
2  80 
1  69 1039131142  
2  19 
2  0 
1  21 1694934035  
1  0 1172637523  
3 
4 
4 
3 
4 
3 
2  14 
4 
3 
1  40 855394822  
2  0 
1  0 127442701  
1  0 122425105  
1  98 273333267  
4 
4 
2  8 
4 
3 
4 
2  55 
2  46 
4 
3 
3 
1  3 802410431  
4 
3 
2  59 
4 
3 
4 
2  0 
4 
2  20 
3 
3 
2  11 
1  0 2127572524  
2  0 
3 
2  19 
1  40 373525672  
3 
4 
2  49 
4 
3 
4 
4 
1  58 77024836  
3 
3 
2  0 
2  0 
3 
2  72 
4 
3 
2  56 
2  46 
2  0 
3 
3 
4 
2  0 
3 
3 
3 
3 
2  0 
2  40 
1  80 1232127184  
4 
2  32 
2  16 
4 
1  0 1566689444  
1  89 177323271  
2  0 
1  0 1634153840  
2  41 
2  0 
1  30 627940027  
4 
1  94 843892640  
1  9 1867600807  
1  80 1272639938  
3 
2  95 
1  0 181696852  
4 
1  0 337988703  
1  0 891175629  
1  93 1092277059  
3 
2  0 
2  0 
4 
2  0 
1  97 267834586  
2  17 
2  14 
3 
3 
1  45 1928594081  
1  95 540155640  
4 
1  81 2051573243  
2  50 
2  33 
1  0 752548485  
4 
3 
3 
1  0 922691393  
2  0 
4 
2  0 
1  0 682606941  
2  0 
2  0 
1  0 1131535965  
2  2 
1  0 1961822535  
4 
3 
4 
4 
2  0 
1  0 230057328  
4 
4 
1  0 156689840  
4 
4 
2  0 
3 
3 
4 
3 
1  55 669733709  
1  90 357500029  
3 
2  27 
4 
1  0 279114945  
1  0 943066976  
1  0 1159910460  
2  0 
1  52 259203821  
3 
4 
2  58 
3 
3 
3 
1  0 1316592649  
1  53 1236935297  
1  16 1491331006  
1  8 735798445  
4 
3 
2  0 
3 
2  0 
1  93 1414258568  
1  83 978001198  
3 
4 
2  65 
4 
1  0 1363738472  
3 
4 
3 
1  74 110667560  
4 
2  0 
2  0 
2  77 
4 
1  81 698118357  
4 
1  0 488894763  
1  29 292364412  
4 
4 
4 
4 
4 
4 
2  0 
4 
1  0 1036107060  
2  21 
4 
2  21 
3 
1  0 1380070392  
4 
4 
1  62 1384641472  
4 
4 
2  0 
2  65 
4 
3 
1  41 1303941646  
3 
3 
3 
3 
2  0 
1  0 1161180826  
3 
1  94 1924797112  
4 
4 
1  0 1208031241  
4 
2  0 
1  0 1913729311  
2  0 
3 
4 
1  0 700004857  
1  51 1890638182  
3 
2  57 
4 
1  0 897781628  
3 
1  0 514343744  
2  0 
4 
1  1 2120695510  
2  18 
1  0 1054471468  
2  0 
4 
4 
2  32 
4 
2  87 
4 
4 
1  92 1184077453  
3 
3 
2  45 
1  0 330711892  
4 
3 
4 
2  35 
3 
1  35 1333586413  
4 
4 
3 
1  80 2127144430  
1  13 1490622352  
1  66 1592790235  
3 
1  7 1296253431  
1  0 580074001  
4 
1  0 936637593  
3 
1  0 2032051876  
1  0 1994332569  
2  63 
4 
3 
4 
1  89 1914638791  
2  0 
2  29 
1  97 1248306700  
2  0 
2  55 
2  64 
1  0 2105000129  
4 
1  0 465273501  
3 
3 
2  64 
2  0 
2  0 
2  0 
4 
2  28 
1  87 1737201463  
3 
1  0 249880894  
3 
1  61 1501380561  
2  0 
4 
2  4 
1  0 969788208  
1  0 1634522366  
3 
4 
3 
4 
1  0 657838560  
1  88 2130969034  
4 
3 
1  0 1411835830  
4 
1  4 1865869801  
1  72 1897214697  
4 
2  19 
2  18 
1  87 2111840688  
4 
3 
4 
1  98 1609024336  
4 
3 
1  0 647512677  
1  0 478700784  
3 
4 
2  0 
4 
1  71 1582236198  
2  0 
4 
3 
1  0 1701984145  
1  0 1662778238  
4 
3 
4 
3 
4 
1  0 1912948090  
1  0 888086910  
2  95 
3 
1  0 1642439020  
2  0 
2  0 
2  55 
2  0 
3 
1  55 1256086795  
3 
3 
1  0 333393497  
3 
4 
1  0 791208803  
1  13 1836160796  
1  41 1270031090  
4 
4 
1  54 675777031  
3 
2  0 
4 
3 
1  99 1683009718  
4 
3 
1  51 1037186234  
4 
1  0 1924083731  
1  0 1640526199  
4 
4 
1  98 1502459735  
3 
3 
1  69 1513801547  
1  0 1890407093  
3 
2  0 
2  26 
3 
3 
1  62 856356648  
2  0 
1  0 336106107  
3 
4 
3 
1  66 1377445811  
1  0 1514195208  
2  30 
4 
2  84 
2  69 
1  71 319591493  
3 
1  8 641797994  
2  0 
2  0 
1  0 1232581362  
3 
1  0 69322542  
2  0 
1  0 606155034  
3 
3 
2  73 
2  5 
1  95 694122050  
1  68 716835219  
3 
4 
3 
1  0 1084855818  
3 
4 
1  0 128874600  
4 
4 
2  0 
4 
1  0 271335716  
1  0 600150408  
1  53 2041822691  
1  0 1159422626  
3 
2  0 
1  0 95105780  
1  0 1150425838  
1  0 1492816124  
3 
3 
4 
4 
4 
3 
4 
4 
3 
2  0 
4 
3 
2  0 
1  1 886314583  
1  50 839102986  
3 
1  0 615363566  
1  0 1562091614  
1  99 374629056  
1  46 1652549800  
3 
4 
2  0 
1  0 1338691698  
2  0 
2  10 
3 
3 
4 
4 
1  80 2015155256  
2  0 
3 
1  54 1007525887  
4 
1  36 705009597  
2  6 
4 
4 
1  16 1758078701  
1  0 1863882536  
2  100 
1  5 1041115704  
4 
2  0 
2  4 
4 
3 
2  100 
3 
3 
4 
2  94 
3 
4 
1  81 988040865  
1  0 1230594096  
4 
1  0 1360707197  
4 
3 
2  4 
2  0 
1  51 1629838859  
4 
1  0 315691810  
1  0 1430029739  
1  3 88510245  
1  0 1009813860  
4 
3 
1  92 2146864958  
3 
1  0 1173366063  
3 
4 
4 
3 
1  0 1138688461  
3 
4 
4 
3 
2  32 
1  32 270717026  
1  62 1773516472  
2  74 
1  96 1033027504  
3 
4 
4 
4 
3 
2  61 
3 
2  35 
3 
1  85 1430139652  
3 
3 
4 
4 
3 
2  0 
4 
1  0 1868622252  
1  0 35969694  
3 
3 
2  24 
2  42 
1  0 775472128  
3 
3 
1  92 607453188  
4 
2  89 
2  0 
1  0 875072680  
2  28 
2  62 
1  0 1390835695  
1  58 22061154  
3 
2  95 
2  77 
2  0 
4 
4 
3 
4 
1  0 1249701737  
2  0 
3 
1  7 895901847  
1  0 1360752852  
2  0 
2  0 
1  73 1117373345  
3 
1  5 1903427735  
3 
2  2 
4 
4 
1  55 2065762449  
4 
3 
3 
3 
4 
4 
2  13 
3 
3 
4 
3 
4 
3 
1  93 727968398  
4 
4 
1  0 1619826623  
1  59 959394505  
3 
3 
1  0 1716009263  
1  0 702937071  
3 
1  0 172618054  
4 
2  17 
1  60 1198364474  
2  0 
3 
3 
1  0 1018628882  
4 
3 
4 
4 
4 
4 
1  0 1602647793  
3 
4 
4 
2  23 
1  1 1286874719  
2  0 
3 
4 
2  0 
4 
4 
2  0 
2  3 
4 
1  0 2028442742  
1  0 1602029103  
4 
4 
3 
2  0 
1  83 312757135  
1  0 1019647555  
4 
3 
3 
3 
2  0 
1  39 1872746129  
1  0 2086273607  
3 
4 
4 
4 
1  0 2052675059  
4 
1  0 1155402134  
3 
3 
2  0 
4 
1  28 1807412211  
4 
2  3 
2  33 
1  78 2088644753  
4 
4 
1  0 1930874262  
4 
4 
1  0 267381751  
1  0 816233786  
3 
2  7 
1  56 1174226309  
3 
4 
2  0 
3 
1  9 289442906  
1  50 2065935523  
1  0 2070128157  
1  93 1650195758  
1  100 1035825220  
4 
4 
1  35 1826072244  
3 
3 
1  0 1568474560  
2  0 
2  0 
3 
2  0 
3 
4 
2  21 
4 
3 
3 
3 
3 
2  48 
1  0 1763793618  
1  7 1298415219  
3 
3 
4 
2  77 
2  0 
1  0 380385417  
1  58 1332319234  
3 
3 
2  0 
2  0 
4 
1  0 2001352290  
4 
2  0 
1  91 553003472  
2  0 
1  0 383200060  
1  0 872497524  
3 
4 
2  58 
3 
4 
1  0 8167617  
2  85 
2  56 
1  0 1670074780  
2  99 
4 
3 
4 
2  0 
4 
1  85 753456619  
1  0 1610196721  
2  0 
3 
1  28 1982831915  
1  17 1773104174  
4 
1  54 1335459202  
1  35 1921621874  
1  0 1678295586  
1  0 343377688  
4 
1  0 1581550437  
3 
4 
4 
4 
4 
1  0 1619456691  
3 
1  78 126768303  
2  0 
2  0 
1  87 1848932189  
1  0 288206829  
3 
4 
4 
3 
1  17 1300994612  
1  0 2138375095  
1  0 206658704  
4 
3 
4 
1  0 1223639121  
3 
2  0 
4 
3 
2  49 
1  0 1641087205  
1  0 1242483924  
4 
2  0 
4 
3 
3 
4 
3 
4 
4 
1  52 902227717  
1  0 1062078117  
4 
4 
3 
2  0 
4 
3 
4 
4 
2  0 
4 
4 
2  63 
2  66 
3 
4 
1  43 858793895  
3 
4 
3 
3 
2  0 
2  0 
1  0 53159288  
1  0 1442463535  
2  83 
2  42 
1  0 43629481  
1  96 2054511579  
1  54 1995467007  
4 
3 
1  0 426829541  
4 
3 
4 
4 
4 
2  0 
4 
2  87 
3 
4 
4 
2  0 
2  98 
3 
3 
3 
3 
2  0 
2  0 
2  0 
1  0 779525455  
2  9 
1  0 2003634624  
2  58 
2  4 
1  0 2096904321  
1  0 1532982074  
2  73 
3 
4 
3 
4 
3 
3 
1  68 1466347697  
1  0 1932252588  
2  0 
2  0 
3 
2  91 
2  49 
4 
4 
3 
1  94 1158602601  
2  70 
1  64 654323252  
2  0 
2  81 
2  61 
1  0 1706390814  
4 
2  0 
4 
4 
4 
3 
2  55 
1  67 689414539  
3 
4 
3 
3 
4 
4 
3 
2  58 
3 
4 
4 
3 
3 
1  0 997700940  
1  17 1140457604  
3 
2  27 
4 
1  39 161387582  
2  0 
4 
1  0 1124469243  
1  0 841906145  
2  0 
4 
4 
1  0 449594412  
2  1 
2  0 
4 
3 
3 
3 
2  77 
1  47 277980208  
4 
1  0 832797592  
1  0 656253116  
2  0 
3 
2  0 
4 
4 
3 
3 
3 
4 
4 
3 
1  0 1501619329  
2  40 
3 
4 
3 
2  65 
2  62 
3 
1  0 326401149  
1  0 1898737041  
3 
2  0 
4 
3 
3 
1  0 256363399  
4 
2  43 
2  56 
4 
4 
1  0 1388479267  
4 
4 
2  20 
4 
1  13 610047288  
2  0 
2  0 
4 
3 
2  0 
2  0 
3 
2  0 
1  8 309522687  
1  0 683459154  
4 
2  100 
3 
3 
3 
3 
4 
3 
4 
1  14 653676769  
3 
3 
3 
2  0 
4 
2  0 
2  0 
3 
1  37 216550618  
3 
3 
1  45 531442513  
1  57 1080506310  
4 
1  59 996076074  
3 
1  86 387593489  
3 
4 
3 
3 
1  0 1029926984  
3 
3 
1  0 381574500  
3 
4 
3 
3 
1  0 1853941187  
2  0 
2  99 
4 
4 
4 
1  15 814695924  
3 
2  34 
2  86 
3 
1  0 1540177101  
2  0 
1  0 360780791  
3 
2  0 
2  0 
4 
2  94 
3 
4 
4 
3 
3 
4 
3 
4 
3 
4 
2  0 
2  0 
3 
4 
1  0 373603091  
2  15 
4 
4 
2  0 
3 
2  0 
3 
1  0 82107992  
1  59 1358481731  
4 
3 
1  85 1514060695  
2  0 
1  0 243495575  
4 
2  61 
4 
3 
4 
3 
4 
4 
1  66 335467327  
1  31 208483192  
1  0 693089987  
2  0 
1  97 613447535  
2  30 
3 
3 
4 
3 
1  0 1041280784  
4 
3 
4 
2  0 
2  0 
1  7 1349343103  
3 
1  7 2115066864  
1  0 1367681933  
2  92 
3 
2  0 
4 
4 
3 
4 
4 
2  37 
3 
3 
4 
1  0 1100596496  
4 
2  97 
4 
4 
2  0 
4 
2  0 
4 
4 
1  83 223946615  
3 
2  0 
3 
4 
4 
4 
3 
3 
3 
2  0 
3 
3 
2  60 
1  0 608677552  
3 
3 
1  0 1710643784  
3 
2  73 
2  0 
3 
3 
1  4 533469303  
1  0 1292136706  
4 
4 
4 
3 
4 
2  0 
4 
1  0 216836905  
2  0 
3 
1  29 750019921  
1  3 1823579219  
4 
3 
2  0 
4 
4 
4 
2  74 
1  91 1297343216  
3 
4 
2  7 
3 
3 
4 
2  0 
4 
1  0 1746095995  
4 
4 
3 
1  0 63689061  
4 
2  13 
4 
4 
1  0 179786552  
4 
4 
2  0 
1  17 2127670496  
3 
3 
4 
3 
2  71 
2  48 
1  60 1917630248  
1  5 994482476  
3 
3 
3 
1  66 1520363949  
1  0 130927391  
2  0 
1  0 1368085567  
4 
3 
1  17 1602471942  
3 
4 
1  0 1489409122  
3 
4 
1  0 734662614  
2  0 
4 
1  0 1845967517  
1  0 1824876449  
1  0 943145806  
3 
1  29 391573856  
4 
1  0 290840336  
2  98 
4 
1  0 1984426590  
2  87 
1  0 1740916959  
2  0 
1  0 258423553  
3 
3 
1  0 1204624876  
1  0 694029808  
4 
1  36 482370168  
3 
1  84 1813302428  
1  16 257189944  
3 
1  43 1015839471  
1  49 957955487  
2  0 
4 
3 
3 
4 
3 
4 
2  0 
3 
2  0 
3 
3 
3 
2  0 
1  0 474026850  
1  0 1765859393  
3 
1  13 634051058  
3 
4 
3 
4 
4 
3 
1  0 1771370066  
3 
4 
1  68 1364471740  
2  0 
3 
2  0 
2  96 
4 
2  0 
2  0 
4 
1  13 697740119  
2  2 
4 
3 
1  0 1951156618  
2  0 
3 
4 
2  0 
2  0 
4 
3 
3 
3 
2  0 
1  0 1344658588  
1  0 467886719  
3 
2  25 
2  0 
1  80 798155446  
3 
1  0 717538890  
4 
1  0 598814110  
3 
1  6 18757366  
1  0 172527184  
4 
3 
1  0 2088223233  
3 
2  87 
3 
3 
3 
2  100 
4 
1  49 753419980  
2  72 
3 
4 
4 
4 
1  0 2018494701  
4 
3 
4 
2  0 
1  44 1765616034  
2  99 
3 
4 
4 
3 
4 
2  0 
3 
4 
2  0 
4 
1  0 1696565787  
4 
3 
1  0 262584909  
4 
1  19 2056456371  
3 
3 
3 
3 
4 
1  0 1533508729  
2  35 
3 
1  88 2003501868  
4 
4 
1  76 167396276  
4 
3 
4 
1  0 590649957  
3 
3 
4 
3 
3 
2  20 
1  31 550048028  
1  96 649766444  
4 
1  0 256468738  
2  90 
1  0 807237973  
4 
3 
4 
1  97 1665605916  
3 
3 
3 
3 
4 
2  0 
2  34 
2  0 
2  16 
1  92 1214424225  
3 
4 
4 
4 
3 
1  40 1281264823  
4 
4 
1  0 1283981661  
2  0 
3 
1  78 1848475283  
1  96 905151241  
2  88 
3 
3 
3 
3 
2  90 
2  0 
2  76 
1  7 500969753  
1  0 398731755  
3 
3 
2  67 
4 
4 
1  11 708824211  
3 
2  34 
3 
3 
3 
3 
3 
2  57 
2  9 
2  95 
1  90 1845628342  
3 
2  35 
4 
3 
1  0 866618474  
4 
1  0 1506979657  
2  100 
4 
3 
3 
3 
4 
3 
2  0 
4 
1  0 415683584  
4 
1  88 1465432585  
1  0 1525737023  
1  37 588210768  
1  33 1406172170  
2  0 
2  0 
2  0 
2  46 
1  0 131673356  
4 
1  78 459221821  
4 
4 
3 
2  39 
3 
1  95 1024304556  
4 
3 
1  96 1828239143  
4 
3 
3 
3 
4 
3 
3 
2  73 
1  8 721806730  
3 
3 
1  49 933277279  
4 
1  9 1214264224  
1  3 577824950  
1  0 1100673555  
4 
4 
4 
4 
1  0 1804914182  
1  57 1127872979  
2  47 
1  0 1750440000  
3 
4 
3 
3 
3 
3 
2  0 
3 
4 
3 
3 
2  9 
1  33 2061382920  
1  0 1935110952  
4 
1  56 1268562268  
4 
2  47 
4 
3 
1  0 1128323497  
3 
4 
4 
1  0 1068892127  
4 
3 
3 
2  39 
3 
2  0 
2  0 
1  36 405060281  
2  34 
3 
2  0 
3 
3 
1  72 829315132  
4 
2  15 
1  0 1974043368  
1  60 906030034  
3 
4 
3 
1  29 1228046887  
1  0 535383931  
1  12 604174728  
1  5 2094665362  
4 
2  0 
3 
3 
1  0 2042363588  
1  62 1019858312  
2  25 
2  0 
4 
2  0 
3 
3 
3 
1  0 1412614299  
3 
2  0 
3 
1  0 1420616964  
2  74 
2  0 
1  0 1608069080  
3 
2  0 
1  0 671302821  
4 
1  0 1552290320  
4 
3 
2  32 
2  0 
2  34 
1  46 2067290901  
3 
4 
1  0 1695607377  
3 
2  0 
1  0 1233045815  
4 
2  39 
3 
1  0 641613983  
1  30 481401009  
1  44 299826391  
3 
4 
3 
1  0 1219438934  
1  0 1582074564  
4 
1  0 2104740573  
2  0 
4 
1  35 199828265  
4 
3 
4 
1  0 1185030916  
2  21 
3 
3 
4 
3 
1  0 2018639845  
1  0 2134939217  
4 
3 
4 
3 
4 
3 
4 
4 
2  0 
1  4 306109536  
3 
2  0 
2  0 
4 
4 
4 
3 
1  0 999479694  
4 
2  89 
3 
2  0 
2  0 
2  61 
4 
3 
4 
1  50 1056347696  
3 
2  98 
1  1 711169817  
1  40 1828794827  
3 
3 
3 
2  13 
3 
3 
2  0 
4 
3 
1  98 882907416  
3 
4 
3 
4 
3 
2  0 
4 
3 
3 
3 
4 
2  0 
4 
3 
3 
1  30 1617199852  
4 
3 
3 
3 
2  48 
1  45 909358066  
3 
1  0 1418291347  
2  0 
3 
1  0 73890932  
1  0 856539780  
1  22 1313171287  
3 
2  0 
2  91 
1  26 1093749245  
2  49 
4 
1  0 121670431  
4 
1  0 586304603  
2  69 
3 
1  17 554334677  
2  0 
4 
4 
1  48 792973252  
4 
3 
2  0 
2  21 
4 
4 
1  0 2138594923  
4 
4 
1  60 474141931  
4 
4 
1  81 341096982  
3 
1  99 1224157090  
2  0 
1  71 1115755914  
2  0 
4 
1  69 822497991  
1  15 1523983482  
2  0 
4 
4 
1  0 187711200  
1  0 257088907  
1  93 1481240407  
3 
2  39 
4 
3 
4 
3 
4 
3 
2  14 
2  2 
3 
2  0 
2  0 
1  14 387539465  
4 
1  45 1442119824  
4 
3 
2  0 
1  67 1352396605  
2  0 
3 
4 
3 
1  0 374995034  
1  0 1748229360  
1  0 204392651  
2  70 
2  0 
1  0 1431342730  
1  13 311915530  
2  0 
1  0 2033187478  
2  97 
2  82 
3 
2  4 
3 
4 
1  5 166766498  
3 
1  0 1929115382  
4 
3 
4 
1  12 795061897  
3 
2  66 
2  0 
4 
4 
1  0 1585057845  
3 
1  0 2003006314  
2  13 
3 
3 
2  53 
4 
2  16 
1  0 1651601677  
1  37 750745485  
1  0 949271911  
1  94 1773272109  
2  0 
4 
1  35 1337050088  
2  0 
3 
2  19 
2  3 
2  0 
4 
2  0 
1  0 1503606589  
3 
1  0 418761713  
4 
1  32 1328161364  
3 
2  97 
1  87 1977748520  
3 
1  61 759858695  
4 
4 
1  0 404834806  
1  0 946020786  
1  36 1582356686  
3 
1  0 1928818288  
4 
4 
4 
4 
3 
1  100 1133731987  
1  0 1839445594  
2  0 
4 
4 
3 
3 
3 
4 
3 
2  83 
4 
2  0 
1  54 1262575048  
2  0 
3 
3 
3 
3 
1  0 1521271452  
2  0 
1  0 1134081770  
1  0 467488005  
1  95 1896266487  
1  9 734827482  
4 
2  0 
2  0 
2  0 
4 
4 
3 
2  27 
4 
1  0 671880656  
1  41 1180125569  
1  4 1046743012  
2  0 
2  48 
1  46 557584487  
4 
3 
3 
3 
2  5 
2  16 
2  0 
4 
1  0 1346892068  
1  0 828374746  
1  0 1352646384  
1  41 784466265  
1  0 683897413  
4 
2  63 
1  38 856764413  
2  0 
4 
3 
4 
2  0 
3 
2  37 
4 
3 
1  0 1535211750  
1  93 1633169324  
1  7 482552874  
1  0 724778191  
2  0 
1  87 989292265  
1  0 901314588  
1  90 2052939555  
4 
3 
2  78 
3 
4 
2  47 
2  67 
3 
2  0 
2  0 
1  32 819557137  
1  0 1661173283  
1  16 310290713  
1  0 1765577924  
3 
2  0 
1  0 1096046322  
4 
2  0 
4 
4 
3 
2  78 
1  0 91625354  
4 
4 
3 
3 
2  0 
1  68 751826263  
3 
1  0 788008268  
4 
3 
4 
3 
3 
3 
3 
4 
2  47 
4 
2  67 
1  40 1354200402  
3 
1  0 125614067  
3 
4 
2  17 
3 
2  24 
1  0 1922090038  
3 
4 
4 
2  88 
4 
4 
1  0 1821688407  
3 
3 
4 
3 
4 
3 
1  40 2021880554  
1  53 509433872  
3 
2  89 
4 
2  0 
2  0 
3 
3 
3 
4 
4 
4 
3 
3 
2  73 
1  0 346085415  
3 
1  17 1054522476  
2  0 
4 
1  89 1556176885  
2  0 
2  45 
4 
4 
3 
3 
1  0 903669902  
2  0 
3 
2  0 
3 
3 
3 
3 
4 
4 
1  80 253930896  
4 
4 
4 
2  0 
4 
2  0 
2  0 
2  0 
4 
2  37 
2  0 
1  0 237067983  
2  53 
2  48 
2  66 
4 
1  0 108832638  
4 
1  47 1038397161  
3 
1  40 920965396  
2  12 
1  96 965597052  
1  0 426125264  
1  0 406651073  
4 
3 
3 
3 
4 
3 
3 
3 
2  58 
4 
3 
4 
2  100 
2  83 
4 
2  64 
4 
1  0 1448149926  
4 
3 
4 
3 
3 
3 
2  0 
4 
4 
3 
2  6 
2  62 
3 
3 
2  0 
4 
1  0 1150903455  
4 
3 
4 
2  0 
2  0 
2  84 
4 
3 
4 
3 
3 
2  0 
1  22 1395943338  
3 
2  86 
3 
2  48 
4 
3 
4 
2  0 
3 
2  0 
2  26 
3 
4 
4 
2  0 
2  0 
1  0 201980866  
2  93 
2  0 
4 
3 
4 
2  13 
4 
2  0 
1  0 1056359362  
1  0 68016828  
2  40 
2  0 
1  15 1863154150  
2  0 
3 
1  0 1366650075  
4 
4 
2  30 
2  0 
1  0 1833594752  
4 
3 
3 
1  72 811716824  
2  26 
1  27 1458275429  
2  36 
2  50 
2  3 
2  0 
2  0 
2  31 
3 
4 
1  41 437937367  
4 
4 
1  0 1599725092  
3 
3 
1  26 664992183  
2  0 
4 
2  74 
2  82 
4 
2  0 
2  3 
4 
4 
1  17 563551434  
4 
3 
4 
3 
4 
3 
4 
3 
2  79 
1  0 1374331482  
2  20 
4 
4 
4 
2  47 
4 
1  26 339196942  
4 
2  36 
1  14 437948341  
3 
3 
4 
3 
3 
1  52 1883765354  
2  83 
4 
1  0 685282358  
4 
1  0 1492470817  
3 
1  91 1292458591  
4 
3 
4 
3 
2  31 
3 
4 
2  69 
1  0 1588952260  
4 
3 
2  0 
1  5 1746401713  
2  0 
3 
1  12 1529526575  
1  0 1697784899  
2  42 
3 
3 
1  57 637315226  
4 
3 
3 
1  0 303008323  
3 
1  0 515898303  
3 
4 
1  0 1063440490  
4 
4 
1  0 709659396  
2  0 
1  0 1964048229  
2  10 
1  0 66860297  
1  0 2105602735  
3 
1  75 18545448  
3 
4 
2  0 
2  0 
1  0 1123219659  
4 
3 
2  0 
1  0 26135915  
4 
1  61 1881699598  
1  0 342386087  
2  92 
1  62 1859730667  
4 
1  41 545932774  
2  30 
4 
1  19 1800661516  
2  19 
4 
3 
3 
4 
2  0 
3 
2  0 
1  67 150184386  
3 
4 
4 
3 
4 
3 
2  0 
3 
3 
1  0 2145657866  
1  0 318170052  
2  0 
3 
2  28 
3 
3 
4 
3 
2  43 
4 
4 
1  0 713735820  
1  88 1372505700  
3 
3 
2  0 
2  0 
3 
1  52 657366994  
3 
1  0 1151684161  
1  0 1108787406  
3 
3 
4 
1  0 1342649352  
4 
4 
3 
2  30 
4 
2  0 
4 
4 
4 
1  0 496671330  
3 
1  57 253762350  
4 
1  0 784117965  
2  75 
3 
2  27 
3 
1  0 95589395  
1  0 1783288925  
3 
1  31 334419216  
3 
3 
3 
1  0 732904622  
4 
1  62 2086297248  
1  11 850317519  
4 
3 
3 
2  75 
1  0 1796345112  
1  56 648472997  
4 
4 
1  0 666882100  
2  0 
1  0 1863205410  
3 
3 
2  0 
2  90 
3 
3 
4 
1  94 606592084  
3 
3 
4 
4 
2  0 
1  41 685427548  
4 
2  16 
3 
4 
4 
4 
4 
1  51 838941421  
4 
2  28 
4 
1  79 632727999  
4 
3 
2  0 
3 
3 
4 
4 
4 
2  16 
2  0 
3 
3 
1  0 419643498  
4 
4 
2  47 
4 
2  0 
3 
4 
4 
1  0 1181327508  
3 
3 
3 
4 
2  38 
3 
4 
2  69 
1  51 344975018  
2  0 
2  0 
3 
2  28 
2  0 
1  0 965576272  
3 
1  0 834505377  
3 
2  40 
2  70 
4 
1  0 495159404  
2  1 
2  58 
3 
2  0 
1  24 963750490  
3 
4 
1  0 1152675429  
1  1 1208895224  
1  0 188772542  
4 
1  0 1810042423  
1  0 213095738  
2  42 
4 
1  8 1297559949  
4 
3 
4 
3 
2  0 
4 
1  0 1005208128  
4 
2  91 
4 
1  0 709767068  
3 
1  96 1551322299  
4 
3 
3 
2  58 
2  59 
2  0 
2  81 
4 
4 
4 
2  22 
4 
4 
1  0 1789326093  
3 
4 
2  0 
1  38 805356464  
2  0 
2  0 
1  0 1187127576  
4 
3 
4 
1  77 2123745309  
4 
3 
3 
4 
2  73 
2  0 
4 
3 
4 
2  0 
3 
3 
1  0 1538261086  
1  0 1125941176  
3 
1  0 826579180  
2  74 
3 
2  52 
1  0 1187122550  
3 
3 
4 
4 
2  0 
4 
1  93 1774414173  
3 
3 
1  0 1493461280  
4 
4 
4 
3 
3 
1  59 902844312  
3 
3 
4 
3 
1  0 233522609  
4 
4 
1  0 31405181  
3 
1  93 1741785734  
1  6 866250608  
1  26 451048679  
4 
2  0 
3 
3 
1  27 775629594  
3 
4 
4 
3 
2  0 
1  75 1211225626  
1  54 1416624952  
1  99 1610134971  
3 
1  69 1706385030  
4 
4 
3 
1  30 232891794  
1  0 615326752  
3 
2  0 
1  0 767796607  
4 
1  19 421664337  
2  30 
2  71 
2  99 
3 
4 
4 
1  0 277885528  
1  83 980892345  
1  40 1719224286  
1  55 1283093656  
3 
1  12 1690659413  
3 
2  6 
4 
3 
3 
1  2 1123062937  
2  78 
3 
3 
1  0 924936101  
3 
2  70 
1  0 348532229  
4 
2  79 
4 
4 
2  65 
3 
1  63 162706865  
1  17 901197762  
4 
3 
1  0 1886793315  
2  26 
2  25 
4 
1  0 1288648041  
2  71 
4 
2  98 
1  28 1727776942  
2  91 
2  33 
1  0 926432218  
2  41 
2  0 
3 
2  0 
2  0 
4 
1  0 915578567  
1  56 1073754574  
4 
2  0 
4 
1  64 1829276530  
4 
3 
4 
3 
4 
2  0 
1  74 1149101176  
1  32 1105159755  
2  89 
4 
3 
