3 
1  0 2008215393  
2  21 
3 
1  61 843368662  
1  0 94892621  
3 
2  1 
2  96 
2  18 
2  60 
3 
2  18 
2  0 
1  0 1349235722  
2  23 
1  0 674326668  
2  90 
3 
1  16 120493612  
3 
2  27 
1  89 65958745  
3 
2  1 
1  83 996758940  
2  78 
1  62 2081392344  
1  27 807685044  
3 
1  44 1548172219  
3 
1  0 657212128  
2  36 
2  0 
3 
2  0 
1  0 1123485972  
2  36 
3 
1  0 510026932  
3 
3 
3 
1  6 416940790  
3 
2  0 
2  7 
3 
3 
1  39 214328941  
1  60 721341059  
2  37 
3 
3 
2  0 
3 
1  0 338635681  
2  69 
3 
1  42 690585330  
1  100 1956659475  
1  0 1394753597  
3 
1  68 2097625939  
3 
2  1 
2  0 
3 
3 
2  0 
3 
1  0 1945282624  
2  96 
2  0 
1  0 997988121  
3 
1  0 429497839  
3 
1  94 2114771178  
2  38 
3 
1  1 2026248632  
2  2 
1  1 783969404  
3 
3 
1  62 1231310731  
3 
3 
1  95 2105111881  
1  100 900606245  
1  2 1092042476  
1  1 800996895  
3 
3 
3 
3 
1  52 995498866  
3 
1  2 293794551  
1  4 1475323563  
2  103 
1  67 1115992479  
2  3 
2  5 
1  3 359753296  
2  4 
2  87 
1  32 324598855  
1  94 1049901175  
1  4 1167438340  
1  2 1872771074  
3 
3 
3 
2  30 
3 
2  94 
2  55 
3 
3 
2  0 
1  101 1707113303  
2  76 
3 
2  4 
3 
2  2 
3 
3 
2  80 
2  86 
3 
1  99 143440664  
2  40 
3 
3 
2  22 
1  3 235314358  
2  4 
3 
3 
3 
1  64 2124054093  
1  0 357769606  
2  3 
1  0 956655417  
3 
2  76 
1  1 315206127  
3 
2  3 
3 
3 
1  25 1048354936  
1  73 765831244  
3 
2  1 
1  104 1709959724  
1  6 998497227  
1  3 563630220  
2  11 
1  3 560464197  
1  36 1427995066  
3 
2  4 
2  0 
1  1 530917751  
3 
2  4 
2  1 
2  0 
1  78 439229181  
3 
3 
3 
2  1 
1  91 64480822  
1  75 1762228482  
2  0 
2  59 
3 
1  0 396857414  
2  0 
3 
3 
2  3 
2  6 
3 
3 
2  47 
1  0 965087068  
2  0 
3 
1  0 706787311  
2  0 
2  40 
2  14 
2  49 
3 
3 
2  0 
2  0 
1  37 1197854309  
1  45 1960585934  
3 
1  57 1000581862  
3 
3 
1  89 525694224  
3 
3 
1  39 929094765  
3 
1  50 1360335158  
3 
1  0 850293079  
1  28 1978995941  
3 
1  47 380289851  
2  0 
3 
3 
3 
1  84 575580505  
2  0 
3 
3 
2  0 
1  0 1538625596  
3 
3 
1  2 523730515  
1  58 810894863  
1  0 1515196042  
2  1 
3 
3 
3 
3 
3 
3 
1  0 881500121  
3 
2  1 
2  41 
3 
2  0 
2  97 
2  0 
2  50 
3 
2  0 
3 
1  0 1767550280  
3 
2  0 
1  84 1830402169  
1  0 1929855058  
2  0 
3 
1  88 385897876  
2  0 
2  0 
3 
3 
3 
1  0 1392878245  
2  0 
3 
1  0 780868637  
2  0 
2  0 
2  0 
2  0 
1  0 949528097  
2  0 
2  0 
3 
3 
1  64 1953342442  
3 
3 
1  0 61380056  
3 
1  55 1480445848  
2  0 
3 
3 
1  25 245087975  
3 
2  0 
1  66 125860878  
2  0 
2  0 
2  90 
1  0 1095190682  
2  3 
2  70 
1  0 641945389  
2  0 
2  0 
2  75 
3 
1  50 1090947946  
2  0 
1  3 1801977993  
2  67 
3 
1  0 1839799698  
3 
1  74 904050233  
2  70 
3 
2  8 
2  26 
3 
2  34 
1  32 655076207  
2  0 
1  63 218010274  
2  60 
3 
1  0 1833144998  
2  15 
2  0 
2  0 
3 
3 
3 
1  51 2015411366  
3 
1  0 1068303353  
3 
3 
3 
2  0 
2  6 
3 
1  0 1664657291  
3 
3 
2  0 
2  66 
3 
3 
3 
3 
3 
1  61 248217569  
1  75 1643883858  
3 
2  65 
2  79 
3 
1  0 1055799240  
1  57 771948084  
2  13 
3 
3 
3 
1  50 307295073  
1  74 423511634  
1  0 1653448206  
3 
2  37 
1  50 2074845353  
3 
1  77 106430155  
1  5 1435819616  
3 
3 
1  0 313259581  
1  1 1499308400  
1  2 69204605  
2  4 
3 
3 
2  3 
3 
1  0 1262787678  
1  8 1305167194  
2  3 
3 
2  16 
3 
1  0 130584661  
2  0 
3 
2  0 
3 
1  87 595749878  
1  71 1550255169  
3 
3 
2  46 
1  30 256445540  
2  1 
2  0 
3 
3 
2  6 
2  57 
1  0 1690940561  
1  0 44716910  
1  0 1347393486  
2  23 
3 
2  62 
2  0 
3 
1  0 1345434906  
2  0 
2  1 
2  0 
3 
2  0 
1  83 1884516608  
1  38 103960071  
2  0 
1  19 2000511114  
1  29 2102526882  
3 
2  52 
1  90 1937105070  
1  0 1868438832  
1  0 1023346587  
2  1 
3 
3 
3 
2  0 
3 
3 
3 
1  0 1454278713  
1  18 2116656401  
2  0 
3 
1  0 519746797  
1  78 362594305  
3 
1  0 741120837  
3 
2  0 
1  33 827041870  
3 
2  72 
1  0 786105939  
2  76 
3 
2  98 
1  73 247085395  
2  1 
3 
2  0 
2  99 
1  0 754403575  
1  34 892536094  
3 
1  0 1682905011  
3 
2  87 
3 
1  1 1067663156  
3 
2  1 
1  95 244360846  
2  60 
2  16 
3 
3 
1  75 1752109617  
2  80 
1  0 182967187  
2  0 
2  1 
3 
1  0 1549528040  
1  1 1882694278  
2  2 
2  1 
3 
3 
1  0 778717065  
3 
3 
2  0 
3 
3 
3 
2  0 
2  0 
3 
3 
3 
1  0 952299561  
1  0 2139139818  
2  79 
1  0 322173978  
3 
3 
3 
2  1 
1  66 997016471  
2  68 
3 
3 
2  92 
2  0 
2  0 
1  0 1339049657  
1  0 1667608885  
2  0 
2  0 
3 
1  0 734049431  
3 
1  0 1443009728  
2  1 
2  0 
2  0 
1  12 1520636351  
2  0 
1  0 689092665  
2  45 
1  0 1232631150  
2  5 
2  1 
3 
1  41 1241591535  
1  63 1712439252  
2  34 
2  93 
3 
2  0 
1  89 539426216  
1  95 1210764288  
3 
3 
2  59 
3 
2  0 
2  90 
1  0 84702401  
3 
2  0 
3 
3 
1  36 902020521  
2  0 
2  0 
1  62 1951885125  
3 
3 
2  0 
3 
1  41 911744271  
1  0 1688126461  
3 
2  32 
2  0 
1  35 51486873  
1  74 1666147846  
2  88 
2  9 
3 
3 
2  0 
2  73 
2  40 
1  0 433178907  
3 
1  0 1734391884  
1  20 586327355  
1  0 677539754  
1  37 1339017853  
3 
1  88 769294542  
2  2 
2  0 
3 
1  13 79584146  
3 
2  0 
2  0 
2  0 
3 
2  0 
1  0 1074228484  
1  0 1548011607  
2  29 
2  65 
3 
3 
1  0 1031883708  
2  48 
3 
3 
3 
1  2 1065884654  
3 
2  73 
1  3 1870185586  
1  0 2028900179  
3 
3 
3 
1  49 257450663  
2  52 
2  5 
3 
2  1 
3 
1  1 1390310823  
1  0 615465963  
3 
2  1 
3 
1  54 1700460392  
3 
1  2 763463526  
2  1 
2  97 
3 
3 
2  4 
1  2 1304558628  
1  1 785607894  
1  61 2005055061  
2  2 
2  78 
2  53 
3 
1  2 869514233  
2  3 
1  4 1325034110  
1  0 1068335701  
1  3 954216634  
1  0 79570984  
3 
3 
3 
2  4 
1  2 872737178  
3 
1  7 1865960906  
3 
3 
1  4 1767697445  
1  7 924224051  
3 
1  2 1384625104  
1  36 53392704  
3 
1  0 511132288  
3 
3 
1  64 1970952459  
2  9 
3 
1  13 730932458  
1  101 1850150141  
2  7 
2  83 
3 
2  91 
2  10 
3 
1  7 592763353  
3 
3 
2  22 
1  12 810516605  
1  103 776894977  
3 
3 
1  102 2140774961  
1  107 1842400313  
2  106 
2  114 
3 
3 
2  8 
3 
3 
2  107 
3 
2  33 
2  34 
3 
1  6 1842779632  
1  101 1863476899  
3 
3 
2  4 
2  46 
3 
1  54 1723816844  
1  106 2100230295  
3 
2  4 
2  29 
1  4 1106304074  
2  0 
3 
2  16 
1  43 191799159  
3 
2  4 
2  51 
3 
3 
2  2 
3 
1  107 1653207039  
1  1 1869767600  
2  65 
1  13 1496357788  
2  1 
3 
1  90 291331286  
2  7 
3 
1  3 1727339013  
3 
2  61 
3 
3 
3 
2  38 
1  4 218388373  
3 
3 
1  106 1616365396  
2  0 
1  3 648191066  
2  6 
3 
3 
1  53 1172605007  
2  2 
1  5 1695936380  
3 
2  25 
2  9 
3 
1  3 1520928244  
2  26 
3 
1  48 891082265  
2  6 
2  8 
1  70 1316150177  
2  57 
1  3 297668648  
2  3 
3 
2  83 
2  7 
2  68 
2  1 
1  13 128223722  
1  2 1369542882  
1  3 808800936  
3 
1  17 2099176181  
1  57 2100475340  
3 
1  67 511467429  
2  55 
2  5 
2  105 
3 
2  73 
2  2 
2  4 
3 
2  2 
3 
2  0 
3 
2  59 
2  85 
3 
2  100 
2  0 
1  0 544455887  
1  59 763508297  
3 
1  0 1288362407  
1  7 537747200  
3 
1  69 458424962  
3 
1  49 983658391  
2  1 
3 
3 
1  1 253740451  
1  3 34758159  
1  88 936405038  
2  1 
2  0 
3 
1  1 1360044525  
1  25 226557318  
3 
1  1 442128430  
1  10 1082328477  
3 
2  95 
3 
3 
3 
1  66 1722915106  
1  0 733459716  
3 
3 
2  78 
3 
3 
2  1 
3 
1  1 662183842  
1  2 1941303479  
1  56 202341464  
2  6 
1  2 1310374908  
1  14 966424839  
3 
2  9 
3 
2  0 
1  0 1898277845  
3 
2  3 
2  1 
2  98 
1  4 683819504  
1  71 1857507104  
3 
2  4 
1  67 1066944374  
1  34 981488152  
3 
1  3 1985730826  
3 
1  106 289003608  
2  12 
1  3 1790289088  
3 
3 
3 
2  31 
3 
2  88 
2  3 
1  9 1937423360  
2  1 
2  2 
1  2 241995301  
2  1 
2  2 
2  63 
3 
1  1 154272870  
2  38 
1  79 334395599  
2  29 
3 
2  9 
2  1 
2  0 
2  1 
2  0 
3 
3 
1  0 1005503598  
2  93 
1  0 1442635277  
1  77 872142799  
1  29 1463928561  
1  0 278810020  
3 
2  9 
1  0 1125883250  
3 
3 
2  57 
1  76 1498686720  
2  2 
2  0 
3 
3 
3 
3 
3 
1  68 1215215058  
1  98 338444127  
3 
2  1 
2  0 
3 
3 
1  60 1725244038  
3 
2  62 
1  9 1657343488  
1  0 1420772604  
3 
1  0 1300675497  
1  94 243319556  
1  0 2082956446  
3 
3 
2  0 
1  0 1094495328  
2  2 
1  68 445661021  
2  0 
2  55 
2  50 
2  13 
1  0 1245847706  
1  5 2060920167  
2  0 
3 
3 
1  0 196455218  
1  1 1929667210  
2  0 
1  36 1770943624  
2  0 
1  18 1263399592  
3 
1  75 763671715  
3 
2  26 
2  65 
1  70 1609190802  
2  27 
3 
3 
1  6 1552403201  
1  0 406477155  
1  1 1399130514  
3 
2  61 
2  1 
1  84 1794398502  
3 
1  0 560750025  
3 
1  0 1733526113  
1  65 652418452  
3 
2  0 
1  0 2003385302  
2  99 
1  48 458185264  
3 
1  24 2116347013  
2  78 
1  2 134711674  
3 
2  3 
1  1 1584068514  
1  68 1467550085  
1  7 1349926733  
3 
1  3 1922512641  
3 
2  0 
2  1 
2  5 
3 
2  0 
3 
1  2 1045310476  
2  60 
2  38 
2  20 
3 
3 
3 
3 
1  1 859786573  
3 
3 
1  42 1195801597  
2  103 
3 
2  28 
3 
2  33 
3 
2  1 
3 
2  1 
2  1 
1  12 198502325  
2  31 
1  1 1103106130  
3 
1  82 1131274395  
1  2 1292997653  
1  0 1548767151  
1  3 229638453  
2  82 
2  4 
2  3 
1  3 1206434173  
1  4 1745222369  
3 
3 
1  40 11822016  
1  5 829894149  
1  52 861138313  
3 
2  71 
3 
3 
3 
2  1 
1  39 775493731  
1  0 291601303  
2  6 
1  3 266057866  
1  3 1181970886  
2  34 
2  4 
2  74 
1  2 1690731818  
1  1 2060456368  
3 
2  27 
3 
1  44 1742720912  
1  6 1276774283  
3 
2  92 
3 
2  7 
1  2 565391173  
3 
1  94 1598622566  
1  9 1734959548  
3 
2  10 
1  5 534254538  
1  6 1733334241  
3 
3 
1  108 1171544414  
3 
1  3 2001804624  
3 
3 
1  25 935777326  
2  35 
2  11 
2  86 
3 
3 
2  8 
1  50 946573408  
2  61 
2  41 
1  7 899631452  
1  53 1795563899  
3 
1  75 2142375005  
3 
3 
1  92 1098133777  
2  0 
3 
2  63 
1  2 751186381  
3 
1  91 1126165753  
2  36 
2  0 
3 
3 
3 
2  56 
2  4 
1  60 243647782  
3 
2  6 
3 
1  107 152469884  
3 
2  0 
3 
3 
1  34 1355804206  
3 
1  3 1450081955  
2  5 
1  38 1897692253  
2  101 
2  68 
3 
1  47 1367626222  
2  23 
1  13 132492456  
1  0 611346919  
3 
1  61 2143119953  
3 
2  7 
3 
3 
2  13 
1  2 424093760  
3 
2  87 
2  2 
3 
2  56 
2  2 
3 
3 
2  5 
2  3 
1  4 877404785  
3 
1  61 1177607192  
1  9 2114825578  
3 
2  3 
1  8 790377506  
2  34 
1  23 772844456  
3 
3 
3 
3 
1  80 1244116213  
3 
1  3 1355768679  
1  74 223983374  
3 
3 
1  34 831592113  
1  1 1890023217  
1  1 1957317615  
2  3 
1  55 2003136528  
3 
3 
1  0 1744344193  
2  89 
2  26 
1  107 745611293  
2  7 
2  23 
1  94 802226288  
2  5 
1  2 496491997  
3 
1  4 393691545  
3 
2  93 
1  42 797117645  
1  0 1594625774  
2  64 
3 
2  3 
3 
1  3 1144877926  
3 
3 
1  4 1923283398  
1  54 1838273557  
1  3 1297347811  
3 
2  0 
2  9 
3 
2  1 
3 
2  48 
3 
1  3 1131603957  
1  6 1140871864  
2  4 
2  0 
1  6 1047556416  
2  5 
1  15 351746531  
3 
3 
2  5 
2  4 
3 
3 
1  16 1273364321  
1  5 1658903335  
1  77 347382837  
3 
2  1 
3 
2  5 
3 
2  28 
1  91 1697458081  
3 
1  71 388824473  
3 
2  4 
1  0 1524990029  
1  1 1664800011  
3 
3 
2  18 
2  99 
3 
2  76 
2  2 
2  21 
2  1 
2  3 
2  34 
2  1 
2  1 
2  0 
1  79 1179201979  
3 
2  0 
3 
1  83 150350837  
1  27 761432576  
3 
3 
2  22 
1  96 387487010  
2  0 
1  0 374334211  
3 
1  15 1593024690  
2  0 
3 
3 
1  0 130026579  
2  21 
1  70 184168179  
2  87 
1  0 1448677570  
1  0 1874370773  
1  38 929779472  
3 
1  2 103420210  
2  1 
3 
1  57 223379122  
3 
2  39 
2  0 
3 
1  58 1323471017  
3 
1  0 900537855  
2  45 
1  2 1818004897  
2  19 
1  3 320865296  
2  3 
3 
1  1 676337606  
3 
1  0 1508794806  
3 
1  5 1618213107  
1  46 1807941563  
3 
3 
3 
3 
2  4 
1  1 502183022  
2  9 
1  3 518285875  
3 
3 
1  69 12204446  
2  91 
3 
3 
1  7 1775547343  
2  92 
1  4 29705563  
2  103 
3 
3 
3 
1  45 359587283  
3 
1  36 1325521776  
3 
3 
1  9 418530036  
3 
1  35 1884577312  
2  10 
3 
1  0 842838139  
1  71 1597732015  
2  1 
2  66 
3 
1  43 2034928149  
3 
3 
3 
1  8 1604270716  
1  2 1985219025  
1  98 261778713  
1  24 1049811758  
3 
2  8 
3 
3 
3 
1  6 2115245604  
3 
2  8 
3 
2  46 
2  93 
2  2 
3 
2  9 
2  88 
2  7 
3 
1  36 445946892  
2  107 
3 
1  35 351005680  
1  39 1842132729  
2  34 
2  75 
1  77 1375726364  
3 
3 
2  53 
1  16 454425890  
1  14 2065511852  
3 
1  3 551713734  
2  3 
3 
2  3 
2  3 
2  87 
3 
1  5 1354963745  
2  2 
3 
2  4 
2  4 
2  8 
3 
1  50 1736033101  
2  8 
3 
3 
3 
1  1 872579030  
2  4 
3 
1  84 2031301351  
2  41 
1  10 1097344259  
1  3 343308489  
1  1 1691759266  
1  0 1599527281  
3 
2  1 
2  2 
2  70 
3 
1  90 861594364  
1  95 1703963713  
1  48 1227590977  
1  81 891299927  
3 
3 
1  77 2063550996  
2  14 
1  65 405629105  
1  2 1309829963  
2  65 
3 
2  5 
2  4 
1  0 1800644661  
2  89 
1  18 1248467245  
3 
1  27 760078330  
1  4 1688089162  
3 
3 
2  5 
1  4 705254313  
2  88 
3 
2  0 
2  3 
1  0 597813707  
3 
1  25 1949867875  
3 
2  27 
1  59 1755066071  
3 
3 
3 
2  0 
3 
3 
1  10 565575664  
2  2 
2  53 
1  0 248331119  
2  50 
2  2 
3 
2  1 
3 
3 
3 
2  25 
1  1 2106071751  
3 
1  28 260224745  
1  15 1624057484  
1  0 413013993  
1  19 178252949  
3 
1  89 28287570  
3 
1  2 1767977738  
2  27 
3 
2  4 
2  42 
3 
3 
3 
3 
3 
1  2 1914286050  
3 
1  4 900866600  
2  0 
3 
1  4 1651795442  
1  5 864146661  
3 
3 
3 
3 
2  73 
3 
1  5 1244175089  
3 
2  2 
3 
3 
1  5 1196071060  
2  16 
2  82 
3 
2  4 
1  41 316190295  
2  21 
2  17 
2  0 
1  40 2105769453  
3 
3 
2  0 
3 
1  2 752551125  
2  78 
2  1 
2  102 
3 
2  2 
1  94 1543781272  
3 
3 
2  1 
1  2 849585733  
1  0 668618474  
1  102 1949410377  
2  4 
3 
2  3 
3 
3 
1  44 11932048  
2  2 
1  1 321779487  
1  62 1050393974  
3 
3 
3 
2  50 
3 
2  79 
1  1 772010379  
1  3 2009868649  
1  46 1755648287  
3 
3 
2  1 
3 
1  50 1369824086  
1  78 1812252877  
2  1 
3 
2  2 
3 
2  0 
2  70 
3 
3 
1  85 1363230710  
3 
3 
3 
3 
1  0 1935399750  
2  7 
1  63 2060583996  
2  0 
3 
3 
2  0 
1  96 1321818813  
3 
2  13 
1  38 48140848  
2  0 
2  0 
1  0 1537157832  
2  63 
1  0 1734832806  
3 
1  73 226393797  
2  1 
3 
3 
3 
2  0 
3 
3 
1  0 1565445402  
2  0 
1  0 1355326897  
3 
1  0 2140679848  
1  0 318828354  
1  101 859638691  
2  74 
2  1 
2  1 
2  0 
3 
3 
3 
2  0 
2  11 
3 
2  1 
2  30 
2  0 
3 
2  0 
3 
3 
1  0 857342861  
1  0 1563003443  
2  0 
3 
2  0 
3 
1  7 2055709751  
3 
1  70 1173533156  
1  42 1521289249  
2  43 
2  0 
3 
3 
2  35 
3 
3 
1  0 660777229  
2  0 
1  0 569830780  
2  84 
1  26 223391334  
3 
1  38 1329395703  
1  44 371757510  
3 
2  0 
2  93 
3 
3 
2  0 
1  24 235323382  
3 
1  9 1651175190  
1  12 1422151484  
2  56 
2  92 
3 
1  99 1007333761  
1  32 1513560191  
1  0 1030316124  
2  0 
3 
2  94 
1  91 229674200  
2  17 
2  0 
3 
1  0 1178329420  
2  0 
1  16 246063186  
2  7 
3 
3 
1  87 17590302  
3 
3 
2  0 
2  0 
3 
2  86 
3 
1  42 1091429769  
3 
2  37 
1  64 1567882000  
3 
3 
1  48 65731150  
2  0 
3 
3 
2  0 
1  42 481103953  
3 
1  0 1155231158  
1  78 292124948  
2  0 
3 
1  0 2046549356  
1  46 363074407  
2  0 
2  65 
3 
1  31 285321148  
1  0 217894062  
1  0 1222713098  
2  25 
2  88 
2  90 
1  24 1142664009  
2  8 
3 
3 
1  35 1780897506  
3 
3 
1  60 1130939202  
3 
3 
2  0 
3 
3 
3 
2  11 
2  0 
1  0 168713518  
1  55 1154703107  
3 
1  79 1791716431  
1  6 738544298  
3 
2  4 
2  3 
2  1 
3 
3 
3 
2  1 
3 
1  0 1378094441  
3 
2  1 
1  10 973628486  
1  1 1110301808  
1  41 1613417823  
1  0 477320028  
1  83 384969645  
2  1 
2  84 
2  0 
3 
3 
3 
3 
2  0 
3 
2  18 
1  0 473267937  
3 
2  0 
1  0 1990880219  
3 
1  0 1415285769  
3 
2  94 
2  1 
2  66 
1  67 702942137  
3 
2  0 
1  0 1021725992  
3 
2  0 
3 
1  0 1661348955  
2  0 
1  52 720532439  
1  85 2113155761  
3 
3 
2  0 
3 
1  0 1081747307  
2  23 
3 
1  0 786263590  
1  80 446776066  
3 
2  1 
3 
3 
3 
3 
2  92 
2  67 
1  66 89494818  
3 
3 
1  0 1078388538  
1  1 345841774  
3 
2  2 
1  70 452569225  
2  1 
3 
3 
2  19 
2  84 
2  91 
3 
3 
3 
1  78 1363709686  
3 
3 
2  97 
2  0 
2  0 
1  0 563735837  
3 
2  0 
1  22 1675282324  
3 
1  0 358890047  
3 
3 
1  0 197149695  
2  0 
2  13 
3 
1  0 658737878  
1  0 527603565  
1  1 1351852802  
1  3 302970661  
1  0 1266147864  
2  5 
3 
1  26 582463595  
1  3 1276599147  
3 
3 
2  51 
3 
1  2 228966024  
1  60 48397770  
3 
3 
2  27 
2  2 
3 
1  68 1753919175  
3 
2  31 
1  1 613935669  
3 
1  6 521665707  
3 
1  2 1597315746  
2  0 
2  105 
2  29 
2  40 
1  6 2029221438  
1  16 1224607844  
1  5 471558090  
1  55 1543086746  
1  93 1945140284  
2  7 
3 
2  7 
2  0 
1  2 437230203  
2  3 
2  61 
2  0 
2  1 
2  89 
2  48 
2  77 
1  63 477350405  
2  3 
3 
2  4 
2  1 
2  70 
3 
2  75 
3 
1  80 583920226  
1  1 884006270  
1  1 566845223  
3 
1  17 1662308764  
1  73 1229848044  
1  0 1019414449  
2  0 
3 
2  4 
1  90 878534802  
2  65 
3 
2  2 
3 
2  95 
1  7 1793583881  
3 
2  73 
1  1 547213125  
1  56 1237424849  
3 
1  61 1990733576  
3 
3 
3 
1  1 1205951003  
2  2 
1  31 1765028415  
1  22 1195102730  
1  40 1508921664  
1  2 883692631  
3 
1  35 1777566325  
3 
3 
1  4 638037163  
1  4 1112658655  
2  0 
2  73 
2  12 
2  36 
1  18 1825964096  
3 
1  5 244472690  
3 
2  73 
3 
3 
2  3 
2  5 
2  15 
1  1 1726594325  
3 
2  75 
1  87 200146155  
3 
2  2 
3 
2  4 
3 
2  3 
2  2 
3 
2  89 
1  56 1841788436  
1  1 1608332115  
2  101 
3 
2  90 
1  90 1424754000  
1  0 165862879  
2  0 
1  74 1003935213  
3 
3 
2  80 
3 
3 
3 
3 
2  0 
3 
2  1 
1  0 1222410636  
2  62 
1  1 603093082  
1  0 1481285619  
2  75 
2  13 
2  2 
1  2 1806330862  
1  22 1487099352  
3 
2  93 
3 
3 
3 
3 
2  90 
2  87 
3 
1  15 2048130842  
2  0 
1  2 1321155978  
1  44 569463749  
3 
2  64 
3 
2  3 
2  14 
2  0 
1  70 920061643  
1  0 52207132  
1  52 215563982  
1  1 1467274768  
1  3 1289631981  
3 
2  81 
1  39 58813911  
2  0 
1  2 525742123  
2  2 
2  84 
2  27 
1  101 907176748  
2  55 
3 
3 
2  93 
2  3 
2  11 
2  1 
1  52 1253916641  
3 
1  0 2034663787  
2  38 
1  1 1790869379  
2  1 
1  1 883999319  
1  0 525217302  
3 
2  60 
2  83 
2  100 
1  1 756044387  
1  62 562479767  
3 
2  22 
1  3 769689992  
1  107 335155064  
1  4 762625922  
1  61 463994781  
3 
3 
1  0 1943487179  
3 
3 
3 
3 
3 
3 
1  6 39896274  
1  6 629857660  
2  63 
2  0 
2  2 
3 
1  1 799938745  
2  10 
2  15 
3 
3 
2  0 
2  3 
3 
1  4 1262306910  
3 
1  8 1232950742  
2  8 
2  71 
3 
3 
3 
2  36 
2  3 
3 
3 
3 
2  20 
2  42 
1  72 133740716  
2  56 
3 
1  108 921154124  
2  90 
3 
2  24 
3 
3 
1  43 572566447  
3 
1  62 34387910  
2  6 
1  88 94826454  
2  92 
2  94 
3 
3 
3 
2  76 
1  67 1142030196  
2  21 
1  6 954449554  
2  25 
3 
2  36 
1  45 147033586  
3 
2  1 
2  2 
1  55 1357594178  
1  1 274240674  
2  83 
2  6 
1  3 1436665568  
1  0 1416408089  
2  96 
1  36 799982798  
2  106 
3 
2  14 
3 
1  38 196358668  
2  6 
2  5 
1  40 522841083  
3 
1  75 687162937  
2  102 
1  2 1987228048  
1  60 1406840402  
1  65 1212380240  
2  4 
2  46 
1  0 595788787  
2  6 
3 
2  90 
2  3 
3 
1  93 1969320169  
1  103 1982070232  
2  0 
2  100 
2  89 
2  1 
1  69 930943851  
1  0 584462443  
2  41 
3 
3 
1  2 298581365  
1  43 726947382  
1  4 624358718  
1  81 928439025  
2  80 
2  99 
2  1 
2  35 
1  4 1526886127  
3 
1  71 1886665628  
3 
1  3 13906120  
3 
1  1 1660626843  
3 
2  24 
3 
1  2 660336105  
1  90 586472567  
3 
3 
3 
3 
3 
1  3 1695014754  
1  16 755162559  
2  50 
3 
2  5 
2  0 
1  3 1728502763  
2  0 
1  11 501980660  
3 
1  4 902196146  
2  6 
3 
2  7 
2  2 
3 
1  2 938613293  
3 
1  1 776221334  
1  1 191378066  
2  1 
1  56 207537735  
2  72 
1  15 1576204132  
3 
1  58 387736734  
3 
3 
2  6 
2  1 
1  0 730378818  
3 
3 
1  4 115883422  
3 
2  81 
1  84 227481134  
1  5 2137219220  
3 
1  4 1328263662  
1  5 823269921  
2  72 
2  0 
3 
1  70 1959055741  
2  73 
1  6 1162850246  
2  10 
2  3 
1  76 1754213772  
2  48 
3 
3 
2  5 
3 
1  34 396034536  
2  99 
3 
3 
1  6 1461431612  
3 
1  80 333677507  
1  92 1020393254  
2  7 
2  31 
2  5 
2  49 
1  0 242386989  
2  34 
1  37 1860563634  
3 
3 
2  6 
3 
2  88 
2  0 
2  29 
3 
1  54 759575235  
1  85 256293109  
1  4 1373706830  
1  5 1419911340  
1  1 842765676  
3 
3 
1  30 921237936  
3 
1  87 27590251  
1  80 423784791  
2  25 
1  6 1423218596  
1  18 929786397  
3 
3 
2  4 
2  7 
2  20 
3 
3 
1  7 1362398085  
3 
1  0 51956282  
3 
2  52 
3 
2  50 
1  70 1121164463  
3 
3 
3 
1  2 1569935820  
3 
3 
2  2 
3 
2  45 
2  70 
3 
3 
2  1 
2  50 
2  7 
1  46 1628160415  
3 
1  24 1508901198  
3 
3 
3 
3 
1  4 152830990  
1  64 1744043837  
2  2 
2  6 
2  48 
2  0 
2  4 
2  1 
2  0 
2  31 
1  28 1736382332  
3 
2  2 
1  1 142566562  
2  91 
2  0 
1  50 924823851  
3 
2  1 
3 
1  0 412168606  
3 
2  61 
2  72 
3 
1  0 2101622303  
3 
1  2 2087674097  
1  3 18898730  
1  25 350173191  
2  19 
2  94 
2  2 
1  2 1401622061  
1  1 352576237  
1  24 1370566446  
3 
1  57 1644009051  
2  5 
3 
2  3 
3 
2  45 
2  2 
1  0 65656224  
2  1 
3 
3 
2  4 
1  26 2130141681  
1  62 1900302160  
1  1 1439363054  
1  58 1402569373  
3 
3 
3 
1  23 595584189  
2  62 
2  41 
1  3 213117342  
2  0 
2  51 
3 
3 
2  19 
2  101 
3 
2  10 
3 
3 
3 
1  2 1430159624  
2  0 
3 
2  2 
2  2 
1  100 1019368980  
3 
1  45 1636335938  
3 
3 
3 
1  0 212462374  
2  0 
3 
1  65 234283417  
2  53 
1  0 1688292220  
3 
2  0 
1  0 1333626837  
3 
2  1 
3 
3 
2  1 
1  57 1804219237  
3 
3 
1  0 1168968987  
3 
2  1 
3 
3 
2  0 
3 
1  42 695044387  
1  22 1957050227  
2  0 
1  10 765529176  
2  59 
2  0 
3 
1  0 283943072  
2  0 
2  0 
3 
3 
1  0 2099616789  
2  32 
2  63 
3 
2  67 
3 
2  71 
1  0 1690353027  
3 
1  1 696111678  
2  35 
2  38 
3 
1  1 2053755444  
1  21 1630543477  
3 
2  3 
3 
3 
3 
1  100 715010408  
2  1 
1  1 256444988  
1  30 884681890  
1  85 1067586646  
3 
2  2 
2  72 
3 
1  0 1627011434  
1  0 381207293  
1  1 1133242870  
1  2 1609669467  
3 
1  2 134025806  
3 
2  0 
2  26 
3 
2  85 
1  40 425122276  
2  5 
2  95 
2  30 
2  92 
3 
2  1 
1  1 864755192  
2  13 
2  79 
2  35 
2  59 
1  4 729609995  
3 
3 
2  40 
2  53 
1  3 638239618  
1  47 147431168  
2  105 
1  1 1748978975  
1  37 127091908  
1  3 359893542  
2  76 
1  8 1983262393  
2  3 
3 
2  8 
1  2 1815384128  
2  8 
3 
3 
2  3 
3 
3 
3 
2  71 
1  2 1693520380  
3 
2  2 
2  0 
2  95 
2  68 
1  84 1639997982  
1  6 836869468  
3 
1  14 241081119  
1  4 1449564562  
2  3 
1  5 1602398644  
3 
1  2 525024191  
3 
2  40 
1  5 1401697703  
3 
2  94 
2  107 
1  4 1145268024  
3 
3 
3 
3 
2  8 
3 
2  1 
1  2 1221135869  
2  24 
1  3 1307969500  
3 
2  4 
3 
2  6 
2  6 
2  58 
1  1 628327853  
3 
2  13 
1  5 1936146278  
1  0 1564414488  
3 
1  57 1513009743  
2  53 
2  44 
1  40 856249276  
1  1 1043942274  
2  6 
1  9 1894217037  
1  80 1989492146  
2  9 
3 
2  79 
3 
1  1 506128093  
2  107 
2  102 
1  1 2028242843  
2  70 
3 
1  87 267130774  
1  1 1370883285  
3 
2  10 
1  78 610369190  
2  74 
3 
1  77 905370392  
3 
3 
2  49 
2  7 
2  83 
2  4 
2  48 
2  5 
3 
1  2 1518314453  
3 
1  4 211864517  
1  8 1032462300  
2  12 
2  73 
2  69 
1  7 1878207996  
2  2 
2  10 
2  57 
2  6 
3 
3 
3 
2  6 
1  1 47643262  
1  41 700362780  
3 
2  18 
1  61 1424244728  
1  106 1687641245  
3 
2  9 
1  0 1537232248  
2  89 
2  2 
3 
1  108 1665325847  
3 
3 
2  30 
2  3 
3 
1  1 989722159  
1  100 992147245  
3 
3 
1  5 42866391  
1  65 243936214  
2  8 
1  59 2137415269  
2  42 
3 
1  64 1264002260  
2  32 
3 
2  0 
3 
2  1 
1  94 1551905714  
1  0 618259474  
1  15 1052664890  
2  86 
3 
3 
2  48 
3 
1  24 968836554  
2  1 
1  4 2131269217  
1  84 1908914166  
2  0 
3 
1  77 2012778828  
1  29 1878002606  
1  3 1750922664  
2  5 
1  58 371423273  
2  3 
2  1 
2  3 
3 
3 
2  1 
2  0 
2  94 
3 
2  6 
1  0 1758761801  
3 
2  27 
1  0 2018053438  
1  86 1742306558  
1  30 221647343  
2  3 
3 
2  26 
1  1 775940182  
3 
3 
3 
2  1 
3 
1  5 1113137364  
2  46 
1  96 433511861  
2  1 
2  74 
1  89 1808402482  
3 
3 
2  1 
1  47 843861712  
3 
3 
3 
1  0 481155123  
3 
2  1 
1  0 361281615  
2  23 
1  1 120622792  
2  0 
1  74 21312720  
3 
2  12 
1  49 1898513863  
1  71 1785948639  
3 
1  53 1011034879  
3 
3 
1  85 743177460  
2  1 
1  23 1828815030  
1  43 1254971094  
2  27 
1  0 733109081  
1  1 945333643  
1  1 659393160  
3 
1  33 1351368555  
2  1 
2  0 
3 
2  34 
3 
3 
1  0 1997998533  
1  1 1628229715  
3 
2  72 
1  70 1335154125  
3 
2  6 
2  45 
3 
2  1 
2  2 
3 
3 
2  1 
2  39 
2  0 
2  52 
1  56 1759429052  
3 
2  14 
2  0 
1  0 1493524895  
2  54 
2  7 
3 
2  0 
2  0 
1  0 1065673083  
2  0 
1  0 1362868068  
1  52 1864948169  
3 
2  75 
3 
3 
3 
1  63 676951237  
3 
1  0 1233437859  
1  0 1459771079  
1  2 898598580  
3 
1  2 2009378041  
1  3 425424795  
2  3 
3 
2  12 
1  66 1332110441  
3 
3 
3 
1  2 1670296876  
2  2 
1  0 1269286507  
3 
1  2 1813265565  
3 
3 
3 
3 
3 
1  24 2031578491  
2  19 
2  1 
3 
1  62 1389909299  
3 
2  1 
3 
1  3 1834578285  
1  35 1782608706  
3 
2  56 
2  4 
2  78 
3 
3 
2  73 
1  0 1028374291  
3 
2  3 
3 
3 
1  35 698129517  
2  1 
1  1 378302519  
2  3 
2  30 
2  55 
3 
1  2 709705673  
2  84 
1  4 1953100611  
2  84 
1  0 1111411600  
3 
3 
1  93 1655039316  
3 
1  0 465010123  
1  102 315296508  
2  7 
1  6 1505554202  
1  0 2093239838  
2  2 
3 
2  6 
1  3 1650450633  
3 
3 
1  71 1117499606  
3 
3 
3 
3 
3 
3 
1  67 1439281086  
2  90 
2  6 
3 
3 
3 
1  4 568640068  
3 
2  1 
3 
2  17 
2  4 
3 
1  62 332884026  
3 
2  73 
3 
1  93 1156745607  
1  3 1245591305  
3 
2  35 
2  3 
2  4 
3 
3 
2  49 
1  3 1566321885  
2  1 
2  42 
1  1 469033038  
1  86 2144189886  
3 
3 
3 
1  1 1428216279  
2  6 
2  18 
3 
3 
3 
3 
1  74 894457834  
2  58 
3 
3 
3 
2  103 
2  104 
2  35 
1  102 1328816679  
2  50 
3 
3 
1  32 951029507  
3 
1  4 16260693  
1  6 994598596  
1  28 835124350  
1  62 1406169993  
2  101 
1  0 681693234  
2  95 
1  8 470249408  
3 
1  5 287060636  
2  7 
2  6 
1  41 1379822751  
3 
1  0 848551927  
3 
1  74 996766309  
1  31 1185439714  
1  3 1959963528  
3 
2  38 
2  63 
2  67 
3 
3 
3 
3 
2  4 
1  75 504321978  
2  1 
3 
3 
3 
3 
2  1 
2  62 
3 
2  28 
3 
2  36 
2  25 
1  23 1650449837  
1  73 127776388  
1  18 2009876180  
2  0 
2  58 
1  4 1596206028  
2  9 
1  91 1778227021  
1  97 979892138  
1  2 888003466  
2  6 
1  91 199383441  
1  100 1312776164  
1  17 2044749073  
3 
3 
2  5 
1  21 1444974747  
2  67 
3 
1  5 731614402  
2  6 
3 
2  6 
1  101 366298463  
3 
2  2 
1  59 1441680985  
3 
2  61 
3 
2  3 
3 
1  92 12347033  
2  11 
1  0 1260756297  
1  74 623014016  
2  1 
3 
1  2 963376540  
1  5 1277016991  
3 
2  2 
3 
2  0 
2  86 
1  3 1617612613  
1  3 1798500890  
2  1 
1  17 535703336  
2  35 
1  94 151822199  
1  1 121266650  
1  0 822763972  
1  5 1531644950  
2  41 
2  1 
1  100 969818578  
3 
3 
2  16 
2  84 
1  4 1819530281  
2  16 
3 
1  26 569601016  
1  97 782298458  
1  7 176368611  
2  7 
3 
3 
2  75 
2  105 
3 
1  4 72567205  
1  3 910074846  
1  101 38761143  
2  101 
1  7 1668773233  
3 
2  6 
3 
2  12 
2  1 
2  8 
1  82 540818219  
3 
3 
1  100 1018653281  
1  6 409293051  
2  8 
1  0 740201660  
1  14 183945798  
2  4 
2  16 
1  5 306558476  
3 
2  7 
3 
1  2 37692759  
2  3 
3 
2  72 
1  2 915560200  
1  1 672856940  
3 
3 
1  66 1479373744  
3 
2  6 
2  44 
2  109 
3 
2  43 
1  3 927907233  
1  2 1933613237  
3 
1  3 2102387761  
3 
3 
3 
3 
1  76 1891283773  
2  101 
1  1 1063146580  
2  48 
1  0 1572516726  
3 
3 
3 
3 
3 
1  25 1542301015  
1  6 1598849916  
2  56 
3 
2  1 
3 
1  1 1724338925  
2  55 
3 
1  79 1663567665  
1  13 274130240  
2  6 
3 
1  47 1108500227  
2  4 
1  10 485902595  
3 
3 
1  114 2093660522  
2  17 
3 
3 
3 
3 
3 
2  104 
3 
2  16 
2  112 
3 
3 
3 
1  113 1678101243  
1  24 1268201053  
3 
3 
2  99 
1  1 122545485  
3 
2  69 
2  115 
1  82 1750668448  
3 
2  108 
2  104 
1  11 30792251  
1  69 161306629  
3 
1  72 1271958034  
1  38 571610470  
1  1 1179959910  
2  53 
2  94 
1  99 1681251085  
3 
3 
2  100 
1  31 1311812131  
1  81 1363905708  
1  8 1987809562  
1  11 1349504890  
2  109 
2  95 
3 
3 
3 
3 
2  18 
3 
3 
1  17 131982260  
1  105 513182854  
1  94 681394987  
3 
1  101 1059889493  
2  15 
2  6 
1  113 299312443  
3 
3 
3 
3 
2  5 
1  4 636299100  
1  16 803689618  
2  55 
2  10 
2  95 
2  106 
1  93 1362459024  
3 
2  109 
1  8 61332178  
2  48 
2  14 
1  15 198506985  
3 
2  15 
1  10 813825292  
1  4 1785671103  
1  10 1862074651  
1  7 1087955533  
2  3 
1  51 746687682  
1  37 200493598  
2  1 
3 
1  95 1034132407  
1  51 277305277  
3 
2  57 
3 
2  18 
3 
1  19 1468694652  
3 
2  7 
1  31 1156677892  
3 
3 
2  47 
1  53 2027973725  
2  13 
2  95 
2  28 
3 
1  26 1499486903  
3 
2  4 
2  14 
1  4 1317984521  
3 
3 
1  0 1152448111  
1  117 2071097374  
1  3 350460784  
3 
2  1 
1  47 686215549  
3 
1  65 1235425857  
3 
1  6 1714366492  
3 
1  89 526541463  
2  4 
2  4 
3 
2  79 
2  3 
3 
3 
3 
1  10 437447099  
1  104 1846348753  
2  28 
3 
3 
1  38 1039724317  
2  9 
1  30 1118842086  
1  32 758754598  
1  30 1339036760  
3 
2  6 
1  27 1755141186  
2  10 
2  95 
3 
2  10 
1  107 1562444217  
3 
2  49 
2  10 
2  112 
3 
1  10 554012136  
1  111 1816473364  
2  92 
3 
2  42 
2  76 
3 
3 
1  84 1760951202  
1  7 1367837429  
1  5 1454660819  
1  98 1475542205  
1  8 308309314  
2  29 
1  3 53864853  
1  11 1676035804  
2  11 
3 
3 
2  1 
3 
1  37 1342441721  
1  106 331170130  
3 
2  14 
2  76 
3 
1  49 997246808  
2  0 
1  8 351635965  
3 
2  38 
1  7 211660208  
1  3 349250063  
3 
3 
3 
1  45 1669620487  
3 
1  77 1364108319  
3 
2  3 
3 
1  88 272863789  
3 
2  0 
2  98 
3 
2  0 
3 
3 
2  2 
1  51 2020081271  
3 
3 
2  83 
3 
3 
1  17 2050323868  
2  87 
2  7 
1  17 1508289646  
3 
1  6 1586964115  
2  7 
1  23 429381683  
3 
1  4 1945736746  
3 
2  96 
1  34 1285829220  
1  11 1469106000  
3 
3 
1  3 917095184  
3 
2  3 
1  6 2044583819  
1  27 660659113  
3 
2  3 
3 
2  20 
1  114 524752723  
1  3 1459544388  
2  21 
2  12 
2  71 
1  113 1214671249  
1  87 193742439  
1  12 1073011942  
2  3 
1  21 435025030  
2  110 
1  108 1648403259  
1  6 401070500  
1  5 743334344  
2  1 
1  63 1702268112  
2  10 
1  19 2077106304  
1  85 2085776065  
3 
1  61 2033438243  
3 
1  6 926869464  
3 
3 
3 
1  87 289928383  
3 
3 
3 
3 
2  8 
2  82 
3 
2  22 
3 
2  7 
3 
3 
1  0 97614803  
1  54 1276119527  
3 
1  1 1959548870  
1  105 1461723122  
1  9 1548983317  
1  5 1832146493  
3 
3 
1  113 1364563343  
2  9 
2  15 
2  17 
3 
1  107 909789315  
1  6 1271626960  
3 
2  2 
3 
3 
1  66 1793945026  
1  17 708042413  
1  38 409972533  
3 
1  5 1115567379  
2  16 
1  116 1625137598  
2  8 
1  1 307072704  
3 
3 
3 
1  32 1776226492  
1  10 2406673  
2  57 
2  19 
1  113 1766617092  
2  99 
3 
3 
1  73 843414093  
2  54 
3 
1  6 196149112  
3 
1  3 692145386  
1  94 1278439124  
2  7 
1  4 1844552371  
3 
3 
2  48 
1  3 1093215886  
3 
1  114 2021773468  
1  2 1399336836  
1  50 1022838542  
3 
3 
2  25 
1  82 1960065886  
3 
3 
2  13 
1  87 1285291431  
1  8 1949708006  
1  17 102510621  
1  61 1382906234  
1  43 1078343886  
3 
2  16 
3 
3 
1  2 2062059491  
1  57 697145708  
2  17 
2  47 
2  0 
3 
2  52 
3 
1  10 479843555  
2  63 
1  110 1746722336  
3 
3 
3 
1  3 2061709051  
3 
1  47 1389632870  
2  6 
2  64 
1  0 870865648  
3 
2  84 
2  99 
1  6 1708170430  
2  10 
1  15 2097675284  
3 
2  11 
1  6 1280838181  
3 
1  43 676254161  
3 
1  30 1575329234  
2  9 
1  14 1587910885  
2  5 
3 
2  22 
1  6 304997005  
3 
3 
1  88 1577735907  
1  111 1207044329  
1  114 1148411098  
3 
2  44 
2  85 
1  17 1773885019  
1  5 1899189716  
1  15 279366574  
3 
2  5 
1  24 1470953743  
1  63 844921954  
1  80 153656395  
3 
1  27 722806931  
1  36 1867760497  
3 
2  40 
2  9 
2  0 
3 
1  9 2113722281  
3 
3 
2  57 
2  123 
2  65 
3 
2  3 
3 
3 
3 
1  52 2008098362  
1  121 1669984855  
3 
1  14 68749254  
2  4 
3 
2  74 
1  87 1243520948  
1  13 600845093  
2  20 
1  19 2130808745  
2  87 
1  39 1940666656  
1  18 1080688648  
2  100 
3 
1  44 1730047433  
3 
1  44 1854892060  
2  59 
2  2 
1  98 322837871  
1  24 453429433  
3 
2  123 
1  124 1415578842  
2  102 
1  0 273029507  
3 
3 
3 
2  54 
2  26 
3 
1  10 1734267615  
2  119 
2  15 
1  93 2091833003  
1  87 1848358741  
3 
3 
1  93 1174694852  
2  89 
1  97 249346360  
1  39 1278611000  
2  3 
3 
1  44 234255534  
3 
2  121 
1  1 1397757458  
1  78 905012371  
2  5 
1  2 2133445250  
3 
1  108 1677124033  
1  53 228482466  
2  89 
2  24 
2  57 
2  5 
2  11 
1  41 830883556  
2  119 
2  33 
1  11 1830780428  
2  15 
1  11 951289397  
2  21 
3 
2  0 
3 
1  11 551160405  
2  21 
2  9 
2  0 
2  10 
3 
2  17 
1  30 1797019061  
2  5 
2  2 
1  5 811904111  
1  10 73661613  
3 
3 
1  79 1865768315  
1  1 2055425059  
2  27 
3 
1  2 674506706  
2  30 
3 
1  11 1849093412  
1  17 1848608068  
2  115 
2  8 
1  26 1755195355  
2  81 
2  10 
2  53 
1  0 1431657197  
1  7 1556016480  
3 
1  1 2078033226  
2  104 
1  88 1885086630  
1  15 824111674  
1  0 203579085  
3 
3 
1  122 1471870597  
3 
3 
3 
1  71 768461029  
3 
1  12 2051937826  
3 
3 
2  38 
3 
3 
2  69 
3 
3 
1  71 499081802  
1  6 1017807389  
2  11 
2  46 
2  4 
2  5 
2  20 
1  4 1183065178  
3 
1  27 733337336  
1  2 268081199  
3 
2  53 
1  62 2088077549  
3 
3 
2  11 
3 
3 
1  29 719298938  
1  5 1945205232  
2  6 
3 
2  23 
3 
1  3 169076368  
3 
1  12 1550182494  
2  83 
2  48 
1  3 1628502012  
2  41 
3 
2  85 
2  40 
1  20 1120365765  
2  7 
1  52 2101342900  
3 
1  68 1278037425  
2  48 
1  18 1932269877  
1  74 27520865  
3 
1  58 996322092  
3 
3 
1  6 1840211288  
3 
1  113 702027571  
3 
2  41 
2  4 
1  62 697931856  
3 
1  54 1541335708  
2  35 
1  57 309739278  
1  3 2129589053  
1  1 949868540  
2  117 
2  24 
1  67 240288856  
3 
3 
3 
1  25 1867192036  
2  47 
2  1 
1  42 1773980214  
2  22 
3 
3 
1  127 443867941  
2  106 
1  8 1191578985  
1  77 394957595  
1  90 348322119  
1  2 1690660787  
1  26 1412764984  
2  11 
2  19 
2  51 
3 
1  70 1531387297  
3 
1  74 276514475  
2  13 
3 
1  12 1680846184  
2  76 
1  80 1471981199  
3 
1  16 995813413  
3 
1  58 1478567768  
1  120 1641057567  
1  18 398512260  
1  24 959586133  
2  60 
2  11 
3 
1  23 613939684  
3 
1  68 352371512  
3 
2  57 
2  17 
3 
3 
1  23 90139910  
1  13 398725913  
3 
1  40 379892377  
3 
1  27 1086462003  
1  46 91453554  
3 
1  103 1081919948  
3 
3 
1  31 1784393859  
3 
3 
2  32 
3 
1  11 1632789262  
2  123 
3 
2  75 
1  2 1391659227  
2  62 
1  3 1766499265  
3 
3 
1  120 435174155  
1  30 1631948083  
2  24 
2  30 
2  27 
2  97 
3 
2  30 
3 
1  41 1486207653  
3 
3 
1  20 61670721  
3 
1  95 2075816025  
2  2 
2  98 
2  70 
3 
2  70 
2  31 
3 
3 
3 
2  75 
1  10 530302990  
2  32 
1  19 456628317  
1  121 276654496  
2  3 
2  42 
2  115 
1  8 73480130  
2  44 
1  10 1869393301  
3 
1  16 1808041794  
1  47 349994605  
1  66 1402755837  
3 
2  73 
2  39 
3 
3 
1  9 1132539345  
3 
3 
1  20 1345808019  
2  129 
2  111 
2  0 
2  35 
1  68 733839958  
2  79 
1  100 626113264  
1  123 1744320279  
2  71 
2  107 
3 
2  13 
3 
3 
2  91 
2  44 
3 
3 
1  22 1693426091  
1  29 1240052948  
1  28 2096691791  
1  34 1783566001  
2  112 
1  16 1638778862  
2  43 
1  18 329100520  
1  18 722544356  
2  121 
1  35 1730232416  
1  7 1411020468  
3 
3 
3 
3 
1  27 359454568  
1  45 1215538030  
3 
3 
1  77 655196047  
2  54 
2  54 
1  48 2125953833  
1  15 1650712185  
1  119 139660483  
2  41 
1  14 1464677838  
1  60 1712382907  
3 
2  100 
2  39 
2  120 
3 
2  62 
3 
2  89 
2  94 
1  47 67992860  
2  93 
2  25 
3 
3 
2  35 
1  37 1994980828  
1  128 21527576  
3 
2  33 
3 
2  35 
3 
1  14 344647356  
3 
3 
3 
1  8 2068460958  
2  76 
3 
2  13 
3 
1  73 1890920877  
3 
3 
3 
2  15 
2  45 
1  88 5205502  
2  115 
3 
3 
1  75 270971916  
2  4 
3 
1  80 1146193067  
2  73 
1  71 1137744847  
3 
2  10 
1  47 1616779935  
2  73 
1  98 1880033025  
2  4 
1  34 1763858111  
1  0 1213616566  
2  30 
3 
1  36 1425975468  
3 
3 
2  19 
3 
1  11 856427412  
1  46 1162824709  
2  1 
3 
1  66 1062057821  
2  80 
2  139 
3 
3 
3 
3 
1  119 347722626  
1  52 1491925229  
3 
2  41 
1  100 1784602178  
3 
1  8 2077955042  
1  33 755462049  
1  32 2144056746  
2  41 
3 
1  24 1146009424  
2  11 
3 
1  26 1410658097  
3 
1  34 2122526931  
1  8 649237962  
2  30 
1  0 1550318580  
2  3 
2  79 
3 
3 
1  3 1439721121  
3 
3 
3 
2  24 
2  95 
2  81 
1  28 214137221  
1  62 1618311440  
3 
2  5 
3 
2  121 
2  90 
3 
1  25 1287218301  
3 
2  27 
1  17 235664797  
2  77 
3 
3 
3 
3 
2  36 
2  7 
3 
1  82 1962958796  
2  103 
2  86 
3 
2  15 
2  93 
1  43 1208195612  
1  23 2126585674  
3 
1  1 1968164299  
1  46 1479167528  
2  5 
1  19 1125295093  
3 
2  69 
1  40 958425498  
1  70 948463815  
1  42 857844470  
2  45 
2  95 
1  27 574799962  
2  36 
1  64 14596733  
1  105 136336290  
1  29 1431227374  
1  7 1177421442  
2  102 
1  10 1198394112  
1  25 1778950000  
3 
1  111 521863023  
3 
1  0 835512642  
2  48 
2  107 
2  140 
1  39 1709421394  
1  48 1277325072  
2  114 
1  137 832085740  
2  133 
2  115 
1  129 707947170  
2  116 
3 
1  47 540499521  
2  37 
1  42 807129023  
3 
1  117 1357185132  
1  111 2090818101  
2  49 
1  74 99366496  
3 
1  18 1571322353  
3 
2  104 
3 
1  74 1561645893  
3 
3 
3 
1  44 1386584797  
2  76 
3 
2  17 
1  8 1806987150  
2  140 
2  88 
3 
1  53 1377121042  
3 
1  111 447296761  
3 
2  154 
1  130 1786089177  
1  65 1197801693  
3 
3 
2  3 
1  68 1926464289  
3 
2  33 
3 
3 
1  88 763900622  
1  9 8743543  
1  31 727444456  
3 
1  28 1621745093  
3 
2  32 
2  14 
2  4 
2  146 
2  131 
1  19 583543505  
3 
3 
2  128 
3 
1  51 742041189  
3 
3 
2  48 
2  117 
1  28 1758081383  
2  96 
3 
2  78 
2  80 
1  37 2014770879  
2  49 
2  6 
1  120 1919462631  
3 
1  95 808991847  
3 
2  116 
1  15 1646237231  
1  94 293842006  
1  8 1644504489  
2  73 
3 
1  19 1208174977  
1  83 1571167079  
1  84 329106581  
2  122 
2  153 
1  45 1916122148  
3 
2  106 
3 
2  69 
2  96 
2  67 
3 
1  117 2111666600  
3 
3 
2  46 
3 
2  11 
2  71 
1  31 1136235604  
1  19 1125823632  
1  28 2055001054  
3 
1  6 1235602100  
2  48 
3 
1  16 549662338  
1  75 1469163299  
1  34 474703250  
2  148 
1  32 209165840  
3 
1  6 698800693  
2  13 
2  86 
1  47 922000011  
2  41 
1  29 1995255017  
3 
1  2 1896602386  
2  13 
3 
1  53 700980653  
1  50 611671992  
3 
1  143 1905345930  
3 
2  63 
2  15 
3 
3 
3 
1  22 1428425109  
3 
1  115 85933437  
2  156 
3 
1  19 341405787  
1  31 22982651  
2  24 
3 
3 
3 
1  136 1844014820  
3 
2  57 
1  41 208693019  
3 
2  17 
1  90 1942445282  
3 
1  108 505523020  
1  140 1854930250  
1  136 88803641  
2  129 
3 
2  33 
2  73 
2  117 
3 
3 
2  72 
2  116 
2  29 
3 
3 
2  44 
3 
2  79 
1  91 2543861  
3 
3 
1  119 915621580  
1  44 1659970720  
3 
2  5 
1  111 331650443  
1  83 684260080  
3 
1  44 1624153672  
3 
3 
3 
3 
1  25 1467886047  
1  30 1810083712  
2  18 
2  101 
3 
1  99 1531671078  
3 
2  67 
1  160 556004500  
1  42 212262402  
2  43 
2  72 
1  119 853350730  
3 
3 
2  38 
3 
3 
1  123 1030707750  
1  65 421428243  
2  22 
2  148 
3 
1  92 1552151423  
3 
3 
1  70 1952707761  
3 
2  41 
1  32 269199612  
2  101 
1  124 1301270162  
2  78 
1  14 506204766  
1  132 880871604  
1  106 1059132444  
2  44 
3 
1  37 1934629876  
2  58 
3 
3 
3 
1  104 966805041  
1  88 1400538231  
2  46 
3 
3 
3 
3 
3 
3 
3 
1  57 1957612527  
2  43 
2  0 
1  131 663336214  
1  149 1609231250  
1  93 1752574161  
1  137 1168859234  
1  1 1316677853  
2  99 
2  55 
1  10 1841377802  
2  116 
1  97 1171403095  
1  35 84815785  
2  53 
1  120 1353864874  
1  141 1503053538  
1  79 769075865  
3 
2  85 
3 
1  108 830534899  
2  25 
1  114 823455938  
3 
1  120 431675929  
3 
2  19 
3 
2  127 
1  125 214722329  
2  64 
2  53 
3 
2  0 
1  48 1379460438  
3 
2  135 
1  122 643938332  
3 
1  60 1068073059  
2  28 
3 
2  107 
1  40 262684540  
1  65 1065366575  
2  45 
1  9 472740835  
3 
3 
3 
2  0 
2  19 
2  129 
1  53 67908653  
3 
1  96 1334566187  
2  113 
3 
1  43 1774010997  
1  52 574113420  
1  31 67954144  
2  9 
1  52 685659793  
3 
2  104 
3 
1  29 361259648  
3 
2  48 
2  52 
1  54 1034759185  
2  47 
3 
3 
2  35 
1  155 2086198024  
3 
2  111 
3 
2  28 
3 
1  10 171388527  
3 
2  51 
1  11 1698095399  
1  4 1547945627  
2  4 
2  17 
1  143 1923962688  
1  131 719470985  
2  22 
1  69 717139832  
1  22 1617856843  
3 
1  152 1890874081  
1  30 801955617  
1  96 824238069  
1  42 1246443971  
1  37 1571031482  
2  149 
2  9 
3 
2  42 
3 
2  118 
1  103 1654772968  
3 
2  138 
1  47 2069899909  
2  127 
2  128 
3 
2  47 
1  28 2002707411  
2  138 
2  127 
1  35 1869495298  
3 
2  45 
1  150 1301876699  
1  39 499162095  
3 
3 
3 
2  53 
1  47 790084709  
3 
1  43 1564561239  
2  144 
1  77 1564528670  
2  102 
3 
3 
2  30 
1  2 1262825544  
3 
1  159 1632469893  
3 
3 
2  19 
1  108 751611210  
1  57 889352893  
1  29 59099665  
1  50 819565354  
1  27 1575012686  
2  136 
3 
3 
3 
2  40 
3 
1  28 420359313  
3 
3 
2  2 
2  18 
1  35 1854324539  
2  154 
2  57 
3 
3 
3 
2  15 
1  40 1513727063  
1  108 591747840  
2  51 
3 
1  6 1404936291  
3 
3 
1  114 914189042  
3 
2  15 
3 
1  36 368226880  
1  109 2124407276  
2  100 
2  90 
2  67 
1  158 1631328874  
2  148 
1  152 1986083723  
1  23 1867797709  
2  48 
2  49 
3 
1  35 285800843  
3 
2  106 
1  17 662838145  
2  87 
2  55 
3 
2  92 
1  126 966758033  
3 
2  35 
3 
2  149 
1  117 1856832325  
1  157 170127465  
2  158 
3 
1  141 889174294  
2  157 
1  40 1712056088  
3 
2  3 
3 
2  127 
2  3 
2  148 
3 
2  45 
1  157 2039622763  
2  116 
3 
1  20 43567346  
1  109 63734536  
3 
2  108 
2  11 
1  2 682223825  
2  150 
2  143 
1  0 1608128585  
3 
3 
1  41 1628263206  
3 
2  155 
1  32 1945049369  
2  76 
1  103 1093114830  
2  78 
3 
3 
3 
3 
1  59 232390768  
3 
2  58 
2  115 
3 
3 
1  98 686918615  
3 
3 
1  149 1152214495  
1  69 1051956122  
2  22 
3 
1  97 114447653  
3 
3 
2  9 
2  29 
2  43 
2  41 
2  3 
2  76 
2  5 
1  113 1572573808  
2  129 
2  14 
1  136 758797014  
2  20 
2  133 
1  126 1628174716  
1  93 16838000  
2  33 
1  10 16249657  
3 
1  22 394880110  
1  88 385064881  
3 
3 
1  42 2140656933  
3 
2  24 
2  9 
1  13 2026208984  
3 
1  129 223664956  
1  132 1860970995  
2  73 
2  62 
3 
3 
2  123 
3 
2  68 
3 
3 
2  114 
3 
1  31 164526179  
3 
3 
2  11 
2  100 
2  65 
3 
1  132 886503101  
3 
1  12 680245380  
2  125 
1  49 2021358504  
2  61 
1  80 1056630567  
2  91 
1  126 1569419674  
1  54 1585930945  
2  78 
2  32 
2  150 
3 
1  41 948769682  
2  18 
2  101 
3 
3 
2  13 
3 
3 
3 
1  76 1612987020  
1  63 1649665481  
1  140 1630993507  
3 
1  9 1073631958  
1  96 1130445039  
2  64 
1  91 1428559229  
3 
1  125 19263140  
1  140 1362835808  
1  144 2115477844  
1  99 1171477636  
1  14 267308282  
1  19 82441849  
3 
1  32 596567796  
1  31 1026105296  
2  3 
2  41 
3 
1  37 1710616566  
2  37 
1  76 613405797  
1  91 1042354953  
1  39 2105496676  
2  106 
2  93 
2  48 
1  152 998470678  
1  96 1035528239  
2  67 
3 
2  25 
2  34 
3 
3 
3 
3 
3 
1  123 1984222013  
1  106 1222135634  
2  103 
1  53 749015586  
1  128 1264544  
1  10 2108638736  
1  17 1429260966  
2  110 
3 
2  107 
1  55 2022623049  
3 
2  23 
2  50 
1  80 1017785655  
3 
1  8 851196992  
2  145 
2  82 
3 
3 
1  68 1461070346  
1  114 1966555337  
3 
3 
1  134 316700365  
2  35 
1  59 963252179  
2  54 
1  89 1450065197  
3 
1  76 1390332323  
3 
1  134 2093697218  
3 
3 
3 
1  33 731140778  
1  49 1409595463  
3 
1  41 1309049378  
1  142 699134974  
2  143 
1  96 433589451  
3 
1  146 1576357661  
1  17 781576823  
3 
1  59 1030157248  
1  2 454979309  
1  90 344709741  
2  102 
1  75 1643563045  
1  45 1497334263  
2  150 
3 
1  89 302722770  
1  127 494550075  
2  8 
3 
1  149 385378854  
3 
3 
3 
2  67 
3 
1  155 139461135  
2  78 
3 
2  160 
1  40 1716685709  
1  10 1134394440  
2  92 
2  58 
3 
2  9 
3 
2  102 
1  17 140725679  
2  7 
2  56 
1  36 1677840797  
2  92 
2  106 
3 
2  112 
1  72 416171758  
2  34 
3 
1  42 15865080  
2  16 
1  85 548142804  
1  118 1267368750  
3 
1  105 1476935426  
2  67 
1  94 367214494  
2  115 
3 
1  79 1584069115  
2  118 
2  25 
1  17 292703957  
1  57 1817279691  
3 
1  126 826917790  
2  89 
3 
3 
3 
2  106 
3 
2  14 
3 
3 
3 
2  134 
2  8 
2  126 
2  40 
1  94 238917528  
1  104 400936821  
1  75 89029606  
3 
1  19 1547966906  
2  11 
1  138 1100071795  
3 
2  99 
3 
1  64 522619057  
2  82 
3 
3 
3 
2  22 
1  101 976840919  
3 
1  46 1881648618  
1  80 1552776305  
1  92 1431820229  
1  46 78874712  
3 
1  8 1048855702  
2  110 
2  24 
2  0 
3 
1  151 781670844  
2  47 
2  62 
2  26 
3 
1  5 381597482  
3 
1  9 1543405777  
3 
1  21 1167049698  
1  55 521058617  
1  54 1112607839  
3 
3 
3 
3 
2  161 
2  155 
3 
3 
2  128 
2  32 
1  101 153960490  
3 
2  23 
1  152 661784296  
1  115 642964988  
1  44 570132248  
1  27 677649377  
3 
2  109 
3 
2  78 
1  30 1191107793  
3 
3 
1  119 1837500998  
1  64 7101155  
1  13 1558322287  
3 
3 
3 
2  17 
1  122 1274086466  
1  141 299805113  
2  133 
3 
2  23 
3 
2  61 
1  59 1228118330  
1  0 2101004256  
2  34 
3 
2  98 
1  55 538722641  
1  66 1629055151  
2  94 
1  132 42550214  
2  26 
3 
1  82 2086689547  
3 
3 
1  154 581643298  
1  20 565169272  
3 
2  125 
3 
1  38 916046819  
2  99 
1  45 315808268  
3 
1  93 2117945577  
3 
3 
1  32 200383400  
1  158 394682980  
2  19 
2  98 
1  4 1019317632  
2  50 
2  20 
2  32 
1  160 982054244  
2  136 
3 
1  115 776280462  
3 
3 
1  130 415239761  
1  14 1620294  
3 
2  27 
3 
2  41 
2  153 
1  4 1297339079  
1  64 1527847600  
3 
1  55 155580784  
1  69 1959123376  
3 
2  76 
1  42 23328941  
1  141 725713032  
2  57 
1  136 489289105  
2  136 
1  147 1214436734  
1  164 415730382  
2  58 
1  77 496390260  
1  87 625275373  
1  109 1689816848  
2  130 
3 
3 
2  20 
3 
1  72 796195373  
2  47 
3 
1  26 1853393703  
1  32 1643337457  
3 
1  7 1334918014  
1  115 1334965206  
1  19 1685887671  
2  23 
1  37 1274123914  
3 
1  152 1916608504  
2  70 
2  7 
3 
2  53 
1  4 103573295  
3 
1  61 42687085  
3 
2  32 
2  74 
1  139 84933124  
3 
1  0 74035225  
1  35 243070485  
1  80 479616105  
1  48 1093352857  
3 
1  139 1225124729  
3 
3 
2  152 
2  75 
1  132 1255896567  
2  128 
2  135 
3 
3 
2  144 
1  60 1508592618  
2  33 
3 
2  135 
2  66 
1  79 1226745023  
2  141 
1  108 405751999  
3 
2  164 
1  11 888956571  
1  7 1382325807  
3 
3 
3 
3 
3 
1  131 217391727  
3 
2  5 
1  91 912285512  
2  41 
2  23 
2  158 
1  148 2108038839  
2  32 
1  154 706680832  
2  55 
3 
2  56 
1  11 2126722246  
3 
2  50 
1  67 376285573  
3 
3 
2  121 
1  49 1203071092  
2  163 
2  99 
3 
3 
1  12 604513971  
1  111 2066102422  
2  125 
3 
1  150 1999266466  
2  9 
2  115 
1  147 310424026  
3 
2  6 
2  27 
1  98 1561956231  
2  141 
3 
2  87 
2  28 
2  105 
2  4 
2  47 
2  40 
2  103 
3 
3 
1  115 1186700832  
3 
1  103 1645389232  
1  5 1100360254  
3 
1  111 313341098  
1  10 1414514088  
2  120 
3 
1  124 1203933550  
3 
3 
3 
1  35 356028183  
3 
3 
3 
3 
2  111 
1  10 1499447212  
1  147 1277968775  
1  154 599098668  
1  32 1979063317  
2  36 
3 
1  136 223837984  
1  3 1824223397  
1  38 1087476237  
1  22 1732430602  
2  2 
1  72 903484772  
1  8 1493228236  
3 
3 
1  87 473903525  
1  144 138326931  
2  56 
2  25 
1  56 1710619963  
1  152 1386189037  
3 
1  56 98882122  
2  114 
2  150 
3 
2  157 
2  29 
3 
1  75 269817147  
2  162 
2  29 
1  79 1365427635  
3 
2  42 
2  21 
2  36 
2  148 
3 
3 
3 
1  107 475167696  
2  104 
3 
1  64 1472888239  
1  104 1969941606  
3 
1  23 393786470  
1  137 1324671057  
2  115 
3 
1  26 132881984  
2  32 
2  20 
2  72 
3 
2  18 
2  18 
3 
3 
2  111 
1  7 1955742701  
1  84 363888242  
1  60 1778271216  
2  64 
3 
2  68 
2  41 
2  39 
3 
1  117 908619307  
2  141 
3 
3 
1  146 677229340  
1  48 1045301656  
3 
1  106 2112552857  
3 
1  53 1033257524  
1  41 397265221  
3 
1  12 1243037984  
1  45 1632356192  
1  14 228844890  
3 
3 
1  18 1466875968  
2  150 
3 
3 
3 
1  138 1309095942  
3 
2  47 
2  30 
1  98 1316321127  
2  52 
3 
3 
2  45 
3 
3 
1  53 1051822923  
1  144 65097066  
2  5 
1  116 662065715  
1  159 1525726448  
1  128 203423998  
3 
3 
2  65 
1  34 225202030  
3 
3 
3 
1  54 764431838  
3 
2  2 
3 
1  83 302306120  
3 
2  21 
3 
2  142 
2  85 
2  38 
1  1 495019177  
2  83 
2  34 
1  51 2129859473  
2  137 
1  23 777473816  
1  152 1967907417  
1  3 1952317432  
2  125 
3 
3 
3 
1  98 1171260286  
2  109 
1  127 1145094826  
1  72 2085199416  
1  57 979519339  
1  45 1508983068  
3 
1  43 1715986985  
1  93 1888138647  
3 
1  164 38728761  
2  26 
3 
2  93 
2  134 
3 
1  29 613804993  
1  37 1853207856  
2  21 
3 
1  129 1071986285  
3 
3 
1  141 1011070214  
1  149 948762193  
2  82 
3 
2  18 
2  86 
3 
1  81 556858829  
3 
3 
1  137 1239915105  
1  125 268154513  
1  72 1865954771  
1  152 408752584  
1  68 1319977436  
1  5 1931051838  
3 
2  54 
3 
1  99 1070818300  
2  110 
1  12 698220237  
3 
2  134 
1  43 2134475836  
1  80 1296020330  
1  19 1462652075  
2  129 
1  80 289298308  
1  153 1791039508  
3 
1  115 1445027900  
1  145 1066772125  
1  21 1611463277  
2  96 
1  120 1249861684  
2  47 
2  124 
2  104 
2  110 
2  158 
1  161 90548763  
1  20 609074455  
1  18 1187577453  
1  85 1070068103  
1  73 2118057524  
3 
2  165 
2  23 
2  63 
3 
1  130 756080790  
1  141 810723102  
2  160 
2  11 
1  82 9302637  
2  76 
1  165 1369885783  
2  60 
3 
3 
1  95 516447310  
1  115 1081288922  
2  41 
3 
2  62 
1  39 233472350  
3 
3 
2  101 
1  94 1465209503  
3 
2  29 
2  157 
3 
3 
1  36 1638147751  
3 
3 
1  18 1473387455  
2  125 
3 
1  78 1733364017  
1  94 1356618875  
3 
1  59 1882140039  
3 
3 
2  2 
3 
1  8 905857805  
1  8 1140187065  
3 
1  5 805474691  
2  14 
3 
1  133 1604078042  
2  20 
1  16 1127179253  
1  40 2101495022  
1  2 919246469  
1  116 1416477561  
1  77 1745050882  
3 
1  92 216790722  
3 
2  1 
2  57 
2  93 
2  146 
1  22 335766038  
2  137 
1  139 1209030511  
2  162 
2  54 
3 
1  127 1466652406  
3 
1  79 426314802  
1  1 1818104966  
3 
1  53 506746211  
2  22 
3 
3 
1  135 1496382905  
1  30 1788678842  
2  30 
3 
3 
1  18 1262827001  
3 
3 
2  19 
2  76 
1  71 159622359  
3 
3 
3 
3 
1  75 1797981479  
3 
2  91 
3 
2  64 
2  55 
3 
3 
3 
3 
3 
2  80 
1  21 485229137  
3 
3 
2  110 
2  134 
2  66 
2  33 
3 
2  34 
2  11 
2  4 
2  153 
1  5 676069669  
3 
2  9 
3 
2  1 
3 
2  125 
3 
1  8 731786753  
2  61 
2  154 
1  44 718701487  
3 
3 
2  84 
3 
3 
1  83 2141279173  
1  21 222450857  
3 
3 
3 
2  117 
3 
2  9 
3 
2  80 
2  89 
2  12 
3 
2  84 
2  36 
2  39 
3 
2  23 
1  115 44605294  
1  53 1727159542  
1  154 1579069732  
1  54 1926745333  
3 
1  31 485533699  
2  97 
2  76 
2  27 
3 
1  5 571773149  
3 
2  49 
2  120 
2  10 
2  57 
3 
2  92 
1  93 584736377  
2  20 
1  86 2089611742  
3 
3 
3 
2  75 
1  112 1698952402  
3 
1  33 538747751  
3 
2  36 
1  129 861374563  
1  131 967946315  
3 
2  37 
1  29 136314985  
2  29 
3 
3 
1  115 1078165285  
2  64 
1  16 1303712354  
3 
1  8 1345345496  
1  69 397334044  
2  64 
1  40 1730027156  
2  15 
3 
3 
1  38 1015966814  
2  125 
3 
3 
3 
2  35 
3 
2  17 
1  109 904080255  
2  43 
2  37 
1  21 1078926413  
1  46 657162009  
2  138 
2  119 
1  123 19423609  
2  14 
3 
1  134 1238548772  
1  13 307659840  
3 
3 
2  113 
3 
2  18 
2  1 
3 
2  12 
3 
2  67 
3 
2  154 
2  0 
2  118 
2  111 
1  49 504652746  
1  93 1914618441  
2  11 
3 
3 
1  65 1039446594  
1  58 1223354233  
2  48 
3 
1  150 1908413966  
1  18 1261897451  
1  128 1267959527  
1  132 1488089860  
3 
2  28 
1  48 693483535  
3 
3 
2  73 
2  36 
2  64 
3 
1  80 1047221212  
3 
1  132 1973623560  
1  118 1265256684  
3 
1  3 1631957589  
3 
2  26 
1  126 1915751654  
1  43 816725438  
2  34 
2  7 
3 
3 
3 
3 
2  50 
2  65 
1  41 23221692  
2  64 
1  19 629642569  
2  9 
1  104 1784671753  
1  149 159536677  
2  47 
2  21 
1  32 1707807855  
2  149 
1  101 940900459  
3 
1  42 1504882173  
3 
1  120 2105141899  
3 
2  29 
2  147 
2  12 
1  8 523443967  
3 
2  46 
3 
3 
3 
1  146 373365340  
1  46 861738506  
2  24 
2  50 
1  109 1602370380  
2  77 
1  15 1030527349  
2  71 
2  20 
1  38 881162115  
2  78 
1  83 693435504  
1  22 1338187189  
3 
3 
3 
2  57 
1  146 1385814861  
1  144 460570298  
2  149 
2  10 
2  140 
2  19 
1  32 230150135  
2  111 
3 
3 
2  26 
3 
2  53 
1  107 461685446  
2  39 
1  37 221500616  
3 
3 
3 
2  0 
3 
3 
2  80 
2  67 
2  36 
1  45 1492047586  
3 
2  33 
2  38 
1  143 1729644973  
1  16 1709590477  
2  40 
3 
1  55 38047473  
3 
2  24 
2  85 
2  34 
3 
1  38 629382538  
2  45 
1  108 1535730389  
2  112 
1  42 1303304157  
1  68 113856479  
2  40 
1  7 1303998395  
2  85 
2  60 
2  125 
3 
1  110 2120029595  
3 
1  146 137078172  
3 
3 
1  53 1933640964  
3 
3 
3 
3 
3 
2  34 
3 
1  94 1757217701  
2  69 
3 
1  144 296614849  
1  141 1493965171  
2  64 
1  87 550634512  
2  43 
1  16 1801497023  
2  101 
1  65 1451623422  
2  48 
2  95 
3 
1  135 1074078480  
1  119 27378715  
2  11 
1  12 165878281  
3 
3 
3 
3 
3 
2  14 
3 
1  11 528965212  
1  20 1057906064  
1  5 1047040396  
2  17 
3 
2  93 
2  85 
2  4 
1  46 1222400717  
3 
3 
1  107 248609605  
1  23 285371610  
2  5 
1  25 1682971015  
1  56 478759741  
2  24 
2  1 
2  5 
1  8 747057056  
3 
2  138 
3 
1  26 1904471631  
1  140 1970807327  
2  122 
3 
1  16 329218382  
3 
2  131 
3 
3 
2  27 
3 
1  135 1466578460  
2  6 
1  17 2008854801  
3 
3 
1  4 958600920  
1  9 854825201  
3 
3 
1  28 1164675310  
1  28 1072457399  
2  91 
1  30 11339948  
2  131 
3 
1  5 1137221258  
3 
2  21 
2  49 
3 
3 
3 
1  103 1209535571  
2  86 
1  142 1944980913  
1  66 746955311  
2  95 
2  52 
2  45 
2  143 
2  43 
1  86 1506150421  
1  40 1291462436  
1  52 1297589823  
3 
3 
1  54 1160163796  
1  47 595602211  
2  25 
2  43 
2  2 
2  104 
2  18 
2  35 
2  83 
1  17 224184655  
3 
3 
1  112 1187542511  
1  34 761480492  
2  20 
1  14 753149868  
1  137 97964927  
3 
3 
3 
2  58 
2  31 
3 
2  46 
1  17 1808520888  
3 
1  28 1975550585  
2  1 
3 
1  85 346574532  
2  25 
1  81 2093892498  
1  93 1511037952  
2  7 
2  142 
3 
2  24 
3 
3 
3 
1  109 825334273  
3 
1  42 693465907  
3 
3 
3 
1  55 1268025935  
3 
3 
2  125 
1  113 648657953  
2  115 
2  106 
1  29 1022684289  
2  134 
1  142 587120748  
2  11 
2  2 
2  10 
2  28 
2  39 
2  118 
1  74 510029106  
2  81 
2  28 
3 
3 
3 
1  131 1981285209  
2  7 
2  28 
3 
3 
1  44 1441945949  
3 
3 
2  1 
3 
1  28 1674704416  
2  5 
2  118 
2  124 
1  122 906258960  
3 
1  70 1453285898  
2  133 
1  136 664442026  
1  53 2115794532  
3 
3 
3 
3 
2  121 
1  19 1250783163  
3 
2  57 
2  137 
3 
2  53 
3 
3 
3 
3 
3 
3 
3 
1  7 1411397337  
2  16 
1  23 1474461305  
3 
3 
2  82 
3 
3 
3 
3 
1  27 394761951  
3 
2  44 
1  9 561503513  
1  18 487141453  
2  1 
1  46 990364162  
3 
2  85 
2  133 
1  20 785688168  
3 
1  62 1674683964  
1  84 1751844654  
3 
3 
1  26 1538838036  
2  12 
1  128 1772648891  
2  19 
1  134 1412881895  
1  43 1366904973  
3 
1  89 2119223423  
2  64 
2  6 
1  12 1359290745  
3 
2  1 
2  25 
1  33 730459277  
1  113 797074049  
3 
1  116 2052756652  
1  0 1998485213  
2  117 
3 
2  88 
1  112 1445732002  
2  50 
3 
1  61 927957293  
3 
2  130 
2  127 
3 
2  14 
2  99 
1  45 438122313  
3 
2  28 
3 
3 
3 
2  23 
1  13 1955761108  
3 
1  29 761758854  
2  23 
1  24 1880068262  
3 
1  25 1482981876  
1  6 1668017815  
2  23 
3 
2  138 
2  2 
1  10 1185870512  
3 
1  29 2147423903  
2  20 
1  109 1636328699  
2  55 
2  51 
1  72 289170027  
1  46 1411337592  
2  126 
2  111 
3 
3 
2  73 
2  86 
3 
3 
2  18 
1  80 963306356  
1  10 683931979  
3 
2  107 
2  32 
1  7 1972841105  
2  9 
2  56 
3 
3 
1  3 1450447809  
1  55 1674296141  
2  118 
3 
3 
3 
2  57 
2  31 
2  34 
3 
1  67 611045626  
2  6 
1  136 977648125  
2  103 
2  22 
2  5 
2  114 
1  4 1278657148  
2  26 
1  12 2400014  
3 
3 
1  73 602813368  
3 
2  98 
2  13 
2  31 
1  0 544055395  
1  15 1369304988  
2  1 
2  82 
3 
3 
2  121 
2  5 
2  117 
1  110 574553143  
1  31 1903346140  
3 
3 
1  128 2099764265  
1  68 1371627192  
1  28 1808619145  
3 
3 
3 
2  70 
2  30 
1  75 1950765830  
3 
2  74 
2  80 
3 
2  10 
1  13 669875546  
3 
2  3 
3 
1  126 589092790  
2  83 
1  0 241404495  
2  25 
1  76 478153006  
1  29 1350851645  
2  98 
1  67 2121472758  
2  5 
3 
3 
2  14 
2  23 
3 
2  26 
3 
2  2 
2  24 
2  24 
2  53 
3 
2  0 
2  46 
3 
3 
2  74 
3 
1  11 1961134883  
1  9 871385812  
1  4 1159859622  
3 
2  53 
1  39 1961075138  
3 
1  6 360230863  
2  13 
2  16 
1  34 1449029650  
2  27 
3 
3 
3 
1  72 1224929082  
2  9 
2  82 
2  3 
3 
3 
2  9 
2  12 
2  25 
1  113 1323537219  
3 
1  16 2132961629  
3 
2  15 
1  108 1050286540  
2  38 
2  6 
3 
3 
2  4 
2  12 
1  6 626501380  
3 
3 
2  8 
2  20 
3 
3 
3 
2  89 
2  11 
2  85 
2  7 
3 
2  2 
1  3 1659774122  
1  13 1661332166  
3 
3 
1  1 1604149505  
2  15 
2  104 
1  14 790947622  
1  79 1663732180  
1  42 59479225  
3 
3 
1  101 1335003017  
1  16 885553520  
2  110 
1  70 634032368  
3 
1  70 1090865510  
3 
3 
1  85 837834138  
2  7 
1  4 2005659561  
1  72 752001007  
2  11 
2  21 
1  6 641116320  
1  103 528051459  
2  88 
2  61 
3 
2  1 
1  6 1341093797  
3 
1  9 882520816  
3 
2  2 
2  0 
3 
1  21 1006204466  
1  119 544461794  
3 
3 
3 
1  53 856509926  
2  17 
3 
3 
3 
2  4 
3 
3 
1  71 819855701  
3 
1  37 1415847606  
2  79 
3 
1  27 2016369548  
2  118 
2  51 
1  8 633447191  
2  59 
3 
2  80 
3 
3 
1  16 1776078469  
1  88 1317915550  
1  37 1858376273  
2  50 
1  19 952132040  
2  11 
3 
3 
3 
3 
3 
3 
3 
1  5 1303393531  
3 
2  3 
2  92 
2  106 
3 
3 
3 
2  95 
2  10 
2  4 
3 
2  16 
2  11 
3 
3 
1  93 761179165  
3 
2  7 
3 
1  3 1578633420  
2  10 
1  7 815684006  
3 
1  43 275027683  
3 
2  35 
3 
2  8 
1  13 1035299277  
2  30 
3 
2  6 
1  5 1606631628  
1  58 1938759864  
2  57 
1  36 1094778502  
1  13 794150998  
3 
2  30 
2  88 
1  15 676829736  
2  9 
2  85 
3 
2  32 
3 
3 
3 
3 
3 
2  13 
3 
2  106 
1  12 1728810871  
1  8 1885016508  
1  35 1514663874  
2  54 
1  59 1586986784  
1  9 489533867  
2  86 
1  4 8296547  
3 
2  117 
2  3 
1  11 2115038243  
1  106 1830627664  
3 
3 
1  77 890817363  
1  9 973759061  
2  18 
1  9 227605811  
1  0 1747327289  
2  3 
2  6 
2  7 
2  90 
2  80 
3 
1  31 1793614762  
2  109 
1  18 1643453417  
1  13 1616213189  
1  20 279578305  
1  90 1272048239  
1  46 786645092  
1  19 2137954579  
3 
2  65 
1  43 76696631  
3 
3 
3 
3 
2  11 
1  11 2090038623  
3 
3 
1  28 751650096  
2  97 
2  7 
1  104 1655330052  
3 
3 
3 
2  48 
2  7 
1  14 758238981  
3 
2  66 
3 
2  1 
1  96 1026677780  
1  103 543145681  
3 
3 
2  13 
3 
3 
2  72 
1  92 217386962  
2  7 
2  17 
3 
1  6 817953996  
3 
2  84 
2  6 
1  85 1637924184  
2  69 
1  67 1011537960  
3 
2  13 
3 
3 
3 
2  84 
3 
3 
2  100 
1  41 1494783732  
1  46 1219251407  
3 
2  3 
2  11 
3 
1  8 749070820  
2  86 
2  1 
2  82 
3 
3 
2  12 
1  7 861963959  
1  1 658754543  
2  92 
1  15 1238604687  
2  6 
2  35 
2  12 
2  42 
1  7 870260506  
2  1 
2  12 
1  3 626309138  
2  4 
2  1 
3 
1  3 921748703  
3 
2  7 
2  88 
2  112 
2  8 
3 
1  1 1761077869  
2  51 
2  105 
2  2 
1  4 1600068200  
1  10 1149354514  
2  12 
2  6 
1  67 1360921510  
2  77 
2  8 
1  56 1246199314  
3 
3 
1  58 645324284  
1  7 829651051  
1  7 1525777620  
3 
1  112 1917372523  
2  35 
3 
2  7 
2  31 
2  6 
1  8 1616296143  
3 
1  7 1516248551  
1  2 1994069154  
1  29 1558851119  
1  78 120414999  
3 
1  56 1501915558  
1  25 169606452  
2  12 
2  103 
3 
2  54 
2  66 
1  36 1147092779  
1  6 2045061240  
3 
3 
3 
2  0 
2  104 
2  13 
1  0 386993414  
3 
2  68 
1  105 1965046775  
1  3 1535501776  
3 
2  63 
2  32 
3 
1  16 1398531374  
3 
1  77 1312346860  
1  14 607269535  
3 
2  9 
1  12 118546  
2  3 
1  4 26827171  
1  81 1266024078  
1  2 1238723233  
3 
1  13 897087677  
1  102 1892333216  
3 
1  5 12988289  
2  8 
1  19 510681898  
1  85 1344917768  
2  115 
2  3 
2  102 
3 
3 
1  10 1162342803  
1  12 1871603408  
3 
1  6 443633435  
3 
1  77 1807667087  
3 
2  1 
3 
2  22 
1  44 553770811  
1  38 1969411055  
2  6 
2  6 
1  6 1577555962  
2  16 
3 
1  45 22583307  
2  2 
1  10 1338175958  
3 
3 
2  14 
3 
2  5 
1  36 1424141469  
3 
2  26 
3 
1  34 1581434426  
2  54 
3 
3 
1  5 1458590957  
2  99 
1  45 778573379  
2  89 
1  15 1751040878  
2  76 
2  15 
1  7 458200089  
2  14 
3 
2  77 
2  15 
3 
2  48 
2  62 
2  69 
2  87 
3 
2  8 
1  21 676150971  
1  3 2138034293  
1  4 275763216  
2  102 
2  17 
1  103 64169099  
3 
3 
3 
3 
3 
2  49 
1  110 1389082019  
3 
3 
2  15 
2  5 
3 
3 
1  66 1588110076  
2  0 
2  6 
1  12 671438634  
2  66 
3 
1  97 1389200566  
2  4 
1  2 1614937247  
1  70 1937462712  
1  18 480440151  
1  6 364541276  
2  39 
3 
1  57 1682312281  
3 
3 
3 
2  72 
3 
1  1 493428440  
2  11 
2  36 
1  3 875223174  
2  55 
1  99 879746401  
1  37 1655771244  
3 
1  96 599342934  
3 
3 
2  0 
2  81 
3 
3 
3 
1  94 1323379836  
1  0 1315954683  
1  73 1153113746  
3 
3 
3 
1  83 1145307243  
2  5 
2  111 
3 
3 
2  42 
2  11 
2  7 
1  17 746026998  
2  58 
2  91 
3 
3 
1  80 1175697053  
2  48 
2  76 
2  29 
1  100 335999553  
1  3 22684819  
2  107 
1  74 609647831  
2  109 
1  7 1794590511  
1  83 801258198  
3 
1  93 213205061  
2  96 
3 
3 
1  97 105306952  
2  63 
3 
3 
2  6 
2  26 
3 
3 
1  12 1477409170  
2  9 
1  40 203755706  
1  24 381070168  
2  11 
3 
1  10 1541578269  
2  7 
3 
1  73 1592837726  
3 
2  91 
2  87 
2  8 
1  7 1969180245  
2  101 
1  6 65533256  
2  87 
1  61 834554644  
3 
2  22 
2  8 
3 
1  80 1436633844  
1  67 2002995968  
3 
2  6 
1  64 1314994795  
1  86 1801175121  
2  1 
3 
2  31 
3 
2  34 
1  64 1537824601  
2  6 
3 
2  6 
3 
2  76 
1  37 1808423236  
2  3 
1  0 528914647  
3 
1  100 270087355  
1  3 1316710832  
3 
2  13 
1  97 1128257582  
3 
1  29 1593467191  
2  8 
1  72 485181867  
2  3 
2  4 
1  15 133887680  
3 
1  67 591290787  
1  13 1231208865  
2  51 
1  26 1309584733  
1  2 927290340  
1  3 1253893684  
1  2 1919232564  
1  8 574397203  
2  62 
1  8 2055151883  
2  76 
2  2 
2  1 
1  8 2132437625  
1  40 679704155  
1  93 1385077405  
3 
3 
3 
1  53 188709684  
2  33 
3 
3 
1  28 1060774324  
1  7 779172026  
2  88 
1  72 1781547410  
1  0 882470921  
3 
1  10 844705282  
1  5 468618406  
2  3 
2  11 
3 
2  83 
1  5 171621117  
2  53 
3 
2  0 
1  1 700217603  
1  4 1783613201  
1  82 1972796238  
3 
1  50 90558556  
2  8 
2  11 
1  58 1444552789  
3 
2  1 
2  66 
2  72 
1  1 354227238  
2  2 
3 
3 
1  44 360645911  
1  1 613779973  
2  2 
2  0 
2  96 
1  30 1482484820  
2  60 
3 
2  3 
3 
2  1 
2  9 
2  0 
3 
3 
3 
2  23 
1  6 1954113103  
1  39 1098961841  
1  6 1616372500  
1  1 397920242  
1  44 182687058  
2  97 
2  64 
2  47 
1  9 778473585  
2  17 
1  8 1325210582  
2  54 
2  13 
1  1 1436580743  
2  86 
2  75 
2  10 
1  0 550222501  
1  5 1899607786  
2  103 
1  76 1344248978  
3 
2  10 
3 
3 
1  12 535176478  
3 
1  49 431828293  
1  20 581842735  
1  69 723886162  
3 
2  67 
2  28 
3 
1  48 1492602617  
2  13 
3 
1  21 1361014761  
2  100 
3 
3 
3 
1  91 357949924  
3 
1  53 227589890  
2  101 
1  80 58236396  
2  58 
2  11 
2  3 
2  39 
1  50 826568330  
3 
2  79 
2  1 
3 
1  7 399211008  
3 
2  24 
2  5 
3 
1  1 758453999  
3 
3 
2  23 
1  1 462697884  
1  77 224523598  
2  87 
2  84 
3 
2  5 
2  24 
3 
2  59 
3 
1  21 849012555  
2  77 
2  11 
2  0 
3 
3 
1  75 1907250673  
1  80 578750836  
2  72 
2  11 
1  8 1209658467  
1  7 373546999  
3 
1  6 2061235656  
1  38 1016287922  
2  103 
3 
3 
1  59 1472508840  
1  55 1530124508  
3 
2  64 
1  8 1414208164  
2  105 
3 
1  63 1655195898  
3 
2  9 
2  0 
1  39 161114445  
3 
1  97 591935098  
3 
3 
3 
3 
2  10 
1  10 944292993  
3 
2  5 
2  9 
2  1 
3 
3 
3 
1  2 711336946  
3 
3 
3 
1  3 344059236  
1  87 141058323  
2  65 
1  6 1246513425  
2  2 
2  105 
1  1 775887530  
1  43 722901058  
2  9 
1  44 1970399587  
1  29 121006499  
3 
3 
2  103 
1  75 2083915820  
1  9 180865864  
3 
3 
1  111 348596390  
2  18 
1  2 2142152216  
1  29 1007434194  
3 
1  17 747807398  
1  91 753122567  
1  104 1470132078  
3 
3 
2  9 
2  7 
2  80 
1  7 972330996  
3 
1  3 1602135122  
1  113 1229899104  
2  7 
3 
2  102 
2  4 
1  39 1551081833  
1  10 664309941  
3 
2  34 
1  6 1603446103  
3 
1  26 1464833841  
2  0 
2  19 
3 
2  75 
2  4 
2  22 
3 
3 
3 
2  10 
2  15 
3 
1  23 1680597863  
2  4 
1  16 928471295  
2  3 
2  0 
1  67 847474702  
2  82 
3 
1  1 947322379  
3 
2  48 
1  6 436183545  
2  102 
2  2 
2  62 
2  7 
3 
1  2 1008589147  
1  100 1539257478  
1  47 1380476539  
3 
2  1 
2  4 
2  86 
2  0 
2  1 
3 
2  3 
3 
2  2 
3 
3 
2  0 
1  49 1719926094  
3 
1  0 1883316714  
3 
1  4 1521534862  
2  51 
1  92 818955871  
3 
1  1 511720596  
3 
1  72 96952273  
1  0 641871810  
2  11 
1  1 632727096  
1  3 33384445  
3 
2  1 
2  87 
3 
2  3 
1  103 822737674  
1  64 981323486  
2  2 
2  0 
2  43 
3 
3 
1  1 28053013  
3 
1  2 1830171869  
1  34 1729130884  
1  2 781175580  
1  13 1152820299  
2  1 
2  1 
1  1 553978232  
2  2 
2  0 
1  35 235827054  
2  1 
1  18 235235755  
2  0 
3 
2  0 
1  71 2105060065  
3 
2  45 
2  0 
2  27 
1  0 900136996  
3 
2  84 
2  0 
3 
3 
3 
3 
2  0 
1  0 1838681858  
1  88 1422410259  
1  6 433251211  
3 
2  0 
2  28 
1  0 619669505  
3 
2  0 
2  0 
3 
2  50 
3 
3 
3 
3 
2  12 
3 
3 
1  58 122401313  
2  0 
3 
1  0 1380573591  
2  0 
1  0 1055853051  
2  0 
3 
2  0 
1  99 1130990460  
3 
1  91 772347421  
1  0 288845942  
2  55 
3 
3 
2  22 
1  89 703432906  
1  45 508180487  
2  14 
2  46 
2  0 
3 
3 
1  0 1810380804  
3 
3 
2  4 
1  0 1522388777  
3 
2  1 
1  16 1019901084  
1  0 1907333077  
3 
1  90 16776940  
3 
1  1 1652628180  
1  75 1940717522  
2  28 
2  2 
3 
3 
1  34 839514614  
3 
2  0 
2  0 
3 
3 
1  34 486468018  
1  1 1968770535  
2  0 
3 
3 
3 
3 
3 
3 
1  72 522202835  
3 
3 
1  0 68115254  
2  19 
1  0 602462467  
1  98 1675023135  
1  1 622093486  
3 
2  20 
2  0 
3 
1  58 838289522  
1  48 1910258890  
2  92 
2  0 
3 
2  50 
2  0 
3 
1  0 579669904  
1  78 1738426518  
3 
3 
1  0 1601457101  
3 
2  72 
2  43 
2  0 
3 
1  22 2002080163  
2  94 
2  25 
3 
3 
3 
1  83 24194081  
2  0 
3 
1  0 73642958  
2  96 
1  0 2124481476  
3 
1  90 1404767672  
1  0 1129496009  
3 
3 
3 
2  1 
3 
1  1 1107988288  
1  2 29631445  
1  48 1418341951  
2  45 
1  66 1811421195  
2  68 
2  1 
1  2 537811933  
3 
2  11 
3 
1  99 1081239108  
2  50 
2  0 
3 
2  0 
2  0 
2  39 
1  56 1186326324  
2  10 
1  7 1557713017  
2  0 
2  22 
3 
2  2 
3 
1  86 841088537  
2  38 
1  0 1203103264  
3 
1  19 1062857549  
2  39 
1  89 634322412  
1  57 2042617879  
3 
1  70 1549325567  
2  0 
2  31 
1  30 455609299  
2  0 
2  0 
1  33 417337066  
3 
3 
2  2 
1  48 1617440821  
3 
1  0 1058071767  
1  93 2092360201  
1  85 92050659  
1  0 1896361289  
2  0 
3 
3 
1  0 1855135444  
3 
3 
1  1 671720563  
2  52 
2  97 
3 
2  2 
3 
2  79 
3 
1  25 1487304159  
3 
3 
1  0 1309108897  
2  0 
3 
3 
1  1 526317078  
1  2 1511498240  
2  1 
3 
2  35 
1  27 1382751855  
1  2 503314906  
3 
2  80 
2  57 
3 
1  90 768782265  
2  51 
2  78 
1  3 364764217  
2  12 
2  14 
1  31 1611303195  
1  0 798413710  
2  68 
2  26 
2  50 
3 
1  86 1783106168  
3 
3 
1  21 1275240742  
3 
1  99 1336225643  
1  3 716861628  
3 
2  49 
1  0 314083418  
3 
3 
1  4 746455012  
3 
2  49 
3 
2  49 
3 
3 
1  3 1557950166  
3 
2  19 
3 
3 
1  24 1517186683  
1  23 1809312561  
1  8 44788930  
3 
1  8 1412320914  
3 
1  2 1211154480  
3 
1  10 500398229  
1  8 1829657980  
1  9 681111653  
1  87 1558469996  
2  53 
2  82 
3 
2  9 
1  12 1774534534  
3 
1  79 773162313  
2  37 
1  10 1307347637  
2  60 
1  43 1482186330  
3 
3 
1  3 1444882876  
2  11 
1  96 647168148  
3 
2  116 
2  3 
1  2 643811579  
1  104 1971199955  
2  89 
1  69 11182741  
1  6 2026563434  
3 
1  7 327031213  
3 
3 
2  4 
1  67 779965006  
1  9 243844003  
2  42 
1  17 1938334408  
1  10 1578378716  
3 
3 
2  2 
3 
2  2 
1  102 2026950172  
1  15 1066091502  
1  6 767120712  
1  23 596328152  
1  24 1380174921  
3 
3 
3 
3 
3 
2  10 
3 
1  51 1513575724  
2  12 
2  13 
3 
1  4 6794670  
3 
2  77 
1  10 749877956  
3 
2  17 
3 
2  46 
3 
3 
3 
3 
2  38 
1  88 1175404638  
2  52 
3 
1  17 51583600  
2  89 
2  6 
1  105 14715222  
1  13 239075470  
3 
1  91 551981830  
3 
1  71 1844373202  
1  34 920187124  
1  22 2110451826  
1  29 1471424088  
2  107 
2  17 
1  19 1693349437  
1  73 1270315816  
1  119 806126770  
1  12 990748665  
3 
1  93 1917483964  
3 
1  56 1449938349  
1  15 814464972  
2  14 
1  15 1928666705  
3 
2  4 
1  52 1329018136  
3 
1  3 1141496186  
3 
2  52 
2  122 
2  101 
2  5 
2  86 
1  68 561148063  
2  39 
2  26 
1  29 1572862139  
3 
1  12 932346946  
3 
3 
2  2 
2  90 
3 
3 
3 
1  11 2139526780  
1  0 1452328663  
3 
3 
2  25 
2  20 
3 
2  88 
3 
2  61 
1  4 1998438449  
3 
2  12 
2  14 
1  19 759163844  
3 
1  7 2048656816  
1  12 1231129722  
3 
3 
2  20 
3 
2  4 
1  68 125255920  
3 
3 
2  0 
1  18 2055451486  
2  19 
3 
1  1 1981007678  
2  110 
2  92 
2  16 
1  10 1300660558  
1  73 2107035087  
2  7 
1  4 1995722900  
3 
3 
1  86 1539736029  
1  67 511533269  
3 
2  108 
1  15 1692612454  
1  6 312439505  
1  39 474501447  
1  55 1016552895  
3 
3 
1  30 2005788942  
3 
2  59 
3 
1  25 1744817263  
1  5 1822679665  
1  56 849053959  
2  98 
3 
3 
3 
1  30 1514817580  
2  68 
2  111 
2  23 
2  87 
3 
1  89 1125134367  
1  5 1663518932  
1  101 1296000637  
1  90 306668855  
2  116 
1  8 657531470  
3 
2  25 
3 
2  112 
3 
2  18 
2  49 
2  10 
1  24 1857148701  
3 
1  114 1879530994  
3 
1  56 1589878416  
2  11 
2  8 
1  7 1849191833  
1  17 1184376010  
2  2 
3 
1  4 1440833217  
3 
1  8 460872029  
2  27 
3 
1  67 1085549178  
1  14 524479291  
2  12 
2  39 
1  22 586127949  
2  70 
3 
2  54 
1  61 993517016  
1  24 358003321  
2  0 
2  17 
1  21 1886788508  
3 
1  121 953068455  
2  10 
1  21 206242573  
2  20 
2  122 
3 
1  6 1279040889  
2  94 
3 
3 
3 
1  19 1464601724  
2  114 
1  110 1898855028  
3 
2  21 
3 
1  1 1591480394  
3 
3 
2  77 
2  21 
1  74 1939103172  
3 
3 
3 
3 
1  41 767924275  
3 
1  20 1449785688  
3 
1  10 1536436787  
3 
2  2 
2  77 
1  100 443120292  
1  59 151355999  
1  25 903770719  
3 
2  37 
2  31 
3 
2  26 
3 
2  34 
3 
2  22 
2  61 
2  18 
2  18 
3 
3 
2  44 
3 
2  68 
2  54 
1  122 1568254659  
2  89 
2  87 
3 
1  48 1814874931  
2  16 
1  96 52287709  
1  6 1874923514  
1  8 324922753  
3 
2  0 
1  32 1909436410  
3 
3 
2  48 
3 
2  85 
2  32 
1  59 1606970861  
3 
2  41 
2  119 
2  72 
1  39 1914801170  
1  14 1611144595  
3 
1  35 643863223  
3 
1  60 1208150739  
2  18 
1  17 2072016624  
2  23 
1  40 1729412401  
2  114 
3 
1  19 1732630031  
3 
1  34 510660925  
1  27 575445769  
3 
2  9 
2  13 
3 
2  19 
3 
2  14 
2  101 
1  12 2090633352  
3 
3 
1  14 249965785  
2  21 
2  96 
1  93 1528514225  
2  9 
2  111 
1  7 149392278  
2  30 
3 
3 
3 
3 
2  1 
2  17 
3 
2  12 
3 
3 
2  16 
1  28 1529006674  
3 
3 
3 
2  43 
1  71 845632301  
3 
1  9 2048247306  
1  10 973003420  
1  36 637251825  
1  106 668687933  
3 
3 
2  104 
1  17 275305460  
2  110 
1  114 26204965  
2  3 
2  68 
2  15 
2  13 
3 
3 
1  6 1111808225  
3 
3 
1  5 426661460  
1  0 929975684  
2  49 
1  41 532579237  
1  113 94052743  
1  10 982263393  
3 
3 
3 
2  9 
1  67 260019103  
3 
2  10 
2  35 
2  30 
2  11 
1  13 418975497  
1  1 744216155  
3 
3 
2  2 
3 
2  82 
3 
3 
2  16 
1  75 1866989964  
2  56 
3 
1  2 186293019  
2  48 
1  65 207877102  
3 
2  93 
3 
1  118 363369539  
1  13 1394443758  
1  31 132410078  
2  108 
2  115 
2  51 
1  14 2092781940  
1  5 979590141  
1  14 643071004  
1  18 520744062  
3 
1  119 922739846  
2  61 
3 
2  65 
3 
3 
2  18 
3 
2  22 
1  29 893036789  
2  72 
3 
2  10 
2  67 
1  18 2049258287  
2  21 
1  19 1072132124  
1  103 274559816  
2  18 
3 
3 
3 
2  59 
2  48 
2  55 
1  11 747406940  
1  96 972895782  
2  5 
2  11 
2  14 
1  15 1247563236  
1  22 1384658766  
2  64 
3 
3 
2  58 
1  2 1641583715  
1  12 1522868697  
1  17 1410863731  
1  85 605908292  
1  49 1949530157  
3 
2  14 
1  3 193355767  
2  26 
2  19 
3 
3 
3 
3 
3 
1  4 1138487529  
3 
3 
3 
1  1 2043582900  
2  62 
3 
3 
1  78 1175619161  
2  5 
2  54 
1  10 1398506633  
2  12 
3 
1  7 315074749  
2  117 
3 
3 
3 
2  118 
1  19 1919835316  
2  18 
2  1 
3 
3 
3 
3 
3 
2  72 
1  38 1118012949  
1  74 501367768  
1  50 2127712419  
1  13 1481382489  
3 
2  121 
2  63 
1  46 1895811527  
2  75 
2  19 
2  101 
3 
2  84 
3 
1  9 112638849  
3 
2  40 
2  9 
3 
2  117 
3 
3 
2  10 
1  47 1426680781  
1  0 727918020  
2  15 
3 
3 
3 
3 
1  16 755709853  
3 
3 
3 
3 
2  18 
3 
3 
1  119 1947424843  
3 
3 
3 
3 
2  76 
3 
3 
1  91 1650657866  
2  50 
2  70 
1  119 1648746643  
1  77 1849199482  
3 
3 
2  21 
1  32 575306342  
1  18 1923306459  
2  11 
2  72 
3 
2  109 
3 
2  6 
3 
1  106 449122775  
2  2 
1  76 1548202124  
1  9 1023386047  
3 
1  44 1833781541  
3 
2  17 
3 
3 
3 
3 
3 
3 
1  66 1042302191  
1  101 398771096  
1  7 1097161624  
1  43 1648210484  
2  8 
1  25 200817605  
1  54 1290517391  
2  63 
1  18 639214365  
3 
2  4 
2  105 
3 
1  107 96916858  
3 
2  6 
1  9 318652904  
3 
3 
2  0 
3 
2  15 
2  16 
1  3 2037720998  
2  5 
2  93 
1  54 411991607  
1  3 91004573  
1  88 1008250300  
1  69 913359376  
2  34 
3 
3 
1  12 71233344  
3 
2  14 
2  8 
1  100 342149141  
2  29 
2  107 
2  12 
1  8 661687255  
1  59 183872193  
1  13 1768829922  
3 
3 
3 
3 
1  7 1389605275  
3 
1  8 939582047  
2  9 
2  5 
1  2 1568771118  
1  10 892779494  
1  97 440845042  
1  86 1270486952  
2  16 
3 
2  111 
1  96 1468085836  
2  12 
1  16 216667853  
1  35 1719609727  
1  87 868804313  
2  100 
2  7 
1  78 1240053900  
2  2 
1  10 1405907620  
1  2 1911106504  
1  46 1638824997  
1  26 355585596  
2  15 
3 
2  4 
1  77 1411833340  
2  10 
3 
1  7 1839642602  
1  9 1646102988  
2  15 
1  12 2051047706  
3 
2  0 
1  2 1936559460  
1  15 1964755892  
3 
1  102 1941285056  
1  29 201067420  
1  9 2055760465  
2  68 
3 
1  119 802051708  
1  24 1114426796  
1  44 2126993809  
1  6 1144200849  
1  86 1776114051  
2  75 
3 
2  80 
3 
3 
1  38 163382355  
1  39 765547124  
3 
2  7 
1  18 1018235678  
1  1 1102964402  
1  16 186834594  
1  19 1911015172  
1  45 1543809444  
3 
2  21 
2  5 
2  6 
3 
2  31 
1  9 1457321546  
3 
3 
3 
1  107 1231617361  
1  112 1760477297  
1  2 1029447626  
1  8 2100421674  
3 
3 
1  70 853047549  
1  10 287871598  
2  27 
1  73 1864044530  
3 
2  8 
2  108 
2  29 
1  114 344388898  
1  92 643457195  
1  2 1128394223  
1  88 36547853  
3 
3 
3 
1  115 142076535  
3 
3 
3 
1  104 1031958281  
3 
1  3 1973107313  
3 
3 
3 
2  69 
1  124 2106832427  
3 
3 
2  6 
3 
3 
3 
1  21 825759689  
3 
2  76 
1  4 26691085  
3 
2  0 
3 
1  72 2015109245  
2  68 
1  41 1627811398  
2  11 
1  69 1141117881  
3 
1  32 1994619406  
1  35 624528599  
1  67 769748284  
2  11 
1  40 10518113  
2  90 
1  0 1390075723  
1  13 1787983963  
2  9 
1  16 1113482515  
3 
2  64 
1  35 1576910317  
2  71 
1  9 1551515487  
3 
1  72 509808311  
2  109 
2  44 
3 
3 
2  21 
2  4 
1  7 886748216  
1  3 635649200  
2  125 
3 
2  11 
1  7 122801960  
3 
1  12 1916195842  
1  88 588587226  
1  73 975849510  
2  16 
2  21 
1  0 56583792  
2  115 
1  25 305148109  
1  56 1320238408  
2  14 
2  11 
3 
3 
2  1 
3 
2  33 
1  99 700040987  
3 
3 
3 
1  24 1433542332  
2  121 
3 
2  20 
2  4 
1  9 1356786261  
1  124 842117522  
1  86 318016965  
2  47 
1  17 1182409927  
1  7 801466302  
1  8 1143776654  
2  21 
1  124 1209101012  
1  13 669091899  
3 
2  96 
2  1 
1  23 624104404  
3 
3 
2  63 
2  1 
1  93 202735246  
3 
3 
2  121 
1  43 516227657  
2  11 
1  8 1248633004  
2  48 
3 
3 
2  14 
1  10 972483530  
3 
1  62 526745771  
2  43 
3 
2  24 
3 
3 
3 
1  112 491225079  
2  5 
2  75 
1  17 612983845  
1  2 1640228286  
3 
2  102 
2  11 
1  5 2068135397  
3 
1  59 17015685  
1  24 2552950  
1  125 807399965  
2  7 
2  44 
1  16 652664885  
2  92 
3 
1  21 125354910  
1  123 576112159  
3 
1  0 1241252112  
1  60 1101204420  
1  111 632695951  
2  15 
2  125 
3 
1  63 1546400221  
2  14 
3 
3 
2  127 
1  105 273959181  
2  24 
1  124 1332736939  
3 
2  13 
3 
3 
2  6 
1  73 832458905  
2  44 
1  31 1630745442  
3 
2  109 
2  17 
1  31 27370813  
2  90 
3 
3 
2  30 
3 
2  0 
1  87 1150475870  
3 
2  41 
1  10 665671721  
3 
2  75 
2  63 
1  52 828837115  
2  56 
1  5 146768876  
2  108 
1  4 1874772734  
1  75 1497929014  
3 
1  76 770873281  
2  1 
3 
2  21 
1  121 2077507980  
1  21 2014156672  
3 
2  18 
1  0 2019506285  
3 
1  3 902507862  
3 
2  110 
1  69 393418795  
2  104 
1  22 363247716  
1  74 1515491708  
3 
3 
2  41 
3 
3 
1  14 2033647081  
1  48 283899465  
1  52 1532507393  
1  122 2036200031  
2  118 
3 
3 
3 
1  17 1091299430  
3 
1  32 37688630  
3 
3 
2  119 
1  124 14071294  
1  10 1667411589  
3 
3 
1  1 1278940742  
3 
2  17 
2  8 
3 
3 
2  0 
3 
3 
2  7 
3 
1  28 1115275714  
3 
1  14 152623893  
1  4 677857315  
1  12 1389234895  
2  67 
2  128 
2  5 
2  6 
3 
2  26 
3 
3 
1  56 1485360832  
1  86 1510316220  
1  118 872496690  
2  13 
2  44 
2  79 
3 
2  69 
1  24 1512731645  
3 
3 
1  16 513308442  
2  23 
2  126 
2  119 
1  40 1538168411  
1  114 194085113  
1  40 660077319  
3 
2  83 
2  37 
2  3 
1  42 1265457497  
2  72 
3 
3 
1  93 1692014127  
3 
1  63 1430950600  
3 
1  5 1195481829  
2  102 
1  14 1558687151  
1  9 1302973237  
2  39 
1  11 2097989692  
3 
1  16 1952105946  
3 
2  1 
1  13 1666220953  
2  86 
1  14 1465997752  
1  119 1838269380  
2  7 
1  2 1950120419  
1  22 851021497  
2  58 
2  54 
2  66 
3 
3 
3 
2  82 
1  56 1726985763  
3 
3 
3 
1  17 893936201  
3 
2  128 
1  127 888710127  
1  3 1741057057  
3 
1  18 413864143  
3 
2  68 
1  57 20167222  
1  6 708849124  
2  85 
2  24 
1  86 566488036  
3 
3 
3 
2  81 
3 
1  9 698024537  
2  16 
1  110 2098084019  
2  19 
1  99 2051848868  
2  14 
2  31 
1  2 60857110  
2  88 
3 
3 
2  67 
3 
2  12 
3 
1  30 823097061  
1  15 1417096865  
1  29 574165552  
2  33 
2  71 
3 
2  30 
3 
3 
3 
3 
2  100 
1  89 213781825  
3 
3 
2  66 
1  74 1611181978  
3 
2  105 
3 
2  28 
1  28 1234242871  
3 
1  61 1479239322  
3 
1  69 1155712458  
2  35 
1  69 517709823  
1  32 527237504  
2  2 
3 
2  11 
1  93 566915961  
2  82 
2  69 
2  50 
3 
1  128 1820683060  
3 
2  68 
1  116 477743548  
1  109 371538260  
2  43 
2  111 
3 
3 
2  95 
2  101 
2  23 
2  116 
3 
3 
1  66 1339420366  
3 
2  2 
2  18 
2  117 
1  10 1943741300  
1  108 62323992  
3 
2  20 
1  29 1142057137  
3 
2  85 
2  17 
2  3 
1  8 647279149  
1  3 1789309755  
2  98 
1  44 2035993338  
3 
3 
2  17 
3 
2  2 
3 
2  6 
1  19 1535989276  
1  27 1382883165  
2  118 
2  128 
1  126 302373833  
2  89 
2  7 
3 
1  13 1556156498  
3 
3 
1  20 2091732289  
2  122 
1  27 868861869  
3 
3 
1  40 106697388  
3 
2  71 
3 
3 
1  76 2042332660  
2  61 
3 
2  0 
1  4 773227089  
2  7 
3 
2  22 
3 
1  15 167554498  
1  49 717946074  
1  102 42840307  
3 
3 
1  31 741720050  
3 
1  119 931727899  
3 
1  32 1654022285  
3 
3 
2  89 
3 
1  11 1975962922  
1  98 263483573  
2  21 
2  4 
3 
2  11 
1  74 662251095  
2  39 
1  46 346189097  
3 
1  57 790721077  
2  5 
1  26 1229167057  
1  85 19388510  
3 
3 
2  57 
2  16 
1  27 1268464625  
1  45 1600705317  
1  38 1358808876  
2  94 
3 
1  19 1064722277  
1  60 1663029309  
1  79 353382365  
2  52 
1  129 1712001426  
3 
3 
1  37 1304855416  
3 
2  75 
2  74 
3 
1  28 241892055  
1  12 1100507055  
3 
1  122 540254933  
3 
1  55 544265889  
1  61 509179905  
3 
2  1 
2  32 
3 
2  0 
1  35 484503574  
1  59 1413127758  
2  56 
1  28 615877293  
2  89 
3 
2  29 
1  60 379352587  
1  20 38871200  
3 
3 
1  128 783431791  
2  92 
3 
3 
2  32 
1  66 1097298661  
2  89 
3 
1  5 81711507  
3 
1  53 1525151842  
3 
3 
2  45 
2  119 
2  0 
2  43 
3 
1  3 2029026560  
3 
2  7 
1  10 1735733792  
1  28 1353631116  
2  12 
3 
1  11 145026485  
3 
3 
2  24 
3 
2  14 
2  27 
3 
2  63 
3 
2  47 
2  14 
2  117 
2  0 
3 
3 
1  19 250501240  
1  11 1699820213  
2  71 
2  61 
3 
2  78 
1  53 935747563  
3 
2  129 
2  102 
3 
3 
1  0 1479668297  
3 
2  44 
3 
3 
2  19 
2  16 
2  22 
3 
3 
1  58 1719208723  
2  85 
3 
3 
1  13 56728540  
3 
3 
2  15 
3 
2  54 
2  66 
2  38 
3 
1  44 932889966  
3 
2  25 
1  48 930533951  
2  0 
1  37 1121450818  
1  93 448435627  
3 
2  15 
2  23 
2  16 
2  17 
3 
1  68 1283916316  
3 
2  36 
2  97 
3 
1  1 685968596  
3 
2  81 
2  25 
3 
1  15 1753291043  
2  93 
2  13 
2  114 
3 
1  51 1525808372  
3 
3 
3 
1  50 1786475651  
3 
1  5 146062329  
3 
3 
2  5 
2  3 
1  87 2070074261  
2  90 
3 
3 
3 
1  113 148171909  
2  16 
1  85 630565903  
2  61 
3 
3 
3 
2  33 
2  71 
3 
1  76 1335718371  
2  33 
3 
1  18 764049202  
2  89 
3 
1  20 1009918490  
3 
1  18 1374589571  
2  53 
3 
2  14 
1  0 1547480994  
2  8 
2  8 
3 
3 
1  17 2107217151  
3 
3 
2  18 
2  109 
3 
2  13 
2  92 
2  20 
1  5 1456301078  
3 
1  70 925149188  
2  35 
2  18 
3 
3 
1  4 1988760063  
1  43 1044551223  
3 
1  46 131296656  
1  71 2133786549  
2  35 
2  89 
1  8 1295052463  
1  16 1831116869  
1  48 922050464  
3 
2  51 
1  116 627237112  
1  73 1402841945  
2  116 
3 
1  0 978779004  
3 
2  9 
1  16 1560127078  
2  99 
2  13 
2  96 
3 
2  71 
1  15 185892248  
3 
2  2 
1  118 2100229822  
3 
2  11 
1  45 2008562705  
2  112 
2  110 
2  120 
1  6 1469808565  
3 
3 
3 
1  40 638714771  
3 
3 
3 
2  17 
1  21 1614370100  
3 
3 
3 
1  0 848133289  
1  96 277706774  
1  10 1760432429  
2  56 
2  13 
2  83 
3 
1  15 770723902  
1  106 425878683  
3 
2  9 
3 
2  67 
2  20 
3 
2  4 
1  46 243514685  
3 
1  34 2106442273  
1  81 1189927886  
2  38 
1  96 1253433175  
3 
1  2 1333548197  
3 
3 
3 
2  11 
1  20 589925232  
2  19 
1  63 1213166679  
1  20 642365627  
3 
1  0 1515074420  
2  15 
2  9 
3 
2  10 
1  43 1054443094  
2  10 
2  102 
1  53 1686916850  
2  14 
3 
1  22 1646371076  
1  18 1040745995  
1  108 834485665  
2  4 
3 
2  63 
3 
2  77 
2  0 
1  105 1330004297  
3 
1  88 1962796459  
3 
1  75 1461722777  
2  40 
2  90 
3 
3 
1  90 585362594  
3 
2  59 
3 
2  109 
1  69 794091816  
2  110 
1  92 874366207  
3 
2  13 
3 
2  106 
1  5 771254843  
3 
1  83 746837990  
2  8 
2  25 
3 
3 
1  5 735445264  
2  26 
3 
3 
3 
3 
2  2 
2  98 
1  79 93579760  
3 
1  79 1385552761  
3 
3 
2  96 
1  14 202331717  
2  10 
1  9 941713049  
1  2 1663259536  
2  11 
1  34 1962764146  
2  0 
3 
1  1 1712436951  
1  65 2089138219  
3 
3 
1  7 58795183  
2  47 
2  18 
1  1 1671395576  
2  1 
2  13 
3 
2  26 
1  26 1131582457  
1  23 1312228359  
1  103 857460125  
1  114 1721507689  
2  96 
2  28 
1  1 377911390  
2  10 
2  44 
3 
2  8 
1  13 1499825753  
2  78 
2  14 
1  95 1089098461  
1  34 1432354484  
3 
2  42 
3 
1  69 1039258955  
1  3 587985889  
3 
3 
2  60 
1  14 325616832  
1  11 1873744621  
2  58 
2  50 
2  56 
2  80 
1  55 1917990187  
3 
2  0 
2  42 
2  103 
2  18 
2  74 
2  10 
2  108 
2  11 
2  91 
1  36 140929643  
1  100 1187983750  
2  17 
1  7 355869133  
2  57 
2  1 
2  8 
2  28 
3 
1  114 935021459  
3 
3 
1  2 2062349958  
2  13 
1  3 1127123976  
3 
1  86 1681859450  
3 
2  12 
3 
3 
3 
1  19 650311574  
3 
3 
3 
1  43 1220703736  
2  10 
1  95 919928563  
3 
1  41 852643291  
1  6 14933137  
3 
3 
3 
1  39 435704451  
1  14 667923790  
3 
3 
3 
3 
1  17 1727370088  
2  75 
3 
2  1 
2  5 
2  4 
2  3 
3 
2  9 
1  3 377359023  
2  11 
3 
3 
3 
2  3 
1  76 726718973  
2  31 
2  1 
3 
3 
2  47 
2  1 
2  2 
1  5 1251282017  
3 
2  100 
3 
3 
3 
3 
3 
1  1 1508941480  
1  25 2038947332  
1  3 2108742142  
3 
3 
2  62 
1  6 1082965522  
1  22 269375074  
2  0 
2  104 
3 
3 
1  72 1461084247  
2  5 
1  6 24580335  
2  10 
2  9 
1  85 1701729559  
1  6 352859555  
2  72 
2  4 
3 
2  66 
1  7 612566225  
1  7 2027346391  
2  4 
3 
2  31 
2  9 
2  88 
2  5 
2  12 
2  8 
2  1 
3 
1  78 79120528  
2  3 
3 
2  5 
3 
1  9 383072764  
3 
2  1 
3 
1  8 20792386  
1  0 1267104278  
2  27 
2  6 
2  4 
1  1 738941897  
1  99 955813846  
2  4 
2  1 
2  91 
2  2 
3 
3 
1  30 1181970588  
2  97 
2  82 
1  77 1866065874  
1  0 490189648  
1  2 1832282163  
1  2 939285962  
1  63 1410118211  
1  0 537441806  
1  73 954219100  
3 
3 
2  5 
3 
3 
2  52 
3 
3 
2  100 
1  1 1845822663  
3 
3 
2  48 
3 
2  0 
2  10 
3 
3 
2  21 
1  9 1205365596  
3 
2  66 
2  58 
3 
2  4 
3 
1  1 534105540  
1  13 75698038  
2  95 
3 
2  0 
3 
2  3 
1  1 1932084570  
1  62 1785387557  
2  72 
1  3 1584639518  
2  16 
1  73 1823548254  
3 
1  1 1746646052  
2  28 
1  26 520121392  
3 
2  29 
3 
1  83 2092923329  
2  1 
2  0 
1  44 1060246651  
3 
1  2 544701728  
3 
1  66 1647169240  
2  3 
2  1 
2  0 
3 
3 
1  39 1413106206  
2  1 
2  0 
2  84 
2  57 
1  19 1157267953  
1  63 1527031983  
2  59 
1  0 1492226734  
2  0 
3 
1  0 1540340717  
3 
1  0 1547824369  
1  83 611847365  
3 
1  1 131798966  
1  1 356154567  
2  82 
3 
3 
3 
2  1 
3 
1  1 1793817953  
2  0 
1  0 1997864840  
1  1 846344215  
3 
3 
1  49 1478616468  
2  68 
1  55 789667155  
1  2 108978779  
1  41 2016058275  
1  3 1743886255  
2  7 
1  4 1954801442  
2  3 
3 
3 
2  102 
1  24 1073940223  
2  1 
2  0 
2  60 
2  1 
2  86 
1  103 130508147  
1  15 2030499480  
3 
1  15 858541145  
1  80 1915895705  
1  2 1467655350  
3 
3 
2  0 
3 
3 
2  81 
3 
2  81 
2  0 
3 
1  0 534605752  
2  0 
2  2 
1  0 1515058109  
1  92 1987776743  
1  1 480045433  
3 
2  1 
1  2 427821112  
2  80 
3 
3 
2  18 
3 
3 
3 
3 
3 
2  38 
2  79 
3 
2  75 
3 
2  3 
1  0 384994823  
2  1 
2  49 
3 
3 
2  2 
1  0 2127214673  
1  0 1840927319  
1  60 1542262776  
3 
2  2 
3 
2  57 
2  18 
2  48 
2  48 
2  61 
3 
1  27 1506763008  
1  101 1185670405  
3 
3 
1  2 935119845  
1  0 907103729  
3 
2  2 
2  36 
3 
2  27 
2  1 
3 
3 
3 
2  89 
1  50 1797517770  
3 
2  34 
2  99 
2  101 
2  0 
2  1 
2  63 
1  68 1066918811  
1  0 1263258297  
2  67 
2  0 
3 
3 
1  83 1443852076  
1  0 917300004  
3 
3 
3 
3 
1  48 2109602512  
3 
2  54 
1  58 774984896  
2  1 
3 
2  0 
1  22 1706967159  
2  0 
2  29 
3 
3 
3 
2  0 
2  0 
1  37 71097643  
1  18 643559523  
2  0 
1  33 1303369766  
2  78 
2  92 
1  0 2025899085  
2  0 
2  0 
3 
1  0 1717499747  
1  40 1433877913  
1  0 1908914917  
1  0 428557244  
2  1 
2  40 
2  1 
1  0 1202289970  
3 
3 
3 
3 
3 
3 
2  70 
3 
3 
1  0 1229086620  
2  70 
1  17 963162996  
3 
1  1 569864431  
3 
1  0 1069379715  
2  4 
1  46 1443208429  
1  1 997685544  
1  1 1454374538  
3 
1  93 1422939454  
1  14 691129215  
2  33 
3 
3 
3 
2  2 
3 
1  4 849153666  
2  7 
1  78 782218814  
2  5 
1  3 1876799620  
2  89 
2  86 
3 
3 
2  5 
2  7 
1  1 1784273511  
2  72 
2  68 
2  4 
2  0 
3 
2  3 
3 
1  2 1689322544  
3 
2  2 
1  52 1526833743  
3 
2  1 
2  1 
1  0 703708674  
3 
1  0 805097193  
3 
3 
2  37 
2  1 
1  7 823202171  
1  47 1621008678  
1  1 767216057  
1  92 1598187067  
1  87 1180492189  
2  68 
2  0 
2  60 
1  86 838313701  
1  46 94262943  
1  17 336378307  
2  77 
3 
1  100 716729138  
1  1 1811762690  
1  14 1770256221  
2  2 
3 
3 
3 
1  0 478160408  
2  2 
3 
1  1 92836286  
1  1 825062543  
2  0 
1  100 1707247028  
3 
1  0 1055999283  
3 
3 
1  75 1394926975  
1  29 629143095  
1  54 351724064  
2  35 
2  3 
2  2 
1  1 245128871  
3 
3 
1  2 2083517633  
2  68 
2  3 
1  21 1774663519  
3 
3 
3 
2  20 
2  84 
1  0 936258086  
1  3 785187651  
1  27 409398685  
3 
1  21 665574058  
3 
3 
2  88 
2  2 
2  1 
3 
2  1 
1  47 421977514  
2  22 
1  0 2098721229  
3 
1  14 44924153  
2  1 
1  0 1125686188  
3 
2  2 
1  7 756334774  
1  1 868126324  
1  2 599211219  
2  90 
3 
1  49 1523550832  
2  77 
1  1 318829744  
2  2 
2  61 
1  2 1779703408  
1  4 214380885  
1  1 413092687  
3 
1  6 2116081716  
1  2 931110023  
1  62 77371729  
3 
2  51 
1  6 1738854289  
1  7 1409270431  
1  3 170208015  
3 
3 
1  2 416433184  
2  38 
3 
2  38 
1  67 969033811  
1  10 1226207298  
3 
3 
1  7 1811360159  
3 
3 
1  48 1598176906  
1  3 1577931363  
2  16 
1  50 2056489030  
1  84 1534210891  
2  2 
2  4 
2  14 
2  36 
1  91 1205111234  
1  92 845263468  
3 
3 
3 
2  103 
2  4 
3 
2  11 
3 
1  8 171914894  
3 
1  3 1614509919  
3 
2  104 
3 
3 
1  5 1510837527  
1  55 593892408  
3 
3 
3 
3 
3 
3 
2  14 
2  10 
3 
3 
1  100 1565747501  
2  6 
1  0 1555761680  
3 
1  36 1719578597  
3 
2  97 
1  29 174598627  
3 
2  22 
1  55 276404357  
2  3 
2  7 
2  7 
1  108 171306168  
3 
2  9 
1  59 1698149459  
3 
3 
3 
1  7 595234101  
2  52 
1  43 1951009576  
3 
2  96 
1  56 1912530344  
1  62 1008326788  
2  36 
1  84 1919607644  
2  5 
3 
2  2 
1  69 696156720  
3 
1  1 1085698517  
3 
1  6 1510978285  
3 
3 
1  4 2105427151  
3 
3 
3 
3 
2  6 
3 
3 
3 
1  50 1255906532  
3 
3 
1  7 1927411470  
2  6 
3 
2  12 
2  1 
1  58 926977315  
3 
1  71 334630183  
3 
1  88 1591287981  
1  106 377670573  
3 
2  34 
3 
2  53 
1  7 1912561546  
2  6 
2  48 
3 
3 
3 
3 
2  9 
1  82 1500293364  
3 
3 
3 
3 
2  37 
3 
3 
1  38 1911881465  
3 
2  0 
2  44 
3 
3 
3 
3 
1  7 970189132  
1  90 198073184  
2  23 
2  20 
3 
3 
1  2 2083796359  
1  27 437215403  
1  77 1708910711  
3 
2  5 
2  2 
3 
1  9 530205120  
3 
1  65 2002962904  
2  77 
3 
2  34 
2  1 
1  3 1117188744  
3 
3 
1  2 102300069  
1  2 30077884  
1  5 1393593101  
3 
1  107 273606237  
2  2 
2  9 
2  103 
1  27 1728227343  
3 
1  82 1988827202  
3 
1  88 77132165  
2  14 
2  56 
2  27 
2  80 
2  103 
1  7 1493274040  
1  7 849670342  
3 
2  1 
2  71 
2  5 
1  74 1996739810  
2  8 
2  14 
3 
2  35 
2  29 
1  6 41947112  
1  0 1935368859  
3 
1  9 1360234447  
3 
1  9 2147374263  
3 
3 
2  7 
3 
1  6 1043791743  
1  101 1140162269  
3 
3 
1  32 926867930  
3 
1  9 1378421926  
1  9 583966603  
3 
3 
1  10 1304538504  
2  111 
3 
2  84 
2  63 
3 
2  0 
2  82 
2  11 
3 
1  2 1143499824  
1  5 2084259967  
3 
3 
3 
1  28 1068936321  
3 
1  1 2113688956  
1  106 134849503  
2  76 
2  46 
2  3 
1  5 1005249032  
2  45 
2  111 
2  31 
2  5 
1  2 403420712  
2  37 
1  17 1843760215  
2  57 
1  12 1535454152  
2  117 
2  73 
3 
3 
2  88 
3 
1  36 258899968  
2  15 
1  11 813465311  
1  70 1637754221  
2  90 
3 
2  5 
2  91 
3 
3 
1  6 288977852  
1  4 59574764  
3 
2  8 
1  14 1911360458  
1  11 2017205196  
3 
1  18 2048401966  
2  67 
2  55 
2  63 
3 
1  29 1988492624  
1  80 1362995588  
1  59 750588660  
3 
1  32 1837748786  
1  6 1404942700  
3 
1  120 538473871  
2  111 
3 
2  2 
2  10 
3 
3 
1  98 1050499585  
3 
1  18 1404833315  
3 
3 
2  12 
1  106 1582265614  
3 
3 
3 
2  8 
3 
3 
1  5 43178207  
1  2 184217598  
3 
3 
3 
3 
2  119 
3 
1  36 813203893  
1  50 627144810  
1  43 1488756102  
1  111 1956703717  
1  20 563921129  
3 
3 
2  0 
3 
1  66 410208775  
1  24 1922909026  
3 
3 
1  102 698770632  
2  1 
2  86 
3 
2  50 
2  112 
1  5 1415457807  
1  11 178846090  
1  17 395047199  
1  11 803428312  
1  13 437746058  
3 
2  69 
3 
1  1 1208512510  
2  3 
1  68 293698885  
3 
3 
1  2 726723911  
3 
2  9 
1  74 1268087274  
2  20 
3 
3 
3 
1  69 57575696  
2  21 
3 
3 
1  37 596445459  
3 
1  0 1169005592  
3 
3 
2  11 
2  71 
3 
1  72 2046068320  
3 
3 
2  47 
1  109 1959441047  
3 
1  100 1919594252  
1  12 1736333458  
1  13 1216900099  
3 
3 
2  9 
1  1 310584475  
3 
1  6 639349395  
2  62 
3 
3 
2  63 
2  19 
3 
2  27 
1  3 474249766  
1  30 1892850090  
2  109 
2  16 
3 
1  13 682527602  
1  124 658467364  
2  2 
1  23 558570335  
1  14 1309672412  
1  23 2147223466  
1  71 367790404  
1  10 1873593541  
2  94 
3 
1  23 409948593  
1  17 143215782  
3 
1  25 424880526  
1  10 1825406401  
2  80 
3 
3 
3 
3 
3 
2  4 
3 
3 
1  70 322061872  
1  23 819927725  
1  7 481351065  
2  18 
1  6 759807931  
1  26 2028440236  
1  27 775049950  
2  12 
3 
2  30 
3 
3 
2  23 
1  31 1486531842  
1  20 1149043862  
2  125 
3 
1  23 832625646  
1  86 2082977301  
2  125 
3 
2  4 
2  20 
2  100 
1  92 170565807  
1  13 731210318  
3 
1  36 1894934700  
1  31 2090160059  
1  110 320060128  
1  13 964351151  
3 
2  8 
1  107 253260887  
3 
2  69 
2  121 
1  14 959409524  
3 
1  31 1438600917  
1  105 2146110977  
1  106 1641937126  
3 
1  21 2097068282  
1  3 557197664  
3 
2  53 
1  9 804125891  
3 
2  136 
2  12 
3 
3 
2  0 
3 
1  1 2096808100  
3 
2  132 
2  49 
2  60 
2  74 
2  53 
3 
2  14 
1  37 924988068  
1  7 530235784  
2  9 
2  114 
1  20 359273046  
3 
2  73 
1  20 1068203851  
2  24 
2  30 
2  135 
3 
1  60 955116310  
1  117 37195799  
3 
1  55 1390265723  
3 
2  18 
2  12 
1  10 1775044036  
3 
3 
3 
1  30 518546864  
2  17 
2  102 
1  43 2590006  
2  18 
2  33 
1  45 1656000624  
3 
1  54 1293596814  
3 
2  85 
1  8 1489121848  
2  116 
1  34 657560838  
1  16 2126222461  
1  48 1424615501  
2  0 
1  71 828126645  
3 
2  50 
2  22 
1  70 709949131  
3 
2  86 
2  114 
2  29 
3 
1  12 1172066553  
2  12 
2  41 
1  89 770803057  
1  27 1030009260  
1  50 2136417704  
2  9 
1  9 1024063944  
3 
2  24 
1  77 1989418784  
1  9 1427534974  
2  108 
1  33 1022691273  
3 
3 
2  113 
2  21 
3 
1  71 1483872262  
3 
2  35 
1  16 1377119608  
2  22 
3 
3 
1  8 1579888937  
2  15 
1  15 140514505  
2  93 
3 
1  19 1326444060  
1  3 357393357  
3 
2  123 
1  39 670750290  
1  17 1685717106  
2  57 
1  139 1425597208  
1  37 1625866600  
2  8 
1  136 1722912905  
2  12 
2  15 
1  13 668379284  
1  52 1253426988  
2  5 
2  79 
2  47 
1  26 93976121  
1  75 670969290  
1  27 761943964  
3 
2  61 
2  58 
1  137 1387572936  
3 
1  6 12607491  
3 
3 
1  19 1419504803  
2  107 
3 
2  69 
1  16 1366311749  
2  39 
2  5 
2  26 
1  37 1437222992  
2  17 
2  3 
3 
3 
1  32 100147800  
1  23 2076260880  
1  4 461805898  
1  64 870950857  
2  78 
2  67 
1  17 958786492  
2  32 
3 
1  138 450739954  
1  22 1895014801  
2  3 
2  91 
3 
1  17 800721628  
1  79 1878274928  
1  11 770222426  
1  27 137110243  
1  61 1107910888  
1  36 202627715  
3 
3 
3 
3 
1  30 277624748  
1  29 286871301  
3 
3 
1  109 560021073  
1  148 948375038  
2  57 
2  32 
3 
1  16 1972588407  
2  50 
3 
2  118 
1  96 1985618281  
2  33 
1  85 426757991  
1  33 1548017665  
3 
3 
2  102 
1  30 506513917  
1  48 1680184979  
3 
3 
1  7 1641993786  
3 
1  130 1177483208  
3 
2  17 
3 
1  46 294645296  
1  47 882083074  
2  50 
3 
3 
1  59 1190090699  
1  104 1714150099  
3 
2  4 
3 
2  136 
2  123 
2  78 
2  106 
1  53 100911175  
1  75 479830043  
3 
2  125 
1  10 1814297899  
2  36 
1  17 29688408  
3 
3 
1  104 941635941  
