2  47 
2  59 
3 
1  0 454817902  
3 
1  43 1516613091  
3 
2  90 
3 
3 
1  0 1742767691  
1  52 1103857773  
2  38 
2  85 
3 
1  77 26753801  
1  63 205191712  
2  0 
2  51 
1  0 723339357  
2  0 
3 
3 
2  3 
3 
1  51 1500355147  
1  64 1426444887  
3 
2  0 
2  0 
3 
3 
2  0 
1  0 359274351  
3 
2  0 
2  37 
1  0 1899286459  
2  17 
2  64 
3 
3 
3 
2  13 
3 
3 
2  0 
2  52 
3 
3 
3 
1  80 101084865  
2  0 
1  28 1735915684  
3 
3 
3 
1  0 60108270  
2  0 
3 
1  0 1853081276  
2  35 
3 
1  0 2067883254  
2  1 
1  0 1199657843  
2  19 
2  87 
2  40 
2  0 
3 
2  11 
2  23 
2  0 
3 
3 
1  82 1873398054  
2  41 
2  29 
1  33 865236824  
2  59 
2  0 
3 
3 
2  35 
3 
3 
2  90 
1  0 724663334  
2  0 
2  29 
2  17 
2  0 
3 
2  0 
1  0 1703492471  
3 
1  0 467263271  
1  0 1296392167  
2  25 
2  4 
2  2 
1  1 242483467  
3 
1  2 1311546661  
3 
2  14 
2  67 
3 
2  3 
1  85 1827784283  
1  103 2066368644  
1  74 614820938  
3 
1  62 2035741574  
2  36 
3 
3 
3 
2  1 
2  83 
1  71 1957414366  
1  18 1681755421  
1  0 343075828  
1  28 1326543809  
2  0 
2  0 
1  101 1277039464  
2  0 
1  0 1446933601  
1  6 1353297610  
1  0 1482231176  
3 
3 
3 
1  1 22789311  
3 
1  4 706169110  
3 
1  0 761192415  
3 
1  96 382063662  
2  2 
1  4 457971921  
1  2 862277281  
3 
1  0 2117979346  
1  77 518080191  
1  10 567874909  
1  1 2038378952  
2  3 
2  2 
2  1 
3 
3 
1  13 1717738035  
1  2 293789315  
1  25 756132128  
3 
3 
1  90 294917721  
1  1 1997281787  
3 
3 
3 
3 
2  18 
1  69 1223395399  
3 
2  2 
3 
3 
2  4 
3 
2  29 
2  53 
3 
2  0 
1  1 1591309888  
3 
2  45 
1  31 92281606  
1  92 387458412  
2  2 
3 
3 
1  59 1271610523  
1  2 11166602  
1  90 1002279350  
3 
2  3 
3 
3 
2  28 
2  0 
3 
3 
3 
1  42 1159868449  
2  51 
1  1 1968580969  
2  78 
3 
3 
1  2 536551123  
3 
1  2 1502944278  
1  101 1147641130  
1  2 1813590588  
3 
3 
1  4 802394231  
1  5 353455093  
2  3 
3 
2  106 
2  85 
1  98 1148338116  
3 
2  107 
3 
1  5 825183542  
3 
2  20 
1  5 1059624203  
3 
3 
3 
1  80 1909530532  
2  2 
1  88 1207247204  
1  7 1517596124  
3 
2  7 
2  2 
2  42 
1  1 624324165  
2  57 
2  45 
2  7 
1  3 1177742902  
3 
2  96 
2  99 
3 
2  79 
3 
1  6 2035676315  
3 
2  39 
2  78 
3 
1  0 1192199074  
3 
2  6 
3 
2  0 
1  44 1068638206  
3 
1  45 1605930702  
2  0 
1  5 1485988389  
3 
1  1 1824770334  
1  2 1900848423  
1  98 1335786528  
2  79 
3 
2  6 
2  8 
1  101 900682085  
3 
2  100 
1  1 1344674664  
2  16 
2  15 
1  48 1428068135  
3 
3 
1  1 1288140497  
3 
2  3 
2  48 
2  5 
1  76 468801539  
3 
2  7 
3 
1  0 1439234737  
1  5 142936200  
3 
3 
1  108 1628669989  
3 
2  0 
3 
2  48 
3 
1  4 1260332058  
2  60 
3 
2  79 
3 
2  80 
3 
3 
1  22 679487323  
1  18 984130619  
2  98 
2  85 
2  0 
3 
1  7 260489541  
3 
2  13 
3 
1  6 345594263  
3 
2  34 
1  65 1786524850  
2  9 
1  8 613944634  
1  8 1493932380  
1  91 464224745  
1  6 1673568837  
1  2 1255979264  
2  58 
2  94 
2  36 
2  69 
3 
1  12 1671471949  
2  65 
1  72 1043681313  
3 
3 
1  69 1880303429  
2  52 
2  49 
3 
2  17 
3 
3 
3 
3 
2  54 
1  11 701731204  
1  95 931873980  
3 
2  10 
1  98 925018855  
2  4 
2  8 
2  5 
3 
1  0 1770369410  
1  20 390321035  
1  67 263523596  
3 
3 
3 
1  49 1447656097  
3 
2  9 
1  4 143685810  
2  79 
1  6 1599310125  
3 
3 
1  1 200854534  
1  104 1488360474  
1  2 879894612  
1  63 1488995032  
2  23 
1  77 1957162014  
3 
1  4 171645701  
2  2 
1  52 1631931232  
2  4 
2  106 
1  6 1438348355  
2  4 
3 
3 
2  89 
2  91 
2  4 
2  51 
3 
2  93 
1  0 1431977760  
3 
2  4 
3 
3 
2  19 
2  20 
2  2 
3 
3 
2  8 
2  3 
2  6 
3 
1  7 163934907  
1  70 274995326  
1  78 1692467301  
2  0 
2  3 
3 
2  42 
2  20 
3 
1  52 509529171  
2  105 
3 
2  7 
1  0 2061520176  
1  2 158928287  
2  20 
3 
3 
1  8 2003461551  
2  2 
3 
1  91 378261273  
3 
1  76 1832497124  
1  2 1111957167  
2  87 
3 
1  5 2049733223  
1  59 728694789  
1  21 844776948  
2  61 
3 
1  47 603980779  
3 
1  7 1660568769  
2  23 
2  65 
3 
3 
1  2 1769795803  
1  54 226866541  
1  1 2050889804  
1  52 2033319399  
2  67 
3 
1  7 1674522638  
1  9 47091967  
3 
3 
1  7 1485145876  
2  113 
3 
3 
3 
3 
3 
1  3 1875377173  
2  40 
2  46 
2  49 
3 
3 
3 
1  2 1535452441  
2  99 
1  37 217556840  
1  91 1216888557  
1  15 1345130807  
1  13 389202542  
2  12 
2  7 
2  14 
2  6 
2  9 
2  112 
3 
3 
3 
1  55 701336141  
3 
1  40 635995514  
2  3 
1  0 1821180302  
3 
1  113 865271048  
1  42 910990840  
2  8 
3 
1  0 1366163955  
3 
3 
1  12 1374800219  
1  28 825027369  
3 
1  14 1525092242  
1  13 1230778122  
3 
1  18 1203288642  
1  83 1210105718  
3 
3 
2  2 
2  5 
1  80 195251641  
2  5 
2  3 
3 
3 
2  11 
2  14 
3 
2  5 
3 
3 
2  12 
1  10 1105538217  
3 
1  11 1938800507  
1  82 1040028589  
3 
1  37 1709518996  
2  88 
3 
3 
1  53 1451885628  
1  92 662340744  
2  29 
3 
3 
1  10 1936385538  
2  45 
2  11 
2  98 
1  4 1355291785  
3 
3 
1  26 548176496  
2  7 
1  13 1463424528  
1  73 1402383752  
2  61 
3 
1  4 2033322372  
2  16 
1  73 1191318053  
1  10 790352545  
1  12 103395565  
2  9 
2  10 
3 
2  82 
1  111 260722962  
2  46 
1  0 2135483353  
1  80 492598107  
1  47 962059103  
3 
1  108 623995219  
3 
2  109 
2  94 
1  108 166294761  
1  10 1827330152  
3 
1  7 1534986060  
2  105 
3 
1  61 1532458716  
3 
1  9 1054646723  
3 
1  11 212529781  
1  10 910067310  
2  59 
1  13 137941198  
2  111 
3 
3 
2  1 
2  16 
1  0 1415818423  
2  10 
1  17 2120173028  
1  93 333192839  
3 
3 
3 
2  11 
2  5 
2  43 
2  23 
1  0 373872993  
2  1 
3 
2  13 
2  105 
3 
3 
3 
1  83 1911489887  
3 
2  7 
1  4 1373221429  
1  101 2083391989  
3 
3 
1  118 1215891867  
2  10 
3 
1  11 2035562173  
3 
3 
2  48 
3 
1  14 1872293879  
3 
2  62 
1  118 423700004  
3 
1  64 436255021  
2  15 
3 
1  42 1188234760  
2  99 
1  50 1826083756  
1  101 322093746  
3 
1  3 232069165  
3 
3 
2  32 
3 
2  58 
1  87 468952654  
2  81 
2  20 
3 
3 
2  43 
1  17 425489311  
1  3 492792128  
2  14 
2  3 
1  101 456952359  
2  8 
2  19 
2  11 
2  21 
3 
3 
1  74 918087418  
3 
3 
2  4 
1  7 1454851231  
1  88 1080947578  
3 
2  23 
1  105 1084382179  
3 
2  99 
2  6 
1  12 1134697735  
2  103 
3 
1  1 468449990  
3 
1  115 469357247  
2  84 
3 
3 
2  3 
2  6 
2  86 
1  2 41860811  
3 
2  78 
3 
2  6 
3 
3 
2  4 
2  38 
3 
1  1 680979771  
3 
2  29 
2  2 
3 
1  89 1379424557  
3 
2  11 
3 
2  38 
2  47 
1  74 179802009  
2  13 
1  6 2096798195  
2  13 
2  7 
3 
1  12 1352113937  
2  69 
3 
1  47 512994848  
1  45 323187540  
2  32 
2  8 
3 
2  7 
3 
2  1 
3 
3 
3 
2  34 
2  59 
1  53 1116120176  
3 
1  9 1886216277  
2  0 
2  31 
1  10 259095881  
3 
1  5 184528395  
3 
2  106 
3 
3 
2  9 
1  9 1774294803  
1  12 2131389761  
3 
1  82 608228400  
2  80 
3 
3 
1  87 63066176  
3 
3 
1  99 1172140873  
3 
3 
1  100 286828508  
3 
2  6 
3 
3 
2  76 
2  8 
3 
1  0 385159922  
1  73 1404210038  
2  84 
2  73 
1  9 755781162  
1  23 810649233  
1  4 1897002166  
3 
3 
2  55 
2  43 
3 
3 
3 
2  89 
2  24 
1  12 1212733521  
3 
3 
3 
1  4 1728736651  
2  49 
3 
1  102 1204369750  
1  19 146197452  
1  11 665635182  
2  16 
2  101 
1  60 191583837  
2  14 
1  50 614647442  
2  75 
2  15 
2  1 
2  12 
3 
3 
1  23 1134992429  
1  5 233444648  
3 
1  11 1295627214  
3 
2  40 
2  23 
3 
3 
3 
1  7 366933338  
3 
1  4 413246657  
1  14 1244941761  
2  47 
1  40 1719047275  
1  9 926241506  
3 
1  60 1568129301  
1  41 687683803  
1  93 664974135  
2  70 
1  17 1827225182  
1  76 872212199  
1  56 291785290  
3 
3 
3 
3 
2  97 
3 
3 
1  6 1811131295  
3 
3 
1  70 1480440599  
3 
3 
2  42 
1  8 354851467  
1  110 835788520  
3 
2  104 
1  29 1767269107  
1  74 740011389  
1  96 92514911  
2  97 
3 
1  7 375566622  
1  6 1550660623  
1  117 1989517077  
2  93 
2  121 
2  116 
3 
1  106 1588300143  
3 
1  16 1131913626  
2  0 
1  112 1046403179  
3 
1  46 1734497595  
2  82 
1  39 1797548809  
3 
2  111 
3 
3 
1  5 1237987017  
1  77 201661390  
2  8 
1  51 785057590  
1  20 1471431665  
2  3 
3 
3 
1  103 1497288604  
2  6 
2  84 
2  21 
3 
2  13 
2  79 
1  57 1151990929  
2  23 
1  109 1884678323  
1  98 594746717  
3 
3 
3 
2  97 
3 
3 
1  3 723554556  
1  45 663436181  
2  46 
3 
2  13 
2  30 
1  48 15392370  
3 
2  8 
3 
1  60 1411238360  
3 
2  0 
2  43 
1  64 1328410316  
3 
3 
1  15 1842617552  
3 
2  58 
1  66 135966911  
3 
2  14 
2  109 
2  91 
1  115 1620195607  
3 
1  43 1506265200  
1  47 1616407510  
1  14 1975047074  
1  36 194570072  
1  87 1236192969  
2  108 
1  95 567574815  
1  15 287084983  
2  17 
2  0 
1  5 1611759591  
3 
1  90 2118235438  
2  9 
3 
2  94 
2  53 
3 
3 
2  17 
2  3 
3 
1  9 129118413  
2  37 
1  14 1052576087  
3 
2  17 
2  16 
3 
3 
1  2 1102665417  
3 
2  118 
3 
3 
1  2 1175521592  
1  49 639590034  
1  9 752730578  
1  24 266024961  
3 
2  5 
2  89 
1  1 841251424  
1  19 1537788168  
3 
2  2 
2  7 
1  5 1737456627  
2  1 
1  13 191056380  
1  8 542295449  
2  83 
1  89 1474651302  
3 
1  63 785803097  
1  59 1265850006  
2  9 
1  50 2138087483  
2  114 
3 
2  52 
3 
2  15 
3 
3 
1  69 801195467  
3 
1  46 529604718  
2  55 
2  20 
3 
2  88 
3 
2  73 
1  3 1319014151  
3 
1  16 496329372  
1  48 665571629  
2  111 
2  10 
2  2 
1  17 791726110  
2  16 
3 
1  10 2002594572  
2  12 
2  97 
2  116 
3 
3 
3 
3 
3 
3 
1  46 134495491  
2  77 
2  5 
3 
3 
1  6 619289536  
2  14 
3 
1  62 49680996  
3 
2  12 
2  9 
3 
2  90 
2  7 
3 
2  107 
3 
3 
3 
1  100 1370688460  
2  10 
2  13 
1  85 1186864352  
3 
1  7 336765980  
2  88 
1  9 834964404  
2  7 
3 
2  13 
2  13 
1  49 1157616142  
3 
2  11 
2  10 
3 
2  24 
1  0 465884393  
3 
3 
2  7 
2  66 
2  9 
1  22 1887540491  
2  8 
2  7 
1  2 112797911  
1  29 1641405985  
3 
2  79 
2  50 
2  7 
3 
2  22 
3 
3 
2  6 
3 
2  103 
3 
2  75 
1  9 379646877  
3 
1  6 865528489  
1  21 1907430947  
2  11 
3 
2  6 
3 
3 
3 
3 
3 
2  36 
2  27 
2  6 
3 
1  0 1220898302  
2  4 
1  54 255833010  
1  0 1497403926  
3 
1  86 1411954682  
1  5 798128459  
1  7 824571580  
2  0 
1  2 50274132  
1  51 2063978465  
3 
2  98 
3 
2  4 
3 
3 
2  61 
2  2 
1  4 815175415  
1  4 851469599  
1  2 446099535  
2  0 
3 
2  8 
1  0 2134189566  
1  4 1347798971  
2  10 
3 
2  3 
2  70 
1  43 1111671164  
3 
1  28 778432029  
1  32 1202909895  
3 
3 
1  6 1246166655  
3 
1  51 1397721565  
1  101 1252590892  
1  4 469371468  
2  4 
2  5 
2  107 
1  8 437102269  
3 
2  95 
3 
1  3 1589356872  
3 
3 
1  4 1304335872  
1  5 1594718412  
3 
1  2 2055241265  
2  22 
3 
1  46 1044392715  
3 
2  98 
3 
3 
3 
1  71 1707516323  
2  78 
3 
1  35 1549163602  
3 
2  44 
1  97 1424039592  
1  4 425561165  
2  11 
3 
1  29 1309110901  
3 
2  65 
1  8 497454246  
1  38 681394175  
3 
3 
2  62 
2  12 
2  88 
3 
2  6 
3 
3 
3 
1  106 659031179  
3 
3 
2  36 
1  18 1909408929  
1  9 1479522634  
3 
3 
2  3 
1  75 1483602759  
1  101 1959683061  
1  9 1396017452  
2  58 
2  8 
2  9 
3 
2  96 
2  11 
3 
2  87 
3 
1  4 151294526  
2  24 
1  3 663669012  
1  10 1842116987  
3 
2  20 
2  7 
2  78 
2  53 
3 
1  78 138000445  
1  7 2011467984  
3 
2  4 
1  66 806304504  
2  10 
3 
3 
2  4 
1  64 916432474  
2  1 
1  16 1066894231  
1  5 2052471159  
3 
2  13 
3 
2  5 
3 
3 
1  9 166670391  
3 
1  50 172001475  
2  6 
3 
2  28 
3 
3 
2  73 
2  3 
2  39 
3 
3 
1  4 374358979  
1  70 603772661  
2  1 
3 
3 
1  0 1761358347  
3 
3 
3 
1  20 1678694851  
1  7 51007425  
1  1 1669115964  
2  2 
1  5 575603918  
1  10 1758523748  
3 
3 
3 
3 
3 
3 
2  8 
1  42 1070795919  
2  6 
1  105 1999643511  
1  10 36601265  
1  3 232423172  
1  60 349614109  
2  12 
3 
1  10 717995440  
2  105 
1  0 891454352  
1  8 111539390  
3 
2  5 
1  41 50034427  
1  32 227573463  
3 
3 
1  11 2071222451  
1  3 1446051879  
2  8 
2  101 
2  1 
3 
2  80 
1  1 378867990  
1  6 587407816  
2  27 
3 
3 
2  4 
3 
2  98 
3 
2  44 
1  110 1140685218  
1  13 516868435  
2  8 
2  80 
2  110 
3 
3 
1  42 451392152  
3 
1  19 1946989722  
3 
2  6 
2  3 
1  92 1433300909  
2  11 
2  61 
1  110 1518286383  
2  102 
1  4 1851977234  
1  7 1599971300  
1  3 1690287859  
3 
1  88 78852565  
2  38 
2  58 
3 
2  53 
2  7 
2  2 
3 
1  86 56260313  
1  42 1304162558  
2  3 
2  7 
3 
1  108 1757547417  
1  66 107267738  
3 
2  8 
1  8 825794875  
1  44 185667687  
2  82 
2  53 
1  90 1865791487  
2  13 
1  69 1896590794  
2  9 
1  6 37827550  
2  9 
3 
1  86 1902392752  
2  65 
1  61 2129013966  
1  0 387441660  
1  40 472904545  
3 
1  3 872984670  
3 
2  110 
1  0 498981050  
2  9 
2  45 
1  3 522938972  
3 
2  75 
2  55 
1  1 1100558134  
3 
2  0 
2  5 
2  1 
3 
1  75 422719854  
1  94 1968990851  
3 
2  10 
3 
1  6 1479426124  
2  68 
3 
3 
1  92 1010127670  
1  93 962192421  
1  4 1996294559  
1  4 1461519822  
1  9 761698496  
1  5 1282111820  
2  112 
3 
3 
2  13 
2  75 
2  8 
2  31 
3 
1  80 832322557  
1  88 466192082  
3 
1  8 734599472  
3 
1  6 375126768  
1  23 545044647  
2  107 
1  4 790859786  
3 
1  70 1679289327  
3 
1  96 155108416  
1  7 898127524  
2  7 
3 
3 
3 
1  70 357600554  
3 
3 
1  115 340776104  
1  0 616435363  
2  114 
3 
2  4 
1  15 106707700  
3 
3 
2  114 
3 
1  13 378603654  
3 
2  12 
1  95 371344468  
3 
3 
2  0 
1  62 88238018  
1  3 766045314  
3 
1  15 844249013  
3 
2  87 
2  17 
1  13 961222689  
1  34 1265026365  
2  117 
1  116 1367187985  
2  90 
3 
2  8 
2  63 
2  51 
3 
2  104 
2  88 
3 
2  9 
2  2 
1  45 2061780823  
2  2 
1  92 1687746219  
2  74 
1  11 1188695188  
3 
2  69 
3 
3 
3 
2  7 
1  37 1393723299  
2  32 
1  7 550390241  
2  13 
3 
1  112 3403961  
2  19 
1  26 1242534210  
2  88 
3 
1  5 2011910063  
1  0 765102457  
2  51 
2  15 
1  13 377162382  
1  9 696748972  
3 
2  96 
3 
3 
3 
2  116 
1  5 1231294539  
3 
2  0 
3 
1  5 1111761854  
3 
3 
3 
2  26 
1  75 1071875741  
1  116 1776339187  
1  46 1902621640  
1  92 603681420  
1  42 1931447603  
2  34 
2  13 
3 
1  15 653265517  
3 
2  115 
3 
2  83 
2  57 
2  1 
1  2 961281974  
1  6 124740059  
2  104 
2  27 
3 
1  97 1269700880  
3 
2  7 
2  114 
1  48 1067989674  
1  27 503343714  
3 
3 
2  106 
1  14 1641045348  
3 
1  90 1156227692  
2  95 
2  49 
1  24 1269389028  
2  83 
1  80 337810713  
2  4 
1  1 2117450381  
1  34 386931745  
1  15 1704998698  
1  11 2031747556  
3 
1  18 2074677964  
3 
3 
3 
2  60 
2  5 
3 
2  73 
3 
1  106 746210238  
3 
2  91 
2  59 
2  69 
1  121 1277987207  
2  16 
2  4 
3 
3 
3 
1  10 477584557  
1  58 749614200  
2  19 
1  14 373037769  
1  51 342010972  
1  39 1514716657  
3 
1  98 750200151  
3 
2  102 
1  16 1038759945  
3 
1  4 598527549  
2  6 
3 
2  10 
3 
1  31 1861962006  
1  102 2110635686  
2  15 
2  49 
3 
1  8 227383088  
3 
3 
3 
2  111 
3 
1  0 1617099998  
1  10 566833458  
3 
3 
1  7 11347043  
1  15 122881867  
1  2 1528115432  
1  7 136087103  
1  14 1392582748  
3 
1  4 448621458  
1  21 639430817  
3 
2  36 
1  21 886144448  
2  26 
1  23 1604849150  
2  40 
2  24 
3 
2  108 
2  25 
1  61 1908819845  
2  43 
1  77 1223955162  
2  27 
3 
1  96 1574815884  
2  65 
2  105 
3 
2  113 
2  12 
3 
1  5 148267943  
1  2 781470212  
2  97 
2  18 
3 
2  17 
2  72 
3 
1  23 1459079792  
2  6 
3 
2  114 
2  69 
3 
2  39 
2  88 
2  2 
1  19 75462259  
1  84 1527680451  
2  100 
1  49 589583352  
1  106 553046817  
3 
3 
2  28 
2  73 
1  0 129811003  
1  109 962621121  
3 
1  12 895057789  
3 
1  83 1644527660  
1  37 1712821273  
2  25 
3 
2  63 
2  72 
1  78 1933817734  
3 
2  21 
1  117 95571561  
3 
3 
2  20 
1  0 1427299631  
3 
1  0 1896969772  
1  13 322954649  
3 
2  31 
2  25 
3 
1  115 896915981  
3 
2  13 
3 
3 
1  82 316319582  
1  102 334301693  
1  0 1019797849  
1  15 1844435014  
3 
2  4 
2  2 
3 
1  0 470388796  
2  46 
3 
3 
2  8 
1  5 264896949  
1  23 145572824  
2  72 
3 
2  128 
2  12 
1  118 1109819613  
2  66 
3 
3 
3 
3 
2  52 
2  20 
2  13 
1  53 1151041397  
2  20 
2  65 
1  32 1750421975  
3 
3 
1  100 871155810  
3 
1  5 227512911  
1  45 1177754211  
2  15 
1  87 1019423753  
1  4 1008983124  
3 
1  109 489350355  
1  108 1094886013  
1  69 389179927  
3 
3 
2  119 
3 
1  104 1078933707  
3 
2  17 
2  10 
1  27 1647932830  
3 
1  1 518990930  
1  3 2041554829  
3 
2  92 
1  47 395506971  
1  37 16034942  
2  19 
3 
2  2 
1  12 1606892454  
2  106 
2  16 
1  0 181841058  
1  80 111606504  
3 
2  21 
2  3 
1  89 886708437  
3 
1  23 2078810830  
2  113 
3 
3 
3 
2  26 
2  9 
3 
2  13 
1  17 434561153  
1  15 1783624418  
2  0 
3 
1  0 247646765  
1  108 768862846  
1  3 655938619  
2  3 
1  5 2092081779  
1  3 1239251642  
2  17 
2  11 
3 
3 
3 
2  2 
2  14 
3 
1  10 920835568  
2  116 
3 
3 
1  6 90170956  
1  7 201587607  
1  18 2071876966  
3 
2  19 
3 
3 
3 
3 
3 
2  51 
2  19 
3 
2  63 
2  17 
1  32 1840592931  
2  94 
2  24 
2  13 
1  40 1072743418  
3 
3 
2  53 
1  73 151906229  
1  53 870863494  
2  15 
1  5 2092167171  
2  19 
2  19 
1  6 1160889353  
1  17 1360213849  
1  13 1039569536  
3 
2  1 
2  82 
3 
2  19 
3 
3 
2  13 
1  52 1550069280  
3 
3 
2  34 
2  14 
1  112 291663909  
2  63 
3 
3 
1  48 540018718  
1  46 2069060210  
3 
1  98 185735090  
1  3 935525690  
2  58 
2  0 
3 
1  61 2085095153  
3 
2  8 
2  92 
3 
2  4 
1  0 1792627544  
2  9 
3 
2  72 
3 
1  85 1117366748  
1  103 49218009  
1  2 531852333  
1  93 1048693930  
1  12 483779162  
1  14 167993103  
2  18 
3 
1  42 1296340695  
1  0 1252642009  
1  18 823931723  
3 
2  0 
2  44 
3 
1  115 1240938827  
3 
3 
3 
2  64 
1  17 344410003  
1  16 1744767291  
1  19 1331109783  
2  5 
1  15 545997611  
1  43 1669160609  
1  87 1024219066  
2  92 
1  0 1618741029  
3 
3 
1  11 1821066839  
2  9 
1  10 1895082560  
3 
2  13 
1  1 1563424552  
2  54 
3 
2  89 
3 
3 
1  18 834472544  
3 
1  65 1107812761  
2  111 
1  2 455510441  
3 
2  15 
1  8 237058177  
3 
2  82 
3 
1  63 1399476670  
3 
2  6 
1  11 995529159  
1  9 158634739  
2  87 
2  68 
3 
2  12 
3 
3 
1  74 1585211760  
2  34 
2  99 
3 
1  0 1931054849  
3 
3 
1  15 96246244  
3 
2  94 
1  125 1230355656  
1  68 900937949  
1  18 145464253  
3 
2  41 
1  19 1762207989  
3 
1  63 1949631880  
1  88 629243416  
3 
3 
1  129 1930201093  
1  23 1098488927  
3 
3 
1  31 1881885425  
1  129 606649168  
3 
1  23 191944106  
3 
3 
3 
1  125 78811780  
1  1 203932811  
3 
3 
3 
2  73 
1  43 1523053889  
1  15 624809391  
2  67 
3 
3 
2  82 
2  30 
1  25 1873093421  
3 
2  2 
1  36 399789307  
2  100 
2  107 
1  4 96066772  
1  17 1546676612  
3 
1  105 147388219  
1  19 1659491325  
2  126 
2  28 
1  95 233665508  
1  124 1255200981  
3 
2  11 
1  80 2115001766  
1  13 470723685  
2  127 
3 
3 
2  3 
2  40 
1  39 507194003  
1  43 963047277  
3 
1  66 629358425  
1  55 2092405764  
2  27 
2  102 
3 
1  67 746618479  
2  11 
2  11 
2  118 
3 
2  114 
3 
3 
3 
3 
3 
3 
1  96 725604669  
3 
3 
2  8 
1  16 1175277772  
3 
3 
3 
2  8 
1  32 1647556428  
3 
3 
3 
3 
1  60 871068923  
1  3 790002114  
1  130 1449704660  
1  14 1500312339  
1  110 572719559  
1  28 400709940  
1  34 1234714116  
2  100 
2  120 
3 
3 
3 
2  95 
2  122 
2  123 
1  76 1179368727  
3 
1  46 592654046  
1  9 1313525896  
1  29 1383301538  
2  10 
1  32 2115707936  
3 
3 
1  31 1938335288  
2  34 
3 
2  99 
2  12 
3 
2  10 
1  119 1108911311  
1  39 368013595  
1  28 2034402060  
3 
1  81 508104275  
1  130 515401815  
1  28 1546409737  
2  28 
3 
3 
1  30 741769784  
3 
1  19 1770602796  
3 
1  15 1513927855  
1  38 1212493469  
1  60 130313151  
2  22 
1  76 329491485  
1  60 1841851894  
2  32 
3 
1  2 75235267  
3 
3 
3 
1  29 1076109964  
2  43 
3 
1  135 419972916  
2  2 
2  55 
3 
2  52 
2  2 
2  3 
3 
3 
3 
1  17 1250513040  
2  1 
1  67 576182744  
3 
1  72 1291041839  
3 
1  63 2040515154  
1  26 2025887405  
1  115 643870530  
3 
3 
3 
2  76 
3 
2  34 
1  23 465751065  
1  33 279113697  
2  17 
2  7 
1  49 1878584646  
2  1 
1  61 1645119792  
1  122 871767743  
1  6 1044626894  
1  2 880937682  
1  49 839992031  
3 
3 
2  30 
2  30 
1  3 835478534  
1  81 1989848994  
1  20 1208005627  
3 
2  27 
2  23 
2  87 
2  59 
1  60 722396947  
2  13 
2  85 
2  12 
2  31 
2  128 
1  31 350469621  
2  55 
1  12 1723407442  
1  14 121323036  
2  86 
3 
1  21 1092239405  
1  11 1346526590  
1  4 1635250892  
3 
2  5 
3 
3 
2  119 
3 
1  15 157249227  
3 
2  35 
3 
2  15 
1  83 1476839741  
3 
1  94 1964742377  
1  24 1999101121  
2  29 
1  0 1552075009  
3 
2  71 
1  36 893368693  
3 
1  15 271590389  
2  84 
2  117 
2  61 
2  129 
2  27 
3 
2  10 
3 
3 
1  46 655104401  
3 
1  106 1469551437  
2  10 
2  102 
1  103 1562632228  
1  31 548135907  
2  20 
2  9 
1  66 1347955194  
2  15 
3 
1  98 59019110  
2  6 
1  126 1013886972  
1  9 1627068891  
2  106 
2  21 
3 
2  7 
1  25 1937603756  
2  79 
2  7 
1  76 511523116  
3 
2  66 
3 
3 
3 
3 
3 
3 
2  15 
2  25 
3 
3 
3 
3 
1  35 351352987  
1  48 834747003  
3 
2  13 
3 
2  2 
3 
2  115 
1  53 1392460798  
1  71 1191345018  
2  10 
2  24 
2  10 
1  7 1670225537  
3 
3 
1  105 1234826144  
3 
1  17 251866997  
1  13 245138836  
2  73 
2  129 
3 
3 
3 
1  7 1585295766  
3 
3 
3 
1  7 1975274439  
1  3 366461873  
1  31 530051523  
1  10 1174317381  
3 
1  86 2001712765  
1  76 687300750  
3 
1  114 503673475  
2  121 
3 
1  91 1818971494  
2  70 
3 
2  11 
1  69 538918224  
3 
1  31 2055748484  
1  16 564856539  
1  97 810508613  
3 
2  130 
3 
3 
1  18 563369237  
1  93 2034407976  
1  17 225657194  
1  135 1111505144  
2  5 
3 
3 
3 
1  16 1234879523  
3 
3 
1  119 284676304  
2  71 
1  42 2125392116  
3 
2  123 
2  19 
1  13 714464766  
2  7 
3 
1  28 74796413  
3 
1  33 489431584  
3 
3 
3 
2  26 
1  134 1065817753  
2  33 
1  18 909543416  
3 
2  22 
1  102 1881892382  
3 
3 
3 
3 
1  108 109679124  
3 
3 
3 
3 
1  46 432285305  
1  117 969234879  
3 
3 
2  12 
3 
1  23 361546121  
2  18 
2  65 
3 
3 
2  91 
3 
1  98 677424142  
2  21 
2  125 
2  129 
1  13 407046997  
1  46 189336913  
3 
2  118 
2  122 
3 
2  78 
1  9 1043886015  
1  66 937098520  
1  47 1363654294  
3 
3 
3 
2  56 
1  112 898115132  
1  55 1624399271  
1  101 1867327769  
1  13 569602978  
3 
2  34 
1  33 15833847  
2  97 
3 
3 
3 
2  42 
1  42 1775592605  
1  5 1134459517  
3 
2  30 
1  8 826342460  
1  41 191478194  
3 
3 
3 
1  118 1021383845  
3 
2  88 
1  11 1051999654  
1  27 1302983338  
3 
1  20 108779720  
3 
3 
3 
2  14 
1  99 1336675959  
2  58 
2  106 
1  27 1280891806  
2  13 
1  45 823244487  
3 
3 
2  3 
2  7 
3 
3 
3 
2  45 
1  29 1411472372  
2  1 
3 
2  98 
1  10 1770323390  
1  83 1889062240  
3 
1  101 173532140  
1  4 1504732125  
2  98 
3 
1  34 1998741364  
2  43 
1  127 605817445  
3 
2  23 
1  37 326483356  
2  31 
3 
3 
1  35 212803838  
3 
2  136 
3 
3 
2  22 
3 
1  60 1283241587  
3 
2  5 
2  63 
3 
3 
3 
3 
1  26 733530353  
2  13 
2  47 
2  33 
2  45 
3 
2  31 
3 
3 
2  31 
3 
2  61 
3 
1  60 402140751  
3 
2  88 
1  11 179643954  
1  107 1670628873  
3 
1  120 1765795045  
3 
2  36 
3 
3 
2  2 
3 
3 
1  33 1077759086  
1  22 1147544496  
3 
2  0 
1  30 1485639167  
2  29 
1  34 1647362064  
3 
2  23 
3 
3 
3 
1  10 1163378343  
3 
3 
2  75 
3 
1  10 1113748124  
2  61 
1  59 634337933  
1  26 1989720804  
1  17 1305226319  
1  106 1655721779  
2  92 
2  138 
3 
3 
3 
3 
1  26 894236810  
1  2 460726009  
1  67 1764501499  
3 
2  30 
2  10 
3 
2  23 
3 
1  133 83429121  
1  22 1741617816  
1  31 440262338  
1  0 1494901493  
3 
3 
2  107 
3 
2  138 
3 
2  33 
3 
1  100 1364457558  
2  79 
1  8 181840931  
2  25 
1  18 1668433633  
3 
2  113 
1  96 721706035  
3 
3 
3 
1  2 33098647  
3 
1  22 126767431  
2  50 
2  91 
1  9 1048189391  
2  28 
2  111 
3 
1  3 245902485  
1  33 1410009018  
2  22 
1  18 1781719744  
1  5 648043236  
3 
3 
1  78 1589652973  
1  137 1304864970  
3 
1  18 266354634  
2  117 
3 
1  111 519928411  
3 
3 
3 
2  41 
3 
3 
1  133 304925818  
2  35 
3 
2  117 
1  7 1751993801  
2  52 
2  26 
2  29 
3 
3 
1  77 19806828  
1  126 1468304162  
2  18 
2  112 
2  128 
2  104 
3 
2  138 
3 
3 
3 
2  11 
1  20 718258277  
3 
1  28 654144761  
1  82 1310541318  
3 
1  18 2023484596  
3 
3 
1  22 162382892  
1  139 57294480  
1  37 336726958  
1  9 1926884392  
3 
1  49 140723602  
2  57 
2  50 
1  26 2078344774  
1  4 219663082  
2  46 
2  44 
3 
3 
3 
2  42 
2  7 
3 
1  120 1635625095  
1  24 1295318684  
3 
2  0 
2  135 
2  110 
3 
3 
3 
2  35 
2  0 
3 
1  77 401504013  
2  142 
1  117 1156575081  
2  39 
2  118 
1  136 2017024720  
3 
2  14 
1  109 434602661  
2  54 
2  16 
1  104 1283342512  
1  113 917730463  
3 
1  60 680505146  
1  6 545867882  
1  23 551966560  
1  98 1328548383  
3 
1  26 2135520855  
2  24 
3 
1  37 1856831530  
3 
3 
1  24 1594903017  
3 
2  2 
1  39 507965619  
3 
2  125 
1  0 14273700  
2  131 
2  67 
1  51 1199413170  
2  54 
2  18 
1  3 527772447  
3 
1  128 1482577862  
3 
2  105 
1  3 1917671447  
3 
1  1 1181917208  
1  37 645635532  
2  50 
2  35 
3 
1  8 1793672396  
3 
3 
2  4 
3 
3 
2  27 
1  146 1344300101  
3 
1  5 702930013  
1  26 2130399354  
3 
1  73 1123700845  
3 
2  145 
1  113 843653615  
3 
3 
1  21 2061260480  
2  29 
2  5 
1  13 1343363927  
2  120 
1  118 331795062  
3 
1  143 1209095516  
1  10 1744867941  
2  92 
3 
2  116 
2  12 
1  33 1488370143  
1  4 1078636588  
1  59 31986954  
3 
1  103 624229007  
2  33 
1  17 1996367052  
1  12 712492100  
3 
2  39 
1  79 1170096890  
3 
2  2 
3 
3 
3 
2  108 
3 
2  50 
3 
2  71 
3 
2  43 
3 
1  92 400849964  
1  17 2041040483  
2  44 
2  83 
1  66 1158134097  
3 
1  80 110197846  
2  26 
3 
2  6 
3 
3 
3 
1  54 1488459852  
1  105 1666099716  
2  41 
2  76 
2  115 
3 
3 
1  26 124471546  
1  75 540389374  
1  8 46388515  
3 
2  8 
2  62 
1  67 1607049409  
2  39 
2  12 
1  128 310577174  
2  83 
2  104 
2  11 
2  106 
2  43 
3 
2  67 
1  71 1228305724  
1  109 105201293  
3 
1  9 2104249570  
2  80 
1  123 425122177  
1  39 808131306  
3 
2  44 
1  122 2087165276  
3 
1  3 1548823022  
2  31 
2  9 
3 
3 
3 
3 
1  115 1651784921  
2  42 
3 
1  34 2000942108  
2  102 
3 
3 
3 
3 
1  13 744703301  
2  0 
2  96 
1  132 1983579984  
2  134 
1  20 1062553976  
2  16 
2  12 
3 
2  35 
2  5 
3 
2  75 
2  28 
3 
2  8 
3 
3 
2  83 
1  32 342087594  
2  87 
1  112 1324466479  
3 
3 
2  19 
1  8 2141190565  
3 
2  1 
2  15 
3 
1  20 374074548  
1  108 1948695487  
3 
3 
1  15 1990073969  
2  64 
2  39 
2  19 
3 
1  38 1086566649  
2  18 
3 
3 
1  68 971308729  
3 
1  47 243440285  
3 
3 
3 
3 
2  18 
2  11 
2  25 
1  74 980123484  
3 
2  24 
1  15 2129442826  
2  12 
3 
2  12 
2  91 
3 
2  113 
1  131 353638131  
3 
2  63 
3 
1  13 321099689  
1  101 1648058895  
3 
2  52 
2  9 
3 
2  27 
3 
2  101 
3 
2  27 
3 
2  27 
3 
2  26 
3 
1  111 478109677  
2  110 
1  72 861489063  
3 
2  25 
3 
3 
1  54 1694447410  
2  4 
2  0 
2  13 
2  3 
1  94 2085159086  
3 
3 
3 
2  33 
2  8 
3 
3 
3 
3 
2  0 
2  15 
3 
2  46 
2  34 
2  11 
1  18 1172066237  
1  5 775269486  
3 
1  94 42876732  
3 
1  35 1128832159  
1  114 1200391663  
3 
2  111 
2  6 
3 
1  69 851008038  
1  18 1068513787  
1  67 601731037  
3 
3 
2  0 
1  84 355309312  
3 
3 
2  3 
2  46 
2  48 
3 
1  10 921972247  
2  5 
2  119 
2  75 
2  103 
1  44 1346434339  
1  57 191405648  
2  33 
1  13 1984526224  
1  104 1688521933  
2  8 
2  120 
1  18 1515872127  
1  34 1978233141  
3 
2  9 
1  12 2062596482  
3 
2  50 
1  9 1317083966  
2  100 
2  3 
2  20 
3 
2  74 
1  17 1820823462  
2  86 
1  15 1001679483  
1  64 140909047  
2  76 
1  60 2064263747  
2  0 
3 
2  4 
1  10 1981802967  
2  41 
3 
2  12 
1  8 122868226  
3 
3 
1  117 270418230  
1  4 155419008  
2  11 
1  0 1770927121  
2  1 
3 
1  46 748527907  
2  0 
2  5 
1  114 1016908072  
1  35 1317890883  
1  11 686203346  
3 
3 
1  103 41490661  
2  3 
1  4 2093160370  
3 
1  8 729080078  
3 
1  8 1170322821  
1  9 1146068385  
3 
1  20 1580088116  
2  26 
2  112 
3 
3 
2  0 
2  19 
1  16 91352960  
1  8 1747799423  
2  59 
3 
1  70 1935397428  
3 
1  25 1013325208  
1  1 946750114  
1  14 2126803076  
1  14 850367784  
3 
1  5 487788399  
1  116 1495191556  
2  4 
2  16 
2  58 
3 
3 
2  103 
3 
1  7 681117277  
1  109 402901233  
2  58 
3 
3 
2  14 
1  18 664791874  
2  57 
1  5 354457091  
1  3 1404580716  
3 
2  39 
1  19 805700922  
2  13 
3 
1  13 271237190  
3 
1  9 1238900036  
2  30 
3 
2  53 
3 
3 
1  3 928569148  
1  123 541655420  
3 
2  83 
1  77 1394319044  
1  67 552012621  
2  5 
1  77 1290183327  
3 
3 
3 
1  25 263743468  
1  80 1869903504  
2  27 
3 
2  79 
1  123 1976386673  
1  27 305234130  
2  30 
1  120 1815580226  
3 
3 
3 
2  4 
3 
1  0 557983103  
1  8 1475556951  
2  85 
1  110 814164964  
3 
3 
1  11 2138071220  
3 
2  97 
2  6 
1  30 1566909911  
2  72 
2  17 
3 
2  46 
3 
3 
2  8 
2  20 
2  22 
3 
2  102 
1  24 414480739  
3 
2  4 
2  19 
1  55 1925985000  
3 
1  28 432751471  
3 
2  127 
1  10 1361230853  
3 
3 
2  68 
2  24 
1  84 1905304429  
2  0 
1  73 1283119255  
2  105 
3 
3 
3 
2  94 
3 
1  18 1849019252  
1  98 1253012337  
1  17 1964236532  
3 
2  7 
3 
1  60 104436838  
2  20 
2  22 
1  7 1917804211  
3 
1  0 171209975  
3 
1  21 1509017554  
3 
1  72 576021485  
2  33 
1  74 442447165  
3 
2  93 
1  25 600433942  
2  17 
3 
2  21 
2  20 
3 
2  19 
3 
2  50 
3 
2  97 
3 
3 
2  76 
2  5 
2  20 
1  11 1504590633  
1  85 984102585  
3 
3 
3 
2  13 
3 
3 
2  108 
1  18 1994752987  
2  102 
2  112 
3 
3 
2  92 
1  6 2056603254  
2  15 
2  28 
3 
1  2 126802265  
2  17 
1  122 111012807  
2  9 
1  1 1779023111  
1  72 2103188938  
1  16 416246937  
2  54 
2  28 
1  93 1447119689  
3 
2  86 
2  18 
3 
2  88 
2  5 
1  44 513688394  
3 
3 
1  19 1891803888  
2  77 
2  27 
1  5 113801005  
3 
2  40 
2  7 
1  68 504275966  
1  56 1311230152  
1  23 528281744  
1  101 282777318  
1  44 1743981623  
3 
2  85 
2  64 
3 
3 
3 
2  70 
1  24 1889512597  
1  3 40598099  
3 
1  15 879617231  
2  51 
2  59 
3 
1  21 1591048202  
2  98 
3 
3 
3 
2  61 
1  7 1293610436  
1  17 696370115  
2  78 
1  120 1695485040  
2  84 
1  3 1063931000  
1  46 867580091  
2  113 
1  25 1057018946  
3 
1  43 1639952485  
3 
1  20 1310027256  
3 
2  45 
2  1 
1  3 1657452889  
1  133 997059471  
3 
3 
3 
3 
1  9 146646194  
3 
2  107 
3 
1  87 1504722228  
3 
2  18 
3 
1  22 906179077  
3 
3 
3 
2  70 
2  18 
3 
3 
1  13 273448459  
1  80 1615735035  
2  10 
1  58 537718540  
3 
3 
1  98 229153749  
3 
3 
1  4 2031981973  
1  55 1984838230  
1  32 742842143  
3 
3 
1  25 1776302213  
1  79 2098639235  
2  127 
1  49 1247118109  
3 
2  11 
2  14 
2  8 
1  90 940048717  
2  98 
1  55 479437332  
1  65 1529895428  
2  132 
3 
1  133 536546693  
3 
2  31 
3 
1  37 221466281  
2  33 
3 
3 
1  21 1570493527  
2  20 
1  66 1416163924  
3 
1  108 1812514483  
2  98 
1  41 716620316  
2  62 
1  66 2112534039  
1  31 1360515875  
3 
2  44 
3 
3 
2  4 
2  1 
3 
3 
2  12 
1  4 1780551316  
2  0 
3 
1  62 832630482  
1  26 270051174  
1  110 1273020153  
1  53 2142657739  
1  32 1927504063  
3 
1  5 122595976  
2  14 
2  19 
1  4 141820285  
3 
2  98 
2  28 
3 
1  59 1284742643  
3 
3 
2  56 
1  30 1028775054  
1  47 415268744  
3 
1  28 752994030  
1  60 1566493594  
3 
3 
3 
1  22 644422493  
2  35 
1  18 637492355  
2  18 
2  99 
3 
2  42 
2  73 
3 
2  18 
3 
2  33 
1  19 1403848176  
2  47 
1  110 1387264637  
1  126 266310921  
2  105 
3 
2  0 
2  7 
1  130 1355003764  
3 
2  23 
2  84 
2  2 
2  27 
3 
2  17 
2  2 
1  5 486899098  
3 
2  74 
2  116 
2  4 
3 
1  26 1206359638  
2  126 
1  95 1834441096  
3 
2  28 
2  14 
2  83 
3 
1  33 2016794526  
3 
3 
3 
2  125 
2  119 
2  73 
1  16 1742906331  
3 
3 
3 
2  22 
1  9 2055907377  
3 
3 
1  33 1439804406  
2  23 
2  99 
1  91 1011586607  
3 
2  13 
1  36 1720938213  
3 
2  10 
1  90 8941074  
1  108 976636999  
1  85 933970440  
1  124 1789492390  
2  42 
3 
1  50 1809267481  
2  41 
3 
2  20 
3 
2  18 
3 
2  13 
1  8 1204021614  
3 
2  3 
2  74 
1  19 915028895  
1  71 1804441572  
3 
2  6 
2  39 
3 
3 
1  2 984042029  
1  17 1037624872  
1  114 1946261857  
3 
3 
3 
3 
1  10 121301024  
2  3 
1  11 2066399926  
2  7 
2  74 
1  14 214046953  
1  57 874295055  
1  12 1485409872  
1  94 858469447  
3 
2  125 
3 
1  70 1511787410  
3 
1  12 741774401  
3 
1  7 98250436  
2  7 
2  9 
1  4 1778098331  
3 
3 
2  51 
3 
2  62 
1  4 2096778165  
3 
1  128 585149534  
1  36 836974322  
3 
2  58 
3 
2  6 
3 
1  112 1783735613  
1  6 454460413  
1  69 432397005  
1  6 1692159342  
3 
2  64 
1  26 1894264819  
2  20 
2  126 
1  121 1443983613  
3 
3 
2  65 
3 
1  25 1265613907  
1  0 1903205893  
3 
1  77 273136964  
3 
3 
3 
3 
2  21 
1  2 52100700  
1  60 1545214635  
1  21 2082404445  
2  95 
1  6 1256122314  
3 
3 
3 
3 
1  114 312759882  
2  48 
3 
3 
2  29 
2  13 
3 
1  19 1739362370  
1  54 92680696  
2  92 
1  110 1350384754  
3 
2  58 
3 
2  113 
1  20 1538140579  
3 
3 
1  121 213981720  
3 
3 
1  13 1269301032  
3 
1  86 1752187533  
2  1 
3 
3 
3 
3 
1  14 1088276775  
2  75 
2  14 
1  78 607227257  
3 
1  28 463173332  
3 
2  120 
1  28 452580538  
3 
3 
1  9 1349001658  
1  14 561423768  
2  27 
3 
3 
3 
1  26 83195221  
1  33 1298296175  
3 
1  136 1146573302  
2  20 
2  26 
2  9 
1  72 920169543  
2  77 
1  22 934548140  
1  41 1601033715  
1  77 1352566549  
1  94 479223834  
1  61 1347814886  
1  20 649066514  
2  134 
1  7 1744837742  
3 
1  5 1103537131  
3 
2  20 
3 
3 
1  40 922203478  
1  94 1796938442  
2  65 
3 
2  67 
1  77 501268118  
3 
3 
3 
2  97 
1  9 857124275  
2  18 
2  17 
2  125 
3 
2  86 
1  133 905577108  
1  3 814028001  
1  89 449002997  
2  115 
1  64 998257804  
2  52 
2  8 
1  15 16929107  
3 
3 
2  33 
2  13 
2  30 
2  27 
2  11 
2  58 
1  75 1987143577  
1  70 1212239525  
1  44 1286230140  
2  120 
3 
2  49 
2  94 
3 
2  57 
2  115 
3 
3 
3 
3 
2  77 
1  7 1591847462  
2  19 
3 
1  103 153032652  
2  82 
3 
2  30 
2  88 
1  64 1893457397  
1  51 2055020794  
1  4 605613190  
2  18 
3 
3 
1  102 1094975407  
2  2 
2  28 
3 
2  96 
2  23 
2  4 
2  6 
2  23 
2  0 
1  10 468960914  
3 
2  21 
3 
1  111 688808412  
2  46 
2  15 
3 
1  8 245787934  
3 
1  32 1615534216  
3 
3 
1  19 1608977955  
2  113 
2  55 
2  47 
3 
1  9 1180336074  
2  24 
1  41 1069084284  
3 
3 
1  97 814060856  
2  36 
3 
1  42 1659559908  
1  31 269415522  
3 
1  80 1463127370  
3 
2  82 
2  62 
2  41 
3 
2  125 
1  17 1256914002  
3 
3 
3 
1  101 1372952654  
3 
1  6 237847200  
1  47 906368796  
2  32 
3 
1  0 1874220772  
2  10 
3 
2  13 
1  93 1094971476  
1  19 1811945905  
2  4 
2  55 
2  113 
2  11 
1  12 540765125  
2  29 
3 
3 
1  126 1543974473  
2  25 
2  4 
1  18 662720061  
2  46 
1  15 557694233  
3 
2  14 
3 
2  0 
2  21 
3 
1  66 1383634402  
3 
3 
1  66 1874959586  
3 
3 
3 
1  23 1843924373  
2  98 
2  36 
2  4 
2  10 
2  4 
3 
1  43 827998216  
3 
2  17 
1  5 2027992239  
1  39 1589898122  
3 
1  9 735535362  
3 
1  111 486121781  
2  42 
2  10 
1  7 537389881  
2  93 
1  101 1204496276  
1  36 1174930193  
2  120 
2  113 
3 
3 
1  123 783177815  
1  101 672546845  
3 
2  26 
3 
2  118 
3 
3 
1  88 636424501  
3 
1  123 1963513889  
1  7 1741631129  
1  29 1450485357  
3 
1  36 1475590149  
2  5 
3 
2  17 
1  1 2011046651  
2  25 
3 
3 
3 
2  12 
3 
2  2 
2  54 
2  4 
2  60 
3 
1  83 766129080  
3 
1  106 585020504  
1  12 1236515657  
2  114 
2  1 
3 
1  73 1003976280  
2  69 
1  40 1491389300  
3 
3 
2  15 
2  69 
1  75 963252782  
2  112 
3 
2  48 
3 
1  25 2098947756  
1  41 1155851557  
1  1 1504017907  
1  7 1495438582  
3 
1  10 1818571619  
2  8 
1  27 2061712140  
3 
3 
3 
3 
2  85 
2  0 
2  99 
3 
3 
1  10 731589336  
1  9 1546047557  
3 
1  5 1758152865  
2  18 
3 
3 
3 
3 
1  104 1559587553  
1  62 1426556148  
3 
3 
2  6 
1  15 1200567339  
1  91 147639267  
3 
1  69 1912677930  
2  59 
3 
3 
1  16 1737957220  
3 
1  14 1352135544  
2  12 
1  60 940124475  
3 
2  4 
2  31 
3 
2  13 
3 
2  8 
3 
2  1 
1  70 373651387  
2  64 
2  11 
3 
1  10 2024682389  
3 
3 
3 
3 
1  81 1576548976  
1  28 189681628  
3 
3 
3 
3 
2  89 
2  5 
3 
1  31 1618829870  
2  0 
1  15 879550686  
2  11 
1  1 1665271778  
2  5 
2  10 
1  8 1482392873  
3 
2  48 
3 
2  111 
1  8 1645679766  
2  114 
2  17 
3 
1  15 102808634  
3 
1  54 571424883  
1  25 502172398  
3 
2  8 
2  112 
3 
2  0 
3 
1  5 1594197934  
2  17 
1  111 1534677665  
2  91 
3 
1  36 453636507  
2  3 
1  103 602565844  
1  13 891211924  
2  8 
3 
3 
2  28 
1  11 1949075089  
3 
1  44 273653815  
2  73 
2  89 
3 
1  45 805440417  
3 
3 
3 
1  1 533180777  
3 
3 
2  9 
2  18 
3 
1  75 1819701372  
2  9 
2  58 
3 
1  84 416109634  
1  70 2092768330  
1  94 1098773873  
2  70 
2  9 
3 
2  45 
3 
2  112 
1  60 1616676974  
3 
1  78 92923950  
2  20 
2  100 
2  32 
3 
3 
1  3 863968155  
3 
2  82 
1  6 1207150546  
1  6 1445059494  
2  67 
2  8 
1  4 1804092630  
1  1 1580801934  
1  8 1322258235  
3 
3 
2  6 
3 
3 
1  89 1233157959  
3 
3 
1  8 1770483562  
2  105 
3 
1  11 793604457  
2  86 
2  14 
3 
2  38 
1  16 2112708645  
2  16 
2  31 
2  108 
3 
3 
1  74 1288271692  
1  71 128513682  
2  2 
3 
3 
2  16 
3 
1  56 1610904763  
1  7 1391080326  
1  6 699938565  
1  43 2113077161  
1  59 837794613  
1  11 87132582  
1  117 419230020  
3 
3 
3 
3 
2  18 
2  5 
1  86 1440360457  
3 
2  19 
3 
2  96 
1  6 978344507  
1  21 220821461  
1  15 1714014272  
3 
1  101 1783784924  
2  91 
3 
3 
1  2 754002239  
2  92 
2  10 
3 
3 
2  18 
1  4 1386231996  
3 
1  67 52410910  
2  43 
2  37 
2  30 
3 
3 
3 
2  44 
3 
3 
1  19 699286921  
1  66 337522221  
1  15 1669087884  
3 
3 
2  108 
1  22 792210871  
3 
3 
2  122 
3 
3 
1  41 1201490376  
1  18 728754783  
1  8 89786717  
2  20 
3 
3 
1  56 858099359  
1  14 162073069  
1  120 1412044952  
1  16 2091257318  
2  117 
3 
1  120 1932556631  
3 
2  20 
2  101 
2  12 
1  3 58165761  
3 
1  10 2056482315  
1  20 1073344676  
3 
3 
3 
3 
3 
1  59 186679444  
3 
1  4 1519903430  
2  30 
1  21 316941354  
1  15 886618009  
2  116 
2  43 
3 
3 
2  24 
1  97 1485496943  
1  11 1154735967  
1  5 973750592  
1  50 1904726964  
3 
2  11 
2  7 
2  20 
3 
1  125 447612776  
3 
2  89 
2  14 
3 
2  93 
2  84 
2  43 
1  78 1952095099  
2  32 
3 
3 
3 
3 
2  9 
3 
1  65 2125548425  
1  56 14143400  
2  19 
3 
2  13 
1  116 1588396375  
3 
3 
2  15 
1  121 732067016  
3 
1  55 1400375397  
1  39 1640807285  
3 
2  84 
2  57 
3 
1  3 1431353938  
1  14 1737897618  
2  2 
2  119 
1  10 1162411522  
3 
1  84 76081161  
2  54 
2  5 
3 
3 
1  41 791904347  
3 
1  8 1891166305  
3 
2  18 
2  5 
2  21 
1  16 165867879  
2  57 
1  123 1650003706  
2  9 
2  123 
1  81 2053239374  
1  79 1577912831  
3 
1  51 1593777376  
3 
2  55 
1  11 1838312357  
1  106 1636078593  
1  23 1502776043  
2  37 
3 
3 
3 
3 
1  124 764173385  
1  82 1822758037  
1  65 875195825  
2  103 
1  53 1081114740  
1  13 561892398  
3 
1  64 213209120  
1  14 88367059  
1  72 1535642990  
3 
3 
3 
2  75 
1  120 2117936084  
3 
3 
1  14 535979836  
1  82 1340254441  
2  11 
3 
3 
3 
3 
1  74 2096000862  
1  25 550123236  
2  11 
3 
2  88 
1  47 781167168  
3 
3 
2  61 
1  14 680584230  
2  9 
1  11 1950498633  
1  28 274490806  
1  79 2111938168  
3 
3 
3 
3 
2  51 
3 
1  47 1540912604  
1  84 1436902328  
1  97 40535682  
3 
1  47 185333303  
3 
1  19 1180584985  
2  22 
3 
3 
2  10 
3 
2  127 
3 
2  6 
1  8 206403561  
2  10 
2  50 
1  82 1835337009  
2  62 
3 
1  24 1086340711  
3 
3 
3 
1  92 1784316392  
3 
3 
2  32 
1  91 1281630737  
1  9 777169420  
1  24 1272911337  
3 
1  29 636923132  
3 
2  117 
1  46 1541342806  
3 
1  18 948185726  
2  78 
3 
1  42 1512118957  
1  79 474973898  
3 
2  90 
3 
1  21 1510078125  
1  112 1725328077  
2  101 
2  40 
3 
1  115 563340957  
1  96 898237467  
2  69 
2  37 
1  11 1695780514  
2  33 
2  51 
3 
1  126 1099320793  
3 
3 
1  120 91008261  
1  14 1644297728  
3 
3 
2  6 
3 
3 
1  29 1649444030  
1  120 872175429  
3 
2  40 
2  14 
2  7 
2  8 
2  124 
3 
3 
1  71 177398310  
1  48 1452459015  
3 
1  7 1146666235  
3 
2  115 
2  69 
2  88 
3 
3 
2  96 
1  98 141852831  
2  51 
3 
1  126 845887971  
2  12 
2  14 
1  11 436084915  
2  61 
1  107 182388513  
1  3 1031221274  
1  77 1616669900  
3 
3 
3 
3 
1  17 388792074  
3 
2  29 
2  53 
3 
1  110 719074635  
1  3 555526963  
3 
2  118 
2  88 
1  3 25624818  
2  84 
3 
3 
3 
2  22 
3 
1  6 2000705372  
2  106 
3 
3 
1  28 1332696384  
1  18 1298536156  
2  33 
1  104 490144856  
3 
1  46 726555542  
2  13 
3 
3 
2  0 
3 
3 
3 
1  16 99238234  
1  117 2002263813  
3 
3 
1  60 1201529440  
1  11 1609316359  
3 
1  65 1580108243  
1  33 1764870397  
1  41 360070179  
2  35 
1  5 1128405109  
2  14 
2  54 
3 
3 
2  33 
1  5 716707543  
3 
1  28 451078440  
1  1 625219189  
1  76 218667925  
2  117 
1  30 1323253869  
2  29 
3 
1  4 802617499  
3 
3 
2  48 
1  105 1671126940  
1  89 322436457  
3 
2  19 
2  64 
2  89 
2  93 
2  72 
1  26 944470330  
1  3 369531264  
1  71 758521372  
2  137 
1  43 1126858843  
1  85 1400752538  
3 
2  3 
2  26 
1  32 227707625  
1  21 1515650917  
2  88 
2  18 
1  102 2119827174  
2  30 
1  25 783234588  
2  48 
2  29 
1  16 1541275736  
2  50 
1  34 1973048898  
3 
3 
3 
2  25 
1  56 2115930972  
2  26 
3 
3 
1  35 692328244  
3 
1  21 315710107  
1  28 695002866  
3 
3 
3 
1  51 791566478  
1  125 170490272  
2  133 
2  36 
1  44 1896532306  
3 
1  48 253399190  
2  118 
3 
2  57 
3 
2  14 
2  46 
1  98 1750598515  
3 
3 
2  25 
3 
2  24 
3 
1  13 1513919056  
3 
2  14 
2  21 
2  97 
2  13 
3 
1  30 613469369  
3 
3 
2  125 
3 
3 
1  14 731519976  
2  49 
3 
1  16 83142951  
3 
3 
3 
3 
3 
1  16 1064547809  
3 
3 
2  103 
3 
3 
3 
1  91 1356739165  
2  37 
1  11 301810876  
1  28 240318030  
1  120 11873017  
3 
2  112 
3 
1  14 1972937816  
1  32 562754487  
1  54 956343347  
2  34 
2  90 
2  7 
1  117 194985432  
1  50 1321275860  
1  64 2083202191  
2  96 
1  133 1595737971  
3 
3 
2  30 
2  79 
1  11 1548983485  
2  68 
2  98 
3 
1  1 1451369460  
1  114 1568081497  
3 
3 
2  49 
2  105 
1  65 184734425  
3 
3 
3 
1  18 845161548  
2  97 
1  4 1393646747  
3 
3 
3 
3 
2  9 
1  11 153181750  
2  105 
3 
1  38 1537489792  
1  28 1709356854  
2  34 
3 
2  7 
2  67 
2  28 
1  27 848184616  
2  0 
3 
2  67 
3 
1  99 181572623  
1  80 1879847127  
1  64 597233275  
1  81 434971813  
3 
3 
1  26 1482961994  
3 
2  26 
2  32 
2  109 
1  110 2111152331  
3 
3 
2  132 
2  20 
1  15 1048441182  
1  95 66998323  
2  55 
2  137 
2  12 
2  3 
2  15 
2  80 
2  25 
2  24 
3 
2  14 
1  11 46811634  
3 
3 
2  27 
1  8 2112988991  
2  44 
2  32 
3 
3 
2  79 
3 
3 
1  11 1423737488  
1  28 348622510  
1  99 205823373  
2  7 
3 
3 
2  32 
2  52 
3 
1  18 1435610505  
1  45 174076678  
2  9 
1  49 768577861  
2  46 
2  49 
2  7 
2  77 
1  16 244470205  
2  62 
1  22 369062111  
2  89 
1  96 2089853721  
1  16 180188748  
2  111 
3 
2  23 
2  7 
1  19 1964800082  
3 
2  121 
3 
3 
3 
1  1 1491353558  
2  124 
1  22 1631558208  
3 
3 
3 
3 
3 
1  10 1385397931  
3 
2  15 
1  20 1676087983  
1  57 329236109  
2  136 
3 
1  113 631561030  
3 
1  6 1829269733  
2  51 
2  126 
1  31 1866725901  
3 
1  5 193434237  
3 
3 
3 
2  3 
3 
3 
2  36 
2  78 
1  110 529970702  
3 
3 
1  133 2048298524  
2  110 
2  31 
1  17 2073281364  
2  34 
1  81 1127203977  
1  30 335786689  
1  70 1408759710  
1  121 1090872660  
2  57 
1  31 1384227871  
2  61 
1  125 1475758033  
1  18 1137684294  
2  126 
3 
2  110 
2  10 
1  19 1349733214  
2  1 
3 
1  17 752011874  
1  13 1486306804  
1  43 1555556588  
3 
2  102 
3 
1  26 40138731  
3 
2  87 
2  35 
1  121 1660383482  
3 
3 
3 
1  77 176650801  
2  10 
2  18 
3 
2  12 
3 
2  79 
1  25 284608936  
1  8 2029445593  
1  27 119020874  
2  1 
3 
3 
3 
3 
2  53 
1  10 464797684  
2  21 
2  0 
2  75 
1  29 1846762027  
2  14 
2  134 
1  32 1610374432  
3 
1  107 2096355893  
2  29 
3 
3 
1  15 1084676310  
3 
3 
2  93 
1  14 1138978767  
1  122 278108354  
1  141 1716237341  
1  52 820764853  
3 
1  13 2144834255  
2  63 
1  132 1909671578  
1  71 1350735555  
1  24 2045649132  
2  47 
2  22 
2  11 
3 
3 
2  20 
1  115 1835469294  
3 
2  17 
2  133 
1  90 330455884  
1  21 233952173  
2  5 
1  40 1096745356  
2  137 
1  137 1421328544  
2  66 
1  0 1618180045  
1  29 425019742  
1  10 411529190  
2  128 
2  1 
3 
1  115 820429611  
2  45 
2  107 
2  54 
1  11 1177031616  
3 
1  131 1897835994  
2  42 
3 
1  126 228502551  
3 
2  0 
2  136 
1  5 1217170347  
1  8 1410735828  
3 
3 
1  78 405153352  
2  101 
3 
1  142 1501779284  
3 
1  48 1292697774  
2  30 
2  8 
1  20 524174226  
1  34 1966576968  
3 
2  42 
1  67 991976153  
3 
1  32 2134548658  
2  121 
1  124 1915449213  
3 
2  67 
2  104 
1  8 2076652464  
3 
3 
3 
1  58 1126043778  
2  21 
1  2 46073919  
1  38 1645406157  
3 
1  91 1946808631  
2  81 
3 
3 
1  88 43424527  
2  144 
1  123 1407594087  
2  19 
3 
3 
2  131 
3 
2  1 
1  140 1150060538  
2  25 
3 
3 
1  115 2089073659  
3 
3 
1  29 1095579733  
1  14 1480516422  
3 
1  100 175542184  
2  26 
1  60 44841441  
3 
3 
1  127 754361318  
3 
3 
3 
3 
3 
2  129 
2  73 
1  97 1793722229  
3 
2  16 
2  24 
1  10 469861183  
2  25 
3 
3 
1  35 1165890508  
2  32 
2  76 
3 
2  14 
1  1 466668193  
1  13 1646892799  
2  83 
1  55 916242854  
3 
2  17 
3 
2  29 
1  45 695170744  
1  16 716579499  
3 
1  48 179495034  
3 
2  16 
1  111 1100324097  
1  21 70875135  
3 
1  84 1472192808  
2  99 
1  23 1624498323  
2  10 
2  28 
2  7 
1  121 2037452103  
2  12 
1  3 316685314  
1  124 1611563334  
3 
2  98 
2  111 
1  130 1805417669  
3 
2  25 
2  99 
3 
2  9 
3 
1  19 245854130  
2  136 
1  11 590123464  
1  128 1851491588  
3 
1  18 1891260287  
2  92 
1  30 389448447  
1  47 1894916115  
1  45 1151370726  
1  68 1539508985  
1  83 1836506126  
3 
3 
3 
3 
1  85 99466811  
1  65 872541759  
1  38 2012048311  
1  3 144308252  
2  86 
2  92 
1  22 1626903077  
3 
2  71 
1  21 1658286892  
2  34 
3 
1  6 614169436  
2  92 
1  1 645309937  
2  30 
3 
2  3 
1  5 2124955085  
3 
1  3 113578587  
3 
2  26 
1  88 1561552791  
2  22 
2  119 
1  112 672642182  
1  105 830158086  
3 
2  128 
3 
3 
1  30 1741047825  
3 
3 
2  50 
2  22 
3 
3 
3 
2  43 
3 
2  42 
2  11 
2  108 
1  38 1772966279  
3 
2  90 
2  30 
1  88 901033221  
3 
3 
3 
2  41 
3 
2  136 
3 
2  30 
1  53 1065756986  
3 
1  3 1249980954  
2  19 
1  102 791001677  
3 
3 
1  20 1382442300  
2  137 
1  6 714060640  
2  73 
2  32 
1  11 448935698  
1  82 1628296430  
3 
2  128 
2  17 
2  0 
2  136 
1  134 1304184104  
1  9 152943638  
2  26 
1  135 1372073069  
3 
3 
3 
3 
2  18 
3 
2  36 
1  0 1693632551  
2  116 
3 
3 
2  134 
2  3 
2  126 
1  23 2047859754  
3 
1  61 375960147  
2  92 
2  117 
2  38 
3 
1  109 1085657888  
1  93 1736882232  
3 
1  114 475426958  
3 
3 
3 
3 
2  78 
2  49 
3 
3 
2  58 
3 
3 
2  28 
1  34 1958199647  
3 
2  28 
1  59 1601446895  
3 
3 
1  25 619735210  
1  8 1437619076  
1  67 1112250140  
2  122 
3 
2  35 
3 
2  61 
3 
3 
3 
2  81 
2  100 
3 
1  111 1233904646  
1  15 2082929013  
2  96 
3 
3 
1  38 1089721577  
3 
2  23 
3 
1  46 1347483234  
1  131 1496998156  
1  101 1762363759  
1  30 30157672  
2  3 
3 
1  97 1090562334  
1  23 1387846390  
2  115 
2  21 
3 
1  4 931190894  
2  10 
3 
2  24 
3 
3 
1  5 8835672  
2  73 
1  102 490343697  
2  13 
3 
1  23 1722192571  
1  96 1391277972  
3 
3 
1  3 1204404337  
3 
3 
2  63 
3 
1  11 23644621  
1  100 872090754  
2  8 
3 
1  140 361104794  
1  5 176588259  
2  38 
2  20 
2  4 
2  25 
2  27 
3 
1  134 96680175  
2  132 
1  106 2054737345  
1  6 76964365  
2  82 
2  134 
1  132 472640322  
2  30 
1  14 992911586  
1  5 1813846598  
2  21 
2  36 
1  116 948067280  
3 
1  10 803627585  
3 
1  5 1267809845  
3 
2  13 
1  123 1567802490  
2  109 
1  23 93763014  
3 
2  59 
3 
1  34 232576337  
2  31 
1  5 654223489  
3 
3 
2  87 
1  22 29208379  
2  98 
3 
3 
1  47 1322297915  
3 
3 
3 
3 
2  46 
1  104 2001706723  
2  102 
1  29 1526206536  
1  29 937178026  
2  20 
3 
2  54 
2  11 
1  108 2031864395  
2  90 
3 
3 
1  19 469285222  
2  50 
3 
3 
3 
2  91 
2  113 
2  2 
3 
1  5 177540769  
3 
2  6 
2  100 
1  49 815571641  
2  123 
2  54 
2  22 
3 
3 
2  136 
3 
3 
2  12 
1  25 478120894  
2  82 
1  129 667884466  
2  120 
3 
2  82 
3 
1  80 390280564  
1  15 1869398866  
3 
3 
2  47 
2  113 
2  105 
1  19 1872288803  
2  24 
3 
3 
3 
3 
3 
3 
2  17 
1  81 413925185  
2  94 
1  21 594005972  
1  34 85909949  
2  46 
1  86 590513445  
3 
1  92 690686147  
1  57 2140647295  
1  5 667477810  
2  113 
2  4 
1  7 1163326469  
3 
3 
1  15 986075233  
1  64 333840760  
1  39 2111393749  
3 
2  97 
1  17 1789702818  
3 
1  107 1601650606  
2  2 
2  20 
2  32 
1  34 1531712591  
1  43 1883465832  
3 
2  35 
3 
2  108 
2  110 
3 
2  19 
3 
2  128 
3 
2  55 
2  25 
3 
1  2 1834226943  
1  32 38452432  
1  23 1912674212  
2  16 
2  15 
2  30 
3 
1  2 1009041210  
3 
1  21 2040159155  
2  33 
2  26 
2  1 
1  4 1291397100  
2  90 
2  36 
3 
1  1 1946219237  
3 
3 
3 
2  21 
3 
3 
2  7 
1  0 1924539903  
2  24 
3 
3 
1  13 1760682322  
1  27 2123760006  
3 
3 
3 
2  83 
2  97 
2  27 
1  28 592627896  
2  42 
1  100 91319568  
1  69 644160824  
2  25 
1  52 982908461  
1  24 1960718434  
1  38 368965979  
3 
1  20 1396833646  
3 
1  31 407240758  
3 
3 
1  38 454875929  
3 
1  84 1987347091  
2  133 
2  0 
2  116 
2  122 
3 
3 
2  108 
3 
2  89 
3 
2  12 
3 
2  41 
3 
1  26 1097926905  
2  121 
1  89 448039576  
2  13 
2  16 
1  26 507341254  
2  127 
2  73 
2  35 
1  127 113769726  
1  134 1434114809  
3 
2  89 
2  106 
3 
2  17 
3 
1  27 841182014  
2  93 
3 
1  72 77679827  
3 
3 
2  24 
1  9 1076333979  
1  129 295348972  
1  33 1609392418  
3 
2  80 
2  37 
2  123 
3 
1  126 812316164  
3 
3 
1  126 2129575916  
1  130 1647844851  
2  75 
1  37 577506728  
2  31 
2  8 
1  90 991133478  
2  30 
1  5 1540520358  
2  84 
1  9 1868903828  
2  113 
2  31 
1  30 789869067  
1  11 1317576613  
1  15 1482102502  
3 
1  20 766145425  
1  118 1910204510  
2  24 
3 
3 
1  0 1573422070  
2  26 
2  77 
1  1 1410306249  
3 
3 
1  39 745629323  
3 
2  3 
2  33 
3 
1  79 1386656856  
3 
3 
1  98 1779272229  
2  20 
3 
2  15 
1  19 2142462969  
1  84 1793897614  
3 
3 
2  130 
1  103 86664510  
1  140 1982326413  
2  38 
3 
3 
2  4 
3 
2  13 
3 
3 
1  0 744340871  
2  9 
1  125 534704086  
1  74 342184019  
1  52 858110597  
3 
1  27 1968818895  
1  25 1183366033  
1  29 935790424  
1  120 897669226  
3 
1  0 1478715006  
3 
2  16 
2  8 
1  0 397699194  
1  0 1709985390  
2  4 
1  7 1460807274  
1  33 2045544045  
1  116 140008470  
3 
2  124 
3 
3 
1  112 304457104  
3 
1  20 1438580756  
1  6 2008912298  
1  124 1094326172  
1  69 608673721  
1  43 1343531152  
1  140 1860471597  
1  85 371394583  
2  119 
2  101 
1  78 769469574  
1  76 1123294199  
2  10 
1  36 1117023906  
2  102 
2  10 
3 
1  14 8642782  
1  56 755082780  
3 
2  19 
2  111 
2  130 
1  28 1112003228  
2  9 
2  18 
2  3 
3 
2  44 
1  125 1802540396  
1  6 841747290  
3 
3 
1  52 946845993  
3 
1  85 399397619  
1  143 1376451376  
1  120 1289030012  
2  21 
3 
3 
2  3 
1  18 1257508216  
1  99 1197786623  
2  11 
1  116 324912397  
2  29 
3 
3 
2  71 
1  123 45814992  
2  43 
2  89 
2  95 
3 
1  134 2095455849  
3 
1  142 1803627403  
2  6 
1  110 443514187  
3 
2  51 
1  25 1657957592  
1  14 1116951029  
3 
3 
1  60 341574584  
1  21 1797966062  
2  14 
3 
1  32 1421408134  
3 
1  18 1780155340  
3 
2  111 
1  2 1659394713  
2  142 
2  1 
2  129 
2  85 
3 
3 
3 
3 
3 
3 
1  21 368250658  
3 
2  122 
1  26 241345414  
2  28 
2  50 
3 
1  41 855442217  
2  42 
3 
3 
2  1 
2  42 
3 
1  7 81238607  
2  110 
3 
1  62 612739997  
3 
3 
1  49 1624911792  
3 
1  92 1204532806  
3 
2  129 
1  0 1729763904  
1  23 1633554574  
2  40 
3 
2  3 
1  40 1959615586  
2  1 
2  35 
3 
1  101 694283484  
2  87 
1  38 1288611323  
3 
2  118 
1  26 653879228  
1  43 1641129477  
1  104 1688008942  
2  68 
2  31 
1  11 2030330604  
2  27 
2  120 
3 
3 
1  89 782675841  
3 
2  80 
3 
2  56 
2  40 
1  10 798033511  
1  82 1080633579  
2  7 
2  8 
3 
2  38 
3 
1  4 1107588238  
2  36 
3 
1  16 843848503  
2  16 
1  94 1028605781  
2  42 
3 
2  14 
1  96 763731994  
1  139 1287362690  
2  96 
2  15 
3 
2  38 
2  107 
1  14 539079725  
3 
2  93 
2  9 
1  6 1880683023  
2  11 
3 
2  44 
3 
1  22 1628937275  
3 
2  107 
1  42 189562139  
3 
3 
1  124 1154607509  
2  30 
2  61 
2  26 
1  9 1261608967  
2  12 
2  10 
1  7 1848956852  
1  132 1522858167  
1  26 1502954381  
3 
3 
3 
3 
1  95 556915422  
3 
3 
3 
3 
2  0 
3 
2  26 
1  28 1604096775  
1  29 2115694379  
2  59 
1  112 34343566  
2  2 
1  85 661145933  
1  65 1697974635  
2  67 
1  106 1667898140  
1  110 473277872  
1  76 244774471  
3 
1  24 809025815  
2  62 
3 
2  10 
2  1 
1  36 1127157100  
2  29 
2  10 
1  79 1885903948  
1  4 349551110  
2  12 
1  0 1010004057  
2  27 
2  4 
3 
3 
1  132 521096141  
2  19 
3 
1  27 1147584621  
2  100 
1  90 2090637636  
2  5 
1  22 1628684379  
2  4 
3 
1  2 1991433124  
2  19 
2  1 
2  101 
1  52 971759769  
2  54 
1  114 244932725  
3 
3 
1  49 1131312167  
2  52 
2  63 
1  129 1510839494  
3 
2  122 
2  110 
1  44 2125615749  
1  72 612765794  
2  119 
1  16 1700401634  
2  13 
1  113 1132739610  
2  46 
3 
2  6 
3 
1  0 1874374761  
1  32 1401874838  
3 
1  48 508114130  
1  79 1229845495  
1  23 1958790260  
1  0 2112210905  
3 
2  80 
1  24 1198056226  
2  12 
1  85 1993133826  
2  79 
1  0 625873190  
1  15 748547213  
3 
1  18 1513548319  
1  29 1099151062  
2  28 
3 
3 
1  50 993321684  
3 
2  105 
2  9 
1  16 175090486  
1  29 78824515  
2  37 
1  4 731741984  
2  93 
2  90 
3 
3 
3 
1  134 524641596  
2  57 
3 
3 
3 
1  45 1088828572  
2  123 
3 
1  134 1252838125  
1  26 1672226217  
3 
1  102 1031982560  
3 
2  16 
3 
3 
3 
2  61 
3 
3 
1  81 734038856  
2  8 
3 
2  13 
2  54 
3 
1  82 1516175694  
3 
2  69 
2  127 
3 
1  21 2003742330  
2  45 
2  33 
1  115 978971582  
1  134 500004213  
3 
1  23 1367098176  
1  51 957103683  
3 
3 
3 
2  135 
1  24 1112770007  
3 
1  15 920016162  
2  65 
3 
1  14 2089843293  
2  6 
2  34 
2  61 
3 
3 
1  4 839661120  
3 
3 
3 
1  23 174407353  
3 
1  124 450473775  
1  20 2069506615  
3 
1  34 2133197613  
2  33 
1  8 415201032  
3 
2  21 
1  31 1120079193  
1  89 1978847792  
2  13 
3 
2  12 
1  5 1041074223  
3 
1  25 1868626406  
1  66 1344912463  
1  97 2140225285  
2  74 
1  67 714464442  
1  29 1520002949  
3 
2  11 
2  29 
1  29 71566152  
3 
3 
1  126 1446206426  
1  5 2044644546  
1  113 1160394724  
2  99 
3 
3 
2  26 
1  43 551560903  
2  63 
3 
2  30 
1  10 1569387115  
2  23 
3 
1  85 44893637  
1  46 1285599760  
2  69 
3 
2  123 
1  4 938079161  
2  32 
3 
1  130 2048635967  
3 
2  47 
2  4 
1  43 117087694  
2  72 
1  21 1438083374  
1  77 1268250495  
1  73 1074191377  
2  28 
3 
3 
3 
2  47 
2  80 
2  65 
1  29 403369733  
1  34 40783010  
3 
3 
1  71 1016551022  
2  26 
3 
3 
1  3 1243030854  
3 
3 
1  36 215190363  
1  86 1467024798  
1  108 1165053821  
1  83 200904328  
2  115 
2  33 
3 
3 
1  54 1882225830  
2  27 
1  113 137649367  
1  142 32268472  
2  83 
2  21 
2  5 
1  39 775816405  
3 
1  74 2006275773  
3 
2  5 
1  57 1377180935  
3 
1  36 768558043  
3 
3 
1  20 573256568  
3 
3 
1  16 749700237  
2  30 
1  61 840124195  
3 
3 
1  82 2019462994  
2  5 
3 
2  38 
1  25 646861135  
3 
1  46 2000518920  
1  61 423540250  
2  36 
3 
2  10 
3 
1  27 68764602  
3 
2  30 
2  23 
2  32 
3 
2  2 
1  43 2045412557  
1  137 1709140010  
3 
2  8 
3 
3 
2  86 
2  31 
3 
2  35 
1  40 1006843764  
2  0 
2  60 
2  11 
3 
1  19 1946564876  
1  117 1826227704  
1  86 297443490  
1  98 1067331723  
3 
3 
2  50 
3 
3 
2  20 
3 
1  53 752935433  
2  23 
2  42 
2  53 
3 
1  14 700813224  
2  89 
1  47 1108114733  
3 
1  83 1769486455  
1  28 1943844078  
2  38 
1  41 1323305096  
2  20 
2  80 
3 
2  8 
1  88 1089027605  
2  1 
2  16 
1  38 961414251  
2  21 
1  10 1524209425  
1  15 823769788  
2  23 
2  98 
1  66 1099063618  
2  8 
1  92 1556477897  
1  6 1599586193  
3 
1  9 957855744  
2  43 
3 
2  21 
1  34 786175185  
2  19 
3 
2  76 
1  6 220660588  
3 
3 
2  33 
1  105 1531112312  
2  74 
2  72 
1  14 1535875422  
3 
3 
2  8 
3 
1  110 1060784784  
3 
1  106 1403091658  
2  25 
1  43 35252909  
3 
3 
2  7 
3 
2  18 
2  63 
1  8 913820056  
2  8 
2  118 
1  60 1826631908  
3 
2  15 
1  8 104017511  
2  40 
1  1 811748965  
1  120 1388288270  
3 
2  4 
1  29 1110861275  
3 
2  54 
3 
1  46 610830193  
1  112 1067032326  
3 
3 
2  0 
2  56 
1  8 1408304766  
3 
2  94 
2  122 
3 
1  11 1678161916  
2  82 
1  24 1819967759  
1  21 2109117990  
1  26 638793002  
2  35 
3 
1  23 1441970567  
2  132 
1  3 1905478420  
3 
1  13 1962098098  
2  110 
2  73 
1  94 383514524  
2  18 
1  55 719409023  
2  32 
2  129 
2  19 
3 
1  2 1338823875  
1  78 1207284312  
1  17 1818472642  
3 
2  10 
3 
2  105 
3 
2  62 
3 
1  97 747818125  
3 
1  59 659386858  
2  42 
2  25 
1  52 628844738  
1  21 1533993310  
3 
1  3 880047446  
1  3 12473402  
3 
3 
1  7 922385084  
2  31 
1  18 1940832230  
3 
1  1 1415565060  
2  57 
2  33 
3 
3 
1  19 957637993  
2  27 
2  64 
2  13 
2  10 
1  126 707168638  
1  8 1094713321  
2  29 
2  84 
1  96 1061655504  
2  11 
1  59 1518917603  
1  10 335517943  
2  10 
3 
2  59 
3 
2  84 
3 
2  16 
1  53 25033132  
3 
1  90 2129747796  
3 
2  25 
1  25 1402550270  
1  74 1433337898  
1  4 1660426065  
3 
3 
2  19 
3 
3 
3 
3 
3 
1  18 1075034381  
1  109 1394972240  
3 
2  53 
2  110 
1  17 151735419  
2  31 
1  56 369521300  
1  20 1152967012  
2  26 
1  85 2113833517  
2  20 
2  86 
2  9 
3 
1  16 753035825  
3 
2  25 
1  96 1872376035  
1  81 1305173745  
1  70 1960320137  
1  30 1543365029  
2  115 
1  29 2052991870  
1  83 472223347  
1  8 24726119  
1  42 1439501532  
3 
1  20 1352270794  
2  89 
1  25 37199521  
2  29 
3 
1  85 214402968  
2  128 
2  60 
1  104 1145619376  
3 
2  54 
2  23 
3 
2  1 
1  31 1452764582  
2  17 
1  73 1172040961  
3 
3 
2  16 
1  17 1852788015  
1  93 399994255  
3 
3 
3 
1  13 86212817  
3 
3 
3 
3 
2  30 
3 
2  4 
2  126 
1  116 1224221970  
2  49 
1  9 735512198  
1  123 111245949  
2  106 
1  103 1206486119  
3 
3 
2  7 
1  21 2138062468  
2  65 
3 
1  57 1544583847  
3 
2  6 
2  108 
2  20 
3 
1  19 719428536  
3 
3 
2  118 
1  41 1065613202  
2  37 
3 
3 
2  65 
3 
2  80 
2  33 
2  87 
3 
1  39 792072439  
3 
2  26 
3 
2  54 
1  120 871163955  
3 
1  7 1435134502  
2  7 
3 
3 
3 
1  4 1945039451  
2  28 
2  129 
1  9 837513824  
2  93 
2  43 
2  2 
1  70 40686679  
2  107 
3 
2  34 
1  101 1669931839  
3 
2  38 
3 
3 
2  48 
3 
3 
3 
1  125 2142687569  
1  32 2001006817  
1  1 1065813220  
1  15 2048195791  
2  26 
2  13 
2  62 
2  75 
2  92 
3 
1  23 325746516  
2  11 
2  10 
1  94 1090539340  
2  14 
3 
2  127 
2  12 
2  9 
1  109 1340213675  
1  60 1678017310  
1  22 1127738861  
2  23 
3 
3 
2  0 
3 
2  125 
3 
1  47 1554616643  
1  5 676153039  
2  124 
2  21 
2  70 
2  10 
3 
1  13 433019795  
2  71 
1  29 579173956  
2  10 
2  11 
1  10 381457406  
3 
2  23 
1  11 833014050  
1  57 665386774  
2  62 
3 
2  89 
3 
3 
3 
3 
2  4 
1  11 1605679376  
2  8 
3 
2  22 
3 
3 
1  10 1568526249  
1  52 776632723  
1  10 664681847  
1  28 1559105069  
3 
2  100 
2  7 
2  20 
2  93 
1  19 173732923  
3 
2  59 
2  113 
1  29 1384110383  
3 
3 
2  13 
2  21 
2  2 
3 
1  84 477234623  
2  102 
1  76 965805362  
2  24 
3 
3 
1  66 107790690  
3 
3 
3 
1  6 1912369126  
3 
3 
3 
2  1 
3 
2  7 
1  64 763361166  
3 
1  18 945304515  
3 
2  7 
3 
1  46 1953055805  
1  31 285809357  
2  80 
1  9 940508436  
2  18 
3 
2  18 
1  14 1806578974  
3 
2  73 
2  9 
3 
2  17 
3 
3 
2  61 
3 
2  106 
3 
2  91 
1  9 1351622577  
2  6 
1  70 841220580  
2  35 
2  18 
1  49 2132325491  
3 
2  10 
1  27 294678269  
1  6 33950607  
2  51 
2  76 
3 
1  41 1662859153  
1  31 1422417131  
1  4 1588567251  
3 
3 
2  31 
1  59 191528544  
1  8 1855436926  
1  7 20257559  
2  1 
3 
3 
3 
2  82 
3 
1  55 572985950  
2  7 
3 
1  30 540967329  
3 
2  95 
2  76 
1  13 685644333  
1  2 31181679  
2  21 
1  7 2109493578  
1  2 1462277057  
1  105 695863526  
3 
2  21 
2  40 
3 
1  20 1521114999  
1  23 1636009980  
3 
1  1 2079973910  
1  45 1998349623  
3 
2  106 
1  38 454331694  
3 
3 
2  15 
2  19 
2  1 
2  65 
2  8 
2  11 
3 
3 
2  106 
3 
2  71 
2  0 
3 
2  114 
3 
2  86 
1  1 40280952  
1  17 1763235101  
2  70 
1  7 1217692860  
2  2 
2  19 
2  2 
3 
1  107 985585467  
3 
1  14 1568807258  
3 
2  80 
1  81 1503502217  
1  29 1926093904  
1  84 1227902585  
2  23 
2  11 
3 
2  15 
3 
3 
2  6 
3 
1  12 707641147  
2  36 
3 
1  8 619830836  
3 
2  22 
3 
1  80 1212744428  
3 
3 
3 
1  10 1002319416  
2  62 
2  43 
1  96 653781443  
1  23 728119933  
1  46 277252899  
2  84 
2  2 
2  40 
1  11 94865046  
3 
2  105 
2  111 
1  102 919648478  
2  5 
1  18 2132689826  
3 
2  10 
3 
3 
2  23 
2  15 
1  14 115122606  
2  84 
3 
3 
1  7 1492634428  
2  7 
2  71 
3 
1  5 526173507  
2  0 
3 
2  34 
2  78 
3 
2  69 
3 
1  10 800766939  
3 
2  112 
2  13 
1  4 1523816107  
2  6 
2  18 
2  10 
1  58 488183437  
3 
1  96 115560348  
1  6 72195986  
3 
3 
1  1 2009298436  
2  4 
2  30 
2  2 
3 
3 
3 
2  103 
3 
1  10 1751570328  
3 
2  29 
2  112 
3 
3 
3 
3 
2  86 
1  86 4686248  
1  77 1860164411  
1  4 58418375  
2  9 
1  11 44967200  
2  8 
1  115 1475915864  
3 
1  4 1276111235  
3 
2  43 
1  77 1030552668  
1  111 897239475  
2  103 
1  18 632129805  
2  105 
1  26 809162924  
3 
2  111 
1  116 2125142060  
2  5 
3 
2  11 
3 
2  45 
2  52 
2  5 
1  13 1339770952  
3 
1  26 1428993760  
1  1 1190402840  
1  42 194606720  
2  14 
1  83 2082775203  
3 
2  103 
2  90 
1  56 1918522773  
2  71 
1  14 471859620  
3 
3 
2  4 
2  11 
1  59 30156602  
3 
3 
1  1 690687603  
2  14 
1  35 457065798  
3 
2  7 
2  8 
2  67 
3 
3 
3 
2  2 
1  3 145279208  
2  1 
2  5 
1  0 35838384  
3 
2  58 
3 
1  13 983239305  
2  98 
2  1 
2  3 
1  105 946046147  
1  113 1559654491  
1  55 1471422742  
1  42 1061606496  
3 
1  0 1631850477  
2  82 
3 
3 
1  2 1333237530  
2  19 
3 
2  9 
3 
3 
1  5 665693176  
1  3 1636536725  
1  5 1045918294  
1  9 724111551  
1  33 1681503926  
2  69 
1  22 374350510  
3 
1  57 2000222787  
3 
1  8 564572946  
1  5 1271589985  
3 
1  13 484868944  
2  50 
1  9 1373735870  
1  100 1249248397  
1  30 1824639896  
3 
1  114 655245982  
1  13 292167589  
1  123 2019246616  
3 
2  23 
1  81 590537537  
3 
1  40 63206715  
2  3 
1  10 343622588  
3 
1  28 620694139  
2  7 
3 
2  12 
3 
3 
1  67 753894318  
2  87 
1  103 800688386  
1  56 765973347  
2  50 
3 
3 
3 
3 
2  45 
3 
1  18 789732702  
3 
3 
1  30 1783927691  
1  6 1712019495  
1  20 201903546  
2  17 
3 
3 
2  12 
3 
2  7 
3 
2  24 
1  18 1107866785  
2  19 
2  28 
3 
2  20 
2  103 
3 
3 
2  8 
2  105 
2  55 
1  96 626142343  
3 
1  61 1833754023  
3 
1  73 293620668  
2  14 
1  9 1291835519  
1  119 1322807101  
3 
2  74 
2  31 
1  89 1339538962  
3 
2  14 
2  14 
3 
2  95 
1  58 2015947071  
3 
2  7 
3 
1  3 856827379  
1  36 1713889472  
3 
3 
1  58 1868686210  
3 
3 
2  6 
1  28 1421400325  
2  104 
3 
1  6 837995810  
3 
1  45 206071506  
2  10 
1  30 647652547  
1  30 2087244207  
1  1 2030711402  
3 
1  6 1302898529  
2  8 
3 
2  15 
2  30 
3 
1  16 231928149  
3 
2  80 
1  86 1902474370  
3 
2  96 
1  5 1893436066  
2  26 
3 
3 
3 
3 
3 
3 
2  115 
1  17 295134864  
2  28 
2  9 
2  72 
1  91 98613311  
2  87 
3 
2  1 
2  9 
3 
3 
2  0 
1  95 366646558  
2  22 
2  1 
2  8 
2  6 
3 
1  38 1049029182  
2  94 
1  1 899301697  
3 
3 
2  56 
3 
2  18 
2  5 
2  6 
2  107 
2  104 
3 
1  0 1132619905  
1  16 1838761885  
2  13 
1  31 535745741  
2  11 
3 
3 
2  55 
3 
2  40 
3 
1  0 697155752  
3 
1  104 2040665431  
1  44 1643612526  
3 
3 
2  108 
1  46 1323298095  
2  37 
1  36 1726935806  
3 
2  11 
1  8 1937233194  
1  2 467649967  
3 
1  4 902259259  
3 
2  63 
2  3 
2  8 
3 
1  99 1129288508  
1  5 336113390  
1  1 1759086638  
3 
1  5 695694333  
3 
2  3 
3 
3 
2  7 
3 
2  4 
2  49 
2  34 
3 
2  112 
1  25 57315952  
1  60 1033003315  
2  0 
2  2 
1  60 1533690143  
2  8 
2  3 
2  7 
2  1 
1  32 263387458  
2  16 
1  0 1680655862  
2  5 
1  72 1473450702  
2  55 
3 
2  5 
1  2 146615212  
2  45 
2  63 
2  5 
1  2 836070743  
2  1 
2  4 
2  4 
1  1 1705378851  
1  0 2049089582  
3 
1  1 582023162  
2  84 
1  1 2000513715  
2  77 
1  1 219245  
3 
3 
1  2 948669720  
3 
3 
3 
1  3 902059250  
2  7 
3 
1  84 899520943  
2  7 
3 
3 
3 
1  17 2081289625  
3 
1  58 593337487  
1  82 1435266684  
1  5 630961730  
3 
3 
3 
2  3 
3 
1  29 486519270  
2  100 
3 
1  8 931395562  
3 
3 
3 
1  0 1954259825  
3 
2  0 
1  9 65971428  
3 
2  5 
2  7 
2  29 
2  67 
1  16 721145109  
3 
1  7 274426144  
1  4 968230688  
1  2 1850433617  
1  49 610539534  
1  54 579833678  
3 
3 
1  1 398644302  
3 
2  80 
2  98 
1  11 667855486  
1  7 1612836994  
2  13 
3 
2  64 
3 
2  54 
2  102 
1  6 1932334445  
3 
2  2 
2  2 
2  52 
2  0 
3 
2  3 
2  60 
1  7 931242944  
2  20 
1  7 1146009208  
1  4 1258301500  
2  47 
3 
3 
2  7 
2  83 
3 
1  4 1077858156  
2  6 
3 
3 
2  0 
2  12 
2  3 
1  33 1982079952  
3 
1  35 816196703  
3 
3 
2  5 
1  34 979464091  
3 
3 
3 
2  6 
1  7 416619466  
1  0 669226771  
2  87 
1  7 979683336  
3 
3 
1  60 1365289186  
2  0 
1  106 1571286021  
2  37 
2  54 
1  8 1879204279  
3 
1  9 1299095163  
2  11 
3 
2  3 
1  13 17139860  
2  7 
2  6 
1  21 1166987315  
2  104 
3 
2  0 
2  32 
1  3 1930056893  
1  35 503659130  
1  42 2098382878  
1  2 1736833071  
3 
1  9 569630558  
3 
1  0 672044339  
3 
2  83 
3 
1  109 2011259215  
2  8 
1  25 1537861246  
3 
1  3 374994308  
3 
1  8 474315102  
2  9 
1  75 2117694925  
3 
2  10 
1  50 773638611  
2  5 
2  6 
3 
1  69 1142170588  
2  7 
2  3 
3 
1  18 1583048271  
1  4 558489408  
1  99 2073413533  
3 
2  2 
1  63 581573831  
3 
1  10 1816790908  
2  59 
2  20 
3 
1  3 1003788041  
2  33 
1  1 416170135  
2  26 
1  64 485503964  
2  5 
2  3 
2  47 
2  0 
1  5 1983252132  
3 
3 
3 
2  5 
2  0 
2  69 
3 
2  1 
1  2 832789601  
1  86 1154730735  
3 
3 
1  94 815451821  
3 
1  76 50595139  
1  79 578533108  
1  82 547172452  
1  1 1349690303  
2  78 
3 
3 
2  4 
1  4 595672968  
3 
3 
3 
2  4 
1  71 1714159768  
2  4 
2  1 
2  36 
1  1 1132263548  
1  38 1099332098  
1  40 1665058998  
1  12 721612971  
1  103 1668962656  
1  58 189619689  
2  0 
3 
3 
3 
3 
2  0 
1  1 585388539  
2  0 
3 
1  4 1059340255  
2  1 
2  51 
2  28 
2  81 
3 
2  23 
2  0 
1  17 564613997  
3 
2  49 
3 
2  3 
2  0 
2  14 
1  0 1059703641  
1  77 1029551532  
2  0 
3 
2  0 
1  6 1338252608  
3 
2  79 
2  0 
2  0 
2  97 
1  80 54390581  
1  0 465116155  
3 
3 
3 
1  0 1896742017  
1  0 2127804114  
3 
2  31 
2  2 
2  102 
1  36 1046689986  
2  0 
3 
2  39 
2  0 
2  33 
3 
1  30 1566049277  
1  0 984108508  
2  0 
3 
3 
1  69 1462860122  
1  0 2051553241  
3 
3 
1  90 819876992  
2  29 
1  26 148166075  
3 
3 
1  0 1058800328  
2  39 
3 
1  1 1635328813  
1  0 198761215  
3 
1  9 1637333436  
3 
2  1 
1  52 35017618  
2  102 
1  1 1548451518  
2  76 
3 
3 
3 
3 
2  2 
1  36 85522756  
2  54 
1  0 1749177386  
2  2 
2  22 
3 
2  2 
3 
1  1 533231418  
2  82 
2  49 
3 
2  88 
3 
2  1 
2  62 
2  0 
2  77 
1  34 1184854854  
2  0 
2  96 
2  24 
3 
3 
2  0 
1  77 1266752736  
1  0 1254844390  
2  74 
2  54 
1  0 706333863  
2  1 
2  0 
2  0 
2  0 
3 
2  91 
2  27 
1  56 1456372425  
2  50 
2  0 
2  17 
3 
2  73 
1  0 1840232929  
3 
2  15 
2  0 
3 
1  90 1765674118  
3 
2  37 
2  0 
1  0 2020986422  
1  5 752452922  
3 
2  24 
3 
1  58 647742002  
2  52 
1  0 1211755383  
1  97 806843503  
3 
3 
3 
1  1 1112858157  
2  0 
2  37 
3 
3 
1  0 961013752  
3 
3 
1  3 787163970  
3 
2  0 
3 
1  46 12064495  
2  8 
2  77 
2  1 
1  1 379579381  
2  80 
2  15 
2  98 
2  1 
3 
2  69 
1  26 1771272478  
1  0 1474924617  
3 
3 
1  1 283648975  
1  3 443665822  
1  36 1623090693  
3 
2  4 
3 
3 
1  43 1342449303  
2  40 
2  27 
2  90 
1  0 2078994636  
2  3 
3 
2  0 
1  6 1821851908  
1  2 832299092  
3 
3 
2  2 
3 
3 
3 
2  2 
1  1 2114012254  
1  71 1222819778  
1  50 917821848  
2  2 
2  82 
1  0 1715705992  
3 
1  0 1756051196  
2  30 
3 
2  28 
2  2 
3 
3 
1  1 2102676703  
3 
1  3 834975080  
2  51 
2  72 
2  17 
3 
2  0 
3 
3 
2  25 
3 
2  100 
1  57 863411938  
1  88 661526918  
3 
3 
1  75 143863857  
3 
1  2 556161219  
2  65 
3 
2  95 
2  0 
1  51 279717388  
1  1 17366631  
3 
1  0 1308614141  
2  5 
1  0 927459390  
3 
1  105 1229122014  
1  70 2115457645  
2  49 
1  56 2040317547  
1  0 42652118  
3 
1  4 755137967  
2  56 
2  6 
1  51 2052382042  
1  8 422231500  
1  28 378926797  
1  30 1379823012  
1  1 705880475  
3 
1  0 822592619  
1  2 855430057  
2  0 
1  1 2048329778  
3 
1  71 754103607  
3 
3 
2  5 
2  0 
2  72 
2  11 
3 
2  2 
2  2 
3 
1  59 529798317  
2  73 
1  1 733145222  
2  1 
2  4 
3 
3 
1  98 720632213  
3 
3 
3 
3 
3 
2  99 
2  0 
3 
3 
1  64 1752618095  
3 
1  3 1650967071  
3 
3 
2  102 
2  1 
2  3 
3 
3 
1  9 288854557  
2  28 
2  26 
2  0 
2  93 
3 
1  73 1361185643  
3 
2  40 
2  0 
1  0 1606160126  
1  1 1123829637  
3 
2  69 
1  0 77113934  
3 
2  31 
1  47 120203396  
2  46 
1  57 1267693494  
3 
1  1 633275153  
1  94 399920784  
1  3 1285060126  
2  88 
1  46 1941889295  
3 
2  2 
3 
1  0 1327380174  
3 
1  1 366698492  
2  18 
1  1 1909863292  
2  2 
2  5 
1  16 1220214073  
2  0 
3 
1  42 409350611  
1  8 517517611  
2  2 
3 
1  3 1125112467  
2  2 
1  3 831582111  
2  0 
2  64 
1  3 896444408  
3 
2  0 
3 
1  9 357451831  
3 
1  22 1537462586  
2  0 
1  2 1719037027  
1  64 1212881888  
3 
3 
3 
3 
1  2 1438308716  
1  3 325656987  
3 
3 
3 
2  58 
2  5 
3 
3 
1  0 1742680205  
3 
3 
1  102 23970291  
2  0 
2  46 
2  49 
1  23 1046289200  
1  89 1347814652  
1  4 1674937362  
2  1 
2  0 
2  1 
2  103 
1  1 1335143758  
1  0 561516648  
2  23 
2  42 
3 
2  32 
2  3 
2  0 
1  1 1133613840  
2  26 
1  3 311489747  
3 
2  0 
2  3 
2  49 
1  13 638630582  
2  1 
1  1 1253817236  
1  56 1579183242  
1  4 1271905735  
2  83 
3 
1  85 1653738020  
3 
1  1 716759720  
1  79 1066311382  
3 
2  3 
3 
3 
3 
3 
3 
3 
2  1 
3 
2  22 
2  33 
2  59 
1  1 833634546  
1  34 1083458212  
2  1 
2  1 
3 
3 
2  0 
3 
3 
3 
1  0 828691026  
3 
1  0 2053848619  
3 
2  0 
2  36 
3 
3 
3 
1  0 1492808823  
1  0 1346208637  
3 
3 
2  47 
1  1 1031477438  
1  3 176907286  
3 
2  31 
1  1 95169397  
2  0 
2  44 
3 
2  2 
2  10 
3 
2  3 
2  45 
3 
3 
2  1 
3 
3 
3 
3 
3 
2  0 
2  0 
1  84 1388929270  
2  0 
2  97 
2  0 
2  44 
2  19 
2  79 
2  0 
2  0 
3 
2  0 
2  70 
2  2 
2  0 
3 
2  0 
3 
3 
2  0 
1  0 1714369872  
2  0 
3 
1  0 1814206425  
3 
2  0 
2  53 
2  0 
2  0 
3 
1  83 454327510  
1  0 1005194941  
2  0 
2  0 
3 
1  79 2139863412  
1  52 49524068  
3 
2  0 
1  50 1029165232  
2  39 
2  18 
1  56 1038668964  
2  0 
1  45 1397338720  
3 
3 
3 
1  0 556618946  
1  0 226329074  
2  45 
3 
3 
1  73 1958855368  
2  98 
1  0 1690232786  
3 
2  2 
1  0 537818822  
2  1 
2  1 
3 
1  0 450002302  
2  1 
1  51 796566374  
3 
1  0 2117002064  
3 
3 
3 
3 
3 
3 
1  80 1721908038  
1  24 302820746  
2  19 
3 
3 
3 
3 
1  0 686278136  
2  0 
1  88 640735772  
3 
2  0 
3 
3 
3 
3 
1  0 1136455292  
2  82 
1  1 1769736348  
2  0 
2  76 
3 
2  85 
1  7 1469426799  
1  1 1042820263  
1  2 1115061524  
2  0 
1  1 668151788  
2  0 
1  22 2074297701  
1  26 1291968810  
2  44 
1  90 763321186  
2  2 
3 
3 
1  101 1315743323  
1  1 858855035  
3 
2  0 
1  86 430043963  
3 
2  57 
2  1 
2  0 
3 
3 
2  76 
1  82 1770070834  
3 
3 
1  20 1864049976  
1  71 422423727  
2  0 
1  64 1819594902  
3 
2  0 
2  67 
1  70 745731560  
1  0 1461092691  
1  0 1069449974  
3 
3 
2  0 
1  0 1302350506  
2  3 
1  1 1687421766  
1  0 880821695  
2  23 
3 
3 
3 
2  0 
1  44 845099644  
2  28 
1  73 77756940  
3 
1  0 1330823997  
2  0 
2  84 
1  2 1641666018  
1  1 47275356  
2  24 
1  0 905248387  
1  4 1944486764  
1  31 733553492  
1  98 1545984160  
1  45 933458408  
3 
1  52 355806192  
1  7 867927311  
2  3 
2  22 
3 
3 
1  0 1976278671  
2  102 
3 
1  5 1470867716  
1  25 1536079099  
2  69 
3 
3 
3 
1  34 1903092724  
2  6 
2  1 
2  52 
2  90 
1  38 615352879  
3 
2  54 
3 
1  3 151916637  
1  58 1071352400  
2  5 
3 
3 
2  64 
1  64 1474207914  
3 
3 
3 
1  0 581960600  
2  34 
1  0 693939586  
1  23 1190774242  
1  0 1004384327  
2  44 
1  3 366050840  
3 
2  33 
2  9 
3 
1  6 1936505802  
2  105 
1  9 317993371  
2  5 
2  39 
1  5 1435500814  
3 
3 
3 
3 
2  110 
1  84 1091372660  
1  77 2005415137  
3 
3 
3 
1  3 168838861  
1  7 1936472304  
3 
2  103 
2  3 
2  96 
1  26 2083172077  
2  83 
2  105 
3 
3 
1  100 1499662859  
2  47 
2  8 
3 
3 
1  5 1430654674  
3 
1  6 2130447433  
1  39 257427598  
2  46 
1  106 1227657790  
1  81 716517277  
3 
3 
3 
2  6 
1  37 1803411758  
2  109 
1  39 13632550  
3 
1  67 1072323469  
3 
2  8 
1  24 523855421  
1  6 1989911221  
1  28 395707538  
1  50 2059934521  
3 
1  106 1745520297  
3 
3 
3 
1  59 1011060417  
3 
1  22 64367510  
2  2 
2  0 
1  8 669389049  
1  56 337784683  
2  102 
1  25 646328111  
3 
3 
1  18 1363328635  
3 
1  4 1528558925  
2  24 
3 
3 
2  45 
1  10 1650712438  
1  4 1729379475  
1  90 1317581079  
3 
3 
1  44 1968705809  
1  73 1017396642  
2  1 
1  5 261470091  
2  60 
3 
3 
1  59 1826637298  
1  74 1186235503  
2  25 
3 
2  5 
3 
2  101 
2  91 
3 
2  40 
1  114 50458747  
3 
3 
2  10 
3 
3 
2  4 
2  82 
2  46 
2  1 
2  7 
3 
2  0 
1  1 1762325727  
3 
1  7 538414714  
2  61 
3 
2  45 
1  0 1481113421  
2  99 
1  0 1745289512  
3 
1  0 795842313  
2  11 
1  90 561287563  
3 
2  3 
3 
1  10 314323141  
2  0 
2  1 
2  0 
1  4 451770423  
2  33 
1  74 574920113  
1  9 1386646611  
2  5 
1  7 975625845  
1  8 417347686  
2  11 
1  110 1782354149  
3 
2  52 
1  58 888076718  
2  23 
1  42 15384335  
1  60 645930918  
2  6 
3 
1  0 952444228  
3 
3 
3 
2  82 
3 
1  19 684773385  
3 
1  8 983715601  
1  11 1598772339  
2  1 
1  53 2048102020  
3 
2  17 
3 
3 
1  2 364790878  
3 
2  1 
2  2 
3 
3 
2  86 
2  33 
1  3 1102001130  
3 
2  103 
2  69 
2  2 
2  10 
2  0 
1  2 1629997848  
1  59 1682371957  
3 
2  5 
2  48 
3 
1  9 923223291  
3 
3 
2  73 
1  10 499910842  
2  82 
2  3 
2  4 
1  9 1943842048  
3 
1  10 602376942  
1  103 1686146345  
3 
2  41 
1  27 1994300795  
3 
1  76 217219021  
1  65 77077412  
2  0 
3 
3 
1  24 1327930568  
3 
3 
1  109 1962508534  
3 
2  54 
1  97 872919725  
2  4 
1  3 1889218131  
1  4 129348027  
3 
2  91 
3 
2  45 
2  10 
1  62 1324690148  
1  102 316654596  
2  72 
3 
3 
1  6 1515994638  
3 
3 
1  4 152832345  
2  98 
1  9 734002282  
1  0 1150865139  
1  64 1040909063  
2  36 
2  82 
1  93 749386617  
3 
3 
1  13 1796796057  
1  58 1993353292  
1  3 1434160002  
2  107 
1  51 633028010  
3 
3 
1  115 1444641983  
2  11 
2  76 
3 
1  14 1334778375  
3 
1  5 997818888  
3 
3 
1  7 399159465  
1  53 817292575  
1  96 532707197  
2  14 
2  5 
3 
3 
3 
3 
2  1 
1  17 1322382757  
3 
3 
1  101 1317203417  
1  29 329065597  
1  96 1924759699  
2  60 
3 
2  56 
1  13 855866114  
3 
2  10 
2  105 
1  14 175882744  
3 
1  17 2141978720  
1  15 932943526  
2  97 
3 
1  4 1503813312  
2  19 
1  114 1957003606  
2  118 
2  9 
2  1 
2  67 
3 
2  13 
2  52 
3 
1  6 1805863251  
3 
2  0 
1  35 1245547795  
2  10 
1  9 2086351634  
1  11 983069752  
2  27 
2  2 
1  6 1562202391  
2  5 
1  12 1454862624  
2  12 
1  0 1135902097  
2  55 
1  16 148721025  
3 
2  2 
3 
2  2 
3 
1  43 458244116  
3 
1  87 29327513  
3 
1  68 898107643  
3 
3 
3 
3 
2  99 
1  12 107556525  
1  21 2022680805  
3 
2  77 
3 
2  34 
1  9 184783997  
2  9 
3 
2  37 
2  19 
1  9 740584536  
1  118 1319839140  
1  1 1519562372  
2  82 
1  20 1738403424  
2  57 
1  2 1718998606  
3 
2  37 
3 
2  7 
1  10 189371299  
3 
1  73 123626974  
3 
2  12 
3 
3 
3 
2  71 
1  11 893897715  
3 
1  53 1506574716  
1  3 452692571  
1  19 671173766  
3 
2  80 
3 
1  87 214957183  
3 
2  1 
2  15 
1  29 628575316  
2  5 
1  3 665668838  
3 
2  9 
1  38 1147900709  
1  1 2132388628  
2  9 
3 
1  59 475188797  
2  12 
1  14 806280313  
2  13 
3 
3 
3 
3 
2  63 
1  43 1230452776  
3 
1  17 414056783  
2  18 
3 
2  107 
2  32 
1  26 1789350065  
3 
2  37 
3 
2  17 
1  69 645171519  
1  15 1868919407  
3 
3 
2  11 
3 
3 
2  59 
1  35 777768514  
3 
3 
1  104 793892545  
2  5 
2  44 
3 
2  88 
1  58 179679875  
2  8 
3 
1  50 807096027  
2  100 
2  78 
2  0 
1  61 1692000188  
2  6 
3 
2  65 
1  2 287236401  
2  11 
3 
3 
2  42 
3 
2  1 
2  49 
2  1 
1  14 682293184  
1  6 1876784185  
2  5 
1  105 1027820937  
3 
1  10 2002132325  
3 
2  48 
1  0 1248862910  
1  58 618740713  
3 
1  56 1573647283  
3 
1  30 1438234209  
3 
2  92 
1  64 742367687  
3 
3 
3 
2  4 
2  10 
1  3 320061350  
1  35 797325278  
3 
2  7 
1  5 1195060259  
2  42 
3 
3 
2  86 
3 
3 
2  1 
2  91 
3 
2  2 
1  57 991235116  
1  9 1012282461  
2  8 
2  3 
2  90 
2  29 
2  12 
1  0 1823635575  
1  69 1656903954  
3 
2  21 
2  98 
2  100 
3 
1  8 12699522  
2  7 
1  58 1808540555  
1  64 2132092751  
2  7 
1  3 818979835  
1  4 891509683  
3 
2  1 
3 
1  6 398665886  
2  0 
3 
1  11 460846252  
2  78 
3 
2  9 
1  0 1536681203  
3 
2  80 
2  86 
2  87 
1  4 120101646  
3 
2  92 
1  77 1238614767  
1  7 183090100  
2  6 
1  68 299781521  
2  4 
3 
2  9 
3 
3 
2  68 
2  46 
2  5 
1  1 2045710794  
2  31 
1  8 1875090288  
2  5 
3 
3 
2  89 
3 
1  77 587017922  
1  1 580520331  
3 
3 
3 
2  65 
1  8 1604390825  
2  6 
1  33 1614838859  
1  10 435169008  
3 
1  3 705770087  
2  2 
1  6 86095925  
2  22 
3 
1  105 2008816291  
2  7 
2  12 
2  100 
2  68 
1  5 2144004297  
2  0 
2  44 
2  14 
1  13 828463612  
2  1 
1  0 181393993  
1  6 793845927  
2  4 
1  9 2023523871  
3 
1  52 1172629109  
2  88 
2  2 
3 
3 
2  7 
2  6 
2  10 
2  72 
3 
1  43 1806128388  
2  0 
3 
3 
2  1 
2  13 
1  0 1699675798  
2  0 
1  90 682049415  
1  72 1818827910  
2  4 
1  1 1360732706  
2  64 
3 
1  3 666658519  
1  0 490324098  
2  4 
1  40 104758741  
2  88 
3 
2  1 
1  104 1065324405  
2  2 
1  1 951170350  
1  2 1641439944  
3 
3 
2  37 
1  63 1185426051  
2  2 
2  43 
3 
2  23 
2  6 
3 
1  0 42301469  
2  5 
3 
1  91 1824530044  
1  4 1485207573  
3 
1  1 2088012264  
2  50 
3 
3 
3 
1  97 1552136684  
2  36 
1  17 2072225495  
3 
3 
1  69 521048947  
3 
2  52 
3 
3 
3 
3 
3 
2  45 
1  92 1009043862  
2  0 
1  2 1539580707  
3 
1  6 956217955  
1  108 1714813949  
3 
2  2 
2  1 
3 
1  3 1625676632  
1  26 817550598  
1  4 1711334598  
1  6 306656596  
1  9 998944591  
2  19 
1  26 357696877  
3 
2  8 
2  88 
3 
1  13 182696820  
2  4 
2  109 
2  95 
2  78 
1  4 24090052  
3 
1  85 16341617  
3 
2  9 
2  85 
3 
1  84 1882372618  
1  5 706139467  
3 
2  61 
3 
3 
1  94 1835169528  
2  2 
3 
1  6 1095621676  
1  7 1372797986  
1  25 178009978  
2  8 
2  73 
1  2 1200380418  
3 
1  6 290638744  
1  108 1129180328  
1  53 694336714  
3 
2  30 
3 
1  6 1476064795  
1  0 1171481798  
1  23 371383111  
1  4 813788720  
3 
2  109 
1  4 1112010414  
2  25 
3 
3 
2  15 
2  0 
1  31 1923519795  
3 
1  34 738530568  
1  6 1633059361  
1  32 785080009  
1  6 130627627  
2  4 
1  11 441793668  
2  9 
2  14 
1  0 352410311  
1  10 1756304259  
1  2 1259344266  
3 
3 
2  33 
3 
3 
3 
3 
1  42 2063744909  
2  5 
3 
1  82 2062960855  
2  92 
1  14 110805209  
2  30 
3 
1  3 273958139  
3 
1  16 98174027  
1  14 134895261  
2  115 
1  49 290299756  
1  17 1980546646  
2  13 
1  86 841034728  
1  106 2125469284  
2  15 
1  10 928684674  
2  22 
1  62 66349067  
1  63 155995614  
2  61 
1  49 2129065092  
2  34 
1  19 356987811  
2  20 
3 
2  59 
3 
2  119 
1  59 1285175943  
2  108 
3 
1  71 675918159  
2  25 
2  5 
3 
1  1 1833052606  
3 
3 
1  94 309174093  
3 
1  0 1047301270  
2  23 
3 
3 
1  3 499357679  
2  11 
2  70 
3 
3 
2  6 
2  17 
2  65 
3 
2  71 
1  92 1421184507  
2  1 
2  15 
2  1 
3 
1  50 823337417  
2  14 
1  98 1237888247  
3 
2  9 
2  13 
2  0 
3 
3 
1  102 906760220  
1  67 1608417427  
2  11 
3 
3 
1  0 1368515874  
2  10 
3 
2  31 
1  30 1348553888  
2  38 
2  4 
1  0 1960827738  
1  92 977336485  
3 
3 
2  3 
3 
3 
1  78 460414506  
3 
2  47 
3 
1  6 1877088999  
3 
2  60 
3 
1  33 892813692  
3 
1  67 571219715  
1  107 3563490  
3 
1  90 990987720  
1  18 706114976  
1  3 293863247  
1  106 824050718  
2  66 
3 
3 
3 
1  20 1547149704  
1  0 271848883  
1  79 1752735392  
2  5 
2  8 
1  18 1613498771  
1  3 427844498  
1  84 1734316837  
3 
1  4 1970486582  
2  19 
3 
1  7 1713020441  
3 
1  8 262751348  
3 
2  3 
2  77 
3 
2  29 
3 
2  85 
2  58 
1  66 1656055541  
2  1 
3 
3 
1  66 2022194534  
3 
2  73 
2  8 
2  71 
3 
2  7 
2  7 
3 
1  34 1310052618  
1  8 7929572  
1  3 1295895393  
2  6 
1  1 2133390035  
2  6 
2  3 
2  1 
2  73 
2  5 
3 
2  41 
1  4 1245817819  
2  6 
3 
2  0 
2  46 
1  102 55171965  
2  5 
1  18 1594323814  
3 
2  1 
2  1 
2  1 
1  59 466850045  
3 
3 
2  11 
3 
1  1 1403725853  
2  2 
2  0 
1  0 1407667904  
3 
2  86 
2  10 
3 
3 
2  69 
2  1 
3 
2  6 
2  97 
1  61 1444186530  
3 
1  0 1864140359  
2  78 
3 
3 
3 
3 
2  1 
2  26 
3 
1  1 1137273256  
2  41 
3 
2  95 
2  9 
1  0 189516574  
2  92 
2  22 
1  0 287876426  
2  35 
1  3 1140836746  
3 
3 
3 
1  2 1180504294  
3 
2  19 
3 
3 
2  69 
3 
2  5 
1  73 993991402  
2  47 
3 
2  0 
2  1 
2  26 
3 
2  1 
1  0 1434699993  
2  72 
1  88 2004555012  
3 
1  2 393657458  
3 
3 
3 
2  80 
1  12 1706548877  
2  62 
2  20 
2  0 
2  2 
1  0 1609806757  
1  77 2007156230  
2  61 
3 
2  3 
1  0 2134393375  
3 
1  3 1196639946  
3 
1  78 1830159164  
1  1 1699930168  
1  5 1459391294  
3 
3 
2  61 
2  5 
3 
3 
1  94 1338731057  
2  18 
3 
2  4 
3 
2  4 
1  0 1574641054  
2  104 
3 
3 
2  90 
1  103 621960264  
1  4 1346660629  
1  82 723052799  
1  98 607866651  
1  65 444994800  
1  23 778224764  
1  103 54706818  
2  3 
2  83 
2  79 
1  1 911844845  
2  57 
1  3 34466969  
1  95 1462374722  
3 
2  5 
1  48 208547727  
1  37 1898607328  
1  4 452164330  
2  81 
1  5 398064302  
1  93 39000106  
2  49 
2  4 
1  47 1593001077  
3 
2  1 
2  4 
1  3 1578568596  
1  29 1032991508  
3 
3 
1  4 880217422  
3 
3 
1  46 1435639961  
3 
1  99 1426648966  
2  36 
1  2 439282651  
1  6 897963070  
1  3 1286321548  
3 
1  19 426192378  
1  22 2094603016  
2  99 
3 
3 
3 
1  7 968997065  
1  8 2126122546  
2  0 
2  10 
2  37 
1  99 1406510662  
2  8 
2  82 
2  9 
1  8 160244474  
1  110 1553279952  
1  79 2028470926  
1  1 1506905104  
1  31 128849103  
3 
3 
2  68 
3 
2  4 
1  23 488853929  
2  3 
2  3 
1  24 1951899904  
3 
3 
1  1 907073867  
3 
2  64 
1  34 543560747  
3 
3 
3 
1  85 716261102  
3 
3 
3 
2  49 
3 
2  2 
2  50 
1  1 941540836  
2  2 
1  53 2005935470  
2  7 
1  75 924808829  
2  3 
3 
1  82 692664516  
1  78 310616152  
3 
1  93 1322873131  
3 
2  59 
2  1 
3 
1  49 731664622  
2  70 
1  3 1903617229  
1  38 753958080  
1  3 1764656130  
3 
2  104 
3 
3 
2  58 
2  5 
2  34 
1  4 636351004  
3 
1  5 42114393  
3 
1  83 1043821449  
2  77 
3 
3 
2  75 
2  7 
1  0 1075633655  
2  23 
2  81 
1  5 940077463  
1  2 182659349  
1  1 1501826034  
1  2 887196831  
2  6 
2  34 
2  7 
3 
1  30 1151656414  
1  5 1480464932  
3 
2  93 
2  7 
1  3 146223845  
1  45 1311900889  
2  83 
1  22 886261237  
2  86 
1  39 27211123  
1  16 671322345  
3 
2  5 
1  0 1015110340  
3 
3 
2  5 
2  36 
1  0 516065052  
2  28 
2  2 
3 
1  52 475738601  
2  81 
3 
1  18 1922184208  
2  6 
2  7 
2  22 
2  34 
3 
3 
2  57 
1  59 1059625800  
2  6 
1  6 1191999703  
2  5 
1  6 716241396  
1  102 918077622  
3 
3 
3 
1  5 2116808533  
1  4 1408905913  
3 
1  64 1228693774  
1  0 1292198016  
2  45 
1  2 2140570535  
1  0 984827356  
3 
2  9 
2  9 
3 
1  26 2046156096  
1  90 1757743018  
3 
2  71 
1  0 1621178360  
2  83 
2  48 
3 
1  11 2088270489  
1  91 654080819  
2  6 
3 
3 
2  17 
1  26 549328367  
1  61 880864304  
3 
1  11 836740168  
2  17 
3 
1  8 2051154401  
3 
1  80 1768061135  
3 
3 
1  39 1988396583  
3 
1  90 1384135686  
1  5 1914284980  
3 
2  4 
1  11 1152813824  
3 
2  12 
3 
2  4 
1  7 122913275  
2  40 
2  41 
1  100 1941496103  
3 
3 
3 
1  13 1824136169  
1  86 1138023615  
3 
1  3 310077508  
3 
3 
3 
1  37 152391122  
2  14 
1  1 912724175  
3 
2  73 
2  35 
1  60 1369703308  
3 
3 
2  15 
2  4 
2  31 
3 
2  4 
3 
2  89 
2  18 
2  0 
1  102 1344390826  
3 
2  105 
3 
3 
3 
2  96 
2  3 
1  9 1628965572  
3 
1  11 140297282  
2  69 
3 
1  0 1313715711  
1  2 890387837  
1  11 1368991056  
2  0 
1  114 458430079  
3 
2  59 
1  29 883474724  
3 
1  94 206334764  
3 
3 
3 
1  1 357102528  
2  15 
2  2 
2  60 
3 
3 
3 
3 
3 
2  26 
3 
1  25 493734094  
1  7 1827513124  
1  2 297889369  
1  75 1147814913  
3 
1  96 229357844  
2  13 
3 
3 
2  11 
2  4 
1  104 1178753674  
2  5 
3 
1  7 1984555082  
3 
1  85 133028597  
1  8 799331161  
3 
1  6 1825468017  
3 
1  2 1517164283  
3 
1  28 566132494  
2  30 
1  2 830798193  
1  74 1640077558  
3 
1  19 360144949  
1  117 507450714  
2  16 
1  102 630617526  
3 
2  21 
1  93 670222457  
1  27 659841836  
1  70 1543341701  
3 
3 
3 
2  34 
2  107 
3 
2  16 
2  2 
1  22 2039925765  
1  0 2004232662  
3 
3 
1  42 1024823625  
3 
3 
1  88 32739399  
1  80 1170464725  
3 
3 
2  13 
2  86 
2  1 
1  82 1915211462  
1  34 1401730456  
2  98 
3 
2  77 
3 
1  98 1628894805  
1  7 651202539  
1  56 1608065220  
2  79 
3 
1  1 1985997333  
2  76 
3 
3 
2  9 
2  0 
2  108 
3 
3 
2  5 
1  27 1144936633  
1  108 1288094697  
3 
1  9 136403054  
1  63 145267899  
2  0 
1  5 1517452541  
2  110 
1  49 1315156728  
2  61 
3 
2  5 
3 
2  40 
3 
3 
2  46 
1  85 2129822981  
2  17 
1  78 1650481138  
3 
2  107 
2  67 
3 
3 
1  2 2114487890  
1  69 1807807350  
1  52 1020161774  
3 
3 
3 
2  12 
2  8 
1  91 533136736  
2  49 
2  9 
1  8 491121895  
2  20 
1  100 512755684  
3 
1  97 893281685  
2  6 
3 
3 
1  29 998572609  
1  10 1143373210  
3 
2  107 
2  7 
3 
1  1 1563504143  
1  91 1658414445  
3 
1  9 539231264  
1  43 1455946260  
2  89 
1  9 1515163460  
1  103 1564054889  
2  23 
3 
2  8 
3 
2  3 
3 
2  12 
1  105 1488685660  
1  105 538144537  
1  0 1331782704  
3 
1  60 742932468  
1  4 19555694  
2  84 
2  20 
3 
1  15 1982985243  
3 
3 
1  111 203514040  
3 
2  74 
1  48 2005553027  
3 
2  106 
3 
3 
1  0 980438228  
2  1 
2  11 
3 
3 
2  9 
1  6 1491608737  
3 
2  9 
1  70 2141956082  
2  29 
2  80 
3 
1  93 1125706127  
3 
3 
1  45 861577630  
1  11 1309629162  
3 
2  81 
1  32 1108045460  
1  103 364575121  
2  46 
1  11 1276633404  
2  24 
2  13 
1  18 768369162  
3 
3 
1  48 1384736895  
1  49 1809770140  
2  11 
3 
2  18 
2  10 
2  30 
2  0 
1  8 1259491057  
1  41 1897492579  
2  8 
3 
1  69 555568178  
1  2 110580018  
2  2 
3 
3 
3 
2  7 
1  5 893382142  
3 
2  99 
1  4 2119072321  
3 
1  53 1768994464  
3 
3 
1  1 1432613406  
1  4 1427534933  
2  80 
1  5 1136674276  
2  3 
1  11 849184647  
1  7 768736945  
3 
2  33 
2  36 
1  103 1674818813  
1  4 33483703  
3 
1  4 1511669413  
1  1 1694374508  
2  0 
1  2 2016468946  
3 
2  89 
2  23 
2  94 
2  4 
2  12 
3 
3 
3 
1  95 1715183454  
3 
3 
3 
1  64 1552443887  
1  87 849423527  
1  9 1059308543  
2  42 
2  65 
1  6 1546916321  
1  7 1975129654  
3 
1  7 1920886174  
1  101 709061836  
1  118 935691467  
2  2 
3 
3 
3 
1  96 137977647  
2  3 
2  64 
1  17 1985695240  
3 
2  8 
2  52 
3 
3 
2  51 
2  60 
3 
3 
3 
2  11 
3 
2  52 
2  3 
2  14 
2  3 
1  111 1704060629  
3 
1  53 1522714542  
2  57 
3 
3 
1  10 1647981733  
3 
1  14 816068039  
1  11 1272723473  
2  31 
1  15 56066263  
3 
3 
1  117 926648057  
3 
1  95 18621967  
2  57 
2  32 
1  8 27654936  
3 
2  16 
3 
1  37 548158873  
2  59 
3 
3 
3 
3 
2  12 
2  9 
1  34 1451235373  
1  90 1455189869  
1  42 1684833149  
1  8 152936373  
3 
1  17 76443167  
2  83 
3 
2  8 
2  16 
1  82 1212168315  
2  15 
3 
1  3 186420076  
1  42 1588112580  
2  10 
2  0 
3 
2  98 
3 
2  64 
3 
1  111 759059175  
2  2 
2  4 
2  60 
2  5 
2  32 
3 
3 
2  6 
2  4 
2  3 
1  4 55405375  
2  13 
1  91 1155812386  
3 
1  61 164019414  
2  24 
1  4 904828902  
2  0 
3 
2  3 
1  66 67637282  
1  0 1710935736  
1  39 732474908  
3 
2  6 
2  3 
2  5 
1  7 1988523456  
3 
3 
2  72 
1  2 272513924  
3 
3 
3 
3 
1  6 1668166375  
2  86 
1  60 2126501103  
3 
1  99 110725516  
3 
3 
1  29 1224743357  
1  32 1501731997  
1  97 1758707249  
3 
1  68 2040811396  
2  105 
1  7 626971822  
3 
1  3 1814773512  
3 
3 
1  8 819975805  
1  9 645593790  
3 
1  4 1842428448  
1  8 1368134679  
1  12 2096829163  
3 
3 
2  10 
2  3 
3 
1  38 1150134670  
3 
2  9 
3 
2  3 
3 
1  50 905484180  
1  48 102281888  
3 
3 
1  7 1226577837  
2  7 
3 
1  35 2117652495  
2  3 
1  49 288701965  
1  4 667206769  
1  76 729228022  
1  4 344107340  
2  0 
1  106 1823019156  
2  30 
1  35 893247437  
3 
1  77 1248936242  
3 
1  20 1890656438  
2  0 
1  34 456699525  
1  6 1981411150  
2  8 
2  44 
1  43 1731696246  
2  26 
2  90 
3 
3 
3 
3 
1  92 729213449  
2  84 
1  1 1502093878  
1  8 1710713701  
2  88 
1  7 839938965  
1  96 579353587  
1  48 1064962050  
2  105 
3 
3 
3 
1  58 451162567  
3 
1  1 472681335  
1  6 1691933872  
3 
2  55 
3 
2  12 
1  0 118452431  
1  11 1292657140  
1  111 190044014  
2  8 
3 
2  0 
1  79 1960880880  
1  53 513308171  
3 
1  35 139389530  
3 
3 
1  58 963531902  
3 
1  112 1418792352  
1  7 241671418  
3 
2  12 
1  8 42626091  
1  70 1388961199  
3 
1  7 530373383  
3 
3 
1  0 709832860  
1  87 2118189222  
1  92 874480723  
1  101 385368368  
2  5 
2  34 
3 
2  32 
2  6 
3 
2  4 
2  3 
3 
3 
2  98 
3 
2  74 
1  34 863953011  
1  0 2123416965  
3 
3 
1  5 128541158  
3 
3 
2  4 
1  4 1320652536  
3 
3 
2  18 
1  111 1957344468  
2  65 
1  32 1860237404  
3 
1  5 2049865985  
2  12 
3 
3 
3 
3 
1  15 1311954698  
3 
3 
3 
3 
1  15 1423467457  
1  62 742321302  
1  16 1891308285  
2  7 
2  2 
2  13 
2  6 
2  9 
3 
1  3 340945859  
3 
3 
3 
1  97 1193483869  
2  6 
3 
2  8 
1  3 216505972  
2  4 
3 
3 
2  50 
3 
3 
1  0 2032879732  
1  1 1311936301  
3 
3 
2  4 
2  65 
2  47 
3 
3 
3 
3 
1  68 1509163112  
1  31 75440098  
3 
2  9 
1  53 1125333533  
1  6 2022471284  
2  7 
3 
1  23 214829628  
2  6 
3 
1  17 2088865435  
3 
3 
2  111 
3 
1  7 1293779988  
2  44 
2  1 
2  4 
2  27 
3 
3 
2  1 
3 
2  6 
3 
1  4 456501047  
2  100 
1  1 2131491526  
3 
3 
3 
3 
2  8 
3 
1  69 535257539  
2  6 
1  3 986874430  
1  2 693840738  
1  7 505963113  
2  76 
2  54 
2  16 
2  82 
3 
3 
2  12 
2  92 
1  7 1861355154  
3 
2  11 
1  24 1079209107  
3 
3 
2  62 
2  23 
2  58 
3 
2  68 
2  90 
3 
3 
2  82 
3 
2  1 
2  7 
2  4 
3 
3 
3 
3 
3 
2  12 
2  23 
2  6 
2  2 
1  0 1369916124  
3 
1  3 1837288471  
2  0 
2  72 
1  36 1207750265  
2  5 
2  34 
1  58 543085012  
1  4 1647149291  
1  6 920504022  
2  16 
1  69 445467349  
1  25 811620341  
3 
2  82 
1  65 196487831  
2  3 
2  46 
2  2 
3 
2  79 
1  0 1187788652  
3 
1  0 555444978  
3 
3 
1  83 537433691  
1  3 233788873  
3 
3 
3 
2  80 
3 
2  8 
2  7 
3 
1  29 771950950  
3 
3 
3 
3 
3 
2  3 
2  7 
1  5 422829775  
3 
2  1 
2  22 
3 
1  100 1545725174  
1  5 133630415  
1  40 498269873  
3 
1  16 523575059  
2  5 
3 
2  50 
2  2 
1  84 8618051  
2  57 
1  36 713099502  
2  4 
2  0 
3 
3 
3 
3 
2  61 
2  2 
3 
2  0 
1  0 464956846  
3 
3 
1  59 1302398039  
2  0 
3 
1  46 1169600549  
2  0 
3 
3 
1  97 448964724  
2  0 
2  60 
1  0 1837655578  
3 
2  87 
3 
1  0 8991331  
1  15 1142805463  
3 
1  61 196135044  
2  83 
2  81 
1  0 1870346485  
2  1 
2  1 
2  0 
2  19 
1  59 74530922  
1  21 1566051168  
1  68 1560151309  
1  0 1282281187  
3 
2  0 
3 
1  0 2109136181  
3 
2  0 
2  6 
1  80 1059816952  
2  28 
1  52 55301561  
3 
1  63 407119882  
1  0 1871437294  
1  17 251789393  
1  0 1594908534  
2  1 
3 
1  91 279398624  
2  26 
2  0 
2  3 
1  18 789223084  
1  87 1828697408  
1  1 1051349575  
3 
1  0 1212052859  
1  0 1226938934  
1  0 1184979990  
3 
1  9 1710322732  
1  0 1750513994  
2  0 
2  2 
1  1 1193598041  
2  2 
3 
1  1 275938586  
2  20 
2  8 
3 
2  93 
1  85 67987192  
1  0 348512432  
1  3 1445539135  
1  1 516951917  
2  78 
1  106 38684362  
3 
1  2 1454530467  
1  1 1659757380  
2  7 
2  37 
1  84 234819406  
2  12 
3 
2  0 
3 
2  84 
1  2 1177393304  
1  16 1734288302  
2  61 
2  3 
2  89 
1  2 1800870575  
1  40 590060965  
2  65 
3 
1  38 869085841  
2  6 
1  5 1762523108  
2  20 
3 
1  25 1649877918  
1  0 924387403  
2  6 
1  6 22159342  
2  108 
1  17 1373831564  
2  102 
2  4 
2  104 
3 
1  1 1176176796  
3 
2  62 
1  35 1617067877  
2  11 
2  0 
2  1 
3 
2  60 
2  92 
2  5 
1  50 1653230188  
2  94 
2  85 
1  1 1965399880  
3 
3 
1  5 1298281637  
2  3 
2  3 
2  4 
3 
3 
3 
2  23 
2  99 
1  2 557096115  
1  51 1029969091  
1  90 377736923  
1  0 1742076105  
2  25 
2  8 
3 
1  65 592808175  
1  32 2128250917  
3 
3 
3 
3 
3 
2  42 
3 
2  1 
3 
2  4 
1  3 788190498  
3 
1  81 868746762  
3 
2  0 
3 
1  0 48754462  
2  24 
1  89 1136702930  
3 
1  3 166802249  
2  90 
2  0 
1  2 565706379  
1  2 1175387293  
2  0 
3 
1  46 1621332716  
2  55 
3 
1  5 77980111  
1  40 1410206699  
3 
2  62 
1  28 651242373  
2  2 
2  5 
1  3 1812268413  
3 
2  0 
3 
1  3 1063593626  
3 
1  34 1241303338  
2  3 
3 
2  41 
2  2 
2  0 
3 
3 
3 
3 
3 
2  2 
2  0 
1  0 533870606  
3 
3 
3 
2  1 
3 
2  24 
2  0 
2  81 
3 
3 
1  0 678633086  
1  15 743697608  
1  0 1458258009  
1  52 700792429  
3 
2  91 
3 
2  0 
1  58 2117529172  
3 
2  0 
3 
2  0 
1  40 486951157  
2  0 
3 
1  52 170376658  
3 
1  1 1623275713  
1  0 304867389  
3 
2  27 
3 
2  20 
3 
2  92 
1  0 1468658295  
1  24 32888180  
3 
1  6 1334836480  
1  0 1846395218  
1  70 1774964286  
3 
1  39 1927644656  
3 
3 
1  23 1827162488  
2  0 
1  15 415671136  
2  16 
3 
2  1 
2  0 
3 
2  0 
2  86 
1  0 648907770  
2  0 
1  0 1875916950  
1  22 1552374067  
1  0 815710019  
1  1 294139681  
3 
2  35 
1  14 580277712  
3 
3 
1  91 289559088  
2  6 
2  1 
2  37 
3 
2  1 
2  18 
3 
3 
1  32 372119792  
3 
1  0 1990484411  
1  83 940801461  
2  15 
1  16 36904557  
3 
1  1 906594390  
1  37 34621151  
2  22 
2  1 
2  34 
1  42 570775163  
3 
2  0 
1  57 1585227476  
3 
3 
