3 
1  58 1284277735  
3 
3 
1  96 1043197760  
1  0 1043689289  
2  4 
3 
2  100 
1  0 731310696  
3 
3 
1  71 893027109  
1  91 1326237456  
2  19 
2  0 
2  0 
1  0 377115894  
2  25 
1  71 456151716  
1  45 2074768981  
2  57 
3 
1  0 839741129  
3 
3 
2  1 
3 
3 
2  0 
3 
3 
3 
1  0 2003838305  
2  0 
1  45 2137365628  
2  0 
2  1 
3 
3 
2  0 
1  0 1019987361  
3 
1  67 453134831  
3 
2  0 
2  31 
3 
3 
2  0 
1  45 1375514424  
2  0 
3 
1  0 544669378  
2  101 
3 
3 
2  0 
2  31 
3 
1  39 420032211  
2  29 
2  74 
3 
3 
2  55 
1  0 212702600  
3 
3 
1  86 1946083550  
1  0 848319736  
2  0 
1  0 637201267  
2  1 
1  0 526356925  
3 
2  9 
3 
2  0 
3 
1  16 389775363  
2  56 
2  80 
2  28 
2  89 
3 
2  46 
1  0 654617944  
1  1 1424257049  
3 
2  48 
1  2 1923970023  
2  3 
2  37 
3 
2  79 
1  97 2005292056  
3 
3 
1  0 536411843  
3 
1  24 720912406  
2  38 
1  61 1959818515  
1  3 1063564615  
2  37 
2  46 
1  79 2005190142  
3 
2  51 
1  63 855532627  
3 
3 
1  20 2107253905  
3 
2  4 
1  88 589017190  
3 
1  62 1748559737  
2  30 
1  1 1286007713  
3 
1  3 966133084  
3 
2  3 
2  27 
2  3 
2  2 
1  70 57227805  
2  2 
1  38 1213293046  
1  1 1805874214  
3 
3 
1  61 2061066110  
3 
1  2 1203175026  
3 
2  77 
3 
1  20 678377927  
2  104 
2  3 
1  0 366717293  
2  82 
1  40 431205803  
3 
3 
3 
3 
2  1 
1  0 1223047305  
1  17 786749504  
2  45 
1  1 643908403  
3 
2  2 
1  26 1021647207  
3 
1  1 1635069240  
1  1 1281109670  
2  5 
1  50 1548004132  
2  0 
2  59 
1  63 2024844604  
1  1 1935727614  
1  2 824777534  
1  4 1801330979  
3 
2  5 
2  5 
1  74 1793536023  
3 
2  3 
1  2 1361189377  
3 
3 
3 
1  84 374759737  
1  15 1605870890  
1  3 277270344  
3 
3 
3 
1  3 232466231  
1  2 313919870  
1  5 237040601  
3 
1  99 821483422  
3 
3 
3 
2  34 
3 
2  2 
3 
2  94 
2  21 
3 
1  5 2062479607  
1  33 1523048315  
2  4 
3 
2  1 
1  2 1787616506  
2  10 
3 
3 
1  4 2119707412  
1  2 588857713  
3 
3 
1  14 1446007072  
1  16 2033289874  
2  3 
2  46 
2  6 
1  66 1792032740  
3 
2  89 
2  49 
1  90 2124385000  
2  76 
1  0 252523520  
1  103 75754895  
2  63 
1  18 1199948657  
1  51 1039273024  
1  8 719663298  
3 
1  1 74112217  
3 
3 
2  45 
1  13 526858617  
1  54 2000772968  
1  60 1622116349  
3 
3 
2  0 
3 
3 
3 
3 
2  46 
3 
3 
1  7 404219573  
2  111 
3 
1  2 1789016934  
1  4 299410235  
2  73 
3 
1  6 58066904  
1  18 1435069309  
1  1 1660599612  
3 
2  108 
2  90 
1  27 432826641  
2  43 
1  86 893456552  
2  6 
1  5 1937869957  
1  55 665292873  
1  57 1207376422  
2  12 
3 
2  8 
1  40 27426910  
3 
2  64 
3 
2  2 
2  62 
2  37 
1  4 1486776295  
3 
1  66 1122372381  
1  47 1550475225  
2  2 
3 
1  39 1126909153  
2  5 
1  1 1094596145  
2  32 
3 
3 
3 
1  11 2139332939  
1  0 425432578  
2  14 
1  72 980402371  
1  39 1783882031  
3 
2  1 
1  102 402333930  
2  53 
3 
1  102 1232925891  
3 
3 
3 
1  1 1859636926  
2  59 
1  53 1602282587  
2  95 
1  8 124715268  
1  12 431816576  
2  24 
2  15 
1  42 1676394804  
1  47 651573885  
2  74 
2  57 
3 
3 
3 
1  5 285105896  
1  55 1151027506  
2  4 
3 
1  66 1055793458  
1  62 2074122830  
1  9 1450437741  
2  108 
3 
1  113 1113860362  
3 
3 
1  31 1361708492  
1  11 963553706  
2  70 
3 
2  11 
2  45 
3 
1  18 1546687003  
2  69 
3 
3 
2  24 
1  83 107681396  
2  104 
1  44 753940015  
2  83 
3 
3 
3 
1  30 64496228  
1  5 1315057818  
3 
3 
3 
3 
3 
3 
1  5 781366925  
2  85 
2  101 
2  59 
2  118 
2  72 
1  1 1551272523  
2  86 
2  46 
1  28 289946551  
1  7 184358503  
1  8 530698029  
2  23 
3 
1  65 1384542696  
3 
1  95 176207794  
2  5 
2  2 
2  117 
3 
3 
1  69 956130607  
1  1 217461419  
2  88 
2  81 
1  72 1960089825  
3 
3 
1  64 1358464537  
2  99 
2  1 
3 
2  70 
3 
1  64 1450387311  
2  8 
3 
3 
3 
3 
3 
3 
1  37 1672243103  
3 
3 
3 
1  38 813263476  
3 
3 
3 
2  17 
1  113 1575102579  
2  15 
2  96 
2  6 
1  42 2104059679  
2  94 
3 
2  67 
1  40 342174633  
2  4 
3 
3 
3 
2  0 
3 
1  103 79192816  
1  6 241681927  
2  26 
1  86 1493202139  
3 
3 
3 
2  51 
3 
2  7 
1  35 1134986274  
1  9 168321109  
3 
1  4 796156232  
3 
3 
2  14 
2  31 
1  10 101362988  
2  8 
1  84 1530029601  
1  111 1759709938  
2  71 
2  0 
2  7 
1  14 1648049991  
1  36 1637710997  
3 
3 
3 
3 
2  1 
1  10 366166305  
3 
2  20 
1  8 1712546220  
3 
3 
2  6 
2  2 
1  7 805285167  
2  59 
1  16 1147533231  
2  40 
1  51 1116335095  
3 
2  64 
3 
1  4 1095231718  
3 
3 
2  15 
2  45 
1  82 1331891734  
2  87 
1  7 1647033124  
3 
3 
1  6 332290766  
2  45 
3 
1  42 1508099528  
3 
3 
2  94 
3 
3 
1  65 455680083  
2  72 
1  76 549752186  
1  111 1320705705  
2  6 
3 
1  73 1814144620  
2  47 
2  0 
2  3 
2  1 
3 
2  69 
1  21 2000139497  
3 
1  10 845465160  
3 
3 
2  9 
2  89 
1  38 479924449  
1  96 1427758428  
3 
3 
2  18 
2  5 
3 
3 
3 
3 
2  20 
1  5 802041191  
1  24 822099082  
3 
3 
1  102 1506951244  
3 
2  91 
3 
2  62 
2  0 
1  61 1043723118  
1  109 167817573  
3 
1  4 494453870  
1  62 1212044227  
3 
1  92 963973805  
3 
1  58 595816858  
2  107 
2  8 
3 
1  94 594590181  
1  48 576200096  
1  46 96383201  
2  9 
1  67 84817530  
2  4 
2  100 
1  91 942366401  
1  4 1808929421  
3 
1  5 890102698  
3 
1  20 2089899632  
1  95 777780869  
1  6 1985334416  
2  8 
1  9 1274307718  
3 
3 
2  70 
1  13 277330345  
2  94 
3 
1  29 170141535  
2  4 
1  47 634923598  
2  67 
3 
2  44 
1  9 733010429  
2  8 
2  23 
1  8 719893721  
3 
3 
2  88 
1  5 1955629303  
3 
3 
2  84 
3 
2  8 
1  95 399671401  
1  1 572549570  
2  26 
3 
3 
1  1 653610815  
2  113 
2  9 
2  108 
2  8 
2  4 
1  28 879595850  
2  15 
3 
3 
1  4 2000307998  
1  7 1455652006  
2  2 
3 
1  21 1701694932  
3 
2  0 
3 
2  12 
3 
3 
1  2 1359775594  
1  51 351891476  
1  77 1869512505  
2  97 
1  2 1854229464  
1  6 1563935704  
2  11 
2  21 
2  0 
2  19 
3 
3 
3 
3 
1  62 686002663  
1  43 302562674  
1  0 11042237  
3 
3 
3 
1  24 1262202759  
3 
2  0 
2  78 
1  55 398945875  
3 
2  51 
1  5 95859767  
1  11 57085512  
2  6 
2  16 
1  46 60391649  
2  3 
2  6 
3 
3 
1  101 985962465  
2  63 
2  106 
1  92 2146985145  
1  30 838172518  
1  8 823813234  
2  6 
1  72 1273809215  
3 
2  56 
2  7 
1  33 1115502863  
1  69 993954769  
3 
1  80 1908732814  
1  7 1848513292  
2  0 
3 
2  1 
1  6 1713848490  
2  7 
3 
2  1 
1  81 1716878469  
3 
2  2 
3 
3 
2  5 
2  2 
1  1 100701046  
3 
2  104 
3 
2  45 
1  84 138914412  
1  75 223005637  
3 
3 
1  3 980296896  
1  77 2139222410  
2  2 
2  60 
3 
2  16 
2  62 
1  91 1678657643  
1  35 534508181  
1  2 1351514356  
2  3 
3 
2  99 
2  79 
2  1 
2  0 
1  53 2030549120  
3 
1  2 256537038  
1  1 1058260172  
2  64 
3 
3 
3 
1  3 1447001176  
3 
1  4 942539701  
3 
1  4 1360822846  
2  1 
3 
3 
2  4 
1  46 1458043413  
2  0 
3 
3 
3 
2  32 
3 
3 
1  2 57258812  
2  4 
2  92 
3 
1  0 1759768721  
1  0 1553903180  
2  73 
3 
2  107 
2  79 
2  57 
1  3 114344325  
2  43 
1  6 1820160370  
2  2 
3 
1  0 392381998  
2  70 
1  27 113845822  
3 
2  91 
3 
1  8 510849240  
2  1 
3 
1  86 1216195232  
1  7 1387655037  
1  5 1626352104  
1  7 62666353  
3 
3 
3 
2  9 
2  0 
3 
3 
1  0 1148904203  
2  7 
2  3 
3 
3 
3 
2  5 
3 
2  4 
2  50 
3 
2  3 
1  1 1327381748  
2  36 
3 
1  5 1776514843  
1  17 718299025  
2  0 
3 
3 
1  6 1428082794  
1  90 1915429255  
2  50 
1  44 941304662  
1  35 260896043  
1  35 1907168017  
3 
3 
3 
2  23 
3 
3 
3 
3 
3 
1  54 472478657  
1  52 795404224  
3 
1  82 1111198725  
2  17 
2  6 
1  78 355544129  
2  4 
2  71 
2  78 
1  66 1051941262  
2  3 
2  0 
3 
1  76 21975249  
2  2 
1  0 1802545305  
1  2 1994480964  
3 
3 
2  3 
3 
3 
2  11 
2  1 
2  0 
1  55 1382798095  
2  7 
2  86 
2  1 
3 
2  0 
3 
1  68 1113105070  
1  0 2051739776  
3 
3 
1  84 995083168  
1  32 519524603  
1  37 18600453  
2  4 
2  47 
3 
1  0 667759891  
3 
2  72 
3 
3 
3 
2  0 
1  0 911906601  
1  0 132446275  
3 
3 
1  0 1178609131  
1  97 2128101833  
2  0 
1  1 1520101313  
1  20 657477587  
1  0 43284538  
1  3 521521868  
1  7 1984859336  
2  3 
1  75 1819799381  
3 
2  57 
3 
2  38 
3 
2  0 
3 
1  1 1239820893  
1  4 1265458482  
2  78 
1  4 1587744988  
3 
3 
1  75 33641907  
3 
3 
1  6 1526354525  
2  2 
1  5 1347429357  
1  62 506120565  
3 
3 
1  3 174275101  
3 
3 
3 
2  60 
2  91 
2  1 
2  25 
2  0 
2  5 
1  3 311144434  
2  5 
3 
3 
3 
1  5 861664694  
2  6 
3 
2  29 
2  5 
2  4 
1  0 1226216364  
3 
3 
1  2 333119683  
1  0 516726352  
2  3 
3 
1  36 1073213680  
3 
2  77 
3 
3 
1  2 1715917778  
2  37 
2  10 
1  1 1629831422  
2  32 
3 
3 
2  94 
2  2 
1  86 977469808  
3 
1  2 563517298  
2  0 
2  6 
3 
3 
1  49 1872377  
2  1 
3 
3 
1  73 996070262  
2  79 
3 
1  93 1231277189  
2  2 
3 
2  64 
3 
2  37 
1  48 913778978  
1  1 1128516537  
2  88 
1  72 262402673  
1  15 894397163  
1  34 501134202  
2  39 
1  0 919880260  
3 
2  69 
3 
2  2 
1  0 937681701  
2  1 
3 
2  2 
2  1 
1  0 1022656071  
2  81 
2  1 
3 
3 
1  14 757255948  
2  99 
2  94 
3 
2  2 
1  0 609997434  
3 
2  45 
2  2 
1  1 114993316  
2  91 
2  2 
3 
3 
1  1 2022714431  
3 
1  60 50258774  
3 
3 
3 
3 
1  0 148635224  
1  2 1401585308  
2  0 
1  3 1397688131  
3 
3 
2  74 
3 
1  34 654755789  
3 
3 
2  3 
2  1 
1  1 1575860410  
2  0 
1  2 1708832565  
1  47 1516420483  
3 
2  27 
2  101 
3 
1  46 654593126  
3 
3 
1  3 2041952248  
3 
2  60 
2  1 
1  12 2033146835  
3 
2  51 
3 
2  1 
1  1 1727806806  
3 
1  2 1610386378  
3 
1  3 1515494610  
3 
1  11 557792966  
1  103 26420029  
1  3 1517366987  
3 
1  95 1553863228  
1  65 1257697218  
2  29 
1  5 283662318  
1  1 534896118  
2  1 
1  42 1520099891  
3 
1  5 1178059481  
3 
1  7 1036030320  
1  13 292496504  
1  1 2115741183  
1  2 2058686391  
3 
1  10 1049752452  
3 
3 
2  6 
2  43 
3 
1  49 578254969  
3 
2  54 
3 
2  20 
3 
2  9 
3 
3 
2  36 
2  38 
1  9 26196060  
1  82 924983235  
3 
1  61 628513744  
3 
3 
3 
1  97 174831284  
1  59 179084896  
1  4 2026201875  
2  5 
3 
2  7 
2  4 
3 
3 
3 
3 
1  82 829587073  
2  2 
2  25 
3 
2  8 
3 
2  3 
2  6 
3 
3 
2  101 
3 
3 
3 
3 
3 
1  95 1754945306  
3 
3 
2  97 
2  84 
2  74 
3 
2  1 
2  36 
3 
1  84 1587550793  
1  13 198523908  
2  54 
3 
3 
2  0 
2  1 
3 
3 
2  0 
3 
3 
3 
2  1 
3 
2  0 
2  0 
1  28 262054784  
2  81 
2  0 
3 
1  0 1482019393  
3 
2  83 
2  100 
3 
3 
1  62 84187096  
1  48 1989861590  
2  0 
1  83 944922124  
2  85 
3 
2  0 
2  81 
2  0 
2  58 
1  0 1599681706  
2  98 
1  100 400170908  
3 
1  45 971342153  
2  0 
2  50 
1  0 969565045  
1  0 1954034137  
1  0 81555723  
2  77 
1  2 1253227363  
2  0 
3 
3 
3 
3 
3 
2  0 
1  1 341446607  
1  54 1601655615  
3 
3 
3 
3 
3 
1  1 283803197  
2  2 
1  0 1377476927  
3 
3 
2  3 
1  89 1894152119  
2  2 
3 
1  0 252060732  
2  2 
3 
1  72 1288679671  
3 
2  1 
3 
2  0 
1  7 796420923  
2  85 
1  0 830315701  
1  0 1314875731  
3 
1  11 1721404159  
3 
2  0 
2  0 
3 
1  0 1458829445  
2  0 
2  51 
1  48 1489707015  
2  0 
1  26 1900489055  
1  0 1337547673  
2  0 
2  5 
3 
1  66 171810440  
2  0 
3 
3 
2  0 
3 
2  23 
3 
3 
1  64 1507950713  
2  0 
3 
1  0 777614818  
2  6 
2  55 
1  66 370334348  
1  0 1770005497  
3 
3 
1  0 112150563  
2  1 
2  18 
3 
3 
1  69 454521444  
2  0 
2  0 
3 
1  93 1612383439  
1  0 1057072687  
2  0 
2  40 
2  28 
2  14 
1  0 2054203150  
1  49 2012554347  
1  0 2028414840  
1  74 876284548  
2  0 
1  0 1819104836  
3 
1  64 2109970564  
1  1 2129511911  
1  1 13067795  
2  15 
3 
2  2 
2  80 
1  0 1564142531  
2  65 
3 
1  10 265831460  
2  46 
3 
2  51 
3 
2  33 
2  3 
1  2 1390544723  
2  0 
1  2 1310811002  
2  4 
1  3 517892192  
3 
1  3 531740746  
1  3 2107231925  
3 
3 
3 
3 
3 
2  104 
1  88 1348207894  
3 
3 
1  49 1846616477  
1  69 1681152436  
1  2 659553691  
1  80 1188839844  
2  4 
2  6 
1  5 1434157843  
1  51 1997101364  
2  0 
3 
3 
1  2 1360650284  
2  5 
2  72 
3 
2  33 
2  65 
3 
3 
2  4 
1  5 794624908  
3 
1  78 627232534  
1  5 1730984632  
3 
1  23 417146757  
2  77 
3 
3 
2  58 
3 
3 
2  97 
2  76 
3 
2  0 
2  4 
3 
1  57 739383098  
3 
3 
1  26 38022429  
1  1 2029530196  
3 
1  2 1796455785  
3 
1  2 2092225579  
2  70 
1  94 1894600896  
1  1 1677386978  
2  68 
1  28 821026479  
2  80 
3 
2  36 
1  14 1566222084  
2  75 
3 
3 
2  1 
3 
2  76 
3 
1  55 1639873894  
3 
2  1 
2  5 
3 
2  2 
3 
2  93 
1  48 803054743  
1  70 1579289880  
1  39 1056532777  
1  4 1068886203  
3 
3 
1  18 822350955  
2  7 
3 
3 
2  5 
2  2 
1  88 219860131  
1  3 1586778396  
2  4 
2  0 
2  1 
2  13 
1  68 1354091701  
3 
3 
2  1 
3 
3 
3 
2  0 
2  16 
3 
1  0 179608408  
2  0 
3 
1  0 787502642  
2  42 
2  74 
2  90 
2  43 
3 
2  16 
3 
1  0 1053224530  
2  1 
1  85 1860760845  
1  27 1447056333  
1  7 94580726  
1  0 1147435040  
1  1 1296674050  
3 
2  2 
3 
2  1 
2  0 
1  77 1455231010  
1  0 1942059949  
1  0 1923906584  
1  59 1038731994  
2  0 
1  0 211723058  
3 
3 
1  53 515806034  
3 
3 
2  1 
2  0 
3 
2  25 
2  0 
3 
2  35 
2  24 
1  0 1076754423  
3 
3 
2  0 
1  21 93769607  
1  0 164778172  
1  45 1021496355  
1  49 1988370503  
2  0 
3 
2  0 
3 
3 
1  0 1842165150  
1  40 1842522834  
1  0 1407108939  
2  52 
1  0 1334555396  
1  3 498093929  
1  57 838915171  
3 
2  71 
3 
1  2 243604525  
1  64 1566980133  
3 
3 
2  71 
3 
2  31 
1  2 1661266126  
2  3 
1  1 463464656  
3 
2  65 
1  56 1006274881  
2  5 
3 
3 
3 
2  56 
3 
3 
2  13 
3 
1  2 867874179  
3 
2  3 
1  4 643073064  
3 
1  1 1793777523  
2  88 
2  2 
3 
3 
2  106 
2  0 
2  91 
1  87 1921098709  
3 
3 
3 
1  2 356350261  
3 
1  62 1093350208  
3 
2  1 
2  38 
3 
3 
2  4 
1  3 2015679435  
1  70 1503785302  
3 
1  1 242540610  
2  68 
3 
2  0 
3 
1  4 1323426797  
2  57 
2  89 
1  6 1298361603  
3 
3 
3 
1  2 18963547  
3 
3 
1  73 214675144  
2  68 
3 
2  6 
1  1 1510084661  
2  62 
2  1 
2  83 
1  4 534769581  
2  10 
2  69 
2  5 
2  2 
2  5 
3 
1  0 1291429567  
3 
1  3 1603854268  
3 
3 
3 
3 
3 
1  92 699547753  
2  105 
2  36 
2  76 
1  17 165442274  
3 
1  6 1444741123  
3 
3 
1  76 394229255  
3 
2  0 
3 
1  3 2007965109  
3 
1  52 704366415  
3 
3 
1  11 1728784651  
3 
1  45 358575390  
2  3 
2  67 
1  1 1543281586  
1  39 1972389176  
2  46 
3 
3 
1  94 1925555523  
3 
2  5 
3 
2  4 
2  38 
3 
2  5 
2  76 
1  85 1057064065  
3 
3 
3 
3 
3 
2  86 
2  3 
3 
1  0 288370184  
3 
1  4 784346756  
3 
3 
1  0 1924938244  
3 
3 
3 
1  34 931443249  
1  2 430640631  
2  42 
1  48 1698553306  
2  5 
2  2 
2  3 
3 
3 
3 
3 
3 
2  0 
2  1 
3 
1  79 1287793510  
1  2 1523990840  
2  2 
3 
1  63 1566749093  
1  80 644095164  
3 
3 
1  2 1766531450  
1  1 742692243  
2  56 
1  0 1942456767  
2  5 
1  100 1785494997  
2  87 
3 
3 
3 
2  4 
2  0 
3 
1  63 957367387  
3 
1  0 1305057781  
1  3 172780931  
2  1 
3 
1  3 101313306  
2  82 
3 
2  0 
1  2 761428401  
1  83 872328684  
3 
1  4 266755581  
2  5 
1  99 58685877  
2  58 
3 
2  57 
1  7 1266557940  
2  4 
1  59 127237042  
1  3 763052292  
2  4 
3 
3 
2  2 
2  91 
2  18 
1  78 847858943  
3 
3 
3 
2  0 
1  1 485812432  
3 
2  70 
1  18 158850230  
1  32 672764472  
2  1 
3 
2  86 
2  37 
1  29 263884308  
2  1 
2  41 
2  59 
2  0 
3 
3 
1  0 1215914295  
1  65 961134656  
2  47 
3 
2  0 
3 
2  77 
2  0 
1  0 1048231064  
1  37 993368892  
3 
2  0 
1  0 1892577905  
1  94 1478871696  
2  18 
2  0 
2  43 
1  66 544438550  
1  27 1032887768  
1  0 855378888  
2  68 
3 
1  0 2111187643  
3 
2  66 
1  0 1676982932  
3 
2  0 
2  0 
1  60 474426690  
2  0 
3 
1  0 706396238  
2  64 
1  57 1471956052  
3 
3 
1  0 112438040  
2  1 
2  0 
2  71 
3 
3 
3 
2  98 
1  37 1663763625  
1  33 629530185  
1  0 285218971  
2  0 
1  0 1765076932  
1  71 1390958586  
1  24 1157547655  
1  59 2031832513  
1  34 1449644463  
3 
2  0 
2  12 
1  0 276621947  
1  15 11585907  
1  93 65213107  
1  7 1124480891  
1  0 497398339  
2  8 
1  95 224063338  
1  70 1797245363  
2  97 
3 
1  77 761282647  
1  1 1439977633  
3 
2  17 
2  86 
1  23 610896371  
3 
2  54 
1  2 1809513712  
2  9 
2  0 
1  98 285862877  
2  43 
3 
3 
1  34 355990629  
1  98 1140901760  
3 
1  2 830301427  
3 
1  63 1388878397  
2  1 
1  2 1996280648  
1  11 794005423  
1  1 918377681  
1  3 323223690  
1  1 1500401661  
3 
2  5 
3 
2  83 
3 
3 
1  102 242850085  
3 
2  0 
3 
1  4 435661730  
2  2 
2  4 
1  43 1016681639  
3 
2  0 
2  14 
3 
1  36 872380270  
3 
3 
1  0 720880701  
1  67 634274923  
3 
3 
3 
2  1 
1  16 115855209  
2  57 
1  64 1878428357  
1  1 518623788  
3 
1  13 1565499672  
3 
1  10 7566656  
3 
1  82 530209695  
1  18 1630712780  
3 
3 
3 
2  0 
2  0 
1  1 1132047547  
2  2 
1  49 1027608034  
3 
1  0 1854776118  
3 
2  8 
1  1 781809262  
3 
1  81 1788890682  
3 
1  99 1147270103  
1  2 1392705634  
1  2 1450920746  
3 
2  42 
3 
2  103 
1  52 1433132981  
1  7 1748696263  
1  18 444338858  
3 
1  48 115950760  
2  85 
3 
2  106 
3 
3 
1  25 990091012  
3 
2  3 
2  82 
3 
3 
2  81 
3 
3 
1  0 293135858  
3 
2  72 
3 
3 
3 
2  3 
3 
1  3 909956183  
3 
3 
2  55 
1  81 1908468693  
2  41 
3 
3 
3 
3 
2  33 
1  89 616359548  
2  38 
2  56 
2  20 
3 
3 
2  2 
2  3 
3 
3 
1  44 262874197  
2  1 
2  73 
3 
2  1 
3 
1  1 3835131  
2  1 
3 
2  1 
1  50 1052021279  
1  0 1279555836  
2  75 
2  43 
3 
1  1 876215401  
2  2 
3 
3 
1  37 1772901980  
2  69 
1  0 1913830759  
3 
2  62 
3 
3 
3 
1  12 992070610  
3 
1  19 1503846689  
3 
1  1 284970899  
1  103 410086635  
1  2 1511413346  
1  4 815180594  
3 
3 
1  96 2040799415  
3 
3 
2  30 
3 
3 
1  48 495977245  
2  3 
3 
3 
1  4 1842788628  
2  52 
3 
1  53 1748091885  
3 
1  105 1277786508  
1  106 1484195662  
1  4 747878340  
2  22 
3 
3 
1  1 523008494  
3 
2  88 
3 
3 
1  47 787632760  
3 
1  2 33527673  
2  3 
1  82 124221109  
1  13 1231971618  
1  2 149478434  
1  108 1114312121  
2  6 
2  79 
3 
2  4 
2  1 
2  90 
1  81 1525107476  
3 
1  0 1059434617  
3 
3 
3 
2  50 
1  89 875297166  
3 
2  68 
3 
2  105 
2  40 
3 
1  6 2141467025  
1  87 1322308814  
3 
1  42 879132297  
3 
2  97 
3 
1  21 1046004656  
3 
3 
3 
3 
3 
2  4 
3 
3 
2  1 
1  75 454381002  
1  0 1755347699  
2  4 
3 
2  86 
2  4 
2  101 
2  93 
1  0 671422988  
2  0 
1  66 220728113  
3 
3 
3 
1  19 599934661  
3 
2  80 
3 
2  67 
3 
3 
1  2 27786030  
2  2 
1  0 505699012  
3 
2  1 
2  0 
2  26 
3 
2  81 
1  2 1010021296  
2  1 
2  2 
3 
1  7 1539199376  
2  2 
2  48 
2  1 
3 
2  40 
3 
3 
2  59 
1  0 1320879606  
1  0 903337063  
2  1 
3 
2  59 
3 
3 
1  1 2035176621  
1  89 1016184587  
1  40 503945300  
1  29 1165479481  
1  2 352896601  
3 
1  2 1251823641  
3 
3 
2  64 
1  2 1688487975  
3 
1  63 1140529362  
3 
1  5 1285351314  
1  6 1812709084  
1  1 225017332  
2  18 
3 
1  4 1434829748  
1  70 779537557  
3 
3 
1  28 1750124809  
1  7 346780718  
3 
3 
3 
1  62 1654834724  
1  85 1744108186  
3 
2  31 
1  35 1669089532  
2  50 
1  0 386483373  
2  0 
2  35 
1  24 642629194  
1  53 2123470535  
2  72 
1  7 2141831072  
3 
3 
1  110 1314052182  
2  69 
1  0 196715000  
3 
1  66 594282086  
2  58 
3 
1  30 1341838212  
3 
2  67 
3 
3 
3 
3 
3 
1  24 702414013  
3 
2  10 
3 
1  9 1604303382  
1  7 733553940  
1  29 2023293619  
1  68 360156798  
3 
1  0 621246914  
2  64 
1  10 891994558  
1  13 864102098  
3 
2  8 
2  8 
2  14 
1  11 1786726395  
3 
1  90 1244891160  
3 
2  0 
2  13 
1  95 2115925739  
2  80 
2  66 
1  9 1327730723  
2  3 
1  4 237936874  
1  12 1253793406  
3 
2  4 
2  78 
2  21 
3 
2  70 
3 
1  1 992956159  
3 
3 
2  3 
3 
2  34 
3 
3 
1  2 462954206  
1  8 541139506  
3 
2  4 
3 
3 
3 
3 
3 
3 
3 
3 
1  69 1772493717  
1  65 65595367  
2  12 
3 
3 
1  101 887920224  
3 
2  101 
2  7 
2  5 
2  19 
2  24 
2  4 
1  47 1279844793  
2  1 
2  7 
3 
2  1 
1  6 1809703553  
2  1 
3 
2  72 
2  90 
1  12 409526109  
1  104 1666328166  
1  77 304849099  
2  7 
1  26 385512996  
3 
3 
3 
3 
3 
3 
2  4 
2  8 
1  1 1660675591  
3 
2  101 
3 
2  75 
3 
3 
3 
3 
2  8 
3 
3 
1  90 1618901282  
1  0 582227996  
1  29 107474029  
1  7 813255846  
2  2 
1  19 1284642009  
3 
1  104 1711777411  
2  106 
1  45 1546809787  
1  7 1160451981  
2  70 
3 
2  71 
1  13 2071934209  
1  95 20573053  
1  8 2052446539  
1  17 788552660  
1  7 1807299448  
3 
1  29 1149854051  
2  22 
3 
1  3 756994751  
1  67 987546523  
1  48 1387790925  
2  78 
1  78 2010788157  
2  78 
1  82 1980502683  
1  2 1850745132  
1  1 404444016  
3 
3 
1  5 1605512752  
3 
2  109 
1  81 1916340499  
1  6 1292364240  
3 
3 
2  47 
3 
1  6 737873897  
3 
2  5 
3 
2  92 
3 
2  79 
1  98 1578560405  
2  10 
2  41 
2  4 
3 
2  9 
1  3 1701890349  
2  89 
3 
1  7 256718415  
3 
2  9 
3 
1  13 1883409504  
2  19 
3 
1  56 2087403345  
2  98 
2  6 
2  30 
3 
2  11 
3 
3 
1  9 1917394006  
2  0 
3 
2  10 
1  101 1354827138  
2  86 
3 
3 
3 
2  6 
3 
2  69 
2  9 
1  101 522147694  
3 
1  7 2024868035  
2  111 
2  0 
2  7 
3 
1  22 20599337  
2  2 
1  2 1806789703  
2  27 
2  3 
2  28 
1  4 1589161799  
3 
3 
1  64 1567409124  
2  3 
3 
3 
2  24 
2  6 
2  40 
2  25 
2  51 
1  2 819758036  
1  1 1513612360  
1  6 1587982177  
3 
1  8 724720928  
3 
2  3 
2  28 
3 
1  108 154681372  
3 
2  99 
2  4 
1  6 1247797977  
3 
2  6 
2  0 
3 
3 
2  39 
2  0 
3 
3 
3 
3 
2  1 
3 
1  3 1874574979  
2  5 
3 
3 
3 
1  46 911676124  
3 
1  3 87860853  
2  100 
1  4 1114882257  
1  3 774980633  
1  32 2068363536  
1  5 818143741  
3 
3 
3 
3 
2  88 
2  107 
1  8 1179424649  
3 
1  6 1526392640  
3 
2  7 
2  1 
3 
3 
3 
3 
3 
2  91 
2  9 
3 
1  0 587000592  
2  4 
2  3 
1  2 324305242  
3 
2  6 
3 
1  3 116782889  
1  2 18077349  
2  5 
3 
2  2 
3 
2  68 
2  5 
3 
2  72 
1  11 2026195591  
2  2 
3 
3 
2  1 
3 
3 
2  2 
2  81 
3 
2  47 
3 
2  80 
3 
1  1 373501304  
2  58 
3 
2  67 
2  0 
3 
2  12 
3 
1  1 1901486854  
1  3 1966115289  
1  95 143411663  
3 
1  3 1108830344  
2  3 
1  93 340779335  
2  31 
3 
1  17 20796050  
3 
1  78 1129429681  
3 
1  55 85390  
2  64 
2  95 
2  0 
2  98 
1  43 1609957849  
3 
3 
1  3 549355157  
2  4 
1  1 819843427  
2  5 
2  1 
1  0 976086562  
2  71 
3 
1  73 2137337334  
3 
3 
1  64 1544564355  
1  3 1130767934  
1  4 1237651664  
3 
2  89 
1  14 1271655686  
2  3 
3 
2  33 
1  2 2042444058  
2  4 
2  2 
2  2 
2  3 
3 
3 
1  0 1325512517  
1  1 239054295  
1  28 669941044  
3 
1  3 1246392405  
3 
3 
3 
1  63 1057198036  
2  4 
3 
2  25 
2  1 
1  35 1849365693  
3 
1  3 625301397  
1  61 1644198629  
2  40 
1  2 26187287  
1  1 742084286  
2  1 
2  20 
2  0 
3 
2  0 
1  103 1662275978  
2  92 
3 
2  0 
1  2 2052382879  
3 
3 
2  82 
3 
3 
3 
3 
3 
1  86 1115585590  
1  1 1416279184  
1  7 1871014520  
2  26 
1  24 1258997253  
3 
2  4 
2  68 
2  75 
1  3 377625881  
1  1 64310207  
3 
2  2 
1  36 1279793304  
2  3 
3 
3 
2  0 
1  0 1507055562  
3 
2  2 
2  2 
3 
1  101 64395597  
1  54 742267505  
3 
3 
2  1 
1  71 2056410720  
1  27 884239024  
3 
1  0 1718354067  
2  1 
3 
1  0 2046264406  
2  17 
3 
1  0 281319731  
1  1 701638354  
3 
1  3 1136432422  
3 
3 
2  4 
2  2 
1  0 1552975418  
3 
1  5 596598764  
3 
3 
3 
2  2 
3 
2  2 
3 
2  75 
1  0 314461291  
2  2 
2  0 
3 
3 
1  0 1792029713  
1  43 1266539808  
3 
1  78 1560853696  
1  74 701744102  
2  0 
2  53 
3 
3 
3 
2  41 
1  19 968421854  
2  0 
1  0 38671445  
3 
3 
1  37 198459083  
3 
2  0 
3 
3 
1  93 994609141  
2  33 
2  40 
1  0 780755731  
2  0 
2  47 
1  0 1860735061  
2  0 
1  98 899508372  
3 
2  9 
1  7 1896341322  
2  0 
2  65 
3 
1  50 1129530598  
1  39 623039244  
2  97 
1  28 1007854927  
2  0 
1  0 1507156479  
1  0 687349451  
3 
3 
2  38 
2  24 
3 
2  45 
1  33 140164583  
3 
1  0 866728393  
2  1 
1  87 751745049  
2  99 
3 
3 
2  0 
1  22 882432089  
3 
3 
1  0 775655465  
3 
2  1 
1  60 1635984073  
1  0 453302508  
3 
3 
3 
1  3 674436224  
3 
2  0 
2  0 
2  64 
1  0 1917303805  
1  0 1154940862  
3 
1  49 1810868646  
2  1 
1  0 1322795575  
1  1 1751539627  
3 
2  90 
3 
3 
2  67 
1  2 2125329938  
1  3 967341640  
1  3 870595787  
3 
3 
1  36 1538699986  
3 
1  15 1669085742  
3 
1  11 1839017641  
2  2 
2  64 
3 
2  3 
1  1 1577371432  
2  0 
2  0 
2  40 
1  58 1867544825  
2  86 
2  9 
2  1 
2  1 
1  10 686143135  
2  0 
3 
2  31 
1  0 210643515  
3 
2  35 
3 
3 
3 
2  68 
2  77 
2  0 
1  0 1580796239  
2  34 
1  74 1585651507  
3 
2  66 
2  52 
1  0 2106984837  
1  52 562843189  
1  32 61207104  
3 
3 
3 
3 
1  38 967356117  
1  83 2069999668  
3 
2  48 
1  0 748556555  
1  0 1107520700  
1  0 789244413  
3 
2  3 
1  9 1500301604  
1  2 1989952789  
2  95 
1  57 1564899879  
3 
1  0 988802030  
2  3 
2  39 
3 
2  65 
1  0 295771650  
2  0 
2  1 
3 
2  1 
2  2 
1  72 91852455  
2  0 
3 
2  24 
1  42 758622187  
3 
2  63 
2  25 
3 
3 
3 
1  30 1450712512  
1  0 1902721101  
3 
1  13 2081417762  
2  0 
2  0 
3 
2  21 
3 
2  36 
3 
1  0 1054768491  
2  32 
2  89 
3 
3 
3 
1  0 1880567391  
1  8 901275754  
3 
2  55 
3 
2  0 
2  93 
3 
1  0 1925364279  
3 
2  9 
2  24 
2  93 
1  91 1271783730  
2  0 
3 
2  82 
2  0 
3 
1  94 422877849  
2  0 
3 
3 
1  0 1616898272  
2  76 
3 
2  40 
1  86 701671514  
1  0 142939026  
3 
3 
1  39 155557759  
3 
2  40 
3 
3 
1  0 912315029  
3 
3 
1  61 1723735265  
3 
2  90 
2  94 
1  60 1741209267  
1  2 871816219  
2  87 
1  2 139094806  
1  39 1802416371  
1  1 1839172336  
1  5 61610826  
2  6 
2  0 
2  2 
1  0 403489278  
3 
2  58 
1  2 799209388  
3 
1  48 850855240  
2  97 
1  5 1903790883  
3 
1  93 641678530  
1  5 268271471  
1  2 745109265  
3 
2  80 
3 
1  23 937450180  
1  0 360123926  
3 
1  82 1503731452  
3 
1  1 240679044  
2  3 
1  7 115361379  
3 
1  5 1437665566  
2  45 
1  7 1295447536  
2  6 
3 
2  10 
1  82 1995928771  
1  84 191457672  
2  84 
3 
3 
2  5 
1  53 1073328167  
1  6 1120228853  
2  6 
1  0 614335521  
1  61 542742791  
3 
1  94 1821900367  
3 
2  9 
1  56 757274548  
1  64 698300551  
1  12 586731748  
1  60 333526165  
2  76 
2  91 
3 
1  9 292026170  
2  0 
2  2 
1  7 1458547967  
1  87 472620972  
3 
3 
2  6 
1  3 2094442541  
2  55 
3 
3 
3 
2  5 
3 
3 
1  2 1150236655  
1  66 534231798  
1  9 350448171  
3 
3 
2  109 
1  86 1949446044  
3 
2  6 
2  15 
1  9 1385087038  
1  105 106755406  
1  61 443640926  
2  0 
3 
2  23 
3 
2  4 
3 
1  100 1653358509  
2  3 
3 
1  5 851864671  
1  5 1381091106  
1  33 2013482435  
2  6 
3 
1  8 208112475  
3 
3 
1  8 1621770150  
3 
3 
1  100 2128843815  
2  4 
2  6 
3 
2  6 
2  65 
2  7 
3 
2  87 
3 
3 
1  68 1645778041  
3 
1  5 769734038  
3 
2  6 
3 
2  73 
1  5 1977288938  
1  89 1837235714  
2  3 
3 
3 
3 
2  68 
1  2 1843062205  
2  3 
3 
2  2 
3 
1  0 950034143  
3 
3 
1  104 304087587  
1  0 238321349  
1  54 624450862  
3 
2  32 
1  1 1061362135  
2  103 
1  68 936621900  
1  2 1211182610  
1  83 1394888301  
1  17 1228648070  
1  58 522246930  
2  1 
1  0 1867509273  
3 
3 
3 
2  4 
3 
3 
1  36 1175606963  
1  1 1672483585  
3 
3 
2  3 
3 
2  50 
2  4 
1  16 254257423  
3 
3 
2  5 
3 
1  0 1526055134  
3 
1  69 1474445981  
1  73 1639344462  
2  5 
1  7 1632810541  
3 
1  4 1918086907  
2  5 
1  6 1145219323  
1  98 337191564  
2  5 
2  2 
1  107 1151694365  
1  5 1011218111  
3 
3 
2  36 
1  58 545304040  
3 
2  0 
2  1 
1  59 625980868  
2  39 
3 
1  57 992578278  
1  18 43598433  
2  1 
3 
2  4 
1  2 1395714906  
3 
2  4 
1  1 822383568  
2  44 
1  2 1880834147  
1  37 1091293464  
3 
2  2 
1  3 1772417711  
2  80 
3 
1  15 37438087  
1  60 1329614813  
3 
1  1 249384925  
2  25 
1  45 1098800222  
1  3 118753065  
3 
1  46 1460567535  
2  40 
3 
3 
1  6 346204875  
1  6 1347401135  
1  4 1982814465  
2  1 
2  99 
1  7 66230500  
3 
1  9 375524450  
2  1 
1  14 1507814403  
2  17 
1  98 320487924  
2  74 
2  9 
2  97 
3 
3 
1  78 1901579584  
1  4 834776736  
1  15 1959832386  
3 
1  98 1386906477  
2  2 
1  63 605379996  
2  26 
1  60 957568061  
2  3 
2  64 
2  99 
1  82 1724098042  
3 
3 
2  30 
1  3 1757074361  
2  2 
3 
2  83 
3 
3 
1  1 1968786172  
1  62 121918434  
1  37 235571581  
3 
3 
1  6 813880802  
2  10 
1  16 165516867  
3 
1  6 1631286488  
1  5 1636264370  
1  5 2046351015  
2  26 
2  3 
3 
2  58 
1  101 575096304  
1  79 1261198433  
3 
1  34 2083789102  
2  37 
2  58 
3 
3 
2  22 
1  11 1904711117  
3 
3 
3 
1  42 1510583358  
3 
2  8 
2  25 
1  11 1035105676  
1  95 2023464182  
2  47 
1  27 823667246  
1  58 1381310552  
1  24 1223381669  
3 
3 
3 
1  6 658998063  
1  11 1447541052  
3 
1  1 1598906119  
3 
3 
3 
2  83 
2  77 
3 
2  10 
1  77 19328818  
2  2 
3 
1  6 1768028976  
2  0 
3 
2  10 
3 
3 
2  55 
3 
1  106 1353002055  
3 
1  3 854105555  
3 
3 
2  13 
1  12 1580377714  
3 
3 
2  9 
1  11 592424885  
3 
3 
2  9 
1  3 1459485551  
3 
1  105 390462128  
3 
1  82 169039279  
1  10 1069076264  
3 
2  50 
1  32 211764652  
2  0 
1  13 290957713  
1  4 1304647846  
2  31 
1  12 1025645455  
2  16 
3 
2  62 
3 
1  11 456474580  
1  89 788450686  
3 
3 
3 
3 
2  93 
2  2 
3 
2  23 
1  105 514426177  
3 
1  8 355341947  
1  109 1363546990  
1  29 1775624611  
1  15 291647401  
1  13 1120774459  
1  104 1138724321  
1  19 1326753078  
1  37 996754993  
1  7 1962391567  
3 
3 
1  5 560579982  
1  36 72653014  
3 
2  61 
1  73 473905983  
3 
2  12 
3 
3 
1  76 2008121034  
2  113 
3 
3 
1  13 1671559133  
3 
3 
3 
1  105 493234801  
3 
1  12 1628666363  
1  38 877077540  
2  51 
3 
2  19 
3 
1  15 1347340356  
2  22 
3 
3 
3 
1  9 1061560429  
2  81 
2  23 
3 
3 
1  16 1469502425  
1  85 659342259  
3 
1  21 1452022557  
3 
2  23 
1  4 1638541704  
2  57 
3 
2  9 
2  7 
3 
1  64 1728418524  
1  54 1663787210  
3 
2  17 
2  105 
3 
3 
1  14 1929499417  
1  9 885582722  
2  13 
3 
2  58 
3 
2  21 
3 
3 
3 
3 
2  96 
1  0 541949017  
1  21 238490350  
3 
2  17 
2  68 
1  21 1674033408  
1  9 1056375194  
1  45 593832297  
2  43 
3 
2  76 
3 
2  8 
2  10 
1  11 890096750  
2  27 
2  95 
3 
1  15 684516157  
2  120 
2  98 
3 
3 
1  14 885479699  
3 
3 
2  0 
2  9 
1  119 2010871209  
1  18 1823240479  
3 
3 
2  43 
2  70 
2  6 
3 
2  13 
2  103 
3 
3 
1  12 64749129  
3 
1  117 860142554  
2  5 
2  6 
1  67 1638148398  
2  24 
1  104 625329111  
3 
2  0 
3 
1  4 932795568  
1  86 2112054381  
2  5 
2  9 
1  46 485966497  
2  17 
1  113 456871053  
1  116 457805535  
1  10 2114632860  
3 
2  12 
3 
3 
3 
2  2 
2  95 
1  22 1333948593  
3 
3 
2  25 
3 
1  0 1805145891  
1  37 1028709642  
3 
1  2 655967371  
3 
3 
1  1 317004503  
2  19 
1  90 333248551  
2  120 
3 
3 
1  17 147025427  
2  42 
2  85 
2  2 
3 
3 
1  37 2045423027  
3 
3 
2  1 
3 
3 
1  66 1997035761  
3 
1  40 2076524845  
1  45 783522101  
2  66 
3 
2  70 
2  8 
2  69 
2  106 
3 
1  16 391501130  
3 
2  8 
3 
2  90 
1  7 167531547  
1  59 310071861  
2  117 
2  14 
3 
2  7 
1  0 1447876325  
1  9 761363844  
3 
1  111 1200168611  
2  0 
2  5 
3 
1  14 2132392482  
1  2 1646843543  
1  43 1063556172  
1  8 1808149313  
1  8 1711592672  
2  10 
2  6 
3 
1  91 1923698726  
1  51 1298814064  
2  4 
1  7 189438135  
3 
1  15 709010646  
3 
3 
3 
1  6 1263384797  
3 
2  8 
1  111 675404633  
2  20 
1  102 1165881699  
2  19 
1  12 1721190332  
1  9 642553845  
2  3 
1  5 352346644  
1  19 1378852576  
1  0 1671263487  
1  4 1008314015  
3 
1  17 1695857079  
1  100 2004512039  
3 
2  21 
2  16 
2  12 
1  20 1155339443  
1  9 1593796458  
1  45 1854064152  
3 
1  2 1084380640  
3 
3 
3 
3 
2  0 
3 
3 
1  54 229834911  
1  71 98081635  
2  19 
1  9 1251912187  
2  2 
1  121 539906772  
1  15 1545957960  
1  22 2013276031  
1  12 1740075383  
1  3 1530866794  
3 
3 
1  22 1512635927  
2  61 
2  111 
1  19 656147907  
3 
3 
1  27 1191532460  
3 
3 
1  69 1076744951  
2  9 
3 
1  111 432362985  
1  15 342862876  
3 
3 
2  11 
1  82 1266183087  
3 
1  88 1141373631  
2  0 
2  44 
3 
1  23 1606247673  
2  24 
1  11 1941587720  
2  106 
1  78 159771682  
3 
1  33 1179954358  
3 
3 
1  8 436657917  
3 
2  5 
1  64 512118326  
1  79 411323286  
1  15 2107921405  
1  47 1520432342  
2  65 
1  44 2107180365  
2  16 
3 
2  1 
3 
3 
1  51 1964949796  
2  6 
2  126 
1  39 528288137  
2  20 
3 
1  42 1553493175  
1  23 1671530300  
1  113 1612668777  
1  15 1783328086  
2  40 
2  15 
3 
1  23 1769611935  
3 
2  81 
3 
3 
1  4 717097316  
1  23 175751210  
3 
2  113 
2  42 
3 
2  127 
1  27 1168086247  
3 
3 
2  120 
2  21 
2  101 
1  26 582889699  
1  57 1915826593  
2  75 
1  64 551469394  
1  118 2095525626  
3 
1  18 424490852  
1  40 1743001854  
2  8 
1  85 1024786930  
1  6 856853837  
1  5 2085864730  
3 
2  32 
3 
2  37 
3 
3 
2  4 
3 
2  23 
1  85 143486369  
1  14 1998227468  
1  24 1544628755  
2  19 
3 
1  127 2085074089  
3 
3 
2  13 
2  108 
1  98 10515502  
2  21 
3 
1  104 577099465  
2  77 
2  24 
1  72 374248358  
1  2 522633828  
1  107 988422751  
2  110 
3 
3 
3 
2  113 
1  15 334686115  
3 
3 
3 
2  59 
2  26 
2  70 
1  23 2043066170  
3 
1  19 948119468  
2  73 
3 
1  75 152152263  
2  18 
2  24 
1  127 423870659  
1  126 354128995  
1  75 1823682564  
1  19 2036539436  
2  8 
2  83 
2  116 
1  9 2137457081  
1  7 1445810851  
2  90 
2  76 
3 
3 
2  118 
2  117 
3 
2  57 
2  23 
1  76 606153104  
3 
2  14 
3 
2  88 
3 
3 
1  46 165724643  
1  58 466413451  
1  8 1189042804  
3 
2  57 
1  14 2081551236  
1  9 1017882845  
3 
1  20 1137084782  
3 
2  99 
1  78 358558440  
1  105 613401051  
3 
1  55 14388064  
3 
2  9 
2  69 
1  120 1215412277  
1  65 551782133  
2  127 
1  25 157874433  
2  115 
3 
2  1 
3 
3 
1  108 1066156097  
3 
2  94 
3 
2  77 
1  23 2096410888  
2  68 
1  58 95464874  
1  66 1076671599  
3 
1  32 526026706  
3 
1  11 469713233  
1  9 1599305428  
3 
2  64 
3 
3 
1  90 1514449457  
3 
2  70 
3 
1  31 804399348  
2  3 
2  34 
2  107 
3 
2  51 
1  8 1494887950  
1  4 315085278  
1  135 956551612  
2  121 
3 
1  12 1918758610  
3 
1  43 669214273  
1  121 632750528  
1  124 1807814398  
3 
3 
2  32 
2  22 
3 
1  45 659187707  
2  4 
2  100 
3 
3 
1  54 2078561379  
2  13 
3 
1  16 266483855  
3 
1  63 824912350  
1  115 397491182  
3 
1  16 1455526659  
3 
2  0 
3 
2  0 
3 
3 
1  8 758979939  
2  7 
3 
2  73 
1  62 1415374027  
1  63 445127793  
2  74 
2  33 
3 
3 
3 
3 
1  1 1117538379  
2  77 
3 
1  32 2028775078  
2  24 
2  55 
2  24 
2  31 
3 
2  8 
3 
3 
1  7 459515858  
2  39 
3 
1  116 185467009  
3 
2  96 
2  7 
2  0 
3 
1  79 433073563  
2  12 
2  40 
1  17 617390291  
2  43 
1  48 1251623106  
2  120 
3 
2  43 
3 
1  111 382000804  
2  100 
2  92 
2  15 
1  96 712855166  
1  87 180811058  
1  50 908027510  
3 
3 
3 
2  3 
1  72 1182568399  
2  87 
1  48 1780116486  
2  22 
1  42 274993319  
3 
2  21 
3 
3 
2  41 
3 
1  19 1986967747  
3 
3 
3 
3 
2  126 
1  8 1127520788  
2  23 
1  83 590078597  
3 
1  7 796035711  
3 
2  9 
3 
3 
3 
1  19 898795750  
3 
3 
3 
3 
3 
2  127 
2  2 
1  13 1259292871  
1  23 1428786239  
3 
1  91 559126501  
1  62 1918480578  
3 
2  2 
3 
1  87 1359863971  
1  25 825610356  
2  1 
2  22 
3 
1  95 595909280  
1  109 1757355153  
1  81 133653367  
2  1 
3 
1  0 1354889219  
3 
1  116 1025245533  
2  122 
1  41 578781160  
3 
3 
2  86 
2  8 
3 
2  111 
2  20 
2  13 
2  0 
2  18 
1  101 324943951  
1  10 906536963  
3 
3 
3 
1  12 1038297018  
1  20 510410960  
1  54 1339610527  
2  108 
2  79 
1  103 1655687310  
3 
1  123 1762034066  
3 
3 
1  12 1721611331  
1  13 221058828  
3 
2  123 
3 
1  9 1942845124  
3 
2  3 
2  57 
2  0 
3 
2  100 
2  22 
1  22 482155193  
3 
1  37 1403627227  
1  16 1575477962  
3 
1  15 757148512  
1  27 1243111326  
3 
2  73 
2  95 
2  19 
1  58 555515103  
2  7 
1  83 1347227110  
1  10 2039147038  
1  44 1454310853  
3 
1  17 459036333  
3 
3 
3 
3 
1  97 1320449629  
1  89 2013437354  
1  45 230033263  
2  16 
2  126 
3 
1  13 532829952  
2  39 
2  69 
1  9 691564062  
3 
3 
2  105 
3 
3 
1  23 825942543  
3 
3 
1  93 142701458  
3 
2  20 
3 
2  1 
2  111 
2  35 
1  2 825217429  
2  14 
1  79 33348115  
1  128 1167946991  
3 
3 
3 
1  101 1403998590  
2  103 
3 
1  103 358292066  
1  9 2074483954  
2  9 
2  4 
3 
1  13 294811960  
2  17 
1  125 868703026  
1  3 1266610833  
1  84 1950499270  
2  24 
2  111 
1  19 483253444  
2  0 
1  59 840738516  
1  102 24074450  
1  43 278614921  
3 
1  16 1322893709  
1  28 1427701677  
1  8 1854092883  
1  22 2080042222  
3 
1  12 523329356  
2  121 
3 
2  18 
2  2 
2  28 
1  7 262124338  
1  26 1279785684  
1  13 414992746  
2  20 
1  18 1716435192  
1  106 1738822017  
3 
3 
2  63 
2  5 
1  12 1735442375  
2  3 
1  30 1582388898  
3 
2  18 
1  24 1968855280  
3 
2  15 
2  12 
2  120 
3 
1  13 120788680  
3 
1  59 126469313  
1  31 647314175  
1  131 263490138  
2  50 
2  106 
1  58 951686742  
1  39 680662290  
3 
2  21 
3 
1  30 1431437129  
1  92 208201684  
1  30 1038954356  
3 
2  116 
1  99 1358437435  
3 
1  23 503013645  
1  3 1907657382  
3 
2  38 
3 
2  10 
3 
3 
1  34 477564621  
3 
3 
3 
3 
3 
3 
2  26 
1  119 306029267  
1  30 243427179  
1  94 1318303137  
1  131 330103718  
2  35 
1  33 522042100  
1  134 493713199  
3 
1  91 1757805395  
3 
2  4 
3 
2  7 
1  16 228651335  
1  75 426271773  
1  133 133651103  
1  18 490775674  
3 
3 
3 
1  114 1706057457  
3 
3 
1  100 548643849  
2  2 
1  133 59727218  
3 
3 
2  71 
2  50 
3 
1  31 1297395826  
1  110 136602577  
3 
1  85 1642116116  
1  60 1118767458  
3 
2  129 
1  42 257391257  
3 
3 
1  60 1768585429  
3 
2  126 
3 
1  20 1766081633  
3 
2  45 
2  3 
3 
3 
2  80 
3 
3 
2  24 
1  81 520881395  
2  31 
3 
1  65 572788524  
3 
3 
1  70 299260276  
1  48 1952318524  
2  33 
3 
3 
2  9 
2  76 
3 
2  70 
1  52 780990208  
2  4 
3 
3 
2  48 
2  98 
1  88 1338214632  
1  24 1163272311  
3 
1  24 1284003853  
3 
2  15 
1  15 1098388367  
3 
3 
1  29 1640836932  
1  48 1590033121  
1  111 1341815546  
1  16 811656422  
2  27 
1  1 1920136839  
1  5 1863857646  
3 
2  12 
3 
3 
2  74 
2  65 
3 
1  42 1305369621  
3 
1  9 1530458586  
3 
1  32 2092508981  
3 
1  3 1731641394  
3 
3 
3 
3 
3 
3 
1  18 1664109690  
3 
3 
1  15 435801007  
3 
2  52 
3 
3 
2  11 
1  8 1290215203  
1  35 65269891  
2  22 
2  97 
3 
3 
2  0 
1  51 495528225  
1  78 440127381  
3 
1  19 201872468  
3 
3 
3 
2  40 
1  39 2137644342  
2  110 
1  101 1558894839  
2  3 
1  115 459263725  
3 
2  36 
1  83 1758746123  
1  29 1177492824  
2  120 
1  57 980145120  
1  50 184050999  
1  22 1476753100  
1  33 784979996  
1  30 965041208  
2  67 
3 
2  116 
1  10 667484085  
3 
1  20 1948252308  
1  23 101561413  
2  23 
2  24 
3 
2  89 
2  59 
2  7 
2  101 
3 
1  47 1765872452  
2  57 
3 
2  40 
2  115 
2  39 
3 
1  45 1441605592  
3 
2  14 
2  86 
1  36 1691594534  
2  30 
3 
1  13 960204350  
3 
1  6 105778366  
1  66 1464247725  
1  15 676578348  
1  90 1411147987  
3 
2  36 
3 
3 
3 
3 
2  73 
2  7 
2  49 
2  51 
3 
3 
2  38 
2  67 
1  24 847222664  
2  1 
2  16 
2  92 
2  34 
1  7 621603681  
2  87 
1  9 995305733  
2  26 
1  13 363848706  
1  0 1057404689  
2  34 
2  57 
3 
2  12 
3 
2  10 
2  124 
2  33 
1  32 138037288  
3 
1  117 429118597  
2  88 
3 
1  109 1552932914  
3 
1  63 578164669  
3 
2  101 
3 
2  36 
1  67 630991066  
3 
1  4 1543093608  
1  15 2137059508  
3 
2  19 
3 
2  4 
2  22 
1  0 1090254791  
1  85 1154356084  
3 
1  104 1167068685  
3 
2  35 
2  46 
3 
1  29 2070399912  
3 
3 
3 
2  10 
1  134 1338407083  
1  32 496338137  
1  52 707896260  
1  121 155964643  
1  67 1163822222  
3 
3 
3 
1  18 508664920  
3 
1  60 257526057  
3 
1  114 782211026  
3 
2  8 
1  25 1950270513  
3 
3 
1  78 1949120591  
3 
2  30 
1  11 1742415376  
3 
3 
2  58 
1  111 2056048879  
1  62 1265884669  
2  29 
1  33 271510076  
1  48 1319713219  
2  1 
2  134 
1  114 2113107333  
2  88 
2  12 
3 
2  102 
1  5 893113758  
3 
2  102 
1  27 167535304  
3 
1  11 329472391  
2  16 
2  13 
3 
2  10 
1  35 1950518447  
3 
3 
2  6 
2  135 
1  85 305572593  
1  116 758590988  
2  5 
2  53 
1  45 1355967713  
2  39 
2  9 
1  29 883737262  
2  41 
2  59 
1  13 1389582054  
1  1 751577674  
1  29 873313123  
1  96 332353198  
3 
3 
2  93 
2  9 
1  39 1905933758  
2  123 
1  120 2040381808  
2  5 
2  22 
3 
3 
1  90 255269462  
3 
1  9 1096857193  
2  14 
3 
2  28 
2  24 
1  28 389236297  
2  58 
1  44 963165722  
3 
1  9 1252821837  
1  3 1553058520  
2  18 
2  26 
2  25 
1  70 1471830643  
1  32 1510347894  
1  47 187785898  
3 
2  6 
3 
2  27 
1  109 1274617508  
1  124 1311984837  
1  19 1930201275  
1  64 1183182739  
3 
1  53 430385858  
3 
2  132 
2  130 
2  114 
3 
3 
2  120 
2  65 
2  28 
3 
3 
3 
3 
3 
1  14 54227703  
1  29 355412310  
2  52 
3 
1  12 396009543  
3 
3 
2  29 
2  26 
2  79 
1  118 947341461  
3 
3 
2  25 
1  88 522947615  
3 
3 
3 
1  20 725481934  
1  23 750376260  
3 
1  1 828520208  
2  77 
1  16 1484072923  
1  79 2106343974  
2  103 
1  129 1712257470  
2  120 
1  35 726171329  
1  45 710438000  
2  54 
1  31 438086945  
3 
3 
2  52 
1  100 1058524527  
3 
3 
3 
1  0 468888110  
3 
2  85 
1  3 330985105  
3 
2  79 
2  118 
3 
1  115 1313793989  
2  66 
2  94 
2  138 
3 
3 
1  11 1565745303  
2  29 
1  16 720221403  
3 
1  119 129476064  
1  91 671083492  
1  31 125796275  
2  8 
2  138 
2  36 
1  10 1601306707  
1  103 33947738  
3 
1  77 313582173  
1  51 728440567  
3 
3 
3 
1  11 1345932576  
1  27 96299800  
1  30 1911623306  
3 
3 
1  71 1776318434  
1  114 150527504  
3 
2  83 
3 
2  74 
3 
3 
3 
2  19 
1  58 119551969  
2  45 
1  108 24844330  
2  24 
1  26 1097868965  
1  16 642499584  
1  37 750326264  
2  66 
1  8 1848245226  
1  39 1471019792  
1  10 86915539  
2  134 
2  58 
3 
2  51 
3 
2  96 
2  68 
1  103 1807105552  
1  54 1035793614  
3 
2  26 
3 
2  145 
3 
1  141 813086869  
3 
3 
3 
1  90 370059904  
2  40 
3 
3 
2  36 
3 
3 
2  135 
3 
1  60 1473880560  
3 
1  15 1871611396  
3 
2  59 
2  79 
1  12 838948014  
2  18 
1  12 1804865665  
2  113 
2  5 
3 
3 
1  82 1037921738  
1  9 257209669  
1  26 377603420  
3 
3 
2  45 
3 
3 
3 
2  87 
1  60 1167397802  
3 
1  62 928293162  
3 
1  40 503399695  
2  122 
1  1 621220861  
2  42 
2  130 
2  58 
3 
1  3 962240900  
3 
2  71 
2  100 
3 
2  109 
1  41 816981869  
1  145 1349661428  
2  3 
2  120 
1  70 160689828  
1  1 913281669  
2  58 
1  137 1113801086  
3 
1  19 1937008263  
3 
2  139 
1  111 1063809173  
1  96 1233353055  
1  27 1961852593  
2  1 
1  6 14194491  
3 
2  1 
2  19 
2  138 
3 
3 
3 
3 
3 
3 
1  108 1875852639  
1  69 564695209  
2  8 
2  5 
2  20 
1  142 1862439717  
1  54 1199388783  
1  5 651610749  
2  42 
2  57 
1  101 1522061621  
2  15 
1  107 87698750  
1  39 1464697618  
1  26 1892121525  
2  136 
3 
2  113 
2  132 
3 
1  83 1561579310  
2  96 
3 
2  13 
2  6 
3 
2  44 
2  39 
3 
1  78 1188825366  
1  30 583585891  
1  44 1218961327  
3 
2  54 
3 
2  122 
3 
3 
1  101 79263456  
1  107 840795560  
1  62 1596564748  
1  50 1246661258  
2  75 
1  88 1769088722  
3 
3 
2  45 
1  125 2099964443  
1  60 1867882119  
1  68 583845975  
2  96 
2  17 
1  32 769462664  
2  89 
3 
2  22 
3 
1  31 1070059899  
3 
1  65 744535803  
3 
2  5 
2  55 
3 
3 
1  43 1682744334  
2  38 
3 
3 
1  31 36377338  
3 
1  112 534060418  
1  15 599069859  
1  42 1269730393  
3 
2  29 
1  21 348429363  
2  60 
1  0 613264350  
2  96 
2  122 
2  136 
2  56 
2  29 
3 
2  29 
1  17 998099385  
1  4 913124573  
1  116 328220419  
3 
2  30 
1  11 50004520  
3 
3 
3 
3 
2  133 
1  46 1564735322  
3 
1  58 1850282040  
1  41 137703270  
1  74 881949292  
3 
2  75 
3 
3 
3 
2  94 
2  9 
1  13 1594919917  
2  0 
2  71 
3 
1  18 1699282580  
2  109 
3 
2  7 
1  148 2070774658  
1  141 31022160  
3 
1  75 770760260  
2  121 
3 
2  9 
3 
2  52 
3 
1  26 2554467  
1  47 871817721  
3 
1  25 219841360  
1  2 1249215725  
2  50 
3 
3 
3 
1  70 493422795  
2  21 
3 
2  113 
3 
2  127 
1  6 172322155  
3 
1  49 969614197  
1  104 1077268770  
2  7 
3 
1  62 941784820  
1  3 2039674096  
3 
1  25 1821804574  
1  97 477045506  
1  124 2076051434  
3 
3 
1  99 208381344  
3 
3 
3 
1  99 1076115365  
2  96 
2  77 
2  119 
2  34 
2  143 
1  96 1198298180  
1  38 556810708  
2  109 
1  47 1689379716  
2  45 
2  6 
3 
1  51 48913917  
1  8 1469935281  
3 
1  89 2017600135  
1  10 98918437  
3 
2  143 
2  5 
2  103 
1  98 887186955  
2  101 
2  154 
3 
2  18 
2  54 
3 
3 
3 
2  17 
1  50 1720398528  
3 
3 
3 
2  40 
2  135 
2  43 
2  36 
3 
1  7 236621708  
3 
3 
3 
3 
2  23 
2  87 
1  116 1769136247  
1  99 1167834797  
3 
1  79 1935904288  
3 
3 
1  21 1692427257  
2  42 
1  44 1198856958  
2  14 
2  4 
1  17 559180900  
3 
2  4 
2  105 
3 
3 
3 
1  12 1694981724  
2  59 
2  89 
2  150 
3 
3 
2  147 
2  98 
1  44 2070674679  
1  1 779022260  
3 
2  149 
1  4 796713802  
3 
1  56 416613826  
1  32 951344416  
1  43 1766327999  
3 
2  14 
1  5 1493882597  
2  23 
1  20 1893129236  
2  125 
1  61 1658518447  
2  43 
1  17 1168203523  
1  3 222691094  
1  153 1587086234  
1  44 1376584867  
3 
2  99 
2  131 
2  39 
2  96 
3 
2  0 
2  24 
1  73 1298806459  
3 
2  107 
2  129 
3 
1  43 637900766  
3 
2  50 
2  21 
2  69 
2  18 
2  130 
3 
1  100 1933395575  
2  21 
3 
2  80 
1  127 840702527  
3 
2  83 
3 
1  19 686814683  
1  130 1255847208  
3 
3 
3 
2  41 
2  2 
1  72 710819015  
3 
1  35 785733120  
3 
3 
3 
3 
3 
3 
1  11 2143034163  
1  5 283733895  
2  35 
2  90 
3 
3 
3 
2  138 
1  47 1022354828  
1  14 1764686762  
1  117 1451568692  
3 
1  125 810775469  
2  65 
2  50 
1  79 1309630372  
3 
2  50 
2  137 
2  24 
2  13 
3 
3 
1  59 502942002  
2  49 
3 
3 
1  121 1369956369  
3 
1  26 857128448  
1  94 426133033  
1  47 1494982  
2  147 
3 
3 
3 
1  24 1653842250  
2  8 
1  106 842746860  
2  67 
2  150 
1  88 952839398  
3 
2  49 
2  100 
2  118 
1  90 1272686601  
3 
1  49 189145809  
2  105 
3 
2  66 
2  147 
3 
3 
1  79 698484986  
3 
2  33 
2  107 
2  145 
3 
2  14 
1  14 783721401  
2  146 
2  38 
1  148 1357349332  
3 
1  113 921176080  
2  75 
1  3 223323987  
3 
2  2 
3 
3 
2  102 
3 
3 
1  66 586450551  
1  4 72498891  
2  36 
2  104 
1  15 861224753  
2  125 
1  38 372362479  
1  103 913201419  
2  136 
1  16 1548039436  
1  33 1628209687  
2  121 
2  70 
3 
1  51 1624020434  
2  9 
1  99 186288908  
2  149 
1  127 1623760203  
3 
3 
3 
2  104 
3 
3 
2  140 
1  84 1907754329  
1  117 1208643737  
2  12 
2  143 
3 
1  25 1240963317  
2  3 
1  30 1211839373  
2  94 
1  17 2019419206  
3 
3 
3 
1  133 403110041  
2  31 
2  95 
2  47 
2  95 
3 
2  29 
3 
2  142 
3 
1  43 1714781376  
2  74 
1  108 1241891927  
1  122 1260238490  
2  15 
3 
2  116 
3 
2  4 
1  32 2140914409  
1  21 1243386909  
3 
1  29 766597092  
1  7 836177621  
2  146 
1  136 48742659  
2  66 
1  10 2039283694  
3 
2  31 
1  53 1025323430  
1  79 747227645  
1  69 675521447  
1  119 235189114  
2  131 
1  72 1668403725  
3 
3 
2  139 
1  43 898845434  
2  52 
2  73 
3 
2  131 
2  116 
1  125 821639666  
1  150 1740902617  
3 
3 
3 
3 
3 
2  88 
2  25 
2  45 
2  108 
1  38 1760070187  
1  2 1194002145  
2  91 
1  12 506620388  
3 
2  117 
3 
3 
3 
1  152 1160625975  
1  97 674728184  
2  30 
2  72 
1  55 2130640822  
2  129 
1  8 1346914883  
3 
1  11 151004739  
1  49 1890911503  
1  112 408074972  
1  39 1391968057  
1  42 955267228  
3 
3 
3 
3 
3 
2  79 
2  22 
3 
1  35 280010530  
1  124 1795078098  
2  12 
1  114 522564956  
1  46 1521902458  
2  14 
3 
1  35 907832940  
2  1 
1  155 515995718  
2  52 
1  156 617805719  
1  17 1674430033  
2  79 
2  80 
2  13 
2  34 
1  27 1352173339  
3 
1  144 666548379  
3 
1  61 1566230079  
1  78 230013122  
2  100 
2  69 
2  91 
2  1 
2  31 
1  125 1413776024  
3 
2  96 
1  36 94267878  
2  48 
3 
3 
1  109 465202236  
3 
2  148 
2  136 
3 
1  63 934696102  
1  0 993113312  
2  30 
1  137 1286841902  
2  3 
2  20 
2  97 
3 
2  28 
1  4 528115071  
2  103 
3 
2  81 
2  57 
2  23 
3 
1  20 605699851  
1  23 333360399  
2  62 
2  18 
3 
3 
2  98 
3 
3 
3 
3 
2  77 
1  135 1034735459  
1  111 1766325826  
3 
3 
1  16 1008088584  
1  32 1017892633  
1  54 965757061  
3 
1  156 1159093323  
1  37 761320488  
1  62 1373832034  
2  26 
1  2 403577732  
1  14 1716587716  
1  95 1653842564  
1  1 51172183  
1  159 91669025  
3 
2  122 
1  66 1028261374  
2  135 
2  16 
2  6 
3 
1  71 959005123  
3 
1  134 607664743  
1  46 1646067094  
2  51 
2  47 
1  76 485951508  
2  114 
2  105 
3 
3 
1  84 1959838082  
2  33 
2  53 
1  32 165131825  
3 
3 
3 
1  59 2052181587  
1  18 42367556  
1  140 1578907849  
2  84 
1  17 2146449465  
3 
1  62 507569793  
1  146 366120303  
3 
3 
3 
2  119 
2  39 
3 
3 
3 
2  53 
2  131 
3 
3 
2  133 
1  41 992079129  
1  45 1794411695  
2  124 
1  102 894235374  
3 
2  36 
1  108 1597778980  
2  112 
2  35 
2  8 
3 
2  99 
3 
2  112 
3 
2  71 
3 
3 
1  32 2127772095  
3 
3 
2  120 
1  37 1928970833  
1  62 1216621158  
2  78 
3 
3 
3 
1  119 988377031  
3 
2  55 
1  157 799379818  
2  153 
1  72 34894572  
2  105 
1  58 2147470354  
1  128 1560700306  
1  124 1408726606  
3 
1  146 403564439  
3 
2  30 
1  90 1129804375  
2  55 
2  27 
2  114 
2  123 
3 
1  136 915085522  
1  31 454736622  
3 
3 
2  76 
1  41 1221473400  
3 
2  54 
1  41 1943346897  
1  102 1413741745  
2  87 
1  41 1829138143  
1  80 1441930343  
3 
2  121 
1  86 1899693254  
2  15 
2  20 
1  81 1641492577  
1  55 1607062168  
1  31 1804391193  
2  125 
1  30 1683860134  
3 
3 
2  54 
2  5 
2  32 
2  25 
2  123 
3 
2  38 
3 
3 
3 
2  96 
1  95 1038486369  
2  17 
3 
2  97 
2  6 
3 
2  3 
2  2 
1  59 1803357011  
1  75 43946279  
2  104 
3 
2  83 
3 
3 
2  47 
2  132 
2  6 
3 
3 
2  0 
2  121 
2  28 
3 
3 
1  120 1404606673  
1  78 647952492  
3 
3 
3 
1  90 1838357974  
1  9 151358399  
2  77 
2  9 
1  134 98247825  
2  126 
1  37 1818646421  
1  41 2080329233  
3 
3 
3 
3 
3 
3 
1  8 1314868983  
2  1 
1  130 659539804  
1  21 732225403  
3 
1  134 1349763555  
1  66 659526511  
3 
2  38 
3 
2  90 
2  23 
3 
1  13 145442062  
2  100 
2  53 
2  112 
2  130 
1  25 611006513  
2  56 
3 
3 
3 
2  47 
1  136 1063090950  
2  28 
3 
1  45 1275246437  
3 
3 
1  122 1526092036  
2  144 
3 
3 
2  38 
2  49 
1  122 1517827572  
3 
1  56 349236189  
3 
3 
2  0 
2  108 
1  20 1321955285  
2  8 
1  5 784085669  
2  101 
1  94 30890684  
3 
1  40 616401980  
2  25 
3 
1  100 536295275  
2  46 
3 
3 
3 
3 
1  75 1672383261  
3 
3 
2  27 
1  5 75980500  
2  39 
2  46 
1  27 193202821  
3 
1  144 1208759747  
1  14 1114466869  
3 
2  28 
1  90 1996559832  
2  36 
3 
2  44 
2  116 
2  117 
3 
3 
2  102 
3 
1  77 1252706026  
1  0 371589894  
3 
1  10 497028676  
1  12 943580353  
1  2 522948294  
1  10 595276501  
1  138 614743126  
2  25 
3 
2  64 
2  110 
1  37 455793879  
3 
3 
2  89 
3 
2  76 
3 
1  43 1910145485  
3 
2  124 
2  113 
1  74 1274282931  
1  70 1188019282  
1  0 1112425392  
3 
1  123 1933809442  
2  25 
1  1 1333461344  
1  30 1723431906  
3 
1  134 849416744  
2  44 
1  120 461224133  
1  60 1102040294  
3 
1  99 219760668  
1  12 810460322  
1  143 276511931  
3 
2  67 
2  87 
1  21 1003846337  
1  148 841351006  
3 
1  47 892913911  
3 
2  84 
3 
3 
2  151 
2  77 
2  7 
1  57 1540141613  
3 
1  143 366250620  
1  33 968894411  
1  148 1733344434  
1  50 1575010367  
1  92 2083361280  
3 
2  138 
1  141 1582420618  
1  78 680232746  
3 
1  13 307467527  
2  153 
3 
2  34 
3 
2  122 
3 
1  2 2079449294  
1  55 1623813099  
1  152 830415821  
2  147 
3 
1  54 527242148  
3 
1  43 91072577  
3 
2  8 
1  127 1286209700  
2  12 
3 
1  96 289903985  
3 
3 
3 
1  9 1365355508  
3 
1  80 326745334  
3 
3 
1  97 1402329377  
3 
3 
3 
3 
2  77 
1  63 1151681302  
2  83 
1  47 1660206679  
1  109 978277635  
2  28 
1  147 2001098046  
1  117 2121430812  
2  45 
1  80 2080317929  
2  116 
2  145 
1  88 73375066  
2  97 
2  61 
2  87 
2  24 
1  27 784407487  
3 
3 
2  23 
2  35 
1  52 209346212  
3 
1  119 1077221404  
1  23 1625758493  
2  48 
2  7 
3 
2  0 
2  128 
3 
1  84 1102260123  
2  6 
3 
1  101 469879369  
3 
2  58 
2  34 
3 
1  24 1992009113  
1  4 2071154534  
3 
2  36 
1  91 55740155  
1  20 1419535833  
1  29 2007032167  
3 
1  45 1638160773  
1  84 2099768579  
2  11 
3 
2  10 
2  127 
2  2 
3 
1  69 167016046  
1  130 1570126419  
3 
1  8 1576098030  
3 
2  111 
3 
1  45 997431867  
3 
2  126 
2  10 
2  18 
1  0 2097368567  
2  45 
2  52 
1  114 1667170607  
2  23 
1  88 136157919  
2  55 
3 
2  46 
2  61 
2  71 
1  75 239788904  
3 
2  27 
2  38 
1  22 885042468  
1  88 462903253  
3 
3 
3 
1  34 1642118282  
1  88 2036723770  
3 
3 
1  37 2123109932  
2  100 
3 
1  116 472912269  
1  6 1890338169  
3 
2  10 
2  88 
2  17 
3 
2  27 
2  94 
1  2 2097057097  
3 
3 
3 
2  0 
1  28 405746551  
2  78 
3 
3 
1  102 1963713235  
2  38 
3 
2  28 
3 
1  42 733980936  
3 
2  63 
1  145 615092763  
3 
3 
3 
2  69 
2  74 
3 
2  128 
1  33 893450991  
3 
1  49 212255781  
1  38 1717352887  
2  37 
1  0 1363330360  
3 
3 
3 
3 
1  24 56781247  
2  45 
3 
2  14 
2  57 
2  20 
2  120 
3 
2  12 
3 
1  31 1641023773  
1  123 1419070515  
3 
3 
1  21 1476317080  
1  149 1500572292  
3 
3 
1  106 909747640  
2  126 
2  19 
2  27 
1  129 1428602011  
1  26 1667588338  
1  8 332390412  
2  118 
3 
2  26 
3 
1  7 857216393  
1  41 517536557  
2  82 
2  42 
3 
3 
1  141 282275331  
3 
3 
3 
2  134 
2  96 
1  63 376903352  
1  65 653694476  
3 
2  51 
1  4 522064236  
1  24 1261945820  
1  29 1116597730  
1  61 16698870  
2  128 
2  86 
2  22 
2  5 
1  32 1151185943  
1  125 1092224014  
1  18 489611139  
2  18 
2  12 
1  39 894040464  
1  102 1041797463  
2  2 
3 
1  139 895357690  
3 
3 
2  93 
1  99 710270051  
1  22 1775778399  
3 
1  51 1510450454  
3 
1  39 1603721043  
3 
3 
3 
2  62 
2  86 
1  32 1988034181  
1  50 1080319693  
1  115 819567755  
3 
1  58 2044815428  
2  28 
2  156 
3 
3 
3 
3 
2  136 
1  2 573859818  
3 
1  50 91154623  
3 
3 
2  21 
1  45 1373648860  
2  37 
1  22 2074432111  
3 
1  29 1000902263  
3 
3 
3 
1  53 654767223  
2  13 
3 
2  55 
2  19 
2  33 
1  33 1594536801  
1  84 1333292675  
1  121 1511983616  
1  137 2112073359  
1  69 1615568007  
3 
3 
3 
1  144 1888886968  
3 
1  78 618284187  
1  45 2137632243  
3 
1  52 1003349141  
2  52 
1  41 1734881917  
1  54 6847465  
1  10 7051436  
2  138 
1  131 679622284  
1  118 496458604  
3 
3 
1  8 901091900  
1  129 1721419747  
2  113 
3 
2  73 
1  150 1391816295  
2  99 
1  89 1611361951  
2  46 
2  46 
1  70 1349714499  
1  29 754783101  
1  130 1067599346  
2  13 
3 
3 
2  31 
1  50 1190265032  
3 
3 
2  23 
1  136 1835102794  
3 
2  129 
2  87 
3 
2  134 
2  12 
1  39 1887167102  
1  144 1087596812  
2  25 
2  10 
1  23 261478964  
2  93 
1  137 1978321725  
3 
1  8 313762024  
3 
2  40 
1  28 188427427  
3 
1  111 831740340  
1  141 968529247  
3 
3 
1  124 1782964229  
1  17 17549368  
2  1 
1  84 333029215  
2  64 
3 
3 
2  83 
1  49 1747553940  
2  71 
3 
2  87 
2  121 
2  52 
3 
1  65 1633117375  
2  157 
3 
3 
3 
1  44 74432535  
1  100 218354479  
1  143 1623265970  
2  13 
1  87 1077781676  
3 
3 
2  143 
1  62 1953236397  
3 
3 
1  68 1630113435  
1  90 1084833112  
3 
2  34 
3 
3 
3 
3 
3 
2  43 
3 
1  19 485375033  
2  11 
3 
1  47 2126572039  
3 
2  7 
2  109 
3 
1  156 1985925012  
2  79 
2  53 
2  38 
2  126 
1  139 59311132  
3 
2  28 
3 
1  142 1370904686  
2  47 
3 
3 
1  47 1449803316  
2  61 
3 
3 
1  47 1409025631  
2  142 
3 
3 
1  7 2125687787  
3 
2  21 
2  28 
3 
3 
2  10 
2  18 
1  146 369919014  
1  82 451807015  
3 
1  29 1813306933  
2  44 
3 
2  48 
1  15 109602468  
3 
3 
3 
3 
3 
1  5 1539403827  
2  7 
2  55 
2  68 
2  140 
1  9 2074785898  
3 
3 
1  91 2087924193  
1  34 1853165851  
1  16 115729677  
2  52 
1  36 772180886  
2  110 
2  133 
3 
1  25 674211450  
3 
2  2 
3 
1  13 1898693906  
1  27 789730254  
2  17 
3 
3 
2  91 
3 
3 
1  73 1007240665  
1  13 1498764198  
3 
1  56 275363981  
2  94 
3 
1  20 1081673201  
1  144 1717118678  
2  21 
1  49 1898629951  
1  150 11971229  
1  120 1522871427  
3 
1  0 1381259738  
1  80 1096804342  
3 
1  48 2008246460  
3 
2  136 
3 
2  31 
2  50 
2  88 
1  88 1360348129  
2  11 
1  2 935245706  
1  24 2067557592  
1  43 583769168  
2  56 
1  29 237565374  
2  50 
1  135 1329099576  
1  9 561973307  
2  45 
3 
1  103 607484389  
1  13 1780906591  
2  38 
2  44 
2  77 
3 
1  15 227796593  
3 
2  45 
1  49 717086857  
3 
2  27 
2  76 
2  119 
1  157 1172826771  
3 
1  146 155098843  
2  44 
3 
2  73 
3 
2  141 
3 
1  48 657527403  
2  11 
1  153 878508974  
1  133 270828520  
3 
3 
3 
1  56 1429708289  
1  28 1552720425  
3 
1  142 22038779  
2  101 
3 
2  123 
2  17 
1  93 71954895  
2  0 
1  87 412477442  
3 
3 
2  16 
2  25 
3 
2  21 
1  137 1520802977  
2  48 
3 
3 
3 
1  56 347318876  
1  41 1494150643  
1  117 1090438007  
3 
2  18 
1  10 98465179  
3 
1  128 1506121873  
2  33 
2  27 
3 
2  133 
1  47 465825786  
2  58 
1  116 1479724917  
3 
2  137 
1  142 455442567  
3 
1  146 326588598  
3 
1  76 692589398  
1  40 1390688273  
2  110 
3 
1  91 246662543  
1  141 1276358566  
1  31 1628253648  
1  76 1575762119  
1  5 1838331874  
1  116 88254389  
3 
1  27 1209185062  
3 
2  40 
1  147 2066128467  
1  97 805341246  
1  142 234528185  
3 
2  147 
1  90 73743662  
3 
3 
1  54 1462868649  
3 
3 
2  95 
2  68 
1  30 1113037160  
3 
3 
3 
3 
1  146 344572182  
2  113 
2  129 
2  53 
3 
3 
3 
2  132 
2  2 
2  153 
3 
2  111 
1  52 745093290  
3 
1  74 518273937  
3 
3 
1  34 366610961  
3 
2  9 
1  118 817048185  
1  31 930751379  
3 
2  73 
2  100 
2  111 
2  154 
1  53 1887413939  
2  62 
3 
3 
3 
2  152 
2  52 
3 
1  18 1164367061  
2  33 
3 
1  51 277418375  
2  80 
2  77 
2  28 
1  157 830368298  
3 
2  141 
3 
2  75 
2  39 
3 
1  43 1262832240  
3 
3 
2  10 
3 
2  24 
3 
1  99 1783540248  
3 
1  43 1296194085  
2  43 
2  152 
3 
3 
2  56 
1  90 595073509  
2  89 
2  14 
3 
1  76 91499167  
3 
3 
1  151 1622782683  
3 
3 
1  78 1287662908  
1  137 1482187440  
3 
3 
3 
3 
1  98 1869445226  
1  40 416537826  
2  25 
1  148 962957440  
2  38 
1  89 1297723697  
2  135 
3 
3 
2  22 
1  31 107386052  
2  149 
1  2 1051211829  
3 
2  22 
3 
2  111 
3 
3 
3 
3 
2  97 
3 
2  16 
3 
3 
2  144 
2  52 
3 
3 
2  11 
2  0 
1  3 359425112  
2  26 
3 
1  139 26030871  
2  88 
2  101 
1  144 1856553076  
3 
2  110 
1  6 593953297  
2  9 
1  18 99774533  
1  57 1171938077  
1  27 1706990457  
1  103 444346716  
1  93 1917031368  
3 
1  21 77780746  
1  147 810957677  
3 
3 
2  99 
2  54 
3 
1  40 586595905  
2  72 
1  15 1008532126  
2  70 
3 
1  50 550887968  
3 
3 
3 
3 
2  17 
1  90 1750962967  
1  18 1285950501  
1  16 1381256267  
3 
3 
3 
1  83 866311559  
2  21 
1  2 922007101  
3 
2  27 
3 
3 
2  42 
1  88 529966704  
3 
2  116 
1  142 1461385069  
3 
2  109 
2  84 
2  13 
3 
3 
3 
2  116 
1  28 1013506268  
3 
3 
1  45 5265739  
2  5 
2  46 
2  77 
2  73 
2  35 
1  14 601564329  
1  21 348210060  
2  2 
1  133 1874710966  
1  4 1018102155  
3 
2  90 
3 
3 
2  110 
3 
3 
2  106 
3 
3 
3 
2  124 
1  59 1311167501  
2  122 
1  1 1024951015  
3 
1  46 1125488208  
1  28 214895682  
1  3 1384376127  
2  52 
1  133 1151519079  
2  93 
1  4 2071448758  
2  60 
3 
3 
1  47 1978329425  
3 
1  30 1251293613  
2  9 
3 
2  144 
3 
2  99 
1  68 1095903188  
1  44 1537836234  
1  26 1695640329  
3 
2  123 
1  26 865450908  
2  21 
3 
2  143 
2  15 
2  146 
1  161 1615616981  
3 
2  70 
1  91 359114358  
2  157 
3 
2  130 
3 
3 
2  157 
1  102 1452046813  
1  89 476665459  
2  10 
1  130 910002327  
1  118 1055526132  
1  58 1762615960  
2  19 
3 
1  106 143774946  
1  82 1921837692  
2  114 
3 
3 
2  53 
2  29 
1  34 537139413  
1  16 673741650  
2  18 
2  120 
3 
2  72 
2  143 
2  6 
2  141 
3 
2  4 
1  18 1235739113  
1  40 1550645681  
2  95 
2  136 
2  32 
3 
2  54 
3 
2  108 
3 
1  143 679007389  
1  72 1837303442  
1  137 1898855741  
1  37 406234707  
2  7 
3 
3 
1  57 707921949  
2  51 
1  154 1062539594  
3 
3 
1  130 1431185723  
2  156 
1  94 1833410157  
2  105 
1  155 1277435277  
2  71 
2  18 
3 
2  29 
3 
3 
1  37 668078202  
3 
1  63 837445589  
2  120 
3 
1  56 1201400387  
2  39 
3 
1  56 498923979  
2  134 
1  95 2088739202  
1  10 149819927  
2  91 
1  46 2036760214  
1  141 1636895883  
1  114 1015270835  
1  125 1504893547  
3 
3 
3 
3 
3 
3 
3 
3 
3 
3 
2  7 
1  12 1996010241  
2  16 
3 
1  53 319834001  
2  145 
1  51 1981559006  
2  20 
2  81 
3 
1  25 758528920  
2  34 
2  36 
1  2 1375360133  
3 
3 
3 
3 
2  32 
1  15 1596691318  
1  42 902303866  
3 
1  47 1149714177  
2  75 
2  96 
1  70 2133830731  
1  69 1576045516  
3 
2  136 
2  22 
1  75 237969642  
2  144 
1  42 1536992764  
3 
2  49 
3 
1  102 107569258  
1  149 2075273084  
2  61 
3 
3 
3 
1  49 1288364857  
2  5 
2  44 
2  4 
2  156 
2  13 
3 
2  68 
2  40 
1  46 513803965  
1  72 635711386  
1  70 203420804  
2  82 
3 
3 
2  28 
2  82 
1  148 1944989688  
3 
2  0 
1  74 321637895  
1  17 1480856081  
3 
3 
2  84 
2  139 
3 
3 
3 
2  16 
3 
1  143 465584243  
3 
3 
2  70 
3 
3 
2  60 
2  14 
3 
3 
3 
3 
2  42 
1  138 1159083484  
3 
2  32 
1  8 534772820  
3 
2  9 
1  140 964508222  
2  70 
1  86 1100339038  
3 
3 
2  15 
1  69 684592748  
1  6 853784788  
1  21 589751273  
2  21 
3 
2  72 
1  147 1699863583  
2  148 
2  23 
2  20 
1  27 211194687  
2  33 
2  26 
1  120 438277867  
1  9 2019697584  
3 
3 
2  126 
3 
1  47 45270045  
1  24 1196806787  
2  50 
1  60 1247574070  
1  122 1641961363  
2  149 
1  45 2099110654  
2  94 
3 
3 
3 
1  117 249804599  
3 
1  140 1628308446  
1  137 1527672522  
2  102 
3 
3 
2  46 
1  26 487774242  
3 
3 
2  48 
3 
2  33 
3 
1  45 1017817562  
1  40 1635241780  
1  135 415563678  
2  10 
3 
2  25 
1  87 158698772  
2  5 
2  13 
1  20 1562098  
1  25 1051275064  
1  137 362119576  
2  13 
2  38 
1  9 1946551786  
1  91 1372912960  
2  29 
2  126 
3 
2  25 
3 
2  13 
3 
1  3 1842975657  
3 
1  109 264652381  
1  131 384512796  
2  71 
3 
2  80 
3 
3 
1  117 230264829  
2  71 
1  2 1229160604  
3 
3 
3 
1  27 1484851835  
2  102 
2  31 
1  88 914857577  
2  98 
2  83 
2  123 
1  43 2082945392  
2  136 
1  11 2074603108  
1  27 467237513  
3 
1  76 146656432  
3 
3 
2  77 
2  119 
2  84 
1  126 365397327  
2  8 
2  39 
1  109 339451449  
3 
1  35 191926477  
3 
3 
3 
2  138 
2  100 
1  67 1562204115  
1  28 1587025519  
1  18 1833887841  
1  18 1513831121  
1  106 1836830119  
2  106 
2  121 
2  49 
3 
3 
1  39 1314712639  
2  115 
1  36 894019995  
1  132 177120713  
3 
1  2 185046554  
3 
2  112 
2  131 
3 
2  132 
3 
2  31 
1  108 381778128  
3 
2  0 
1  127 592684391  
3 
2  94 
1  67 343745326  
1  134 383340226  
3 
3 
2  36 
3 
3 
3 
2  16 
2  4 
2  113 
2  13 
2  3 
1  41 1643959456  
2  33 
3 
2  40 
1  37 705864902  
2  0 
1  21 182408364  
3 
1  110 869388768  
3 
3 
3 
1  42 401356911  
3 
3 
1  28 447060746  
2  35 
3 
2  0 
3 
3 
1  29 1253901564  
1  149 631621740  
1  114 1676221350  
2  49 
2  54 
2  74 
1  119 591269751  
2  5 
1  18 1546479318  
2  21 
1  50 1611683094  
3 
2  52 
1  15 518389212  
1  20 2013716831  
2  70 
3 
1  74 1758339526  
1  56 883786539  
2  47 
3 
3 
2  105 
3 
3 
2  35 
3 
2  48 
3 
3 
1  43 205684632  
3 
2  8 
2  106 
2  36 
2  17 
1  145 1950266004  
3 
3 
3 
3 
2  99 
1  92 298507006  
1  146 1792710152  
3 
3 
3 
1  136 1636670197  
3 
3 
3 
2  86 
1  6 1812338127  
3 
2  77 
2  102 
1  51 1482056623  
3 
3 
3 
1  57 803899188  
3 
3 
3 
1  93 558874475  
3 
1  49 1659177336  
2  49 
1  19 988945742  
2  41 
3 
1  4 940652603  
1  39 104378079  
2  135 
2  45 
3 
3 
1  142 1332691068  
2  118 
2  39 
1  78 1323992829  
1  88 1748337535  
1  36 2038555970  
1  20 1506401193  
1  38 470242655  
3 
2  0 
3 
3 
3 
3 
3 
3 
3 
3 
1  127 292429233  
1  45 1953461939  
3 
1  62 1724144220  
1  18 924050974  
2  13 
1  24 1482199641  
2  60 
1  88 167930323  
3 
2  71 
3 
2  59 
1  100 323046644  
1  97 946399088  
3 
2  18 
3 
1  25 686319535  
3 
3 
2  57 
1  35 189279827  
1  104 557254966  
3 
1  6 1570106075  
1  3 394964459  
3 
1  13 360037322  
2  29 
2  128 
3 
1  97 1868613081  
1  37 40190963  
3 
1  17 1996707519  
1  11 1533467561  
2  113 
1  27 1522247586  
2  32 
3 
1  55 653123060  
1  49 2092342036  
2  1 
3 
2  52 
2  81 
2  66 
3 
2  141 
1  98 1033941274  
2  14 
1  141 1642068802  
1  63 885510991  
1  40 1138319354  
2  84 
2  7 
2  37 
3 
1  51 827276223  
1  36 62020172  
2  67 
2  46 
3 
2  156 
2  7 
1  5 739173241  
3 
1  106 718348545  
3 
2  54 
2  49 
2  10 
1  128 1568421365  
3 
2  73 
2  22 
2  47 
3 
3 
2  107 
1  58 1209415897  
2  149 
3 
2  105 
2  112 
1  25 1010777779  
3 
1  10 1374399657  
3 
1  129 786076469  
3 
3 
2  55 
1  98 1934828753  
2  95 
1  56 709115650  
1  3 954006792  
2  124 
3 
2  128 
3 
3 
1  127 110391749  
2  46 
2  133 
2  66 
2  30 
2  95 
3 
1  28 1655514738  
3 
3 
3 
2  1 
2  80 
2  81 
3 
3 
2  58 
2  8 
1  22 1640326328  
2  137 
3 
1  134 299671576  
1  116 65286057  
2  32 
3 
1  7 1062948755  
2  152 
3 
3 
3 
3 
3 
2  32 
2  110 
2  23 
3 
1  88 694636035  
3 
2  25 
3 
2  28 
3 
2  27 
2  5 
1  0 425323379  
2  110 
3 
2  41 
3 
1  132 784078188  
3 
1  10 734826999  
2  36 
1  131 274547251  
3 
1  2 170062101  
2  4 
2  103 
2  45 
1  29 109590937  
3 
3 
3 
3 
3 
2  22 
2  67 
2  93 
1  65 927670311  
2  9 
1  40 114920489  
2  50 
3 
3 
1  42 1143532212  
3 
1  75 422255465  
1  73 1000431480  
3 
2  83 
2  8 
1  129 134367918  
2  40 
2  18 
3 
3 
1  50 1249531688  
1  68 1062451652  
3 
2  31 
1  16 873541159  
2  28 
2  2 
1  11 1967880234  
3 
1  42 483389370  
2  24 
3 
3 
1  35 2082957056  
2  14 
3 
3 
3 
1  125 831174365  
3 
1  55 1857789027  
1  39 721549877  
3 
2  143 
1  123 618519470  
3 
3 
1  95 419421029  
2  58 
1  80 1675556670  
2  25 
1  141 728911219  
3 
2  123 
3 
3 
2  117 
3 
1  127 2074935768  
2  47 
2  0 
1  15 1168399350  
2  30 
3 
1  37 1028582795  
2  98 
3 
1  56 2140221825  
3 
1  25 83864457  
3 
3 
3 
1  32 1723218830  
1  105 418061556  
1  111 867942645  
1  8 310562181  
3 
3 
1  120 692608807  
1  90 1038004747  
2  60 
1  142 420153119  
1  134 1620279118  
1  20 1152925236  
1  15 1563685331  
2  77 
1  55 2042534584  
1  107 5873069  
2  79 
3 
1  18 1698053249  
2  117 
1  61 1144582624  
2  133 
1  40 1068324721  
3 
1  6 424110760  
3 
3 
1  52 964979210  
3 
3 
3 
1  58 1551714091  
2  42 
3 
1  146 359584169  
3 
3 
1  71 1796153575  
2  72 
2  112 
2  30 
3 
1  22 1262019470  
2  38 
2  41 
1  21 1081134046  
1  9 267189397  
3 
2  29 
2  106 
2  88 
3 
3 
1  48 1681440500  
1  100 609207068  
1  60 996100616  
2  8 
1  34 1608892620  
1  79 1777606418  
3 
1  10 2024683411  
1  36 1601630797  
2  151 
1  32 1861470875  
3 
3 
2  127 
1  9 1600418594  
3 
3 
3 
3 
2  29 
3 
1  76 2019692353  
2  24 
1  49 581929873  
1  24 1910980775  
3 
1  146 564817513  
2  72 
2  49 
3 
2  50 
2  85 
3 
2  80 
1  106 1619934620  
2  135 
2  132 
2  78 
2  25 
1  150 183650246  
2  57 
2  116 
3 
3 
1  13 37612983  
3 
1  26 625376208  
3 
2  52 
3 
3 
2  106 
2  143 
1  78 1747335577  
2  42 
2  58 
1  40 2080147567  
2  48 
1  141 631249277  
1  9 1297905178  
1  113 1077246544  
2  62 
2  59 
2  4 
3 
2  14 
1  24 1699573999  
2  6 
2  8 
1  149 1722015939  
3 
1  30 2042225754  
3 
3 
1  150 1103804442  
1  109 2081600108  
1  131 1690895682  
1  25 218340265  
2  22 
1  31 1015250506  
1  6 1958085079  
3 
1  30 1899780765  
2  122 
1  22 1624457575  
3 
3 
3 
1  29 806702048  
3 
2  16 
2  39 
2  42 
3 
1  98 1361189737  
1  102 1254580345  
1  44 683901811  
2  14 
3 
3 
3 
2  114 
1  18 815336886  
1  34 968567573  
1  49 136836757  
2  126 
1  22 687545591  
3 
3 
2  62 
3 
3 
3 
3 
3 
2  14 
2  7 
1  107 1550497446  
1  63 2047817533  
2  0 
2  137 
1  114 1252363104  
3 
2  95 
2  142 
2  50 
3 
1  1 1022948418  
1  36 83984131  
2  117 
1  132 1289976088  
3 
3 
2  153 
1  88 1648324626  
2  75 
2  152 
1  30 1831319709  
3 
1  47 1222640007  
3 
1  140 132090256  
1  62 981741239  
1  99 152402903  
1  18 1831664255  
1  7 556273530  
1  26 47145010  
3 
2  119 
1  23 787985049  
2  2 
3 
1  45 490389990  
3 
3 
2  80 
1  45 1738040692  
2  16 
2  88 
1  79 1006325314  
1  0 1505640497  
3 
1  132 1548642123  
2  43 
3 
1  23 758622431  
3 
2  38 
3 
3 
1  43 982614424  
2  88 
1  102 207860523  
1  7 2119812168  
1  101 89711121  
2  17 
1  85 891762335  
3 
3 
2  61 
2  61 
1  4 787665406  
1  55 1058278694  
2  103 
1  27 1028599092  
3 
2  31 
2  14 
2  10 
2  34 
2  141 
1  107 1475210998  
2  45 
3 
3 
3 
2  17 
2  67 
3 
3 
2  109 
3 
2  25 
1  76 461292492  
2  117 
1  99 928932977  
3 
2  43 
2  15 
3 
2  65 
3 
2  17 
2  16 
2  31 
1  8 580090454  
3 
3 
1  138 1484240910  
3 
2  86 
3 
1  107 1012917109  
3 
2  37 
2  32 
2  124 
2  118 
2  17 
3 
1  97 1870066542  
3 
2  75 
2  46 
3 
2  76 
1  59 985081889  
1  67 696753170  
3 
1  5 945222902  
2  24 
3 
2  5 
1  44 1117172145  
2  11 
2  8 
1  46 1678494409  
2  138 
3 
1  121 1097625805  
2  126 
2  32 
1  125 801352752  
3 
1  85 87284292  
1  99 1144770815  
1  84 1589337801  
1  102 577674282  
1  17 735327859  
1  49 448179468  
3 
3 
3 
2  13 
2  122 
1  140 2083314779  
1  58 136486335  
2  36 
2  69 
3 
2  37 
2  2 
3 
2  4 
3 
3 
1  25 1206801899  
3 
1  83 918445555  
2  69 
3 
2  34 
1  37 344346858  
1  4 1179130420  
1  10 1008156677  
1  4 1236109193  
2  63 
3 
3 
1  42 1966795826  
3 
1  35 2066435371  
2  16 
1  2 117224638  
2  13 
3 
3 
2  7 
2  15 
2  30 
1  39 1294523176  
2  69 
2  38 
3 
3 
3 
3 
2  4 
2  85 
1  23 380244216  
1  33 1046157615  
3 
2  19 
1  15 1874613631  
1  101 1864485126  
1  43 2059074724  
1  21 1597196525  
1  33 702083367  
3 
1  10 608344246  
3 
3 
2  40 
2  133 
1  17 394935779  
3 
2  43 
1  61 1819255512  
3 
3 
1  41 139355008  
2  21 
1  59 1492561585  
3 
1  91 473124616  
1  41 226639300  
3 
3 
3 
2  70 
1  62 489848752  
3 
3 
2  23 
1  148 2062462418  
1  41 804313582  
1  85 1225176612  
3 
1  10 363158238  
2  112 
3 
3 
2  27 
1  133 740144714  
1  19 1361662947  
1  44 1569960137  
3 
3 
1  104 1658590269  
3 
2  142 
3 
1  114 1706009805  
1  20 601606909  
2  91 
2  69 
2  44 
3 
2  45 
2  110 
1  21 519263298  
3 
1  16 794635351  
1  10 420919088  
3 
3 
1  14 438215022  
1  33 911859989  
2  35 
3 
3 
3 
2  120 
2  28 
2  55 
2  19 
1  59 1715442264  
3 
2  78 
3 
2  51 
2  33 
2  99 
1  62 818459238  
3 
2  8 
2  34 
2  23 
3 
1  0 1958017604  
2  27 
2  141 
1  11 1442572247  
3 
3 
3 
2  20 
2  37 
3 
2  27 
1  53 535460716  
3 
3 
1  35 1869608681  
1  23 892285125  
3 
1  44 1237544084  
2  38 
1  29 330469279  
3 
2  5 
3 
2  15 
3 
2  39 
3 
2  28 
2  1 
3 
1  100 1287220904  
2  1 
1  103 909315948  
3 
1  0 469824287  
3 
3 
1  21 632298841  
1  18 1382440565  
2  55 
3 
1  84 696463587  
2  123 
3 
2  37 
2  35 
3 
2  90 
1  58 1122147594  
3 
3 
2  120 
3 
3 
1  80 1297419335  
2  116 
1  26 1500777170  
1  44 199840558  
1  29 1660577573  
3 
3 
2  20 
2  41 
1  0 93438236  
3 
3 
1  121 1561503505  
2  13 
1  86 1083054062  
2  5 
3 
3 
3 
3 
2  18 
1  116 1752028505  
2  53 
1  56 1120029662  
1  2 1684660972  
2  60 
2  41 
1  129 123808156  
2  3 
2  35 
3 
1  13 1914665013  
3 
3 
2  3 
1  134 2105580060  
2  80 
2  12 
3 
2  48 
3 
1  1 562023178  
2  42 
2  88 
2  70 
3 
1  91 679041354  
2  128 
3 
1  95 1673538676  
2  28 
3 
3 
2  137 
1  120 1380482416  
3 
1  56 489575311  
1  4 968627276  
1  105 1915943132  
2  2 
2  35 
1  22 211700344  
3 
1  100 1860912401  
3 
3 
3 
2  9 
1  35 1006003568  
1  96 542169623  
2  33 
1  35 1000649657  
3 
2  10 
3 
3 
1  13 1915319517  
2  106 
2  31 
3 
3 
1  8 1011993911  
3 
2  39 
3 
2  36 
1  2 1632948499  
1  23 1150276434  
2  71 
3 
1  38 1708457498  
3 
1  21 607612445  
3 
1  112 300212121  
3 
3 
1  96 1061751020  
2  98 
3 
2  25 
2  27 
2  116 
2  103 
3 
3 
2  95 
2  106 
2  7 
2  37 
3 
2  80 
2  7 
2  30 
2  110 
3 
3 
3 
2  24 
1  18 807453003  
3 
1  23 1960789694  
2  10 
1  128 1155189256  
2  33 
2  25 
3 
2  2 
3 
3 
1  73 221472860  
1  22 896360108  
3 
2  23 
1  20 759734114  
2  19 
2  37 
2  5 
3 
3 
3 
1  71 1341502522  
2  8 
2  19 
2  22 
2  123 
2  13 
2  19 
3 
2  43 
1  4 433537432  
1  66 883542270  
3 
3 
2  69 
3 
3 
2  26 
1  15 1108683888  
2  9 
3 
1  111 391633844  
2  21 
1  0 1445565448  
3 
3 
2  90 
3 
3 
2  4 
3 
1  5 1787725242  
3 
2  64 
1  10 2065172521  
3 
3 
2  119 
3 
2  36 
2  9 
1  13 678564216  
3 
1  12 129816905  
1  15 886316149  
2  0 
3 
1  10 447023700  
1  96 341517249  
3 
3 
3 
2  25 
1  3 599744902  
2  109 
2  109 
2  50 
3 
2  19 
2  102 
3 
3 
1  17 1453027269  
1  24 883686873  
3 
2  45 
2  16 
1  85 1600394559  
2  3 
2  68 
2  28 
3 
3 
2  7 
2  27 
3 
2  7 
3 
1  1 1220863138  
1  26 1895680784  
1  22 1085859410  
2  112 
2  83 
3 
3 
3 
2  8 
2  20 
2  83 
2  27 
3 
1  15 223655924  
2  15 
1  5 1456654634  
1  93 1693471855  
1  19 523868045  
3 
3 
2  106 
3 
3 
1  69 370922007  
3 
1  6 353441210  
3 
1  123 337174091  
3 
2  18 
2  22 
2  115 
2  36 
2  11 
3 
3 
3 
1  98 1526111263  
2  1 
1  2 574914070  
1  113 1233534199  
3 
3 
1  19 138361729  
2  43 
1  92 1916416593  
3 
1  36 1667071632  
3 
2  21 
2  58 
3 
2  79 
2  127 
1  109 1021903999  
1  8 877616833  
3 
2  37 
3 
2  55 
2  38 
3 
1  102 2058705476  
2  97 
2  19 
2  88 
2  42 
1  7 319985799  
3 
2  2 
3 
1  10 517858427  
3 
1  82 1976394349  
2  47 
3 
3 
1  19 998550015  
2  12 
3 
1  15 647675333  
2  27 
3 
1  27 715226850  
3 
1  93 1445573716  
3 
2  21 
1  39 989192582  
2  119 
3 
2  8 
3 
3 
3 
3 
2  13 
1  7 1314971752  
1  112 751117337  
2  72 
3 
1  8 1872879455  
2  61 
1  18 767882664  
2  45 
3 
3 
2  21 
1  73 1971980475  
2  15 
1  84 1621076591  
2  14 
3 
2  3 
1  5 1853742074  
2  3 
1  4 48152751  
2  1 
3 
3 
3 
2  14 
3 
2  110 
3 
2  34 
2  14 
1  86 930247578  
3 
1  7 1399730282  
2  28 
2  3 
3 
3 
3 
2  76 
2  22 
1  10 572020796  
3 
1  63 1301169585  
1  13 1753171492  
3 
1  12 909194887  
3 
3 
3 
2  17 
1  4 679797200  
2  15 
2  83 
3 
1  16 180601915  
1  71 2142729086  
1  45 818158930  
3 
3 
1  20 2097018508  
2  116 
2  59 
3 
1  18 1662317070  
3 
1  5 1840062929  
1  60 827151693  
2  15 
3 
3 
3 
3 
3 
3 
3 
3 
3 
3 
2  32 
2  25 
3 
1  1 1573538899  
3 
1  20 12565081  
1  88 1345010120  
1  72 1402449600  
3 
1  93 1011115096  
2  25 
3 
2  5 
2  6 
3 
3 
2  83 
3 
2  12 
2  16 
1  21 1992685453  
2  0 
3 
2  103 
3 
1  2 2117676451  
3 
3 
3 
3 
3 
1  98 309205164  
1  20 834394388  
1  1 1285164555  
3 
2  23 
1  11 1060322501  
3 
1  74 559790195  
1  11 2053047219  
2  46 
1  114 884819328  
1  122 33383139  
2  85 
1  99 1759305646  
3 
3 
1  26 932972079  
1  29 963630717  
2  99 
1  21 1011552280  
2  72 
3 
2  0 
3 
3 
2  11 
3 
1  18 1504992875  
1  7 117316654  
1  108 617240124  
1  125 266704114  
2  39 
2  8 
2  50 
2  48 
3 
3 
2  1 
2  115 
3 
1  56 797113854  
1  26 797842039  
2  23 
3 
3 
1  95 261949553  
3 
2  20 
3 
3 
3 
3 
2  26 
1  11 1615272784  
2  87 
2  82 
3 
1  28 747376899  
3 
3 
3 
2  88 
2  22 
2  121 
1  15 1924266623  
2  9 
3 
3 
2  16 
3 
3 
3 
2  113 
1  98 1307852066  
1  17 1574528592  
2  74 
2  88 
2  62 
1  21 1350321874  
3 
1  43 1320417147  
3 
2  20 
1  23 772055065  
1  47 605287827  
3 
2  8 
2  38 
1  51 184048595  
2  22 
1  6 617256870  
3 
2  101 
2  8 
1  114 575480630  
3 
3 
3 
2  0 
3 
3 
2  59 
3 
3 
1  6 493253760  
3 
2  0 
1  19 1451651258  
2  10 
2  98 
3 
3 
3 
2  108 
3 
3 
1  95 1860645185  
1  4 1553576261  
1  9 2011441454  
3 
2  123 
3 
3 
3 
3 
1  54 1766208757  
2  7 
2  117 
1  86 290911942  
1  82 2044824593  
2  17 
1  15 1378030755  
1  10 1223884021  
3 
1  68 860971662  
1  53 242099387  
3 
1  100 581393249  
1  50 978288316  
1  2 859339511  
2  94 
1  0 848097363  
3 
1  5 1775402170  
3 
3 
1  24 1657181551  
1  21 1110046916  
2  58 
3 
1  57 1243191307  
2  92 
1  1 257074802  
3 
3 
1  70 886829892  
2  28 
2  0 
2  90 
2  34 
3 
1  76 403559725  
2  28 
1  18 1831603395  
3 
2  25 
2  118 
3 
2  9 
2  1 
1  1 89668118  
2  120 
3 
2  12 
1  6 1723976872  
3 
1  25 456174812  
3 
2  0 
2  95 
1  77 694955945  
1  80 1908025467  
3 
1  4 1073431682  
2  28 
1  18 1270436575  
1  4 253795579  
2  26 
3 
2  22 
2  24 
2  14 
1  120 377599293  
2  19 
3 
1  51 983598113  
2  68 
3 
3 
1  10 1807371841  
3 
1  116 241557099  
1  9 602323222  
1  3 2098283783  
3 
3 
2  77 
2  87 
1  91 138898044  
3 
2  50 
2  22 
2  119 
2  13 
2  9 
3 
2  32 
3 
1  92 1980353977  
2  0 
1  46 1174684156  
1  16 999869706  
1  79 74969716  
3 
3 
2  3 
2  1 
3 
2  4 
3 
2  84 
3 
2  100 
3 
3 
2  114 
1  94 1756077405  
2  103 
3 
3 
1  94 1978158022  
3 
3 
1  17 934309227  
3 
2  107 
2  78 
2  9 
2  1 
1  87 456691121  
3 
2  18 
2  117 
3 
2  48 
2  4 
2  69 
1  7 1606076544  
1  6 444007130  
3 
3 
1  99 1566738037  
1  121 701784203  
1  15 701081933  
2  28 
2  16 
3 
3 
3 
2  47 
3 
2  49 
3 
1  0 306084281  
3 
2  119 
1  13 1105343928  
2  83 
3 
1  12 385201680  
1  6 395752400  
3 
1  21 681837152  
3 
3 
3 
1  22 841376492  
1  26 1090708345  
3 
1  72 442378972  
1  38 1914808174  
2  3 
3 
3 
3 
1  10 213661273  
2  11 
3 
1  124 696174551  
3 
2  123 
3 
2  93 
2  8 
2  69 
1  5 144923819  
1  116 1197259386  
1  19 356062744  
2  1 
2  76 
3 
1  44 386480918  
1  51 1799582608  
1  33 306862879  
3 
1  88 525378962  
2  43 
1  10 1632452937  
3 
2  116 
1  27 1481547036  
3 
3 
3 
3 
2  59 
1  64 1525248668  
1  58 1707422653  
2  15 
1  120 1090140793  
2  55 
3 
2  2 
1  11 1355923042  
3 
3 
3 
2  61 
1  121 494248232  
2  6 
2  86 
2  83 
3 
3 
2  8 
3 
2  43 
3 
3 
3 
1  105 1546831914  
3 
2  5 
3 
1  6 814515939  
1  95 938255363  
3 
2  31 
3 
3 
1  24 966086304  
2  3 
1  91 1516300142  
2  114 
3 
1  4 1639337296  
2  45 
3 
3 
1  62 1272170585  
1  7 474160423  
3 
1  4 2024538976  
3 
1  113 1667922985  
2  56 
3 
1  18 1155997575  
1  20 718431820  
3 
2  30 
3 
2  12 
2  24 
2  17 
2  3 
3 
2  1 
2  116 
1  81 611147683  
3 
3 
2  59 
2  16 
3 
3 
1  15 1598376547  
3 
3 
2  1 
3 
1  33 485756346  
3 
2  38 
3 
3 
3 
3 
1  37 824808956  
2  22 
2  61 
1  99 147067451  
3 
2  71 
1  118 630680166  
3 
3 
3 
3 
2  43 
2  21 
1  47 2022068342  
1  120 503130195  
2  31 
3 
2  44 
3 
2  18 
3 
3 
1  81 1017161084  
2  73 
2  10 
1  65 1674167302  
2  3 
1  13 809993075  
2  9 
2  3 
1  9 1542540047  
2  69 
2  12 
3 
1  20 1159136591  
1  17 144056463  
1  16 920305067  
1  58 719075596  
2  1 
2  102 
3 
1  81 1234197256  
3 
3 
2  65 
3 
2  20 
2  2 
2  109 
1  70 128744462  
3 
1  33 1213323828  
1  12 633545523  
2  10 
1  102 943260401  
1  11 4095543  
1  59 1599631827  
2  27 
2  110 
2  80 
2  15 
3 
2  11 
3 
2  14 
1  29 312076895  
3 
2  6 
1  102 1643432839  
2  11 
1  0 724318764  
3 
1  10 786237318  
1  1 1520488167  
1  48 244758102  
1  103 1942234894  
2  60 
3 
2  14 
1  15 91436339  
3 
1  71 855905785  
1  69 1393127793  
1  52 577192686  
2  5 
3 
1  90 1680714741  
2  9 
3 
1  14 1540195244  
2  22 
2  60 
2  15 
3 
3 
1  47 1207872852  
3 
3 
3 
2  107 
2  111 
1  80 1555299435  
3 
2  9 
2  8 
2  8 
1  94 2043325440  
1  70 77550288  
1  7 1081983089  
1  66 705834867  
1  79 1620090335  
1  11 93636032  
2  4 
2  99 
1  9 849891330  
1  5 392911755  
2  26 
2  8 
2  32 
2  1 
2  30 
2  60 
3 
2  8 
2  20 
3 
3 
2  71 
1  5 812711628  
3 
3 
1  102 2084088586  
1  10 521656217  
1  0 2026035456  
1  51 570150461  
2  54 
1  5 1464916618  
1  2 2030131000  
2  12 
1  16 22298640  
1  71 1776993513  
1  43 1526080191  
3 
2  39 
3 
3 
3 
2  105 
2  7 
3 
3 
3 
2  5 
2  6 
3 
1  96 746617405  
2  46 
3 
1  3 415747184  
3 
3 
1  13 899084711  
2  8 
1  78 991375507  
1  9 210498430  
2  35 
2  3 
3 
3 
2  5 
1  102 990521050  
3 
3 
3 
3 
1  0 1847281292  
3 
1  46 1603626223  
2  8 
2  11 
3 
3 
3 
2  7 
2  2 
2  29 
3 
3 
1  4 1567713736  
3 
3 
3 
2  7 
1  1 1380512385  
2  5 
1  3 996337820  
2  109 
3 
1  59 628102940  
1  19 788328172  
3 
1  20 892179612  
2  1 
3 
1  54 705653229  
1  23 1870311261  
1  8 1598014479  
3 
2  10 
2  75 
1  8 178259916  
2  18 
3 
2  5 
2  9 
2  9 
1  14 1963947293  
2  4 
1  29 300422161  
1  39 571171671  
1  13 629175273  
2  28 
3 
1  43 237027099  
1  2 1092827888  
3 
2  7 
2  16 
1  0 507727081  
1  100 807177561  
2  4 
1  18 410260858  
2  1 
1  0 390374433  
3 
1  6 829476201  
1  89 39770724  
2  89 
3 
3 
2  2 
1  72 1916454625  
2  4 
3 
2  80 
1  28 1576093606  
1  49 455517908  
1  27 668055688  
3 
2  6 
3 
3 
1  1 419985465  
3 
3 
3 
3 
3 
1  0 666016338  
2  6 
3 
1  103 1658576738  
2  2 
2  3 
1  4 119783109  
3 
1  1 122158913  
3 
3 
1  82 1078806827  
1  10 1500295494  
2  29 
1  6 1118496733  
3 
2  2 
3 
3 
2  3 
1  4 1706909767  
3 
1  2 141140018  
1  30 2010676345  
3 
2  84 
1  71 265079348  
3 
3 
1  30 2011451279  
1  7 1461207176  
1  2 443339265  
2  2 
2  7 
2  7 
3 
3 
2  3 
1  77 1827914924  
3 
1  55 1761629337  
1  33 1014510936  
1  47 309606549  
3 
2  4 
2  67 
1  10 1998656437  
1  2 2107338825  
3 
1  42 817333631  
1  105 658350350  
2  2 
2  1 
2  12 
3 
2  77 
2  102 
2  88 
1  3 370116035  
1  0 1207708064  
2  4 
3 
2  4 
3 
2  11 
2  26 
3 
1  2 1487826551  
2  5 
2  0 
3 
2  70 
3 
3 
2  97 
3 
1  3 409886759  
1  2 976679041  
1  13 916436510  
3 
1  4 865404667  
1  18 1644734729  
3 
3 
2  0 
2  84 
1  3 1336421975  
1  4 1531421005  
2  0 
3 
3 
3 
2  4 
3 
2  94 
3 
3 
2  35 
1  69 1155827820  
2  103 
3 
2  68 
1  57 1456205085  
3 
2  4 
1  3 1653579919  
2  92 
2  83 
3 
1  47 87150999  
2  1 
2  1 
3 
2  19 
3 
1  77 809016931  
2  47 
2  0 
3 
1  2 624593004  
1  41 1794060766  
2  0 
3 
3 
1  2 950156950  
3 
2  0 
3 
2  1 
1  0 487785702  
3 
2  98 
2  79 
3 
3 
2  1 
1  1 2059140115  
1  15 814124581  
3 
1  51 1948992878  
1  101 354995732  
3 
2  1 
2  1 
1  0 494555858  
3 
1  101 1563138568  
1  40 1369506668  
1  0 804162407  
1  2 1414311357  
3 
3 
3 
3 
2  37 
3 
2  81 
2  3 
1  27 1329361845  
1  2 1621496038  
3 
3 
2  26 
2  1 
2  47 
1  1 2072661707  
2  0 
1  2 1699477881  
2  0 
2  8 
3 
3 
2  44 
1  1 681720455  
2  98 
1  18 1413004610  
1  1 2109364640  
1  1 1658399496  
1  2 181957472  
3 
3 
3 
3 
3 
2  72 
3 
2  5 
3 
2  1 
3 
3 
2  0 
1  1 827285660  
1  3 1155650578  
2  5 
3 
1  34 1518379448  
3 
1  1 211223017  
2  47 
2  42 
3 
3 
1  1 163994750  
1  2 827100885  
2  23 
3 
3 
2  1 
1  61 1864802936  
2  51 
3 
1  4 251145749  
3 
2  26 
3 
3 
2  6 
2  65 
1  4 1636117816  
1  61 341912293  
3 
3 
2  57 
3 
1  9 2045206515  
2  7 
2  21 
1  66 438791118  
1  86 829697995  
2  65 
2  48 
2  0 
1  0 1956862982  
3 
3 
1  76 1252915700  
3 
1  50 631207225  
2  41 
3 
2  1 
1  44 164375066  
1  27 1747471558  
3 
2  105 
2  1 
1  3 46862145  
3 
3 
2  5 
2  16 
3 
2  4 
2  2 
1  2 1533881735  
3 
3 
1  95 404150317  
1  89 1461173502  
1  96 715759932  
3 
2  41 
2  0 
2  30 
1  43 2025646356  
3 
3 
1  1 1386351561  
2  2 
2  0 
2  0 
1  0 267754165  
1  79 559883163  
3 
3 
2  34 
2  0 
2  0 
3 
2  59 
3 
1  0 651872524  
1  0 229635158  
1  10 70799011  
1  0 833829996  
1  0 1056920818  
2  42 
1  1 1226449589  
2  4 
2  3 
2  1 
1  1 204725796  
2  57 
2  60 
3 
3 
1  72 1268143835  
2  33 
1  2 1390444339  
1  59 1031826681  
1  10 985463124  
1  0 1641590088  
3 
1  100 520460850  
1  14 1327375417  
3 
3 
3 
1  1 1539312956  
2  47 
2  2 
2  2 
3 
3 
1  63 959251968  
2  0 
3 
1  2 9589764  
3 
1  85 1348692290  
2  1 
2  2 
3 
2  75 
2  48 
2  1 
1  71 64684020  
1  11 640796989  
3 
2  0 
1  0 1513067357  
3 
1  0 1812155578  
1  8 687659135  
2  27 
2  102 
2  10 
3 
3 
2  75 
1  1 899465444  
3 
3 
2  1 
1  1 68822248  
1  1 1348989  
3 
2  2 
3 
1  1 1615225376  
3 
1  1 2094468604  
3 
2  25 
1  29 1387700551  
1  3 1882979542  
3 
3 
3 
1  53 506868119  
2  4 
2  2 
1  1 2039573075  
3 
3 
3 
2  0 
1  1 2112614700  
1  2 577667130  
1  4 725919423  
3 
1  4 1022051870  
3 
3 
3 
1  6 1804116720  
2  88 
2  0 
3 
2  24 
3 
1  84 930645220  
1  5 142712057  
1  2 1047077411  
1  63 1962471901  
3 
1  1 1128175181  
1  79 541183852  
2  81 
1  9 335449103  
2  4 
1  71 308066950  
2  10 
1  8 2080496808  
1  2 1294701072  
2  104 
2  7 
2  105 
2  10 
2  88 
3 
2  4 
3 
1  3 317656714  
1  79 1281705450  
2  49 
3 
2  91 
1  6 1359385092  
3 
3 
2  48 
1  16 958453704  
3 
1  9 647289159  
1  58 1024057023  
2  29 
3 
2  52 
2  1 
1  10 1646112839  
1  66 1546754603  
1  3 1092879271  
3 
3 
3 
3 
2  3 
3 
2  67 
1  9 1647461828  
3 
1  6 1014496332  
1  7 1039864227  
1  54 887678731  
1  2 749992226  
3 
2  12 
3 
2  57 
1  1 1546732346  
1  9 779768158  
2  43 
3 
1  85 715123278  
3 
1  82 2124399476  
3 
1  11 1505687582  
3 
2  4 
3 
2  78 
2  6 
3 
3 
2  74 
2  13 
2  73 
1  0 1737175148  
1  76 1781032548  
2  108 
1  20 288849154  
3 
3 
2  13 
2  95 
3 
2  23 
2  4 
1  3 1879887205  
3 
2  13 
1  69 680626312  
3 
3 
2  30 
2  11 
2  2 
2  42 
1  103 103837407  
3 
2  9 
2  4 
3 
3 
3 
3 
2  73 
2  6 
2  13 
3 
1  2 860578739  
3 
2  1 
3 
2  0 
2  5 
2  6 
2  5 
3 
3 
3 
3 
2  46 
2  1 
2  5 
2  62 
3 
1  3 1221810164  
1  4 439286511  
2  16 
1  4 1168645689  
2  52 
3 
2  32 
3 
1  3 1154823324  
2  5 
1  0 1733987583  
3 
1  72 1486302404  
1  0 289045126  
2  3 
2  57 
3 
3 
3 
2  0 
2  0 
2  0 
2  2 
2  1 
3 
2  2 
3 
3 
3 
3 
1  0 945889027  
2  34 
1  25 297272460  
2  14 
3 
3 
3 
1  95 936334286  
1  5 1969946050  
1  98 1943385299  
1  8 335605241  
3 
3 
2  0 
1  93 915341673  
3 
1  0 1443363479  
2  1 
1  98 1350101573  
2  1 
1  43 1955205900  
2  0 
1  0 183558563  
3 
1  35 2100093799  
3 
1  39 1354454598  
1  88 963326721  
2  45 
2  28 
1  48 667733429  
3 
1  29 1331370427  
2  8 
1  89 321530655  
3 
1  72 257424929  
2  0 
3 
2  0 
2  33 
1  47 964919327  
3 
2  35 
2  54 
3 
2  0 
2  84 
1  0 610379809  
2  0 
3 
3 
3 
2  43 
3 
2  74 
2  0 
2  86 
3 
3 
3 
2  88 
3 
2  46 
1  44 2137312135  
1  0 1645545639  
3 
2  14 
1  2 714217217  
1  41 850407226  
2  0 
2  0 
1  0 719872155  
2  0 
3 
3 
2  53 
3 
2  0 
1  0 1153503728  
1  0 2019052915  
1  26 1874695479  
1  23 740007663  
1  0 1357871671  
2  1 
2  0 
3 
1  0 16256958  
3 
3 
2  1 
1  0 1685896690  
2  78 
1  92 1655144131  
2  1 
3 
3 
1  0 952591244  
2  0 
3 
2  39 
2  0 
3 
1  0 1508359093  
3 
3 
1  84 1451045782  
1  57 1288196485  
2  0 
3 
2  0 
1  84 276217118  
1  30 746925614  
1  0 490814411  
2  0 
1  1 83939371  
1  23 930484177  
3 
2  0 
3 
3 
1  71 443424562  
3 
1  0 1438393969  
1  0 1893810898  
2  0 
1  0 1111157992  
1  49 622280748  
1  18 67857906  
3 
3 
3 
3 
2  1 
2  22 
3 
1  0 1368582921  
2  30 
1  40 1587200076  
1  97 678237715  
3 
2  91 
1  0 1358411408  
3 
1  2 1085262067  
2  2 
2  0 
2  0 
2  8 
2  82 
2  0 
1  0 1392454932  
1  53 61334986  
2  33 
1  90 1805134223  
1  0 398475012  
2  1 
1  60 2080387902  
1  0 1532346054  
2  1 
3 
2  78 
3 
1  0 1138482675  
2  0 
1  0 1290775925  
1  1 1548603012  
2  2 
2  62 
2  1 
2  0 
1  0 676895718  
3 
2  0 
2  0 
1  94 798436409  
1  0 353710608  
2  0 
1  0 37771163  
2  0 
2  19 
1  0 101998543  
1  78 1641907094  
2  87 
3 
1  46 313988281  
1  0 848924157  
3 
3 
3 
3 
3 
2  94 
3 
3 
2  34 
1  28 2132721505  
1  80 397927652  
3 
1  1 1779408334  
1  1 428662419  
3 
3 
3 
2  33 
3 
2  1 
3 
1  1 1836321622  
3 
3 
1  0 1525735585  
3 
1  4 1539820411  
2  22 
1  2 311118722  
3 
1  3 1593593491  
2  82 
1  1 760919685  
2  73 
2  32 
1  5 1898318798  
1  42 124347558  
1  8 2119331093  
3 
2  11 
2  19 
1  1 836097218  
1  7 1516802491  
3 
1  9 33182432  
2  28 
2  33 
2  44 
3 
3 
3 
3 
3 
1  103 493747793  
3 
1  3 1915277503  
1  39 2113570334  
2  23 
3 
3 
1  3 2026093847  
2  2 
2  22 
3 
2  9 
3 
1  55 906276531  
1  44 1256862611  
1  2 1427213212  
3 
3 
1  83 1583172249  
3 
2  12 
2  61 
2  5 
1  1 2055299020  
2  102 
2  5 
1  107 1780923820  
2  10 
2  72 
2  5 
2  9 
2  32 
1  23 1620943412  
1  4 9813916  
1  15 1275347266  
3 
2  6 
3 
3 
2  1 
3 
3 
2  1 
1  2 1934931693  
3 
1  77 858738073  
1  42 1260585123  
3 
2  4 
1  6 185375698  
2  31 
2  3 
2  5 
2  60 
1  6 490662760  
3 
3 
1  7 1689247543  
2  7 
3 
1  7 2021697320  
1  0 2016398345  
2  25 
2  39 
3 
3 
1  9 1081584306  
2  8 
1  7 185332394  
2  2 
3 
1  4 1462508188  
1  2 1842503991  
2  1 
2  102 
2  1 
2  110 
3 
1  30 2083651193  
2  107 
3 
3 
1  11 1586855746  
1  23 1814351437  
1  8 772264763  
2  32 
1  9 956174589  
2  61 
3 
2  4 
1  0 1847533869  
3 
3 
1  1 1266012556  
3 
2  28 
3 
2  82 
1  8 723968445  
3 
3 
2  2 
2  1 
1  62 1813620555  
3 
3 
3 
3 
3 
3 
1  3 1144622755  
2  9 
3 
1  2 1630244976  
2  95 
3 
2  7 
2  19 
3 
3 
1  0 922999518  
3 
2  80 
1  39 424352319  
2  83 
3 
2  44 
1  90 1065933577  
1  9 830814891  
2  12 
2  101 
1  51 57792492  
3 
3 
1  8 539393341  
2  4 
3 
3 
1  0 840628807  
1  61 1333139758  
3 
1  11 326841386  
3 
3 
1  8 1699366880  
3 
3 
2  39 
2  116 
1  6 446241234  
1  75 512217084  
2  12 
1  74 42545992  
2  7 
3 
3 
2  100 
3 
2  1 
2  6 
1  111 2135488777  
3 
3 
3 
3 
1  74 386430756  
3 
3 
1  81 2058944337  
1  38 1069589435  
1  69 571763151  
2  10 
2  69 
3 
3 
1  23 1373968877  
3 
2  10 
2  2 
3 
2  6 
1  13 764609779  
1  8 507930696  
3 
3 
1  106 813340976  
1  5 431477568  
1  2 1280195459  
1  84 1769515565  
3 
3 
2  73 
3 
2  49 
2  0 
1  105 131527789  
3 
2  100 
1  1 398724367  
1  18 346000362  
2  92 
1  67 1945148344  
1  71 1543347122  
2  79 
3 
3 
2  8 
3 
1  4 1976245338  
2  4 
1  93 720664214  
1  1 1967699442  
2  68 
3 
2  6 
3 
2  5 
2  61 
2  20 
1  8 894695267  
3 
2  82 
2  10 
2  7 
3 
2  34 
3 
3 
2  65 
1  8 1551479105  
3 
3 
3 
3 
1  105 2025491934  
2  14 
3 
2  2 
2  70 
3 
3 
2  45 
2  5 
3 
1  5 1434088608  
3 
1  44 244624264  
1  44 1211148044  
2  79 
2  65 
3 
2  8 
3 
2  0 
3 
2  89 
2  19 
2  5 
3 
3 
1  3 1760929995  
1  2 1943991145  
2  22 
3 
1  2 1657389278  
1  5 125663431  
3 
2  106 
1  5 1986537137  
3 
3 
2  101 
1  13 1645394407  
3 
3 
3 
1  5 512094188  
3 
2  3 
3 
3 
2  10 
2  103 
1  69 1897997827  
2  2 
3 
3 
1  56 567500195  
2  20 
3 
3 
1  21 1083857339  
3 
2  6 
2  67 
1  103 1124483056  
1  18 1332109974  
3 
2  6 
1  57 1591788035  
2  3 
1  20 1937824032  
1  5 1763587542  
3 
3 
3 
1  2 724499846  
1  7 1559855950  
1  38 1895115331  
2  3 
1  29 1123224213  
3 
3 
2  0 
1  96 1905856312  
3 
2  1 
2  0 
1  1 1692780027  
1  0 519087687  
3 
2  105 
3 
1  94 1734618003  
3 
1  56 265960593  
2  6 
2  4 
1  0 339303481  
3 
1  2 481829622  
1  23 1817439699  
3 
2  4 
1  81 217311767  
3 
3 
1  62 1915918231  
3 
3 
2  24 
3 
2  2 
1  1 2062063963  
1  103 1428459812  
1  2 1529364578  
2  1 
2  2 
2  3 
3 
3 
1  3 1858571460  
3 
2  2 
3 
1  3 938365442  
1  64 1655028009  
3 
3 
3 
1  1 1697624950  
1  9 436276202  
2  1 
1  3 19638549  
1  92 1448139129  
3 
2  19 
1  78 1003776397  
2  1 
2  3 
3 
3 
3 
3 
3 
3 
1  2 1103495888  
1  68 425138537  
2  22 
1  4 188402723  
2  106 
2  61 
2  5 
1  2 547800275  
2  5 
3 
2  4 
2  2 
2  83 
1  2 215478922  
2  9 
2  2 
1  88 1951990265  
2  0 
1  0 1272300121  
1  2 1775334872  
3 
2  48 
2  64 
2  77 
1  0 1699621948  
1  10 248040686  
3 
3 
1  82 1533707536  
1  31 1244918327  
2  4 
3 
1  46 767128374  
2  90 
1  0 1120841891  
3 
3 
1  55 1510878920  
2  44 
1  4 1106431855  
1  24 1602671514  
1  64 1180834971  
2  2 
3 
2  2 
1  3 1323743623  
3 
3 
3 
1  2 1371106097  
2  5 
3 
2  20 
3 
3 
2  1 
2  51 
1  2 1095415287  
3 
2  2 
3 
1  3 604719787  
1  0 752987027  
2  0 
2  0 
3 
3 
3 
1  2 806503099  
3 
1  3 1543085229  
2  93 
2  85 
3 
2  2 
1  83 260531388  
3 
1  4 356644401  
2  2 
1  1 1979361431  
3 
1  105 280169938  
1  5 1804783530  
2  5 
1  2 835654180  
1  3 1383665826  
3 
2  104 
1  1 82438420  
1  19 1024056903  
3 
1  41 1931466102  
1  6 297917342  
1  8 828563520  
3 
1  2 1056282575  
2  9 
2  5 
2  1 
3 
3 
2  40 
1  17 2073252214  
2  64 
3 
1  0 380701820  
3 
3 
1  12 1304323262  
3 
2  15 
2  23 
1  75 1459476102  
3 
2  90 
2  5 
3 
3 
3 
2  36 
2  30 
1  5 1625620147  
1  1 2071451636  
2  100 
1  7 432834346  
1  77 989015420  
3 
2  71 
3 
3 
2  13 
3 
2  1 
3 
3 
3 
2  2 
2  9 
1  7 1030399843  
3 
1  55 2035505860  
1  81 22366743  
1  1 206659818  
1  76 1259128309  
1  83 1117782030  
3 
3 
3 
2  19 
1  42 811379605  
3 
3 
2  38 
3 
1  1 2012115336  
3 
3 
1  63 1924285130  
3 
1  6 206981187  
1  87 125163076  
2  69 
2  3 
3 
1  2 133445883  
2  4 
3 
1  0 38858970  
2  57 
2  7 
1  7 405333014  
1  23 1938229414  
3 
2  4 
2  9 
3 
1  26 874513151  
1  10 1788998841  
2  45 
1  111 2020667834  
3 
1  87 1898570054  
2  30 
3 
3 
2  78 
3 
1  7 1572981295  
2  12 
3 
2  4 
3 
1  7 171101528  
2  2 
3 
1  6 579649927  
1  10 481780222  
2  50 
2  19 
1  72 96870094  
3 
2  94 
1  8 960351747  
1  2 1786103484  
1  75 1556346196  
3 
2  63 
1  13 438488247  
2  14 
1  34 1710071472  
1  0 1989180542  
1  10 1427503667  
1  45 592987668  
1  34 1877202754  
2  8 
1  82 1449870410  
1  82 799647486  
1  32 988847415  
3 
3 
3 
2  7 
2  13 
3 
3 
1  10 420168793  
2  112 
3 
2  13 
1  6 1611027092  
1  10 853479103  
3 
2  10 
1  2 196970275  
1  47 1818008279  
1  12 978642180  
1  108 330416158  
3 
3 
1  72 1856867249  
1  54 1383975194  
2  113 
3 
1  4 121161924  
3 
2  8 
1  115 583896752  
3 
3 
