1  82 1968550805  
3 
1  0 1368322309  
3 
3 
1  5 1703006797  
1  0 1953182225  
3 
2  83 
2  87 
1  55 1799718820  
1  100 1041854150  
3 
3 
3 
1  98 57640001  
3 
1  24 469429561  
1  18 277714331  
3 
3 
2  15 
3 
2  27 
2  1 
3 
1  0 1584634575  
3 
2  37 
1  98 711505881  
3 
2  1 
3 
1  53 1564966332  
2  0 
1  54 632088112  
3 
2  0 
3 
2  23 
2  40 
1  84 563392981  
2  0 
3 
2  0 
1  0 847072983  
3 
2  72 
2  0 
1  81 334023054  
2  44 
2  0 
1  0 306199049  
3 
3 
2  3 
1  60 1156977643  
2  77 
2  92 
2  0 
1  0 1986992952  
1  0 40156327  
3 
3 
2  46 
2  1 
3 
2  90 
2  0 
3 
1  4 1969366506  
2  0 
1  1 391105798  
1  94 167921753  
3 
3 
3 
1  0 516466569  
2  35 
2  13 
3 
2  10 
3 
2  80 
1  18 2029730056  
3 
2  0 
2  0 
1  0 2020611503  
1  34 1919410737  
3 
1  0 617049396  
3 
2  71 
1  42 1006978278  
3 
3 
3 
2  20 
3 
2  60 
1  0 686100138  
2  102 
2  2 
1  1 1453824282  
1  24 828045435  
2  0 
3 
3 
3 
3 
3 
1  0 2054422447  
3 
1  2 1009347432  
3 
2  94 
2  96 
3 
2  53 
1  8 633744012  
1  3 1706657620  
3 
2  43 
3 
2  4 
2  16 
1  0 2051201582  
3 
1  2 691384014  
3 
1  85 28603533  
2  5 
2  50 
3 
3 
1  21 181432265  
3 
2  102 
1  80 128534941  
1  30 740109414  
2  4 
3 
2  1 
3 
2  42 
2  96 
1  2 1746398598  
2  0 
3 
2  0 
2  0 
1  17 760623053  
3 
1  0 1303502395  
3 
1  95 445987933  
2  36 
1  52 1094646108  
3 
2  60 
2  0 
1  43 1609701444  
1  95 1602965576  
3 
1  16 934155412  
2  0 
1  0 1649857772  
1  0 1424848434  
1  1 1325261210  
2  12 
1  55 1817779525  
1  2 1941315004  
1  74 1207507618  
2  2 
3 
2  1 
2  89 
1  1 1690907380  
3 
1  1 1713242093  
1  3 1824557015  
3 
2  89 
3 
1  52 550402010  
3 
2  19 
2  0 
1  1 251858583  
1  72 1130897649  
3 
2  3 
1  71 1378447445  
1  3 158797382  
1  84 2140245081  
1  0 2012191457  
3 
3 
1  25 1865455002  
1  5 2043963016  
3 
3 
3 
2  39 
2  3 
2  5 
1  92 556091823  
1  42 1894058535  
1  4 77911633  
2  52 
1  40 684626764  
1  2 486684301  
2  2 
3 
2  2 
3 
2  1 
3 
2  28 
1  0 1824310231  
3 
2  101 
3 
3 
2  1 
2  1 
3 
2  0 
2  1 
3 
1  0 1445249818  
2  1 
1  0 1790186696  
1  1 122814516  
3 
3 
1  2 392412278  
2  3 
3 
2  2 
3 
2  97 
1  61 1252404493  
2  0 
1  0 1725780093  
2  69 
2  0 
3 
2  0 
2  0 
2  83 
1  86 1326567690  
1  45 754778617  
1  0 1003144879  
3 
3 
2  0 
2  87 
1  0 504345252  
1  71 425074494  
1  4 796976235  
3 
1  22 1711852870  
1  0 2115981874  
2  95 
1  46 362734680  
1  82 1388926237  
3 
2  85 
2  76 
3 
1  0 518900236  
1  0 614593263  
3 
1  2 372340239  
1  1 1897347681  
1  5 773390646  
2  0 
2  4 
1  40 365101672  
3 
3 
3 
3 
3 
1  0 1762055490  
1  2 491362000  
2  3 
1  5 261581040  
2  4 
3 
2  3 
1  2 170663666  
2  65 
1  2 237936888  
2  3 
1  69 339492674  
2  1 
1  2 855290430  
2  4 
2  3 
3 
1  61 724621189  
2  0 
2  1 
1  1 16319257  
2  15 
2  54 
3 
3 
1  42 153056600  
3 
2  38 
1  13 367324238  
2  1 
3 
1  1 139133774  
2  79 
1  103 545468878  
1  56 1619728731  
2  6 
2  97 
3 
2  14 
1  54 1864913867  
2  1 
3 
3 
3 
3 
3 
2  68 
3 
2  12 
2  69 
3 
3 
1  42 1872036568  
2  82 
3 
1  1 227023700  
3 
2  1 
1  1 720575098  
2  0 
3 
1  31 228898172  
2  83 
3 
3 
1  1 652098194  
3 
3 
2  12 
3 
2  10 
1  1 1517551334  
1  2 1940751043  
3 
2  4 
2  65 
2  23 
1  24 620596420  
3 
3 
2  25 
2  47 
3 
2  1 
2  2 
1  98 1880286014  
2  1 
2  31 
1  0 1182193632  
3 
1  10 1139496656  
1  48 347395630  
3 
2  74 
3 
1  67 1554533871  
2  9 
2  0 
2  0 
2  72 
2  0 
1  39 889360689  
2  0 
2  0 
2  72 
2  0 
3 
1  0 1120786276  
2  0 
3 
3 
2  45 
2  25 
2  0 
2  27 
3 
3 
2  97 
1  32 1919635544  
1  72 503932531  
3 
2  0 
3 
1  0 1612148276  
3 
2  0 
1  65 33732936  
1  55 674596197  
2  48 
1  0 1850085164  
2  0 
2  0 
1  0 373225610  
1  0 1529886628  
1  9 427222706  
1  0 389544868  
2  25 
1  3 1682943228  
2  76 
2  1 
2  2 
1  5 794546944  
3 
3 
2  77 
1  0 528678642  
3 
3 
2  52 
1  43 80928459  
3 
1  61 266792027  
3 
3 
1  2 246108861  
2  3 
3 
2  0 
1  0 1952965027  
1  90 493815727  
1  48 966683959  
3 
2  23 
1  50 34379552  
2  2 
1  84 1145913921  
3 
2  1 
1  0 336751645  
2  48 
1  57 1975130595  
2  33 
1  1 1766510341  
1  87 69554012  
1  62 1009840579  
1  0 758523349  
1  2 416949642  
3 
2  1 
1  100 416890803  
3 
1  20 1647884038  
1  29 1537735918  
3 
2  1 
1  57 189042699  
3 
1  2 4332921  
2  2 
2  1 
3 
1  1 1002400546  
2  18 
1  0 222775635  
3 
2  64 
3 
1  56 678929119  
3 
3 
3 
3 
2  0 
1  2 705002063  
2  0 
3 
2  18 
2  0 
1  36 596001246  
3 
2  1 
2  0 
2  0 
2  95 
1  19 61332099  
1  84 1132224769  
3 
2  76 
1  0 985546114  
2  0 
1  26 1744275327  
2  0 
1  96 1926771713  
3 
2  0 
1  0 1514224756  
3 
2  0 
1  39 1825203786  
1  93 46080092  
2  79 
2  0 
1  0 1760333617  
1  68 1630685166  
2  76 
3 
1  48 539895819  
2  0 
3 
1  0 579533928  
1  58 1665064718  
3 
3 
2  0 
2  61 
3 
1  89 1685809740  
2  0 
3 
2  0 
2  0 
3 
2  0 
2  0 
2  12 
2  91 
1  0 916285574  
2  0 
3 
1  0 1492711665  
2  0 
1  0 1304836433  
1  0 985839586  
1  1 355068596  
2  29 
2  33 
2  0 
2  83 
2  81 
1  12 2063359782  
1  97 1402789228  
3 
3 
3 
1  1 771959399  
2  2 
2  76 
3 
1  0 1563760172  
2  103 
2  2 
1  17 793041498  
2  91 
1  99 961002098  
2  73 
1  1 1568093093  
1  56 1795442044  
3 
3 
2  36 
3 
2  2 
2  75 
1  1 1183777734  
2  6 
2  82 
1  0 99538564  
2  2 
2  29 
3 
3 
1  2 352960459  
2  1 
1  0 1779778980  
2  3 
3 
2  2 
1  22 160870663  
1  14 1485185228  
2  1 
3 
3 
2  0 
1  52 617841446  
1  55 1905145991  
3 
1  99 1264473293  
1  0 2132066202  
2  54 
1  85 1582866129  
3 
3 
2  51 
3 
3 
1  0 1310553385  
1  93 1744916171  
3 
3 
2  1 
3 
3 
1  0 1066067647  
1  29 1850449204  
2  25 
1  1 176966451  
2  0 
2  16 
3 
2  0 
2  0 
1  12 583648717  
2  3 
1  0 1388775296  
1  0 1093252025  
1  0 2076360382  
3 
3 
3 
3 
1  2 546128081  
1  100 2079091611  
3 
2  25 
1  8 283945331  
3 
1  95 462004215  
2  75 
3 
1  2 1334397191  
2  74 
2  3 
1  2 1055904730  
2  3 
1  2 2025764387  
3 
3 
1  0 2127438689  
3 
3 
3 
3 
3 
2  4 
1  2 2016906829  
1  1 1446373833  
2  3 
3 
1  91 1775397086  
1  1 1053200915  
1  6 1545912397  
3 
3 
1  51 2128357545  
1  5 685496247  
2  85 
1  2 1706783061  
1  28 1466059126  
2  2 
1  5 1303337693  
1  69 1464445404  
3 
1  3 583048771  
1  28 1287920247  
2  9 
3 
1  43 899827885  
1  8 1893602157  
1  50 885352770  
2  47 
2  9 
1  8 1965895533  
3 
2  9 
3 
2  5 
1  105 1596567713  
3 
2  4 
3 
1  4 1062319221  
1  1 402060602  
2  3 
3 
2  4 
3 
1  0 837859362  
3 
3 
3 
1  1 8087599  
3 
3 
1  2 330937337  
3 
2  18 
1  1 1383987443  
1  3 2087179210  
3 
2  37 
3 
2  63 
1  10 614882668  
3 
2  82 
3 
2  2 
3 
3 
3 
3 
1  44 1845991659  
1  0 1274092754  
3 
2  62 
1  9 1670787398  
2  93 
1  53 1724272398  
1  91 1254047795  
1  0 1540210579  
3 
3 
2  9 
3 
2  50 
3 
2  1 
3 
3 
1  105 1023162583  
2  11 
2  9 
2  65 
2  3 
3 
3 
1  9 881961233  
3 
1  7 445927846  
3 
1  14 421591333  
2  102 
3 
2  58 
3 
1  2 862835131  
3 
1  74 1131424093  
1  2 2128374394  
1  4 181410609  
2  3 
2  2 
3 
3 
2  1 
2  24 
1  94 287278138  
2  30 
1  61 1445336150  
1  13 764459380  
1  12 1575198385  
3 
1  49 197680387  
1  7 510577889  
2  4 
1  53 313067507  
1  56 16092272  
3 
1  76 2107145603  
1  91 1375386729  
2  3 
3 
1  94 418152875  
1  109 797521317  
2  90 
3 
3 
3 
3 
3 
2  80 
3 
3 
1  35 1383474328  
3 
1  0 749090212  
3 
1  10 34025112  
2  14 
1  64 1323169890  
2  4 
3 
2  32 
2  13 
1  8 1363972880  
3 
1  13 1880016771  
3 
3 
2  26 
1  11 449778996  
3 
2  14 
3 
3 
1  14 887276630  
1  6 1456805522  
3 
2  84 
1  64 1703826792  
1  13 280003562  
2  88 
1  2 332484457  
1  78 438304377  
3 
3 
3 
2  13 
3 
1  8 725931408  
1  44 754075790  
1  109 1301139508  
1  39 1857355502  
1  101 734966536  
1  12 1482550117  
2  14 
3 
1  12 2144633640  
1  8 32819038  
3 
2  6 
3 
1  109 99525850  
2  10 
2  11 
3 
1  79 1572348378  
1  71 230499426  
2  107 
2  60 
2  17 
2  11 
3 
2  5 
3 
2  5 
3 
3 
2  61 
1  57 610103739  
3 
1  14 1885415885  
2  80 
3 
1  9 246591698  
2  22 
3 
2  49 
3 
1  55 569765694  
3 
1  98 1113318966  
2  12 
2  26 
2  72 
1  14 664744573  
2  41 
3 
1  60 1367287011  
2  11 
2  2 
3 
2  83 
2  85 
3 
2  106 
1  34 349309646  
3 
1  2 1413834785  
2  57 
1  5 1401312124  
2  94 
3 
3 
2  112 
1  4 1672479537  
1  8 630324017  
3 
2  36 
2  9 
2  0 
3 
2  109 
3 
2  71 
3 
1  30 1133845247  
1  68 2122258533  
1  96 1517600648  
1  14 443167121  
1  17 1678601677  
1  2 1797604210  
2  11 
3 
1  77 775651579  
3 
3 
3 
1  96 2116906055  
2  52 
1  103 376051970  
3 
2  3 
3 
1  12 1529727369  
1  8 1270561915  
1  6 85923824  
2  8 
1  88 117210258  
3 
2  46 
2  8 
1  22 605628385  
2  16 
1  110 83073817  
1  92 150029296  
3 
1  10 705154235  
2  8 
3 
1  95 1655422195  
2  13 
2  1 
2  91 
1  46 380528722  
3 
2  7 
3 
2  84 
2  22 
3 
2  111 
3 
2  67 
1  29 1315257974  
1  91 1393354432  
1  96 627120421  
2  4 
2  59 
2  102 
1  67 1885023669  
2  101 
1  6 359189751  
2  13 
3 
3 
3 
1  60 1291864994  
3 
2  7 
1  84 1104827032  
1  5 708499397  
3 
3 
3 
2  78 
2  113 
2  12 
1  38 558216132  
1  93 358655508  
1  74 233495286  
2  4 
2  67 
1  31 1188540149  
1  82 1492500756  
2  7 
1  4 208270172  
2  10 
3 
2  7 
2  78 
2  35 
3 
2  7 
2  86 
2  57 
2  5 
1  104 558657149  
3 
1  37 1935667877  
1  0 1886871849  
3 
2  6 
1  1 208777711  
2  101 
1  85 563835808  
2  7 
1  70 1856294256  
2  0 
3 
2  1 
1  2 584829682  
3 
1  106 2093563178  
3 
2  4 
3 
1  6 979372524  
2  78 
3 
3 
1  3 670753506  
3 
3 
1  1 63289788  
3 
3 
2  70 
3 
1  4 1585000909  
3 
2  107 
1  5 753827323  
2  23 
1  22 213319084  
3 
1  86 142671496  
3 
2  1 
1  3 261765870  
3 
1  41 593847807  
1  3 1457929470  
1  0 1655120303  
3 
2  57 
2  12 
3 
2  41 
1  10 1220968228  
3 
2  104 
2  5 
2  11 
3 
2  1 
1  6 1195469491  
2  9 
2  37 
1  4 2014310054  
3 
3 
1  105 365349574  
1  10 152812876  
1  5 575325803  
1  77 923565706  
2  26 
2  6 
3 
1  46 511468384  
2  45 
2  20 
1  1 808821090  
2  2 
3 
1  1 2112105856  
2  13 
2  0 
3 
3 
1  27 2003969140  
2  54 
2  96 
2  1 
1  23 1017091262  
2  69 
3 
3 
2  45 
3 
2  103 
2  6 
1  1 523279357  
1  5 1792153370  
3 
1  7 756479463  
3 
3 
2  1 
3 
3 
2  9 
2  3 
2  4 
3 
2  22 
2  5 
1  14 732057069  
3 
3 
2  33 
2  43 
2  1 
3 
1  12 208505530  
1  86 465290072  
2  86 
2  5 
2  27 
1  0 1316886751  
3 
2  103 
3 
2  4 
2  0 
1  103 154585060  
2  57 
3 
3 
1  2 1444662596  
2  97 
1  91 1987640257  
2  5 
2  3 
1  0 217874848  
2  11 
1  3 882179857  
3 
2  14 
3 
1  72 593983933  
1  5 431193933  
3 
1  3 1024851353  
2  96 
2  5 
1  0 855749803  
1  81 1025041740  
1  3 335297175  
2  89 
2  100 
3 
3 
3 
1  0 363386458  
3 
1  0 98526320  
2  2 
1  60 1530766667  
2  86 
1  91 230212864  
2  70 
3 
1  6 463875894  
2  5 
3 
1  94 1683579543  
3 
3 
1  5 805538668  
2  5 
2  47 
2  74 
3 
3 
1  79 1387441601  
2  70 
1  2 47564279  
3 
1  7 1614359758  
3 
1  9 1352063809  
1  79 2051533420  
1  7 483967372  
1  60 1875343166  
2  41 
3 
1  46 1696203142  
2  97 
2  20 
1  6 1240446835  
3 
3 
3 
2  5 
2  24 
2  113 
3 
1  97 459916587  
3 
3 
1  71 1904708672  
2  9 
1  2 1705736907  
3 
1  4 1776803338  
3 
3 
2  75 
2  5 
1  4 2059293733  
1  11 1002915855  
3 
1  31 1616959948  
2  104 
1  89 129684933  
3 
2  1 
3 
3 
2  96 
2  53 
2  52 
1  14 1885095712  
1  49 63460233  
2  17 
1  2 560878866  
2  88 
2  27 
2  108 
2  1 
1  4 762463417  
3 
3 
1  5 919210036  
3 
2  78 
2  48 
1  89 1585920606  
1  88 1097760593  
1  8 1282596495  
1  26 1684446926  
1  62 481043612  
3 
2  5 
1  3 1512809359  
3 
2  2 
2  0 
2  74 
3 
2  100 
1  0 839173  
3 
1  9 17139507  
1  61 170864379  
1  13 1388280774  
2  32 
1  37 64703786  
1  18 1785224137  
2  52 
1  46 592860935  
2  10 
2  30 
3 
3 
1  4 2116237206  
2  2 
1  14 121707861  
2  17 
2  40 
3 
2  3 
2  33 
1  27 320720453  
2  5 
1  70 1664956700  
3 
3 
2  86 
3 
2  14 
1  2 1362154697  
1  13 780637041  
3 
1  11 1422181725  
3 
1  104 920407956  
3 
1  119 409956731  
2  29 
1  112 1333991810  
1  11 1923323812  
3 
2  12 
3 
1  23 2026916679  
1  2 1463676743  
3 
1  2 1660935876  
3 
1  8 2090376912  
1  21 2024555610  
2  42 
2  51 
2  11 
2  4 
3 
3 
2  74 
2  4 
1  34 275915646  
2  18 
3 
2  10 
2  57 
1  14 862103301  
2  12 
2  69 
1  17 1462992568  
1  103 1373676239  
3 
3 
3 
1  5 2144699796  
1  94 999955847  
2  90 
1  14 1854719851  
3 
3 
3 
1  6 1510025507  
1  22 1000795020  
3 
1  84 1871859358  
2  56 
1  45 1680889887  
1  15 241592146  
2  5 
1  52 1936563144  
2  23 
1  15 1318630376  
3 
2  19 
1  89 834453081  
3 
1  78 1905316703  
2  122 
2  7 
2  8 
3 
2  95 
1  91 1440338238  
2  101 
1  4 1155173534  
1  16 1422789755  
1  80 655009287  
2  17 
2  90 
1  5 1935810575  
3 
3 
2  90 
3 
1  8 697487832  
3 
1  106 1575417243  
2  93 
3 
2  118 
3 
1  101 198283659  
3 
3 
3 
2  10 
3 
1  50 2031479642  
1  2 1351257407  
3 
3 
3 
2  1 
3 
2  8 
2  31 
3 
3 
3 
3 
1  1 77716690  
3 
1  78 1347672738  
1  6 864709636  
2  0 
2  17 
2  7 
2  19 
1  71 20609955  
2  23 
1  18 1224744700  
2  112 
2  3 
2  18 
2  21 
3 
2  111 
3 
1  4 1140625282  
2  113 
3 
1  2 882713256  
2  18 
1  4 540253620  
1  16 366817873  
2  26 
2  32 
1  74 879929404  
1  68 1540209467  
2  48 
1  1 74054076  
3 
2  16 
1  97 242471263  
3 
1  6 393520839  
3 
3 
3 
2  4 
1  61 1945913434  
1  0 1923361150  
1  39 635112985  
1  96 1734992930  
2  41 
2  5 
3 
3 
3 
3 
1  20 1094507879  
2  15 
1  107 1469566066  
3 
3 
2  70 
1  19 1492825985  
3 
2  6 
2  10 
2  63 
1  6 387362469  
1  2 477255953  
1  13 768132093  
2  21 
3 
3 
1  24 1042371756  
1  7 265582880  
2  0 
2  27 
2  77 
2  78 
2  22 
2  19 
3 
2  15 
3 
1  28 1465619925  
2  36 
1  28 470305351  
2  5 
2  17 
2  114 
3 
1  0 463866539  
1  28 1349615920  
2  30 
2  14 
3 
2  5 
2  15 
3 
3 
3 
3 
1  75 1821562759  
3 
1  114 541583230  
2  14 
2  50 
1  7 549805010  
2  2 
1  102 538788747  
3 
2  100 
2  91 
1  7 562193185  
3 
3 
2  50 
2  42 
2  6 
3 
3 
3 
3 
2  6 
3 
2  20 
3 
1  5 1774549710  
3 
2  62 
3 
1  2 1679414029  
3 
1  3 1444906441  
2  85 
2  0 
2  11 
3 
2  75 
1  1 167319682  
1  4 2046231902  
1  13 177352197  
3 
2  55 
1  4 1707529150  
3 
1  10 2120285978  
1  30 419823460  
1  102 2101049989  
3 
1  70 1918715764  
2  38 
3 
3 
3 
1  4 195700963  
3 
1  56 588679327  
1  54 1506225046  
1  97 1290208842  
1  105 2058245393  
2  121 
3 
1  5 851567384  
1  68 1677571311  
1  120 388017698  
3 
2  16 
1  3 1619699477  
3 
1  86 572459419  
3 
1  21 653600579  
1  33 937835754  
2  22 
2  0 
3 
1  1 1042764770  
1  2 1117467118  
1  75 139968026  
2  72 
3 
1  21 716843881  
2  82 
3 
2  1 
3 
3 
1  22 1659050348  
2  51 
2  3 
1  1 689773036  
1  79 1255632628  
1  16 73759885  
2  64 
1  17 316839098  
1  0 787563009  
2  51 
1  14 1518666326  
3 
2  109 
3 
2  78 
3 
1  15 484158781  
1  28 686311263  
3 
3 
1  25 1696018523  
1  106 44204283  
1  17 659113593  
3 
2  110 
2  3 
3 
3 
3 
1  15 2115841984  
3 
3 
1  90 2145254272  
2  21 
3 
3 
3 
3 
1  76 430345709  
1  5 164059299  
2  74 
3 
2  31 
2  25 
2  76 
2  2 
2  106 
3 
1  49 586449951  
3 
3 
3 
1  117 1936570756  
3 
1  38 1454268141  
3 
1  98 497211697  
1  119 640654492  
1  26 984355804  
2  5 
1  119 885229395  
1  7 112870321  
1  29 1556815223  
1  12 1538829974  
3 
2  99 
2  31 
3 
3 
1  108 1050706075  
1  130 452096345  
2  78 
2  18 
2  23 
3 
1  120 508813445  
3 
1  15 1190674102  
2  65 
2  7 
3 
2  24 
2  10 
1  21 1168940227  
1  70 20380145  
3 
3 
1  41 1880447138  
3 
3 
1  96 277089207  
1  69 94140031  
3 
1  99 49802589  
1  73 1064652217  
1  67 1612806357  
1  50 533961370  
1  31 1750963480  
3 
2  78 
2  83 
2  20 
1  5 1161341233  
2  97 
3 
1  81 578165653  
3 
3 
1  6 262593426  
2  3 
3 
3 
3 
2  103 
1  116 1129699569  
3 
2  38 
2  12 
3 
2  63 
2  22 
2  123 
3 
3 
1  14 575936277  
2  78 
2  10 
2  44 
2  14 
3 
2  8 
1  64 692939135  
1  31 1293758868  
1  105 1162386229  
2  8 
2  67 
1  37 482026243  
3 
2  45 
1  8 600543361  
1  23 1659597926  
1  19 1122680735  
3 
2  72 
2  59 
3 
3 
1  69 1584899165  
3 
2  6 
1  17 397343673  
1  23 1235551056  
1  76 994230740  
1  32 1936173648  
1  79 138773484  
1  24 1446327085  
3 
1  71 297503445  
1  111 1329447586  
3 
3 
1  21 467783664  
3 
1  4 317883590  
1  18 1062411076  
2  24 
1  9 744872872  
1  93 412023621  
2  126 
1  24 1112213665  
3 
1  65 1809525089  
3 
1  64 2024829979  
2  75 
1  70 1646175035  
1  31 1413004921  
1  23 1038687564  
2  20 
3 
1  97 76857040  
2  17 
2  65 
2  71 
3 
2  24 
1  11 1675598347  
2  1 
2  3 
2  111 
2  42 
3 
2  21 
1  6 20903485  
1  97 652793318  
3 
1  12 221053835  
1  18 1314662353  
2  106 
2  87 
1  98 1815179547  
1  4 703080078  
2  24 
1  19 1915205714  
3 
1  86 1327293825  
2  14 
2  24 
2  98 
3 
1  90 1825760814  
3 
1  23 1352621231  
2  71 
2  21 
1  4 1724637498  
2  86 
1  2 913828222  
3 
3 
3 
2  0 
1  73 199368323  
3 
3 
2  80 
2  117 
2  4 
1  109 1513327498  
1  117 1052601706  
2  9 
3 
1  21 1645695408  
3 
2  54 
3 
1  57 1810830943  
3 
3 
1  8 234565644  
1  85 2113479073  
1  63 2128714534  
1  17 1296976721  
1  116 710868297  
2  133 
1  123 393254507  
2  19 
1  11 261706738  
1  99 372909738  
3 
3 
1  14 270600838  
1  113 1907881774  
3 
3 
2  107 
1  33 1785914659  
3 
2  18 
1  72 1309288402  
2  21 
2  101 
2  109 
2  11 
2  127 
1  25 1984738814  
2  26 
3 
3 
1  21 1314029359  
2  79 
2  66 
3 
1  4 1330191887  
3 
3 
2  94 
1  7 490048484  
1  111 1535083194  
1  58 497370592  
3 
3 
3 
1  100 157744383  
3 
1  33 90679624  
3 
3 
1  33 265092658  
3 
1  27 1485038208  
1  31 1916440438  
3 
1  64 1617713889  
3 
2  6 
3 
2  131 
3 
2  88 
2  35 
1  69 1062192059  
2  6 
2  134 
2  0 
3 
2  78 
2  91 
3 
3 
1  3 682785013  
1  32 1817082212  
3 
3 
3 
1  14 428035909  
2  25 
2  79 
3 
1  44 1735386719  
1  16 1315293973  
3 
2  63 
1  16 91383205  
2  32 
3 
2  5 
1  20 1969952364  
1  25 1281289398  
3 
1  61 72614091  
1  96 1119445437  
2  100 
1  111 1992157695  
2  46 
2  138 
3 
2  1 
1  119 465868598  
3 
1  70 1381152175  
3 
2  64 
2  39 
2  32 
2  1 
1  16 217583785  
3 
2  3 
2  3 
1  48 736469437  
3 
2  5 
3 
3 
3 
1  22 1141550301  
2  37 
1  5 2003498444  
3 
1  12 2045757839  
1  35 978805468  
1  79 1170044155  
1  37 1228466079  
2  3 
2  38 
2  35 
3 
2  27 
3 
2  97 
3 
2  114 
1  80 1468853952  
2  11 
2  67 
1  99 557643701  
2  37 
3 
2  32 
1  6 1725836671  
2  83 
3 
2  31 
1  12 1626598336  
1  58 648323326  
1  30 1990929330  
1  124 964152896  
3 
2  74 
2  0 
1  28 417280116  
2  58 
2  36 
1  25 1461159571  
1  134 2026344955  
2  110 
3 
2  42 
3 
2  28 
1  57 1100065129  
1  0 1130758136  
2  58 
2  64 
2  118 
3 
2  106 
1  87 306897217  
1  124 687968201  
2  95 
2  73 
3 
1  22 298568461  
3 
3 
1  15 398280422  
3 
1  55 510436917  
1  105 1579857859  
1  21 470894513  
3 
3 
3 
1  21 1629882354  
3 
1  96 1424531906  
2  4 
3 
3 
1  65 936763111  
3 
2  9 
1  131 863550881  
1  55 1642115691  
2  12 
1  85 1673232548  
2  23 
2  113 
2  10 
1  69 2005101183  
3 
1  52 1498130487  
3 
3 
3 
3 
1  97 1571506740  
2  120 
1  16 836423003  
2  134 
2  11 
2  1 
1  57 520690995  
3 
1  16 652489171  
3 
2  1 
2  53 
2  119 
3 
2  12 
1  96 157793307  
2  10 
3 
3 
3 
2  50 
3 
3 
3 
1  61 1078334696  
1  90 230842194  
2  6 
1  19 1784391643  
3 
1  34 1726658022  
1  0 74287876  
3 
2  104 
3 
3 
2  74 
1  36 601060892  
2  24 
2  73 
2  128 
2  22 
1  16 2143938139  
3 
2  14 
1  99 1535447448  
1  67 479922199  
2  115 
2  115 
1  47 1096519620  
2  126 
2  9 
1  29 518721936  
3 
3 
1  58 786819416  
1  26 1784487821  
1  26 817290397  
2  5 
1  121 1185099838  
1  7 147441090  
3 
3 
3 
3 
3 
3 
2  68 
1  33 249664608  
2  84 
2  33 
2  112 
1  58 1655994351  
1  46 1777323444  
1  59 1674196514  
1  47 445273815  
2  109 
2  13 
3 
1  14 493390678  
3 
2  21 
1  0 1168828557  
2  12 
2  103 
3 
2  86 
1  80 2118506363  
2  118 
1  66 351008213  
2  104 
1  2 519475396  
3 
1  81 1542529455  
2  6 
1  46 1187431216  
2  38 
1  21 1040166391  
3 
1  33 47534978  
1  64 1345224523  
3 
1  7 2118501088  
2  58 
2  63 
2  42 
3 
2  0 
1  27 278377173  
2  14 
2  25 
2  11 
3 
3 
1  69 982132519  
2  122 
2  9 
2  66 
3 
3 
2  59 
3 
1  11 1697675462  
1  15 352665049  
3 
1  30 1583193411  
1  88 1694129953  
1  25 1888112497  
3 
3 
2  105 
2  16 
1  114 2063115610  
1  64 643165926  
3 
1  46 259350785  
1  50 702451379  
2  43 
2  106 
2  72 
2  104 
1  9 280170099  
1  15 1076641182  
2  5 
2  18 
1  19 1887551217  
3 
3 
2  16 
2  25 
1  98 427611190  
1  97 1326305790  
1  110 1396061921  
3 
3 
2  21 
2  103 
2  5 
1  29 57450986  
2  24 
2  117 
2  5 
2  10 
1  122 853018656  
2  13 
3 
3 
2  11 
3 
2  74 
1  10 1841335736  
1  74 550841664  
2  19 
2  80 
1  15 2021847213  
2  28 
2  86 
2  104 
3 
3 
1  1 1812358451  
1  87 901849877  
1  20 393838962  
3 
2  117 
3 
1  7 1207404259  
2  19 
1  55 2089281093  
2  4 
1  25 1434005353  
3 
3 
3 
1  12 1254939237  
2  123 
1  12 1287021969  
1  96 1405022793  
1  103 1533316410  
1  93 121670840  
2  18 
1  22 955214608  
2  48 
3 
2  16 
2  22 
2  51 
2  1 
1  16 1885981460  
1  122 1704864251  
1  10 501860913  
1  75 1626610309  
3 
3 
3 
2  29 
1  36 1620496213  
2  17 
3 
1  19 1145026839  
2  48 
1  29 1885961095  
3 
3 
2  68 
2  20 
3 
1  16 175463944  
1  72 1425196939  
3 
2  105 
2  8 
1  122 815118629  
1  130 2063015162  
3 
3 
1  19 1852808129  
2  24 
2  24 
3 
3 
2  20 
1  126 2141424420  
2  72 
3 
3 
3 
2  93 
1  27 1311593435  
2  19 
2  7 
1  40 1910259115  
1  0 846959428  
1  33 1005445523  
3 
1  42 313617132  
3 
1  61 721322994  
1  8 670320326  
1  1 1215467009  
3 
2  71 
3 
1  40 1115161956  
1  9 1877724585  
3 
2  75 
3 
2  41 
1  1 1157264455  
3 
3 
3 
1  6 401683661  
3 
2  128 
3 
3 
2  119 
2  27 
3 
3 
3 
2  10 
3 
2  33 
3 
3 
1  7 985180175  
2  55 
3 
2  105 
1  10 296802776  
1  26 1806706455  
3 
2  7 
3 
1  58 371012937  
2  5 
1  3 418473616  
2  15 
1  0 614437415  
1  36 109510749  
1  15 2123337867  
1  64 1116298328  
1  30 1736121059  
3 
3 
1  69 1596350432  
1  26 113841520  
1  35 1474598506  
1  1 1771814377  
2  14 
2  111 
3 
2  101 
2  9 
2  132 
2  87 
3 
2  134 
1  136 1539038459  
3 
1  91 142233487  
3 
2  28 
3 
3 
3 
1  112 1687345891  
3 
3 
1  18 1244362940  
2  65 
1  22 136174259  
1  25 851455678  
3 
2  55 
1  36 1007138407  
3 
3 
2  33 
1  111 983133688  
2  86 
3 
3 
2  77 
3 
1  64 1856901201  
3 
2  110 
2  12 
3 
3 
1  114 1320755539  
3 
1  6 1704456682  
2  89 
2  18 
1  84 379737879  
1  21 388738901  
1  37 672134990  
3 
3 
2  38 
2  6 
2  2 
3 
2  43 
1  135 109978817  
1  91 1546003356  
3 
2  10 
1  3 1073818651  
1  70 1095158992  
1  97 1842806132  
2  30 
1  8 733041458  
2  13 
1  11 1466171929  
2  31 
2  5 
2  89 
3 
2  35 
1  10 113796100  
3 
3 
1  17 1347478873  
1  7 1575682679  
1  22 89650319  
2  7 
2  92 
2  130 
2  16 
3 
3 
3 
2  76 
1  20 316293554  
3 
2  31 
2  13 
3 
1  26 1164320090  
3 
1  14 1686000751  
1  35 430135074  
1  121 491434948  
3 
2  12 
1  47 1310331480  
2  129 
1  0 1969173533  
1  9 633668435  
3 
2  13 
1  56 850193723  
3 
2  8 
1  47 1066052825  
2  7 
2  15 
3 
2  29 
2  28 
3 
3 
1  15 769842695  
1  33 1701649401  
3 
3 
2  84 
1  19 2073191232  
3 
3 
3 
2  8 
2  108 
3 
2  3 
3 
1  46 1752976383  
1  8 1411066954  
2  8 
1  104 1246463124  
3 
2  32 
3 
2  81 
3 
1  133 1309949417  
2  46 
3 
2  37 
3 
1  26 1790804834  
2  91 
2  0 
3 
3 
3 
3 
1  13 1635202025  
3 
3 
3 
3 
1  33 1982084407  
1  9 1900783651  
2  12 
1  33 1033721733  
2  43 
3 
1  34 908419410  
3 
3 
2  54 
2  101 
2  127 
3 
2  126 
1  30 848458995  
3 
1  105 729044217  
3 
1  122 1641460869  
1  124 167147276  
2  0 
1  113 842840317  
2  24 
3 
3 
1  49 841456094  
2  61 
2  21 
2  28 
3 
1  134 1742829955  
2  3 
2  9 
2  13 
2  116 
2  90 
3 
3 
2  27 
1  20 932490636  
1  64 1157749648  
2  106 
2  61 
1  36 759666397  
1  25 471007739  
2  21 
1  67 1587884722  
3 
3 
3 
3 
2  96 
3 
1  117 1251101345  
3 
3 
1  123 1781339220  
2  25 
1  15 1409574607  
3 
2  14 
2  19 
3 
3 
1  0 1884769781  
3 
1  126 484049295  
1  97 328143784  
3 
3 
1  99 507128828  
3 
3 
2  42 
2  21 
1  102 38215049  
1  24 253851369  
1  95 112621563  
1  21 1449282003  
1  25 1500314493  
3 
2  0 
1  18 1422570980  
2  51 
3 
3 
1  108 1092603189  
2  17 
1  127 988032870  
1  4 1257171739  
3 
3 
3 
1  102 845903192  
3 
2  28 
2  3 
2  6 
3 
1  20 2021754603  
3 
1  14 18107501  
2  27 
3 
3 
2  10 
3 
3 
1  8 1694362187  
3 
3 
1  90 603315172  
1  30 1659568370  
3 
2  61 
1  29 1861509464  
3 
3 
2  96 
3 
2  43 
1  0 1446155489  
3 
2  9 
2  31 
3 
1  59 353540817  
1  26 1456855771  
1  22 231162477  
1  96 1511290465  
3 
2  14 
1  95 69038521  
2  107 
3 
3 
1  19 702170216  
2  6 
3 
1  1 951691540  
1  9 1320139866  
2  14 
1  27 336025788  
1  33 213782499  
2  38 
3 
2  22 
1  114 1057425999  
3 
1  56 820075084  
3 
1  81 541926284  
1  1 1564554827  
1  25 858290133  
1  81 795777653  
1  120 1677176390  
2  95 
3 
1  0 160088488  
1  8 148608498  
3 
3 
3 
2  89 
3 
3 
1  28 952263722  
3 
1  87 1252691678  
3 
1  2 1136641368  
3 
2  105 
3 
1  12 61951813  
2  3 
2  98 
2  123 
2  78 
2  27 
3 
2  31 
1  84 2098594870  
1  12 1010912323  
2  30 
1  23 80059315  
3 
2  3 
3 
2  27 
3 
3 
3 
1  7 1645473410  
1  92 1614227495  
2  30 
1  68 1739627685  
3 
3 
3 
1  34 1359499226  
1  12 912899336  
3 
2  138 
3 
1  84 2093168502  
1  121 668871349  
3 
3 
1  42 1144061813  
2  109 
3 
2  100 
1  121 1456975320  
3 
2  39 
3 
1  131 737909870  
2  78 
1  16 1846232029  
2  24 
2  136 
2  2 
3 
1  126 261183212  
2  40 
1  9 2058049737  
3 
3 
2  53 
3 
2  14 
1  0 34774170  
2  109 
2  20 
3 
1  19 474965711  
1  122 967992088  
3 
1  10 854849254  
3 
2  25 
3 
2  17 
1  16 1016891995  
2  34 
2  78 
1  95 385063268  
3 
1  115 1713139387  
1  123 1812669648  
3 
3 
2  86 
2  69 
3 
1  124 2062239658  
2  14 
1  107 1873227875  
2  34 
3 
1  54 1961278146  
3 
2  13 
2  3 
3 
2  20 
1  8 867019733  
1  84 978435905  
3 
2  110 
2  88 
3 
3 
3 
2  131 
1  22 950435866  
2  83 
1  9 928971546  
3 
2  127 
2  80 
3 
3 
1  44 929547128  
1  22 1961348189  
1  17 1009030861  
3 
1  23 427536890  
1  52 1428092036  
3 
3 
3 
1  60 601174899  
3 
1  14 1787036116  
3 
1  39 193507724  
1  50 546859753  
1  32 308423817  
1  72 1337569537  
2  40 
1  78 2003835073  
2  96 
1  28 1046333688  
3 
1  44 1036317919  
1  46 117534637  
1  23 956899777  
1  99 1071092089  
3 
1  117 592500349  
3 
1  9 1924891865  
3 
3 
3 
1  88 1925941343  
1  14 1609392344  
3 
3 
3 
2  44 
3 
2  33 
1  17 162471485  
3 
1  31 1491597082  
1  18 1274578345  
1  12 77227496  
1  131 1217341309  
1  40 1088372843  
2  47 
2  78 
3 
2  1 
1  9 944247229  
3 
1  55 48293567  
1  96 2038808710  
1  135 1873218775  
3 
2  36 
2  42 
2  132 
2  34 
1  100 977840695  
1  115 1852673251  
3 
1  110 734765989  
1  40 1405377585  
1  5 1133281640  
2  12 
2  141 
2  50 
2  135 
3 
3 
3 
1  31 1335940888  
1  15 1044930053  
3 
3 
3 
2  97 
3 
3 
3 
2  69 
1  71 1326789364  
2  107 
2  126 
2  123 
3 
2  6 
3 
3 
1  33 1882800641  
3 
3 
2  24 
3 
3 
3 
2  31 
2  43 
2  3 
2  5 
2  24 
3 
2  25 
1  129 1353353870  
1  94 516875254  
1  56 1739152067  
2  67 
2  12 
3 
2  8 
1  1 252203910  
3 
3 
3 
2  92 
1  63 1553193173  
2  23 
1  43 1856686704  
3 
1  10 1209103687  
2  24 
1  9 476801614  
3 
1  30 301703405  
2  3 
1  91 986511905  
2  37 
2  33 
2  18 
2  128 
3 
2  49 
3 
3 
1  12 255259309  
3 
3 
1  35 1911095750  
2  14 
3 
2  34 
1  18 1148983390  
2  52 
3 
3 
1  16 1746856391  
1  53 1038190447  
3 
3 
3 
2  35 
3 
3 
3 
3 
1  120 1226210886  
2  20 
3 
1  0 816714052  
3 
1  73 2126563290  
2  68 
2  20 
3 
1  6 22974467  
2  11 
1  74 865007619  
2  46 
3 
3 
3 
3 
3 
1  57 2017888352  
1  5 1896193243  
1  126 1842848314  
1  55 1723077956  
3 
1  78 483475584  
1  133 1100742251  
1  2 708875948  
3 
3 
2  54 
2  35 
3 
2  19 
1  20 1819416472  
2  58 
2  53 
1  2 2145672304  
2  127 
3 
3 
1  19 2035665312  
1  3 1554733465  
3 
3 
1  7 1351542527  
2  72 
2  69 
3 
1  140 405056918  
1  46 1146401884  
2  86 
2  115 
3 
2  14 
3 
1  11 1603746437  
1  83 1958250091  
3 
3 
1  36 855604941  
1  85 665366477  
1  79 287568057  
3 
1  22 1157308346  
3 
1  36 1651878382  
1  9 542827366  
1  105 920920448  
2  127 
3 
1  2 653378124  
2  143 
1  108 142200109  
3 
1  141 1959110895  
2  123 
2  102 
1  104 1879589011  
2  8 
1  1 958914162  
2  20 
1  85 1938190538  
3 
3 
3 
3 
1  63 1902563478  
2  142 
2  35 
2  15 
3 
2  97 
1  71 1823921781  
2  11 
3 
1  124 1808595242  
2  66 
2  16 
2  139 
3 
2  80 
1  85 1651273073  
2  23 
3 
2  59 
2  29 
3 
2  80 
3 
2  5 
2  5 
3 
3 
3 
1  21 1519286448  
2  44 
3 
1  23 1384189550  
3 
3 
3 
1  20 2134748657  
2  137 
2  107 
2  82 
2  138 
2  1 
1  39 472545051  
2  105 
3 
3 
3 
3 
1  1 2093065498  
2  91 
2  99 
1  137 1806681481  
2  29 
1  102 470733708  
1  5 1981247163  
2  133 
1  28 1213931299  
1  84 1822276235  
3 
1  136 238820433  
3 
3 
2  1 
1  90 212849535  
3 
1  11 1278539024  
1  37 49586877  
3 
1  51 1068454476  
1  98 1943905501  
1  137 337154934  
2  100 
2  18 
3 
2  1 
1  25 78279175  
2  97 
2  19 
1  38 1448300235  
3 
3 
2  108 
1  36 879982301  
3 
1  90 999199623  
3 
1  3 2101678360  
2  36 
3 
2  113 
1  100 1022182410  
1  56 810826871  
1  29 1833783723  
2  6 
1  10 1981096572  
2  96 
1  118 601533761  
2  105 
1  94 1588863553  
2  8 
1  4 1657534706  
1  20 262645355  
1  32 1092652979  
3 
1  30 1029337506  
2  46 
1  121 1646834906  
2  87 
2  122 
1  0 1079917988  
1  59 1501882557  
3 
3 
3 
3 
1  145 1592416756  
1  42 739115822  
1  148 1972616265  
2  97 
1  77 1426180271  
1  68 1953047121  
3 
2  147 
2  145 
1  105 1647408852  
2  28 
1  25 1665000705  
3 
3 
3 
3 
1  20 18413008  
1  28 778464229  
3 
2  70 
3 
3 
2  31 
3 
1  54 1714587582  
1  48 1086867485  
1  89 574886082  
3 
1  79 2051742516  
3 
2  39 
1  21 1165146660  
3 
2  41 
3 
3 
3 
1  149 2023186318  
1  48 784241169  
1  33 16862635  
1  116 1977381030  
3 
3 
1  96 1806423580  
1  33 827689506  
3 
1  34 1663681105  
2  37 
2  146 
1  136 1640036504  
1  94 1429223267  
2  63 
2  123 
1  7 1105061010  
2  62 
3 
1  142 1150087562  
1  23 1691868623  
2  56 
1  90 50230341  
2  117 
1  84 31941420  
2  11 
2  108 
2  148 
1  0 1191219881  
2  26 
3 
3 
2  68 
3 
1  39 1130148330  
2  3 
2  73 
2  46 
2  89 
2  41 
2  70 
2  49 
1  29 1533823978  
2  128 
1  37 636152989  
1  12 1869264152  
2  107 
3 
1  24 1358956595  
2  50 
1  66 2062333261  
1  118 1674827625  
3 
3 
3 
3 
1  26 858881800  
3 
1  37 1579850318  
2  22 
1  86 1693240633  
2  6 
1  36 1637346029  
2  125 
3 
3 
3 
1  57 1146954252  
3 
3 
1  129 632624470  
3 
1  1 64748463  
2  118 
3 
3 
1  33 1051213120  
2  15 
2  82 
1  39 1797771130  
1  61 2087934781  
1  44 1835454290  
3 
1  37 1814633766  
2  63 
3 
1  81 1917832163  
2  118 
1  128 1494394222  
3 
1  33 494839624  
3 
1  151 1434029620  
2  5 
1  39 986947078  
3 
2  125 
2  47 
3 
2  42 
3 
2  58 
1  87 1924062892  
1  7 391606983  
1  41 2137034641  
3 
1  1 1468447867  
2  45 
3 
2  97 
1  140 441837324  
1  48 21492413  
1  88 512184100  
1  2 1571985654  
2  130 
2  106 
1  16 1555316391  
2  47 
1  62 1148337089  
1  11 1293766158  
2  116 
3 
2  54 
2  29 
2  46 
2  101 
3 
2  79 
2  38 
3 
3 
1  56 766789339  
3 
3 
2  126 
3 
2  14 
1  42 1063186702  
3 
1  28 821110135  
3 
2  2 
3 
1  47 1625671139  
2  147 
1  129 495553372  
3 
2  56 
3 
2  135 
3 
3 
2  122 
1  133 366867121  
1  8 1115533520  
2  153 
2  90 
1  137 1642507624  
2  74 
2  89 
1  28 999491591  
1  52 1180281983  
2  66 
1  111 546237097  
1  20 649779074  
3 
2  158 
2  114 
2  108 
2  79 
3 
3 
3 
1  130 1120733117  
2  47 
1  85 234207739  
3 
1  66 316929192  
3 
1  7 891081632  
1  8 1728601961  
1  141 811768816  
1  84 177627605  
1  78 568065391  
3 
1  87 588348060  
3 
1  41 569234588  
3 
3 
3 
2  61 
3 
2  158 
2  153 
3 
2  95 
2  85 
3 
1  46 557616384  
1  6 2056795927  
1  120 1011071912  
3 
1  120 579108798  
1  19 421496379  
3 
2  58 
1  15 435573919  
1  31 2134425189  
2  135 
2  59 
2  11 
2  150 
1  125 1569833469  
2  158 
1  66 1729340077  
1  9 753730880  
1  104 485536523  
1  157 402966565  
2  19 
2  163 
3 
3 
3 
2  126 
1  41 231918371  
3 
1  106 981089896  
2  168 
3 
2  74 
2  17 
3 
2  149 
3 
2  165 
3 
3 
2  82 
2  78 
1  102 769833686  
3 
2  15 
1  21 1347451891  
1  40 476113872  
3 
1  73 1769325277  
1  140 380250227  
1  29 1022350969  
2  110 
2  163 
1  82 271620703  
1  155 1500983344  
2  9 
2  34 
2  159 
2  56 
2  78 
1  59 1256558708  
3 
1  125 588549895  
3 
3 
3 
1  140 244581328  
3 
3 
1  101 837677021  
3 
1  76 1400318712  
3 
1  85 422208933  
2  89 
3 
2  139 
1  123 1405742413  
1  105 1988666772  
1  55 991443521  
3 
2  155 
3 
2  75 
3 
2  49 
3 
2  84 
2  31 
3 
1  122 1963358797  
2  14 
1  149 1897979052  
2  59 
3 
3 
1  58 2002515434  
1  15 394983947  
2  29 
3 
1  5 171991783  
3 
3 
1  5 290605705  
3 
3 
3 
1  106 381925489  
3 
2  160 
3 
3 
3 
1  32 1741825252  
1  90 2019945782  
3 
1  126 1135656369  
1  61 79878128  
3 
3 
3 
3 
1  169 275428699  
3 
1  63 1367574741  
1  48 1060968024  
3 
2  56 
3 
3 
3 
1  79 1045262385  
3 
2  68 
3 
3 
2  68 
2  76 
3 
3 
2  63 
2  24 
2  43 
3 
1  57 567542984  
2  19 
2  91 
1  14 1537081896  
2  10 
2  86 
2  19 
3 
3 
2  96 
2  144 
3 
2  147 
3 
3 
2  154 
1  62 667104015  
1  128 947793211  
3 
1  45 411949218  
2  0 
2  16 
3 
2  77 
3 
1  70 938724718  
3 
2  26 
2  9 
1  73 301292907  
3 
2  44 
1  86 1668507926  
3 
3 
3 
3 
3 
3 
1  92 1527274614  
2  5 
1  72 545874236  
3 
3 
2  21 
2  81 
3 
1  103 358701300  
2  13 
2  75 
1  80 780109678  
2  151 
1  65 968083169  
1  80 1764443713  
2  126 
1  125 621292802  
2  127 
2  77 
2  35 
3 
2  20 
3 
3 
2  55 
1  96 1959526691  
3 
1  118 1580318862  
1  7 371788206  
3 
2  39 
2  40 
3 
2  41 
2  40 
3 
2  79 
2  18 
3 
3 
3 
3 
3 
1  0 1814558477  
3 
3 
2  34 
3 
2  114 
3 
2  111 
3 
2  34 
3 
3 
2  18 
1  52 1975302810  
1  48 543779990  
3 
1  27 2105164182  
3 
2  11 
1  42 209744651  
1  18 138121594  
2  115 
3 
3 
1  70 1977626316  
3 
1  94 1345401020  
3 
3 
2  39 
1  43 217999722  
1  73 105571368  
2  94 
3 
1  107 565492113  
2  33 
3 
1  15 1278967746  
3 
2  107 
2  106 
1  106 1150833753  
2  9 
1  57 1133035098  
1  124 668565995  
3 
2  16 
2  44 
3 
3 
2  30 
3 
3 
2  13 
2  127 
3 
1  89 1817937768  
2  94 
2  95 
2  11 
1  133 2080828309  
1  132 1080515213  
3 
1  4 609178839  
1  130 234637569  
2  35 
1  34 601539491  
1  69 2136453453  
1  10 780511805  
1  56 960240791  
1  52 769079483  
2  28 
2  14 
3 
1  5 1748594974  
1  63 577200856  
3 
1  59 1390372285  
2  30 
3 
1  2 1560638017  
3 
2  144 
1  130 10036071  
1  30 1762160492  
2  24 
2  43 
1  18 1227712846  
3 
1  40 1985338881  
2  118 
1  11 158456834  
3 
2  6 
2  129 
3 
1  39 1185393380  
3 
1  71 47599884  
1  36 296578428  
2  30 
1  19 1015536049  
2  74 
3 
1  12 1393000904  
3 
1  33 514578151  
3 
2  102 
2  6 
1  11 1121107417  
2  104 
3 
1  1 1958493018  
2  28 
3 
1  12 1793545897  
1  64 124457522  
1  78 944044468  
3 
3 
3 
2  72 
2  83 
2  90 
3 
1  131 314628244  
1  33 1942395291  
1  104 877389129  
1  36 1395143457  
2  107 
3 
2  90 
1  48 404090482  
3 
1  36 1112026698  
3 
2  31 
2  92 
2  84 
2  35 
1  50 1996682949  
2  49 
2  28 
3 
2  66 
1  153 393060287  
3 
3 
1  33 1892538503  
3 
2  139 
3 
1  1 809440092  
2  46 
1  6 1162139770  
1  17 1493649830  
1  70 1386640949  
1  30 405028407  
3 
2  44 
2  27 
3 
2  11 
3 
3 
1  81 906804199  
1  104 1396677020  
3 
1  6 19705251  
1  53 2134517046  
2  4 
3 
2  17 
3 
1  31 1234532253  
3 
1  113 178162085  
1  11 1172426778  
3 
2  34 
1  13 1282132137  
2  26 
3 
3 
2  108 
2  45 
2  121 
2  50 
3 
3 
3 
1  47 474740514  
2  20 
1  125 40479179  
3 
3 
1  54 527649393  
3 
1  43 989318665  
2  5 
2  63 
2  104 
1  33 1161586596  
2  113 
2  47 
2  112 
1  6 338658763  
2  143 
2  88 
3 
1  2 635380914  
3 
3 
2  7 
2  26 
1  150 1286044119  
1  6 1282703231  
1  86 950009159  
2  43 
2  81 
2  45 
2  61 
2  133 
2  52 
1  134 1080955762  
3 
1  1 12608713  
1  92 197668968  
2  102 
3 
3 
3 
3 
3 
3 
3 
2  7 
3 
2  22 
2  82 
2  44 
3 
3 
2  2 
3 
3 
3 
1  16 1485046244  
2  118 
3 
2  71 
1  11 1124635411  
3 
3 
3 
3 
3 
1  50 46868269  
2  42 
1  90 1878106531  
3 
1  130 869690267  
2  24 
3 
2  82 
2  103 
1  99 856308362  
3 
3 
3 
3 
2  85 
2  117 
2  67 
1  7 892762653  
3 
3 
3 
2  66 
3 
3 
1  80 215856449  
1  41 95465663  
3 
2  134 
3 
2  50 
1  7 1297791060  
3 
3 
1  149 1122660648  
1  94 1492142683  
1  4 1317496312  
3 
3 
2  131 
3 
2  62 
3 
2  81 
1  117 1109694046  
1  34 579191288  
3 
1  151 1495658397  
1  154 134637177  
3 
2  16 
3 
2  28 
3 
3 
3 
1  146 1861323425  
2  9 
1  23 1970398911  
3 
1  114 175116356  
3 
3 
2  2 
1  129 241489170  
1  119 812233928  
1  135 1336702953  
3 
2  42 
2  44 
2  39 
2  15 
2  30 
2  41 
1  132 580147934  
2  113 
1  28 1447614843  
2  145 
1  102 475263424  
1  91 1862851165  
1  13 250140354  
1  73 1556219186  
1  59 1875459878  
1  5 447809322  
1  121 893781782  
1  132 852611642  
1  109 494677592  
3 
1  81 624404665  
2  139 
2  61 
1  62 1722301909  
3 
1  43 1350985954  
3 
2  143 
2  25 
2  0 
1  42 1517167318  
1  133 1938158358  
3 
2  47 
1  16 1446451617  
1  22 667474730  
3 
2  132 
3 
3 
3 
2  65 
2  42 
3 
2  36 
2  0 
3 
2  26 
1  126 913335358  
3 
3 
2  24 
2  33 
3 
2  123 
1  101 791110652  
2  99 
3 
3 
1  24 1984971042  
2  107 
3 
1  114 2023029405  
3 
3 
1  114 1370301940  
1  62 1333145792  
3 
2  71 
1  33 10182934  
3 
3 
3 
3 
2  71 
2  29 
3 
2  6 
1  5 1084141717  
2  2 
1  13 1156061055  
2  7 
3 
3 
2  119 
2  22 
2  116 
1  69 185299290  
2  129 
2  102 
1  37 1325630887  
1  113 1968294984  
2  57 
1  10 1522002243  
1  128 1905778821  
2  88 
2  98 
2  31 
2  6 
3 
2  5 
2  31 
1  36 1268426179  
1  76 1997265667  
1  30 1621146339  
3 
1  28 1518566533  
1  22 1406001205  
3 
3 
1  81 1349122569  
3 
1  139 1966375855  
1  24 152299339  
1  7 54250563  
1  72 313569799  
3 
1  142 776704004  
2  133 
2  111 
2  90 
2  79 
2  96 
1  102 1776552472  
3 
1  11 1664555753  
2  129 
2  34 
2  11 
1  74 146387674  
1  90 1567227182  
2  18 
1  49 963523722  
3 
2  41 
1  16 813862405  
2  82 
1  69 333078893  
1  42 1754634374  
2  63 
1  52 651349799  
3 
1  101 208624650  
1  42 977452666  
3 
1  53 1984495591  
1  3 218807584  
3 
2  81 
1  75 2061594383  
1  98 993072999  
1  144 404106874  
1  11 1239741623  
3 
3 
1  49 813884335  
1  30 1926109118  
2  90 
3 
3 
1  33 998036796  
3 
3 
3 
2  56 
2  32 
2  2 
2  67 
1  34 2082310514  
3 
2  22 
1  6 1775891137  
1  112 471699487  
3 
3 
2  148 
2  38 
3 
3 
1  91 1453393399  
1  112 1034408695  
1  32 1820822057  
2  70 
2  78 
3 
3 
3 
3 
1  47 1272285606  
1  3 1186708034  
1  93 1875072620  
3 
1  42 1585855406  
1  74 1963412039  
1  110 1504141445  
3 
1  10 1102927511  
1  22 2109799713  
2  26 
2  17 
2  107 
1  79 923884979  
2  7 
2  136 
3 
3 
1  43 2066451234  
1  130 776178470  
3 
2  62 
2  0 
2  107 
1  125 1256963872  
1  111 1673601960  
1  121 1427528270  
1  52 1465588522  
1  12 503570979  
2  59 
1  16 1264540213  
1  30 1684396106  
2  97 
2  129 
1  56 417681714  
3 
2  27 
3 
1  46 110129564  
1  54 2088502981  
3 
1  75 1657423337  
3 
2  71 
1  22 924013899  
3 
2  138 
1  0 1867128451  
1  67 507976486  
2  42 
3 
3 
1  29 858840765  
1  105 1495535940  
3 
3 
3 
3 
3 
1  157 979675973  
1  123 164750516  
1  7 382460987  
3 
1  107 653014382  
2  25 
2  108 
1  108 1437036123  
3 
2  10 
2  62 
2  119 
1  107 1569169022  
1  40 380603355  
2  102 
1  107 875407881  
3 
2  120 
1  135 1385097413  
2  133 
2  118 
2  111 
2  91 
3 
2  156 
3 
3 
3 
3 
1  78 1884744800  
3 
1  40 1978335392  
1  159 1347413478  
1  51 661146131  
1  20 1897302978  
3 
1  17 2123591949  
3 
3 
3 
3 
2  126 
2  19 
3 
3 
2  113 
3 
3 
3 
1  60 1918110004  
2  112 
1  145 1423421291  
3 
3 
1  133 1403636571  
3 
3 
1  59 1236214878  
1  31 1926992270  
2  148 
3 
1  78 520693136  
3 
1  106 773127337  
2  18 
1  6 197190336  
2  33 
1  30 630822701  
2  83 
2  84 
2  38 
3 
2  137 
2  48 
1  57 714146670  
1  126 1854613674  
2  58 
2  102 
2  132 
2  96 
3 
3 
2  160 
3 
1  38 1554836600  
3 
3 
3 
3 
2  21 
3 
2  111 
1  114 433791473  
2  150 
3 
1  107 215106512  
1  130 266193718  
3 
2  33 
2  82 
3 
3 
2  13 
2  62 
2  14 
3 
1  40 1929327413  
3 
3 
3 
2  115 
1  44 1194782485  
2  148 
1  147 430944234  
3 
2  3 
2  58 
3 
1  22 164304753  
3 
3 
1  1 1847796868  
2  39 
3 
3 
1  18 1867980357  
2  127 
2  158 
2  85 
3 
1  121 1733473775  
2  8 
2  157 
3 
3 
2  46 
3 
1  60 80916575  
3 
1  12 595904590  
3 
2  84 
3 
1  47 971087540  
2  35 
3 
1  76 1965661375  
3 
2  60 
3 
2  80 
2  96 
1  48 426756335  
2  8 
3 
1  54 171017370  
2  43 
2  113 
1  136 479323858  
2  62 
1  152 176575665  
3 
1  93 147125671  
1  43 249950214  
1  157 1599996956  
3 
2  26 
3 
3 
2  128 
3 
2  36 
1  38 1550762242  
3 
1  150 1486165093  
2  34 
1  27 1379505578  
1  17 2071455379  
3 
3 
2  10 
2  39 
1  77 111808782  
2  29 
1  109 1576695915  
3 
2  111 
2  11 
2  132 
3 
2  73 
1  108 554794432  
1  122 825955452  
1  23 1283825941  
2  155 
2  66 
3 
3 
2  49 
1  130 2109631032  
2  15 
3 
3 
3 
2  28 
3 
3 
2  14 
1  102 1259746925  
2  31 
3 
2  47 
2  106 
3 
3 
2  0 
1  13 1498932453  
1  86 228341102  
3 
3 
3 
3 
2  32 
3 
2  40 
2  143 
2  46 
3 
2  14 
2  148 
1  59 1041590690  
3 
2  47 
2  46 
1  114 546231290  
3 
3 
2  18 
2  96 
3 
3 
3 
2  38 
2  88 
2  141 
1  21 659285337  
3 
1  15 1205895443  
1  84 246544510  
1  14 379782046  
3 
1  98 791885570  
3 
2  135 
1  22 327461085  
1  115 975686637  
1  14 1762973110  
3 
3 
1  26 145638812  
1  10 1402442972  
3 
3 
3 
3 
3 
3 
3 
2  150 
3 
1  130 1933990481  
2  42 
1  37 624962671  
3 
3 
3 
3 
2  139 
3 
3 
2  13 
1  99 1579018637  
1  108 2081116152  
3 
2  147 
3 
3 
1  16 874912885  
1  126 1031531946  
1  5 1484394747  
2  145 
2  15 
2  149 
2  113 
2  62 
3 
1  78 213594330  
2  24 
1  43 263553876  
2  43 
1  18 1408366478  
1  51 325403112  
2  99 
1  130 1840249791  
2  151 
1  5 1963160910  
1  30 1151358564  
1  53 976592084  
2  25 
3 
1  115 1925308294  
1  58 263621841  
1  125 328040889  
2  42 
1  130 6165749  
1  85 1305212532  
2  67 
3 
2  75 
2  30 
1  9 874272180  
3 
1  44 665451086  
3 
3 
2  152 
2  66 
3 
2  31 
3 
3 
3 
2  37 
3 
1  11 363624327  
2  26 
1  95 1120816690  
1  4 1045233132  
3 
1  51 1155509898  
3 
2  109 
2  7 
3 
2  17 
2  146 
2  11 
2  2 
2  32 
1  78 1448277776  
3 
2  129 
2  125 
3 
1  33 2020919769  
3 
2  36 
3 
1  108 770999360  
2  18 
2  55 
1  27 1593916588  
2  50 
1  37 1275879093  
3 
3 
1  57 557506193  
2  18 
2  8 
1  4 71395611  
3 
3 
3 
2  54 
3 
1  87 707414083  
3 
1  64 491138698  
1  95 946308497  
1  141 1738946029  
3 
3 
2  57 
1  118 1975533445  
3 
2  38 
3 
2  80 
2  73 
1  74 1159902827  
3 
3 
1  27 2002499905  
3 
1  25 1236416275  
2  122 
2  28 
3 
2  8 
3 
2  41 
3 
2  46 
3 
3 
3 
2  2 
1  64 1485305940  
2  40 
3 
3 
3 
1  129 1695266049  
3 
2  43 
1  43 1052093537  
2  99 
1  35 489180856  
2  68 
3 
1  117 524374485  
2  46 
3 
2  116 
2  108 
2  11 
1  76 829918183  
1  95 752802698  
2  103 
1  82 852415375  
2  15 
2  31 
3 
2  32 
3 
1  5 836083932  
3 
3 
1  23 2058015230  
2  53 
1  117 1726687555  
3 
2  104 
1  110 1501535018  
2  46 
3 
1  124 274155909  
2  14 
2  85 
2  4 
3 
3 
1  29 700020597  
3 
3 
3 
2  12 
1  30 399284503  
1  6 1429665807  
1  31 814725  
3 
3 
2  92 
3 
2  5 
2  85 
2  35 
3 
1  41 272720624  
1  28 53181520  
1  108 1594731314  
2  38 
3 
2  44 
1  84 1548599718  
1  112 610687713  
1  1 1666126925  
1  137 108530153  
2  7 
3 
2  117 
2  79 
2  43 
1  36 1101826411  
1  11 464951774  
1  11 1847476182  
3 
1  1 929876208  
2  16 
3 
3 
3 
1  25 1624854602  
1  32 1702492439  
2  25 
2  42 
2  19 
3 
2  18 
3 
3 
1  98 18808835  
1  123 962676894  
3 
2  42 
3 
1  4 1250274840  
1  93 1070902372  
1  31 1451857750  
3 
3 
2  8 
3 
1  71 1774649326  
3 
1  55 1900820556  
3 
2  23 
1  141 57176800  
1  6 479581053  
3 
2  35 
2  24 
2  5 
3 
3 
3 
2  50 
1  4 589420840  
2  81 
1  71 2115192030  
3 
2  18 
2  107 
2  57 
1  79 58784960  
1  35 2090955859  
3 
2  95 
2  30 
1  31 241864292  
1  138 758805557  
1  34 342756714  
3 
3 
2  141 
3 
3 
3 
1  24 1671530099  
1  17 759620283  
2  97 
1  10 615477338  
1  4 1724711619  
1  25 206867949  
2  119 
2  11 
2  38 
2  52 
3 
1  89 16593408  
3 
1  118 187915685  
3 
1  17 1872994874  
1  31 125123561  
2  16 
3 
3 
2  28 
1  50 1289742096  
3 
2  45 
2  1 
2  23 
3 
1  14 190463001  
2  39 
3 
2  22 
2  71 
2  0 
2  52 
1  89 1972599743  
3 
2  29 
1  44 72134657  
3 
3 
1  26 1815317603  
3 
3 
1  69 1527608535  
3 
3 
1  25 90943492  
3 
3 
2  131 
2  7 
3 
1  108 630510849  
3 
2  115 
2  13 
2  29 
2  5 
3 
3 
2  78 
1  77 630399727  
1  120 1161845865  
3 
3 
3 
3 
1  40 2082368599  
1  36 257565405  
3 
2  14 
2  12 
1  54 915182773  
1  35 2139545400  
1  71 737146458  
3 
2  38 
1  20 1504603613  
2  112 
3 
3 
1  109 2107253782  
3 
3 
2  83 
3 
2  29 
1  71 795931418  
2  27 
3 
2  117 
3 
1  24 1448075824  
3 
3 
2  91 
1  132 201634426  
2  103 
3 
2  115 
1  9 1554736976  
1  17 1790832538  
2  110 
3 
3 
2  35 
2  12 
1  128 1873164526  
1  49 166873611  
1  71 258826229  
3 
1  93 1450392497  
3 
3 
3 
3 
3 
1  127 373741560  
2  99 
3 
1  27 275419637  
3 
1  72 1638308182  
3 
1  14 99252786  
2  7 
2  85 
1  45 400543199  
1  38 780566631  
1  10 289715787  
2  29 
2  9 
1  4 225659294  
2  138 
3 
1  34 852701288  
2  132 
1  46 2105033390  
2  33 
3 
1  10 1753267829  
3 
1  18 943644780  
1  23 588060591  
2  133 
2  26 
2  105 
3 
1  37 236183909  
1  59 2105490645  
2  19 
2  62 
3 
2  12 
2  14 
2  34 
2  18 
1  129 522945543  
3 
1  98 493749314  
2  0 
3 
3 
1  90 873189770  
1  77 515007295  
3 
1  15 1230895773  
1  102 230309736  
3 
3 
1  43 474777429  
3 
1  36 2026827191  
3 
3 
3 
2  111 
1  1 1678385560  
1  84 676411856  
2  31 
2  47 
2  20 
1  16 1434080519  
3 
2  26 
3 
3 
3 
1  19 1321734451  
2  27 
3 
3 
3 
2  60 
2  31 
2  15 
2  128 
3 
3 
3 
3 
2  54 
3 
1  21 402092734  
2  26 
3 
3 
1  55 1600954130  
1  33 1580560680  
2  27 
2  16 
3 
2  96 
2  10 
2  116 
1  33 1852485231  
1  60 1974695690  
3 
3 
3 
2  69 
1  27 1855980317  
1  132 1343309766  
2  125 
1  5 2073948477  
3 
1  59 109039868  
1  13 2123876397  
3 
3 
3 
3 
2  19 
2  61 
1  112 216180616  
2  28 
1  124 334699163  
2  21 
2  19 
3 
2  48 
1  21 829094037  
2  30 
1  12 173730359  
2  22 
3 
3 
3 
2  12 
2  35 
2  1 
3 
3 
2  82 
2  10 
2  23 
2  0 
2  6 
2  104 
1  12 2087966992  
3 
2  87 
1  46 1772738817  
2  61 
1  22 761790950  
2  48 
2  7 
2  22 
3 
2  98 
1  122 176667253  
1  128 1730745815  
1  27 1284736493  
2  79 
2  30 
2  39 
3 
1  26 670416568  
3 
3 
2  69 
2  33 
2  89 
1  27 456451937  
1  45 1799743788  
2  22 
3 
2  15 
1  115 1901312341  
3 
3 
2  24 
3 
1  28 686761673  
3 
2  73 
3 
3 
2  9 
2  43 
1  112 127037570  
3 
1  46 1780655884  
2  11 
3 
3 
1  2 217663586  
1  4 803449426  
1  2 1067252756  
2  127 
2  6 
2  52 
3 
3 
3 
2  15 
3 
3 
2  10 
3 
2  25 
1  0 1539398037  
3 
2  102 
2  25 
1  14 1205542160  
3 
1  49 520723238  
1  120 972475069  
3 
2  82 
3 
1  55 910543743  
2  65 
2  91 
3 
2  69 
3 
2  37 
1  19 347935281  
1  64 680971738  
3 
3 
3 
3 
2  43 
2  93 
2  45 
2  10 
3 
1  86 106369861  
2  57 
3 
1  7 274400110  
1  3 790011607  
3 
2  99 
1  24 82762610  
2  15 
3 
3 
2  17 
2  45 
2  76 
1  11 490580726  
1  28 1124710770  
1  53 911856647  
3 
1  123 664311085  
1  10 1065194114  
2  56 
3 
2  17 
3 
2  6 
1  14 537111817  
1  11 1426102036  
3 
2  0 
3 
3 
1  12 1241861368  
3 
3 
3 
3 
1  104 120373984  
1  117 563354881  
3 
2  87 
2  91 
2  25 
3 
3 
2  8 
1  77 1912277936  
1  8 576825921  
2  56 
2  108 
2  45 
1  118 215615022  
3 
2  66 
2  11 
1  54 1666106629  
3 
3 
3 
3 
2  13 
1  10 1263587595  
1  45 342652592  
3 
3 
2  9 
1  13 1299278865  
3 
2  3 
3 
2  45 
1  3 1481251181  
3 
3 
1  16 1146102018  
3 
1  72 219047973  
1  17 873165570  
2  101 
2  77 
2  54 
2  112 
1  122 204160530  
1  89 739771212  
2  41 
3 
3 
1  20 1845640639  
2  96 
1  20 1114704273  
3 
2  58 
2  19 
2  12 
3 
3 
3 
2  110 
3 
1  88 1087706493  
3 
2  0 
2  40 
1  21 379128729  
3 
3 
2  28 
2  114 
2  19 
3 
1  41 1221074135  
1  110 1362106603  
1  70 1169140336  
3 
2  28 
3 
2  27 
2  89 
1  14 1303836745  
3 
1  27 1852687329  
3 
3 
2  28 
3 
3 
3 
3 
3 
3 
2  48 
1  12 146367458  
3 
3 
1  16 68209745  
1  57 369514767  
2  30 
2  8 
1  83 1211561573  
3 
1  78 605321562  
2  27 
1  13 1795616803  
2  127 
3 
1  66 305939293  
1  94 725695546  
2  44 
2  99 
3 
1  52 211488036  
2  54 
3 
2  59 
3 
2  104 
2  4 
3 
3 
1  25 70733581  
1  26 1302521467  
1  1 427103058  
3 
2  18 
2  18 
2  15 
1  38 1736840210  
1  19 418625414  
3 
1  32 769755650  
1  92 888635427  
2  2 
2  82 
1  123 1899876595  
3 
2  78 
2  33 
1  102 1915857668  
2  24 
1  13 1107683401  
3 
1  57 625558517  
2  49 
2  31 
3 
3 
2  13 
3 
2  93 
3 
1  42 2120018198  
1  126 1847454613  
1  74 323715508  
3 
1  29 1087238824  
3 
2  30 
1  86 787677458  
3 
1  9 702844238  
2  5 
3 
2  83 
1  110 160829311  
1  19 2300413  
3 
2  27 
1  20 1871984574  
2  103 
2  22 
1  106 1464666056  
1  24 1854987742  
1  91 2018352033  
1  34 1532875801  
3 
3 
3 
3 
2  32 
2  14 
1  6 77018861  
3 
3 
2  101 
3 
3 
3 
3 
1  18 1082429958  
2  2 
2  104 
1  89 2138197363  
1  1 1872635664  
1  125 1388369251  
1  113 716409261  
1  6 2084123701  
3 
2  27 
1  109 1459102832  
3 
3 
1  26 2018930729  
2  2 
3 
3 
1  72 363743111  
3 
1  60 1048459394  
1  45 290072495  
3 
3 
2  41 
1  6 1133498762  
3 
2  36 
1  110 1937094821  
3 
3 
2  21 
2  112 
3 
3 
3 
2  109 
3 
3 
2  11 
3 
2  93 
2  94 
3 
2  90 
2  8 
3 
3 
2  74 
2  31 
3 
3 
2  22 
2  15 
1  84 42465443  
2  15 
2  6 
1  9 901872782  
2  50 
1  11 897294574  
3 
3 
3 
2  92 
1  76 668023960  
3 
3 
2  81 
2  113 
1  101 874407333  
1  85 597265539  
3 
1  11 991739469  
2  91 
3 
2  71 
3 
1  71 1961646157  
3 
3 
2  13 
1  8 1384942997  
3 
1  83 1694583707  
1  38 2122475468  
2  2 
2  95 
1  1 1387243410  
1  38 1419084633  
1  0 1439657876  
1  22 1094747505  
3 
1  23 1289953018  
3 
3 
1  32 825050030  
1  63 1171766366  
3 
1  57 224899328  
1  115 815763745  
1  22 896918383  
1  113 1613268579  
1  28 1532173007  
3 
3 
2  17 
2  21 
2  15 
3 
3 
2  88 
1  104 833558436  
2  71 
3 
3 
3 
2  21 
1  47 924887763  
2  119 
3 
3 
3 
1  57 1403620088  
3 
1  22 1197301547  
3 
3 
3 
2  36 
1  125 1973347157  
3 
2  10 
3 
3 
2  15 
2  11 
2  60 
2  18 
1  3 1693692583  
2  89 
1  19 183316661  
1  103 1762958331  
2  119 
1  12 1736158026  
2  42 
3 
2  8 
2  7 
3 
1  19 1085189444  
2  98 
3 
2  1 
2  53 
2  16 
3 
3 
2  54 
1  12 512769257  
2  124 
3 
1  26 256698339  
2  7 
2  35 
2  73 
2  103 
1  62 1959596777  
1  73 1110034797  
3 
3 
2  65 
3 
2  59 
1  4 1248437808  
2  9 
1  15 1773759286  
1  8 347494146  
1  7 795537867  
2  41 
3 
2  14 
3 
1  30 1748751106  
1  19 1734737557  
2  17 
2  60 
3 
1  68 67138852  
2  119 
3 
1  18 1040925334  
3 
2  56 
1  87 682001414  
2  6 
2  104 
2  16 
1  15 1357091871  
2  12 
2  17 
2  19 
2  17 
1  31 1865975364  
1  1 1853767780  
3 
1  27 1581991199  
2  95 
2  83 
1  95 534255462  
1  6 603202515  
2  122 
1  46 1047776131  
2  52 
3 
2  79 
2  98 
2  18 
1  8 2066428469  
2  3 
1  18 1436760951  
3 
1  63 1972663894  
3 
3 
2  73 
3 
3 
3 
3 
2  67 
2  96 
1  98 1322564909  
3 
3 
2  97 
2  8 
3 
1  73 486578851  
1  15 1798527404  
3 
3 
3 
1  19 868773844  
1  72 669895512  
1  5 1414002087  
2  24 
3 
2  12 
1  13 457448223  
3 
2  41 
3 
3 
1  111 1755084956  
2  106 
3 
2  20 
3 
1  82 1926771344  
2  19 
1  4 714146562  
1  23 1567198085  
2  49 
3 
2  38 
2  77 
3 
3 
3 
1  18 889322493  
2  19 
1  99 1962584370  
2  7 
3 
2  88 
3 
1  37 1193473723  
2  102 
2  114 
3 
3 
3 
1  95 1236816640  
2  95 
1  95 610638589  
1  105 794741181  
3 
3 
2  101 
1  22 824070549  
3 
2  15 
3 
2  41 
2  78 
1  8 677777441  
3 
1  7 1835666516  
2  17 
2  5 
1  71 1506071963  
3 
3 
3 
1  20 2034869312  
2  118 
3 
1  7 1554158232  
3 
1  100 1212356095  
3 
2  5 
3 
1  18 1469376864  
2  16 
2  16 
3 
1  68 2088413694  
3 
3 
3 
3 
1  0 1815558611  
3 
3 
3 
3 
3 
1  3 369669347  
2  94 
1  5 2007358515  
3 
1  24 1104835914  
2  6 
3 
3 
3 
2  53 
3 
1  17 194849593  
2  97 
2  16 
1  18 1182439776  
3 
2  17 
2  76 
3 
3 
3 
1  7 1591414765  
2  10 
1  7 1993376997  
3 
2  61 
3 
1  6 2051213621  
1  108 113826630  
2  69 
3 
3 
1  48 1259895436  
3 
2  45 
3 
3 
2  19 
1  3 361178196  
2  107 
2  16 
2  99 
2  5 
1  19 1868911586  
1  1 1039183133  
2  26 
2  8 
1  37 1075324758  
2  12 
3 
1  25 1288626024  
2  118 
3 
2  20 
2  7 
2  53 
1  12 1928505626  
2  2 
3 
1  121 890425480  
2  82 
1  116 334616099  
1  117 1017838618  
2  9 
3 
2  107 
1  23 1501064069  
2  20 
1  117 1129357281  
2  13 
1  40 1841909167  
3 
2  38 
1  17 31357862  
2  65 
2  98 
2  21 
1  80 817540149  
3 
1  82 1200497482  
2  90 
2  20 
3 
2  96 
2  47 
3 
1  19 2066227175  
1  16 224214733  
1  56 265369930  
3 
3 
1  16 1388120391  
3 
2  10 
3 
3 
2  7 
2  16 
2  7 
2  101 
3 
1  13 165144780  
3 
2  9 
3 
3 
1  34 2080928541  
3 
3 
3 
1  16 1757789738  
1  6 25019647  
2  114 
3 
1  42 1038280807  
3 
2  12 
2  13 
2  83 
3 
1  33 1952639331  
2  9 
3 
2  56 
2  3 
3 
3 
2  13 
1  3 1207459424  
2  4 
1  4 482211925  
2  68 
2  91 
2  38 
2  35 
3 
2  1 
1  6 1798532681  
3 
3 
1  16 1111189397  
2  14 
1  115 596038555  
3 
1  17 910944469  
1  15 1472367593  
1  9 317466493  
1  9 1950127602  
3 
2  72 
2  40 
3 
1  94 400208703  
3 
2  19 
1  15 1606092517  
1  71 1731149581  
2  22 
3 
3 
2  9 
1  54 1290634183  
3 
1  75 1940708617  
2  110 
1  12 601504551  
2  84 
2  5 
1  17 644214604  
3 
1  10 922582250  
2  2 
3 
1  7 295930071  
1  0 675572466  
2  88 
3 
2  17 
3 
1  123 1740122399  
3 
3 
1  35 1496427553  
3 
2  75 
2  6 
3 
2  35 
1  115 594315993  
3 
3 
3 
2  3 
2  75 
1  0 1964337132  
3 
3 
2  12 
1  29 1761797483  
3 
1  14 1982436384  
3 
3 
2  69 
3 
3 
3 
3 
1  56 2129481912  
2  10 
3 
3 
3 
3 
1  120 1695242376  
3 
3 
2  7 
3 
1  12 1592742474  
1  17 7017912  
1  2 586039536  
3 
3 
1  108 1397898158  
2  50 
3 
1  99 1214477336  
2  25 
3 
3 
2  74 
3 
2  13 
3 
3 
3 
3 
3 
1  17 1068251461  
1  2 1048947191  
3 
3 
2  17 
1  85 178183085  
2  55 
3 
3 
2  90 
2  0 
1  49 1664290016  
1  19 1959891660  
1  68 1650550678  
1  0 1981756509  
2  4 
1  2 1762535615  
1  65 2050759381  
3 
1  93 1440365379  
1  42 1346201548  
1  120 1193909916  
3 
2  55 
3 
1  20 1233590348  
1  39 1947706099  
2  3 
1  17 1838124520  
2  69 
1  58 8688950  
1  14 96152522  
2  105 
1  10 366213338  
1  22 1748811349  
3 
1  79 1592580076  
2  50 
1  24 960529332  
3 
2  66 
2  21 
3 
2  0 
2  93 
3 
1  77 1565664833  
2  15 
3 
3 
1  13 1206893911  
3 
2  91 
3 
2  25 
3 
3 
1  50 795482068  
3 
2  104 
2  30 
3 
2  30 
3 
3 
1  102 1547663098  
1  79 754652640  
1  64 240740895  
2  30 
3 
1  56 1554681010  
3 
3 
2  11 
1  13 1340692176  
3 
1  71 1638639053  
2  24 
3 
2  41 
3 
1  17 621674698  
2  14 
2  16 
3 
1  24 261459989  
1  8 540102596  
1  101 799857783  
3 
1  121 1925750005  
1  114 352510608  
1  10 302924813  
1  76 1760022866  
3 
1  0 2115046223  
2  69 
3 
2  5 
3 
3 
3 
3 
1  17 206200546  
1  27 1052904597  
3 
3 
2  129 
3 
1  0 1313764123  
3 
1  71 1400110462  
1  10 139011297  
3 
3 
1  128 1113986575  
3 
2  26 
1  98 1090751334  
1  129 147700247  
2  24 
3 
1  23 1210139097  
1  116 1456964672  
1  22 1896511596  
2  9 
1  112 655235525  
3 
1  26 270010356  
1  50 1314692782  
1  64 1862129437  
1  47 1065492425  
2  116 
1  88 714872232  
3 
2  15 
3 
2  70 
3 
2  105 
3 
1  27 469298429  
3 
1  31 1306233320  
3 
3 
2  76 
2  4 
1  11 122069594  
1  102 1809990605  
1  93 797388725  
3 
3 
2  83 
1  123 743744292  
2  23 
3 
2  85 
1  7 2071450594  
2  10 
3 
2  108 
2  12 
3 
3 
1  52 1337491321  
3 
1  17 1543602075  
3 
1  15 1849716951  
2  48 
2  132 
3 
1  73 1690001929  
2  3 
3 
1  17 1846526888  
2  19 
3 
1  10 1462256169  
2  48 
3 
2  91 
1  0 1657564505  
1  82 2052727434  
3 
1  15 367677119  
3 
3 
3 
2  127 
3 
3 
2  103 
3 
3 
3 
3 
1  33 823844980  
3 
2  32 
2  117 
2  116 
3 
2  3 
1  24 1305354248  
2  8 
2  106 
1  123 506688416  
2  86 
3 
1  117 1937831555  
1  27 248621934  
3 
3 
3 
1  30 654388664  
1  25 1000487005  
1  41 1705586606  
2  30 
2  15 
3 
3 
3 
1  19 403416612  
3 
3 
3 
2  2 
2  13 
3 
3 
3 
1  49 1655722530  
1  17 1975596963  
2  17 
2  103 
2  67 
1  112 1718109394  
2  12 
3 
3 
2  0 
2  26 
2  26 
3 
2  106 
3 
2  6 
2  71 
3 
2  62 
3 
1  33 1370368319  
2  22 
3 
1  73 893605740  
2  17 
3 
1  13 285497978  
3 
1  53 1839666748  
1  34 52355412  
1  111 407567572  
3 
2  56 
3 
1  26 1502173705  
3 
1  23 849744137  
3 
2  77 
1  59 1151311864  
2  5 
1  84 1426140651  
3 
2  116 
1  48 39751810  
3 
2  50 
3 
1  97 547430291  
3 
3 
1  22 1128373954  
3 
2  23 
1  53 1729753739  
1  26 246473531  
2  102 
3 
3 
3 
1  122 443146476  
3 
3 
3 
1  47 1239834596  
1  101 151717317  
2  14 
1  62 810823595  
3 
2  0 
2  20 
2  125 
2  19 
3 
2  81 
2  107 
1  118 2063679577  
1  9 1457071565  
3 
1  3 1317512011  
1  25 1854027484  
1  20 1705693499  
1  13 1971900675  
2  25 
2  51 
3 
1  26 707030841  
2  6 
3 
2  38 
1  17 1263796458  
3 
1  19 227833640  
1  82 215269724  
3 
1  106 1091909773  
1  2 1945943034  
2  97 
2  20 
2  19 
1  21 1585638043  
3 
1  77 1985515513  
2  86 
2  90 
3 
1  29 83957365  
1  3 1277821144  
1  98 2037870925  
3 
3 
2  25 
1  12 491524937  
2  93 
1  8 632511201  
1  2 740131414  
2  8 
3 
2  52 
3 
1  21 1642836802  
2  115 
3 
1  96 2058651853  
1  51 779883224  
2  87 
1  95 42783445  
3 
3 
3 
3 
3 
2  26 
2  33 
2  15 
2  51 
3 
1  60 1039542159  
3 
1  61 362153315  
2  26 
2  65 
1  52 289256977  
3 
1  28 1482688635  
2  15 
3 
2  121 
2  85 
1  26 1601987912  
3 
3 
3 
2  28 
3 
1  69 440974294  
2  18 
2  98 
2  17 
2  66 
2  66 
2  57 
1  79 146028582  
1  4 1518183841  
3 
3 
2  57 
3 
1  2 1898045860  
1  27 1463540594  
3 
2  97 
1  20 1224727677  
3 
1  31 1456255711  
3 
2  128 
2  4 
1  42 1287957621  
2  37 
1  103 1931758519  
3 
2  31 
2  46 
2  27 
2  4 
3 
1  23 572568521  
1  76 1515791261  
1  10 2147028243  
3 
1  86 1664478294  
2  25 
2  3 
3 
2  58 
3 
1  11 1314250648  
1  113 1585182638  
2  44 
1  90 1502510159  
1  107 1398208013  
1  71 715520134  
2  38 
2  112 
2  108 
1  49 1392897436  
3 
3 
2  40 
3 
1  35 1889732950  
3 
2  9 
2  59 
3 
3 
2  62 
1  20 1348031336  
3 
2  122 
2  6 
1  117 2133028850  
1  28 1385086104  
1  120 1259199541  
3 
1  130 765428426  
2  98 
1  24 1427869550  
2  43 
3 
2  21 
1  103 151258052  
2  20 
3 
2  34 
2  116 
3 
2  3 
1  9 1127581742  
2  25 
2  37 
2  26 
1  22 1717126527  
1  17 1633946688  
3 
3 
1  48 582086006  
1  27 10617173  
1  12 1779975270  
1  4 2100269847  
1  61 1908663033  
2  118 
2  45 
3 
3 
3 
2  63 
2  40 
2  13 
2  42 
2  105 
3 
2  111 
2  12 
3 
2  33 
3 
1  29 1096032216  
3 
3 
3 
3 
2  119 
2  15 
1  35 1177513876  
3 
1  13 1217435097  
2  71 
2  74 
3 
2  48 
3 
2  57 
1  6 236506190  
1  39 961788747  
1  104 1790003618  
3 
2  51 
3 
1  59 1752297451  
1  2 961333342  
3 
1  95 1306998265  
2  43 
1  2 919064451  
2  118 
2  59 
3 
3 
2  111 
2  64 
3 
3 
3 
3 
2  111 
3 
1  34 399032333  
1  18 662024776  
1  79 169788816  
3 
3 
1  42 1114552467  
3 
1  79 2054922213  
2  131 
2  22 
1  36 2059521767  
2  12 
1  104 315100155  
3 
2  59 
2  39 
1  4 2040467415  
1  7 1297124223  
2  132 
3 
3 
2  58 
2  15 
1  26 1574299696  
3 
1  79 658412194  
3 
1  6 577510125  
3 
2  32 
3 
3 
1  35 1725557749  
2  38 
3 
1  96 1785993936  
3 
1  72 147153004  
1  19 1212020789  
2  15 
1  94 220596294  
1  26 157770178  
1  68 844512411  
3 
1  27 173382493  
1  53 2066433211  
1  61 1940544628  
2  29 
3 
2  131 
2  0 
3 
2  24 
3 
2  115 
3 
1  33 1350896369  
1  99 1136384660  
3 
1  21 29567170  
1  115 165201469  
3 
3 
2  7 
1  124 778904631  
3 
3 
3 
3 
2  135 
2  0 
3 
1  44 1781864621  
2  27 
2  133 
1  103 1126534811  
2  112 
1  1 2085902896  
1  18 553445425  
3 
2  28 
2  68 
2  75 
3 
2  19 
2  66 
1  7 1525567144  
3 
2  49 
3 
1  36 600444024  
1  97 723234241  
1  21 492635964  
1  5 507882589  
2  140 
1  23 635272360  
3 
1  38 807736119  
3 
2  71 
2  128 
2  4 
3 
2  11 
3 
1  138 400866357  
1  12 1932396584  
2  117 
1  16 234552168  
2  26 
1  11 1059278551  
1  134 362423061  
3 
1  43 1960109917  
1  6 697788839  
1  49 509576066  
3 
2  90 
3 
1  143 1024647058  
1  19 918385133  
3 
2  45 
1  74 667346244  
1  69 1869159469  
1  1 1091767626  
2  41 
1  101 586295807  
1  11 1662220449  
1  19 295180347  
2  82 
3 
2  55 
2  27 
3 
3 
1  19 1722680468  
1  14 1691787619  
2  22 
2  108 
1  63 460381816  
3 
3 
1  40 354101451  
3 
1  35 1326168593  
1  127 1586916628  
3 
2  9 
1  9 292520699  
1  49 1879614018  
1  47 965000124  
1  137 892964723  
3 
1  18 455364611  
2  94 
1  34 1457636088  
3 
3 
2  121 
1  46 1400847313  
1  107 1090636972  
3 
3 
2  95 
1  6 117888560  
3 
1  136 1801713670  
2  13 
3 
2  44 
3 
2  63 
2  2 
3 
1  147 875549908  
3 
1  144 352440728  
2  136 
1  6 713508573  
1  40 1237972969  
2  69 
3 
2  90 
2  142 
3 
3 
3 
2  41 
3 
3 
2  113 
1  80 165066997  
2  95 
2  17 
1  64 1411297412  
3 
2  87 
2  115 
1  8 1747549035  
1  81 1189714055  
2  54 
3 
2  16 
2  82 
1  45 182198897  
3 
3 
3 
1  61 267411631  
1  4 911389876  
3 
2  146 
3 
2  5 
1  0 1273966523  
2  9 
2  107 
2  69 
1  123 853707439  
3 
2  42 
1  102 426126678  
2  23 
3 
1  39 1569146870  
3 
3 
1  31 428904259  
1  89 2117914297  
2  90 
1  13 2029528687  
3 
3 
1  46 783005710  
1  126 1296599242  
2  72 
2  27 
1  129 1468961667  
1  60 1075526409  
2  102 
2  122 
1  93 1028729612  
1  16 286478143  
2  95 
1  5 1968491132  
2  96 
3 
3 
2  20 
3 
2  28 
1  37 1484094224  
2  41 
2  73 
3 
1  120 1744114232  
1  39 1221854797  
3 
2  39 
3 
3 
1  15 427247548  
1  100 1862002792  
2  128 
3 
3 
3 
1  76 876084819  
2  7 
2  112 
1  91 1302797456  
2  104 
3 
2  114 
2  96 
3 
1  130 66959872  
1  44 1589593392  
2  143 
3 
3 
1  86 393286777  
3 
2  119 
1  39 232026869  
1  136 853407156  
1  24 2140835813  
3 
2  129 
2  12 
3 
2  3 
2  27 
2  130 
2  33 
2  9 
3 
1  28 1421740924  
1  1 1035606053  
2  39 
2  32 
2  88 
3 
3 
2  68 
2  8 
2  7 
3 
2  91 
1  117 260763796  
1  48 185647152  
3 
1  139 162088928  
3 
2  135 
3 
2  75 
3 
1  142 1114471235  
1  114 611773830  
1  5 1731235799  
2  9 
3 
1  58 1543375494  
2  69 
2  0 
1  116 582204480  
1  13 1613280838  
3 
1  104 178897556  
2  135 
3 
1  52 1878803722  
2  19 
1  38 934758857  
3 
3 
3 
1  72 1254423965  
1  123 760049687  
3 
1  119 1221237000  
1  104 1075431450  
1  148 96660263  
1  73 817867584  
1  46 149802599  
2  42 
3 
2  8 
1  13 523907811  
2  84 
1  16 532386728  
2  27 
2  14 
2  126 
1  35 1025887419  
2  11 
3 
1  3 1826705267  
3 
2  120 
2  136 
2  69 
3 
2  135 
3 
1  28 599346600  
3 
3 
2  7 
3 
2  20 
1  67 467997163  
3 
3 
3 
2  44 
1  123 72508396  
1  25 831373469  
2  41 
2  15 
1  52 1321404320  
1  81 65860561  
3 
1  24 105630745  
1  79 209526725  
2  27 
1  124 326624358  
1  12 291277898  
1  3 371615654  
2  36 
1  12 1441095593  
1  122 903051728  
3 
2  22 
3 
1  124 2102851453  
2  134 
2  61 
2  70 
2  80 
2  123 
2  91 
2  29 
1  106 836987440  
3 
1  51 1485256208  
1  70 1568648643  
1  20 1015884996  
2  122 
1  52 1216576283  
2  52 
2  15 
2  96 
2  16 
3 
2  45 
3 
1  143 355923852  
1  57 122825314  
1  99 1976625970  
1  107 1577160852  
2  35 
2  5 
2  60 
2  12 
3 
3 
2  91 
1  139 1198256764  
3 
2  4 
3 
3 
2  6 
3 
1  31 2073286233  
2  83 
2  101 
3 
3 
1  62 247544789  
3 
3 
3 
2  34 
3 
2  47 
3 
1  19 1348059363  
2  85 
2  102 
3 
2  42 
3 
1  45 449710396  
1  127 779931517  
2  78 
3 
3 
3 
2  95 
2  39 
1  135 226463134  
3 
1  117 128932015  
3 
3 
3 
1  65 1379278118  
3 
1  84 694460298  
3 
3 
2  38 
1  6 201440411  
1  0 63167939  
3 
3 
2  27 
2  112 
1  9 2015864618  
1  31 267300973  
3 
1  26 168798685  
3 
3 
3 
1  74 77907695  
2  11 
2  99 
1  112 593925331  
2  107 
3 
1  54 460076583  
3 
3 
1  82 449523349  
1  17 2035020924  
1  93 1363128311  
2  17 
2  22 
3 
3 
1  21 404891154  
1  26 724524716  
3 
2  138 
1  29 700900872  
3 
1  25 1973539797  
3 
3 
1  72 1740409713  
1  94 1917477155  
3 
2  19 
1  120 181980001  
1  12 1863235027  
3 
3 
3 
3 
3 
2  22 
1  121 1746619477  
2  120 
2  40 
3 
3 
3 
2  62 
1  34 1759140854  
2  108 
1  5 914008143  
3 
1  17 1672422062  
3 
2  28 
2  101 
3 
2  43 
1  7 2006685643  
2  141 
3 
3 
1  24 114583858  
2  69 
2  18 
3 
3 
2  40 
1  109 2122132458  
2  36 
1  48 639133512  
2  139 
2  72 
3 
1  31 341046993  
1  99 103580825  
2  71 
2  47 
1  0 2018411630  
2  1 
1  89 1035507291  
3 
3 
2  131 
3 
3 
2  23 
1  127 305021236  
2  35 
3 
3 
2  70 
3 
2  26 
1  106 2081579570  
2  38 
1  1 903888261  
3 
1  74 572322209  
2  33 
3 
2  68 
2  37 
3 
3 
2  18 
3 
3 
1  113 102894607  
1  124 981795956  
1  37 1166247540  
2  23 
2  135 
2  42 
3 
1  30 562971190  
1  37 1431319306  
3 
1  3 1053784817  
1  11 1926099501  
2  82 
3 
3 
1  31 1836210460  
2  8 
2  130 
2  37 
2  24 
1  13 1778309533  
2  14 
2  105 
2  82 
2  54 
3 
2  85 
3 
3 
2  84 
2  2 
1  9 479516725  
3 
1  17 1662266610  
3 
1  33 1371235598  
2  64 
1  71 249510232  
3 
1  33 1844246611  
2  10 
1  18 1086986977  
1  58 1996129709  
3 
2  100 
1  107 1455903817  
2  131 
2  125 
3 
2  17 
1  27 2000995120  
2  136 
2  65 
3 
3 
2  51 
1  6 1521068123  
2  34 
3 
3 
3 
2  95 
2  143 
2  12 
2  39 
2  82 
2  12 
2  56 
1  19 1315105812  
1  49 2115578979  
2  65 
2  44 
3 
3 
2  56 
3 
3 
3 
3 
2  1 
3 
1  86 1495716933  
1  4 1954239325  
1  48 309142324  
3 
1  15 1599297758  
3 
3 
2  83 
3 
3 
1  133 1825167307  
1  7 1344649615  
1  81 1904318995  
3 
1  5 1759263229  
2  10 
2  39 
2  27 
1  31 101054228  
3 
3 
3 
3 
1  128 329157556  
3 
1  16 1862157836  
1  130 1082850184  
1  39 1495405097  
1  49 277645378  
2  144 
3 
1  82 366685842  
2  80 
2  76 
3 
2  3 
1  20 401706266  
3 
2  118 
1  39 56261232  
1  68 55412655  
3 
1  143 32532151  
3 
1  38 535777957  
1  77 1717679265  
1  86 1403767750  
1  132 785288190  
3 
1  83 1414442228  
1  24 343271079  
3 
2  65 
3 
2  109 
2  5 
1  33 633934251  
2  13 
2  90 
3 
1  136 722862398  
2  42 
2  10 
1  31 196782552  
3 
1  25 7518727  
3 
2  9 
2  59 
2  94 
2  72 
1  21 2037968210  
2  123 
3 
3 
1  51 164877883  
3 
1  71 1503235660  
3 
3 
1  113 1844723887  
2  33 
1  31 474020207  
1  40 955049771  
2  113 
1  52 1522407547  
1  112 1818669822  
2  84 
3 
1  86 711885118  
3 
3 
2  19 
2  41 
3 
2  36 
1  18 1134187128  
3 
1  52 1919724050  
2  127 
2  9 
3 
2  2 
1  84 1041042674  
2  17 
3 
2  89 
3 
3 
1  16 848861317  
1  40 855090586  
2  6 
1  72 388964123  
1  36 1126506695  
3 
3 
1  36 1221776429  
2  79 
2  71 
3 
1  13 790670389  
3 
1  31 1182767927  
3 
3 
3 
2  92 
1  137 1277189084  
1  31 823202541  
1  4 1718545885  
3 
2  78 
2  34 
2  111 
1  10 847384701  
1  95 79486643  
3 
2  79 
1  16 356350427  
2  82 
1  14 114343281  
3 
1  15 422757722  
2  97 
3 
3 
1  24 990284678  
2  43 
1  57 837205679  
3 
1  123 619540274  
3 
2  24 
1  42 997803405  
2  86 
1  40 727690242  
1  60 784418157  
2  138 
3 
2  131 
1  138 353555418  
2  138 
1  20 424930481  
1  15 1258438364  
2  98 
1  37 1308605189  
3 
1  25 1947338028  
2  7 
3 
3 
3 
1  32 929624538  
2  126 
2  87 
2  149 
1  39 2020490307  
3 
2  110 
1  19 934041509  
3 
1  8 701864940  
2  64 
2  20 
2  49 
1  118 914049333  
1  71 1782902826  
1  116 1556955527  
1  80 1303013457  
1  20 761925873  
3 
1  50 631248308  
1  154 2093683846  
2  50 
1  79 1944693801  
3 
3 
2  71 
3 
2  37 
3 
3 
1  42 1908437392  
1  31 769402739  
1  87 1515756038  
2  83 
1  69 608338445  
2  118 
1  84 848889382  
3 
1  21 1872106465  
2  7 
1  6 722681726  
2  27 
3 
2  20 
2  137 
3 
3 
3 
3 
2  50 
1  94 1271647105  
2  145 
1  0 714907495  
3 
2  138 
2  25 
1  54 1559887406  
2  86 
2  13 
1  90 1891187379  
1  85 1712710901  
3 
3 
1  29 140094000  
2  51 
1  107 528121889  
1  130 2066266319  
2  148 
1  13 565024481  
1  76 1786560253  
1  25 1227387860  
2  130 
3 
2  139 
2  70 
3 
3 
1  5 364878862  
3 
1  146 568701144  
2  157 
3 
3 
1  76 1100394519  
3 
2  16 
3 
3 
2  70 
2  84 
2  17 
1  24 1298920371  
1  23 1270566084  
2  29 
1  94 2014443852  
3 
2  145 
2  53 
3 
1  12 934339549  
1  120 680037963  
2  24 
2  62 
1  27 1169973661  
3 
3 
3 
3 
3 
1  152 1696265422  
1  39 1311286271  
1  72 1116173860  
2  55 
2  115 
1  37 1493475575  
3 
1  148 1072240015  
1  83 1885576599  
2  1 
1  144 861747965  
3 
1  110 1680578460  
3 
2  89 
1  49 586982334  
3 
1  132 586370782  
3 
3 
2  0 
3 
3 
2  3 
2  84 
2  63 
2  144 
3 
3 
1  112 255776539  
3 
3 
2  70 
1  26 1858629439  
2  90 
2  54 
1  45 1301278278  
1  138 1815663945  
2  40 
1  60 1602333170  
3 
2  53 
1  133 866505531  
1  57 1955757945  
1  68 2130455059  
1  20 785288202  
3 
2  15 
1  22 373298778  
2  81 
3 
2  144 
1  156 1769531665  
2  62 
1  37 2012676062  
1  46 738177640  
1  93 190749161  
1  70 965586933  
1  45 2037098011  
1  55 1461315245  
2  63 
1  117 832547137  
1  50 823953912  
2  129 
1  28 2141353209  
1  77 2002520799  
2  114 
1  162 372735687  
2  82 
2  124 
1  134 1305155832  
1  29 971211011  
2  84 
3 
2  63 
2  116 
2  64 
1  26 1866211262  
1  42 229912200  
1  33 709303962  
2  1 
2  141 
1  33 580475580  
3 
1  119 1910490660  
3 
1  92 1296286296  
1  56 1166846362  
1  75 18783551  
1  120 1007432087  
3 
3 
2  63 
1  21 320640992  
2  132 
3 
2  9 
2  62 
1  115 1834447496  
1  18 462281610  
2  85 
3 
1  110 1187146523  
2  91 
1  155 1642721793  
3 
1  152 445253021  
3 
2  15 
3 
3 
1  38 1972434725  
3 
1  159 2016020572  
2  34 
1  103 67301038  
1  149 1837627139  
1  129 606714564  
3 
1  105 258050199  
1  47 655730424  
3 
3 
1  121 496328928  
1  125 1719365445  
2  13 
3 
2  132 
2  13 
3 
2  2 
2  33 
2  8 
1  125 1488277562  
3 
2  39 
3 
2  115 
2  149 
3 
2  77 
2  3 
1  160 1320282840  
2  96 
2  79 
2  143 
2  88 
1  101 1713235006  
3 
3 
1  82 1343314713  
1  155 1693018527  
3 
1  5 870907190  
2  157 
1  26 167042076  
1  84 1411746142  
2  13 
3 
3 
3 
3 
1  32 1100819390  
2  148 
3 
3 
3 
2  134 
2  38 
3 
3 
1  88 876346038  
3 
1  136 1992221722  
1  80 863826403  
1  38 25148687  
3 
2  43 
2  145 
3 
1  80 1011584436  
2  11 
2  45 
1  130 882609954  
3 
2  34 
3 
3 
3 
1  32 1032580774  
2  43 
1  15 1332225429  
1  81 569573803  
1  89 1494862384  
2  4 
2  86 
1  56 371888304  
1  53 64811948  
1  110 1940115406  
3 
3 
3 
2  39 
2  11 
1  22 196839382  
2  63 
3 
3 
3 
3 
1  53 2080832520  
2  12 
2  29 
3 
1  89 2007416444  
3 
1  3 2034466521  
3 
1  115 540063437  
1  35 117982996  
2  72 
2  75 
1  108 542713298  
1  121 1036392365  
2  78 
1  81 1837348441  
2  6 
2  68 
2  103 
1  95 2030990860  
2  100 
1  26 209191557  
2  44 
2  39 
1  29 1403099799  
2  24 
2  106 
1  9 1226821925  
3 
3 
3 
3 
1  37 1902210085  
2  57 
2  100 
2  25 
1  54 126523341  
1  94 1393864001  
3 
1  81 1166472579  
2  33 
2  14 
2  31 
3 
2  112 
1  97 1227342732  
2  95 
2  70 
3 
3 
2  11 
3 
3 
2  128 
3 
2  73 
3 
1  16 122726391  
2  28 
1  26 1011210653  
3 
2  15 
1  58 2091169135  
3 
2  98 
1  108 147875078  
2  46 
1  143 2022795089  
1  34 826295441  
1  66 1180455853  
3 
3 
2  111 
3 
3 
2  44 
2  127 
3 
2  123 
3 
3 
2  111 
2  83 
3 
2  6 
3 
3 
1  107 1207536870  
2  144 
3 
3 
1  121 1395869244  
3 
1  44 527834589  
2  17 
2  15 
1  118 1579425175  
2  3 
2  79 
2  29 
2  13 
3 
2  103 
2  31 
2  38 
3 
1  113 1460681193  
2  62 
1  137 320466347  
1  79 1776264557  
3 
3 
2  46 
3 
2  44 
3 
3 
2  6 
3 
3 
1  113 1394030065  
3 
3 
3 
2  136 
2  35 
1  26 180399144  
3 
2  136 
2  21 
2  11 
2  83 
1  33 1663247430  
2  40 
2  84 
1  0 1934093502  
1  136 298382140  
1  16 58477080  
3 
2  97 
3 
1  38 823002219  
1  72 2135730581  
1  28 2089467940  
3 
3 
1  91 1032193777  
2  4 
2  68 
2  103 
3 
2  18 
2  133 
1  91 1391346732  
3 
3 
2  56 
2  51 
3 
1  104 1168806217  
1  55 786920214  
2  114 
1  4 1517870073  
3 
3 
2  43 
3 
1  53 415186570  
3 
2  124 
1  30 1953392793  
3 
2  109 
3 
2  92 
3 
3 
2  0 
2  69 
1  97 597729157  
1  21 537912962  
1  37 817119798  
3 
3 
3 
3 
1  38 541414644  
2  19 
3 
2  75 
2  28 
3 
1  43 685788040  
1  104 692431239  
1  70 1367710086  
1  20 1866243893  
3 
1  73 1899968110  
1  51 616095682  
3 
3 
2  7 
1  141 246594835  
1  37 1331909637  
1  4 2076776875  
2  16 
3 
1  39 567061182  
2  44 
1  44 960690546  
3 
3 
1  9 1323323293  
3 
1  16 747460326  
2  24 
2  117 
1  148 476454328  
3 
1  78 1109933147  
3 
3 
1  134 1045842466  
1  126 534931409  
3 
1  83 1932935367  
3 
3 
2  46 
1  37 1034089399  
1  35 476915701  
1  66 817645496  
3 
1  72 277952483  
3 
3 
3 
2  42 
1  23 1645721919  
2  101 
1  98 1604565710  
1  102 1795822557  
2  95 
2  16 
1  136 2060908489  
1  85 1410474855  
3 
1  19 246068066  
2  22 
3 
2  40 
3 
2  85 
3 
3 
1  44 451337803  
1  45 80111005  
1  16 787482711  
2  56 
3 
1  0 1137125844  
3 
1  88 772542244  
1  118 7709149  
2  17 
1  10 855886089  
2  84 
1  59 525026706  
2  65 
2  33 
2  137 
2  44 
1  147 623804831  
1  31 1102480924  
3 
1  5 1856936343  
2  14 
3 
1  38 553098059  
3 
2  77 
3 
3 
2  4 
2  46 
1  24 1669542107  
2  78 
2  84 
2  53 
2  148 
2  42 
3 
2  6 
1  92 670143241  
2  81 
2  35 
2  31 
2  73 
3 
2  91 
3 
2  29 
2  89 
1  12 1876421352  
2  7 
3 
3 
2  100 
1  2 269518785  
2  101 
3 
2  147 
3 
3 
2  139 
1  86 1146597570  
3 
2  43 
3 
2  7 
3 
1  116 838870851  
3 
3 
2  14 
2  45 
2  39 
1  67 1315361252  
2  0 
2  107 
2  52 
2  66 
3 
3 
3 
1  47 1681528979  
3 
3 
2  38 
1  5 624322570  
3 
2  128 
3 
3 
1  3 201967003  
1  81 10961032  
1  4 1441968066  
3 
3 
3 
1  43 479919487  
3 
1  57 1656682951  
2  52 
1  101 899050128  
3 
1  44 128258396  
3 
1  14 1570107793  
1  86 162041335  
1  44 374326462  
1  29 2021445596  
3 
3 
2  10 
1  16 242152340  
1  77 1161809173  
2  52 
2  37 
2  115 
3 
2  99 
3 
2  40 
1  132 1011087792  
1  8 1014694585  
1  94 1169518322  
2  111 
1  33 1866973882  
1  74 1539721291  
2  9 
2  39 
1  38 1793323154  
3 
1  133 821971158  
2  30 
1  29 1249173987  
2  1 
2  7 
2  13 
1  38 198937565  
1  26 344029617  
1  48 1919317228  
3 
3 
3 
2  41 
3 
2  69 
2  39 
3 
2  107 
3 
2  92 
1  11 2075358917  
1  95 613548403  
2  1 
1  8 918431150  
2  23 
1  52 766746120  
2  47 
2  58 
2  140 
1  142 1928909655  
1  3 452476481  
3 
2  56 
3 
3 
3 
1  72 1391068691  
3 
1  145 2130876658  
3 
1  44 463437514  
2  68 
2  25 
1  6 685553109  
3 
2  129 
2  116 
1  63 463312497  
3 
1  118 2120120465  
2  5 
2  68 
1  116 1584603238  
2  56 
2  23 
3 
3 
3 
2  44 
2  104 
1  90 591570893  
1  7 1542744610  
1  21 1746644573  
1  90 965897356  
3 
2  53 
3 
1  8 1416706559  
3 
1  42 1988796914  
3 
1  1 2127706529  
2  16 
1  15 280310703  
1  46 856007851  
2  91 
3 
1  26 1149741204  
1  2 2147284585  
3 
2  51 
2  0 
3 
1  112 248245494  
2  24 
3 
2  17 
1  29 795580710  
1  24 821772096  
3 
2  148 
1  139 1497419481  
3 
2  14 
3 
1  62 994518275  
2  42 
3 
2  60 
3 
3 
1  36 1165801713  
2  6 
1  14 1269253062  
3 
3 
1  80 922393544  
3 
3 
1  10 1779350116  
2  140 
2  86 
2  140 
2  102 
2  68 
1  99 40200564  
1  127 1689139664  
1  1 1560776123  
2  1 
2  77 
2  98 
3 
3 
1  48 492677046  
3 
2  144 
2  93 
3 
3 
2  74 
1  50 932724707  
2  46 
2  1 
3 
2  81 
2  142 
2  57 
1  8 1544169134  
2  64 
2  40 
3 
2  93 
3 
1  30 956114560  
1  66 1618277817  
1  147 2007481631  
3 
1  32 928751377  
1  15 1055397407  
1  3 451568877  
1  48 324012340  
1  35 654558332  
1  38 1417466233  
3 
1  20 1740718899  
1  44 495871598  
1  69 1397689114  
2  94 
3 
1  63 2021029602  
1  43 1351879449  
3 
3 
3 
1  65 399946670  
3 
2  129 
1  25 2020830540  
1  71 1600124944  
3 
1  1 1195527380  
2  118 
2  41 
3 
1  33 695118988  
1  91 950060777  
1  112 42562007  
1  80 1860920701  
1  128 71830191  
1  23 964955551  
3 
1  86 1492787170  
3 
2  1 
1  1 112030756  
2  106 
2  94 
1  162 506611568  
1  69 906079645  
1  97 604707802  
3 
2  18 
1  65 1439336275  
2  97 
2  17 
3 
3 
1  146 302765131  
1  75 1560822362  
3 
1  69 910130444  
3 
1  35 162763115  
2  44 
3 
1  131 342090091  
3 
2  141 
3 
1  123 1965527851  
2  25 
1  28 614331992  
2  139 
2  87 
2  24 
1  71 666102431  
1  91 472602536  
3 
3 
1  158 2031798225  
1  58 259337682  
1  4 968474134  
1  38 1282003691  
1  124 132883637  
2  76 
2  144 
3 
1  138 172869936  
3 
2  55 
3 
1  40 1681950362  
3 
1  34 6230529  
2  52 
3 
3 
1  135 1772994880  
1  45 729994094  
2  75 
3 
2  42 
1  78 701349517  
3 
2  74 
1  81 575572009  
2  137 
1  3 772556102  
2  83 
2  88 
1  95 414786570  
3 
2  101 
1  31 647402201  
2  57 
2  11 
1  106 1737511653  
2  50 
3 
1  46 1907573740  
2  30 
3 
3 
2  0 
1  52 759432957  
2  55 
1  159 96639573  
1  54 666169738  
2  76 
3 
2  100 
1  11 1364140759  
3 
3 
3 
2  47 
2  35 
1  114 1535975849  
3 
2  5 
3 
1  95 968934869  
2  20 
2  46 
1  57 777479473  
3 
1  8 298622645  
1  39 1131697984  
2  66 
1  118 1119569564  
1  103 116666849  
1  12 1746029976  
3 
3 
3 
1  139 1785671996  
1  44 589269385  
2  79 
2  18 
2  109 
3 
1  49 1630344553  
1  143 2045009678  
1  96 1557743519  
3 
1  117 764864597  
1  124 30409667  
1  31 1730613455  
2  65 
1  162 299331311  
2  89 
3 
2  147 
1  23 36640196  
1  123 1356124687  
3 
1  56 1029325405  
2  62 
3 
2  89 
1  111 737989713  
1  100 1931696697  
2  79 
2  154 
2  59 
3 
1  51 1801881507  
3 
3 
3 
2  72 
1  56 1152776284  
2  6 
1  34 431615250  
2  60 
1  85 1391909513  
2  29 
3 
1  3 912866376  
1  133 1191048207  
1  106 1488549086  
1  125 1579036114  
1  66 407705318  
1  96 877041287  
2  134 
3 
3 
3 
3 
2  73 
1  5 400487336  
1  89 1185184791  
2  75 
2  51 
3 
3 
2  161 
1  96 1175663933  
3 
1  19 1532185320  
3 
3 
2  16 
1  104 157270707  
2  111 
3 
2  88 
3 
3 
3 
1  73 1292330782  
2  24 
2  89 
2  60 
2  65 
3 
2  53 
1  59 1130731649  
1  86 1942942703  
1  153 1881600167  
2  6 
1  133 613592554  
3 
2  99 
2  89 
2  47 
1  124 1840468734  
3 
1  114 1291860038  
2  126 
2  97 
2  49 
3 
1  61 1378457151  
2  52 
2  128 
1  110 1870878401  
1  18 874989846  
2  47 
1  0 1677788462  
3 
3 
2  7 
1  57 1907518598  
2  14 
1  56 83630885  
2  21 
3 
3 
1  55 559630220  
2  19 
3 
2  32 
2  47 
1  0 498024663  
3 
1  71 2015327582  
2  76 
3 
2  107 
2  77 
2  15 
1  104 214028079  
3 
3 
1  5 1650800947  
1  118 299459184  
2  140 
3 
2  131 
1  53 1605937592  
1  130 416183676  
3 
1  114 1490507391  
2  51 
2  73 
2  34 
1  23 947003031  
3 
2  25 
2  92 
1  121 1995219790  
2  88 
2  99 
3 
1  35 1898212709  
2  126 
1  35 1824044318  
1  83 248223478  
3 
2  153 
3 
1  54 935913852  
2  129 
1  70 852224603  
1  140 1780408799  
2  134 
1  3 1093184560  
1  30 2144555385  
1  55 763656800  
2  155 
2  3 
2  12 
1  9 888643615  
3 
3 
1  80 1878671904  
2  140 
1  132 1377249354  
1  7 581628701  
2  56 
1  55 1023048295  
2  130 
2  141 
1  161 608222858  
3 
1  46 305023455  
2  131 
3 
2  123 
1  98 1898038141  
2  86 
2  126 
1  11 138527672  
2  60 
2  151 
3 
1  119 65058405  
1  11 1981669026  
2  129 
3 
2  31 
3 
3 
2  5 
2  19 
1  27 698157892  
3 
2  48 
1  30 563083068  
1  24 1849512961  
3 
1  42 912185972  
3 
1  68 66400368  
3 
1  59 1488497  
1  126 370639916  
1  152 482584044  
3 
2  18 
3 
2  147 
3 
3 
2  163 
3 
2  80 
2  34 
2  138 
1  121 1491995889  
1  25 1317642947  
1  145 330320186  
3 
2  111 
1  17 1242724950  
1  53 994203618  
2  131 
2  30 
1  62 578543665  
2  35 
2  29 
1  46 31155155  
2  121 
2  44 
1  99 1846428221  
2  60 
2  10 
1  125 211468816  
2  110 
1  109 1124339715  
2  14 
2  136 
2  113 
3 
3 
1  95 1843499959  
3 
1  21 975125616  
3 
2  91 
2  57 
1  84 2012983330  
1  76 1574688215  
3 
2  100 
2  36 
3 
1  49 204891322  
1  24 447128384  
2  2 
1  119 450252862  
3 
1  65 813114180  
3 
3 
3 
2  11 
1  101 752151839  
1  4 200807355  
1  149 951641853  
2  25 
3 
1  159 817210244  
1  52 34992734  
2  16 
1  25 1649799745  
1  94 1380293312  
2  156 
1  151 1884505695  
1  47 414502069  
1  38 1446693680  
2  63 
2  156 
3 
1  34 1885994192  
2  109 
2  135 
2  58 
1  40 785141986  
3 
3 
1  135 1929277724  
1  37 1230506433  
3 
1  85 2102784933  
1  6 112114263  
1  37 325747736  
3 
1  123 949504903  
3 
1  166 690657928  
1  37 356902891  
3 
1  89 648449477  
3 
1  157 902126744  
3 
2  125 
1  102 1481242606  
1  113 344465788  
3 
3 
1  166 1877252360  
1  136 1346742288  
1  22 1919154003  
1  36 2082143682  
3 
3 
3 
3 
1  99 1793870672  
3 
3 
3 
2  63 
3 
2  148 
3 
2  44 
2  136 
1  54 221923218  
1  40 747774215  
2  21 
2  42 
2  85 
2  132 
3 
3 
3 
2  138 
2  32 
1  151 398538863  
3 
3 
1  22 422730573  
1  152 1699416068  
3 
2  86 
2  40 
1  94 1215749107  
1  25 457723307  
2  41 
1  130 1201732165  
3 
1  38 448558772  
3 
3 
2  148 
1  28 194745354  
1  151 1616234235  
1  54 1895252452  
3 
3 
2  156 
3 
2  34 
2  143 
3 
2  0 
1  74 2080739547  
3 
2  38 
3 
1  20 253892573  
1  33 1677046529  
3 
3 
3 
1  68 1163762332  
1  18 209193858  
2  156 
2  169 
2  8 
2  71 
1  61 1789160792  
2  150 
3 
3 
1  66 1489510068  
2  134 
2  96 
1  126 1158698762  
3 
1  100 332335072  
1  60 1846412959  
1  148 1807148239  
1  124 1234461816  
2  67 
3 
1  46 1180171917  
1  18 4130379  
2  16 
2  56 
3 
3 
2  8 
2  101 
3 
3 
2  15 
3 
3 
3 
2  111 
2  19 
1  17 964230528  
3 
3 
1  60 379430558  
3 
3 
3 
3 
1  116 1923284382  
3 
2  68 
2  26 
2  69 
2  20 
1  11 898890562  
2  137 
2  46 
1  25 25817582  
3 
2  56 
3 
3 
1  78 2145207600  
2  149 
2  50 
2  157 
3 
2  18 
1  2 1646664777  
3 
1  80 424356446  
1  96 420454526  
2  133 
3 
3 
2  82 
3 
2  98 
2  76 
2  157 
3 
3 
2  23 
2  166 
1  6 1198597197  
1  44 1640105553  
3 
2  133 
3 
3 
3 
1  40 878177833  
2  40 
1  14 252845715  
1  33 2088664325  
1  105 1072923188  
2  142 
1  48 1869079950  
1  110 1836433130  
1  116 1006179087  
2  106 
3 
2  50 
1  49 2122972523  
3 
3 
3 
1  128 1365996011  
2  28 
2  113 
1  116 22457771  
1  150 184682733  
1  62 1007673155  
2  98 
3 
2  115 
2  27 
3 
2  169 
3 
1  26 1511967840  
3 
3 
1  159 1343381495  
3 
1  51 1340008227  
2  16 
1  38 1210897151  
1  21 1003046086  
3 
2  51 
1  121 426986395  
2  135 
3 
3 
2  64 
1  129 243585421  
1  30 1007176465  
3 
2  4 
3 
1  28 1391216923  
1  15 623015979  
2  11 
1  62 782977200  
3 
3 
3 
3 
1  4 142623837  
3 
2  131 
3 
1  104 648833561  
1  90 780701152  
2  31 
2  71 
2  170 
3 
3 
3 
3 
2  7 
2  163 
1  40 1789288615  
1  32 1073190007  
2  116 
2  161 
3 
1  23 1201155678  
1  33 840402164  
1  34 565811913  
1  65 2079333512  
2  75 
2  175 
1  49 1093247879  
1  146 506992590  
1  100 1004773052  
2  0 
1  160 814844181  
1  87 195942072  
2  27 
3 
1  171 2010952139  
1  95 790333056  
3 
3 
2  41 
3 
1  160 1561938083  
2  165 
3 
2  124 
2  157 
2  72 
3 
2  151 
1  71 2033409910  
3 
3 
2  2 
2  152 
3 
3 
3 
2  145 
1  103 975015790  
1  64 422127590  
3 
1  170 1397894102  
1  76 170913637  
2  10 
2  33 
1  147 1762135817  
2  2 
2  111 
1  68 461307606  
1  27 1173959724  
1  93 41638564  
2  15 
3 
1  108 704893027  
1  107 33652541  
2  109 
2  58 
3 
1  137 1432855487  
3 
1  48 1327909006  
2  116 
3 
3 
1  99 816629741  
1  163 1575479325  
3 
1  57 1976742567  
1  65 1597330894  
1  6 1217284292  
1  132 902448927  
3 
1  86 651002924  
1  100 2057686456  
3 
3 
2  94 
1  17 1468260840  
3 
2  35 
2  143 
3 
2  10 
3 
3 
3 
1  165 582852788  
3 
2  48 
1  143 1003450688  
3 
2  110 
3 
2  25 
1  82 1975253430  
3 
3 
2  61 
3 
3 
2  152 
3 
3 
2  63 
3 
3 
3 
1  31 1587625840  
2  46 
1  21 1818294869  
2  128 
2  75 
3 
1  38 23711855  
1  43 1451094331  
1  35 461144278  
3 
2  80 
1  9 1585649938  
2  107 
3 
1  149 1337020594  
3 
3 
2  62 
2  126 
2  8 
3 
1  133 1436160068  
3 
3 
2  57 
3 
2  64 
2  20 
3 
1  24 2007777529  
2  83 
1  24 587431048  
1  9 1607073705  
1  54 1622429698  
1  117 1048738654  
1  67 633549781  
2  0 
3 
3 
2  15 
2  65 
1  132 1664068263  
3 
2  128 
3 
1  66 1753631681  
2  57 
2  171 
3 
2  92 
1  131 667202323  
2  47 
2  147 
2  3 
1  140 949440102  
1  57 934057039  
2  123 
3 
3 
2  51 
2  56 
2  0 
2  61 
1  49 1483832064  
2  59 
2  156 
3 
2  16 
3 
2  56 
2  57 
1  27 377435779  
2  12 
2  26 
2  0 
1  105 763315959  
3 
1  4 933679310  
1  72 1594720071  
2  32 
1  147 1665764886  
3 
1  46 1584682235  
2  17 
2  25 
1  37 1504922880  
1  70 986542078  
3 
2  61 
3 
1  107 20051375  
1  98 360889920  
3 
2  144 
1  153 814311860  
1  33 1607677216  
3 
1  107 31701141  
3 
3 
3 
3 
3 
3 
3 
2  55 
2  25 
1  73 838023715  
1  99 911287899  
1  120 492845419  
1  23 276190006  
1  154 100824845  
3 
1  62 1929005487  
2  110 
1  91 136483887  
1  48 688255894  
1  42 1388595545  
1  126 1758913585  
1  57 1736994548  
2  163 
3 
3 
1  5 2022145326  
2  155 
3 
2  60 
3 
3 
2  134 
3 
3 
1  117 1275498200  
2  21 
2  70 
2  66 
3 
2  60 
3 
3 
3 
1  140 1343142582  
2  4 
1  161 541864001  
1  117 77454655  
2  12 
1  44 129715973  
3 
2  45 
3 
1  19 2025696066  
3 
1  40 454890434  
2  105 
2  105 
2  51 
2  29 
3 
1  39 893031932  
1  67 811891728  
1  78 2049610506  
2  58 
3 
1  82 411313170  
3 
1  155 249090315  
2  85 
2  31 
2  122 
2  74 
2  117 
2  25 
1  116 1407049738  
2  66 
3 
1  95 1397855248  
3 
2  2 
1  43 269141691  
3 
3 
2  153 
2  145 
1  122 1767939658  
2  106 
1  135 64683461  
1  56 1876818907  
2  148 
1  105 1799640799  
2  118 
2  80 
1  105 902707176  
3 
3 
2  114 
3 
2  33 
1  0 640623158  
2  68 
1  74 145002571  
3 
2  1 
3 
1  6 1178897182  
3 
1  59 741448004  
2  41 
2  17 
3 
1  5 2074008058  
1  41 1315381069  
2  25 
1  104 1429703898  
2  31 
2  21 
2  137 
3 
1  154 1315119955  
1  100 926811007  
1  25 1019214798  
2  158 
3 
1  148 1189781634  
1  96 54825559  
3 
3 
3 
3 
1  18 214873732  
3 
3 
3 
3 
2  154 
3 
1  35 1731645635  
2  81 
2  25 
3 
2  115 
1  137 132280214  
2  24 
2  19 
2  2 
2  24 
1  153 344589706  
3 
3 
1  15 1609858053  
3 
3 
1  38 587170649  
1  80 1237621638  
3 
2  120 
3 
2  14 
3 
2  123 
1  48 274266134  
1  151 489297507  
1  137 1648934809  
2  19 
3 
3 
1  151 523356449  
2  14 
2  9 
2  102 
1  33 1896347245  
2  48 
2  60 
3 
2  96 
1  15 899306409  
1  144 792498140  
3 
1  4 1516803255  
3 
2  107 
1  61 963989870  
1  116 521833399  
2  64 
2  40 
3 
3 
1  8 1168960406  
1  27 1866697047  
3 
3 
1  68 1162456558  
2  19 
3 
3 
2  22 
2  124 
1  17 1313962977  
3 
2  96 
3 
2  16 
1  81 898110581  
1  149 1903904562  
3 
2  29 
1  45 1240487388  
3 
1  69 66008003  
3 
2  84 
3 
2  65 
1  105 1186124812  
3 
2  136 
1  6 408123695  
3 
2  33 
1  42 992819010  
3 
3 
3 
2  31 
1  22 57855962  
1  80 1597905329  
3 
1  139 1047644569  
1  115 272729695  
3 
1  47 1182067317  
2  70 
3 
1  4 1179924784  
3 
3 
2  114 
2  44 
3 
1  22 617319401  
2  150 
2  144 
3 
2  108 
3 
2  16 
3 
2  7 
3 
2  51 
3 
2  17 
2  55 
2  1 
2  9 
3 
3 
3 
3 
3 
3 
1  7 644441722  
2  73 
3 
3 
3 
1  81 1767095433  
1  126 1854941039  
1  124 918707856  
1  26 108909292  
2  32 
1  37 1356392200  
3 
3 
3 
1  154 1442064306  
2  30 
2  17 
3 
3 
2  24 
1  44 2005256537  
1  152 108214962  
2  63 
3 
3 
3 
1  84 87078798  
1  19 1374576144  
1  29 1072204832  
2  42 
3 
1  9 608912198  
3 
2  119 
1  8 396052902  
1  10 791418231  
1  130 1771368756  
2  24 
2  143 
3 
3 
2  28 
3 
1  32 1710015880  
1  132 1689528813  
3 
1  62 1527789670  
3 
2  42 
3 
2  3 
2  42 
3 
1  79 803019620  
2  27 
1  62 1755536816  
2  5 
3 
2  4 
3 
3 
1  63 566430834  
3 
3 
3 
2  46 
3 
3 
2  46 
2  114 
3 
3 
1  118 1211143315  
3 
2  3 
2  58 
1  105 600872178  
2  4 
3 
3 
3 
2  140 
2  44 
2  91 
3 
3 
3 
2  79 
3 
2  34 
2  90 
2  29 
3 
3 
2  13 
2  58 
1  15 624286796  
2  95 
1  65 661564997  
1  36 1648516747  
1  32 897016491  
1  125 1843632314  
1  0 680957883  
1  7 1514335892  
3 
2  83 
2  90 
1  42 340590388  
1  7 300569668  
2  28 
2  63 
2  126 
3 
2  1 
2  98 
2  42 
1  139 1221793284  
2  27 
1  32 1259298245  
3 
2  0 
2  32 
1  42 409478960  
1  129 430701836  
3 
1  49 553878903  
1  41 267251849  
3 
2  109 
2  86 
3 
1  7 538916798  
2  145 
2  20 
3 
3 
3 
1  9 640957701  
3 
1  56 1641827993  
2  2 
2  118 
3 
1  65 1611121631  
2  11 
1  40 1249869899  
1  41 2037880896  
1  4 255056214  
2  9 
2  106 
1  10 873755007  
2  81 
1  110 1600413128  
3 
2  51 
3 
3 
2  65 
2  30 
2  101 
3 
3 
3 
2  100 
1  99 1944585027  
3 
1  39 254061029  
2  32 
3 
3 
1  77 255949100  
2  5 
1  10 1552638195  
2  31 
3 
2  84 
2  17 
3 
2  13 
1  27 820491863  
3 
1  93 1467092415  
2  75 
3 
1  32 6026725  
1  97 1444778660  
3 
3 
3 
3 
3 
1  3 2128657412  
2  16 
2  113 
3 
2  9 
2  65 
2  2 
2  93 
3 
3 
2  1 
1  23 1654543473  
3 
1  34 194311503  
2  117 
2  33 
1  135 1824806078  
1  139 188017708  
1  128 1708647396  
1  118 17912819  
3 
3 
1  37 488587377  
2  9 
2  58 
3 
1  34 782957032  
1  60 1277211064  
2  21 
2  64 
3 
3 
3 
3 
3 
3 
2  21 
3 
1  40 898066337  
1  98 1213658868  
3 
3 
1  109 1831089967  
2  47 
2  135 
3 
1  141 1165318187  
2  63 
2  123 
2  20 
2  41 
2  62 
1  66 1752575667  
3 
3 
3 
3 
1  95 324564020  
1  83 659662532  
3 
2  51 
1  116 1216213650  
2  71 
2  140 
2  14 
2  21 
2  100 
3 
3 
2  89 
1  1 1574433920  
2  56 
1  102 550059780  
2  51 
1  8 1471269864  
3 
2  7 
3 
3 
2  39 
3 
1  6 300705279  
2  140 
2  7 
2  28 
3 
3 
1  101 2989260  
2  89 
3 
3 
2  23 
3 
1  18 1268371244  
1  89 554766309  
3 
3 
3 
1  9 258938360  
1  15 673525791  
3 
1  94 1375258172  
2  27 
3 
3 
1  139 1726030776  
3 
3 
1  128 679552517  
2  18 
3 
2  23 
2  30 
2  30 
2  27 
2  109 
3 
3 
3 
1  84 672553184  
2  114 
2  84 
1  17 1707204540  
1  8 186612342  
3 
1  130 866864688  
2  19 
2  15 
2  86 
1  22 1384526971  
3 
3 
1  3 374630050  
3 
2  48 
1  47 428028436  
2  3 
3 
2  1 
1  50 1402439790  
1  8 863217427  
1  109 1210985468  
3 
2  14 
1  128 532167206  
1  97 1761283765  
2  18 
2  6 
2  52 
2  21 
1  9 277160688  
2  4 
3 
2  20 
3 
3 
3 
2  6 
2  30 
2  15 
1  55 215773525  
3 
2  22 
3 
2  2 
2  19 
1  73 779118304  
2  20 
2  5 
3 
3 
3 
1  107 2029736355  
2  103 
1  20 540337545  
1  17 1438780836  
2  6 
3 
2  9 
1  56 1098466357  
3 
2  1 
2  77 
2  34 
1  7 2114771465  
2  50 
1  57 1988840617  
3 
2  54 
1  94 422252574  
2  11 
3 
1  39 267993097  
1  100 1991829877  
1  43 1690623818  
1  27 822759406  
2  20 
1  11 103284590  
2  4 
3 
2  10 
1  82 216665961  
1  14 50533930  
3 
3 
3 
3 
2  4 
2  53 
3 
1  0 1829315366  
2  73 
2  20 
3 
3 
2  96 
3 
2  6 
2  64 
1  24 896218478  
3 
2  59 
1  17 723087115  
1  31 1389036258  
3 
1  87 1082830820  
1  66 1589951803  
2  26 
2  2 
3 
1  77 626079581  
2  55 
1  3 1457460871  
3 
2  15 
2  9 
2  3 
2  44 
3 
1  5 2017980239  
3 
3 
1  53 2028519371  
3 
1  12 173194650  
3 
3 
3 
2  15 
3 
1  0 1081482059  
3 
2  9 
3 
2  6 
2  16 
1  93 413202929  
2  6 
3 
3 
1  12 1934478415  
2  41 
1  14 1358642747  
1  79 628976454  
3 
2  64 
1  6 566113071  
1  8 1240895455  
2  117 
1  0 1169314000  
1  111 2004893908  
2  24 
2  76 
2  8 
1  30 191878164  
3 
2  13 
3 
1  43 1136601817  
2  94 
2  8 
3 
1  46 1846250877  
2  10 
1  13 614130738  
3 
1  108 1404594914  
2  0 
1  0 1690597106  
1  101 157270908  
2  6 
1  22 79870672  
1  10 1793881696  
2  15 
1  10 373936870  
3 
1  11 130404603  
2  0 
1  4 1475713414  
3 
3 
1  8 1270155348  
2  7 
2  11 
1  68 853491718  
3 
3 
2  74 
3 
3 
1  3 717266025  
2  116 
3 
2  110 
3 
1  88 205502521  
1  16 295959873  
1  5 1343345606  
1  102 1662963392  
1  72 166456464  
1  17 1224381330  
1  5 1836158042  
1  90 1247938523  
3 
2  18 
2  3 
2  18 
3 
3 
3 
3 
1  64 1637584259  
2  52 
3 
1  16 1623152810  
2  111 
3 
2  108 
3 
3 
3 
1  51 459097622  
1  1 119077066  
3 
2  113 
1  46 41782233  
1  8 1699993077  
1  24 1288391066  
2  12 
2  53 
2  47 
1  10 2046676141  
1  12 1891871242  
1  63 277509235  
2  22 
3 
2  66 
3 
2  0 
3 
2  4 
2  20 
2  2 
2  119 
2  56 
2  4 
1  33 1745443370  
1  49 358518332  
3 
2  70 
2  28 
2  11 
3 
1  12 1682104150  
3 
2  90 
1  113 1288556829  
3 
3 
2  7 
3 
2  109 
2  9 
1  58 515789241  
2  103 
2  6 
3 
2  87 
1  0 1761974822  
2  10 
2  15 
1  86 934954877  
1  18 889726111  
1  37 1892379425  
1  23 263184644  
2  20 
3 
3 
1  3 12397811  
2  67 
2  0 
1  10 598387495  
3 
1  8 980450669  
1  0 217900332  
3 
2  13 
2  8 
2  90 
3 
2  110 
1  14 894347368  
2  15 
3 
3 
1  90 176312627  
2  26 
3 
2  1 
1  2 1880863724  
1  6 1060803832  
3 
1  6 1400693957  
3 
3 
2  34 
3 
2  44 
2  2 
3 
2  13 
2  0 
3 
1  3 1569538119  
2  3 
2  7 
3 
3 
2  1 
3 
1  0 161258707  
1  6 890794569  
3 
3 
2  49 
2  95 
1  58 1045207281  
1  4 620356330  
3 
1  86 1009871635  
1  0 1086989514  
2  9 
3 
1  115 172865759  
2  72 
1  72 150779053  
1  14 986182008  
2  0 
3 
1  33 2064737001  
2  39 
2  14 
3 
2  7 
1  13 428288288  
2  109 
3 
3 
3 
3 
1  50 584141730  
3 
3 
2  13 
2  111 
2  96 
3 
1  8 275771686  
3 
2  3 
1  93 2110392438  
1  10 1872698559  
1  0 791560927  
1  59 1724883613  
1  8 660169789  
1  5 1681287038  
2  111 
2  13 
3 
1  97 1469779390  
1  99 923354433  
3 
1  13 1693684849  
1  1 2068166886  
2  13 
1  10 1903805102  
2  15 
1  97 1911585182  
3 
2  4 
1  5 815030606  
2  0 
2  0 
2  4 
1  10 2080117729  
1  75 1644965258  
2  14 
2  11 
1  47 1875834439  
1  10 1333328039  
1  0 1067019729  
2  9 
2  14 
1  3 2037093146  
1  98 76638960  
3 
2  38 
3 
1  5 2112227010  
1  10 509965828  
1  102 1086510595  
2  71 
1  10 1051732877  
3 
1  40 682831588  
3 
3 
1  40 1237289648  
3 
3 
2  0 
3 
3 
1  1 2037914885  
2  66 
1  0 600084941  
1  6 1665577936  
3 
1  19 474572967  
3 
3 
3 
3 
3 
3 
1  82 875856627  
1  91 1628486727  
3 
3 
3 
