2  0 
3 
3 
2  0 
3 
3 
3 
1  0 491413954  
1  79 987698418  
1  0 1198878809  
3 
1  1 495764910  
3 
2  1 
1  97 1044586807  
3 
3 
1  77 346312045  
2  0 
3 
1  75 1799847503  
1  0 949346887  
1  70 2143156790  
3 
2  20 
3 
2  77 
2  0 
3 
1  0 1722444661  
2  1 
1  95 1657212590  
3 
3 
2  0 
3 
2  0 
1  62 1325397849  
3 
1  27 70159514  
1  34 1239251  
1  0 1405103650  
1  29 861871538  
2  79 
2  51 
3 
1  0 1608638624  
3 
2  92 
1  8 2108280683  
3 
1  15 626372809  
3 
3 
2  55 
3 
1  1 1560380748  
1  94 31701445  
2  92 
1  28 1079370490  
2  55 
1  64 1991765267  
1  0 697398808  
1  3 1832654768  
3 
2  0 
2  7 
1  2 1912051451  
3 
2  4 
3 
3 
1  2 1069433614  
3 
3 
1  71 1822703466  
3 
1  84 1174186140  
2  3 
3 
3 
1  0 121482899  
1  2 14036970  
2  48 
2  0 
3 
2  3 
3 
1  42 1665600094  
2  27 
2  33 
3 
3 
1  3 1109181317  
2  51 
3 
1  4 1212915780  
1  0 13881356  
3 
3 
1  35 6284477  
3 
2  5 
2  21 
3 
2  5 
2  2 
2  30 
3 
3 
2  1 
1  0 1559227825  
2  24 
2  69 
3 
2  28 
3 
1  11 1813728859  
3 
3 
2  2 
2  39 
2  1 
3 
1  23 955631364  
1  1 1554900967  
3 
2  27 
1  44 1388689872  
3 
1  2 465360306  
1  3 732815168  
1  0 1458849387  
1  5 466599558  
3 
3 
2  4 
1  21 2137918818  
2  1 
1  4 173237277  
1  5 2075238182  
2  1 
3 
3 
1  0 2098715853  
2  3 
2  32 
3 
3 
2  25 
2  80 
3 
2  0 
3 
3 
1  24 799610086  
3 
2  90 
2  55 
2  56 
2  0 
2  96 
3 
3 
2  70 
3 
2  1 
1  1 1488135282  
2  55 
3 
1  3 2130417298  
1  0 1878980577  
2  5 
3 
1  4 1332416901  
1  43 680332458  
1  3 1564151697  
1  0 1096984705  
3 
2  0 
2  36 
1  62 1749766073  
3 
2  1 
1  26 1239371516  
2  102 
1  5 123687197  
3 
2  13 
1  5 1871248972  
2  17 
2  31 
1  3 1253408486  
1  4 1789287291  
2  0 
2  4 
2  40 
3 
1  93 832946641  
1  0 318840618  
1  95 1803168648  
1  2 839231118  
2  4 
1  35 1878068444  
2  95 
2  63 
2  7 
2  5 
1  13 1469413859  
1  77 1794862482  
2  58 
2  5 
1  1 1285485763  
1  95 710620084  
2  2 
2  4 
1  0 112739141  
2  2 
1  4 2018300932  
1  3 21985823  
1  94 579338699  
2  88 
1  4 2008736102  
2  2 
1  1 195223100  
3 
1  0 507093233  
3 
3 
3 
3 
1  49 1959968308  
2  22 
2  93 
2  35 
3 
1  57 994833187  
3 
1  0 1995228515  
3 
1  2 1942901958  
2  0 
2  98 
1  98 726330116  
2  5 
1  0 1180161769  
3 
3 
3 
3 
3 
2  8 
3 
2  2 
2  93 
1  7 475750769  
3 
1  97 142998165  
2  51 
2  3 
2  98 
1  1 129662826  
2  3 
1  7 78033194  
3 
3 
2  78 
3 
2  28 
1  66 1382369681  
3 
2  3 
2  9 
1  82 253350023  
1  3 1949282166  
2  58 
1  1 488294520  
1  11 2042637314  
2  5 
1  0 634745159  
1  2 807135138  
3 
2  16 
3 
2  68 
1  1 1698322314  
1  2 1473976278  
1  5 537719934  
1  4 1020252526  
1  60 1121355112  
1  15 1823205698  
2  25 
1  51 1730872610  
1  24 1234094253  
2  11 
1  50 1694022982  
1  3 1752858433  
2  95 
1  30 1813432952  
1  7 1555275436  
3 
3 
3 
2  1 
1  4 1948081533  
2  85 
2  11 
1  8 173042537  
3 
2  9 
2  1 
1  14 1367760096  
3 
1  14 795431072  
1  46 20787405  
1  56 1163178407  
1  109 1521761188  
3 
1  95 1200949174  
2  15 
1  14 1638929176  
3 
3 
2  0 
3 
1  23 1664759354  
2  7 
1  13 1330612000  
2  14 
2  9 
2  0 
2  1 
1  11 1716962370  
1  105 899645387  
1  9 1583962023  
1  19 1518760888  
2  15 
3 
1  36 1387939907  
2  2 
2  8 
3 
3 
3 
1  9 1479115689  
3 
3 
3 
3 
3 
3 
1  102 6022399  
1  86 47591398  
1  8 1029954356  
3 
3 
2  3 
1  6 1479998677  
1  11 585311332  
3 
2  11 
1  10 2050206882  
3 
1  7 453870142  
3 
2  0 
1  57 261033382  
2  15 
2  62 
2  5 
3 
1  38 1633595844  
2  106 
2  63 
1  6 1687964395  
2  9 
2  60 
1  12 1955056364  
2  9 
1  2 1238970629  
1  13 1353913700  
3 
3 
3 
3 
1  1 1362848153  
1  8 1039568514  
1  81 1526956237  
3 
1  45 583124601  
3 
1  51 1834999587  
2  11 
1  99 1547743642  
2  6 
3 
2  82 
1  85 1746303008  
2  102 
2  8 
2  8 
1  65 1209277127  
1  64 601209168  
1  45 1237748536  
2  50 
3 
3 
2  26 
2  6 
3 
2  11 
3 
3 
2  8 
1  90 726552833  
2  85 
1  56 1931821168  
1  5 807227258  
1  23 1626198221  
1  39 1368299543  
1  111 178504498  
2  9 
2  83 
1  47 866654480  
1  22 699931585  
3 
2  80 
3 
2  104 
3 
3 
3 
3 
1  106 184526898  
3 
3 
1  6 914245878  
1  24 1729885941  
1  0 1664525575  
3 
2  26 
2  107 
1  64 1499557211  
3 
2  4 
3 
3 
2  6 
2  70 
3 
3 
1  13 1632609175  
3 
3 
3 
1  10 2118395717  
2  7 
3 
3 
3 
2  1 
3 
3 
2  28 
2  5 
1  35 1760590593  
3 
2  38 
3 
1  10 1118721371  
1  1 1658876465  
1  8 1568163310  
1  8 210208352  
1  29 865306517  
3 
1  8 783527815  
2  6 
1  4 1249776866  
3 
2  31 
2  9 
3 
3 
2  4 
1  3 244779106  
3 
2  3 
3 
2  2 
1  58 1366652416  
3 
3 
2  79 
1  6 937292805  
3 
1  27 1792522749  
2  3 
2  65 
1  2 965471777  
1  6 2146569933  
3 
2  1 
1  46 246248269  
1  0 55736665  
1  109 725639118  
3 
1  73 30585790  
2  9 
2  54 
2  93 
1  0 862963924  
2  11 
2  10 
3 
3 
1  0 204353691  
2  72 
2  1 
2  1 
3 
1  23 1398885333  
1  2 1041468422  
2  9 
3 
1  50 1071008172  
3 
2  59 
3 
1  58 2098816918  
3 
1  2 1225995320  
3 
2  3 
3 
1  1 1985254050  
3 
3 
3 
1  45 1681219211  
2  0 
3 
3 
1  90 743037248  
2  2 
3 
3 
3 
1  6 1337327613  
3 
2  0 
2  10 
2  44 
1  3 1166344738  
1  38 713949317  
1  6 950434559  
3 
2  6 
3 
2  7 
1  87 137582461  
1  22 225342134  
3 
1  5 371114221  
1  90 347790813  
3 
2  5 
1  19 1090648651  
2  3 
2  1 
2  4 
3 
1  3 1154642036  
3 
2  105 
2  4 
1  71 1597567680  
3 
3 
1  60 1335427758  
2  3 
2  1 
2  2 
1  1 373810804  
2  2 
3 
1  96 387376837  
1  0 980466859  
2  75 
2  2 
2  88 
3 
1  0 1339282581  
2  1 
3 
3 
3 
1  59 386463122  
1  17 1226715128  
3 
2  1 
1  0 1395019247  
2  10 
1  1 1112102241  
1  0 1257300918  
3 
3 
1  50 110499523  
2  1 
2  101 
2  1 
3 
1  72 1316455932  
2  0 
3 
2  0 
1  37 508702604  
3 
1  0 1151967945  
2  90 
2  50 
2  86 
3 
2  0 
3 
3 
3 
3 
2  0 
3 
2  0 
3 
2  0 
3 
1  69 239980456  
2  37 
2  53 
2  18 
2  0 
1  46 460035874  
3 
1  0 230479618  
2  13 
1  0 77750859  
3 
1  1 2141255086  
3 
3 
1  0 973516866  
2  1 
2  31 
3 
2  20 
1  2 1415078472  
2  46 
1  30 1160116176  
2  3 
2  21 
2  0 
2  77 
2  48 
2  52 
3 
1  29 1687466183  
2  7 
2  1 
2  86 
1  67 218029383  
2  23 
2  61 
1  0 1297698638  
3 
2  0 
1  13 1912808318  
2  91 
1  0 589143604  
1  0 1645489451  
3 
3 
2  89 
3 
3 
3 
2  1 
1  29 855973321  
3 
3 
1  79 1743785640  
2  0 
1  0 1095573483  
3 
2  1 
3 
3 
3 
1  0 43917431  
2  29 
3 
2  6 
1  1 2117596445  
1  0 1482950321  
2  85 
2  0 
2  1 
2  59 
3 
1  1 1024384290  
1  2 1309395378  
1  0 1869413443  
2  2 
3 
3 
1  3 103615771  
3 
2  49 
3 
1  104 556930977  
1  1 834032036  
2  22 
1  3 1360916689  
3 
3 
1  17 667430500  
1  67 3004321  
3 
3 
1  6 1869619293  
1  3 1819398446  
1  14 242984777  
2  2 
2  69 
1  95 182171520  
1  32 2049878064  
2  63 
2  106 
2  84 
1  21 320735636  
1  51 175942958  
1  57 875911282  
3 
2  65 
3 
2  7 
2  48 
1  64 1735814109  
1  5 1336059134  
3 
2  3 
1  5 415893817  
2  58 
2  79 
3 
3 
3 
1  69 1953843492  
3 
2  7 
3 
3 
1  1 486274124  
3 
2  2 
1  0 181218487  
2  6 
3 
3 
2  46 
1  0 395503449  
3 
2  6 
2  37 
3 
1  33 2131763576  
1  71 1037191809  
1  1 2139289089  
2  51 
2  84 
3 
3 
3 
3 
1  73 1079853411  
1  3 1081109240  
2  5 
2  91 
2  34 
2  16 
3 
2  82 
3 
2  2 
2  1 
1  105 2109401886  
1  35 415320084  
3 
1  25 2105493531  
3 
1  20 1271313617  
2  31 
3 
1  60 137249880  
1  46 61625654  
2  9 
2  2 
2  85 
2  86 
1  32 1828244594  
1  67 971281916  
2  3 
1  60 1422542343  
3 
1  0 348191447  
2  22 
1  99 974286237  
1  0 1144677989  
1  55 20106245  
1  11 1217271015  
3 
3 
1  6 1326849509  
3 
2  66 
3 
1  5 2069984309  
1  83 1538006651  
3 
2  6 
3 
1  6 1502792467  
2  72 
2  56 
2  15 
2  7 
3 
2  6 
2  62 
3 
1  4 798411943  
2  45 
1  92 1126337112  
3 
1  63 691367953  
1  6 1214305760  
2  41 
1  4 932696957  
2  88 
2  85 
3 
3 
2  6 
2  102 
2  2 
2  28 
2  32 
2  50 
3 
1  29 1177642078  
3 
3 
3 
1  102 1395524248  
2  97 
3 
3 
1  6 1328200406  
3 
3 
2  0 
1  43 1161922006  
2  62 
2  70 
2  6 
2  4 
2  78 
1  12 285232409  
3 
3 
1  102 1320005847  
2  1 
2  1 
1  1 94291769  
1  1 1366341649  
2  3 
3 
1  72 1281924086  
1  101 509611854  
3 
3 
1  40 1324351532  
1  1 405754055  
3 
1  3 646861734  
2  5 
2  3 
2  2 
3 
3 
3 
2  88 
3 
1  21 1385977186  
1  1 86515001  
2  2 
3 
2  0 
2  98 
1  1 1618143650  
2  0 
3 
2  71 
1  34 661035882  
1  32 434706448  
1  71 444946240  
3 
3 
2  1 
1  0 1805713871  
2  90 
2  1 
2  8 
3 
2  0 
3 
3 
3 
2  0 
2  19 
3 
3 
3 
3 
3 
1  0 454812693  
2  91 
3 
3 
3 
3 
1  62 1662217255  
3 
1  0 985079732  
3 
3 
2  1 
2  0 
1  69 377313354  
2  0 
1  6 1052740258  
3 
1  71 340388551  
2  0 
2  0 
3 
2  21 
3 
1  0 1175725297  
2  10 
2  0 
1  0 31593723  
1  8 1031756504  
3 
1  0 242547410  
2  61 
2  1 
1  0 964290680  
3 
1  0 61914934  
2  1 
1  79 1638071658  
2  0 
3 
2  48 
3 
1  0 145007438  
2  82 
2  102 
2  0 
1  33 1223836940  
1  8 1923304067  
2  51 
1  37 1465013285  
2  16 
2  74 
2  84 
3 
3 
2  0 
3 
2  0 
2  78 
2  57 
3 
3 
1  86 1318128710  
3 
3 
2  0 
1  48 1142162068  
1  70 599453723  
1  95 1827740564  
1  0 319029953  
2  95 
3 
1  0 1005207778  
3 
3 
2  80 
3 
3 
1  12 327118650  
1  0 1705007139  
2  0 
2  1 
3 
3 
2  0 
2  0 
2  1 
3 
3 
3 
3 
2  0 
3 
1  30 1091722780  
1  0 1945262300  
3 
2  9 
3 
1  0 218559373  
1  41 1526429228  
2  27 
3 
2  33 
3 
3 
3 
3 
1  59 242724892  
2  3 
3 
2  0 
2  0 
2  0 
2  46 
3 
2  53 
3 
3 
3 
3 
2  0 
2  50 
3 
1  0 2024273244  
3 
1  0 1981241922  
3 
1  17 1904942147  
2  1 
1  51 861869328  
3 
2  43 
2  0 
1  0 211071628  
2  0 
3 
2  52 
3 
3 
1  0 810198758  
2  0 
1  0 1202257879  
1  41 1386796926  
2  59 
1  0 841792481  
3 
3 
1  1 86530736  
3 
3 
3 
1  2 1629344336  
2  82 
3 
2  3 
1  2 1806083161  
3 
1  3 148445670  
3 
2  78 
3 
2  27 
3 
2  0 
1  2 1119932346  
2  96 
2  4 
2  16 
2  0 
1  1 1951090599  
3 
2  46 
3 
1  1 1372282611  
2  1 
2  19 
1  98 895752765  
2  74 
2  2 
3 
2  2 
1  0 1268620236  
3 
2  55 
2  1 
3 
2  1 
2  0 
1  45 542927673  
3 
1  0 2037914833  
1  0 1868073960  
1  0 223184589  
2  38 
1  1 209461138  
1  3 725798090  
1  3 550303239  
1  2 1914468278  
2  2 
3 
1  45 1817520870  
3 
2  38 
2  104 
3 
3 
1  93 348081891  
3 
1  3 2133027651  
1  48 1196466451  
2  107 
3 
1  78 590806784  
1  2 2009817248  
3 
1  77 1030224725  
2  6 
3 
1  4 348265283  
1  45 724202928  
1  24 1241296353  
3 
3 
2  4 
1  48 1158464041  
2  1 
2  34 
2  37 
2  2 
2  3 
2  1 
3 
1  2 1926460808  
2  1 
1  0 480609631  
3 
1  3 2000256522  
3 
3 
3 
2  3 
1  2 2012991544  
3 
3 
1  0 2109953967  
3 
1  4 1658856035  
2  98 
1  27 13953566  
2  1 
3 
2  89 
2  1 
2  16 
2  48 
1  1 1082402665  
1  99 1462462986  
3 
3 
1  58 1386236177  
1  5 1978155430  
1  0 583599575  
1  2 1929163850  
3 
3 
2  8 
1  2 1868586616  
3 
1  7 304189887  
1  0 4864791  
1  8 2078047754  
1  5 1029987977  
3 
3 
3 
1  2 555168030  
3 
1  10 1845032384  
1  30 700025200  
3 
3 
1  6 903249922  
1  49 1830576388  
3 
3 
1  2 1896491651  
2  8 
3 
3 
1  11 1494056706  
1  7 1692909988  
3 
1  46 779232728  
2  4 
3 
3 
1  7 1842321989  
2  11 
3 
1  54 269629268  
1  5 2020529081  
3 
1  27 853302383  
1  11 48606428  
2  84 
2  108 
2  9 
3 
1  1 353655065  
2  109 
2  80 
3 
2  48 
2  15 
2  5 
1  93 706075257  
2  6 
1  5 2061597972  
1  114 316125384  
3 
2  9 
2  44 
3 
3 
1  2 217447645  
2  0 
1  97 2075551539  
1  31 1398528050  
1  86 1679910631  
3 
1  14 1314304068  
3 
1  106 1229199832  
3 
2  5 
1  23 116026558  
2  11 
2  51 
2  16 
2  22 
3 
1  68 1095984271  
3 
1  95 950302800  
1  89 420216445  
1  83 1100849062  
1  17 880866907  
3 
1  10 1450204423  
1  41 1656017093  
2  3 
1  6 578415643  
2  56 
3 
2  28 
3 
3 
1  12 2745975  
1  88 411783367  
3 
3 
2  115 
2  102 
2  32 
3 
2  11 
2  9 
3 
2  67 
1  9 261508383  
2  14 
2  92 
3 
1  33 1899237626  
1  4 1905840073  
2  2 
3 
1  23 1954418371  
2  12 
3 
3 
1  39 530986706  
2  66 
3 
3 
3 
1  9 1600678414  
1  7 76563992  
2  2 
1  7 404032139  
3 
1  7 306497149  
3 
2  17 
1  2 125170420  
2  6 
1  57 757687204  
2  31 
1  34 1012572407  
1  18 39284745  
2  7 
1  73 1073812589  
3 
2  97 
1  5 1230020052  
3 
2  94 
1  56 2114836284  
2  9 
3 
2  5 
1  86 324856991  
3 
3 
3 
3 
2  85 
3 
2  37 
3 
3 
3 
3 
1  12 762447035  
3 
1  2 1281656704  
3 
1  83 1554056823  
3 
3 
2  66 
3 
2  0 
1  37 878473594  
3 
2  105 
3 
2  89 
2  48 
1  0 230157327  
3 
1  4 356875976  
1  89 1298690039  
3 
3 
2  32 
1  15 1331006390  
2  21 
3 
1  4 1237742883  
3 
3 
3 
3 
3 
1  14 601410814  
1  1 839539835  
3 
1  92 1816158526  
3 
2  79 
2  6 
3 
1  13 604156789  
1  72 1251323202  
3 
1  17 2077666910  
1  5 355910767  
3 
3 
1  11 1009679627  
1  123 1884601633  
2  15 
3 
3 
2  21 
1  0 886897473  
2  108 
3 
2  21 
2  0 
2  2 
1  19 462874393  
3 
2  20 
2  75 
1  4 1961165625  
2  104 
3 
2  107 
3 
1  26 1290929613  
2  76 
2  119 
1  88 769371543  
3 
2  34 
1  109 2086336046  
2  1 
1  71 2048616817  
2  57 
3 
1  19 1781943950  
3 
3 
3 
2  111 
3 
1  18 2125620791  
2  22 
3 
1  12 974945758  
3 
2  15 
2  5 
3 
2  119 
3 
2  9 
3 
1  1 864480354  
1  29 2092973427  
2  4 
1  15 1299802749  
3 
2  41 
3 
3 
2  92 
2  19 
1  12 1626927389  
2  17 
3 
1  9 1227146483  
3 
1  9 706375925  
1  56 357917335  
3 
3 
3 
3 
2  15 
3 
1  0 1457303811  
2  56 
1  120 1063251901  
1  11 1656607375  
2  17 
3 
2  15 
3 
3 
3 
3 
1  27 640826553  
3 
1  82 153511136  
2  13 
2  28 
2  118 
3 
2  14 
2  3 
2  14 
2  74 
3 
3 
3 
3 
2  47 
3 
3 
3 
3 
3 
2  96 
2  116 
2  59 
1  5 110534541  
2  8 
2  30 
2  0 
1  62 1480366388  
2  79 
1  32 1969669662  
1  87 714691331  
1  88 584205942  
2  71 
3 
3 
1  40 1899852924  
1  0 1070602098  
3 
1  91 1593885569  
2  7 
3 
1  14 1636970910  
1  102 1957499572  
2  8 
1  36 2056759962  
1  31 1450652887  
1  16 1100945537  
1  4 678647857  
3 
1  87 1389505285  
2  9 
1  62 1002078706  
3 
3 
1  1 313108159  
2  42 
1  54 1367642428  
1  13 1977024465  
1  12 1177588513  
2  49 
3 
2  24 
2  11 
3 
3 
2  8 
3 
2  14 
3 
2  16 
3 
3 
2  3 
1  59 1313132207  
3 
1  0 1129343566  
2  6 
2  68 
1  7 657032255  
3 
2  81 
1  8 392795043  
2  11 
1  2 1835719491  
1  55 1014949590  
2  84 
2  34 
2  6 
3 
1  98 1850098854  
3 
3 
3 
1  12 751487744  
3 
1  1 524073317  
3 
2  105 
2  17 
1  3 343441759  
3 
1  3 904998880  
1  17 634607859  
1  8 1823808147  
2  9 
3 
2  82 
1  81 727184895  
3 
3 
1  15 1349299190  
1  115 260530441  
3 
2  20 
3 
3 
3 
3 
2  44 
3 
3 
2  66 
3 
2  7 
1  6 479554171  
1  22 272417640  
1  90 1854416010  
2  10 
1  2 2116525081  
2  1 
1  90 82433564  
2  9 
1  1 1763692324  
2  0 
1  4 1419694321  
2  5 
1  72 1183379101  
1  6 294856534  
3 
3 
2  5 
2  17 
3 
3 
1  72 661715958  
2  34 
2  2 
3 
1  11 37974160  
2  33 
3 
2  14 
1  41 607964693  
1  8 2029358387  
2  1 
1  50 2014998625  
3 
1  8 1785553207  
2  92 
3 
2  2 
1  72 1195006946  
3 
2  3 
3 
2  6 
3 
2  29 
1  50 996858543  
3 
2  6 
1  7 295101814  
2  70 
1  13 1587801989  
1  0 685094387  
3 
1  32 1310051404  
2  7 
1  14 1290417195  
3 
3 
2  0 
2  53 
2  10 
1  31 1436582131  
1  11 1834124722  
1  58 1633858954  
2  102 
3 
3 
1  11 194097364  
1  7 321248933  
2  85 
3 
2  54 
2  9 
1  74 1310183453  
3 
1  29 921282259  
3 
1  54 1670548123  
1  89 1570713894  
1  2 1400836430  
2  49 
1  67 1942965763  
1  47 1277646256  
3 
3 
3 
2  106 
3 
1  15 1369877864  
3 
1  111 2025399328  
1  11 893854933  
2  0 
3 
2  14 
2  45 
2  55 
2  37 
2  16 
2  84 
1  88 642088537  
1  78 1061294781  
1  14 1188711467  
2  1 
3 
1  4 1303804495  
1  29 1099268941  
2  109 
2  6 
3 
3 
3 
3 
2  10 
3 
2  29 
1  8 1796676160  
1  2 1185679234  
1  10 966783918  
3 
1  3 1434745719  
1  55 233202533  
1  112 1963642462  
2  18 
2  88 
2  44 
3 
1  96 1729847533  
1  72 1821004522  
2  11 
2  14 
3 
3 
2  21 
1  83 501253201  
1  112 892415290  
2  76 
2  0 
1  99 963938070  
2  28 
1  23 1937835332  
1  7 579056364  
3 
1  2 450313376  
2  44 
3 
3 
3 
1  46 2131932696  
3 
3 
1  24 900305297  
1  102 1760496830  
1  49 905731307  
1  5 423369772  
3 
3 
3 
3 
2  15 
3 
2  2 
3 
2  40 
1  67 1183727076  
1  108 159084090  
1  102 218851887  
2  85 
3 
1  95 313889685  
2  6 
2  13 
3 
3 
2  69 
1  85 1528961954  
3 
1  11 96767567  
1  2 1207744618  
1  41 23566843  
1  39 1158062349  
3 
2  92 
3 
3 
3 
2  5 
1  8 248972437  
2  15 
1  47 1327371338  
3 
3 
2  78 
2  8 
1  48 109847642  
2  6 
2  11 
3 
1  29 2045648597  
3 
1  9 365566925  
1  11 1076631561  
2  66 
1  102 1332910669  
3 
1  3 598769458  
3 
3 
3 
1  5 892790375  
1  69 915274554  
2  3 
2  115 
1  4 272290332  
2  53 
1  112 1394043576  
2  8 
2  72 
1  114 1807689844  
2  14 
2  61 
3 
1  86 1236228402  
2  7 
1  0 1184395260  
1  59 239262560  
3 
2  83 
1  12 1686541779  
1  15 1168844309  
1  26 1139567857  
2  32 
2  6 
1  110 1299554961  
3 
1  3 2074575616  
2  12 
2  73 
3 
3 
1  113 1562937629  
2  2 
3 
3 
2  5 
3 
2  0 
1  6 335798389  
3 
1  9 86176058  
1  58 1781789517  
3 
1  85 649688074  
3 
2  7 
2  6 
2  108 
3 
2  4 
2  65 
3 
2  72 
3 
3 
3 
1  105 1615138012  
2  8 
3 
2  8 
1  59 1878557084  
3 
1  106 1857432692  
1  5 1638704855  
2  9 
1  81 889135785  
2  30 
2  1 
1  3 2106405129  
2  2 
1  2 818592546  
1  3 998983428  
1  71 2004570079  
1  2 1184159471  
2  91 
3 
2  17 
1  29 2075614989  
1  5 1189997100  
3 
3 
1  8 1782928929  
3 
3 
2  29 
3 
3 
1  0 820921716  
2  102 
3 
3 
1  6 2105271654  
1  81 2055219261  
3 
3 
2  2 
1  75 67481644  
2  8 
2  87 
1  10 1765477851  
3 
2  4 
1  20 1143964016  
2  7 
3 
2  4 
3 
2  47 
1  87 1251876904  
2  8 
2  8 
2  81 
3 
3 
3 
3 
2  2 
2  5 
3 
2  4 
1  43 2004740411  
2  67 
3 
1  13 683022147  
3 
2  3 
2  1 
3 
2  2 
2  50 
3 
3 
3 
1  0 273237565  
1  63 996824621  
2  6 
1  3 1982577108  
2  6 
2  90 
1  0 200329534  
2  29 
2  2 
3 
3 
2  4 
1  95 412278602  
1  3 170891849  
1  3 286505592  
1  89 46584471  
3 
3 
3 
1  5 820579924  
3 
3 
3 
1  1 1901643605  
3 
3 
3 
1  2 1925141556  
3 
3 
3 
1  19 530528968  
2  42 
3 
1  58 1392864812  
1  70 666793693  
2  6 
3 
1  2 489450450  
3 
3 
1  100 63973710  
1  3 1665777121  
2  7 
2  8 
3 
2  1 
1  5 346536881  
3 
3 
2  85 
1  30 1248133181  
1  58 1593908462  
3 
1  0 1536533981  
1  31 883578462  
1  56 267346530  
2  97 
1  2 1494321987  
2  25 
1  14 791314076  
2  6 
1  5 334828174  
1  8 1112316190  
2  58 
1  2 1935278092  
1  8 1586705079  
3 
3 
2  67 
1  11 969572954  
1  76 470816591  
1  44 1859942644  
3 
1  55 1966397575  
3 
3 
3 
1  60 305910051  
1  57 2060272178  
2  16 
1  16 231192529  
1  7 476801900  
1  4 199294123  
3 
1  9 277777001  
1  116 1297381824  
1  9 2100937728  
1  84 55434909  
1  49 1827910793  
1  5 1346318892  
2  41 
2  15 
2  13 
1  15 722228602  
2  115 
2  7 
2  20 
1  93 169877595  
3 
3 
3 
2  7 
2  14 
3 
3 
2  53 
2  0 
3 
1  12 1410292603  
2  0 
1  34 240522076  
3 
1  92 516414476  
1  62 510942136  
3 
1  59 1834430538  
2  36 
2  12 
2  57 
2  4 
1  3 2052948457  
3 
3 
2  2 
2  109 
2  105 
3 
3 
3 
2  10 
3 
2  31 
2  4 
1  36 1394520599  
3 
2  54 
2  56 
2  14 
2  70 
2  8 
1  6 2101777069  
2  8 
1  0 1399786796  
2  5 
2  7 
1  2 38351027  
1  33 289121595  
2  7 
2  53 
3 
2  43 
1  2 364619339  
1  1 1973629119  
1  9 1875826674  
3 
3 
3 
2  45 
2  90 
2  6 
1  96 1334192293  
1  10 296962062  
2  5 
1  3 1588285671  
2  6 
3 
2  5 
3 
1  0 1153106220  
3 
3 
2  1 
3 
2  6 
3 
3 
2  2 
1  37 602872113  
3 
1  4 1501074201  
1  1 1384298749  
1  25 1079674013  
3 
1  17 1700368324  
1  104 1662075750  
3 
2  34 
1  13 229572190  
2  53 
2  92 
2  2 
1  75 1653822404  
1  5 1717510659  
1  102 2057482983  
1  0 852657649  
3 
1  46 292255614  
2  9 
2  2 
3 
1  7 79876930  
2  4 
2  2 
1  0 115466604  
1  0 532777690  
1  5 596291406  
2  2 
1  7 626408740  
2  4 
1  104 219724580  
2  22 
2  86 
2  2 
1  5 501756215  
1  6 2020929339  
3 
3 
3 
1  42 174018001  
1  72 1901543011  
1  62 2059280366  
1  43 463139597  
2  4 
2  93 
2  2 
1  4 118678702  
1  3 1885425837  
2  2 
3 
1  8 191482623  
1  80 1452870995  
2  88 
2  5 
1  96 34904251  
2  25 
2  19 
3 
1  83 1779768294  
1  5 458493567  
1  1 637776364  
1  60 1133358848  
3 
1  5 1842792317  
2  6 
3 
2  77 
2  27 
3 
3 
2  7 
2  7 
1  4 1717450378  
3 
3 
3 
3 
3 
2  1 
3 
2  13 
1  18 686243524  
2  3 
1  0 1357384419  
3 
1  3 1947022568  
3 
1  21 192582281  
1  7 927411431  
1  5 1857021903  
1  7 1045239930  
3 
2  6 
2  55 
3 
1  100 1219667045  
3 
1  81 1936898833  
3 
2  23 
2  3 
2  78 
1  8 1160706534  
3 
1  9 1752444735  
1  28 385706591  
3 
3 
2  10 
2  3 
3 
1  39 1787115274  
1  66 1972169315  
1  5 887462806  
3 
1  53 1660560966  
1  6 2146187317  
3 
3 
3 
2  5 
1  64 641522169  
1  0 1572357684  
2  5 
3 
1  75 461843266  
2  4 
3 
3 
3 
3 
2  7 
1  104 760200872  
1  95 1310299874  
1  15 653325889  
2  20 
3 
3 
2  21 
2  0 
1  15 65588219  
3 
3 
2  7 
2  5 
2  54 
3 
3 
1  6 1345204125  
1  3 285610536  
3 
3 
2  8 
1  1 524081787  
3 
3 
2  4 
1  3 1982980490  
1  6 1418969384  
1  101 219390456  
3 
1  8 1552947220  
3 
3 
2  0 
1  7 2105212908  
1  71 1576774875  
3 
3 
3 
3 
2  1 
3 
3 
1  4 1352486140  
1  63 150311541  
2  2 
3 
3 
1  7 356702658  
2  40 
3 
3 
1  3 1062024395  
2  66 
3 
2  0 
2  100 
2  1 
3 
1  49 1195551471  
2  51 
2  7 
3 
1  23 1576369703  
1  0 851439580  
2  56 
2  31 
3 
1  24 208774357  
2  3 
3 
2  7 
2  40 
3 
1  65 1181330790  
1  15 1237146171  
1  7 1995889632  
1  0 1006016458  
1  22 2124608977  
3 
2  85 
3 
3 
1  71 1508966950  
3 
1  2 1004720127  
1  4 618647498  
1  78 933840986  
3 
3 
1  74 1466563393  
2  29 
3 
3 
3 
3 
2  7 
3 
2  74 
2  88 
2  10 
1  95 1378848370  
1  3 96657212  
2  31 
2  9 
1  70 2119889282  
1  25 1444436590  
3 
2  76 
1  5 1441861338  
3 
3 
3 
3 
3 
1  2 258016170  
3 
3 
3 
1  6 1968518377  
3 
2  111 
2  2 
1  11 1277358180  
1  104 1676985554  
2  14 
2  68 
1  4 40425185  
2  35 
2  4 
3 
1  10 682821752  
3 
3 
1  94 1634714815  
1  87 1617200060  
3 
3 
1  1 2035307892  
2  12 
3 
1  66 1785026356  
3 
1  8 1973902719  
3 
3 
1  96 949848639  
1  10 833094180  
2  20 
1  20 1402788774  
3 
2  54 
3 
2  39 
2  11 
2  7 
3 
3 
1  33 1801288219  
2  66 
1  5 1041868537  
2  1 
3 
1  38 436635917  
1  3 890950742  
3 
2  9 
1  72 890274521  
2  40 
1  13 1442652375  
2  32 
1  4 868076071  
2  3 
2  57 
2  104 
1  14 251757823  
1  6 299888854  
2  75 
3 
1  37 1486723569  
3 
1  29 1185598810  
1  8 1766452247  
1  14 718088292  
1  45 1282256022  
3 
1  11 1738857881  
1  10 15041234  
3 
3 
2  20 
1  9 576633712  
1  18 1996874052  
2  37 
2  31 
2  20 
1  17 1983559611  
2  14 
2  21 
3 
3 
1  18 1853991892  
2  23 
1  86 1526375958  
3 
2  21 
1  7 2023984796  
2  1 
1  8 389329996  
2  8 
1  112 1013607125  
2  108 
1  20 1493701208  
1  86 277154240  
2  9 
3 
2  8 
3 
3 
1  109 651149834  
1  54 1320120279  
3 
3 
1  3 1227002879  
3 
2  13 
2  106 
3 
1  41 1484244014  
3 
1  86 575425406  
1  15 880807450  
3 
3 
2  15 
2  14 
1  44 378628903  
3 
2  17 
2  69 
2  14 
1  52 1012061323  
3 
1  42 1771758192  
1  48 1268903425  
3 
2  1 
3 
3 
3 
2  3 
2  8 
2  94 
2  8 
2  0 
1  58 307230050  
3 
1  6 492350615  
2  75 
1  21 1520661248  
2  57 
3 
1  1 607118904  
3 
2  35 
3 
2  38 
3 
2  34 
2  9 
2  57 
1  86 1979074185  
3 
2  12 
1  9 558776410  
1  11 226087503  
2  11 
1  7 549678829  
2  5 
3 
2  111 
1  11 1841032433  
1  8 1964945384  
1  12 564720063  
2  112 
1  6 270182497  
2  35 
2  69 
3 
1  59 1814335788  
2  10 
3 
2  0 
2  2 
1  64 400796026  
2  10 
1  33 2124174390  
2  5 
2  0 
3 
2  38 
1  75 1193228099  
3 
2  56 
3 
1  3 277297174  
1  9 366020738  
3 
3 
1  40 59351576  
1  56 1770998382  
3 
3 
1  9 643174979  
1  44 710501410  
1  11 943635014  
3 
2  16 
3 
1  24 1870177858  
1  11 47261776  
2  75 
3 
1  78 1519060420  
2  3 
1  100 603501661  
1  1 425890680  
3 
1  64 383638095  
3 
3 
2  8 
3 
1  6 227776205  
2  13 
2  9 
2  10 
1  79 1694794105  
2  0 
2  6 
2  8 
2  7 
3 
3 
1  7 690868145  
1  4 720126821  
2  14 
2  88 
2  85 
3 
2  85 
2  22 
1  0 1067971705  
1  0 1297987049  
2  41 
1  24 551717358  
3 
1  33 1626748116  
1  2 1524074552  
3 
3 
1  10 1101396187  
3 
1  7 1320296901  
1  8 1341536288  
1  15 1666116250  
1  117 1590479398  
1  15 1008388429  
1  28 2066912276  
3 
1  39 1567170140  
3 
3 
3 
3 
2  99 
3 
1  100 54132880  
2  75 
2  39 
1  14 196725802  
3 
2  13 
2  9 
1  78 1933190879  
2  4 
1  12 113484456  
1  11 1967724184  
1  113 428882210  
3 
3 
3 
3 
3 
3 
1  83 823985867  
2  10 
1  10 763875550  
1  56 151576420  
2  66 
2  11 
2  42 
1  13 871247643  
3 
1  95 135452322  
1  74 755078081  
1  79 1297138323  
1  6 519090417  
2  7 
3 
2  2 
2  113 
3 
1  22 982854287  
1  16 844448780  
1  25 1209958562  
3 
2  96 
1  6 1702981108  
1  6 1912420486  
2  71 
1  4 360461963  
3 
1  20 107214818  
2  9 
1  98 1391684954  
2  27 
1  72 1884536515  
3 
2  54 
3 
3 
1  5 1208611005  
3 
1  116 564498207  
3 
1  20 1078589156  
3 
1  73 727243607  
2  13 
3 
1  9 7493957  
3 
3 
1  53 2086977585  
2  68 
1  23 646672235  
1  22 1574664098  
2  6 
3 
3 
1  17 2141110465  
1  69 843398037  
1  16 1360371329  
1  24 107111273  
3 
1  2 663638573  
2  36 
2  14 
2  32 
3 
3 
3 
1  2 1789253539  
2  125 
2  49 
3 
1  100 931097140  
3 
1  18 1427514124  
1  68 1940829959  
1  67 1802344784  
2  9 
1  2 1562966446  
2  130 
1  11 548424393  
2  52 
2  49 
2  3 
2  3 
2  4 
2  18 
2  56 
2  54 
1  24 951999459  
1  82 2082056864  
2  120 
1  0 1531278680  
3 
3 
1  8 1796448240  
3 
1  18 1144531778  
3 
1  85 1086776140  
1  6 1561385078  
3 
1  87 1504993742  
3 
3 
3 
3 
1  13 1193990958  
3 
1  72 805586384  
3 
3 
2  69 
1  56 1242046609  
1  26 255118315  
1  30 1370084591  
1  87 173152117  
3 
1  61 982361922  
1  130 1377578548  
1  100 112646054  
1  1 1629034157  
3 
3 
2  129 
1  33 804758998  
1  11 106272871  
3 
2  18 
3 
3 
3 
3 
1  1 324948546  
1  47 17646679  
2  11 
2  83 
3 
1  26 213384145  
1  103 988587119  
2  35 
2  51 
3 
2  16 
2  125 
2  3 
2  27 
3 
2  33 
1  125 1806900218  
2  21 
3 
2  15 
1  32 1144481285  
2  126 
3 
2  30 
2  94 
2  76 
2  69 
2  16 
3 
1  20 268617595  
3 
1  112 1600246530  
1  3 799342421  
2  21 
2  0 
3 
3 
1  25 1831584042  
2  65 
2  9 
2  42 
3 
1  23 1187275  
3 
3 
1  83 1751341881  
2  95 
1  111 1766157258  
3 
3 
2  65 
1  24 1532465955  
1  15 1400306473  
2  104 
2  127 
3 
2  20 
3 
1  101 763205388  
3 
2  9 
2  21 
2  5 
2  39 
2  85 
3 
2  90 
2  20 
1  74 471758447  
1  39 814207903  
3 
3 
2  99 
1  15 120715482  
3 
1  13 1665749405  
3 
2  28 
2  3 
1  9 1619794287  
3 
2  0 
2  64 
1  9 1362762092  
3 
1  8 1920867720  
2  86 
1  115 842395230  
1  94 1535914209  
3 
1  70 755745994  
1  18 72490130  
1  89 1648560264  
3 
2  49 
1  29 237296503  
1  29 877249129  
1  96 1754833135  
2  28 
3 
3 
2  121 
3 
2  4 
3 
3 
2  1 
1  29 562245049  
3 
1  26 894895808  
3 
3 
3 
2  41 
3 
1  52 1968217280  
1  22 1550832168  
3 
1  111 554312379  
1  28 965214918  
2  104 
1  30 1819449764  
2  106 
1  10 7075261  
2  60 
3 
3 
1  13 1764557339  
1  103 1503550158  
2  65 
3 
3 
3 
3 
2  4 
1  0 8262536  
1  11 1368415572  
3 
2  75 
1  14 1122223768  
3 
3 
2  46 
2  33 
3 
3 
3 
2  15 
1  65 1540728491  
2  63 
3 
3 
1  44 621238397  
2  15 
1  65 1885429156  
3 
2  22 
3 
2  56 
3 
3 
3 
2  2 
1  22 2012486938  
1  25 1435446300  
2  20 
3 
3 
3 
1  124 2006144639  
3 
3 
1  6 1530752695  
3 
2  114 
2  118 
3 
2  32 
1  8 907756939  
3 
3 
3 
2  110 
1  24 1221423083  
1  122 1304136767  
1  84 1750152169  
3 
3 
1  98 609853644  
1  104 2059882761  
1  19 1822642300  
1  23 110930260  
2  2 
3 
3 
2  85 
1  26 149695616  
3 
1  35 552407781  
3 
1  43 1865763396  
3 
1  5 711940665  
1  21 1447303589  
3 
1  60 1686497028  
1  16 115289185  
2  88 
3 
2  70 
1  21 2001615968  
3 
2  31 
2  120 
3 
1  31 504228298  
3 
3 
2  33 
2  141 
3 
1  93 1934738949  
3 
2  27 
2  86 
1  90 2008691229  
3 
1  17 121301990  
2  94 
2  2 
3 
3 
2  135 
1  8 1290805459  
1  25 2016953765  
2  39 
1  11 1489717562  
2  77 
1  6 265545579  
1  39 1410198608  
1  24 2110955960  
1  146 3491088  
2  75 
2  6 
3 
2  102 
3 
3 
3 
1  36 1275201898  
1  140 1398918612  
1  6 2009635727  
1  42 658470945  
1  11 159191904  
3 
3 
3 
1  76 1083575162  
2  36 
1  116 1962607712  
3 
1  87 1909344073  
2  80 
3 
2  93 
2  29 
2  49 
2  65 
1  106 1693428806  
2  34 
3 
1  14 1875006825  
2  90 
3 
2  11 
2  132 
3 
3 
2  0 
1  116 1584502725  
3 
2  20 
2  99 
1  33 1804359067  
1  90 2024702441  
1  36 2136910506  
2  0 
3 
2  139 
3 
2  26 
1  20 1522638815  
1  41 589159458  
1  105 1436730448  
3 
3 
2  2 
1  47 1061652195  
3 
1  97 704448644  
1  6 1290862768  
1  15 1565880494  
1  22 491703945  
1  123 1152070350  
3 
3 
3 
2  58 
1  44 1687182484  
2  24 
2  17 
3 
3 
2  14 
2  68 
3 
3 
2  118 
2  10 
2  35 
1  100 1782509405  
1  75 1021540467  
3 
1  114 1029416398  
3 
3 
3 
1  101 2048054984  
2  115 
2  0 
3 
3 
3 
3 
1  0 284255428  
3 
1  63 992888710  
2  78 
1  31 2051546072  
1  113 1559457326  
1  10 244323675  
2  44 
3 
1  16 1913698151  
2  16 
1  53 70444624  
1  28 403515579  
3 
3 
1  21 849789665  
2  89 
2  93 
1  55 2033052336  
3 
1  49 165376004  
1  90 395734824  
2  57 
3 
3 
3 
2  122 
1  106 1760575514  
3 
2  58 
1  124 1749878730  
1  140 52610243  
1  66 1637794307  
2  132 
2  9 
1  16 1739305588  
1  6 1575249058  
3 
3 
2  108 
1  78 79470118  
1  13 1028552388  
1  143 489417605  
1  76 783918762  
3 
2  9 
2  22 
1  13 171931509  
1  15 2055298099  
3 
1  69 1275622707  
3 
3 
1  73 1324001859  
3 
3 
1  46 1594996935  
1  39 910648464  
2  124 
3 
2  46 
2  80 
3 
2  34 
1  61 198058678  
3 
3 
1  36 476929686  
3 
3 
2  61 
2  118 
2  17 
3 
2  50 
3 
2  52 
2  97 
1  82 811219801  
2  20 
3 
2  14 
2  23 
1  93 482314106  
1  82 1469818396  
1  50 715282225  
2  1 
1  31 2041771433  
2  106 
1  141 1714142071  
2  13 
2  48 
2  109 
3 
2  43 
2  64 
2  26 
3 
2  87 
2  55 
3 
1  33 481496729  
1  77 2112216057  
3 
2  13 
2  38 
1  75 2117657650  
1  42 1331286394  
1  105 1997784745  
2  41 
2  81 
2  133 
3 
2  5 
1  2 135550007  
2  20 
1  137 1727021218  
3 
3 
3 
3 
1  103 1610876611  
3 
1  83 1885428737  
3 
2  31 
2  99 
1  97 1779631461  
3 
3 
3 
1  119 1101187271  
2  83 
1  48 1477250677  
3 
2  70 
3 
1  7 1207396871  
3 
1  119 1180657389  
1  32 358319418  
1  16 1696814477  
1  16 1964576151  
3 
2  35 
2  113 
3 
1  10 530250927  
2  88 
3 
3 
3 
3 
3 
1  0 1604628928  
1  73 1092715210  
2  52 
3 
1  26 1854252786  
2  17 
2  23 
3 
2  126 
1  52 1052142216  
1  102 2003363675  
2  34 
3 
2  13 
3 
1  14 2052311464  
3 
2  135 
3 
1  101 1529071902  
2  66 
1  28 667099828  
2  24 
2  45 
2  134 
3 
1  39 387141923  
1  34 851406650  
2  40 
3 
3 
3 
3 
2  109 
3 
2  142 
2  121 
1  54 1382382053  
3 
3 
1  69 281429708  
1  29 418065074  
2  30 
2  22 
2  10 
3 
3 
3 
2  16 
2  1 
2  59 
2  132 
3 
3 
3 
3 
2  20 
2  80 
2  46 
1  5 1863878782  
2  67 
1  25 246162117  
3 
3 
1  92 388239076  
1  137 1047681529  
3 
3 
3 
3 
1  75 96463214  
3 
3 
1  48 523789083  
2  78 
2  22 
3 
3 
2  1 
3 
1  24 627219099  
3 
1  39 1707339826  
2  13 
2  139 
2  84 
2  45 
2  56 
1  34 261734172  
1  94 259366913  
3 
3 
2  110 
1  63 661043449  
1  105 1738984850  
3 
3 
2  14 
1  101 1466763784  
2  44 
1  35 1841700838  
2  25 
2  29 
3 
1  52 2097304268  
1  2 1016094613  
3 
3 
1  28 1658793341  
2  65 
1  14 480071547  
1  42 473239894  
1  50 604024903  
1  65 186840685  
2  32 
1  85 1525382110  
1  130 459904930  
1  62 91668501  
2  15 
3 
1  35 906970364  
3 
1  20 1127004758  
3 
2  85 
3 
1  62 478810424  
2  2 
2  2 
1  36 1758377014  
1  38 361903164  
3 
1  93 760240132  
2  135 
2  41 
3 
3 
1  51 28958440  
2  55 
2  67 
1  21 78298298  
3 
1  39 1006402249  
2  19 
3 
3 
3 
1  99 417197517  
1  21 1125979827  
3 
2  123 
1  59 1102865464  
3 
1  45 940986600  
1  5 1753198927  
2  23 
3 
1  80 662721642  
3 
3 
1  114 1202720773  
1  15 2012565840  
1  129 1323765091  
1  76 794221975  
3 
1  100 1331845976  
3 
2  82 
3 
3 
2  24 
3 
2  53 
2  20 
1  6 1017982281  
2  129 
1  39 744042595  
2  109 
1  11 200456942  
1  9 529291974  
2  104 
1  18 1224114142  
1  52 673696836  
2  108 
2  22 
3 
1  138 1133316877  
2  44 
1  102 1410954827  
3 
3 
3 
1  19 51595298  
1  22 1593221808  
1  2 1502623328  
1  146 958565662  
2  27 
2  9 
2  38 
1  3 572742918  
3 
2  8 
1  29 1981433753  
1  34 569459028  
1  26 934646082  
2  55 
2  2 
2  5 
2  78 
3 
2  15 
2  68 
1  137 594190237  
2  16 
1  15 598417469  
1  139 1012944381  
2  45 
1  114 1600592487  
2  16 
2  114 
1  143 1015614986  
1  91 2138924208  
1  42 555974303  
2  144 
3 
3 
2  101 
3 
2  133 
1  1 1956601586  
1  9 1744639487  
2  106 
3 
3 
3 
2  17 
2  12 
2  123 
2  125 
3 
2  145 
3 
2  40 
2  124 
1  7 1218695945  
2  89 
1  28 1011838711  
2  41 
3 
3 
3 
2  10 
1  18 1609721679  
2  63 
1  127 394977388  
1  22 1806060686  
2  32 
2  91 
2  130 
2  68 
2  9 
1  23 794084008  
3 
3 
3 
2  33 
3 
1  72 1412959669  
1  27 402619633  
3 
1  38 994540950  
3 
3 
2  47 
2  10 
2  84 
3 
3 
3 
1  123 1942251643  
1  119 1626733775  
2  132 
3 
3 
1  126 1668237786  
3 
3 
1  10 928084872  
1  130 890204954  
2  89 
1  45 1719833084  
2  28 
3 
1  27 373823032  
3 
3 
3 
2  73 
1  26 245344635  
1  34 530915098  
3 
1  83 946565951  
3 
2  103 
3 
1  115 79294740  
1  32 1100374126  
1  16 1881212033  
1  134 673484977  
1  132 1698791595  
1  23 746672766  
3 
2  41 
3 
2  131 
3 
1  63 126593816  
2  139 
2  34 
1  9 566922933  
1  93 738113327  
3 
2  107 
3 
1  25 682568119  
1  3 376040872  
1  27 335269166  
2  72 
2  66 
3 
2  85 
2  84 
3 
3 
3 
2  10 
1  83 1901264064  
2  8 
1  63 1387879583  
2  141 
1  140 1944990846  
1  4 148757804  
3 
1  33 1046456622  
1  36 591591206  
2  6 
1  17 1561717473  
3 
2  46 
1  10 1449076255  
3 
3 
3 
2  63 
2  50 
3 
3 
1  16 1586132156  
1  53 1356485468  
3 
2  150 
3 
1  125 928326383  
1  93 1106886294  
2  38 
1  85 137086693  
1  91 1818531337  
1  38 679235730  
1  30 510909725  
3 
3 
2  41 
2  104 
3 
3 
2  17 
3 
1  64 2063875972  
1  38 1210150828  
3 
1  139 1457475676  
2  117 
3 
2  29 
1  19 2143170712  
2  87 
2  24 
1  10 163041306  
1  58 1191204062  
2  18 
2  16 
1  5 669172042  
3 
2  49 
3 
1  0 1861832902  
2  94 
1  22 1937876828  
2  98 
3 
1  25 795765858  
3 
2  142 
1  157 281272187  
1  51 528506507  
3 
2  40 
1  135 1478333978  
1  57 657313059  
1  3 863775674  
3 
1  105 1232114394  
2  26 
3 
1  5 2045192643  
1  16 661282872  
1  105 1380872199  
1  124 944165617  
2  14 
3 
3 
2  31 
1  32 1252874078  
2  85 
3 
1  65 795106024  
2  98 
2  127 
1  137 245758224  
3 
2  37 
2  48 
1  137 691522586  
3 
3 
2  128 
1  87 4107845  
3 
2  32 
3 
3 
1  46 1174084607  
3 
2  150 
1  20 1798408880  
3 
3 
2  69 
2  15 
3 
3 
2  50 
1  122 141194538  
1  144 845132297  
2  20 
2  57 
1  18 330160962  
3 
2  31 
3 
1  41 652104263  
1  3 761524621  
1  42 1540311790  
2  106 
3 
2  10 
3 
3 
3 
1  71 2109579940  
1  136 757211686  
1  9 1703353096  
2  70 
2  36 
3 
3 
2  40 
2  107 
3 
1  101 1153300354  
2  6 
1  89 1426383728  
2  138 
1  3 1417702350  
1  152 943693534  
1  136 74665938  
2  63 
3 
1  64 1698974538  
2  65 
3 
2  113 
3 
2  42 
2  0 
3 
3 
2  48 
1  47 1472200042  
3 
1  99 1552999916  
1  127 208803949  
3 
3 
3 
2  152 
2  23 
3 
1  48 188492068  
3 
1  14 637630663  
1  82 106512944  
1  27 849774940  
1  129 2018502862  
3 
1  8 1050678561  
3 
2  126 
3 
1  101 2102649018  
2  22 
1  106 666125238  
3 
3 
3 
2  25 
2  13 
2  152 
2  33 
1  21 1296436786  
3 
1  16 646687956  
1  17 670233083  
3 
3 
3 
1  128 323037745  
1  28 297613188  
2  101 
3 
1  58 811427621  
2  15 
2  153 
2  156 
1  111 1168170042  
3 
1  4 627774150  
3 
1  16 1463531885  
2  142 
3 
2  98 
2  30 
3 
1  118 1929694664  
3 
1  26 20602292  
1  124 1425628177  
1  153 539422702  
2  10 
3 
3 
3 
2  21 
3 
1  122 1723955388  
2  125 
2  11 
3 
1  51 431444883  
3 
1  62 1965806430  
2  8 
1  99 994174091  
1  134 1375138417  
1  54 2040472368  
3 
3 
1  83 545664981  
2  22 
1  114 699854811  
3 
1  98 1445988637  
1  62 754468930  
3 
1  54 888346879  
2  61 
1  51 2083619300  
1  2 860981875  
2  15 
3 
3 
2  29 
2  25 
1  127 1738121819  
3 
3 
2  54 
1  42 1954638514  
3 
3 
3 
2  15 
1  53 1911660436  
3 
3 
2  27 
1  114 1693287189  
2  152 
2  11 
2  81 
1  140 473280104  
2  127 
3 
2  71 
2  147 
2  81 
3 
2  45 
2  63 
3 
3 
3 
1  71 1060613574  
3 
2  108 
2  134 
2  36 
1  98 192491497  
1  88 1143513188  
2  28 
3 
2  23 
3 
2  39 
2  28 
1  1 1383651320  
2  28 
3 
1  121 490104685  
2  15 
2  41 
2  83 
1  21 1954940809  
1  44 404337714  
1  28 1117878835  
1  110 1270989046  
2  94 
2  25 
3 
2  17 
2  54 
3 
3 
2  69 
3 
3 
1  53 186548730  
1  27 1138481127  
1  110 549133575  
3 
2  14 
1  122 725971432  
3 
2  70 
2  11 
2  56 
3 
2  73 
1  39 714952868  
1  22 980578458  
1  37 544294214  
2  43 
3 
3 
1  76 1709126959  
1  103 208233228  
1  85 437282935  
1  121 107308292  
3 
2  97 
3 
1  37 908088039  
1  135 1883271572  
1  64 861777222  
2  31 
2  0 
2  129 
2  137 
3 
3 
1  124 1796434919  
3 
2  44 
1  6 1819407224  
2  23 
3 
1  5 1722759097  
3 
2  79 
2  27 
2  56 
1  73 1387073090  
1  7 1626562090  
2  39 
2  100 
1  90 1486935886  
2  88 
3 
3 
3 
1  90 932876632  
2  30 
1  98 2099842194  
2  55 
2  63 
3 
3 
2  21 
3 
2  39 
1  53 400065812  
1  27 1125368129  
3 
3 
2  33 
2  22 
2  95 
3 
1  16 1095871734  
3 
3 
1  58 1783717132  
1  82 1615472815  
3 
1  13 903328896  
1  97 40571199  
1  33 585868002  
1  6 26834294  
2  111 
3 
3 
2  13 
3 
2  50 
1  20 227119929  
1  11 1724349130  
2  42 
1  3 575967870  
3 
3 
1  130 953091362  
2  41 
1  132 291818350  
1  22 1556546328  
3 
3 
2  104 
1  34 1497385576  
2  92 
3 
1  24 2000945309  
1  18 1764779556  
1  54 1934668511  
3 
1  61 2108253601  
1  139 525383948  
2  63 
3 
1  32 1670456435  
3 
2  72 
2  144 
1  105 822547175  
2  26 
2  81 
2  22 
2  94 
1  17 174335219  
1  91 1342380011  
3 
3 
2  29 
2  42 
3 
2  49 
3 
1  43 397822625  
1  22 1561408309  
1  5 821458453  
3 
3 
3 
1  113 1884758511  
3 
1  3 346801293  
1  12 773817000  
1  5 137340675  
2  100 
3 
1  2 1472169423  
3 
1  46 1869688734  
3 
3 
2  109 
2  91 
3 
1  39 1921057808  
1  39 940158590  
2  28 
2  37 
2  101 
3 
2  100 
2  77 
3 
3 
1  77 625533982  
2  85 
3 
1  10 1961629007  
3 
2  22 
1  85 1526026592  
3 
3 
3 
2  35 
2  18 
2  97 
3 
1  54 652368277  
3 
1  44 41265288  
3 
1  1 1102892074  
2  17 
1  153 1228336147  
3 
2  30 
3 
1  3 994356650  
1  52 1394710424  
3 
1  15 637398827  
2  78 
3 
2  156 
2  117 
1  78 344258579  
1  121 1248172085  
2  51 
3 
1  118 254694736  
2  93 
2  39 
3 
1  41 131443442  
1  34 1208942038  
3 
1  49 780078684  
1  83 1801899878  
1  47 2031489214  
2  7 
1  112 954413903  
1  137 996796241  
2  104 
1  23 281828191  
2  47 
3 
1  155 368338564  
2  32 
1  83 1818254695  
2  4 
3 
2  24 
3 
1  51 19103054  
2  74 
2  15 
3 
1  136 715139858  
2  101 
1  78 444588047  
1  5 156443729  
2  138 
1  8 39825633  
1  38 166793133  
2  106 
3 
2  104 
2  20 
1  149 2077501537  
3 
1  149 979984223  
3 
1  10 792327116  
2  39 
1  63 1891646896  
2  113 
3 
1  15 358527167  
3 
3 
1  26 1444695393  
3 
3 
2  113 
2  13 
2  61 
2  131 
3 
3 
3 
3 
2  136 
2  54 
1  53 1932912185  
2  13 
3 
1  55 1461419242  
2  118 
2  71 
3 
2  48 
3 
3 
1  88 525547892  
3 
2  44 
1  24 779785187  
2  146 
2  30 
1  149 708646018  
1  48 1162946719  
2  116 
1  28 1124043766  
3 
1  33 1956818104  
1  93 1417641455  
1  33 1255487209  
2  14 
3 
3 
1  119 1018276494  
2  34 
3 
3 
1  57 50236491  
3 
1  130 909903439  
2  64 
2  77 
2  45 
2  85 
2  14 
2  48 
2  154 
3 
2  36 
2  40 
3 
2  114 
1  105 902282060  
2  34 
3 
1  19 1004650394  
2  129 
2  25 
3 
2  133 
2  111 
1  33 1906699680  
2  19 
1  138 1184110251  
1  41 1372988959  
3 
2  48 
1  109 1577470727  
1  43 1203213305  
2  146 
3 
1  146 2088128817  
2  20 
1  96 2022058774  
2  76 
1  28 1359657035  
1  114 2127954450  
1  77 41368260  
2  28 
3 
2  137 
3 
1  49 1289674924  
2  108 
3 
1  106 960455025  
2  5 
1  33 833695376  
1  0 1033838173  
3 
2  104 
3 
3 
1  48 1318982192  
3 
2  67 
2  2 
2  102 
1  81 130907121  
1  132 819266710  
3 
2  110 
2  41 
2  6 
1  41 632917786  
2  18 
3 
1  127 656455013  
2  141 
1  13 1599051897  
2  136 
2  46 
2  60 
1  117 1341563805  
1  140 1819401732  
3 
3 
1  30 575612016  
2  125 
3 
2  50 
1  147 1150898261  
3 
2  121 
3 
2  65 
3 
3 
3 
3 
2  141 
2  82 
2  5 
2  151 
2  105 
1  145 1089559540  
2  146 
1  16 1831099225  
2  48 
2  55 
2  114 
1  130 21691107  
2  87 
2  40 
2  90 
3 
3 
3 
2  117 
1  101 1139796031  
3 
3 
3 
3 
3 
2  100 
3 
2  114 
3 
1  41 593519016  
1  119 923973168  
1  105 2144446426  
3 
2  22 
3 
2  122 
2  48 
2  35 
2  122 
3 
3 
1  44 352735048  
2  36 
2  109 
1  14 2108083419  
1  23 1369951737  
3 
1  22 1930205776  
2  37 
1  11 1163813077  
2  75 
3 
1  93 1310596906  
3 
1  42 1804780902  
2  84 
2  45 
3 
2  12 
1  53 375986464  
3 
1  37 1291067708  
2  96 
3 
1  47 1846149162  
3 
1  8 1665661388  
1  150 104039085  
3 
3 
1  121 532360890  
1  60 552015913  
1  19 1423021277  
3 
3 
2  66 
3 
2  111 
1  92 663268011  
2  56 
3 
3 
3 
1  1 1371282623  
3 
2  22 
2  70 
3 
2  85 
3 
2  0 
3 
2  56 
2  19 
2  93 
3 
3 
1  43 2055939064  
1  64 1319723024  
1  38 822850873  
3 
2  37 
1  86 1250019221  
3 
3 
2  27 
2  31 
1  72 991641109  
1  42 1398462889  
2  118 
2  15 
2  14 
3 
2  2 
2  137 
3 
1  136 253433834  
2  50 
3 
3 
1  3 2081200649  
1  94 1082078466  
2  108 
3 
3 
1  71 275124941  
3 
2  119 
2  30 
3 
2  45 
3 
1  13 1073513032  
1  25 1675597482  
2  42 
1  17 1199098109  
2  108 
3 
2  15 
1  146 1070475810  
1  37 2028332530  
3 
2  37 
1  32 1159697881  
3 
3 
1  35 292943899  
2  92 
2  129 
2  117 
3 
2  93 
1  90 1811054658  
3 
3 
2  65 
2  31 
1  119 176027310  
3 
3 
1  142 1603540805  
2  37 
1  25 1468351913  
3 
3 
1  118 552013774  
3 
3 
2  119 
3 
2  130 
2  109 
2  65 
3 
3 
3 
1  47 747124865  
2  32 
1  5 1167017427  
2  23 
1  82 70191514  
3 
2  32 
3 
2  12 
3 
2  5 
1  127 851163950  
2  85 
1  41 1699378318  
3 
2  12 
1  85 622207428  
3 
2  104 
2  2 
2  56 
2  39 
1  26 126701580  
2  17 
2  25 
3 
1  23 215162681  
1  20 1993490051  
3 
2  45 
2  93 
3 
1  88 35156996  
1  28 1534885706  
3 
2  75 
3 
3 
3 
2  100 
1  126 668857276  
1  11 1285176217  
2  53 
2  1 
3 
2  90 
1  116 379043167  
1  26 2067320165  
1  101 1538610051  
1  48 312760168  
3 
3 
3 
1  11 1001914983  
2  27 
3 
1  73 1813734992  
1  20 1386273200  
2  113 
1  57 530028817  
3 
3 
1  29 865349454  
1  40 309265363  
2  97 
3 
1  120 410877700  
3 
2  21 
2  104 
3 
1  27 2025047335  
3 
2  8 
2  123 
1  44 602209262  
2  35 
3 
3 
2  31 
3 
3 
1  76 74448710  
1  93 53590997  
1  10 58266420  
1  66 1542800623  
1  44 605604771  
2  131 
3 
1  7 805391285  
1  27 562334403  
3 
3 
1  109 675796285  
1  124 1656555236  
1  151 114229073  
1  98 1298003713  
3 
1  85 1783256816  
2  107 
3 
2  125 
3 
2  6 
3 
3 
1  127 329391754  
1  0 1144010117  
2  56 
1  3 1818413812  
2  72 
1  37 1864277460  
1  60 1812867393  
1  20 956106381  
2  116 
1  107 95836979  
3 
2  46 
1  21 1732703911  
2  0 
2  26 
1  14 347232784  
2  19 
1  8 408597147  
2  17 
2  36 
3 
1  131 587135246  
2  46 
3 
3 
2  25 
2  123 
3 
2  75 
2  121 
1  103 13484128  
3 
1  0 1794870348  
3 
1  146 1117164064  
3 
1  90 878833582  
2  82 
2  35 
3 
2  4 
1  10 2104135711  
3 
2  80 
3 
1  43 1528041764  
1  17 756397269  
1  2 558861325  
2  145 
2  78 
1  14 1602490474  
2  140 
1  120 809988266  
3 
2  150 
3 
1  9 617127745  
1  10 997807450  
2  36 
3 
3 
3 
3 
1  88 1415593037  
3 
2  14 
2  78 
1  6 1422519031  
3 
3 
2  32 
2  42 
1  24 1560141853  
2  14 
2  94 
2  108 
3 
2  5 
3 
2  42 
3 
2  72 
1  97 2091389323  
3 
1  25 931590619  
3 
3 
2  16 
2  38 
2  15 
1  145 1674370926  
1  76 1241909388  
2  32 
2  117 
1  68 567363787  
3 
2  77 
1  50 2003762680  
1  90 238435857  
1  0 238293951  
2  30 
2  8 
1  35 1720556493  
1  19 2051303251  
3 
3 
3 
3 
1  133 1194400332  
3 
1  63 1816393472  
3 
1  31 1636523514  
1  20 1541633116  
1  2 77506972  
3 
1  152 76175112  
2  44 
1  108 1555117244  
3 
1  114 1872377320  
1  122 1193339176  
1  18 286467179  
1  38 1829029383  
2  5 
3 
3 
3 
1  130 573897292  
2  45 
3 
2  57 
3 
1  93 1042864448  
1  50 240407060  
1  26 28904119  
3 
2  28 
2  41 
3 
3 
2  2 
1  137 1852852715  
2  45 
2  16 
1  11 857534806  
3 
2  132 
3 
2  78 
2  126 
3 
2  48 
1  80 1026711569  
1  128 1120962104  
2  82 
1  47 132570189  
2  19 
3 
3 
2  12 
3 
1  78 439369774  
2  44 
3 
1  18 1064867779  
3 
2  106 
3 
3 
1  58 1064160808  
1  33 2113740700  
3 
1  146 159293520  
2  102 
3 
3 
2  15 
1  94 1631524595  
1  7 1970019732  
2  137 
3 
1  80 397729377  
3 
2  17 
1  123 1869818546  
1  65 1543092577  
2  15 
2  11 
2  94 
1  36 301548980  
2  140 
3 
1  38 916735230  
2  36 
2  12 
2  43 
3 
3 
2  93 
1  42 1212002402  
1  44 1938072494  
2  24 
1  20 310884698  
3 
1  36 1289509374  
3 
3 
3 
1  146 2014247607  
3 
2  2 
3 
3 
2  36 
3 
2  15 
1  13 1866001942  
2  105 
3 
3 
2  54 
2  37 
2  77 
3 
2  61 
1  12 1014403046  
1  118 1060103135  
1  88 4985473  
1  14 695948781  
2  86 
1  137 1634000428  
1  73 1047849922  
2  139 
2  55 
3 
3 
3 
3 
3 
2  128 
2  102 
2  43 
2  6 
2  125 
3 
2  17 
1  27 936355841  
3 
3 
3 
3 
3 
2  48 
2  12 
2  120 
3 
1  97 1662904547  
1  38 753218989  
3 
3 
3 
1  29 1793890647  
1  35 542132468  
1  113 1874181093  
3 
2  137 
1  56 1926460836  
1  12 981502242  
3 
2  86 
2  91 
1  30 791565225  
2  61 
3 
3 
3 
1  40 843137996  
1  25 947759294  
1  125 950858745  
2  43 
2  49 
1  133 327178943  
3 
2  17 
1  4 770295378  
1  23 1348588122  
2  46 
3 
2  34 
2  34 
1  91 49513841  
1  51 165904308  
3 
2  37 
2  49 
3 
1  97 1650137103  
2  110 
2  0 
1  81 966249071  
2  23 
1  102 1377906710  
2  87 
2  119 
1  22 1440725949  
1  118 1277133769  
2  134 
3 
2  86 
2  38 
3 
2  112 
3 
2  23 
1  75 519932436  
3 
2  19 
3 
2  32 
2  20 
2  35 
3 
1  34 1307489908  
2  86 
1  86 995652064  
1  78 1534335482  
1  38 220109396  
1  27 1000637537  
3 
3 
3 
2  72 
2  111 
3 
1  87 82800615  
1  111 1854109824  
1  22 2048487459  
1  87 1019156456  
3 
1  9 1369530723  
1  34 654222800  
3 
2  139 
2  135 
1  23 665563456  
1  144 1911663191  
3 
3 
3 
2  28 
2  112 
1  40 380920246  
3 
3 
3 
1  21 444540644  
2  145 
2  17 
2  140 
3 
3 
3 
3 
3 
1  83 745681785  
1  40 1172485471  
2  26 
1  51 1287678641  
2  122 
1  120 1693441079  
2  27 
2  23 
3 
3 
1  121 2123344216  
2  117 
2  43 
3 
1  92 1614857584  
3 
2  9 
1  68 316252809  
2  82 
3 
3 
1  89 1324448690  
2  37 
1  137 1664371426  
1  32 482157117  
1  41 827102145  
1  134 483136849  
2  2 
3 
2  98 
1  10 1860063827  
2  70 
1  137 120344447  
2  99 
2  13 
1  41 1760270619  
1  129 232512615  
2  112 
1  31 1427834355  
1  19 608439035  
1  41 1766848097  
3 
1  33 1647943751  
3 
2  51 
2  76 
1  147 1609076572  
1  26 1849648712  
3 
3 
3 
3 
3 
1  146 1354569927  
3 
2  28 
2  138 
2  14 
2  103 
2  42 
2  6 
1  35 1510080384  
2  141 
3 
2  116 
1  44 721321521  
3 
1  33 576617002  
1  84 16819536  
3 
2  61 
2  22 
3 
1  22 1386884977  
1  77 340796545  
3 
1  73 397739782  
1  63 1831425621  
2  2 
2  5 
1  50 1086478330  
2  39 
1  40 1570225253  
1  69 971620614  
3 
3 
3 
1  78 632435761  
2  53 
3 
2  14 
1  11 1546085821  
2  16 
1  76 438994551  
2  39 
1  69 948688571  
3 
2  40 
2  66 
1  24 723050864  
1  14 2103365977  
3 
1  84 1430845688  
3 
3 
3 
3 
2  18 
3 
3 
1  128 1550153009  
3 
1  60 439019178  
1  105 1143425868  
1  131 1670497456  
2  29 
3 
2  84 
1  85 51806149  
3 
1  34 1375938483  
2  6 
1  133 950848164  
2  37 
1  0 660245184  
2  113 
1  57 995302933  
2  4 
2  31 
3 
1  5 451308267  
2  32 
2  140 
2  87 
1  0 121838109  
3 
1  71 697467997  
3 
2  12 
2  107 
2  48 
2  5 
3 
2  11 
3 
2  130 
2  96 
1  31 1805878195  
2  96 
3 
3 
3 
1  5 1631918493  
1  127 1418789518  
1  14 235011549  
3 
2  115 
1  75 1648738029  
3 
2  66 
2  130 
2  100 
2  30 
3 
3 
2  32 
1  123 658190847  
3 
2  131 
3 
3 
3 
1  5 575808095  
1  18 2046477812  
3 
1  29 342132821  
2  115 
2  125 
2  135 
1  141 1662286425  
1  59 1469219417  
1  111 1313753435  
1  63 147238539  
2  97 
1  33 867821591  
2  64 
3 
3 
3 
2  92 
3 
2  124 
1  83 1752747986  
3 
1  131 1095927110  
2  53 
2  47 
2  53 
3 
1  30 1590872455  
3 
3 
3 
3 
2  69 
1  19 1708630315  
2  29 
2  142 
3 
1  113 379289150  
1  119 993541816  
3 
1  7 165846  
1  97 1522715018  
3 
1  10 516555625  
2  18 
2  55 
2  71 
2  28 
3 
2  27 
1  37 51971995  
2  28 
3 
3 
3 
2  122 
3 
1  71 751169854  
3 
3 
1  24 1467403789  
1  41 712217180  
1  127 1746472787  
1  27 1918712056  
2  54 
1  62 834055289  
1  7 296457136  
2  107 
1  75 1577106603  
3 
2  31 
3 
3 
2  5 
2  97 
3 
1  21 318490134  
1  0 1715246655  
3 
2  27 
2  24 
2  64 
3 
1  50 1812118153  
1  32 1967228163  
1  7 225953854  
1  109 240442600  
2  48 
2  62 
2  99 
3 
1  22 1866222327  
1  8 568086675  
3 
3 
1  34 1902729025  
2  95 
1  43 1187958097  
3 
1  27 1881840111  
3 
1  9 2049967564  
1  22 2055779688  
1  14 1487104449  
3 
1  72 998411026  
1  82 1499168495  
3 
2  37 
3 
2  18 
1  15 1048251117  
3 
3 
2  43 
2  31 
3 
1  114 1377700177  
3 
2  125 
1  46 345226663  
3 
3 
3 
2  81 
1  39 1048416963  
2  10 
1  42 752931547  
2  32 
2  46 
2  124 
1  9 861782288  
2  84 
2  92 
3 
1  18 1100388958  
1  6 1504101401  
3 
3 
2  28 
1  29 181702429  
2  127 
3 
1  115 1812606138  
2  51 
1  46 1103090540  
3 
1  19 2100414486  
2  148 
3 
1  56 499177779  
3 
3 
1  23 1399547677  
1  16 1530037441  
1  45 817667913  
1  157 967310684  
2  61 
2  6 
2  0 
3 
1  145 1194671946  
3 
3 
3 
2  40 
3 
3 
2  91 
2  127 
1  22 637412429  
3 
1  98 1193264538  
3 
1  124 1435114546  
2  28 
3 
2  50 
2  83 
3 
3 
3 
3 
1  113 356151108  
3 
1  8 1761351214  
1  15 1190359924  
1  17 1544109205  
3 
2  48 
2  38 
3 
2  141 
3 
1  27 1495707677  
3 
3 
2  147 
2  61 
1  28 1092843840  
3 
3 
2  127 
2  143 
1  62 1452405245  
2  26 
3 
1  101 835328478  
1  51 2091254867  
1  5 804090092  
2  11 
3 
2  102 
2  45 
3 
2  74 
3 
1  4 1883579595  
2  7 
3 
3 
2  108 
3 
3 
1  57 1321471396  
3 
3 
1  55 1149316756  
1  102 784512910  
1  43 2074402943  
1  9 2011099044  
3 
2  106 
2  8 
1  33 1884901869  
3 
3 
1  64 1431020697  
3 
1  37 45317826  
2  44 
2  68 
3 
1  60 1550024359  
1  59 386627589  
2  135 
2  108 
3 
2  136 
2  158 
2  69 
2  16 
1  56 2145732312  
3 
2  106 
2  99 
2  150 
1  135 2049202139  
2  1 
3 
1  19 1786175266  
3 
2  12 
1  49 1528286105  
3 
2  51 
3 
2  15 
1  22 719386404  
1  93 606002302  
2  37 
1  49 575474404  
1  45 1356798833  
1  115 1799266841  
1  94 2010588950  
2  78 
2  136 
2  53 
2  34 
1  124 1712949942  
2  67 
2  38 
2  86 
2  105 
3 
3 
3 
3 
2  78 
1  21 1413134407  
3 
2  22 
2  54 
1  46 1053465226  
2  65 
2  118 
3 
2  31 
3 
2  157 
2  27 
3 
1  155 1109575499  
1  13 761358436  
1  39 2146309067  
3 
1  41 414497097  
2  24 
3 
1  119 1596686914  
2  53 
2  21 
3 
1  52 2090080286  
1  103 1218587189  
3 
2  122 
1  7 1332782862  
3 
2  49 
3 
1  56 1264068034  
2  68 
2  120 
2  7 
1  5 220420297  
2  68 
2  20 
3 
3 
2  58 
2  146 
1  93 2117295772  
3 
2  13 
3 
1  136 1190987329  
2  104 
2  143 
2  28 
3 
1  61 84035694  
2  51 
1  45 1854713993  
3 
1  118 474524378  
3 
2  3 
1  148 129353520  
3 
1  67 1257254705  
3 
3 
3 
3 
1  12 861151968  
2  84 
1  100 127602184  
2  63 
3 
3 
2  29 
3 
2  52 
1  117 1158973196  
1  12 499843586  
2  150 
1  109 1655888289  
2  40 
3 
2  82 
1  71 1878359600  
2  104 
1  60 1105845889  
1  26 83879045  
1  17 1087674786  
1  17 757629082  
3 
2  40 
3 
1  54 2094467996  
2  42 
2  7 
3 
2  91 
2  129 
1  14 653141080  
1  27 23279841  
2  105 
1  155 1000449574  
2  5 
1  32 1762716579  
1  80 784638277  
3 
2  100 
1  37 999274993  
2  17 
2  3 
2  138 
3 
1  53 29730028  
2  76 
1  62 233841543  
1  158 941871631  
1  57 1248317218  
2  52 
2  33 
1  94 1566624405  
1  43 58456017  
3 
2  120 
1  2 1468737515  
3 
1  20 1536436530  
1  12 1249443347  
3 
1  51 1552773209  
3 
1  30 1243666875  
3 
2  112 
1  151 1723967725  
2  92 
3 
3 
3 
2  126 
1  113 1682126729  
3 
2  57 
2  35 
3 
1  64 353437932  
2  10 
3 
2  0 
3 
3 
3 
2  101 
2  145 
2  70 
3 
2  111 
2  49 
2  44 
1  21 437636045  
2  133 
2  51 
2  115 
3 
3 
1  27 1809728913  
1  26 1512411128  
1  125 937479632  
1  2 1318133555  
3 
3 
3 
1  2 1243287081  
2  31 
3 
2  13 
1  97 2043325521  
1  9 1402012600  
1  61 183478219  
1  94 653470955  
3 
2  83 
1  32 1348996948  
2  159 
2  16 
3 
2  37 
1  108 836619299  
2  22 
1  20 676750796  
3 
3 
1  30 201962875  
2  40 
3 
3 
3 
3 
3 
1  2 451852230  
1  112 1461389073  
3 
1  115 1201237868  
2  68 
3 
1  21 481582259  
3 
2  51 
3 
3 
3 
3 
2  94 
3 
2  40 
2  6 
3 
1  15 1695230616  
3 
1  42 2143109500  
3 
3 
2  17 
2  116 
1  89 1729899477  
3 
2  137 
2  105 
1  44 1114371374  
2  16 
2  27 
3 
3 
1  35 54081869  
1  135 1051153344  
3 
1  92 503324256  
3 
3 
2  77 
1  27 1303525216  
1  151 456442906  
2  30 
2  7 
1  137 1746991131  
1  27 880009294  
1  118 2138569635  
1  42 2100429064  
3 
3 
1  39 1317645339  
3 
2  108 
1  47 1800814901  
1  94 1465356544  
3 
3 
2  17 
3 
3 
1  37 107641323  
3 
3 
3 
1  43 971464808  
3 
1  49 561159977  
2  68 
2  34 
3 
1  37 3483196  
2  70 
2  67 
2  10 
3 
2  9 
3 
2  55 
3 
3 
1  56 225993760  
3 
2  123 
3 
1  54 744638196  
1  12 656954151  
3 
2  130 
2  51 
3 
3 
1  21 1574990709  
3 
1  118 1581257495  
2  116 
2  60 
2  80 
2  148 
3 
1  25 1333704947  
2  42 
3 
3 
2  151 
1  90 1776953584  
2  43 
1  118 2033109726  
1  10 647610372  
1  162 830707804  
1  8 367208337  
3 
2  101 
1  19 195357341  
3 
3 
3 
2  142 
1  60 826333656  
2  135 
3 
2  70 
2  40 
1  29 2097107814  
1  153 1309728715  
3 
2  163 
2  85 
2  68 
1  27 880415526  
2  9 
1  40 1000777510  
1  61 1813052971  
2  130 
2  104 
2  44 
3 
1  67 36457094  
1  49 1457220416  
2  137 
3 
1  50 1412560454  
1  41 916466388  
2  36 
2  114 
3 
3 
1  137 1448306404  
2  6 
3 
2  31 
3 
1  52 1365505870  
2  143 
2  84 
3 
1  82 86628080  
3 
2  50 
1  68 1101637657  
2  67 
3 
1  85 683378767  
2  63 
1  5 194269403  
2  104 
2  62 
3 
2  18 
1  48 2073102465  
3 
1  81 1244538744  
1  126 197752600  
2  125 
1  53 151612577  
3 
1  113 1989176941  
3 
2  7 
2  94 
1  55 854706751  
3 
3 
1  47 1726603286  
3 
3 
3 
1  84 1422950788  
3 
1  131 40928051  
1  47 1356073222  
1  110 1308576866  
2  107 
2  5 
1  30 688538423  
3 
1  120 39297379  
3 
1  25 1675785203  
2  7 
1  163 883895764  
3 
1  3 865631035  
3 
3 
1  74 1625409369  
2  83 
2  113 
3 
1  61 46140831  
1  106 1746046561  
1  1 478703232  
1  70 1859193802  
2  6 
2  11 
1  132 1782503656  
3 
2  51 
3 
1  98 1935923648  
1  94 1124270609  
1  66 551486396  
1  11 1236746404  
2  71 
1  67 342292831  
1  171 638114476  
1  154 190900413  
3 
3 
2  61 
3 
1  98 1025671598  
1  56 832383880  
2  143 
1  3 116519230  
2  142 
3 
2  166 
2  95 
2  68 
2  109 
2  117 
3 
1  9 122726695  
1  69 1030136480  
1  9 268131808  
3 
3 
3 
3 
2  172 
1  111 2111903636  
2  105 
3 
3 
2  113 
1  69 1884843231  
3 
1  55 1994735094  
1  117 1387370776  
3 
3 
1  69 1925771282  
1  11 1203324669  
3 
3 
2  61 
1  17 548463995  
1  53 466826058  
3 
2  172 
3 
1  128 1242622048  
1  169 76765550  
3 
2  169 
2  126 
1  68 1350721822  
3 
3 
2  128 
3 
3 
1  58 2108253083  
1  38 1702174920  
1  85 1396862654  
1  142 1706815997  
1  45 33394504  
3 
3 
1  148 1108572808  
3 
3 
1  52 1341836005  
2  70 
3 
2  73 
3 
3 
2  98 
3 
1  153 1969318152  
1  149 85359769  
2  126 
2  30 
1  88 1893322401  
2  147 
2  164 
3 
3 
2  10 
3 
3 
1  14 1058580909  
1  126 427652601  
3 
2  143 
3 
1  35 383953230  
1  43 1249481322  
2  102 
2  18 
1  52 1453324199  
2  23 
1  60 1216337110  
1  0 1366000553  
3 
1  61 1576050894  
1  9 98989942  
2  70 
3 
3 
1  177 1634132361  
3 
2  183 
3 
3 
2  57 
1  143 1540470882  
3 
2  165 
3 
2  140 
1  116 1983833173  
3 
2  51 
3 
2  168 
1  85 1481383807  
2  130 
3 
2  113 
2  170 
2  26 
3 
1  19 780358011  
1  132 1762120808  
3 
3 
2  4 
2  36 
2  8 
1  38 537224828  
2  147 
3 
2  58 
2  73 
1  42 1328822006  
3 
2  154 
3 
2  160 
2  131 
3 
1  67 81463218  
1  167 1779846876  
2  4 
3 
3 
1  81 1405587556  
1  133 1432185040  
1  139 1740616312  
1  100 960278828  
1  154 681564046  
2  166 
1  69 1299948661  
1  170 993673332  
1  134 1790136855  
2  34 
2  159 
1  28 494301018  
1  127 815507837  
2  6 
2  112 
1  173 1875496624  
3 
1  13 240139771  
1  30 1874088746  
2  145 
2  114 
2  65 
1  9 155665577  
1  124 624093001  
2  56 
3 
3 
1  116 976086420  
2  96 
2  154 
1  86 1608989777  
2  91 
3 
2  30 
3 
1  48 1840430111  
3 
2  137 
1  6 194603325  
3 
2  129 
3 
1  3 1037557023  
3 
1  58 1939420053  
3 
2  174 
3 
2  71 
3 
3 
1  160 1828735686  
3 
3 
1  90 430544258  
3 
1  3 1775769579  
3 
1  59 1162635846  
1  14 1210902269  
2  129 
1  127 1390406739  
3 
3 
3 
1  31 1699860674  
3 
3 
1  168 392240627  
3 
3 
1  154 1471869957  
3 
3 
1  106 1332223903  
3 
2  85 
3 
2  17 
3 
3 
3 
1  36 1797828183  
2  10 
2  133 
2  161 
2  73 
1  90 756571349  
3 
3 
2  87 
1  69 925356567  
3 
2  54 
2  53 
1  1 610623364  
1  99 1438135396  
1  183 77821580  
1  178 1604296696  
3 
1  88 1080788603  
2  150 
2  42 
3 
1  138 572122598  
1  32 272320885  
1  124 808801579  
2  37 
2  32 
2  21 
1  8 812262369  
1  20 2146409631  
2  37 
2  90 
2  82 
3 
1  54 964467157  
3 
3 
1  29 1436355371  
1  81 975012404  
2  26 
1  37 425973286  
3 
3 
1  12 1129301834  
1  93 1169615729  
3 
3 
2  70 
2  53 
2  167 
3 
1  71 1463530309  
2  109 
3 
2  7 
3 
2  23 
2  94 
2  68 
3 
3 
2  97 
1  121 921238240  
2  47 
3 
3 
1  80 850867768  
1  163 1894074567  
1  147 549524171  
3 
2  107 
2  178 
2  164 
1  21 2013503614  
2  23 
2  156 
1  139 957493188  
3 
3 
3 
1  175 1939930910  
2  155 
1  35 1565880640  
1  81 1349733815  
1  33 1264317219  
1  30 750620895  
2  153 
3 
2  47 
2  75 
2  182 
2  64 
1  73 1000078351  
1  13 2020888568  
3 
3 
2  148 
3 
3 
3 
3 
3 
1  178 1675977462  
1  172 1610701715  
2  71 
3 
2  16 
3 
3 
3 
1  46 1311540316  
3 
1  72 1753799042  
3 
3 
2  121 
3 
3 
1  26 1067514763  
3 
2  22 
1  85 244845271  
3 
2  135 
2  186 
2  158 
2  82 
1  61 178437992  
2  26 
2  185 
2  179 
2  110 
3 
1  153 1339835649  
1  32 1053646851  
2  141 
3 
1  18 990700362  
2  158 
3 
3 
1  67 1338761632  
3 
1  92 2018114008  
2  176 
1  172 279572085  
3 
2  120 
3 
3 
2  74 
1  12 166290388  
3 
2  177 
3 
3 
2  190 
3 
2  125 
1  130 296603646  
2  188 
1  30 1408873919  
1  56 1335906118  
1  17 1760133955  
2  90 
3 
2  141 
2  165 
3 
1  181 182628511  
1  123 39290238  
2  84 
1  58 1506724875  
1  156 732152682  
1  49 2052793852  
3 
3 
2  116 
2  185 
2  75 
2  15 
2  141 
3 
3 
3 
1  121 316734415  
3 
3 
1  150 524599944  
2  147 
3 
2  27 
1  186 1471190844  
3 
1  8 1666468231  
1  70 1788917163  
3 
1  111 74328092  
1  88 519062934  
2  81 
1  131 1662322084  
3 
2  58 
3 
1  129 1750305554  
3 
3 
1  136 2129764649  
3 
3 
1  112 826378752  
3 
2  2 
3 
2  64 
3 
3 
3 
2  86 
3 
3 
3 
1  62 1356620949  
3 
2  46 
1  43 1049795764  
3 
2  33 
3 
1  24 1071224024  
1  123 1535058941  
2  58 
1  71 242147765  
3 
1  57 2124870875  
3 
1  100 378275655  
1  56 1580909398  
3 
2  123 
2  78 
3 
1  54 1995501235  
2  89 
3 
3 
2  36 
1  88 657847740  
1  16 1747199786  
3 
1  67 144621233  
3 
3 
1  65 2066721660  
1  49 935622256  
1  108 1904755188  
1  84 101866523  
2  42 
3 
3 
1  110 974912494  
2  194 
3 
2  99 
3 
2  49 
1  100 1263996415  
1  103 834019206  
1  165 880222698  
3 
3 
2  46 
2  112 
2  40 
1  132 1580730831  
1  129 1358619150  
2  176 
1  30 203929895  
1  14 1099715414  
1  67 1000052666  
1  170 278257987  
1  187 1618778348  
1  32 514891102  
3 
2  94 
1  115 2028563541  
1  134 1601059349  
3 
2  79 
3 
2  92 
2  88 
2  142 
2  112 
1  13 1341269854  
1  186 1237700842  
3 
2  90 
1  70 503371465  
1  47 265010230  
2  124 
1  11 625276136  
2  41 
1  131 745519231  
1  146 242397457  
3 
1  96 1003551791  
2  31 
3 
1  51 178944981  
2  89 
1  76 90415044  
3 
2  150 
1  172 1661399532  
1  64 1926144767  
2  0 
3 
3 
3 
3 
1  121 235036277  
2  63 
2  120 
2  160 
1  43 1580637544  
1  37 714283376  
2  191 
3 
2  147 
3 
2  149 
2  46 
1  117 2139791466  
3 
2  109 
3 
2  114 
1  7 1682504067  
2  168 
1  49 1689195870  
1  14 1256304233  
2  141 
3 
3 
3 
3 
3 
3 
2  118 
1  178 369039625  
2  74 
3 
2  102 
2  27 
3 
3 
2  62 
1  136 421934921  
2  89 
3 
1  184 689551416  
3 
2  161 
3 
1  96 1727658776  
1  72 625864816  
2  136 
1  70 1789266830  
2  17 
3 
2  62 
2  78 
1  30 580227794  
2  27 
1  78 904122803  
3 
3 
2  96 
1  28 1260561530  
1  116 1095118896  
1  151 785202696  
3 
3 
3 
1  133 714137231  
1  141 288905102  
1  39 2022903539  
2  133 
3 
1  113 1217508697  
1  45 553915333  
3 
1  56 500696027  
1  183 1963027928  
2  11 
1  64 796312790  
1  159 1504247818  
2  121 
3 
2  8 
2  169 
1  109 2141972909  
2  64 
2  156 
2  30 
1  67 886727835  
1  19 1018163702  
2  64 
1  63 1920634028  
1  69 1121764112  
2  125 
1  101 451317598  
2  25 
3 
3 
1  118 487433756  
2  134 
2  111 
2  70 
2  183 
2  81 
3 
1  165 1114071930  
3 
2  8 
3 
3 
1  4 2133821666  
2  124 
1  151 29145979  
1  9 222892516  
3 
2  104 
1  64 355377643  
3 
3 
1  142 451080900  
2  18 
3 
2  126 
1  180 912443932  
1  1 2083036419  
3 
1  143 1076945716  
2  57 
1  182 554227115  
3 
1  59 515780565  
3 
2  114 
1  150 1981068519  
3 
2  182 
3 
1  194 1814788645  
2  188 
3 
3 
1  79 1610899461  
3 
2  63 
2  108 
2  67 
3 
3 
1  117 618787567  
1  96 381442229  
1  94 1899804564  
3 
3 
2  25 
3 
1  29 494207458  
3 
1  126 1598950926  
3 
2  76 
2  150 
3 
1  113 306236249  
1  39 994903485  
3 
1  169 1414495206  
2  84 
2  191 
2  173 
3 
1  77 1102549039  
2  143 
1  135 351667656  
2  88 
1  125 1408984467  
1  124 1989276874  
3 
2  174 
1  31 1369831358  
1  147 1182134847  
3 
1  54 963557339  
2  71 
3 
1  80 1821148957  
2  98 
1  50 1669568604  
3 
2  50 
3 
1  121 2077629269  
1  98 1807486975  
1  12 1698714583  
1  184 153038137  
2  128 
3 
2  45 
2  145 
3 
1  165 15380970  
2  134 
3 
1  146 2311835  
3 
1  49 1065482070  
1  148 2098417390  
1  95 1079257551  
1  127 1619709185  
2  131 
1  36 466714307  
2  49 
1  127 912842422  
1  44 1287014182  
2  43 
2  85 
2  75 
3 
3 
2  181 
3 
3 
1  173 2077613769  
3 
1  82 1531629989  
2  123 
1  100 1668456411  
2  72 
2  179 
2  2 
2  31 
2  83 
1  147 1829934685  
2  148 
3 
2  160 
3 
2  54 
2  19 
3 
3 
3 
1  28 2025837448  
1  97 1119923689  
1  169 2136170934  
3 
3 
3 
1  180 873257285  
3 
1  130 386935247  
1  177 1091236325  
1  139 1224924941  
3 
1  173 1795919714  
3 
3 
2  187 
2  153 
3 
3 
1  176 933029552  
2  59 
3 
2  81 
1  101 447272652  
3 
1  159 830570914  
2  126 
1  118 1896586891  
3 
2  21 
3 
2  175 
1  56 120937961  
3 
2  165 
3 
3 
1  11 352655870  
1  43 1826732512  
3 
1  34 1928424936  
2  177 
1  121 2051370453  
1  58 1979770650  
3 
2  76 
3 
1  176 1943805906  
3 
1  55 2053682288  
1  40 897769072  
2  51 
1  98 1894739648  
2  53 
3 
1  28 985456191  
1  150 369994609  
2  131 
2  170 
1  112 213970308  
1  107 1898298613  
1  103 1657008791  
1  59 144100429  
2  158 
3 
2  61 
2  32 
1  138 1282444954  
2  11 
2  151 
3 
1  159 1177981555  
2  145 
2  88 
2  135 
2  11 
3 
1  174 1974035114  
2  153 
1  109 1160798754  
2  137 
2  87 
3 
3 
1  159 150421596  
3 
2  179 
3 
2  120 
3 
2  10 
2  40 
3 
1  110 1962722400  
1  98 2034056040  
1  31 537356844  
3 
2  13 
3 
2  98 
3 
2  137 
2  31 
1  49 906475077  
2  33 
2  35 
3 
3 
2  42 
1  136 1111497333  
2  172 
2  42 
1  109 185792910  
3 
2  68 
2  33 
1  116 1839504629  
3 
3 
3 
3 
3 
2  56 
3 
3 
1  90 1558769985  
3 
2  43 
2  45 
3 
3 
3 
3 
1  164 1016363824  
1  78 1588607872  
1  175 1679707946  
3 
3 
1  162 1369019694  
2  93 
1  147 1267856737  
3 
1  100 1460649234  
1  59 1272906499  
3 
3 
3 
3 
2  180 
2  55 
2  119 
2  137 
1  39 1100143739  
2  106 
2  62 
1  127 1256971493  
2  171 
1  164 1179105139  
2  159 
3 
2  79 
1  3 1997912811  
2  49 
2  107 
2  65 
3 
2  156 
3 
2  4 
2  135 
1  176 1004227493  
2  166 
3 
2  10 
3 
1  10 17077682  
3 
1  118 220423772  
1  90 1218197801  
1  70 1915376295  
2  4 
1  141 1877432563  
3 
1  105 1362298230  
1  2 1050337602  
3 
3 
3 
3 
3 
2  0 
3 
1  167 907930470  
3 
3 
1  122 1188849696  
1  177 63652708  
2  148 
2  14 
3 
3 
2  45 
2  74 
3 
1  161 1058352067  
1  125 1004088448  
1  5 2097708748  
1  45 1595708911  
2  2 
2  43 
2  67 
2  122 
2  168 
2  31 
2  43 
1  74 1910563526  
2  62 
3 
3 
1  155 1061722434  
2  24 
2  61 
3 
2  93 
1  142 1781501821  
3 
3 
2  6 
3 
3 
2  59 
1  163 1602584507  
2  69 
2  6 
1  138 473008771  
1  60 650381998  
1  13 1043708732  
2  97 
2  11 
1  11 5233070  
1  52 2019401692  
3 
1  10 164081821  
1  128 1465882304  
1  52 1144824544  
2  135 
1  11 1264225560  
3 
1  127 575370149  
1  87 176446035  
2  87 
3 
3 
2  73 
2  40 
2  0 
1  43 1114654723  
1  1 1579597643  
2  62 
2  42 
2  11 
3 
1  42 193523718  
3 
1  8 1335078495  
1  125 650311796  
2  8 
1  40 2108900013  
2  78 
3 
1  104 1065027410  
1  5 2012610027  
1  59 1011753967  
2  13 
3 
2  32 
2  51 
3 
3 
3 
1  63 1972957881  
3 
3 
2  68 
1  18 1053976075  
3 
2  152 
3 
1  20 1075406676  
3 
3 
3 
2  18 
3 
1  95 883826300  
1  37 2058064524  
2  102 
2  129 
2  86 
1  61 1025631776  
3 
2  125 
1  137 332051563  
2  156 
1  114 1821144402  
1  121 2087354210  
3 
3 
1  161 2113553384  
1  20 1276245261  
1  164 412879334  
2  106 
2  69 
1  50 616451734  
2  155 
2  148 
3 
1  93 172470345  
2  33 
2  155 
1  161 418112404  
2  42 
3 
3 
3 
2  39 
3 
3 
3 
1  0 488369779  
1  0 336552166  
2  48 
1  97 1883994708  
2  156 
3 
1  82 1633194323  
1  81 1600777726  
3 
3 
3 
2  80 
2  55 
1  125 311881210  
1  165 1809640358  
3 
3 
2  54 
1  23 567948801  
3 
1  124 1891478853  
1  40 2003164076  
1  108 1903027296  
1  55 394307001  
2  30 
1  85 1964580442  
2  94 
2  162 
1  9 820571059  
1  17 259433380  
3 
3 
3 
1  112 828850761  
3 
2  156 
1  115 646045292  
3 
1  34 1313409456  
2  114 
3 
2  70 
2  68 
1  91 1904257437  
2  114 
2  162 
1  31 1529871592  
3 
3 
1  158 1223990332  
1  81 782405566  
2  168 
2  153 
2  72 
3 
1  8 1861923155  
2  5 
1  38 897651086  
2  19 
3 
3 
2  25 
3 
1  49 722276128  
3 
1  170 1827992891  
2  40 
1  122 26412699  
1  167 1135155462  
3 
3 
3 
2  98 
2  57 
1  61 296960978  
2  102 
1  114 198883045  
1  99 1553267866  
1  16 785330757  
2  89 
3 
3 
1  17 535435211  
3 
3 
2  69 
3 
1  12 1289778927  
1  50 271041432  
1  95 2136212938  
3 
1  80 1601660137  
1  25 2080681790  
2  30 
3 
3 
2  25 
1  98 556678091  
3 
2  113 
3 
1  69 1345655342  
3 
1  34 1936362219  
2  103 
2  121 
2  124 
2  170 
3 
3 
3 
1  46 312221740  
1  18 1739962343  
1  134 1753459013  
2  109 
3 
2  29 
3 
2  135 
2  163 
1  136 1132792799  
1  96 1999395724  
3 
2  53 
2  41 
3 
1  116 434826126  
1  13 1778838091  
1  80 1165321532  
3 
3 
3 
1  22 191599916  
1  171 1161226035  
3 
3 
2  62 
1  69 241828216  
2  118 
2  91 
1  88 974005482  
2  68 
3 
2  152 
2  111 
2  163 
1  127 875665542  
3 
3 
3 
1  157 1139479302  
3 
2  175 
2  114 
2  25 
2  21 
1  127 1696281610  
3 
3 
1  57 556174785  
2  68 
2  82 
1  3 1165892001  
1  138 683953425  
2  152 
1  41 853135763  
2  16 
1  120 1364775046  
2  114 
3 
3 
3 
2  124 
1  155 89737643  
2  24 
3 
3 
2  80 
2  42 
3 
1  159 1638466520  
2  31 
3 
1  140 1900210258  
3 
3 
1  69 1379516570  
1  24 1909507952  
2  131 
3 
2  164 
3 
3 
3 
1  6 1888939548  
3 
1  40 833693059  
2  148 
3 
1  155 1842706095  
2  46 
3 
1  37 298133991  
2  55 
2  104 
3 
1  142 31864753  
3 
1  94 1631584666  
3 
2  136 
1  114 610355731  
2  59 
1  9 1771827097  
1  121 1237560031  
2  160 
2  74 
1  57 1743148530  
1  6 1623739173  
1  39 1672386157  
1  174 1374502973  
2  63 
1  140 641577057  
2  87 
1  59 1863986073  
2  97 
2  59 
2  42 
2  80 
3 
1  69 388245360  
1  73 883405273  
2  57 
2  60 
2  45 
3 
1  121 690507907  
3 
1  68 1263910902  
3 
3 
3 
2  97 
1  113 2022884575  
1  9 239305870  
3 
2  26 
1  105 1820085688  
1  79 1041292928  
3 
2  71 
2  141 
3 
3 
2  43 
2  44 
1  138 923259295  
3 
2  39 
1  89 525737803  
3 
2  123 
2  137 
2  71 
2  114 
2  162 
3 
1  123 258584327  
3 
2  153 
2  9 
2  116 
3 
3 
2  45 
2  93 
2  47 
1  44 1012996938  
1  44 16720676  
1  64 11310937  
1  143 245029861  
2  27 
2  69 
2  20 
3 
3 
3 
3 
2  89 
1  45 1926228628  
2  149 
1  129 1900250485  
1  140 1078722920  
1  111 1621451075  
3 
2  90 
2  19 
1  10 50900828  
2  95 
1  50 1110587674  
1  26 1105552093  
1  3 661256560  
3 
2  45 
1  95 734931123  
2  18 
2  21 
1  112 195628476  
3 
1  58 256921442  
1  165 211186648  
2  84 
1  72 1868014634  
1  59 1631424416  
1  18 852763705  
2  44 
2  150 
3 
2  69 
1  52 1584517059  
3 
2  140 
2  41 
3 
3 
1  97 2019669776  
1  119 1736168978  
2  10 
2  39 
3 
2  85 
3 
3 
1  127 127541319  
2  11 
3 
3 
1  57 1136097031  
3 
3 
3 
1  154 1611569905  
3 
1  120 366847189  
2  124 
1  125 808699071  
3 
1  105 505379185  
2  132 
3 
2  17 
2  129 
2  92 
1  28 1290106484  
3 
2  49 
2  13 
2  93 
1  13 1334436874  
1  31 763963512  
2  45 
3 
2  147 
3 
2  112 
1  42 155619774  
2  99 
1  160 1351157550  
1  32 775274449  
2  34 
1  46 400649635  
1  123 1129902531  
1  64 528041286  
1  128 1479372556  
1  72 603869958  
3 
2  112 
2  91 
1  16 578942115  
2  115 
1  64 442476582  
3 
2  157 
3 
1  35 1709422052  
1  117 1240198675  
1  17 1177407705  
1  27 1905050528  
3 
1  112 1497120117  
1  22 1388594353  
3 
3 
3 
3 
2  133 
3 
2  27 
1  125 1625581514  
1  159 981060885  
1  39 93874410  
1  46 1062614926  
1  50 853247014  
2  10 
3 
1  100 1830043388  
3 
1  175 1190156245  
3 
1  2 1989344045  
3 
2  44 
2  126 
1  148 1294129645  
3 
1  48 1557003434  
2  4 
2  108 
2  18 
1  39 650559468  
1  154 1799508830  
2  41 
2  51 
1  148 699626270  
1  48 1984996342  
1  29 415988695  
1  137 855246044  
2  143 
1  57 1188670245  
1  131 1191263144  
2  36 
1  69 1255895680  
3 
2  16 
2  166 
2  104 
1  69 171089128  
2  161 
2  79 
3 
1  20 1719304431  
2  163 
2  107 
2  125 
1  70 587784588  
2  77 
3 
1  20 774959086  
3 
1  144 150762898  
2  68 
1  49 1030261170  
2  29 
1  64 336897490  
3 
3 
1  24 1390961573  
1  4 60185227  
2  74 
1  58 94464371  
3 
2  21 
2  50 
3 
1  51 740598042  
1  20 1448779580  
1  9 1720045885  
2  2 
3 
1  34 1721658928  
1  176 1542653990  
3 
1  111 635177163  
2  80 
3 
3 
2  0 
3 
3 
3 
3 
1  98 427422294  
1  62 1225213730  
2  78 
2  156 
1  9 1825333408  
3 
3 
1  93 269282691  
2  179 
1  144 371859727  
1  168 1234853194  
2  114 
3 
2  134 
2  95 
1  65 919842159  
3 
1  101 23884909  
2  8 
2  120 
3 
1  81 1934479464  
2  112 
2  43 
1  163 757354853  
1  25 439873604  
3 
3 
3 
3 
1  179 642241861  
1  158 1946025098  
3 
3 
2  158 
2  51 
3 
2  35 
3 
1  110 1631136749  
2  7 
1  50 1898137541  
2  7 
2  52 
2  89 
1  1 2117114226  
2  10 
1  14 1202957532  
3 
2  16 
3 
3 
1  134 338438481  
3 
3 
1  98 744589665  
1  86 1353720430  
1  54 1368699651  
1  146 1081487155  
1  74 597198355  
3 
1  33 1428884878  
2  90 
2  6 
3 
1  171 1175951526  
1  117 1337796397  
3 
1  72 730180810  
3 
2  42 
2  101 
3 
1  50 748513764  
1  178 911971677  
2  73 
3 
1  80 125351152  
3 
1  74 1383690927  
3 
1  147 1339393971  
3 
2  88 
3 
3 
1  15 1350564882  
2  116 
3 
3 
2  7 
2  177 
2  51 
2  106 
2  144 
2  30 
2  21 
1  144 1061540688  
1  24 1608676662  
1  37 1722424609  
2  31 
3 
2  45 
3 
2  64 
1  3 148910234  
3 
2  45 
2  15 
2  28 
1  36 381035173  
2  35 
2  32 
3 
1  160 1746309518  
2  172 
3 
3 
2  73 
3 
1  140 2083389699  
3 
3 
1  121 1138390027  
2  159 
3 
2  113 
3 
3 
1  113 38699475  
2  143 
3 
2  23 
1  70 578147912  
1  104 936931477  
1  58 1669836224  
3 
1  154 328801805  
3 
3 
3 
3 
2  77 
1  48 906562056  
2  107 
3 
3 
3 
2  10 
3 
2  125 
2  112 
2  138 
2  22 
3 
2  61 
3 
3 
2  133 
2  75 
1  60 725310108  
1  175 667240286  
1  13 1651151721  
1  53 2079030538  
1  11 2035939937  
2  63 
2  100 
3 
1  105 585155228  
2  123 
1  164 528745245  
2  128 
1  85 1317341167  
3 
1  119 1761106755  
2  0 
2  50 
2  65 
2  66 
2  115 
2  56 
3 
1  96 1866541642  
2  14 
2  62 
1  101 2047521977  
2  131 
1  41 362136871  
1  82 631029672  
3 
3 
3 
3 
3 
1  45 25389481  
1  46 1745827798  
3 
3 
1  62 1970423643  
2  101 
2  8 
3 
2  125 
2  46 
3 
2  142 
1  152 1375954363  
3 
1  154 659884838  
3 
2  0 
3 
2  5 
2  26 
1  101 1431616658  
2  75 
1  91 950895324  
1  8 808795073  
2  54 
3 
3 
2  148 
2  55 
3 
1  64 1812651831  
1  118 549721194  
1  155 744701124  
2  85 
1  43 803558210  
1  155 588420669  
1  97 1322849036  
3 
1  143 1740489688  
2  98 
1  63 110773245  
2  8 
2  70 
2  143 
3 
1  53 1651650841  
3 
2  155 
3 
3 
3 
2  99 
2  16 
3 
1  98 499568096  
2  113 
3 
2  22 
3 
1  132 836083353  
1  115 171407479  
2  117 
3 
1  22 3236169  
1  111 767630243  
2  114 
1  35 59863768  
1  70 588391397  
3 
3 
3 
1  20 1296375488  
2  120 
2  81 
2  24 
3 
3 
2  59 
3 
3 
3 
1  63 1377204935  
3 
2  81 
2  89 
1  90 202014504  
2  82 
1  168 1015433483  
1  44 1277243264  
3 
3 
3 
2  84 
3 
2  37 
3 
1  138 564151375  
1  109 1646463155  
1  13 1302632745  
2  124 
1  21 162495526  
3 
2  62 
2  13 
2  76 
1  102 1469403150  
1  6 531103460  
2  11 
3 
1  170 822380364  
1  50 753536160  
2  150 
1  169 1481998784  
2  143 
1  0 1631175437  
3 
2  121 
1  66 418704344  
1  77 2031719978  
3 
2  101 
1  39 228392913  
3 
1  2 1222262554  
2  98 
2  72 
3 
2  104 
3 
1  112 472657000  
3 
3 
2  147 
1  167 1551241949  
1  123 815268594  
3 
3 
3 
3 
3 
2  124 
1  7 583430245  
2  112 
1  49 1055409142  
2  160 
2  166 
1  175 1314836690  
1  44 1419513599  
2  74 
3 
3 
2  123 
1  27 1226816621  
1  139 1318072859  
1  113 39660194  
2  18 
2  34 
3 
3 
3 
3 
2  33 
2  95 
1  37 1286680389  
3 
1  161 1906464257  
3 
2  29 
3 
1  10 1336035683  
1  117 516401676  
1  44 2108478761  
3 
2  86 
1  160 203985518  
3 
1  154 1793644940  
1  21 525146489  
2  154 
1  129 1850448673  
3 
2  10 
2  145 
2  153 
3 
2  64 
3 
1  66 948794037  
2  91 
1  74 687642015  
1  21 1172368175  
1  30 1479897497  
2  59 
2  75 
3 
3 
3 
1  24 1510022379  
1  155 1925904336  
3 
2  65 
2  138 
3 
3 
1  41 814412633  
2  150 
3 
3 
2  33 
3 
2  150 
3 
2  112 
1  78 993714169  
1  86 197125032  
2  103 
2  6 
2  164 
1  119 698648964  
3 
3 
2  64 
3 
3 
1  155 1222107082  
2  46 
3 
1  79 1419387586  
3 
2  142 
3 
3 
1  98 1171305964  
2  80 
2  161 
3 
3 
2  52 
1  143 625865384  
1  72 87172533  
1  71 1754736209  
2  156 
2  50 
2  29 
3 
3 
2  54 
1  59 1681274526  
1  73 1402009223  
2  98 
3 
3 
3 
1  20 1026766160  
1  169 760607500  
1  144 572598435  
1  0 1066426355  
1  138 2047287889  
2  99 
1  141 331579044  
1  15 254978390  
2  14 
1  118 416205918  
2  162 
3 
2  141 
1  154 292574157  
3 
1  2 458963908  
3 
3 
3 
2  81 
2  73 
3 
2  161 
3 
2  16 
3 
3 
2  145 
1  110 62367210  
2  34 
2  143 
3 
3 
3 
3 
3 
3 
3 
1  7 817720646  
1  98 161928933  
3 
3 
2  147 
3 
2  34 
3 
2  23 
3 
1  56 1011161248  
1  31 1505362661  
2  150 
3 
3 
3 
2  130 
1  171 1334297108  
2  132 
2  14 
3 
3 
3 
2  13 
3 
1  145 343575097  
3 
1  128 867901393  
3 
3 
2  21 
3 
2  105 
3 
3 
3 
3 
2  154 
2  139 
2  32 
1  81 1112717796  
3 
2  50 
2  52 
3 
1  55 1157987731  
2  14 
1  47 1861615562  
2  27 
2  52 
1  82 1309842828  
1  10 1856636695  
1  19 936238996  
3 
1  143 581746767  
3 
2  42 
1  43 880459011  
3 
2  58 
1  70 1562104380  
2  82 
2  31 
2  108 
3 
3 
2  36 
3 
3 
3 
1  13 668919300  
1  112 487711572  
2  146 
1  27 1095895259  
3 
1  72 2070928523  
3 
3 
2  169 
3 
1  55 1514477733  
1  146 1856502759  
1  69 496043310  
2  111 
1  143 433420440  
3 
1  140 1756307000  
3 
2  148 
3 
1  58 827622354  
1  57 688398830  
3 
2  153 
1  96 25029270  
1  70 1120196512  
3 
3 
1  140 1147362738  
1  122 87396481  
3 
1  69 1937917158  
3 
1  73 1309291671  
2  91 
1  89 1098557729  
1  6 1295796172  
1  93 496105131  
1  123 1442132826  
1  45 16213917  
2  174 
3 
3 
3 
3 
3 
1  11 1608822928  
1  33 452636909  
1  60 1877829479  
3 
1  149 771182108  
2  3 
2  31 
1  134 161789956  
2  14 
2  56 
2  92 
3 
2  73 
1  41 666584827  
3 
3 
2  5 
2  119 
1  36 1352928875  
2  79 
2  146 
2  15 
3 
3 
2  61 
2  114 
3 
3 
1  130 1042248967  
3 
3 
1  106 81205560  
1  155 2021848175  
1  78 1529960540  
2  76 
2  97 
3 
2  55 
2  131 
3 
2  7 
3 
2  125 
2  174 
3 
3 
1  83 1177100819  
1  86 1945293051  
2  136 
2  162 
3 
1  167 896954625  
1  106 886119930  
1  17 293852713  
3 
1  167 1330375065  
3 
2  147 
2  51 
3 
1  54 494943282  
3 
1  114 1121475068  
2  117 
1  127 2018773895  
1  27 519972553  
2  38 
1  58 94187932  
2  146 
2  104 
1  79 1018652985  
3 
1  1 607369034  
1  36 2032105090  
1  170 180461008  
2  94 
3 
2  1 
3 
2  168 
3 
3 
1  130 1705926763  
3 
1  79 1180417614  
2  30 
3 
2  82 
1  160 676566139  
1  171 1000575941  
1  155 1196631531  
1  81 137905419  
3 
1  61 1453212851  
1  157 926977362  
2  174 
3 
3 
2  74 
1  115 909087528  
3 
2  15 
3 
3 
3 
2  79 
3 
2  93 
3 
1  0 1615002807  
1  26 1593562190  
3 
1  95 114532755  
1  177 509768127  
1  12 1674767750  
2  135 
3 
2  127 
3 
2  174 
1  147 2136380931  
2  82 
3 
1  76 2039728667  
3 
2  24 
1  15 704384921  
2  45 
2  37 
2  135 
1  47 1934190334  
2  130 
2  42 
1  120 789199644  
2  165 
3 
2  90 
2  121 
3 
3 
2  51 
2  112 
2  158 
2  53 
2  7 
2  144 
1  19 1590504851  
1  0 80559399  
1  18 2119574709  
2  122 
2  130 
3 
2  95 
2  6 
2  132 
1  77 2085448133  
1  108 1202034467  
3 
1  89 1990864956  
1  7 457937038  
3 
1  68 1296222399  
1  162 862034293  
2  9 
3 
3 
3 
3 
1  96 1065306072  
2  87 
2  37 
3 
3 
3 
2  39 
2  81 
1  71 1180843842  
3 
3 
2  73 
2  126 
2  180 
3 
2  19 
1  97 1042495301  
3 
3 
2  164 
1  87 623749187  
3 
1  84 213777808  
1  160 1719061440  
3 
1  21 1624325129  
3 
3 
3 
1  54 1410409340  
2  46 
2  174 
1  146 1856966860  
3 
1  15 930054332  
2  100 
3 
1  27 189903054  
1  154 618570740  
3 
2  112 
2  55 
1  137 397573491  
3 
1  62 1783465244  
3 
2  8 
2  73 
1  0 733103495  
1  158 907341618  
3 
3 
3 
1  102 1310749346  
3 
1  68 722000778  
1  121 799586637  
1  65 2015134267  
2  158 
3 
2  26 
3 
1  80 508707464  
2  85 
2  68 
3 
2  71 
2  74 
3 
2  7 
2  107 
2  71 
2  67 
3 
2  138 
1  92 1588786281  
3 
2  38 
3 
3 
2  16 
2  63 
1  147 1458155470  
2  77 
2  165 
3 
2  118 
1  148 589266864  
1  152 1560877342  
2  83 
2  56 
2  164 
1  9 1396119956  
1  6 1791301331  
2  144 
2  149 
2  114 
2  115 
3 
1  100 1404258650  
1  56 1854056994  
3 
3 
1  55 940040083  
1  142 118809295  
3 
1  46 771879419  
2  97 
2  58 
2  31 
2  51 
2  16 
1  169 2120883925  
1  128 1161304596  
2  116 
3 
1  90 1395628606  
1  62 187178085  
1  6 732882389  
1  166 872470087  
3 
1  106 1597587425  
1  70 442365601  
1  47 1802524419  
1  21 1787490480  
2  38 
2  163 
2  91 
2  167 
3 
1  48 1060936341  
1  144 52614263  
2  68 
3 
1  18 1423472076  
3 
1  177 1794039836  
1  83 959955881  
2  69 
1  71 586737775  
1  21 368556967  
1  169 1759542519  
3 
1  137 454388394  
3 
1  136 877264431  
2  66 
1  74 1200845152  
3 
1  168 1912543865  
3 
1  7 1466531295  
1  9 614238847  
1  64 1161180173  
2  119 
1  71 1110348979  
2  29 
2  72 
2  65 
3 
2  38 
1  124 2018497497  
3 
1  42 867753519  
1  116 2050389062  
1  108 2137306793  
3 
2  90 
1  118 1639632938  
3 
3 
2  77 
1  10 2023789339  
3 
2  159 
1  102 1151127741  
3 
2  159 
3 
3 
3 
1  22 887777897  
2  60 
3 
1  173 63483776  
1  39 1884010130  
2  22 
2  50 
1  61 1760247984  
2  109 
3 
2  5 
2  134 
3 
2  155 
2  78 
1  30 1661071202  
2  97 
2  26 
1  94 178892083  
3 
3 
1  121 1415288756  
2  141 
2  7 
2  32 
1  140 1301078034  
2  31 
3 
3 
3 
2  175 
2  139 
3 
3 
3 
3 
1  75 1239828424  
1  148 1467903019  
1  152 577066462  
3 
3 
2  125 
1  73 886384613  
1  130 280375252  
1  26 1163804237  
1  12 1254941580  
2  92 
3 
1  70 2039917771  
3 
3 
1  99 1618192632  
3 
2  52 
1  152 2132206011  
2  163 
1  19 1093279276  
2  128 
1  67 1383252849  
3 
2  72 
3 
2  114 
1  75 1451253659  
1  88 1707518123  
3 
1  52 396949374  
3 
3 
1  158 414118990  
3 
3 
1  183 1578531972  
2  9 
1  182 1264702893  
1  12 317024404  
3 
3 
2  8 
2  111 
1  50 1568355117  
3 
1  85 756852184  
2  141 
1  121 193330095  
1  139 571999211  
3 
1  7 1644630081  
1  18 256813871  
2  62 
2  125 
1  55 308525693  
3 
2  151 
1  46 1257394417  
3 
3 
1  98 1917885073  
3 
3 
2  115 
2  27 
1  124 487417777  
3 
2  0 
1  19 525199525  
3 
2  108 
3 
1  29 1071479459  
2  106 
2  176 
1  29 1727246201  
3 
1  44 1993102544  
3 
3 
2  126 
3 
3 
3 
2  9 
2  90 
3 
2  38 
1  26 1648545922  
2  56 
3 
1  14 466147166  
1  115 125994149  
3 
3 
3 
3 
2  110 
3 
1  26 664866511  
2  137 
3 
1  59 1721088746  
3 
3 
2  84 
3 
2  35 
3 
1  27 18428272  
2  5 
3 
2  130 
2  54 
2  31 
3 
1  166 135575495  
3 
1  73 1705811110  
3 
2  139 
1  89 1111707548  
2  44 
2  140 
2  12 
1  63 1518828344  
1  130 1009581121  
3 
3 
2  80 
3 
1  90 671742023  
2  123 
1  153 1915777718  
1  70 1423700111  
3 
2  90 
2  170 
3 
1  72 102790348  
1  70 1032996964  
3 
3 
2  124 
2  64 
1  134 1740724515  
3 
2  80 
2  181 
2  49 
2  173 
2  120 
2  86 
1  83 1671145465  
1  144 1789849148  
3 
2  24 
3 
3 
1  80 1934054610  
2  156 
3 
1  90 95661028  
3 
1  142 1286995581  
2  87 
2  108 
2  18 
1  156 43384833  
2  111 
2  17 
3 
1  14 404186722  
1  156 396906350  
2  76 
3 
3 
1  0 1961269907  
2  164 
2  7 
1  9 891604499  
1  3 922105876  
3 
2  132 
1  135 885265718  
3 
2  62 
3 
1  38 471367052  
3 
2  73 
3 
1  170 767724772  
1  3 386327992  
3 
1  92 937514219  
3 
1  132 893718921  
1  170 1051194504  
3 
3 
3 
2  168 
1  61 511119317  
1  135 912147194  
2  22 
1  19 1186769999  
3 
3 
3 
1  31 69446779  
1  64 2023854742  
3 
3 
3 
2  19 
3 
1  46 558114696  
2  92 
3 
3 
1  13 1079027900  
3 
1  166 548113118  
1  121 326408766  
1  186 355244363  
1  14 650903466  
3 
3 
3 
2  17 
2  12 
1  57 1359405730  
3 
3 
3 
3 
1  69 2095968878  
2  151 
1  162 174565283  
1  15 1001771230  
1  112 1882539840  
1  55 270226312  
3 
3 
1  49 141283163  
1  77 1925924674  
3 
1  187 674413034  
1  27 538189514  
3 
2  73 
2  167 
2  149 
3 
3 
2  79 
1  190 1739710933  
2  91 
1  83 1566017533  
3 
2  172 
3 
3 
1  81 1460295390  
1  145 477493003  
3 
2  153 
2  181 
2  94 
3 
2  21 
3 
2  182 
3 
1  9 2037384585  
2  154 
1  68 80536514  
3 
3 
2  51 
1  119 863820996  
1  39 827415156  
3 
1  120 974255436  
3 
1  103 1915015500  
2  161 
3 
2  188 
2  139 
3 
2  117 
2  60 
3 
1  3 1338534474  
2  26 
1  93 1886402630  
3 
3 
2  89 
3 
2  116 
1  158 954301851  
3 
2  32 
3 
3 
3 
3 
3 
2  49 
3 
3 
3 
3 
3 
1  74 1407981253  
1  79 1762773724  
2  81 
1  55 1512416547  
2  139 
2  117 
3 
2  39 
3 
3 
2  107 
2  139 
3 
3 
2  90 
3 
2  78 
1  89 339525506  
2  144 
3 
2  65 
2  6 
1  137 163403194  
1  92 1838825314  
3 
1  138 694769869  
3 
1  43 814306660  
1  186 1050747396  
1  56 643255100  
1  107 988871944  
1  42 2052518627  
3 
3 
1  163 378311292  
3 
2  3 
2  132 
1  84 1259098256  
1  192 46318142  
1  179 156752318  
2  74 
2  44 
3 
3 
2  81 
2  37 
1  176 1933511290  
1  149 584507656  
2  147 
1  61 1896463251  
2  149 
2  37 
3 
1  37 1352045175  
1  82 2044803046  
3 
3 
2  32 
3 
1  27 226472607  
2  17 
1  30 1241946112  
1  31 2125339561  
3 
2  10 
2  100 
3 
3 
1  20 1090293603  
3 
1  72 2069361269  
3 
2  18 
1  4 952111349  
2  69 
3 
3 
2  99 
3 
1  149 857825455  
2  17 
1  175 1260412095  
3 
2  109 
1  176 691030331  
2  111 
2  56 
2  72 
3 
1  167 1812127306  
3 
1  63 520909700  
1  131 306320407  
1  146 1177060206  
1  49 860435206  
1  59 469723602  
2  4 
3 
2  29 
2  81 
3 
1  159 868401872  
1  173 1555205076  
3 
2  59 
3 
1  17 1284030262  
1  145 1919149268  
3 
1  139 50976528  
1  124 125418558  
2  64 
2  145 
2  83 
3 
3 
1  50 1824184247  
2  18 
1  116 429287820  
2  28 
3 
2  172 
2  90 
2  74 
1  150 1384516814  
2  59 
2  149 
1  171 1870502390  
1  69 586040139  
2  57 
2  99 
3 
1  74 1170544456  
1  77 307526398  
1  110 335019742  
2  19 
1  53 375105983  
2  44 
1  178 204845797  
1  117 561492349  
1  129 1617052096  
3 
1  4 182701710  
2  7 
3 
1  181 1651785952  
1  172 1538929717  
1  44 1134813059  
1  144 362127759  
3 
2  103 
3 
2  119 
2  111 
1  78 651858164  
3 
2  77 
3 
1  182 1825843390  
2  126 
3 
3 
1  113 26771418  
2  180 
2  23 
3 
3 
3 
3 
3 
2  71 
1  15 1172767864  
1  161 2132163797  
1  148 1203831624  
1  98 2033203071  
1  73 454403751  
1  151 2072233496  
3 
1  143 1440924499  
3 
2  122 
1  77 1738434014  
1  2 1843899116  
3 
3 
1  81 1491901027  
1  41 1863852572  
1  153 1520599716  
3 
3 
1  9 1921188847  
3 
2  59 
1  186 1100885739  
2  114 
2  3 
2  69 
3 
3 
2  19 
3 
1  170 1243618458  
1  97 359745338  
1  59 123946547  
2  13 
2  29 
1  141 1551144856  
3 
3 
3 
1  75 694765081  
1  130 499052531  
3 
1  102 1755990653  
2  73 
2  38 
3 
1  133 1256257430  
2  14 
3 
2  98 
3 
1  142 2116104627  
2  111 
3 
3 
1  104 1938692363  
3 
1  93 760559735  
2  44 
3 
3 
2  82 
3 
1  142 1507550696  
2  103 
2  114 
3 
2  25 
3 
3 
1  131 926021774  
3 
1  12 1122687494  
1  16 11925212  
3 
1  12 604381516  
3 
1  172 1149458912  
3 
2  42 
3 
1  117 1184693076  
2  34 
1  35 589061666  
2  43 
1  24 205806888  
1  168 1070412499  
1  38 1043465417  
1  150 130556736  
2  142 
3 
1  45 363853350  
3 
2  164 
3 
3 
2  142 
2  68 
1  100 634415783  
1  9 1974455853  
3 
2  15 
3 
2  89 
1  26 1855754377  
2  134 
1  118 350784708  
3 
2  124 
3 
1  52 1347571921  
3 
3 
2  55 
2  57 
2  58 
1  57 1629459577  
1  5 1451670447  
1  121 443706731  
2  28 
1  54 1989204915  
1  50 1575616994  
3 
3 
2  69 
3 
3 
2  111 
3 
3 
1  45 1994851587  
3 
3 
1  10 536486348  
2  139 
2  133 
3 
2  75 
2  51 
3 
1  74 2074669525  
1  78 1603358593  
2  114 
1  63 1792743779  
3 
3 
1  156 2043290504  
2  29 
2  65 
3 
1  0 1394567308  
1  119 405819866  
3 
2  180 
2  158 
2  45 
2  141 
1  24 1403357552  
1  170 173105435  
1  97 1528507360  
1  59 1415282764  
3 
1  16 777486951  
2  19 
3 
3 
1  79 530482625  
2  139 
3 
2  132 
2  76 
1  163 452492193  
3 
1  1 1366548617  
1  92 736289513  
2  173 
3 
3 
1  69 1522904692  
1  59 262530387  
2  52 
3 
3 
3 
1  123 866846250  
1  101 1886758043  
2  153 
2  2 
1  37 896946170  
3 
1  11 693818455  
2  24 
2  161 
3 
2  72 
2  30 
3 
1  65 1595028772  
1  162 1247730878  
3 
1  91 2041390376  
1  25 1077004701  
2  133 
3 
3 
1  49 551917677  
1  41 337613459  
1  68 918725969  
1  49 2127534672  
2  33 
2  78 
3 
1  8 184981398  
3 
2  151 
2  120 
1  112 1455212317  
3 
3 
3 
1  11 2054720549  
2  60 
2  59 
3 
2  0 
2  70 
1  65 1788339991  
1  109 1100472448  
1  103 1950527406  
2  21 
2  155 
1  93 1035423652  
1  150 1506292314  
3 
2  40 
1  14 1206401310  
3 
1  76 1208529087  
3 
1  163 887316027  
3 
1  64 474200427  
2  8 
2  51 
3 
1  95 1986016038  
1  94 1417798652  
1  131 926692620  
1  88 1205081008  
3 
3 
1  81 6604517  
1  115 302113664  
2  137 
2  118 
2  79 
1  123 1467611395  
2  80 
1  48 873450767  
2  183 
2  151 
3 
3 
2  82 
2  164 
1  140 41388059  
1  44 217073917  
3 
3 
1  8 1567269222  
1  105 1636416832  
3 
1  185 1464804796  
2  74 
3 
2  128 
3 
2  98 
2  54 
3 
2  187 
3 
2  149 
1  133 1461175950  
2  82 
1  137 565937885  
1  77 2016722473  
2  46 
2  102 
1  80 1798789409  
1  6 1484663854  
3 
1  115 1996773497  
2  95 
3 
2  73 
2  168 
3 
1  143 1983770808  
3 
3 
2  129 
1  60 792392524  
1  185 1904010399  
1  83 1624627151  
3 
3 
1  27 1892864972  
2  4 
1  128 1707054157  
1  115 512567155  
1  181 1251673639  
2  176 
3 
2  123 
1  36 765971819  
1  156 1721096242  
3 
3 
3 
2  103 
1  184 2138989666  
1  127 1240172246  
3 
1  22 1559628633  
1  137 1409304670  
1  60 19381218  
2  92 
2  149 
3 
1  173 617225993  
2  75 
3 
2  94 
3 
2  103 
3 
2  151 
3 
3 
1  26 1415909187  
3 
3 
1  166 321494883  
3 
1  136 2084837388  
3 
2  102 
1  190 141876307  
1  8 362882942  
1  47 154427657  
2  115 
2  57 
1  65 1709145529  
2  93 
2  94 
3 
3 
3 
1  52 1999299774  
3 
1  106 1619232453  
1  51 1022837832  
3 
2  193 
2  155 
2  12 
2  168 
1  57 417754012  
2  61 
2  106 
1  47 1488471279  
2  101 
1  193 674143593  
1  48 1902417866  
1  76 1337761128  
2  74 
2  80 
1  46 510430753  
3 
3 
2  101 
1  88 547326742  
1  162 1094287879  
3 
3 
2  126 
1  47 2135057905  
2  168 
2  3 
2  78 
2  102 
1  128 292708067  
3 
1  20 653858388  
3 
1  51 500141412  
3 
1  136 1544381706  
1  95 1419830208  
1  173 73754007  
2  191 
3 
2  41 
2  178 
3 
1  13 1535887724  
1  177 512518806  
1  122 1633382640  
2  92 
1  99 797708746  
2  174 
1  44 531900025  
3 
2  179 
3 
1  151 103124985  
1  67 66134285  
3 
3 
1  81 853394908  
3 
2  119 
2  7 
2  49 
2  18 
3 
1  155 40478725  
3 
3 
3 
2  27 
2  43 
1  41 208010592  
2  132 
1  16 1216277850  
2  129 
2  134 
2  69 
3 
1  51 194906382  
2  4 
2  185 
2  23 
2  135 
2  191 
2  10 
1  84 1917156122  
1  194 1068093977  
1  41 1814138836  
3 
1  51 792510306  
2  87 
3 
1  71 1485847989  
1  64 1155126467  
3 
1  167 1466653899  
2  75 
2  81 
1  163 1240782207  
3 
1  178 345403947  
3 
3 
1  57 1977084653  
3 
2  143 
2  167 
3 
2  6 
2  50 
3 
1  177 1788108950  
3 
2  76 
2  82 
2  171 
1  90 1439691827  
3 
3 
3 
1  81 1964658910  
1  10 2080817017  
1  53 2093550215  
1  133 317316674  
2  188 
1  135 1477715075  
2  163 
1  102 1365896775  
2  150 
3 
1  169 391070681  
2  5 
1  5 866119151  
1  0 1878415582  
3 
2  1 
3 
2  53 
1  53 2024453321  
2  26 
1  52 1663827897  
3 
2  39 
1  28 262831959  
2  182 
3 
3 
3 
1  17 2127578306  
3 
2  189 
2  17 
1  88 1729962182  
3 
3 
1  29 1116226867  
2  145 
1  149 20573383  
1  114 1937972775  
2  1 
2  188 
3 
1  141 185021069  
3 
2  91 
3 
2  99 
3 
1  103 215479766  
2  197 
2  110 
1  159 1707645249  
2  2 
3 
2  70 
2  184 
3 
1  20 1253115046  
1  147 2029618602  
3 
2  73 
3 
1  38 352671907  
2  181 
2  120 
1  114 591479387  
1  98 1037261421  
1  32 1819325806  
3 
3 
1  99 1832261595  
1  12 1382665368  
1  131 1648926811  
1  136 1472886897  
3 
2  190 
1  155 674873547  
2  116 
2  27 
2  25 
3 
3 
3 
3 
1  142 1466102073  
2  151 
1  166 1406220266  
3 
2  22 
3 
3 
2  149 
2  90 
3 
3 
2  150 
2  62 
3 
1  171 620940115  
2  103 
1  42 1783418748  
1  122 736451693  
2  107 
3 
1  88 1986836890  
3 
2  183 
1  150 27005781  
1  159 1602570844  
3 
3 
1  180 1717768824  
1  128 2051459103  
3 
1  46 1118915093  
1  105 1980600783  
3 
1  154 2031553761  
1  80 701393627  
3 
1  150 949344002  
3 
3 
1  39 2052127145  
1  7 491882754  
3 
1  154 1134365072  
1  57 120123263  
3 
3 
2  65 
3 
1  27 52044355  
2  38 
1  18 239996470  
3 
3 
1  81 2258217  
3 
1  118 404716262  
2  157 
2  191 
2  34 
3 
2  59 
2  177 
1  149 831475858  
2  186 
2  191 
2  10 
1  128 1039519638  
1  72 76558421  
3 
1  115 516253805  
2  25 
2  54 
3 
3 
2  97 
3 
1  65 274701358  
1  131 1725485232  
2  96 
3 
3 
2  89 
2  65 
2  68 
1  153 1989140702  
2  62 
1  143 949574906  
1  135 1044103658  
2  188 
2  79 
3 
3 
1  87 1247877320  
2  48 
3 
3 
3 
1  161 1570515021  
1  115 680038758  
1  36 1984329013  
2  40 
2  171 
2  137 
2  22 
2  89 
2  52 
2  64 
2  72 
2  188 
1  165 1409868263  
1  22 707044539  
1  137 1439416209  
3 
1  85 980153440  
3 
1  3 611019994  
1  4 410847654  
1  8 813270575  
3 
2  187 
3 
2  183 
2  30 
1  137 495090108  
3 
2  186 
1  37 1112241281  
3 
3 
3 
1  54 1762614578  
2  74 
2  110 
3 
3 
1  41 399733605  
2  18 
2  15 
3 
3 
3 
3 
2  141 
3 
2  159 
2  0 
1  124 1604124036  
3 
1  160 749496002  
3 
2  147 
1  7 519856868  
2  130 
2  75 
3 
3 
3 
1  50 1656168391  
1  43 989492472  
3 
3 
1  4 522115085  
2  192 
1  101 2060884654  
3 
3 
3 
2  94 
1  194 1820968330  
3 
2  150 
3 
2  130 
2  130 
1  102 1561634723  
3 
1  94 2137443075  
2  56 
1  144 189738487  
2  144 
1  132 1836336081  
1  145 1715444659  
1  49 31395541  
3 
1  167 638427339  
3 
1  125 612064669  
3 
2  66 
2  150 
3 
1  120 1279272861  
2  126 
3 
3 
2  164 
2  77 
2  56 
2  96 
3 
2  144 
2  116 
1  182 61458712  
3 
3 
2  140 
1  72 1292103427  
1  120 1116118226  
1  68 1471326976  
3 
2  80 
1  10 1999147967  
3 
2  108 
3 
1  19 408050787  
1  11 303996768  
3 
3 
1  118 462684313  
3 
2  105 
1  155 818898441  
2  110 
2  67 
3 
1  89 1117267343  
3 
3 
3 
3 
1  197 957774421  
1  191 1931139723  
2  145 
2  193 
2  174 
3 
2  111 
2  50 
2  23 
3 
1  94 732398273  
1  189 1357508026  
3 
2  47 
2  14 
3 
2  59 
2  143 
2  106 
2  129 
1  11 1387780111  
1  156 1481894275  
2  79 
2  164 
2  11 
1  162 1877364894  
1  192 896464854  
3 
3 
3 
1  71 323903100  
2  50 
3 
2  98 
1  40 251996331  
3 
1  90 809865860  
1  59 2144871430  
3 
3 
1  106 1813631054  
3 
1  81 799825287  
1  90 187126270  
2  36 
2  41 
2  77 
2  13 
1  77 1502483488  
1  181 367786299  
2  28 
3 
3 
2  16 
3 
1  93 218521811  
3 
2  34 
1  189 2140910827  
2  131 
3 
1  81 979850968  
3 
2  24 
3 
3 
1  6 1497794673  
2  160 
2  123 
2  139 
2  56 
3 
3 
3 
3 
3 
2  182 
3 
1  39 54885892  
3 
2  89 
2  72 
2  65 
3 
3 
3 
2  36 
2  76 
2  79 
3 
2  148 
3 
1  7 124470748  
1  75 466429251  
1  121 1526212868  
1  114 2123618715  
3 
3 
3 
3 
3 
2  72 
1  144 874480039  
3 
3 
3 
1  120 1830209636  
2  80 
3 
1  152 438819380  
2  57 
3 
3 
1  41 1693378480  
3 
1  149 799993331  
2  22 
3 
1  7 1396593802  
2  163 
2  82 
2  15 
2  104 
1  37 1477034555  
1  130 1532391605  
3 
1  24 606618180  
1  40 717331018  
2  67 
1  149 866802232  
1  87 336499427  
1  45 1613795873  
3 
2  85 
2  25 
2  92 
2  86 
2  44 
3 
1  49 1190705332  
1  29 588495758  
3 
3 
1  91 276178085  
2  79 
2  68 
3 
3 
3 
2  134 
3 
2  12 
1  179 1188093115  
1  115 254643165  
3 
2  63 
1  175 1076003373  
1  39 1375219385  
2  113 
1  63 1757126653  
2  89 
1  65 1443789672  
2  161 
3 
2  124 
3 
2  96 
2  141 
2  23 
3 
3 
3 
1  29 1593741196  
1  66 1750553832  
1  138 276156992  
2  124 
1  74 944052221  
2  165 
2  48 
3 
2  126 
1  154 1805439724  
3 
3 
3 
2  9 
2  39 
3 
3 
3 
3 
1  94 400627740  
1  142 1410481473  
2  30 
2  154 
2  49 
1  120 1184168944  
3 
1  122 376762807  
2  85 
3 
1  66 137477864  
2  7 
1  37 866894932  
1  6 815582188  
3 
1  164 1830856344  
2  82 
3 
2  117 
3 
3 
2  167 
1  150 1666888264  
3 
3 
2  122 
3 
1  88 64692342  
1  2 1160407252  
3 
3 
1  97 1051796221  
3 
1  45 671310522  
1  113 1877738270  
1  54 1918598453  
1  17 1007809949  
1  81 1344050495  
2  130 
3 
2  0 
2  100 
3 
3 
2  66 
1  55 961820138  
2  63 
3 
1  82 1596305708  
2  69 
2  150 
2  162 
3 
3 
1  119 1620228581  
2  175 
2  181 
3 
3 
3 
3 
2  147 
3 
3 
3 
1  40 2429605  
3 
3 
3 
1  34 1850948873  
3 
2  17 
3 
1  145 548748306  
1  43 1377648990  
1  118 1460591878  
2  114 
1  59 1992537978  
1  4 823906538  
3 
1  161 1063662062  
1  117 121211322  
