2  21 
2  5 
2  0 
2  37 
3 
1  20 160789599  
3 
2  0 
1  15 1024914169  
1  0 513434016  
3 
2  63 
2  0 
1  92 656952229  
2  46 
1  0 809963743  
1  86 1787402671  
1  36 358606911  
1  0 356095001  
2  0 
3 
2  0 
1  0 343941280  
3 
3 
2  0 
3 
3 
2  0 
1  46 618891704  
2  0 
2  0 
3 
2  0 
1  0 445736307  
2  0 
1  0 300297519  
2  0 
3 
1  8 1327059315  
2  29 
2  0 
2  0 
1  77 1462735768  
1  0 423852945  
3 
1  0 290948715  
3 
3 
3 
3 
3 
3 
2  0 
2  7 
1  74 319728045  
2  25 
2  0 
1  16 1905265917  
3 
1  0 1337188097  
3 
1  0 1595399653  
1  1 1223373699  
3 
1  44 1429526868  
3 
3 
3 
3 
1  2 419809970  
2  2 
1  2 1255643616  
2  2 
1  2 2066082231  
1  1 1066344870  
1  23 1552976127  
2  3 
3 
1  2 342601627  
3 
3 
3 
1  1 1010013127  
2  103 
2  90 
2  5 
2  0 
2  48 
1  1 330248159  
3 
3 
3 
1  80 625490043  
1  56 1170802727  
1  77 1355162328  
1  0 1138924059  
2  104 
1  0 1827754956  
2  16 
2  6 
1  1 17642423  
2  3 
1  4 778843083  
3 
2  45 
1  2 38878219  
1  69 373737424  
3 
1  11 1122784363  
3 
2  0 
1  25 657769923  
3 
1  5 819473731  
3 
1  2 1423081882  
2  22 
2  2 
3 
3 
3 
1  3 1984829239  
1  31 134725852  
2  5 
3 
2  51 
3 
2  6 
2  32 
1  89 1846934828  
2  46 
1  52 128294306  
1  23 454453897  
1  5 1604717097  
2  2 
3 
3 
2  3 
1  0 1465482403  
1  4 2049853551  
1  5 680607148  
2  73 
1  1 747525624  
1  8 322179873  
3 
3 
3 
2  6 
3 
3 
3 
2  11 
3 
1  4 1936250765  
1  36 666124207  
2  21 
1  14 1388524743  
2  59 
3 
1  8 1341743244  
3 
3 
3 
2  63 
3 
3 
3 
3 
1  11 1008725834  
3 
3 
2  0 
2  69 
2  85 
3 
1  2 251054223  
1  1 1671991403  
2  76 
1  61 1634215877  
1  11 1421856950  
3 
1  101 879670083  
2  1 
2  3 
3 
2  8 
2  95 
1  7 625656289  
1  6 1102128258  
1  7 897312506  
2  51 
3 
2  11 
2  37 
1  114 1404499372  
2  80 
3 
3 
2  1 
1  9 1141006477  
2  2 
2  9 
1  3 1271049930  
1  104 379800087  
1  6 1798776401  
1  28 2090523662  
3 
1  12 1802881969  
3 
1  5 1636121992  
3 
1  115 77765866  
3 
2  5 
3 
2  65 
3 
1  92 1502333149  
1  65 1764416298  
2  8 
2  82 
1  20 532219763  
3 
3 
2  10 
1  97 959566599  
3 
3 
1  1 1082415053  
3 
2  13 
1  0 434589666  
2  9 
3 
3 
2  43 
1  7 1640173747  
3 
1  13 1829940677  
1  84 756769540  
1  11 1428940864  
2  18 
3 
1  2 348581236  
3 
2  13 
2  10 
1  31 2145294283  
3 
3 
2  59 
2  1 
3 
3 
1  67 623200460  
2  6 
2  46 
3 
3 
2  36 
2  7 
3 
1  5 1357307070  
2  7 
1  22 248864858  
1  82 147708215  
2  3 
1  2 844039300  
2  21 
1  23 1670721808  
2  8 
1  80 1027378298  
1  98 1469695589  
1  9 625366418  
2  30 
3 
3 
1  91 1924690804  
2  1 
1  110 726711313  
2  29 
3 
1  109 1766372896  
1  58 1048257087  
1  79 1106511400  
2  55 
3 
1  74 1417665649  
2  0 
2  96 
3 
1  75 991297101  
3 
3 
3 
2  4 
1  2 761909721  
3 
3 
2  62 
1  88 906303993  
2  91 
2  109 
1  65 1069062967  
2  6 
3 
3 
1  47 116759223  
3 
3 
1  6 523236643  
3 
1  21 1601282730  
1  64 1076325822  
2  64 
1  90 1605651696  
1  7 2035872397  
2  104 
3 
2  19 
1  14 569015921  
3 
1  94 1288108726  
2  57 
2  1 
3 
2  7 
1  21 645158289  
1  59 1997956786  
2  25 
3 
3 
1  25 1636689962  
1  70 642968924  
3 
1  26 473673598  
2  5 
1  4 846513385  
2  5 
2  104 
1  7 891833783  
1  101 621381814  
1  1 1690552685  
2  37 
3 
2  60 
1  3 415071943  
2  77 
2  20 
1  6 1648760112  
3 
1  6 1012764626  
1  10 1040438362  
2  20 
3 
3 
2  13 
3 
3 
1  12 1425967269  
2  7 
1  8 1739475939  
2  33 
1  33 659327610  
2  4 
1  3 326740708  
3 
2  29 
3 
2  63 
2  84 
2  9 
1  7 698503691  
1  5 2076993259  
1  1 1318037809  
3 
1  6 1460413412  
2  5 
3 
1  5 835813604  
3 
2  58 
1  6 239617128  
1  62 1577172635  
1  15 1359050247  
3 
1  57 1840899858  
1  5 506014809  
3 
3 
3 
2  5 
1  1 817218295  
3 
2  86 
3 
3 
2  9 
3 
1  14 1729288607  
1  2 1075030731  
1  95 2105327021  
1  32 226963248  
1  66 925503869  
2  65 
1  17 1594533336  
1  0 869932173  
1  101 1399177467  
2  3 
1  89 293563073  
1  99 1761765956  
3 
1  0 2020559281  
3 
3 
2  84 
1  1 1984115758  
3 
2  9 
1  1 29354251  
2  92 
3 
2  7 
2  52 
3 
3 
2  27 
1  19 1521835746  
2  109 
3 
3 
2  9 
3 
2  13 
2  96 
1  106 849396736  
2  116 
2  15 
3 
2  64 
1  4 1069792613  
3 
3 
3 
2  10 
3 
1  0 800319367  
3 
2  14 
3 
2  81 
2  13 
2  12 
3 
3 
2  95 
2  106 
1  116 441389027  
1  96 1729120223  
2  5 
1  22 1127060075  
3 
1  86 1139892718  
2  10 
1  48 1658629834  
2  110 
3 
2  40 
3 
2  29 
1  14 297614236  
1  73 452822482  
3 
3 
2  49 
2  9 
2  5 
1  54 346959790  
1  2 537231364  
1  13 2029995118  
3 
2  2 
2  89 
2  10 
3 
2  12 
3 
3 
3 
3 
3 
1  2 1706010037  
2  54 
3 
2  6 
2  10 
1  5 230647574  
1  97 388526279  
3 
3 
3 
3 
2  3 
2  33 
2  52 
2  108 
3 
3 
1  112 375744685  
1  43 1959936182  
2  42 
2  67 
3 
1  70 1463557010  
1  9 333588058  
3 
1  8 39415782  
1  37 241577231  
2  6 
1  3 1928121394  
1  11 909347955  
3 
1  79 1640754699  
1  87 74200819  
3 
3 
1  35 523630263  
2  66 
1  26 1513830332  
3 
1  8 2058316577  
1  84 552984515  
1  7 888182430  
2  103 
1  88 760229665  
1  26 1622777128  
3 
3 
1  3 1688501797  
1  19 1201618692  
1  0 1204413704  
1  7 668078224  
2  94 
2  18 
2  54 
3 
2  113 
1  35 194027762  
3 
2  0 
2  13 
3 
2  28 
2  1 
1  17 715559890  
1  68 965692460  
1  83 646850245  
2  73 
2  16 
1  13 1062519681  
3 
1  47 1502923824  
3 
1  5 529361715  
1  9 621046070  
3 
1  24 1733571399  
3 
2  2 
1  17 917887994  
3 
3 
2  22 
3 
3 
3 
1  0 996790755  
2  4 
1  15 1546023933  
3 
3 
2  99 
1  19 233961357  
2  28 
3 
3 
2  98 
1  29 1330378814  
3 
2  109 
3 
2  86 
2  8 
1  90 1585439715  
3 
1  29 475538588  
1  52 1111016560  
2  12 
2  10 
1  35 347304023  
3 
2  20 
3 
3 
2  7 
2  14 
2  30 
1  55 2116293287  
3 
2  10 
3 
2  5 
2  102 
1  12 1185217380  
3 
1  15 870934286  
1  11 1482639972  
1  48 1096050309  
3 
3 
3 
2  77 
3 
2  1 
3 
2  91 
3 
1  84 1423918801  
1  68 223338754  
2  52 
2  56 
2  60 
3 
2  5 
3 
1  27 1856279975  
3 
1  31 899212282  
3 
2  12 
2  15 
3 
1  1 1911840552  
3 
1  59 910415019  
1  96 2103625986  
2  53 
3 
3 
2  1 
3 
1  11 432435128  
2  13 
1  11 1104442782  
3 
2  13 
1  21 671702228  
1  9 1398127589  
2  38 
1  8 1751293027  
3 
3 
2  6 
2  15 
2  102 
1  108 1734221909  
3 
1  2 753567765  
2  10 
1  53 133171094  
1  58 207784332  
1  13 339655516  
1  79 1051059088  
3 
2  88 
3 
1  110 1204575087  
3 
3 
1  6 1885679449  
1  9 1285020445  
1  102 387470253  
2  9 
3 
3 
1  67 1323635517  
2  10 
2  82 
2  1 
3 
2  71 
1  85 1760559034  
3 
3 
1  12 1498486814  
1  61 1670939540  
2  15 
2  0 
2  23 
2  71 
1  4 1729368673  
3 
3 
1  3 536220546  
2  15 
1  4 394390178  
1  96 1064524997  
2  60 
1  4 1632270855  
3 
3 
2  56 
3 
3 
3 
2  5 
3 
1  10 1818308980  
1  39 1287863752  
3 
3 
1  9 1341067182  
2  10 
3 
2  79 
2  3 
1  9 570037614  
3 
1  36 1052220656  
3 
3 
1  4 103998554  
2  104 
1  1 526179952  
2  9 
1  11 1484655784  
3 
1  99 1208441336  
3 
3 
3 
1  12 1197882180  
3 
1  41 735299725  
1  13 812250715  
3 
1  14 784620442  
2  11 
1  29 1488867491  
1  113 945421809  
2  4 
3 
3 
3 
2  55 
2  54 
3 
3 
2  2 
2  0 
1  10 992404774  
3 
1  39 1828523007  
2  118 
1  0 1996480897  
3 
3 
2  68 
3 
1  14 49496213  
3 
1  6 1566718809  
3 
1  48 1134017695  
2  122 
3 
1  18 436966467  
2  16 
1  11 742870678  
2  47 
2  111 
2  22 
2  44 
3 
2  13 
1  16 747093081  
3 
3 
2  50 
3 
2  39 
2  103 
1  13 1935453281  
1  29 266326570  
3 
3 
3 
2  16 
3 
1  45 328978106  
1  58 324190179  
1  61 660716748  
3 
3 
3 
3 
2  0 
2  44 
1  5 1393503104  
1  6 1956461034  
2  12 
1  0 331542080  
1  118 533883208  
2  8 
3 
1  44 1150044569  
3 
1  19 901579694  
2  91 
1  51 1586103864  
3 
3 
2  17 
2  7 
3 
2  9 
2  3 
2  12 
3 
1  116 1254043123  
3 
2  37 
2  14 
1  10 1427759646  
1  12 923276000  
2  32 
2  107 
3 
3 
2  15 
3 
3 
3 
3 
1  54 315000811  
3 
2  33 
3 
2  51 
3 
2  10 
1  21 478158179  
2  33 
2  7 
2  90 
2  42 
3 
1  11 1658575726  
2  33 
2  104 
1  36 1127251526  
3 
2  13 
3 
2  2 
3 
2  8 
3 
1  69 1262778621  
1  33 999959569  
1  106 2072673335  
1  28 107699747  
2  45 
1  112 680998928  
3 
3 
2  6 
1  6 1921670584  
3 
1  84 157195960  
3 
3 
1  65 100234089  
1  2 908204631  
1  58 594162427  
3 
1  101 843104767  
1  1 1655297712  
1  53 382132060  
1  93 1109431337  
3 
1  7 1984275819  
2  14 
1  9 706322239  
3 
1  94 1770148086  
3 
1  9 1230295275  
3 
3 
2  105 
2  6 
3 
3 
2  2 
2  64 
3 
1  26 515299626  
3 
1  0 2101690166  
1  90 1764178483  
3 
1  25 1665344195  
1  8 855786213  
1  0 1202798699  
1  10 771903670  
3 
1  0 136062211  
1  8 2126074699  
3 
2  34 
2  18 
3 
1  108 1086904481  
3 
1  53 614220390  
3 
2  34 
3 
3 
2  80 
3 
1  105 1637166777  
2  1 
1  1 66672359  
3 
3 
2  88 
3 
1  29 1876999011  
1  9 489642698  
2  71 
1  27 2139345694  
2  49 
3 
2  5 
3 
3 
1  72 1984698758  
3 
1  96 1170641627  
3 
1  72 1913532630  
3 
2  15 
2  14 
3 
2  1 
3 
2  21 
1  82 2141894719  
2  64 
2  7 
2  105 
2  10 
2  46 
3 
2  92 
2  109 
1  74 1270875716  
3 
2  2 
1  69 674253614  
3 
2  21 
3 
2  62 
3 
3 
3 
2  62 
2  103 
2  64 
2  3 
2  3 
3 
3 
3 
2  5 
1  9 588573498  
2  19 
1  82 2113980484  
1  10 182067678  
2  90 
2  46 
3 
2  18 
2  4 
2  62 
1  88 970705559  
3 
1  1 1075928173  
1  91 18859849  
3 
2  13 
3 
1  12 1677027798  
3 
3 
2  3 
2  34 
2  4 
1  67 698592611  
2  1 
3 
1  8 1249155124  
1  84 44843776  
2  59 
1  85 652799130  
2  15 
1  2 865849959  
3 
2  103 
1  5 1710187971  
1  91 1508585343  
3 
3 
2  6 
3 
1  97 2068648658  
1  9 334607993  
1  81 1644647554  
3 
1  54 2047239710  
2  3 
1  38 1421512474  
2  0 
1  47 111384297  
1  11 1536922839  
3 
2  62 
3 
1  94 1488184833  
2  61 
1  36 1988383308  
2  7 
1  9 2026565538  
1  8 1480046879  
2  9 
2  93 
1  82 1825598419  
2  9 
1  8 1049723517  
1  8 1246095862  
2  23 
3 
3 
1  13 1820009490  
3 
2  22 
3 
2  9 
2  25 
1  10 173115585  
2  38 
3 
3 
3 
2  35 
1  91 1920349476  
1  53 261099340  
1  8 139612421  
2  1 
3 
3 
3 
1  14 2102417154  
2  53 
2  93 
2  110 
3 
2  59 
3 
3 
1  3 1231804899  
1  74 1215540595  
3 
3 
2  13 
3 
3 
1  56 2121277004  
3 
1  97 761349050  
1  3 1914133206  
2  85 
2  40 
3 
1  7 1222948480  
3 
2  8 
1  6 806192826  
2  30 
3 
1  87 419448688  
1  48 2088798440  
1  6 368897150  
3 
2  59 
2  12 
3 
2  116 
3 
2  6 
2  14 
1  19 1928034031  
3 
2  11 
2  8 
1  97 2009963450  
2  23 
1  6 703505143  
1  7 1425197938  
2  7 
3 
1  3 1909719512  
3 
2  23 
2  8 
1  108 2125017618  
3 
1  4 1536582235  
2  7 
2  0 
2  5 
2  9 
3 
3 
1  69 1299158704  
1  0 1465718803  
2  51 
3 
1  11 1377481895  
2  80 
1  16 1178240594  
3 
1  40 798282035  
1  69 1055596666  
2  79 
2  54 
3 
2  8 
1  88 80480463  
3 
3 
1  5 2044377897  
3 
3 
3 
2  10 
2  41 
1  1 728122508  
2  97 
2  85 
3 
2  13 
2  3 
2  109 
3 
1  8 253596048  
2  3 
1  26 1817243725  
1  8 989221849  
3 
1  103 393208470  
1  0 1772177231  
2  77 
3 
3 
2  59 
2  0 
2  4 
1  45 73543100  
2  82 
2  17 
2  24 
1  7 1608749065  
3 
1  97 1745970587  
3 
2  56 
3 
3 
1  3 834892150  
1  60 1375398623  
1  8 821435420  
2  26 
2  57 
3 
2  74 
2  90 
3 
1  13 1641084977  
1  73 1794847312  
1  53 762750212  
3 
2  23 
2  11 
1  5 2009982127  
2  3 
1  8 1575397695  
2  29 
2  14 
2  76 
2  13 
2  71 
3 
2  110 
1  89 625230014  
3 
3 
1  68 566003622  
2  26 
1  114 853111985  
3 
1  111 387465879  
3 
2  112 
2  104 
3 
3 
1  9 543537592  
2  8 
2  12 
2  7 
1  40 242210572  
2  5 
3 
2  10 
2  9 
1  43 1686624583  
3 
3 
2  20 
3 
1  2 2009256396  
1  19 1619692468  
2  3 
2  28 
2  80 
3 
1  7 717381529  
3 
1  2 660054783  
3 
3 
3 
1  6 527805486  
1  109 797861992  
2  81 
2  10 
3 
1  52 556949032  
2  9 
3 
2  106 
2  1 
2  0 
1  103 1255927995  
2  5 
1  76 1051458040  
3 
3 
3 
1  3 226709109  
3 
1  4 97666196  
1  19 1444666510  
1  3 1998886340  
3 
1  20 171209296  
3 
2  34 
3 
1  1 905931927  
1  100 1597373280  
1  29 1006101447  
3 
2  7 
2  99 
3 
1  2 133846903  
3 
1  3 271325052  
3 
2  3 
1  86 499702776  
3 
3 
2  39 
1  47 1928694215  
2  10 
1  84 1034075264  
3 
1  79 362201255  
2  58 
1  16 1356608262  
2  109 
3 
1  109 1659305278  
1  0 928204877  
3 
1  8 62236600  
3 
1  82 2046771157  
1  60 1471742470  
1  7 304447172  
1  9 1585912092  
3 
1  66 1333515218  
1  101 1924139640  
1  5 155809973  
1  73 1993570001  
1  75 304461479  
1  60 953671965  
2  113 
2  104 
1  62 403035385  
2  9 
1  62 1560389474  
3 
1  3 2005130006  
3 
3 
3 
3 
2  3 
3 
2  9 
1  72 629744494  
1  69 1658055670  
1  18 1302312868  
2  62 
1  39 481147186  
3 
1  3 1829264966  
2  13 
2  30 
3 
2  90 
1  63 60761148  
2  6 
2  7 
2  27 
1  7 2078520466  
3 
1  5 687882765  
2  112 
3 
2  107 
2  12 
2  3 
1  68 194608051  
1  31 202361870  
2  29 
1  90 1187585541  
3 
3 
3 
2  110 
1  110 2123302266  
1  39 1236437134  
2  39 
2  102 
1  2 1549786796  
2  54 
2  17 
1  5 1332426880  
3 
2  11 
3 
2  4 
2  6 
3 
3 
2  5 
1  5 748258765  
2  6 
1  6 330508026  
1  1 1394663480  
3 
2  55 
2  0 
1  8 647546274  
2  3 
1  63 1802250496  
2  49 
2  4 
3 
2  0 
1  93 1699110653  
2  53 
3 
2  7 
1  1 85974719  
1  0 988282066  
2  3 
2  6 
2  79 
3 
3 
3 
3 
3 
1  89 1475766645  
1  3 241784692  
1  77 834368419  
2  89 
1  4 1780228124  
1  92 1195456658  
1  13 1237403804  
2  21 
3 
1  7 1193133950  
2  52 
2  85 
3 
3 
3 
2  3 
1  40 1053103016  
3 
1  3 1867148298  
1  7 703705972  
3 
2  23 
1  101 207932236  
3 
1  73 200811836  
3 
1  10 385487291  
3 
1  16 268693384  
3 
2  9 
3 
1  3 131848655  
2  66 
1  83 1073370056  
1  6 463301435  
1  6 334210525  
3 
3 
2  108 
1  32 113471950  
3 
1  2 439120053  
2  3 
2  11 
2  6 
1  6 1570647660  
1  3 1663258746  
1  85 1771546934  
1  11 171422777  
3 
3 
2  5 
1  73 1993766772  
2  12 
3 
2  12 
2  9 
2  0 
2  101 
3 
1  110 1018726766  
2  2 
3 
2  0 
3 
1  3 818969051  
1  3 1648533620  
2  9 
2  94 
3 
2  101 
3 
3 
3 
3 
1  2 570353771  
1  2 904943770  
1  9 489332038  
2  8 
3 
2  2 
1  8 2046120417  
3 
3 
2  106 
2  66 
3 
2  14 
3 
3 
2  0 
3 
1  105 1146728463  
2  108 
2  3 
1  7 1323700457  
2  69 
3 
1  23 1678864893  
1  7 194701473  
2  3 
1  8 413620613  
1  5 724515196  
2  3 
2  3 
2  4 
3 
3 
3 
1  99 1247804489  
3 
2  4 
1  1 133285263  
3 
1  29 1428221168  
1  89 1455736725  
2  7 
3 
2  64 
3 
2  47 
2  97 
2  7 
2  50 
3 
1  1 334097100  
3 
3 
1  2 1813708459  
1  5 1724430110  
2  93 
3 
3 
3 
2  105 
1  5 465945755  
3 
2  107 
2  95 
1  23 739594868  
3 
2  16 
3 
1  77 40247897  
1  9 800156280  
1  77 853066818  
3 
2  49 
1  4 479367951  
2  94 
1  7 223320292  
3 
3 
2  45 
3 
3 
1  1 368841916  
1  104 103431237  
2  5 
2  46 
2  9 
1  6 394743069  
3 
2  12 
1  66 215125041  
3 
2  11 
3 
2  78 
3 
3 
3 
3 
2  92 
2  10 
3 
1  1 1122158003  
2  70 
1  10 1213712121  
2  92 
1  57 1863658661  
3 
2  4 
3 
3 
3 
3 
1  14 1692511775  
1  5 2118655891  
3 
3 
2  0 
2  11 
1  107 205507052  
3 
3 
3 
3 
2  5 
3 
3 
3 
3 
3 
3 
2  0 
2  25 
1  5 1591148544  
2  70 
2  88 
3 
1  0 1117900706  
1  54 1529207509  
1  68 1122529789  
1  4 1312602179  
3 
1  3 1942828123  
2  9 
2  6 
2  6 
2  1 
1  4 1847044985  
1  5 412923020  
3 
1  33 2076113386  
2  2 
2  41 
1  28 1127782506  
1  36 1868659746  
2  107 
3 
2  1 
2  60 
3 
1  27 262726838  
1  5 794007317  
1  23 1445606208  
2  5 
3 
1  14 728672593  
3 
1  11 1533602185  
2  38 
2  71 
3 
1  7 1485854105  
3 
3 
1  85 1528828874  
1  5 239185355  
1  105 1965222056  
3 
3 
1  5 1752149166  
1  4 608027272  
2  8 
2  83 
1  99 2068653293  
1  4 2146892236  
3 
2  3 
1  94 823152313  
2  0 
2  95 
2  35 
3 
3 
1  7 1043327649  
2  79 
1  56 1213120709  
1  10 539327326  
1  1 588355776  
1  12 1184292952  
2  13 
3 
3 
2  12 
3 
1  5 744834378  
2  76 
3 
2  46 
1  43 32020672  
2  1 
2  70 
2  0 
1  60 154710011  
2  78 
3 
2  95 
3 
1  7 126558240  
2  5 
2  4 
1  4 1154550461  
3 
2  49 
1  110 1467312190  
1  69 2069386363  
2  64 
2  8 
2  48 
3 
3 
1  14 854111799  
2  111 
2  67 
1  56 1880235211  
2  84 
2  49 
1  87 1998016101  
1  86 1981894305  
1  6 1601411309  
3 
2  8 
1  6 113259292  
3 
3 
3 
3 
3 
1  9 628417974  
1  93 899533869  
1  104 841931885  
1  3 14536512  
3 
2  13 
1  1 237904326  
1  4 223277111  
3 
3 
3 
3 
2  3 
1  99 253721867  
3 
2  3 
3 
3 
2  10 
3 
3 
2  11 
2  1 
1  102 55642735  
1  20 1975426278  
1  7 861749139  
2  10 
1  4 2124296028  
3 
3 
3 
1  9 1974834866  
3 
1  10 1684901452  
3 
1  11 1020140029  
1  65 1040471927  
1  29 76745131  
1  100 1608495805  
1  98 77281231  
1  26 821579509  
2  8 
2  27 
1  10 1640516477  
2  15 
1  11 231991242  
2  36 
3 
1  57 948137749  
2  21 
3 
3 
1  2 647583291  
2  31 
1  110 1699303433  
2  99 
2  1 
2  89 
2  74 
3 
1  13 870040464  
1  30 1501695090  
1  63 1432054996  
1  7 720572918  
3 
1  2 1336105747  
2  54 
1  9 885982657  
2  40 
2  31 
3 
1  3 833832210  
3 
1  21 1964523721  
2  9 
1  55 1785516526  
3 
1  9 1675764095  
2  91 
1  84 1979060233  
3 
3 
3 
3 
2  115 
3 
1  86 2023420852  
2  103 
1  12 1899041207  
3 
1  103 85298453  
2  11 
3 
3 
1  19 2079063587  
2  106 
2  54 
3 
3 
2  19 
3 
3 
1  18 1726983837  
2  11 
1  6 947047592  
1  8 2055875968  
2  101 
2  18 
3 
2  13 
3 
1  72 1554335055  
3 
3 
2  36 
2  1 
2  97 
2  3 
1  84 484465397  
3 
3 
3 
2  76 
2  13 
1  14 928532349  
2  63 
2  3 
3 
2  74 
3 
1  71 447323334  
1  97 561210528  
2  15 
2  107 
1  5 389544507  
1  59 524604565  
3 
1  49 1382790037  
1  105 2030060984  
3 
3 
2  10 
1  15 756595808  
2  6 
1  7 183444139  
3 
2  57 
1  62 530160627  
1  11 308415593  
1  33 1053484603  
2  6 
3 
1  115 2031855717  
1  94 1740470589  
1  3 1774057521  
1  7 1220477816  
2  4 
3 
3 
1  34 478969598  
1  61 460406083  
2  99 
1  12 1037517890  
2  13 
3 
3 
2  17 
1  2 117002476  
3 
3 
1  2 2136170179  
3 
1  8 869094475  
2  14 
2  16 
1  9 2140423328  
1  14 1887727738  
3 
2  5 
2  4 
2  10 
2  12 
2  41 
2  3 
1  2 954392928  
1  79 2072003268  
1  9 1467227927  
2  57 
2  55 
2  0 
1  7 1901440521  
1  11 1980395588  
3 
1  48 874079334  
2  27 
3 
2  26 
3 
2  3 
3 
1  14 238422270  
2  84 
3 
2  85 
1  3 761444289  
1  13 1321402668  
2  108 
1  109 799632798  
3 
1  6 1150988796  
3 
2  87 
1  30 1846007233  
3 
3 
3 
3 
2  119 
3 
1  68 34939187  
3 
2  4 
2  49 
3 
3 
2  2 
3 
3 
2  4 
2  44 
2  105 
3 
2  0 
2  35 
1  15 1033566133  
1  10 455119393  
2  4 
2  61 
1  105 218383326  
1  4 1563726760  
3 
3 
2  14 
2  2 
2  47 
1  30 763534986  
2  33 
2  6 
2  1 
2  14 
1  13 1271867930  
2  37 
3 
1  100 1448098830  
3 
2  44 
3 
2  5 
2  41 
3 
1  21 356521927  
1  3 898441803  
1  85 521092998  
1  14 835491525  
3 
3 
1  102 1358847887  
2  15 
1  36 1558610888  
3 
2  4 
1  10 952494001  
3 
1  13 1347534418  
2  63 
3 
2  12 
2  0 
2  11 
3 
2  44 
3 
1  0 280221716  
2  69 
2  1 
1  34 945433682  
1  55 1087778508  
1  2 1234614644  
2  8 
2  5 
1  11 869953302  
2  86 
3 
2  17 
2  85 
1  4 407522787  
2  6 
1  102 988571517  
2  7 
2  11 
1  0 702865242  
1  102 1281602121  
2  11 
2  54 
1  8 1226993787  
1  5 1464309531  
1  0 455521141  
1  44 2026626585  
2  22 
2  32 
2  90 
1  37 467814680  
1  30 154044726  
1  114 2061565773  
1  7 1501380813  
1  46 609164120  
1  45 132465451  
3 
1  24 917623925  
1  12 1372699106  
3 
2  6 
3 
2  29 
2  73 
1  31 1404333381  
2  109 
2  3 
2  8 
1  99 218239107  
3 
1  9 1729221034  
1  80 155291537  
1  1 739332106  
3 
1  67 417228911  
2  11 
3 
2  96 
1  2 1514139424  
1  33 150459346  
3 
1  12 1369722913  
1  13 714190194  
1  88 430681062  
2  3 
1  3 167672947  
1  7 1801968702  
3 
1  76 1665295707  
3 
2  0 
1  50 1037626249  
1  7 62007841  
1  8 506383576  
1  11 1740491491  
1  105 1343609962  
1  40 1733377364  
1  4 1057317374  
1  68 1799131103  
3 
2  91 
1  105 1612520301  
3 
2  18 
3 
1  15 1525132054  
3 
1  10 1953175829  
1  21 1526602426  
3 
2  48 
3 
3 
2  7 
3 
2  70 
3 
3 
3 
3 
1  0 879029219  
2  85 
3 
1  12 414856301  
3 
3 
2  41 
3 
1  91 1659067878  
3 
2  7 
1  0 1796653145  
3 
3 
1  13 1787555408  
1  3 915917611  
1  0 2014892252  
2  123 
3 
3 
3 
2  26 
2  43 
3 
3 
1  104 1369292794  
2  36 
3 
3 
1  10 1071209148  
1  14 606740710  
1  23 1786521705  
1  10 437864924  
1  21 757200057  
3 
1  7 1008760970  
1  111 1152055118  
1  9 1187881119  
2  32 
3 
3 
1  30 1176433917  
2  101 
2  88 
3 
2  125 
2  78 
2  29 
1  38 806540172  
3 
1  26 705693178  
2  78 
3 
2  8 
1  4 66576518  
1  15 868548013  
1  105 1212076755  
3 
3 
1  27 1807068009  
2  90 
2  40 
2  113 
2  119 
2  80 
1  32 64674327  
2  100 
3 
2  100 
1  17 797970471  
3 
1  31 716901736  
1  102 1863805430  
3 
2  73 
1  117 263007124  
3 
3 
1  3 94550142  
2  28 
1  111 1669497612  
2  9 
1  83 1789609551  
2  111 
1  2 973579362  
1  81 2084353913  
1  114 1301193781  
2  32 
1  79 622748859  
1  63 1724425673  
1  1 69627744  
1  89 490157463  
1  32 946234819  
1  11 1140836893  
1  32 1096898174  
1  7 585272877  
2  63 
3 
3 
1  25 1578701817  
3 
3 
1  38 1854098231  
3 
1  6 1594033847  
2  97 
3 
1  120 583273288  
3 
1  84 894495702  
3 
2  48 
3 
1  94 622984117  
1  39 1389813460  
2  39 
3 
1  1 1600188881  
1  85 689560635  
1  143 110877826  
3 
3 
2  68 
2  86 
3 
2  44 
2  106 
3 
2  58 
1  80 664781988  
3 
1  99 349144997  
2  11 
3 
2  15 
2  18 
3 
3 
3 
1  97 175552153  
1  127 1462752459  
3 
1  6 1066046733  
3 
2  34 
1  12 2039357584  
1  34 1725759583  
1  127 1160596875  
2  132 
1  119 1561371548  
3 
1  5 1367885486  
3 
3 
2  113 
2  75 
3 
2  139 
2  40 
3 
1  6 2134176237  
1  21 1498241813  
1  10 521595619  
1  44 609441448  
1  19 1075183839  
1  66 591223364  
3 
1  121 1099598912  
3 
3 
2  43 
3 
2  35 
1  128 2021418658  
2  7 
3 
1  81 1732060257  
1  13 49013438  
3 
1  42 459207887  
1  10 1163278426  
1  116 1903111669  
1  25 2053241735  
3 
3 
2  128 
3 
2  72 
3 
3 
3 
3 
3 
3 
1  20 1746551714  
2  12 
1  92 650123723  
3 
1  42 528742204  
1  0 988881527  
3 
2  7 
1  28 102828956  
1  35 1218302839  
3 
3 
1  11 1099759353  
2  102 
3 
2  27 
1  80 767610944  
2  6 
1  1 1567447836  
3 
2  16 
2  19 
1  42 1275311506  
2  78 
2  6 
2  38 
2  105 
2  97 
2  29 
3 
1  65 82879755  
2  45 
3 
3 
1  86 486010921  
3 
3 
3 
2  54 
2  35 
2  31 
2  11 
3 
2  126 
1  75 1167185442  
2  23 
2  46 
2  18 
3 
3 
3 
1  2 1808639339  
2  9 
3 
2  37 
2  98 
3 
2  16 
3 
1  27 1646607797  
3 
1  77 581073342  
3 
3 
3 
1  111 1029041177  
1  13 1633300386  
3 
1  107 2079315156  
2  76 
3 
1  47 1550636797  
1  0 95258187  
1  9 1007015347  
2  76 
2  8 
1  73 2141860161  
3 
2  28 
2  9 
1  31 1194857099  
3 
2  4 
3 
3 
1  34 880950357  
3 
2  119 
3 
2  69 
1  93 1726436770  
3 
3 
2  95 
1  37 1243870537  
1  50 1340158245  
2  72 
1  124 742231548  
3 
3 
1  119 999498558  
2  25 
1  25 1245916332  
1  74 341299615  
2  51 
3 
1  3 1649622281  
3 
3 
2  128 
1  38 1774658536  
3 
2  61 
2  37 
3 
1  126 1330181142  
3 
3 
3 
1  1 1752451238  
1  19 845477727  
1  121 282456847  
3 
3 
3 
2  64 
3 
3 
2  21 
1  54 372578534  
3 
1  60 265441916  
3 
1  98 1557768353  
2  24 
3 
1  19 455458290  
1  105 751452837  
1  8 577470148  
3 
2  9 
3 
3 
3 
2  11 
1  4 116613981  
3 
1  43 250576986  
1  87 1158543490  
1  69 1145655158  
3 
1  19 1883877373  
2  89 
3 
2  67 
1  5 1090374998  
3 
1  19 548808307  
2  120 
1  82 1979135560  
1  30 2097390345  
2  3 
2  64 
2  145 
3 
1  16 543184820  
3 
2  8 
1  33 1026509011  
1  37 830857055  
2  39 
1  111 122137942  
3 
3 
3 
1  111 122895900  
1  15 23531652  
3 
3 
2  21 
1  32 864369491  
1  94 1122394458  
2  81 
2  25 
1  27 1269447984  
2  76 
3 
3 
3 
2  112 
2  26 
1  18 1205669106  
3 
1  94 624533091  
2  36 
2  97 
2  134 
2  117 
2  67 
2  125 
2  85 
1  86 896622872  
3 
2  33 
2  9 
2  123 
1  45 388366600  
3 
3 
3 
1  92 229500681  
1  117 1742100599  
2  137 
2  13 
3 
2  146 
2  50 
2  148 
1  115 670823447  
2  40 
1  30 602079216  
3 
3 
2  103 
1  103 2007542515  
3 
2  25 
3 
1  5 81108152  
3 
2  37 
3 
2  74 
3 
1  23 1057537506  
1  30 611511705  
1  16 658578300  
2  40 
3 
3 
3 
3 
1  55 1174151487  
3 
3 
3 
2  150 
2  26 
3 
2  8 
1  2 862088691  
3 
1  117 1817121791  
2  44 
2  92 
1  11 172322997  
2  50 
3 
2  26 
1  57 598482416  
1  123 760013141  
2  71 
1  105 721131305  
3 
2  27 
3 
2  44 
1  33 430134328  
2  5 
1  128 709919839  
1  43 1264316125  
1  138 1456643339  
1  15 1540776894  
2  78 
2  58 
1  10 1386454068  
2  44 
3 
2  120 
1  28 1579539239  
3 
3 
2  1 
3 
3 
2  54 
2  76 
2  146 
2  32 
3 
3 
3 
2  53 
2  39 
3 
3 
3 
1  33 1564308546  
3 
1  96 103339911  
3 
1  32 554450049  
2  11 
3 
3 
2  44 
3 
3 
2  24 
3 
3 
1  68 686272882  
2  84 
1  4 1309009017  
1  26 1178983141  
1  37 1582895754  
1  43 1697375617  
3 
3 
2  29 
3 
2  96 
1  120 1408483822  
1  44 1177512705  
1  60 220715416  
1  11 2010563038  
3 
3 
1  6 1037571573  
3 
2  97 
3 
2  37 
2  86 
2  106 
3 
1  33 301823568  
1  12 920616896  
3 
1  142 1649083278  
3 
1  2 960401869  
1  141 2094768383  
2  122 
2  29 
2  6 
2  15 
3 
2  11 
2  31 
3 
3 
1  66 363688321  
1  71 630040012  
2  131 
1  79 119607733  
1  96 962170738  
2  145 
1  99 1390053153  
1  111 840739038  
1  50 1392305066  
2  108 
1  38 2099972992  
3 
1  4 2105055163  
3 
2  118 
2  142 
1  119 701464758  
2  101 
3 
3 
1  4 1493266238  
1  110 1344025583  
3 
1  13 133520349  
1  117 910091136  
3 
2  121 
3 
1  42 1447365494  
2  120 
1  73 687970399  
2  118 
1  19 1596364018  
3 
3 
2  49 
2  61 
1  29 608890863  
3 
1  143 1866953540  
2  34 
3 
1  153 1031776124  
3 
3 
2  18 
3 
1  45 158782832  
2  149 
3 
1  19 1127953714  
3 
1  73 61805182  
1  0 379498248  
2  13 
2  95 
2  40 
2  6 
1  44 991033105  
2  10 
2  70 
2  1 
3 
3 
3 
1  129 1099376755  
1  17 681321817  
2  14 
3 
3 
3 
3 
2  22 
1  96 1911650001  
3 
1  111 600976385  
2  33 
3 
3 
2  63 
3 
2  84 
1  106 1641723686  
3 
3 
2  90 
3 
1  11 1858934737  
3 
2  10 
2  76 
1  31 964664706  
1  84 124280050  
3 
3 
2  83 
1  90 1978542470  
1  28 1926835444  
1  86 1514333203  
1  62 671797860  
2  50 
2  41 
1  146 1171656863  
2  106 
2  90 
1  10 1466822548  
2  130 
2  18 
2  73 
3 
2  103 
1  95 629369375  
1  55 1873121621  
2  15 
1  17 812605138  
3 
3 
2  32 
1  79 1973394959  
2  73 
3 
1  129 2006641970  
1  3 1722696275  
3 
1  14 1273276805  
2  63 
2  42 
3 
2  58 
2  98 
3 
1  81 547128721  
2  80 
3 
2  7 
2  55 
1  62 1171576645  
3 
3 
3 
3 
1  101 1882167669  
1  42 266598613  
1  124 55869122  
1  27 2040950501  
3 
1  32 1394552328  
3 
1  60 117674304  
2  91 
2  125 
3 
1  9 272965102  
2  15 
1  128 238101785  
1  56 1217051059  
3 
3 
2  28 
3 
3 
3 
2  4 
2  67 
2  10 
1  38 954286919  
2  9 
2  144 
1  53 2268138  
1  132 1818027444  
3 
1  50 448526957  
3 
1  40 1861202875  
2  127 
3 
3 
2  21 
1  3 635208502  
2  127 
1  141 572807007  
1  56 1692261697  
1  23 414560299  
1  63 2087140210  
3 
1  148 216575909  
1  100 1586217162  
2  23 
3 
2  34 
3 
2  94 
1  78 1406479110  
3 
3 
1  98 845945285  
1  18 1311855135  
3 
2  18 
1  27 71600601  
1  32 671856596  
1  30 1171013457  
2  97 
1  28 1794296876  
3 
1  123 1945133401  
3 
3 
3 
1  66 1718142179  
3 
2  37 
2  82 
1  24 818389873  
2  8 
1  149 1679817422  
1  123 1984740792  
1  98 874258995  
1  151 1573284276  
2  43 
3 
1  95 1231809472  
1  114 991933299  
1  39 1846249378  
2  22 
1  143 1469911257  
3 
1  19 61500710  
3 
2  40 
3 
3 
1  39 653052649  
2  5 
3 
1  39 1472179396  
2  65 
1  31 1879528154  
2  111 
3 
3 
1  129 1101579606  
1  146 1185898623  
2  126 
2  38 
3 
2  43 
3 
3 
1  47 367253009  
2  30 
1  46 1674386613  
1  17 730676673  
2  11 
2  41 
1  64 781813308  
1  28 1614043175  
3 
2  97 
2  40 
1  37 947252582  
2  93 
1  130 220546822  
2  20 
1  106 873038638  
3 
3 
1  122 1793197867  
3 
3 
3 
1  78 1532401957  
1  17 944639239  
2  30 
1  91 317570815  
2  143 
3 
1  125 555931766  
2  96 
3 
1  64 591452467  
1  149 115220569  
2  12 
3 
2  25 
2  18 
1  71 126590297  
2  142 
1  118 1409842340  
1  43 1795037991  
1  46 2111331090  
3 
2  103 
3 
2  42 
3 
2  117 
3 
2  20 
2  127 
2  25 
3 
3 
1  92 136617688  
2  6 
1  111 1220838619  
2  109 
2  37 
3 
2  68 
3 
2  15 
2  72 
2  15 
3 
3 
2  38 
1  19 1195656914  
3 
3 
3 
1  120 1128550987  
1  141 919604349  
1  96 518084524  
1  46 1190051698  
2  118 
3 
3 
3 
2  19 
3 
2  87 
2  120 
1  22 1572656998  
2  120 
2  37 
1  3 1990263920  
3 
1  93 922096204  
2  118 
1  35 526752956  
1  15 1028678895  
2  33 
2  2 
1  41 1289349213  
1  2 53655921  
1  66 1759355568  
2  137 
1  41 2071162521  
1  62 1667699097  
2  38 
3 
1  6 559124503  
1  23 144225695  
1  118 393254087  
2  44 
1  28 204838722  
3 
2  18 
3 
3 
3 
2  4 
2  19 
1  110 1676627652  
1  7 1337893326  
2  27 
2  142 
2  89 
3 
3 
1  72 522409538  
1  23 85075771  
2  96 
2  97 
3 
3 
3 
2  38 
3 
2  50 
2  84 
2  142 
1  111 1929345793  
1  4 637630107  
2  24 
3 
2  39 
1  116 211666068  
2  25 
1  111 1191704485  
3 
3 
1  43 285184450  
1  133 175513510  
3 
3 
3 
2  137 
3 
1  43 1328322173  
2  37 
3 
3 
2  53 
3 
1  133 1506023070  
2  81 
1  30 1371170425  
3 
1  127 309389513  
1  93 278143771  
2  127 
2  52 
1  89 1889254949  
3 
3 
3 
1  23 1499441211  
2  129 
2  88 
1  40 1850800770  
1  38 1732035221  
1  9 274053767  
1  82 230070078  
1  28 613230468  
2  132 
2  70 
2  65 
3 
2  27 
1  110 1563402981  
3 
2  43 
1  70 283726000  
1  126 225102389  
2  74 
3 
3 
2  49 
3 
3 
3 
3 
1  42 1487081854  
1  24 1951425097  
1  48 784226892  
3 
2  139 
1  134 1631307550  
2  123 
1  38 197195536  
3 
1  25 989065614  
2  23 
2  43 
1  19 1160451554  
2  34 
3 
3 
2  96 
1  81 1535088862  
1  41 1511475152  
1  62 1245527325  
2  73 
2  31 
3 
1  116 1316951007  
2  34 
2  2 
3 
2  0 
1  26 1621611  
2  10 
2  77 
1  30 1457193394  
3 
3 
1  141 361171844  
2  110 
2  7 
1  14 286806062  
2  22 
3 
3 
1  74 1632706904  
1  59 1689494018  
1  59 1792829132  
3 
1  31 856393681  
2  23 
1  53 1998883531  
3 
2  120 
1  36 2070972903  
2  56 
1  54 598164982  
1  1 1350841094  
1  30 1774290025  
2  27 
3 
2  59 
3 
1  32 182716555  
2  72 
1  91 1624894861  
3 
2  101 
2  39 
2  62 
2  72 
1  98 2004360104  
2  55 
1  1 795947024  
3 
1  9 1040814194  
3 
3 
3 
2  50 
3 
3 
1  118 140602456  
1  142 1021049413  
3 
2  65 
1  41 380412401  
3 
2  47 
1  13 2092027553  
2  141 
1  29 1805276305  
1  81 2011719951  
1  91 141739441  
2  42 
1  65 646858271  
2  98 
3 
1  88 1024687857  
2  84 
1  92 1676828303  
1  20 10849776  
3 
1  146 122731535  
3 
1  125 846295662  
2  51 
3 
1  35 12471387  
3 
2  28 
1  15 1579924929  
2  107 
2  9 
3 
2  76 
3 
3 
2  69 
3 
1  18 1207467506  
2  27 
1  97 299277449  
2  38 
3 
3 
2  65 
2  33 
1  85 1065148185  
3 
3 
1  16 749477876  
1  144 2092106581  
1  39 1921541867  
1  9 600877759  
1  15 2015595837  
2  117 
2  93 
3 
3 
2  33 
3 
3 
1  117 372223201  
1  78 1951718853  
3 
2  35 
2  24 
3 
1  72 1642402214  
3 
1  23 554939757  
1  69 1429130067  
2  2 
3 
3 
1  139 1499278670  
1  90 1350886781  
1  75 322460613  
2  141 
1  13 1639881126  
3 
2  66 
2  96 
2  49 
1  106 224452546  
2  77 
1  9 702873014  
3 
3 
2  36 
3 
3 
1  134 1584425031  
3 
2  58 
3 
3 
2  123 
2  7 
2  74 
2  6 
3 
1  2 2029728851  
2  63 
2  90 
1  13 567109317  
2  23 
2  45 
2  44 
1  88 1726164472  
3 
1  89 529103474  
3 
1  53 1591797175  
3 
2  49 
2  58 
3 
1  50 1255509127  
2  124 
1  20 539953250  
1  6 1714528710  
3 
3 
3 
1  136 2101804789  
3 
2  35 
2  74 
2  46 
3 
3 
3 
2  142 
3 
2  37 
1  72 552424638  
2  1 
2  5 
3 
2  15 
1  12 1146969991  
3 
2  122 
1  44 1161788648  
3 
1  80 851702087  
1  139 64634528  
2  135 
3 
1  112 1911266524  
1  35 796325021  
2  98 
3 
2  139 
2  25 
3 
1  125 1986176395  
2  25 
3 
1  27 364660636  
2  33 
2  58 
1  142 664437210  
3 
1  109 210915949  
2  33 
3 
3 
2  25 
1  61 168895841  
2  11 
2  78 
3 
3 
3 
2  9 
1  4 159355776  
3 
2  84 
2  120 
2  20 
2  20 
2  108 
3 
2  68 
2  78 
1  31 765855706  
3 
2  40 
2  50 
1  66 1598025908  
1  11 1658634447  
3 
2  115 
3 
1  23 2116742487  
2  131 
2  22 
3 
2  28 
1  116 1920486522  
2  23 
2  125 
1  105 1151031925  
2  21 
2  25 
1  97 193711385  
1  131 475875888  
3 
2  87 
2  118 
1  132 587973309  
1  16 75956588  
3 
2  97 
1  79 1042985206  
1  26 166654133  
1  19 605060062  
2  24 
1  103 487298733  
2  54 
1  2 1422163261  
2  33 
1  15 1145013313  
1  127 54343795  
2  84 
3 
1  8 1376484402  
1  49 1697437951  
1  11 1201313786  
3 
3 
3 
3 
2  126 
2  11 
1  79 390789402  
1  23 401656390  
3 
1  32 1265948314  
3 
1  32 154572279  
3 
2  38 
3 
1  64 1197981411  
3 
2  26 
3 
1  91 1104641062  
3 
1  18 519232915  
1  0 1862418621  
2  95 
1  36 1315557011  
3 
1  72 688128756  
1  36 2021774398  
3 
2  65 
2  113 
2  35 
2  59 
2  19 
3 
2  15 
3 
1  9 2081412717  
3 
1  52 138671017  
3 
2  31 
3 
2  80 
2  125 
2  132 
2  122 
2  42 
2  106 
2  21 
2  102 
3 
3 
3 
1  140 1532925197  
1  38 2050671556  
3 
3 
2  0 
2  20 
3 
2  26 
3 
1  75 2059157539  
1  39 536473474  
3 
2  3 
3 
3 
3 
2  126 
2  82 
3 
2  22 
1  33 96899293  
3 
3 
1  28 387549779  
3 
3 
1  54 1124446783  
3 
3 
2  101 
2  7 
3 
3 
1  24 172855881  
1  11 1430534985  
2  106 
2  63 
2  92 
3 
1  21 1291100917  
3 
2  16 
3 
1  109 777915943  
2  93 
2  101 
3 
2  114 
2  12 
3 
2  110 
3 
2  67 
3 
2  7 
2  26 
1  98 1917833718  
2  35 
2  13 
3 
3 
1  47 565780530  
2  52 
1  33 1922929256  
3 
1  76 1972177513  
2  31 
1  6 1942264932  
3 
3 
3 
3 
3 
3 
1  15 1472883559  
3 
2  46 
1  130 1026007651  
2  129 
3 
2  19 
2  18 
1  24 185570687  
3 
3 
1  15 1874539950  
1  122 144472318  
2  9 
3 
2  77 
3 
2  133 
2  33 
1  11 340142966  
3 
1  47 925037713  
1  22 1249113380  
1  67 859375881  
3 
1  105 639972687  
2  53 
3 
2  33 
2  81 
3 
2  10 
2  126 
1  93 417186743  
1  6 1547504637  
2  49 
1  112 514263437  
3 
3 
1  30 351115812  
1  25 1686175654  
2  58 
3 
3 
1  35 2047188634  
1  36 254303720  
3 
1  47 1597849545  
3 
2  95 
1  5 436178460  
2  27 
3 
1  19 351203013  
3 
1  16 1985399325  
3 
2  42 
1  20 1560625244  
2  59 
2  22 
1  2 524058894  
2  131 
3 
2  22 
1  35 1268450662  
1  19 704242513  
2  88 
3 
2  11 
1  20 1301974837  
3 
2  15 
2  13 
1  3 1038800733  
1  121 1270023043  
1  0 1077420446  
1  21 863494598  
1  131 1064804327  
1  64 402820357  
2  129 
1  32 1889502250  
2  74 
3 
1  78 1250375014  
1  6 129876659  
1  88 2033974568  
2  125 
1  103 1590517980  
3 
2  4 
2  132 
2  34 
3 
2  141 
3 
3 
1  70 1054914373  
1  37 1135604300  
1  29 302410213  
2  14 
2  128 
1  141 1694887060  
3 
1  63 1552791043  
1  31 1849914851  
3 
3 
2  32 
1  34 61666849  
2  126 
1  20 1903906855  
2  26 
1  31 1388606857  
3 
2  146 
2  24 
1  130 2108855483  
1  64 10726927  
1  26 838972755  
3 
1  108 397550295  
3 
2  47 
1  68 361929940  
2  23 
1  6 676888432  
2  84 
1  139 1958175539  
1  10 885988834  
3 
3 
1  102 1945339094  
3 
2  16 
2  19 
1  32 514934404  
2  111 
2  37 
1  100 40480023  
1  26 836656179  
2  36 
1  13 1784957447  
2  8 
3 
2  33 
1  144 1117900469  
3 
1  49 1700150778  
2  110 
3 
3 
1  140 702278127  
2  52 
3 
3 
1  128 1520720827  
3 
3 
3 
1  22 1442169380  
2  24 
2  116 
3 
3 
3 
2  116 
3 
2  22 
3 
2  142 
1  40 1952653141  
2  9 
2  140 
2  65 
2  5 
3 
1  77 1650597486  
3 
1  5 1328660300  
3 
1  34 1395687474  
1  33 558028211  
1  88 316780952  
3 
3 
1  114 1698097687  
2  14 
2  41 
3 
2  49 
1  21 105431623  
2  66 
3 
3 
1  53 1869571995  
1  39 1400528890  
3 
2  104 
3 
3 
1  70 167098472  
3 
1  113 1625995202  
3 
2  82 
3 
3 
3 
1  88 641652100  
1  33 128470307  
3 
1  72 1636722129  
3 
3 
2  2 
1  52 1480624855  
1  125 526020603  
2  33 
2  68 
2  11 
1  16 1998652069  
2  26 
3 
3 
3 
2  20 
1  118 10029639  
2  90 
2  59 
1  34 336712494  
3 
1  49 737157255  
3 
2  86 
2  92 
1  1 1955368733  
3 
2  9 
1  94 851646899  
1  88 777637278  
3 
1  3 644541265  
1  103 489120698  
3 
3 
2  130 
1  50 1895537748  
3 
3 
2  54 
2  18 
2  78 
1  5 197208395  
2  109 
2  31 
3 
2  103 
2  110 
3 
2  40 
3 
1  16 1191398825  
1  57 1268774927  
3 
2  79 
2  30 
1  135 1639377775  
3 
1  26 996568319  
3 
3 
3 
3 
3 
2  12 
2  4 
1  26 771888765  
3 
2  2 
1  31 820554427  
3 
3 
3 
1  89 244772145  
2  93 
3 
1  12 1329916977  
3 
1  23 1137335379  
1  24 1942869832  
1  18 1435348600  
3 
3 
1  3 859423726  
3 
3 
1  119 1195915075  
1  114 1602447073  
3 
1  112 337935280  
1  89 1837567175  
3 
2  142 
1  16 1730917380  
2  17 
2  40 
1  35 1974657409  
3 
3 
2  36 
1  123 1170708382  
2  5 
2  107 
1  67 109454335  
2  12 
1  50 1825825830  
2  106 
1  38 1180738021  
3 
3 
1  119 446166830  
2  19 
3 
2  105 
1  22 415499437  
1  32 988623106  
1  28 1297813729  
2  71 
3 
1  103 1193136715  
1  137 1633164371  
1  44 1786934427  
3 
2  1 
2  116 
1  28 941190815  
2  100 
3 
3 
1  49 1830372766  
3 
1  9 830849605  
1  64 62482094  
1  148 1322266893  
2  53 
3 
1  39 1827417924  
1  17 834370860  
1  149 2142821320  
1  85 2072190069  
1  3 16804189  
3 
1  46 1132673051  
1  22 1867576253  
1  41 1452152789  
3 
1  147 1992096777  
2  22 
3 
1  109 916007680  
3 
2  16 
1  146 907116214  
1  85 182548409  
3 
1  121 606091207  
1  72 490549947  
2  55 
2  39 
1  52 9722170  
3 
2  100 
2  24 
2  115 
2  141 
2  62 
2  63 
2  4 
2  34 
2  60 
1  64 1776799589  
2  50 
3 
3 
1  101 600004282  
3 
2  23 
1  3 1835548000  
3 
2  86 
2  41 
2  9 
3 
1  16 810053962  
3 
3 
3 
1  16 1046171112  
1  8 103563789  
3 
1  92 1798677069  
2  136 
3 
1  83 196501193  
2  77 
1  32 1296700505  
3 
3 
3 
3 
2  48 
2  48 
1  18 1284357792  
2  71 
2  25 
3 
3 
3 
1  5 1983435621  
3 
1  34 90407672  
2  143 
1  30 967246911  
2  88 
3 
3 
2  135 
2  122 
1  106 666801578  
2  75 
1  95 152889767  
1  11 142030156  
2  31 
1  8 346735854  
2  98 
2  43 
3 
2  7 
1  23 987260627  
3 
1  37 137367829  
2  125 
2  107 
1  12 271442275  
3 
1  58 1004064816  
2  73 
3 
3 
3 
1  34 1270040880  
1  53 2139018528  
2  135 
3 
1  51 308733957  
3 
3 
3 
1  105 1114654010  
1  32 907542561  
2  21 
1  85 1215850172  
3 
3 
1  121 1297202419  
2  32 
2  29 
3 
3 
2  8 
2  69 
2  2 
1  155 1513633768  
1  31 1706400119  
2  48 
1  24 1306924590  
3 
1  115 1142949710  
1  16 158920753  
3 
1  120 994988942  
3 
1  23 1953003672  
2  21 
3 
2  30 
3 
3 
1  81 1205091866  
1  126 1098552732  
3 
1  78 1604197093  
3 
1  43 1401593059  
2  20 
2  15 
3 
2  119 
3 
1  26 247769589  
1  101 741071238  
1  93 1237545032  
2  23 
2  150 
2  29 
1  61 338177261  
3 
3 
2  9 
1  10 1708318149  
2  100 
1  111 1904346610  
3 
3 
1  150 491067028  
2  10 
3 
2  19 
1  51 1850348305  
3 
1  82 103598816  
3 
3 
3 
2  15 
1  94 1478327655  
1  139 1987716134  
3 
2  91 
1  120 375041091  
3 
2  19 
1  57 334908823  
1  143 1110273367  
2  141 
3 
2  104 
2  10 
1  140 366575972  
1  134 643642781  
1  6 77443729  
1  59 1274118533  
3 
1  12 1859492953  
1  150 1374646148  
2  145 
3 
2  27 
2  39 
3 
3 
3 
3 
1  102 640268653  
1  13 1418409424  
2  37 
2  63 
1  3 534087090  
1  134 1783218363  
3 
1  143 1577330177  
1  24 1529076033  
3 
1  148 1588738388  
2  107 
1  143 634938395  
3 
2  79 
2  36 
1  48 480145117  
3 
1  86 1045451833  
1  45 2036531455  
1  3 727914706  
1  97 1786523071  
1  85 1126592839  
3 
2  22 
1  41 1066091967  
1  19 1347357572  
2  25 
3 
1  80 883455802  
1  132 1557158996  
1  16 1050222230  
2  56 
1  8 987054618  
2  34 
2  30 
2  73 
3 
3 
2  33 
3 
2  45 
2  143 
1  73 888003003  
3 
3 
3 
3 
3 
3 
2  48 
1  46 890454716  
3 
3 
3 
3 
3 
3 
1  9 1362095710  
1  152 1222911827  
1  45 2000728083  
3 
3 
2  70 
3 
2  143 
1  114 1728671682  
3 
2  30 
1  36 1866554608  
2  75 
1  26 2078171812  
1  13 855306567  
1  99 1578563913  
1  80 1305334313  
1  36 1495575220  
1  76 849489689  
2  68 
2  27 
1  103 1839421403  
2  99 
3 
1  37 1131309936  
2  143 
1  122 279336218  
3 
2  22 
1  55 1221013788  
2  117 
3 
1  9 572564676  
3 
2  140 
2  123 
2  87 
2  18 
2  46 
2  144 
1  52 914274614  
3 
1  34 1701158905  
3 
3 
3 
1  82 1618016509  
1  53 803322421  
3 
3 
2  52 
1  40 281589963  
3 
1  72 1257055933  
2  40 
1  70 1929915260  
3 
3 
2  135 
1  64 1347681931  
2  84 
1  126 456929857  
2  47 
3 
1  6 665887414  
1  114 757357279  
3 
3 
2  4 
1  51 1507152087  
2  32 
1  70 1652942033  
1  15 1645360282  
3 
1  141 250123156  
2  57 
3 
1  6 867554095  
3 
1  55 720788461  
3 
3 
3 
2  14 
1  97 103367591  
3 
3 
2  114 
3 
2  123 
3 
3 
3 
1  4 448742129  
3 
1  57 439859421  
2  3 
3 
3 
1  121 34055756  
2  99 
3 
1  79 1304048696  
3 
3 
1  31 2018423334  
1  28 1339390069  
1  121 652140268  
3 
1  32 720429375  
1  6 1031327824  
2  18 
2  28 
2  53 
1  127 1783450204  
1  26 999765594  
3 
1  77 104857965  
3 
1  31 208531232  
1  76 1914040208  
1  56 1806016870  
1  146 1826547742  
3 
3 
3 
1  9 569878981  
1  57 2087606834  
2  78 
3 
2  86 
3 
3 
2  64 
3 
3 
2  126 
1  3 936120027  
2  82 
3 
1  19 352310593  
2  10 
3 
1  60 1287805117  
1  7 1393049884  
3 
3 
2  40 
2  112 
1  23 1018198008  
2  126 
2  115 
3 
3 
3 
1  96 2045162396  
3 
3 
2  101 
3 
3 
3 
3 
1  34 752718324  
3 
1  140 523656393  
3 
3 
2  126 
2  165 
3 
2  15 
1  41 1543039030  
1  60 1002841480  
1  65 1391210488  
3 
1  123 116343844  
1  20 1106209071  
3 
2  124 
2  4 
3 
1  13 1839952617  
1  44 556203265  
1  4 1140264827  
3 
2  50 
2  48 
3 
2  109 
3 
3 
2  32 
1  16 996517665  
2  27 
1  139 427142952  
2  81 
3 
1  63 332171248  
2  45 
1  28 1648657933  
2  47 
2  4 
2  24 
2  118 
2  7 
1  40 1147572327  
3 
3 
1  39 1363499073  
1  88 1284624490  
2  124 
3 
3 
1  153 2147337921  
2  86 
1  3 1468357038  
1  166 1493155722  
1  45 1913894481  
3 
1  105 1126890260  
1  6 1172219816  
3 
3 
1  22 336289814  
2  18 
2  115 
3 
1  19 1067013446  
3 
3 
2  172 
3 
1  86 2108339843  
2  138 
3 
1  157 688600408  
3 
3 
2  42 
2  112 
1  150 207334915  
2  118 
2  129 
3 
3 
2  72 
3 
2  77 
2  114 
1  43 1353906080  
2  54 
3 
3 
2  121 
2  30 
1  25 1706798416  
1  43 105013663  
1  113 2106624404  
2  129 
3 
2  13 
1  4 82971161  
2  64 
1  9 1648052694  
2  61 
3 
2  89 
1  123 961982236  
1  7 1474181649  
2  71 
3 
2  38 
1  1 1764396538  
1  22 2068191307  
1  146 1166650618  
3 
1  160 173116155  
3 
3 
2  25 
3 
3 
1  130 1060972487  
3 
3 
3 
3 
1  113 15684635  
3 
2  67 
2  51 
1  4 600259107  
3 
3 
3 
1  160 1393143735  
2  144 
3 
1  68 1664342568  
3 
1  139 1747831435  
2  86 
3 
2  91 
1  12 609159160  
1  10 801483410  
3 
1  174 1747685708  
3 
2  121 
3 
2  31 
2  37 
1  20 2077516198  
3 
1  60 147155485  
3 
2  8 
3 
1  83 1514096542  
3 
2  27 
2  112 
3 
1  116 1056922811  
3 
3 
3 
1  85 1319375301  
1  87 1850386356  
2  20 
2  86 
1  34 2123936257  
3 
2  68 
3 
3 
3 
2  3 
3 
2  137 
3 
3 
1  14 1280231497  
1  104 391503116  
3 
1  42 183787525  
2  68 
2  44 
1  80 486653929  
1  1 2098301532  
2  31 
3 
2  58 
1  38 288801188  
1  157 445794685  
3 
3 
2  1 
2  102 
3 
1  70 33789045  
3 
2  33 
3 
3 
1  107 1936853882  
1  116 1407776921  
1  19 1507970694  
2  150 
1  115 1553766772  
1  81 1328484580  
2  85 
1  20 527137664  
3 
1  161 1726882928  
2  27 
1  144 241973419  
3 
1  130 542822299  
1  169 179658387  
1  151 1635117155  
1  50 59681220  
3 
3 
2  99 
3 
3 
2  40 
1  157 1927489822  
3 
3 
3 
1  84 96792667  
2  26 
3 
3 
3 
2  92 
3 
3 
2  135 
2  168 
2  114 
2  19 
3 
3 
1  98 861164630  
1  0 1527691883  
2  25 
1  105 26825218  
1  24 1008320115  
3 
2  137 
1  31 894304777  
3 
1  6 1083748029  
2  65 
1  162 180211769  
3 
1  118 597207485  
2  133 
1  64 1060200638  
1  81 1460443266  
2  159 
1  38 988710602  
1  37 1243988163  
1  56 1947097195  
3 
2  40 
2  116 
1  149 939528486  
1  17 1532789352  
3 
3 
1  144 245408232  
3 
2  163 
2  18 
3 
3 
3 
2  90 
1  19 973317532  
3 
2  161 
2  53 
1  148 1322159586  
1  15 1653185153  
3 
2  149 
2  49 
3 
2  11 
2  88 
3 
2  56 
1  29 333804578  
1  162 728442711  
1  56 834186085  
3 
2  5 
2  52 
2  16 
2  21 
3 
1  76 860942243  
2  29 
3 
3 
1  53 307841991  
1  101 1076159505  
3 
2  8 
2  45 
3 
3 
3 
3 
2  1 
1  128 1403764542  
3 
2  116 
3 
2  12 
2  46 
3 
3 
3 
1  157 487500378  
3 
1  104 563793012  
1  97 1463445762  
3 
2  158 
1  130 267506553  
3 
1  3 660585679  
1  18 177126745  
1  16 1795198436  
2  154 
2  58 
2  98 
2  39 
3 
1  60 687410897  
1  5 1185446860  
1  3 542019565  
2  46 
1  104 1771158926  
2  10 
2  126 
1  81 1365658629  
2  76 
2  111 
2  22 
2  15 
3 
2  59 
1  61 1139227050  
1  75 683875917  
3 
3 
1  116 678618247  
1  26 2127937652  
1  6 1927864080  
3 
3 
1  48 478231794  
2  54 
1  58 919982491  
2  39 
3 
1  165 1313169784  
1  108 723640026  
2  41 
1  16 1893300023  
2  51 
2  56 
2  53 
2  71 
2  51 
2  151 
2  2 
3 
2  69 
3 
1  70 487845723  
3 
2  4 
1  152 229341531  
1  40 79620953  
3 
2  74 
1  13 1216288434  
1  114 1063527617  
2  147 
2  38 
1  29 940563196  
2  8 
3 
2  88 
2  145 
3 
2  86 
1  11 1524130425  
2  3 
1  154 2139687122  
3 
2  139 
1  126 196844091  
1  84 2011630803  
2  121 
1  5 555996486  
2  132 
1  109 1660289853  
2  12 
3 
3 
3 
1  22 131653708  
3 
3 
2  41 
2  155 
1  0 1216582165  
3 
3 
2  21 
3 
1  58 1837416598  
2  76 
2  146 
1  37 1926852144  
2  5 
2  131 
1  92 1903993063  
2  52 
1  120 875379811  
1  122 321388061  
3 
1  57 1527668341  
3 
3 
2  59 
1  55 93554792  
2  158 
3 
2  148 
1  97 1460615112  
2  41 
2  18 
3 
2  85 
3 
3 
3 
2  90 
3 
2  105 
1  35 64060610  
2  52 
3 
2  97 
3 
3 
2  42 
1  154 772173040  
2  93 
2  124 
3 
1  11 1441069116  
1  56 1991924691  
3 
2  58 
2  88 
2  77 
2  137 
3 
1  37 1250404834  
3 
2  68 
1  29 213567959  
2  7 
3 
2  7 
1  139 1157610827  
1  62 1974044861  
3 
1  13 2106867982  
2  41 
3 
1  32 1645456550  
1  111 55902744  
2  139 
2  64 
2  146 
3 
2  54 
3 
1  43 39005288  
2  153 
2  87 
1  101 714261336  
2  56 
3 
1  36 1119430361  
3 
2  32 
3 
1  34 979568484  
3 
2  105 
1  139 90908113  
1  108 1111633835  
1  140 1176412575  
3 
2  38 
1  34 2102538917  
1  22 1667630321  
2  4 
2  16 
3 
2  151 
1  59 689218781  
2  58 
2  29 
2  89 
2  121 
1  16 86708977  
2  15 
3 
3 
1  92 736728839  
2  22 
3 
1  47 379151731  
3 
2  19 
2  135 
3 
2  33 
1  135 2013561122  
1  12 493238254  
2  122 
2  124 
1  45 1254531542  
3 
3 
1  112 187465535  
3 
1  130 2020906595  
3 
2  48 
1  6 1348086335  
3 
1  70 1648080647  
3 
2  109 
2  123 
1  17 2084967206  
2  101 
3 
1  23 2120259375  
3 
2  42 
2  5 
2  116 
2  100 
2  152 
2  79 
1  108 941666116  
2  55 
1  4 1929408249  
3 
1  45 1223180561  
3 
1  21 1155234075  
2  32 
3 
2  6 
3 
1  26 939535428  
1  107 1049741774  
2  62 
2  17 
2  51 
3 
1  53 1114618410  
3 
3 
2  78 
2  19 
1  135 437508331  
2  1 
1  73 1105644519  
3 
1  121 1153623698  
1  139 1151769667  
3 
3 
3 
2  102 
1  15 77591232  
2  43 
1  58 2133192182  
2  37 
3 
1  34 1242677781  
2  34 
3 
3 
3 
2  155 
3 
3 
3 
2  83 
3 
2  66 
1  53 1189225068  
2  55 
1  21 1162121110  
2  103 
2  8 
1  152 1197733050  
1  135 709371741  
3 
3 
1  83 1851339891  
2  54 
1  106 1284442027  
3 
3 
2  148 
2  27 
1  106 1446100580  
1  67 83007974  
2  17 
1  142 1150519501  
1  22 1939338834  
1  49 1337539517  
2  96 
3 
3 
2  1 
3 
1  94 1337985037  
2  28 
2  49 
2  97 
3 
2  27 
3 
3 
1  118 1812761782  
1  13 538142204  
2  33 
1  22 838582036  
1  74 1750245340  
2  29 
3 
1  72 510917931  
3 
3 
1  80 1780248152  
1  60 1532169941  
2  28 
1  1 1734098492  
3 
1  92 787998580  
2  140 
1  31 324221721  
2  92 
2  109 
3 
1  21 636356619  
1  18 1902616990  
3 
1  15 761730052  
3 
3 
2  141 
2  109 
2  23 
1  78 1742001138  
2  3 
3 
3 
3 
3 
3 
3 
1  76 908757040  
1  111 1913499720  
1  44 1819592370  
2  10 
1  83 894465574  
1  40 1008693853  
3 
1  81 861333790  
1  146 2056586684  
2  26 
1  131 58943255  
3 
2  114 
1  46 1570705532  
2  150 
3 
3 
3 
1  125 1760442927  
1  75 1343385282  
3 
2  122 
2  80 
2  97 
3 
2  61 
2  110 
2  80 
3 
2  57 
2  27 
3 
3 
2  123 
2  129 
2  15 
1  40 869322464  
3 
2  122 
3 
3 
1  95 1843450902  
2  133 
2  37 
1  82 346421136  
1  60 661177651  
1  46 1033506771  
1  45 1684406173  
1  10 326455785  
3 
1  15 1571648975  
1  123 375504561  
1  61 2076701125  
3 
3 
3 
2  10 
2  37 
3 
3 
1  42 2082566906  
2  86 
1  105 8269066  
3 
1  45 1461387418  
3 
1  4 1669181750  
3 
3 
2  50 
2  17 
1  22 796267646  
2  5 
2  53 
3 
3 
2  6 
1  32 1785609139  
1  141 158054721  
2  122 
2  36 
3 
1  49 551400988  
1  100 399855544  
2  79 
2  90 
3 
2  144 
1  19 1900055859  
2  5 
2  89 
2  15 
1  100 1460158028  
2  33 
1  3 165871616  
2  92 
3 
2  108 
2  37 
1  43 1572164582  
1  57 207139954  
1  5 1174565469  
3 
2  17 
2  91 
2  152 
3 
2  107 
2  47 
3 
3 
2  9 
2  13 
2  53 
3 
2  67 
3 
1  42 286014724  
2  14 
1  55 116242991  
1  84 1233508724  
3 
1  16 1856720256  
1  106 1876685918  
2  30 
3 
3 
1  42 429410358  
2  75 
1  50 578559073  
3 
1  21 1572653172  
2  32 
3 
1  71 775831494  
1  39 1239736724  
3 
1  52 458676295  
2  26 
3 
1  15 312754019  
1  66 1566192509  
1  88 2030325270  
1  24 688258581  
2  24 
2  99 
3 
2  70 
3 
2  16 
3 
2  63 
2  103 
3 
2  42 
3 
3 
1  139 1495409986  
1  88 1965408528  
2  145 
2  50 
1  12 696527647  
2  90 
2  120 
3 
3 
3 
1  31 809313756  
1  71 1487106631  
1  100 1492795293  
3 
1  7 447439247  
2  45 
3 
3 
2  119 
2  23 
1  111 1645161352  
1  1 2044196281  
3 
3 
2  134 
1  63 847294791  
2  114 
2  21 
1  10 1397733564  
3 
3 
1  131 1356870661  
1  8 1013166407  
2  73 
1  35 822414498  
2  125 
1  74 1564010615  
2  41 
3 
3 
3 
2  117 
2  68 
2  142 
2  116 
3 
3 
1  24 40248228  
3 
1  73 1108429222  
1  115 1680253606  
1  47 1273756952  
1  76 817665831  
3 
1  87 1409455877  
1  9 1703167311  
2  140 
3 
3 
2  24 
3 
1  3 1396224904  
2  60 
2  114 
3 
3 
1  59 834625401  
3 
3 
3 
3 
1  138 331515157  
2  147 
1  17 488477980  
2  64 
2  130 
1  13 1293301697  
1  52 644269177  
3 
1  28 2054670489  
3 
3 
1  16 1176143319  
2  75 
2  113 
1  107 1332527758  
1  151 1402596827  
2  108 
2  50 
3 
2  1 
3 
2  29 
3 
1  28 994068200  
3 
2  150 
2  149 
1  48 2029055405  
2  36 
2  6 
1  132 64426935  
1  40 333691183  
3 
1  65 1374367050  
2  40 
2  109 
3 
3 
2  14 
3 
2  95 
2  6 
1  35 511866182  
3 
3 
3 
3 
1  3 1978852535  
2  47 
1  134 1271079683  
2  72 
3 
1  28 1359160974  
1  123 1229102451  
3 
1  154 480466696  
2  12 
3 
2  17 
3 
2  32 
1  39 224843733  
1  103 2051516949  
1  6 2044477311  
1  101 265091962  
3 
2  30 
1  64 1012462524  
1  55 1577247270  
1  126 1538848914  
1  50 1830128355  
1  147 839219499  
2  73 
1  114 1094532577  
1  0 1078869611  
1  27 1673844900  
2  51 
3 
1  129 1426047735  
3 
3 
2  130 
2  81 
1  1 1567347591  
1  53 819662949  
1  21 2070316912  
2  58 
3 
2  2 
2  100 
2  0 
1  49 1474534432  
1  72 1995806269  
2  86 
2  45 
1  81 1255361022  
1  89 729647611  
3 
3 
3 
3 
2  39 
3 
1  7 842390821  
1  57 1136932779  
1  22 794074546  
3 
1  43 1176082004  
2  49 
1  35 363816181  
3 
2  49 
1  48 1305940728  
3 
1  93 1007450891  
1  89 1634895864  
2  95 
1  23 517618054  
2  23 
3 
1  21 89069695  
1  6 2115362560  
3 
3 
3 
2  138 
2  126 
2  109 
2  40 
2  3 
2  135 
2  1 
2  26 
2  99 
3 
1  55 742461788  
3 
1  7 2140586644  
2  140 
2  137 
2  4 
2  159 
1  100 2012356223  
2  126 
1  57 1007553750  
3 
2  56 
2  160 
2  19 
1  46 1005565520  
1  32 1442119845  
2  46 
1  61 398919016  
3 
2  87 
3 
3 
2  32 
1  124 688210227  
2  42 
1  109 133855696  
2  30 
3 
3 
3 
1  26 1493451594  
2  53 
1  64 1767079838  
1  12 1807700597  
3 
1  20 772015681  
1  14 1186943781  
1  159 479879898  
1  11 694848945  
2  102 
3 
1  48 513994565  
2  119 
2  30 
1  10 328202519  
3 
2  153 
2  164 
3 
3 
2  139 
1  52 1950209967  
1  104 1243642176  
1  6 1170593340  
1  65 939659098  
3 
3 
3 
1  46 2037716722  
2  142 
3 
3 
2  34 
1  159 199191696  
2  13 
2  140 
3 
1  152 1303475279  
1  110 1196173803  
3 
3 
2  88 
3 
1  57 1206642588  
2  151 
1  14 790887495  
1  51 1713791857  
3 
2  40 
3 
3 
3 
1  140 1295712283  
1  17 758766407  
2  43 
3 
1  159 308769997  
2  123 
3 
1  16 1288815279  
1  90 623638982  
2  65 
2  42 
1  50 1316323747  
1  55 146897152  
3 
2  25 
3 
3 
3 
2  151 
3 
3 
1  52 2065758828  
2  19 
3 
3 
3 
2  100 
2  111 
3 
3 
3 
1  10 1715242764  
2  89 
3 
2  138 
3 
3 
2  22 
1  132 835107379  
1  36 52130876  
2  115 
3 
3 
1  39 1061210710  
3 
2  66 
2  22 
1  5 454703570  
3 
2  116 
1  163 1859831473  
3 
2  18 
3 
2  64 
1  88 1833226391  
3 
2  29 
1  6 1641647351  
3 
2  19 
2  12 
2  36 
3 
2  148 
1  27 192227724  
1  90 380591688  
2  11 
3 
3 
2  112 
3 
2  100 
3 
3 
3 
2  109 
2  25 
1  125 8158269  
2  126 
1  60 520430243  
2  134 
1  99 183318007  
3 
1  104 1251800445  
2  58 
1  2 1691023584  
1  58 1122977105  
1  31 1142033520  
1  36 1890215280  
3 
1  15 278968736  
1  32 190723675  
3 
2  38 
3 
2  22 
2  38 
3 
2  33 
3 
3 
3 
2  161 
2  104 
1  56 949374220  
2  60 
2  3 
2  93 
3 
1  90 1069856231  
2  112 
1  15 1904515532  
1  39 97602855  
2  146 
2  5 
3 
1  153 1828622638  
1  77 65801882  
3 
1  11 1386418135  
3 
1  64 304777972  
1  90 1382125629  
2  34 
3 
3 
2  160 
1  39 1533315287  
3 
3 
3 
2  86 
1  5 223053152  
3 
2  11 
1  45 949884745  
1  5 220939018  
1  34 275184029  
2  102 
3 
2  31 
1  61 2011095455  
1  139 675642588  
3 
1  49 2135015502  
3 
2  106 
1  108 1696838198  
2  117 
1  123 169806292  
3 
3 
2  153 
1  59 179759578  
1  107 2077429886  
2  30 
3 
3 
3 
1  117 177964561  
2  167 
1  142 700189822  
3 
1  33 113264245  
3 
2  22 
1  36 1429765006  
1  97 243729758  
3 
1  23 1236241350  
3 
1  9 424314878  
1  147 2133945038  
3 
2  47 
1  173 1515210086  
2  138 
2  90 
2  72 
3 
3 
3 
3 
2  37 
3 
2  20 
2  89 
3 
3 
3 
1  69 615038553  
2  7 
1  95 935835611  
1  153 437582669  
1  160 372070438  
2  80 
3 
1  16 1033438466  
1  111 118721659  
1  57 437872320  
1  46 272372953  
1  70 423499632  
3 
3 
1  101 1819997949  
1  148 1805688240  
3 
3 
2  73 
1  2 646552784  
2  25 
1  167 622399047  
2  50 
1  68 2026627259  
2  116 
1  82 921736813  
2  61 
3 
1  12 486010854  
3 
2  55 
3 
3 
3 
3 
2  125 
3 
1  76 554786199  
3 
3 
2  112 
3 
2  82 
1  30 909268668  
3 
3 
1  22 35365405  
3 
2  98 
3 
2  131 
3 
3 
2  43 
1  4 724592491  
2  79 
2  58 
3 
1  151 1089028246  
2  83 
1  25 2112795291  
2  49 
2  75 
2  143 
2  50 
2  148 
2  15 
3 
2  61 
1  24 902557052  
1  10 1789218068  
3 
3 
3 
2  154 
3 
2  148 
3 
3 
3 
3 
3 
1  136 78575889  
1  150 184838411  
1  160 2032947826  
2  144 
2  138 
3 
3 
3 
1  69 1314817239  
3 
2  90 
1  42 609153289  
2  96 
3 
3 
3 
2  154 
2  4 
3 
1  137 2019409217  
2  130 
2  121 
1  169 682543678  
3 
3 
2  15 
3 
3 
2  18 
3 
3 
3 
3 
2  69 
1  40 1224191843  
1  131 807761180  
2  60 
1  57 1120126347  
2  121 
3 
1  133 1596262281  
3 
2  153 
3 
2  121 
2  115 
1  160 1841199646  
1  11 1238848007  
3 
2  70 
2  0 
2  99 
3 
2  135 
2  26 
2  74 
2  158 
1  125 2034134601  
3 
3 
1  2 2113572600  
3 
2  87 
3 
2  115 
1  32 1662347639  
2  50 
1  65 1706648902  
1  21 1771777192  
1  109 161416775  
2  110 
2  31 
3 
1  35 181564301  
1  147 1650920803  
2  74 
2  116 
1  123 1083153589  
1  24 667575156  
2  101 
2  145 
2  18 
2  160 
1  31 58223355  
1  32 1992422257  
3 
2  76 
1  31 702940561  
2  71 
3 
2  82 
2  172 
2  130 
2  83 
3 
1  84 782815846  
2  149 
2  18 
2  156 
3 
3 
3 
1  8 933966855  
2  36 
2  91 
1  168 668252204  
1  0 1685372899  
2  169 
2  100 
1  171 575701276  
3 
1  165 746828093  
2  105 
3 
2  117 
3 
1  1 1870211310  
1  71 461165454  
2  8 
2  62 
1  52 2061645333  
1  135 331880951  
1  20 333091023  
1  62 596705363  
2  7 
2  122 
3 
3 
1  2 1556072794  
1  50 1140852203  
3 
2  170 
2  159 
1  153 1716831710  
2  97 
2  39 
2  148 
1  75 1004851427  
2  9 
1  31 834568202  
1  166 808196069  
1  128 891502380  
2  45 
3 
1  8 800657154  
1  109 323060060  
3 
3 
2  40 
3 
3 
2  173 
1  153 450667635  
3 
1  70 424950698  
3 
3 
3 
1  103 484476836  
2  42 
1  38 632231936  
1  117 2075871502  
3 
2  115 
3 
2  152 
2  33 
2  153 
1  169 1567630425  
2  16 
1  76 1299807092  
3 
2  35 
1  158 2134094857  
1  93 1412569034  
1  155 2002747653  
2  28 
2  32 
2  138 
3 
3 
1  137 769427055  
3 
1  44 199052241  
1  166 523516210  
1  0 307316306  
3 
1  62 774753517  
2  150 
1  11 1270344303  
2  109 
2  82 
1  162 30043968  
1  123 1235918972  
3 
1  21 1184505988  
3 
3 
3 
3 
2  57 
3 
1  119 361924920  
1  9 1569009995  
3 
1  69 1781211351  
1  38 1917997714  
1  104 562378551  
1  157 1350559414  
1  65 775365494  
3 
1  118 1396946753  
1  59 11271835  
1  35 1666867874  
1  0 50120259  
3 
2  41 
2  146 
1  178 334331896  
3 
3 
3 
3 
3 
2  58 
3 
3 
1  66 2117535509  
2  13 
1  50 475070957  
2  75 
2  18 
3 
2  0 
1  47 818808732  
1  66 602283798  
1  93 403458811  
2  34 
2  147 
3 
1  39 238955509  
2  116 
3 
3 
3 
1  140 1902090890  
2  142 
1  20 390070020  
3 
1  170 1651524543  
3 
3 
1  44 1757354896  
2  11 
3 
1  33 1159497076  
2  88 
2  29 
2  4 
3 
1  54 1850576784  
3 
2  48 
1  35 133387458  
2  154 
1  177 1466813382  
3 
3 
1  5 477846654  
1  61 1403731761  
2  47 
3 
3 
2  120 
2  99 
3 
2  168 
2  155 
2  108 
1  6 1496857351  
3 
3 
3 
2  19 
2  39 
2  177 
1  81 1713765626  
2  60 
3 
2  21 
2  105 
2  153 
1  103 440754102  
2  24 
3 
3 
2  32 
3 
2  110 
2  116 
3 
3 
2  161 
3 
3 
2  51 
1  21 1858782271  
2  34 
1  23 1135291973  
3 
2  154 
1  108 74481805  
2  85 
2  129 
2  152 
3 
2  15 
1  20 1629296337  
1  75 1697670524  
1  61 1425041219  
3 
2  170 
1  71 257178183  
3 
1  150 947133629  
1  49 1436313055  
3 
3 
2  154 
3 
1  165 1924046058  
1  106 997253888  
1  6 1770644951  
3 
3 
2  68 
2  180 
1  73 1894097919  
3 
2  161 
3 
2  170 
2  34 
3 
2  10 
2  93 
2  160 
2  52 
2  15 
3 
2  158 
1  113 1472324846  
1  153 441970035  
2  44 
3 
3 
2  90 
3 
1  28 348898069  
1  41 1875783657  
2  165 
3 
2  170 
3 
1  139 680925544  
2  88 
2  170 
1  56 103505312  
2  58 
3 
2  54 
1  167 118370030  
3 
3 
2  75 
1  26 184966439  
3 
1  66 1860860208  
1  46 1277867106  
1  86 2035543223  
1  4 1994247666  
2  87 
3 
3 
1  60 597196840  
1  33 365906229  
1  173 1250495779  
2  130 
1  129 2094054191  
3 
3 
1  128 2079671855  
2  179 
3 
2  139 
2  7 
1  58 1691249881  
2  51 
1  93 1805352814  
1  158 1067480181  
3 
3 
2  33 
1  76 1765731687  
1  11 1287165504  
1  60 617667057  
1  50 1043289258  
3 
2  5 
3 
3 
2  126 
2  98 
3 
3 
1  21 1544343687  
2  27 
3 
2  95 
1  90 1564800687  
1  109 332118665  
3 
3 
1  18 1320906097  
2  96 
3 
1  53 414570927  
3 
2  119 
3 
3 
1  151 2102763616  
1  150 1067520369  
2  35 
2  14 
3 
3 
1  61 1886895773  
1  22 397250003  
1  165 1416418438  
1  77 1615195783  
1  35 1078175547  
3 
1  40 1519923750  
2  43 
1  36 1733565813  
1  35 1263141986  
2  105 
1  137 1233300310  
1  194 863949271  
2  129 
1  85 1151201562  
2  37 
1  185 1080064328  
2  99 
2  38 
1  141 1461146111  
3 
2  20 
1  107 1517107791  
2  3 
2  106 
1  155 183076460  
2  73 
2  127 
1  10 1407716655  
2  111 
3 
3 
3 
1  36 1449295999  
3 
1  89 1874326341  
2  168 
3 
1  177 1065585821  
2  74 
2  41 
3 
3 
2  54 
3 
3 
2  118 
3 
1  66 369292532  
2  165 
3 
3 
3 
2  60 
3 
3 
1  3 1492574380  
2  184 
1  100 205267677  
3 
2  64 
1  145 986959589  
2  23 
1  168 388379991  
3 
3 
1  141 1749611365  
3 
1  39 404276628  
2  89 
2  60 
2  74 
2  21 
2  37 
1  84 720498656  
1  171 923033814  
2  14 
2  30 
1  76 818847556  
3 
1  158 675778625  
1  85 1990554183  
3 
3 
3 
3 
2  28 
3 
2  113 
2  5 
3 
1  65 558259681  
1  160 1073028628  
2  6 
2  92 
3 
1  114 1259488974  
3 
2  86 
1  60 25971816  
1  101 3720528  
1  71 631929076  
3 
1  155 1759537629  
3 
1  54 1266862514  
3 
3 
2  187 
3 
3 
3 
2  79 
1  115 1865229387  
2  63 
3 
3 
1  137 476003252  
2  70 
2  3 
1  143 270580428  
3 
2  77 
1  94 797810067  
1  45 1937149364  
3 
2  117 
1  85 1787688220  
3 
2  171 
3 
2  147 
2  104 
2  157 
1  138 980886527  
1  7 1197382371  
3 
3 
1  133 1089500571  
1  127 707729221  
2  143 
1  18 115484544  
1  176 1458793103  
1  11 52819953  
3 
3 
3 
3 
1  126 320752222  
1  88 298269044  
2  93 
1  175 441199944  
2  118 
2  51 
3 
1  45 2070363587  
3 
2  107 
1  60 702545673  
2  99 
1  78 1161698601  
1  171 845913753  
1  174 1521393229  
1  185 1837477226  
2  94 
1  179 688984289  
1  130 2079652910  
1  120 763022206  
3 
1  53 1948473263  
1  172 2105624727  
2  90 
2  8 
2  19 
3 
3 
2  122 
1  59 766742734  
1  185 432918691  
3 
1  74 1717678708  
2  55 
3 
3 
2  29 
3 
3 
2  49 
3 
3 
1  61 2033605249  
2  122 
1  185 150664430  
2  143 
1  40 46198313  
3 
1  56 156702029  
3 
3 
2  3 
1  147 948474498  
2  178 
3 
1  80 1983347677  
3 
1  102 1944390249  
1  137 1929361025  
1  117 1033246400  
2  109 
2  131 
1  86 886407172  
3 
1  53 489606598  
2  80 
2  24 
1  185 1148730944  
2  101 
1  172 197716627  
2  53 
2  24 
1  11 542426552  
1  168 1469483166  
2  158 
3 
2  159 
3 
3 
3 
1  54 495985672  
1  60 983626496  
2  77 
1  154 1392363105  
1  95 1198531345  
3 
3 
2  48 
3 
1  147 2145325097  
2  32 
3 
2  111 
2  5 
1  172 90793211  
2  42 
3 
1  68 572440926  
3 
1  5 1835318675  
3 
2  146 
3 
1  106 779777500  
1  2 504610188  
1  111 450857234  
1  35 580767115  
2  47 
3 
3 
3 
2  186 
3 
3 
2  130 
1  120 462751267  
3 
1  105 1217599968  
1  87 1013685806  
2  188 
2  138 
1  83 32946328  
2  101 
2  151 
3 
1  26 1103721569  
2  142 
2  138 
1  163 1164350237  
2  178 
2  119 
1  127 79144641  
3 
1  16 1260423599  
2  31 
1  13 2112824735  
2  149 
2  107 
2  92 
1  173 2062492318  
2  105 
3 
1  28 1057330200  
3 
2  96 
2  3 
3 
1  176 1894702112  
2  89 
3 
2  87 
1  86 948255070  
1  44 1943737373  
3 
2  20 
2  118 
2  161 
2  111 
3 
1  16 236825063  
1  162 2096986014  
1  1 2141454000  
1  2 779251615  
3 
2  16 
2  101 
1  107 1418985533  
3 
1  190 489956024  
3 
1  129 1762878111  
3 
3 
2  158 
2  100 
2  8 
2  171 
3 
3 
3 
2  176 
2  117 
2  99 
3 
1  188 663864990  
3 
3 
2  164 
1  154 1688487369  
2  13 
3 
2  175 
2  26 
3 
2  52 
1  118 1760719561  
2  81 
3 
3 
2  110 
3 
1  20 754658201  
1  77 113444647  
3 
2  18 
1  127 1448554588  
3 
2  98 
2  127 
3 
1  98 1534435701  
3 
2  72 
1  11 618054836  
3 
1  4 1899411822  
2  64 
2  82 
3 
2  71 
2  168 
1  60 2115202816  
1  131 1080806103  
2  168 
3 
3 
1  162 969528143  
1  70 981404975  
3 
2  116 
3 
1  62 1113752431  
1  188 2073249712  
1  174 2145755212  
2  114 
2  116 
3 
1  12 1192897072  
1  150 1186189663  
2  141 
1  33 2111096299  
1  44 1107905742  
3 
2  72 
2  12 
3 
2  39 
2  35 
2  94 
3 
1  106 96036216  
3 
1  49 1858314763  
3 
2  33 
1  96 2056160812  
3 
2  127 
3 
3 
1  189 2039773589  
3 
3 
3 
3 
1  21 2095139826  
3 
2  16 
1  116 2005663179  
1  158 2033743941  
3 
1  141 726907793  
3 
1  37 1277165064  
3 
2  94 
1  51 376216318  
1  153 342302257  
1  91 1941030054  
1  72 2064703687  
1  62 2103021818  
1  127 548204608  
1  7 30664687  
3 
3 
1  43 1404092758  
1  158 2082640309  
3 
2  52 
1  78 648719523  
2  21 
2  181 
3 
2  160 
2  41 
3 
3 
2  148 
1  19 1156020933  
1  93 2050359478  
2  64 
3 
2  70 
3 
3 
3 
3 
2  24 
2  49 
2  152 
2  11 
2  97 
1  66 1729525626  
2  156 
3 
2  60 
1  143 2125549076  
2  49 
2  78 
1  57 884280805  
2  131 
1  120 695794410  
1  61 2051315140  
3 
2  98 
3 
1  127 882552369  
3 
1  85 1888691482  
1  138 1090021156  
3 
3 
3 
1  4 846165020  
2  152 
1  138 849113577  
2  21 
1  56 1186057372  
3 
2  112 
2  25 
2  99 
2  133 
2  67 
1  147 556996135  
3 
2  171 
3 
1  171 757790741  
3 
2  156 
2  23 
2  4 
3 
3 
1  41 1078347313  
2  160 
1  117 504652314  
2  85 
1  156 615970272  
2  48 
2  180 
3 
1  126 964607606  
2  77 
1  38 1231560107  
1  20 1893135336  
3 
3 
1  81 1340823924  
1  103 1573862364  
1  112 1686681743  
2  188 
3 
3 
1  109 1258043964  
1  177 1529400534  
2  51 
3 
2  131 
3 
2  124 
2  26 
3 
2  118 
3 
2  114 
1  172 87402703  
1  92 1288708651  
2  153 
2  173 
2  21 
3 
1  95 786009645  
2  33 
3 
3 
2  45 
3 
2  53 
2  88 
1  21 22559364  
1  123 1937428174  
2  119 
2  135 
2  172 
1  104 1942030578  
3 
1  33 2072918842  
3 
2  10 
1  39 1519470152  
3 
3 
2  71 
2  2 
2  71 
2  4 
1  43 1920096006  
2  14 
1  171 809715999  
3 
2  176 
2  67 
3 
2  47 
1  134 67780914  
2  4 
2  2 
3 
2  140 
2  47 
1  88 1823927498  
2  66 
2  91 
2  68 
3 
2  120 
2  20 
3 
3 
3 
3 
3 
1  21 1692268368  
3 
1  101 1956472397  
2  3 
2  97 
3 
2  49 
2  24 
2  53 
1  14 766465006  
2  60 
1  54 390949740  
1  163 658102326  
3 
1  27 1952522378  
2  71 
1  158 947945876  
2  19 
3 
1  82 1415893067  
1  165 883386043  
2  136 
3 
1  86 1452598190  
2  76 
1  15 2031863340  
3 
2  102 
3 
2  170 
1  164 1847993650  
3 
1  34 536674649  
1  69 1777515028  
1  145 1041333926  
2  55 
2  130 
3 
2  73 
1  14 2110537014  
1  33 1316713123  
1  101 151894242  
3 
2  60 
2  12 
2  80 
1  12 1492453900  
2  126 
1  45 1404115826  
2  120 
3 
2  91 
2  90 
2  62 
2  155 
3 
1  100 1440602893  
1  151 130979897  
1  90 1426675191  
1  125 1230547419  
3 
3 
2  134 
1  35 2073010475  
3 
1  36 1352110385  
1  50 602533924  
1  157 1845622833  
2  109 
1  35 14342737  
1  44 670314838  
2  148 
3 
1  171 1522066684  
3 
3 
3 
2  94 
3 
2  52 
3 
2  171 
3 
2  59 
1  10 1706611105  
3 
3 
1  24 479303587  
2  44 
3 
2  77 
2  170 
1  56 141048042  
2  40 
2  78 
2  124 
1  55 2097560846  
3 
1  166 1137405913  
3 
3 
3 
3 
1  104 2093570421  
1  88 898023074  
2  70 
1  62 405815333  
1  156 829472816  
3 
2  4 
1  114 203137616  
3 
3 
2  48 
2  122 
3 
2  52 
2  66 
2  18 
3 
2  141 
1  82 290195025  
1  48 529982818  
2  5 
3 
2  103 
3 
2  7 
3 
1  88 739812265  
1  104 2067710053  
1  132 1571316745  
3 
1  95 702865631  
3 
1  42 1236939529  
1  89 1723210987  
3 
2  16 
3 
3 
1  83 47835884  
2  159 
1  71 493571707  
3 
2  54 
2  162 
1  36 1016330233  
3 
3 
1  152 178815781  
1  11 1920246898  
3 
1  158 99394004  
1  150 104342609  
3 
3 
1  75 1124873636  
1  159 701927928  
1  123 1949965442  
1  14 1139216373  
1  110 1372242767  
2  174 
3 
2  30 
1  66 1324548478  
3 
2  62 
2  0 
3 
1  155 698343830  
2  34 
1  58 1851546354  
3 
1  158 1465596521  
2  26 
3 
1  71 648421028  
2  114 
2  9 
2  14 
3 
3 
2  147 
1  75 841468620  
2  164 
2  60 
3 
1  140 1411683294  
2  81 
3 
3 
2  144 
3 
3 
2  133 
2  28 
2  141 
1  57 1546444102  
3 
2  113 
1  65 1247283953  
3 
3 
2  103 
1  105 93672462  
3 
3 
3 
1  26 1749581718  
3 
1  31 1537478978  
2  43 
2  76 
2  3 
3 
1  62 623655281  
3 
3 
1  90 341910336  
3 
1  130 1457705383  
2  170 
2  165 
1  52 47488378  
3 
1  45 1044775967  
2  139 
2  42 
1  70 547161264  
3 
3 
1  143 1770699365  
1  37 1092611851  
3 
1  72 1040732972  
3 
2  96 
2  32 
3 
3 
2  17 
3 
3 
3 
1  18 639545950  
3 
2  85 
1  83 1271427633  
2  54 
1  9 813496222  
3 
1  17 738939955  
2  70 
3 
3 
3 
3 
2  49 
1  45 1375770242  
3 
1  151 1938369858  
1  158 1440867883  
2  55 
3 
3 
1  129 1178252036  
1  54 930102583  
2  142 
3 
1  130 665627002  
2  18 
2  18 
1  155 355316867  
2  163 
3 
1  83 1628446414  
1  112 369689709  
3 
3 
1  59 1820913388  
2  14 
2  121 
1  30 129383794  
3 
1  62 1211158329  
2  130 
1  45 1085113034  
3 
2  38 
2  94 
1  106 1675827897  
1  79 310958634  
1  118 1178785496  
1  165 1277925967  
1  87 1848437612  
3 
2  67 
2  55 
1  59 1802440777  
1  31 1619836303  
2  80 
2  114 
1  135 1158659347  
2  168 
2  153 
1  115 1849929155  
3 
2  9 
3 
3 
3 
1  83 517128623  
3 
3 
3 
3 
3 
1  71 1705820612  
2  100 
3 
1  25 1473144873  
2  49 
2  174 
1  46 1609740474  
3 
3 
2  81 
2  102 
2  21 
3 
1  29 599069936  
3 
3 
2  6 
3 
2  128 
1  26 2112690823  
2  107 
3 
1  131 733684459  
2  53 
3 
3 
3 
3 
2  93 
3 
2  162 
1  90 1412566158  
2  64 
1  110 704147130  
2  16 
3 
1  46 2109454701  
3 
2  128 
1  1 1203452369  
2  19 
3 
2  169 
1  123 2145015014  
3 
1  72 1140223090  
1  99 2133554952  
1  76 663158368  
3 
1  55 1495539957  
1  77 1614517718  
2  59 
1  20 1032848077  
1  116 1168969697  
2  149 
2  24 
1  136 1743901513  
1  109 96522758  
3 
1  70 106599083  
2  142 
3 
3 
3 
3 
3 
1  25 1272245762  
2  139 
3 
3 
1  161 407481392  
3 
1  57 1285384579  
2  49 
1  84 402688081  
1  30 108435356  
1  110 940341709  
3 
3 
2  11 
3 
3 
2  124 
2  58 
2  105 
2  84 
3 
2  143 
3 
2  56 
3 
2  55 
2  134 
2  70 
2  137 
2  160 
2  78 
3 
3 
2  92 
3 
1  49 2022524385  
2  64 
2  165 
1  26 1267094704  
2  143 
3 
1  42 642787216  
1  129 392169360  
3 
2  82 
2  15 
3 
3 
2  31 
2  141 
1  156 825431668  
1  112 2115932089  
2  41 
1  142 2001909834  
1  16 1424501604  
3 
3 
1  91 2081139265  
3 
1  78 588110646  
1  151 689584114  
1  90 637802747  
1  155 550081699  
2  77 
1  164 1893036483  
3 
1  26 635334113  
3 
2  43 
2  69 
1  55 1690304789  
1  25 1879107788  
1  169 1298492482  
2  100 
3 
1  88 1038361098  
2  82 
1  62 1346141858  
3 
1  154 183856911  
2  78 
2  82 
2  129 
1  50 59847147  
2  138 
2  46 
1  33 942559723  
1  117 280379670  
2  3 
2  49 
3 
1  72 166446230  
2  22 
2  87 
3 
3 
1  4 67321837  
3 
1  54 687861062  
1  125 1451830810  
1  20 470009919  
2  49 
3 
2  46 
2  1 
3 
2  76 
3 
2  2 
3 
2  95 
3 
1  53 796296419  
3 
1  41 244688871  
3 
3 
2  80 
3 
3 
3 
3 
1  168 345050656  
2  171 
2  81 
1  5 2063391123  
2  27 
3 
2  58 
3 
1  166 887476087  
3 
1  43 737220016  
1  169 741339143  
2  135 
3 
2  103 
1  16 855924529  
1  138 591646202  
2  171 
3 
1  176 18357099  
2  20 
3 
2  149 
1  79 789580146  
2  19 
3 
1  112 1179756848  
3 
2  173 
2  42 
2  0 
2  97 
3 
2  65 
3 
1  108 707941213  
1  9 1427382893  
2  49 
2  4 
1  64 1729838548  
3 
2  164 
1  110 453494049  
1  160 2062717007  
3 
3 
2  39 
1  2 1272659689  
1  128 185118189  
1  103 1213725841  
3 
2  116 
2  120 
2  74 
2  105 
2  70 
1  147 163537140  
3 
2  14 
3 
1  98 1531260047  
2  26 
2  72 
1  165 1397582752  
2  26 
3 
1  5 223384287  
2  148 
3 
2  101 
3 
2  4 
3 
2  29 
2  6 
3 
3 
2  63 
2  65 
3 
3 
1  118 326336123  
3 
1  37 1677962422  
3 
1  43 389830518  
1  29 393657960  
3 
2  102 
3 
2  3 
3 
2  73 
3 
1  24 218339837  
1  163 1841661328  
1  23 863667879  
3 
2  35 
2  106 
3 
3 
2  2 
1  53 1014636256  
1  42 2086350199  
3 
2  133 
2  52 
3 
3 
3 
3 
1  77 1208718535  
2  20 
3 
2  157 
2  87 
1  116 930543731  
2  98 
2  165 
3 
1  113 826342638  
3 
2  152 
1  57 1945938551  
1  23 1671882874  
1  84 1682267167  
2  68 
3 
3 
2  39 
2  39 
3 
3 
1  8 390101106  
1  59 1690239973  
1  10 324363665  
2  158 
1  89 1569857954  
1  77 250697538  
3 
2  6 
2  84 
3 
3 
1  12 1751746559  
2  82 
2  4 
1  155 1152212854  
3 
3 
3 
2  47 
2  14 
1  148 704191587  
1  45 1666979918  
3 
3 
3 
1  38 277388896  
3 
3 
3 
1  83 889309776  
1  46 733222111  
1  13 440926036  
2  15 
2  110 
3 
3 
1  153 273086176  
2  32 
3 
2  16 
3 
1  14 2130804863  
2  119 
2  112 
3 
2  119 
3 
1  104 664310323  
2  146 
3 
3 
2  108 
2  19 
1  34 599422299  
1  55 1661283638  
3 
2  125 
3 
2  55 
3 
3 
3 
3 
1  79 1054140841  
3 
1  35 993080259  
3 
3 
1  130 1879623475  
1  151 748318521  
1  40 1856748139  
3 
1  48 746776083  
1  3 687185072  
3 
2  160 
3 
3 
1  41 917983026  
1  12 1677319814  
2  173 
1  121 1513527711  
3 
2  17 
3 
3 
2  148 
3 
2  132 
1  17 716437930  
1  68 1201719040  
1  115 1048311230  
1  29 1106539036  
1  71 744475365  
2  9 
1  7 1372674896  
3 
1  24 528913342  
2  173 
2  150 
1  8 995172903  
1  51 976937807  
3 
2  101 
3 
3 
1  39 1681126197  
1  25 1699364491  
3 
1  29 496434077  
1  103 1958515093  
3 
1  131 441190619  
3 
3 
2  176 
2  87 
3 
3 
2  144 
3 
2  134 
2  0 
1  172 1229656188  
3 
2  12 
3 
1  181 251957481  
3 
1  137 714276795  
3 
2  119 
2  164 
3 
3 
1  47 1212977403  
3 
3 
3 
2  21 
2  92 
1  100 916267804  
2  86 
3 
1  0 1313699094  
1  145 726777393  
3 
3 
3 
3 
1  22 1970408646  
2  150 
2  116 
3 
2  73 
1  4 159295706  
3 
3 
1  3 458917220  
3 
2  150 
1  22 571243519  
3 
3 
1  63 2016043845  
3 
1  61 1205693303  
3 
3 
3 
2  60 
2  14 
1  89 1258428592  
3 
2  177 
1  118 786543223  
3 
1  63 735529469  
1  71 624472655  
1  55 1502981153  
3 
3 
1  143 1937248509  
3 
3 
2  149 
3 
3 
3 
2  16 
2  16 
3 
2  43 
3 
1  7 1672783885  
2  127 
3 
1  124 462036541  
2  61 
1  145 534240226  
1  64 897975133  
2  42 
2  119 
1  62 990949884  
3 
3 
1  57 1529413130  
2  42 
3 
2  154 
1  50 1874912940  
2  35 
1  114 524592433  
2  120 
1  44 1081293973  
2  159 
3 
2  95 
2  141 
2  166 
2  8 
3 
2  34 
3 
3 
3 
1  177 223863369  
1  25 335623878  
1  27 1522484592  
2  60 
3 
2  43 
3 
1  170 1453519557  
1  19 587581359  
3 
2  167 
3 
3 
3 
3 
1  62 89277740  
3 
3 
3 
2  74 
3 
1  175 519013313  
2  15 
1  122 1503849163  
1  112 1402976834  
1  18 1245790706  
3 
1  50 1326774161  
3 
1  155 1562272540  
2  142 
2  73 
1  108 1704707927  
2  43 
3 
2  141 
1  168 1898017681  
1  19 1430832737  
1  131 762917582  
1  177 1008962625  
2  152 
1  35 69892313  
2  94 
2  89 
3 
3 
2  147 
3 
2  26 
1  121 1498447052  
1  31 1633435280  
1  22 1572873466  
1  58 1288211913  
3 
2  13 
3 
2  0 
2  176 
3 
1  24 1158735517  
3 
3 
1  7 2034910008  
3 
3 
2  70 
1  161 1822452140  
2  84 
2  113 
1  105 2056710651  
2  57 
3 
2  59 
3 
2  7 
3 
1  30 878376244  
2  29 
2  77 
3 
3 
1  71 1204381622  
3 
1  167 1784139943  
3 
3 
2  146 
3 
1  75 1402968677  
3 
3 
3 
1  59 138191947  
3 
3 
1  116 2008003313  
1  19 1738592555  
3 
2  131 
1  75 1660676539  
1  107 1314039222  
1  3 178690266  
2  8 
1  73 1749954279  
3 
3 
1  3 1833052535  
1  44 1682539429  
1  162 1005447466  
1  189 931359594  
2  190 
1  119 861829943  
3 
3 
1  134 420236358  
2  175 
2  122 
2  59 
2  186 
2  99 
2  173 
1  7 488583873  
1  171 612363976  
1  181 1851069096  
1  81 1251501455  
3 
1  155 1621326601  
2  88 
1  90 1920961409  
1  103 602464859  
1  67 1107278233  
1  149 1346351227  
1  15 1890676773  
3 
2  68 
2  117 
3 
1  41 118530102  
1  92 1233777587  
2  184 
1  14 1565645265  
1  177 27757105  
3 
3 
2  106 
2  189 
1  168 2112153831  
1  19 622543239  
1  115 1811897049  
1  149 1367638860  
3 
3 
2  120 
1  89 760735186  
3 
1  18 1672416714  
3 
1  196 958747767  
1  69 273928077  
2  134 
1  39 838972288  
3 
3 
3 
2  120 
2  61 
1  32 1137438033  
3 
1  136 2023882357  
3 
1  144 524541176  
2  191 
3 
1  104 672493815  
3 
1  125 881846175  
3 
2  151 
2  119 
1  150 1455900770  
3 
2  141 
2  5 
2  12 
2  51 
1  181 1534323758  
1  167 1302082533  
2  151 
3 
1  11 1944484643  
2  157 
2  115 
3 
1  175 2146687734  
1  30 1005667981  
2  28 
2  152 
3 
1  186 1048502450  
2  166 
1  117 1620530687  
3 
2  170 
1  63 779145742  
2  162 
2  75 
1  97 1650967310  
2  32 
2  129 
3 
1  36 580325272  
1  110 2125496970  
3 
3 
1  114 1394160435  
2  151 
2  59 
2  178 
1  100 698855374  
1  165 1211790909  
1  59 812322052  
2  120 
1  22 726612480  
3 
2  22 
3 
3 
1  91 1176461093  
2  118 
1  106 1434865291  
1  10 391025881  
3 
3 
1  97 396616305  
3 
3 
1  17 48116829  
1  90 2063442595  
3 
1  97 1355364073  
1  21 322044906  
3 
2  68 
1  198 754931235  
3 
3 
2  168 
1  15 345318458  
2  95 
2  174 
2  133 
2  106 
3 
1  82 198443615  
2  13 
3 
3 
3 
3 
1  99 1279472411  
3 
2  73 
1  20 1017812273  
3 
2  116 
3 
1  45 1080289790  
2  205 
1  45 587889533  
2  76 
1  157 404652383  
2  110 
2  110 
1  188 234888676  
1  145 384890528  
2  80 
1  136 403856469  
3 
3 
1  29 1240556657  
1  28 1433392979  
2  131 
1  61 2024387156  
2  203 
2  18 
2  148 
1  139 2019702400  
3 
2  115 
3 
3 
1  192 936876641  
1  11 457228780  
2  65 
3 
3 
3 
2  58 
1  92 1997715722  
1  6 183553428  
3 
2  93 
2  199 
1  91 1156084155  
2  35 
1  176 1062022983  
1  87 995875480  
2  120 
3 
1  46 1882696635  
3 
1  73 91000428  
1  72 283257123  
2  104 
2  62 
3 
1  127 126238868  
3 
1  205 487616734  
3 
3 
2  11 
2  122 
3 
2  68 
3 
2  59 
1  201 331373952  
1  143 42197815  
2  132 
1  65 1842980807  
2  50 
2  184 
3 
1  43 653418858  
3 
3 
2  149 
3 
3 
1  132 797129050  
1  137 40815617  
3 
3 
2  159 
2  204 
1  174 851862474  
2  149 
2  173 
1  10 2076601462  
1  1 1058627891  
3 
2  72 
3 
3 
1  22 1932152264  
2  74 
3 
2  13 
1  12 517007347  
3 
1  107 1463280274  
2  160 
2  170 
2  38 
3 
2  42 
2  6 
3 
1  115 19557292  
3 
2  19 
1  135 901897876  
2  155 
2  108 
3 
3 
3 
1  96 1867136744  
3 
3 
2  3 
2  18 
1  70 1260113950  
2  113 
3 
3 
3 
1  147 187807207  
1  5 1744040252  
2  162 
2  48 
3 
2  82 
3 
2  59 
1  167 1132332702  
2  67 
1  200 1124683848  
1  164 53785385  
2  70 
1  85 982564776  
1  28 1308237276  
1  142 1209869540  
2  83 
2  159 
2  47 
1  129 2044587759  
2  131 
3 
1  37 156629108  
3 
1  153 945082527  
2  168 
1  168 2135588188  
1  12 439886231  
1  51 1071321395  
1  129 475721274  
3 
2  186 
2  65 
2  46 
3 
3 
2  39 
1  169 771260183  
1  168 1113519210  
2  37 
2  0 
2  194 
1  89 171218433  
3 
1  144 1424679041  
3 
2  15 
2  119 
2  143 
1  157 1910648260  
3 
3 
1  85 212034050  
3 
2  87 
3 
2  142 
2  116 
2  96 
2  34 
1  85 129057867  
1  47 1839766074  
1  36 1270661941  
1  92 2061210132  
2  90 
1  39 209289774  
3 
1  83 586458568  
2  51 
3 
2  163 
3 
1  131 2080767424  
2  85 
1  186 1111187650  
3 
3 
3 
3 
2  176 
3 
2  125 
3 
3 
2  15 
2  63 
1  171 306111664  
3 
2  110 
1  172 1193397726  
1  8 1298994857  
1  169 2050151916  
2  137 
2  85 
3 
1  153 178246780  
3 
3 
1  62 276195057  
2  164 
1  144 2103937301  
3 
2  151 
1  109 1160811556  
2  68 
3 
1  94 1584432333  
2  26 
3 
1  161 1166323193  
2  200 
3 
3 
3 
3 
3 
1  108 1057915668  
3 
1  2 1741061441  
1  73 2111405720  
2  91 
2  122 
3 
1  99 1046020208  
2  70 
1  114 33464024  
2  7 
3 
1  186 1035243467  
1  61 1521741482  
2  153 
2  189 
3 
3 
1  176 804724207  
2  18 
2  12 
1  49 1279029  
1  101 1692959915  
2  58 
1  19 81919600  
1  174 1911927290  
2  133 
1  37 1904993965  
1  40 210977468  
3 
3 
3 
3 
2  152 
2  167 
3 
3 
1  130 1604209716  
2  84 
1  36 1028172259  
2  144 
2  135 
3 
2  141 
2  133 
3 
3 
1  6 124703952  
1  45 1813499490  
1  80 1614630827  
2  139 
1  149 57987728  
2  47 
2  22 
3 
1  8 777203492  
3 
3 
2  140 
1  192 1920742491  
1  173 1251385455  
3 
3 
1  36 2076198349  
3 
3 
1  34 1823410759  
3 
2  10 
1  81 1429632235  
3 
1  90 204909758  
3 
3 
3 
1  169 1779864413  
2  72 
1  16 442960144  
3 
2  125 
3 
1  99 1789342091  
2  63 
1  35 798703958  
3 
2  200 
3 
1  175 1500875812  
2  49 
1  131 1382919884  
2  7 
2  68 
1  78 762626031  
3 
3 
1  42 399412372  
3 
1  66 1416383908  
3 
2  136 
2  142 
3 
3 
2  71 
3 
2  91 
1  144 1797869498  
1  63 1921153854  
3 
1  156 73624467  
1  109 1799148528  
3 
1  170 1466630121  
3 
2  78 
3 
3 
2  87 
2  43 
1  94 155544068  
2  11 
1  43 1563592170  
1  48 1224140438  
2  114 
1  200 366521536  
1  8 1020318238  
3 
2  137 
2  128 
2  40 
3 
2  109 
3 
3 
1  135 104829049  
2  123 
2  179 
2  78 
3 
2  154 
1  128 491225488  
2  140 
3 
3 
1  161 686334081  
2  29 
3 
3 
1  89 1719459876  
2  122 
3 
1  101 549213216  
3 
1  182 1463537573  
2  118 
2  107 
2  130 
1  5 1492718719  
3 
3 
3 
1  136 1800598671  
3 
1  189 1392252275  
2  203 
3 
3 
1  196 1168645831  
1  205 1082747259  
3 
1  4 1597162033  
2  95 
2  100 
1  34 801026596  
3 
3 
3 
3 
2  202 
1  94 1525707403  
1  180 1239020477  
3 
1  191 1599730554  
1  152 879099567  
3 
2  104 
1  150 474456713  
1  147 214872937  
1  39 1278511939  
1  114 1890840622  
3 
2  83 
3 
2  30 
1  157 2012742436  
2  30 
1  7 1052182145  
2  194 
1  12 1964465089  
2  146 
2  146 
2  121 
3 
1  106 1664407316  
3 
3 
1  62 371328618  
3 
1  190 2120009157  
2  165 
1  163 1080515838  
1  70 1595469056  
2  209 
2  33 
3 
3 
2  206 
3 
3 
1  111 339047045  
3 
2  72 
1  49 2100834076  
3 
1  189 1700298106  
2  41 
1  92 830272533  
2  77 
2  178 
2  165 
3 
1  179 639684509  
3 
3 
1  32 1272274334  
2  95 
3 
3 
3 
2  2 
2  175 
2  152 
3 
3 
1  22 1379485750  
1  207 2103222083  
1  44 617509406  
1  143 1032600773  
3 
3 
2  137 
3 
3 
1  186 1347990710  
1  60 1786155237  
1  206 2115348032  
2  34 
1  190 797669095  
2  198 
3 
2  14 
3 
3 
3 
2  118 
3 
1  97 439698185  
2  62 
3 
3 
3 
1  149 1493571787  
2  147 
1  21 2036689572  
2  103 
1  201 2039428739  
3 
3 
1  97 225187706  
3 
2  3 
1  83 363662638  
2  116 
1  109 106818029  
2  88 
1  24 1503699645  
2  140 
2  136 
1  130 107019612  
3 
2  136 
3 
1  34 2119560465  
2  202 
1  159 408398142  
3 
3 
3 
1  198 2071484701  
1  45 1636484133  
3 
2  70 
3 
1  60 779726760  
2  175 
1  72 2044010211  
1  90 569516323  
1  202 227712169  
1  198 235573608  
2  51 
3 
3 
1  213 522866751  
1  89 1928010275  
3 
2  187 
1  78 1065846142  
2  3 
3 
2  170 
1  206 1162551261  
2  99 
2  167 
2  160 
1  3 1052800961  
2  55 
1  153 297848244  
2  95 
1  115 1118289696  
2  124 
3 
3 
1  21 1670310367  
3 
3 
1  1 1330449017  
2  37 
1  79 318796758  
2  166 
3 
2  166 
1  83 1308981956  
3 
2  204 
1  197 1298313402  
1  41 1116465853  
1  20 1748680141  
2  66 
1  92 644401541  
1  187 1005671778  
2  174 
1  194 1640625233  
2  174 
1  181 869589248  
2  54 
2  74 
2  52 
2  98 
2  26 
3 
2  211 
1  63 1369334416  
1  13 1747443262  
2  132 
2  180 
1  214 225805245  
2  76 
1  90 1476354028  
3 
1  106 1719520079  
2  114 
1  185 634203388  
2  76 
3 
3 
3 
3 
2  184 
1  143 1400355081  
3 
3 
1  182 1208520564  
2  87 
2  29 
2  90 
3 
2  3 
2  15 
1  26 1413930148  
3 
2  49 
3 
1  55 1296881644  
2  57 
2  73 
3 
2  119 
2  50 
1  178 1778036887  
1  136 1641642317  
2  4 
2  20 
3 
3 
1  78 1532455253  
1  73 153419990  
3 
3 
1  18 1422168944  
3 
1  5 450817747  
3 
3 
1  123 1315971251  
3 
2  48 
2  121 
2  67 
1  174 327486258  
2  91 
3 
1  184 748665991  
2  142 
2  124 
1  156 286777299  
3 
3 
2  181 
2  71 
2  166 
1  188 1997796625  
1  156 2079115008  
3 
3 
3 
1  120 605574057  
2  24 
1  124 1159294934  
2  2 
3 
1  190 1229944762  
2  118 
3 
2  197 
1  119 1722039911  
1  62 760491427  
3 
3 
3 
1  54 1874346304  
1  97 580228041  
2  78 
2  55 
3 
1  87 253633012  
2  70 
2  110 
3 
2  104 
3 
2  17 
2  43 
3 
1  82 596451904  
2  65 
2  198 
2  178 
1  197 1949562457  
2  158 
3 
2  119 
3 
3 
1  166 2001076274  
3 
3 
2  159 
2  67 
2  22 
3 
3 
1  165 822257149  
2  107 
3 
2  13 
3 
3 
3 
2  71 
3 
3 
3 
2  98 
2  168 
2  14 
1  140 1278432837  
1  25 1573112705  
3 
1  35 1456460537  
2  186 
2  57 
1  179 531304270  
3 
3 
1  72 634149621  
1  137 722907038  
2  1 
2  26 
2  41 
3 
3 
1  94 1828185915  
3 
3 
2  108 
3 
2  8 
3 
3 
3 
2  99 
3 
2  170 
3 
1  194 264702860  
3 
2  154 
1  189 217065707  
1  108 1213157520  
1  71 418122851  
3 
1  25 1639234652  
2  144 
2  129 
2  40 
1  110 1663975267  
1  135 1734094102  
3 
2  193 
2  193 
2  159 
1  112 1966720910  
3 
2  189 
3 
1  25 265157610  
1  67 2020871402  
1  34 1817033887  
2  167 
2  97 
2  105 
3 
1  91 196788970  
3 
2  113 
3 
3 
2  103 
3 
2  132 
3 
3 
1  138 478961811  
3 
1  168 828845173  
2  18 
1  139 1426733733  
2  52 
2  80 
1  73 53518074  
3 
2  42 
3 
2  97 
3 
3 
3 
1  113 1589336601  
2  80 
2  7 
3 
1  78 1153596389  
1  65 633746115  
2  48 
1  52 1842969613  
3 
3 
2  163 
3 
3 
2  144 
3 
2  74 
3 
1  97 1750048293  
3 
1  66 435824924  
2  194 
3 
3 
2  64 
2  134 
3 
1  174 1696562240  
2  130 
1  168 424821794  
1  77 1714257761  
3 
1  140 1122191297  
3 
3 
3 
3 
1  40 1881282332  
2  83 
3 
1  34 98078384  
2  150 
1  83 1756340919  
3 
3 
1  166 456705722  
2  128 
3 
3 
2  80 
1  45 1926264299  
3 
3 
3 
3 
3 
2  165 
2  50 
2  23 
2  39 
1  75 2021043779  
1  165 673771429  
1  121 991938171  
2  127 
3 
3 
2  97 
1  43 291682982  
1  7 165522433  
1  75 508429790  
2  49 
1  103 2025777085  
3 
2  2 
1  156 2132243343  
1  110 773587400  
3 
1  88 1899164839  
1  86 1801793583  
2  7 
1  148 970376370  
1  81 230643002  
2  5 
1  32 483155108  
3 
2  198 
2  129 
1  192 249626455  
1  100 284161077  
2  3 
1  83 2072491709  
3 
1  156 1403222844  
1  187 917907192  
2  183 
2  48 
2  120 
2  101 
3 
1  113 1767977675  
1  184 1005787489  
2  160 
1  181 1353732117  
2  192 
3 
2  107 
1  55 1317056267  
2  83 
2  23 
2  162 
2  62 
2  173 
2  30 
1  151 1430609284  
3 
1  160 920506230  
2  132 
1  85 291763916  
2  183 
1  130 1164407968  
3 
1  120 1018584614  
1  44 2048104835  
1  138 1621113690  
3 
3 
1  4 797365265  
2  183 
1  195 1921664967  
2  29 
1  23 147401471  
1  78 1789303436  
3 
3 
1  124 65864301  
3 
2  143 
3 
3 
2  172 
1  34 312923905  
2  69 
1  169 150249578  
3 
1  84 2091641386  
3 
2  144 
3 
2  107 
2  127 
3 
2  183 
2  92 
2  127 
2  188 
1  185 297683600  
1  11 923836978  
2  155 
3 
1  68 1843322577  
1  54 2099477183  
1  45 1894213349  
1  57 2073965580  
3 
3 
2  61 
2  201 
1  117 435148644  
1  26 2143839804  
3 
1  33 210643009  
1  176 360156705  
2  193 
3 
3 
2  17 
1  126 1399579001  
3 
2  123 
3 
3 
2  2 
3 
3 
3 
2  92 
2  84 
2  10 
1  121 1128550201  
1  90 2128134380  
1  14 257882842  
2  169 
3 
3 
3 
1  15 334798670  
3 
2  116 
2  145 
1  123 1297706999  
2  30 
3 
2  83 
1  9 1688492126  
2  44 
3 
2  16 
2  130 
2  26 
2  44 
1  21 1255304901  
2  22 
1  79 1589470916  
3 
2  83 
3 
1  68 705416446  
3 
1  44 126405867  
3 
2  155 
3 
1  15 1490092103  
2  141 
2  41 
1  83 179046488  
1  82 923771133  
2  66 
1  60 1264273422  
1  135 326447960  
3 
3 
2  95 
1  7 565590921  
2  89 
1  32 1330137724  
1  38 639371865  
3 
3 
2  27 
1  60 715840500  
3 
1  191 1274295462  
3 
2  198 
1  18 937055465  
2  83 
1  109 1639677478  
1  26 970134392  
3 
3 
1  3 889049001  
3 
3 
1  143 1386407179  
3 
3 
1  201 896616324  
1  66 1324197645  
1  115 1382763336  
1  59 1107259333  
2  11 
3 
2  201 
3 
2  5 
3 
1  130 1684354350  
1  26 634858689  
3 
1  100 88325886  
3 
1  2 1665005083  
2  90 
3 
1  88 892741531  
3 
1  94 423124557  
1  173 815228434  
2  111 
1  137 433750010  
2  58 
1  160 1678429458  
2  188 
3 
1  195 257215702  
2  32 
2  77 
3 
3 
1  188 1139166456  
3 
1  168 1804835325  
1  196 1747307806  
3 
1  45 1318212945  
3 
3 
3 
1  158 581122810  
1  99 864097580  
3 
3 
2  43 
1  60 1644660905  
2  171 
2  162 
3 
3 
1  130 1146713732  
1  136 46751656  
1  141 136549122  
3 
1  187 1862554232  
1  56 1321047119  
1  124 1073604587  
3 
3 
1  149 1354748062  
2  185 
1  206 143697863  
3 
1  10 1962653588  
1  41 593671594  
2  122 
2  200 
2  16 
1  189 1040314187  
2  204 
2  127 
3 
1  25 1139367585  
3 
3 
3 
3 
1  178 1976434930  
3 
2  19 
2  124 
2  120 
2  45 
1  39 89872  
2  148 
1  84 676238288  
1  198 463809971  
2  78 
1  194 88415758  
2  13 
2  191 
1  101 193759723  
1  180 1356551502  
2  189 
1  176 511540315  
3 
1  118 1008988157  
1  182 1790301512  
1  151 42486125  
3 
3 
2  51 
3 
2  153 
1  106 1266203860  
3 
3 
1  36 781984321  
3 
1  8 1847321451  
2  108 
2  114 
1  56 866028018  
2  148 
2  27 
3 
1  172 2100197266  
3 
2  12 
1  19 280960613  
2  84 
3 
2  209 
3 
3 
3 
3 
2  83 
2  129 
1  167 1730125598  
3 
2  34 
2  118 
3 
1  82 1597374523  
2  93 
3 
1  113 1427674345  
3 
1  96 1776877255  
1  185 1733923645  
1  63 1142744929  
1  36 950440726  
2  19 
3 
2  161 
3 
2  108 
3 
1  37 660044584  
3 
3 
1  134 350009344  
3 
1  4 1094138589  
2  87 
2  174 
1  194 475214525  
1  73 943680938  
2  31 
2  141 
1  193 2134452776  
3 
3 
1  188 1614582110  
2  28 
1  150 772632220  
2  13 
2  42 
3 
2  58 
1  1 2134542648  
3 
2  186 
2  13 
1  71 143336750  
1  59 1236442191  
1  21 75474758  
1  104 337096473  
3 
2  74 
3 
2  1 
3 
1  172 445510045  
1  1 587015074  
2  122 
3 
1  58 1346084631  
2  103 
2  88 
3 
3 
2  157 
1  44 88327910  
1  31 629501199  
2  163 
3 
1  51 464804843  
3 
2  189 
2  35 
1  15 870312231  
1  57 329339002  
1  103 1330832861  
3 
2  103 
1  30 823025849  
2  61 
1  17 610299616  
3 
1  43 913474811  
2  151 
3 
2  51 
3 
3 
1  91 272916724  
2  193 
2  69 
3 
3 
3 
3 
3 
2  52 
3 
3 
3 
2  157 
1  155 2037973961  
1  10 542868418  
3 
3 
1  71 2006840369  
3 
1  60 1033235243  
3 
1  30 1493309144  
1  209 519401305  
2  41 
3 
2  5 
1  134 1383244587  
3 
2  145 
3 
1  199 439964085  
3 
2  149 
1  138 994615830  
3 
1  140 179441877  
3 
3 
3 
1  50 426933213  
2  171 
2  82 
2  71 
3 
3 
2  107 
3 
3 
2  130 
3 
2  76 
1  90 461714293  
3 
2  99 
2  164 
2  71 
1  1 952074097  
2  1 
1  89 413992213  
3 
3 
3 
2  209 
2  152 
1  35 605051043  
1  162 41032640  
2  193 
3 
1  37 489466972  
2  114 
3 
3 
3 
1  14 942147517  
2  141 
2  6 
3 
1  117 486542685  
3 
1  10 1076482046  
1  32 140748500  
2  94 
2  32 
3 
1  80 574870595  
1  71 1705983245  
2  63 
3 
2  128 
1  67 605553343  
2  152 
3 
3 
1  60 1445182826  
1  48 2035322248  
2  213 
2  193 
3 
2  165 
1  176 1936386204  
3 
2  152 
3 
3 
2  23 
2  151 
2  147 
3 
3 
3 
3 
3 
3 
2  81 
1  131 120725027  
3 
2  152 
3 
3 
1  27 498138216  
2  182 
3 
2  21 
3 
3 
2  12 
3 
3 
1  158 702377367  
2  112 
2  12 
3 
2  103 
1  57 393641751  
2  197 
1  20 388628529  
2  118 
3 
2  2 
1  50 1245245786  
1  48 252998472  
3 
2  70 
2  64 
3 
2  121 
2  152 
3 
1  133 1421863772  
3 
3 
2  166 
1  15 591071282  
1  177 772399778  
3 
2  35 
2  209 
2  207 
1  205 657624711  
2  105 
1  21 1031035368  
3 
1  86 1767015608  
3 
1  154 837066588  
3 
3 
3 
2  140 
1  200 1457968581  
2  156 
2  125 
2  135 
1  24 81246253  
3 
2  150 
3 
1  211 1789140685  
2  69 
1  31 1871960795  
3 
3 
1  124 686297297  
1  139 1830173325  
3 
1  54 213944119  
1  39 1628444814  
1  209 169232363  
1  109 1290426165  
3 
1  160 1769193314  
3 
2  168 
2  34 
2  174 
2  70 
1  45 744102958  
1  190 848925762  
1  153 227263009  
2  5 
3 
1  11 41802137  
2  203 
3 
2  152 
2  19 
2  173 
2  175 
2  110 
2  210 
1  98 736764362  
1  97 16165565  
3 
3 
2  147 
2  40 
3 
3 
2  131 
3 
3 
3 
1  145 162527164  
2  43 
2  158 
1  62 1234902578  
2  27 
1  187 718542932  
3 
3 
3 
2  26 
2  59 
2  85 
3 
3 
3 
2  96 
2  91 
1  93 556168916  
3 
1  157 1623531108  
2  63 
1  152 1963788718  
3 
2  27 
1  204 809167388  
1  128 897911232  
1  118 407376353  
2  56 
1  73 1581567166  
3 
3 
3 
2  185 
1  52 1555535944  
3 
3 
1  110 1438411721  
3 
1  37 1201099127  
1  143 245118884  
2  209 
1  166 748896654  
2  185 
2  92 
1  55 1282345380  
3 
2  175 
1  155 2034259570  
3 
3 
2  46 
1  133 473373801  
2  173 
1  62 1968642677  
3 
3 
1  7 1716949247  
3 
1  163 687317920  
2  141 
1  125 1449603843  
1  135 1886181610  
2  58 
3 
3 
1  124 1977744085  
3 
1  160 1071313509  
1  5 482800921  
2  6 
1  111 679186200  
2  21 
1  207 1298576518  
1  60 524603058  
2  48 
3 
2  59 
2  82 
1  109 1415950562  
2  86 
2  90 
2  21 
1  24 1314742083  
2  152 
1  25 687130222  
3 
2  122 
3 
3 
3 
1  202 503369493  
1  12 2033285016  
2  20 
3 
1  204 1243299138  
3 
1  144 2126900601  
1  160 1849590086  
2  141 
1  184 2052466527  
1  118 877328185  
3 
1  57 109482791  
3 
3 
1  182 1486550045  
1  195 285380481  
3 
3 
3 
1  204 1547894512  
2  88 
3 
1  22 540165524  
1  61 530499366  
3 
1  141 149307519  
3 
2  29 
1  144 1822510905  
3 
1  14 417275288  
3 
2  166 
2  69 
1  47 622681320  
3 
1  208 1643669934  
1  181 2134224535  
3 
3 
1  43 1309999241  
2  111 
3 
2  50 
3 
2  161 
1  79 945790130  
1  146 1872922498  
2  103 
1  0 1140259678  
2  208 
1  126 2017103639  
2  136 
1  206 208239771  
2  164 
3 
1  1 1819445878  
3 
1  172 1168196510  
2  6 
3 
2  183 
1  22 732842829  
2  74 
1  97 1087912793  
2  176 
2  189 
2  119 
1  155 335454945  
1  197 1419973051  
2  120 
2  106 
1  207 1591282286  
2  185 
1  60 221256313  
3 
3 
2  89 
3 
2  75 
3 
1  43 515788542  
3 
2  5 
2  136 
1  50 1570699239  
1  28 2070846400  
2  203 
3 
1  175 420771421  
1  194 300543776  
1  84 32845543  
2  14 
3 
2  100 
1  124 1907321466  
1  152 585924258  
3 
1  22 1580740056  
1  116 300003343  
2  18 
3 
3 
3 
1  96 1116423624  
1  122 1730047575  
1  57 2122514248  
3 
3 
2  160 
3 
3 
2  34 
2  10 
3 
2  85 
1  150 1533698912  
3 
3 
1  184 205245247  
3 
3 
1  124 1618700534  
2  158 
1  176 1520439799  
2  86 
3 
2  34 
1  203 1515244488  
3 
2  175 
3 
2  150 
3 
1  23 417007016  
1  49 1245878649  
3 
2  161 
2  191 
2  25 
3 
2  57 
1  0 508020519  
1  1 286627008  
1  16 1454118420  
2  125 
1  90 179982749  
3 
1  160 1454823518  
2  16 
2  119 
1  32 39477601  
2  96 
3 
1  25 1267895542  
3 
2  179 
3 
1  81 1790278463  
1  35 1459450653  
2  107 
1  2 711694180  
3 
2  41 
3 
3 
3 
1  143 2011534777  
3 
1  22 1975239195  
3 
1  55 134909771  
2  164 
2  4 
2  143 
2  84 
1  139 1934897529  
1  86 248526968  
1  112 435453548  
3 
3 
2  188 
3 
2  166 
2  162 
1  25 1967743072  
1  24 8364786  
1  158 1021377806  
2  55 
1  138 1400999480  
2  175 
2  40 
2  210 
3 
3 
1  24 308368129  
2  211 
3 
2  112 
3 
2  95 
3 
3 
1  133 2137801430  
3 
1  45 983563407  
1  33 283398729  
1  202 1524016694  
3 
2  108 
3 
2  200 
3 
2  33 
1  176 1188808655  
2  153 
3 
1  212 1902099264  
3 
2  38 
3 
2  82 
2  208 
3 
3 
3 
3 
1  195 896972845  
1  69 556569495  
2  152 
2  118 
1  200 171622632  
1  132 2142851495  
3 
1  137 1064590014  
2  179 
3 
2  29 
1  31 458249640  
3 
3 
3 
3 
3 
1  68 1449486267  
1  210 1244572764  
1  111 1913073158  
1  90 1488963869  
2  111 
1  204 364984658  
3 
3 
3 
2  191 
2  150 
1  122 1555867974  
3 
1  192 800930874  
3 
2  147 
1  169 1076678839  
3 
1  175 1419919103  
1  41 628686421  
2  52 
1  53 1211588610  
2  4 
3 
2  143 
3 
3 
3 
1  10 1207332984  
1  157 877213389  
1  18 1647042158  
1  56 1027592408  
2  23 
3 
2  136 
3 
1  68 885578175  
3 
3 
1  121 520936316  
3 
3 
2  196 
3 
3 
1  145 281108241  
2  22 
3 
2  69 
2  111 
3 
2  69 
3 
1  141 1193946305  
2  179 
1  68 511254098  
2  157 
1  159 1264671648  
2  124 
3 
2  24 
1  63 1477345034  
2  51 
3 
3 
3 
2  15 
2  52 
2  130 
2  177 
3 
2  187 
1  12 2035270792  
1  4 305996655  
2  97 
2  158 
1  179 1231960650  
2  133 
1  145 784759990  
3 
1  103 862566151  
3 
1  172 1403583283  
1  114 780127837  
3 
1  3 1927156165  
2  103 
3 
1  188 1861832923  
2  186 
2  164 
3 
3 
1  87 82130456  
1  163 1024245281  
1  62 1627422434  
3 
2  163 
3 
1  46 1571094325  
3 
3 
1  34 1389229940  
2  97 
3 
1  193 1035806760  
1  24 224541551  
2  122 
2  34 
2  6 
2  212 
2  179 
3 
2  27 
3 
2  55 
3 
2  33 
2  50 
1  0 318425131  
2  139 
1  176 308242215  
3 
2  151 
2  155 
1  53 853227972  
2  147 
2  122 
2  68 
2  13 
3 
3 
1  208 1530013741  
1  88 1515575199  
3 
1  16 1730441361  
2  32 
1  97 1029572252  
1  200 395683959  
1  56 468535889  
3 
2  166 
2  111 
3 
2  138 
1  23 1550508568  
1  77 676792200  
2  85 
1  63 1662482194  
1  47 2061762667  
2  9 
2  164 
2  50 
2  55 
3 
1  22 1941463849  
2  147 
1  136 992343580  
1  153 1949549811  
3 
2  175 
1  36 99976856  
1  12 76820583  
2  129 
1  58 586826153  
3 
1  17 962543007  
3 
1  129 1480403866  
1  190 1366953990  
1  169 742215525  
2  55 
1  151 1194753141  
2  69 
3 
3 
3 
1  201 1449084447  
3 
3 
1  10 1766460806  
3 
3 
1  97 674691927  
1  134 872695124  
1  153 1008207098  
2  1 
1  118 1710498687  
2  191 
2  176 
2  143 
2  115 
3 
1  64 1097236676  
3 
2  23 
2  171 
1  138 1326632229  
2  41 
3 
1  161 2018740902  
3 
1  8 1950464648  
2  102 
3 
3 
3 
1  88 709162323  
1  80 1386832453  
1  209 1533422362  
1  204 1738734575  
1  153 1782516413  
3 
2  41 
1  5 2001958251  
1  199 1141759495  
2  179 
1  31 311824965  
3 
3 
2  116 
3 
1  124 1516956797  
2  203 
3 
2  49 
2  68 
2  149 
1  25 1056038514  
3 
2  72 
1  75 105805166  
3 
1  15 361816729  
1  185 858104678  
3 
2  73 
1  81 205782023  
2  175 
3 
3 
3 
1  205 438637312  
1  0 1444930831  
1  32 1168325030  
2  1 
2  119 
1  58 1919041178  
3 
3 
1  13 664401174  
1  90 1910540555  
1  11 966310672  
2  107 
3 
2  21 
3 
3 
2  66 
3 
1  156 2113485621  
1  69 1529517714  
1  210 1641002599  
2  76 
