1  96 454817902  
3 
3 
1  0 1516613091  
1  0 1742767691  
1  37 1103857773  
2  1 
3 
2  100 
3 
2  0 
3 
1  63 26753801  
1  4 205191712  
1  92 723339357  
3 
2  0 
2  0 
1  79 1500355147  
1  0 1426444887  
2  0 
2  0 
1  0 359274351  
1  0 1899286459  
3 
3 
3 
1  65 101084865  
3 
3 
1  0 1735915684  
2  2 
3 
1  88 60108270  
3 
2  0 
2  22 
1  9 1853081276  
2  0 
2  0 
2  87 
1  0 2067883254  
2  50 
3 
1  94 1199657843  
3 
2  67 
1  28 1873398054  
3 
2  69 
1  64 865236824  
2  0 
1  0 724663334  
1  15 1703492471  
2  0 
1  6 467263271  
3 
1  0 1296392167  
2  0 
2  0 
3 
1  0 242483467  
2  92 
2  30 
1  0 1311546661  
3 
3 
3 
2  0 
1  101 1827784283  
3 
3 
2  0 
1  44 2066368644  
3 
3 
1  0 614820938  
3 
3 
3 
1  16 2035741574  
3 
2  0 
3 
2  62 
1  0 1957414366  
3 
2  23 
2  0 
2  54 
3 
2  0 
2  0 
2  62 
1  39 1681755421  
1  77 343075828  
3 
2  0 
2  92 
2  0 
3 
3 
1  12 1326543809  
3 
3 
1  21 1277039464  
1  13 1446933601  
1  0 1353297610  
1  48 1482231176  
3 
1  0 22789311  
2  0 
2  0 
2  0 
1  82 706169110  
3 
3 
2  61 
1  8 761192415  
3 
2  0 
2  0 
3 
1  0 382063662  
2  59 
1  0 457971921  
2  91 
3 
2  80 
1  1 862277281  
2  58 
1  91 2117979346  
2  22 
3 
2  2 
2  66 
2  29 
3 
3 
2  0 
3 
2  0 
2  82 
2  61 
2  0 
1  94 518080191  
1  93 567874909  
3 
3 
1  0 2038378952  
3 
3 
1  37 1717738035  
3 
3 
1  0 293789315  
3 
2  0 
1  70 756132128  
3 
1  75 294917721  
1  54 1997281787  
2  41 
3 
3 
2  0 
3 
3 
1  0 1223395399  
1  0 1591309888  
3 
2  0 
3 
3 
3 
3 
3 
1  47 92281606  
1  0 387458412  
2  1 
1  0 1271610523  
1  94 11166602  
2  0 
2  0 
3 
2  73 
1  0 1002279350  
3 
2  0 
3 
1  3 1159868449  
2  0 
3 
1  0 1968580969  
1  0 536551123  
3 
3 
2  96 
3 
1  75 1502944278  
3 
2  54 
2  28 
3 
1  1 1147641130  
3 
2  1 
3 
2  0 
3 
1  19 1813590588  
1  0 802394231  
3 
3 
2  1 
1  64 353455093  
2  0 
1  0 1148338116  
3 
2  35 
1  0 825183542  
3 
3 
1  1 1059624203  
2  0 
2  80 
1  82 1909530532  
1  0 1207247204  
2  1 
3 
3 
2  46 
1  1 1517596124  
2  47 
1  27 624324165  
3 
3 
3 
3 
1  2 1177742902  
3 
3 
1  70 2035676315  
1  1 1192199074  
2  2 
2  52 
3 
2  1 
1  0 1068638206  
2  2 
1  67 1605930702  
1  90 1485988389  
1  2 1824770334  
3 
1  69 1900848423  
3 
2  6 
1  67 1335786528  
2  90 
2  2 
2  13 
2  2 
2  0 
3 
2  0 
2  0 
1  0 900682085  
3 
2  0 
2  0 
3 
1  66 1344674664  
1  0 1428068135  
2  9 
3 
1  0 1288140497  
2  97 
3 
1  97 468801539  
3 
3 
2  12 
3 
2  1 
2  0 
2  0 
2  39 
3 
3 
2  0 
3 
3 
2  53 
2  0 
3 
2  0 
2  0 
3 
2  38 
3 
2  0 
2  78 
2  61 
2  82 
2  0 
3 
2  89 
3 
1  64 1439234737  
2  0 
2  9 
2  78 
3 
2  83 
3 
2  0 
3 
3 
3 
3 
2  89 
1  79 142936200  
3 
2  0 
1  99 1628669989  
2  89 
1  89 1260332058  
1  74 679487323  
1  20 984130619  
1  4 260489541  
2  54 
1  0 345594263  
2  0 
1  0 1786524850  
2  0 
1  0 613944634  
3 
3 
3 
2  100 
3 
2  36 
1  10 1493932380  
2  0 
1  53 464224745  
2  12 
3 
2  77 
1  0 1673568837  
2  0 
2  7 
3 
2  0 
3 
3 
3 
2  95 
3 
2  36 
1  0 1255979264  
2  0 
1  85 1671471949  
3 
1  0 1043681313  
2  0 
2  84 
1  0 1880303429  
2  0 
2  81 
1  66 701731204  
2  98 
3 
3 
1  0 931873980  
2  0 
1  95 925018855  
2  71 
1  28 1770369410  
2  74 
2  95 
1  8 390321035  
3 
3 
2  99 
3 
1  66 263523596  
2  0 
2  0 
3 
3 
2  7 
3 
2  0 
1  0 1447656097  
1  92 143685810  
1  95 1599310125  
2  0 
3 
1  0 200854534  
2  0 
2  3 
1  3 1488360474  
3 
1  0 879894612  
1  26 1488995032  
1  0 1957162014  
3 
3 
3 
2  0 
2  85 
3 
1  64 171645701  
1  0 1631931232  
2  56 
1  99 1438348355  
2  30 
3 
2  0 
1  15 1431977760  
1  91 163934907  
1  0 274995326  
3 
3 
3 
3 
2  0 
1  26 1692467301  
2  18 
1  61 509529171  
2  18 
3 
1  0 2061520176  
1  0 158928287  
3 
2  0 
1  68 2003461551  
1  32 378261273  
3 
3 
3 
1  64 1832497124  
1  0 1111957167  
1  74 2049733223  
2  0 
3 
3 
1  6 728694789  
3 
1  1 844776948  
2  1 
1  56 603980779  
1  100 1660568769  
3 
2  1 
2  0 
1  0 1769795803  
3 
3 
1  32 226866541  
1  2 2050889804  
3 
3 
3 
3 
2  9 
2  0 
2  0 
3 
3 
3 
2  29 
1  42 2033319399  
3 
1  30 1674522638  
2  0 
3 
2  0 
1  62 47091967  
1  20 1485145876  
1  88 1875377173  
1  0 1535452441  
1  39 217556840  
1  0 1216888557  
1  56 1345130807  
3 
3 
1  5 389202542  
3 
1  0 701336141  
2  47 
3 
2  0 
1  1 635995514  
3 
3 
2  1 
1  0 1821180302  
2  88 
2  26 
1  82 865271048  
1  50 910990840  
2  95 
2  6 
3 
3 
1  76 1366163955  
2  0 
3 
2  24 
2  51 
1  60 1374800219  
2  63 
2  0 
2  31 
2  0 
3 
3 
3 
2  0 
2  86 
2  0 
1  0 825027369  
1  0 1525092242  
1  17 1230778122  
2  29 
1  29 1203288642  
3 
1  0 1210105718  
1  83 195251641  
3 
3 
1  2 1105538217  
1  0 1938800507  
2  3 
1  10 1040028589  
1  26 1709518996  
2  97 
3 
2  23 
2  28 
3 
1  3 1451885628  
2  72 
2  0 
1  72 662340744  
3 
2  80 
2  0 
3 
3 
3 
1  30 1936385538  
2  17 
1  35 1355291785  
1  0 548176496  
2  2 
3 
3 
3 
1  67 1463424528  
2  23 
3 
2  2 
1  1 1402383752  
3 
2  54 
2  90 
1  1 2033322372  
2  86 
3 
2  3 
3 
3 
3 
3 
1  0 1191318053  
3 
2  1 
3 
1  73 790352545  
3 
1  2 103395565  
1  0 260722962  
3 
1  58 2135483353  
2  1 
3 
2  2 
1  2 492598107  
3 
2  0 
2  47 
2  1 
3 
2  67 
2  72 
2  68 
3 
1  1 962059103  
2  1 
1  1 623995219  
3 
2  23 
3 
2  76 
1  2 166294761  
2  14 
1  65 1827330152  
2  72 
1  1 1534986060  
3 
3 
2  44 
2  2 
1  2 1532458716  
1  0 1054646723  
3 
3 
3 
3 
1  88 212529781  
1  3 910067310  
1  71 137941198  
3 
1  78 1415818423  
3 
2  96 
1  2 2120173028  
1  3 333192839  
2  2 
1  77 373872993  
1  5 1911489887  
1  18 1373221429  
3 
1  28 2083391989  
2  4 
1  3 1215891867  
3 
3 
1  54 2035562173  
1  28 1872293879  
3 
2  30 
1  69 423700004  
2  92 
2  30 
1  67 436255021  
1  106 1188234760  
3 
1  1 1826083756  
2  97 
3 
1  88 322093746  
1  8 232069165  
3 
1  91 468952654  
3 
2  0 
3 
3 
3 
1  4 425489311  
1  107 492792128  
3 
1  84 456952359  
2  104 
3 
1  0 918087418  
3 
2  9 
1  40 1454851231  
2  34 
3 
2  110 
2  56 
1  72 1080947578  
1  9 1084382179  
1  2 1134697735  
1  2 468449990  
2  98 
2  54 
1  80 469357247  
2  27 
1  7 41860811  
2  0 
3 
1  96 680979771  
2  56 
3 
3 
2  10 
2  1 
2  11 
2  29 
1  2 1379424557  
2  72 
3 
3 
3 
1  59 179802009  
1  95 2096798195  
2  39 
1  11 1352113937  
2  38 
1  11 512994848  
2  89 
2  87 
3 
2  9 
3 
1  15 323187540  
3 
2  76 
3 
2  78 
1  3 1116120176  
3 
2  107 
1  57 1886216277  
1  88 259095881  
3 
1  2 184528395  
3 
1  14 1774294803  
1  14 2131389761  
2  48 
1  1 608228400  
1  7 63066176  
2  6 
3 
2  13 
2  72 
2  6 
1  2 1172140873  
1  7 286828508  
2  1 
1  16 385159922  
3 
1  12 1404210038  
3 
2  2 
2  107 
3 
1  7 755781162  
2  5 
3 
1  35 810649233  
3 
2  16 
1  13 1897002166  
3 
2  3 
3 
2  73 
2  59 
2  4 
3 
2  9 
2  73 
1  71 1212733521  
3 
1  76 1728736651  
1  9 1204369750  
2  20 
3 
2  13 
1  60 146197452  
1  53 665635182  
3 
3 
3 
3 
2  59 
1  5 191583837  
3 
2  73 
3 
1  8 614647442  
1  37 1134992429  
3 
2  5 
3 
1  91 233444648  
1  25 1295627214  
2  8 
3 
3 
3 
1  73 366933338  
3 
3 
1  23 413246657  
2  5 
2  46 
3 
2  64 
3 
2  8 
3 
2  23 
1  3 1244941761  
2  36 
1  2 1719047275  
1  110 926241506  
1  3 1568129301  
3 
1  10 687683803  
3 
2  70 
1  5 664974135  
3 
2  53 
2  63 
3 
1  85 1827225182  
2  2 
1  14 872212199  
2  34 
1  0 291785290  
2  14 
3 
2  95 
1  65 1811131295  
2  93 
3 
2  15 
1  55 1480440599  
2  21 
2  104 
2  108 
2  23 
2  64 
1  34 354851467  
3 
3 
2  52 
2  12 
2  64 
2  5 
2  98 
1  1 835788520  
3 
1  22 1767269107  
1  19 740011389  
3 
1  89 92514911  
1  5 375566622  
3 
2  24 
3 
3 
1  83 1550660623  
3 
3 
1  8 1989517077  
3 
1  87 1588300143  
2  15 
2  110 
3 
3 
1  49 1131913626  
3 
2  10 
2  92 
3 
3 
1  11 1046403179  
1  11 1734497595  
2  3 
3 
2  16 
2  9 
1  39 1797548809  
3 
2  27 
2  9 
1  5 1237987017  
2  10 
2  78 
2  56 
2  23 
2  13 
1  3 201661390  
1  6 785057590  
1  31 1471431665  
2  10 
2  56 
1  2 1497288604  
1  105 1151990929  
3 
2  86 
2  8 
3 
2  66 
2  56 
1  34 1884678323  
1  90 594746717  
3 
2  10 
2  9 
3 
2  3 
2  45 
2  13 
3 
1  41 723554556  
1  1 663436181  
1  79 15392370  
1  9 1411238360  
3 
2  101 
3 
2  91 
1  51 1328410316  
2  10 
2  1 
2  90 
1  53 1842617552  
3 
3 
1  8 135966911  
3 
2  11 
1  7 1620195607  
3 
1  0 1506265200  
2  11 
1  34 1616407510  
2  80 
1  5 1975047074  
1  59 194570072  
2  7 
1  65 1236192969  
3 
1  9 567574815  
2  58 
1  1 287084983  
2  12 
3 
3 
2  65 
3 
3 
3 
2  6 
2  87 
3 
2  30 
1  104 1611759591  
3 
3 
1  6 2118235438  
2  63 
3 
2  12 
1  18 129118413  
3 
2  9 
1  27 1052576087  
3 
3 
1  23 1102665417  
1  8 1175521592  
1  6 639590034  
1  37 752730578  
1  0 266024961  
3 
2  84 
2  12 
2  3 
1  23 841251424  
2  15 
2  34 
2  1 
3 
3 
3 
1  16 1537788168  
2  7 
2  6 
1  47 1737456627  
1  100 191056380  
1  20 542295449  
1  73 1474651302  
3 
3 
2  5 
3 
2  96 
1  85 785803097  
1  39 1265850006  
2  1 
2  64 
2  1 
1  2 2138087483  
1  15 801195467  
3 
1  5 529604718  
3 
3 
1  5 1319014151  
1  35 496329372  
2  8 
2  83 
3 
2  3 
2  4 
1  90 665571629  
3 
3 
2  19 
3 
1  79 791726110  
3 
3 
2  37 
2  1 
2  87 
3 
3 
1  47 2002594572  
2  3 
1  64 134495491  
1  3 619289536  
1  21 49680996  
1  1 1370688460  
2  1 
3 
3 
2  22 
2  75 
3 
1  4 1186864352  
1  1 336765980  
2  2 
1  53 834964404  
3 
2  2 
3 
1  90 1157616142  
1  2 465884393  
1  4 1887540491  
2  0 
3 
1  65 112797911  
3 
1  86 1641405985  
3 
2  59 
2  0 
3 
3 
3 
3 
2  84 
3 
3 
2  0 
1  21 379646877  
1  77 865528489  
2  3 
2  56 
3 
3 
3 
3 
3 
3 
1  0 1907430947  
1  1 1220898302  
1  8 255833010  
2  46 
3 
2  34 
2  0 
3 
2  2 
2  0 
1  48 1497403926  
2  1 
1  0 1411954682  
3 
3 
2  0 
1  101 798128459  
3 
2  47 
3 
2  0 
3 
1  42 824571580  
2  0 
1  93 50274132  
2  36 
2  0 
3 
1  0 2063978465  
1  47 815175415  
1  0 851469599  
2  1 
3 
1  0 446099535  
1  69 2134189566  
1  21 1347798971  
1  0 1111671164  
2  2 
3 
1  0 778432029  
3 
2  22 
3 
1  82 1202909895  
1  0 1246166655  
3 
1  1 1397721565  
3 
1  101 1252590892  
1  57 469371468  
1  79 437102269  
2  4 
2  2 
1  1 1589356872  
2  85 
2  2 
1  64 1304335872  
3 
2  0 
1  30 1594718412  
3 
2  1 
1  56 2055241265  
2  0 
1  4 1044392715  
2  5 
1  44 1707516323  
3 
2  21 
1  1 1549163602  
3 
1  87 1424039592  
2  0 
3 
1  34 425561165  
2  10 
2  0 
1  0 1309110901  
1  93 497454246  
2  0 
1  0 681394175  
1  0 659031179  
2  14 
2  0 
2  16 
3 
2  0 
2  26 
3 
2  0 
3 
2  0 
3 
2  0 
3 
2  45 
1  46 1909408929  
1  0 1479522634  
1  14 1483602759  
1  0 1959683061  
1  1 1396017452  
3 
3 
2  30 
3 
3 
2  91 
3 
2  37 
3 
1  1 151294526  
2  55 
1  65 663669012  
1  24 1842116987  
3 
3 
2  2 
3 
1  1 138000445  
2  0 
3 
3 
2  1 
3 
2  65 
2  93 
1  95 2011467984  
1  32 806304504  
2  14 
3 
1  71 916432474  
3 
3 
1  1 1066894231  
1  2 2052471159  
2  74 
1  27 166670391  
3 
2  26 
2  0 
1  41 172001475  
3 
1  0 374358979  
3 
3 
2  2 
3 
3 
2  101 
2  14 
1  2 603772661  
3 
1  46 1761358347  
3 
1  2 1678694851  
3 
1  2 51007425  
2  83 
1  2 1669115964  
1  1 575603918  
3 
1  70 1758523748  
3 
2  4 
2  1 
2  0 
2  58 
1  4 1070795919  
1  70 1999643511  
3 
2  2 
2  94 
3 
2  79 
3 
2  4 
1  3 36601265  
1  76 232423172  
3 
1  57 349614109  
3 
3 
1  4 717995440  
2  5 
1  4 891454352  
3 
2  0 
3 
2  30 
3 
2  1 
2  1 
1  53 111539390  
2  79 
1  82 50034427  
3 
2  54 
3 
1  1 227573463  
2  2 
2  1 
1  22 2071222451  
2  96 
2  0 
2  100 
3 
1  30 1446051879  
1  15 378867990  
3 
2  58 
2  0 
2  88 
3 
2  0 
2  67 
2  0 
3 
2  38 
3 
2  87 
2  0 
2  75 
1  87 587407816  
3 
2  100 
2  4 
1  44 1140685218  
2  84 
2  75 
1  0 516868435  
3 
2  0 
3 
1  29 451392152  
3 
3 
1  0 1946989722  
1  0 1433300909  
2  45 
1  55 1518286383  
2  1 
2  0 
1  0 1851977234  
2  60 
2  0 
3 
3 
2  53 
1  0 1599971300  
2  87 
1  0 1690287859  
1  80 78852565  
3 
3 
3 
2  1 
1  0 56260313  
1  70 1304162558  
3 
1  0 1757547417  
1  71 107267738  
2  0 
1  1 825794875  
3 
2  2 
3 
2  38 
1  18 185667687  
2  1 
1  0 1865791487  
1  54 1896590794  
3 
1  36 37827550  
3 
1  0 1902392752  
3 
3 
3 
2  59 
1  31 2129013966  
2  1 
1  1 387441660  
1  22 472904545  
2  2 
1  1 872984670  
1  0 498981050  
3 
3 
1  47 522938972  
2  0 
1  92 1100558134  
3 
1  17 422719854  
2  56 
2  12 
1  36 1968990851  
3 
3 
2  54 
3 
3 
1  7 1479426124  
3 
1  17 1010127670  
1  30 962192421  
1  1 1996294559  
3 
3 
2  0 
1  103 1461519822  
3 
1  0 761698496  
3 
1  3 1282111820  
1  2 832322557  
3 
1  1 466192082  
1  2 734599472  
1  5 375126768  
1  0 545044647  
3 
2  59 
3 
3 
3 
1  36 790859786  
2  85 
2  51 
1  98 1679289327  
3 
2  8 
2  46 
2  7 
1  4 155108416  
1  63 898127524  
2  4 
1  7 357600554  
1  12 340776104  
1  109 616435363  
3 
1  46 106707700  
2  79 
2  0 
1  0 378603654  
3 
2  61 
2  4 
3 
1  3 371344468  
3 
1  2 88238018  
1  6 766045314  
2  60 
3 
3 
3 
2  105 
3 
2  9 
3 
1  3 844249013  
3 
1  6 961222689  
2  35 
1  9 1265026365  
3 
1  102 1367187985  
2  28 
3 
2  12 
3 
3 
1  2 2061780823  
2  2 
3 
2  98 
1  6 1687746219  
3 
1  5 1188695188  
1  96 1393723299  
2  1 
3 
2  100 
2  61 
2  8 
1  19 550390241  
3 
3 
3 
1  5 3403961  
2  19 
3 
1  2 1242534210  
3 
3 
2  13 
2  29 
2  11 
3 
3 
3 
1  46 2011910063  
2  6 
1  2 765102457  
3 
3 
1  6 377162382  
3 
2  4 
3 
3 
1  63 696748972  
3 
3 
2  7 
3 
2  4 
1  63 1231294539  
1  6 1111761854  
1  89 1071875741  
3 
2  57 
1  92 1776339187  
1  8 1902621640  
3 
3 
3 
3 
2  5 
3 
1  6 603681420  
2  6 
3 
2  40 
1  10 1931447603  
2  97 
1  78 653265517  
3 
3 
3 
2  55 
1  10 961281974  
2  12 
1  28 124740059  
3 
2  108 
1  110 1269700880  
2  0 
2  41 
2  9 
3 
1  1 1067989674  
2  100 
2  11 
1  10 503343714  
3 
2  3 
2  52 
3 
3 
2  1 
1  78 1641045348  
2  0 
1  8 1156227692  
2  3 
1  83 1269389028  
2  2 
3 
3 
1  5 337810713  
2  2 
3 
2  3 
1  1 2117450381  
2  26 
3 
2  46 
2  91 
1  0 386931745  
2  3 
2  37 
2  35 
1  26 1704998698  
3 
2  4 
3 
1  104 2031747556  
3 
2  2 
2  2 
1  61 2074677964  
1  101 746210238  
1  2 1277987207  
2  46 
3 
1  4 477584557  
2  6 
1  77 749614200  
3 
3 
1  2 373037769  
1  19 342010972  
1  54 1514716657  
1  1 750200151  
3 
2  51 
1  7 1038759945  
1  6 598527549  
3 
3 
3 
3 
1  64 1861962006  
2  0 
3 
2  50 
1  8 2110635686  
2  96 
2  5 
1  22 227383088  
3 
3 
1  0 1617099998  
1  7 566833458  
1  94 11347043  
3 
2  8 
3 
2  0 
1  1 122881867  
1  7 1528115432  
2  5 
3 
2  5 
3 
1  1 136087103  
1  2 1392582748  
3 
3 
1  68 448621458  
2  10 
3 
1  25 639430817  
2  18 
2  8 
3 
3 
2  22 
1  83 886144448  
1  106 1604849150  
3 
1  101 1908819845  
3 
2  71 
2  77 
1  1 1223955162  
2  96 
2  0 
2  4 
3 
2  32 
3 
1  35 1574815884  
3 
3 
3 
3 
1  2 148267943  
1  89 781470212  
3 
2  64 
2  4 
3 
1  5 1459079792  
1  1 75462259  
1  41 1527680451  
3 
3 
2  3 
2  1 
1  56 589583352  
1  5 553046817  
3 
1  90 129811003  
1  77 962621121  
1  32 895057789  
1  35 1644527660  
3 
3 
3 
2  6 
2  3 
3 
3 
2  3 
3 
1  2 1712821273  
2  47 
2  0 
3 
3 
2  83 
2  4 
1  2 1933817734  
3 
1  43 95571561  
3 
3 
3 
1  20 1427299631  
1  49 1896969772  
1  77 322954649  
1  49 896915981  
1  103 316319582  
2  3 
2  3 
3 
2  2 
2  59 
2  13 
1  0 334301693  
2  2 
3 
3 
1  32 1019797849  
3 
1  24 1844435014  
3 
2  99 
2  89 
1  31 470388796  
3 
3 
2  36 
1  48 264896949  
3 
1  0 145572824  
3 
1  3 1109819613  
3 
3 
3 
1  74 1151041397  
1  0 1750421975  
2  41 
1  3 871155810  
2  64 
2  2 
1  2 227512911  
3 
1  6 1177754211  
2  36 
3 
3 
1  14 1019423753  
3 
2  3 
3 
1  86 1008983124  
3 
2  49 
1  6 489350355  
3 
2  18 
1  2 1094886013  
2  5 
2  41 
3 
1  15 389179927  
1  89 1078933707  
2  30 
1  4 1647932830  
3 
1  80 518990930  
1  2 2041554829  
3 
2  17 
2  11 
3 
3 
1  25 395506971  
2  32 
1  3 16034942  
1  8 1606892454  
2  80 
2  50 
3 
3 
3 
2  95 
3 
3 
3 
1  43 181841058  
1  5 111606504  
2  1 
1  7 886708437  
1  75 2078810830  
1  7 434561153  
1  3 1783624418  
1  115 247646765  
2  79 
3 
2  90 
1  6 768862846  
2  12 
1  4 655938619  
2  76 
3 
2  6 
2  9 
2  46 
1  1 2092081779  
1  6 1239251642  
1  32 920835568  
1  86 90170956  
2  20 
1  3 201587607  
1  16 2071876966  
3 
3 
3 
1  7 1840592931  
3 
3 
2  15 
3 
1  40 1072743418  
3 
3 
1  4 151906229  
3 
3 
2  18 
3 
1  14 870863494  
1  73 2092167171  
3 
2  17 
1  103 1160889353  
3 
2  81 
1  8 1360213849  
3 
2  18 
3 
2  0 
3 
1  2 1039569536  
2  0 
2  23 
3 
2  15 
2  1 
3 
1  7 1550069280  
3 
1  10 291663909  
2  0 
3 
3 
3 
2  5 
1  77 540018718  
3 
2  94 
3 
3 
2  13 
2  7 
2  0 
2  1 
1  1 2069060210  
2  67 
2  87 
3 
3 
1  1 185735090  
2  9 
3 
2  58 
3 
1  10 935525690  
2  24 
3 
3 
1  36 2085095153  
2  4 
2  44 
2  1 
2  26 
3 
3 
1  50 1792627544  
2  38 
2  5 
2  98 
2  4 
2  16 
1  64 1117366748  
3 
1  105 49218009  
2  95 
2  13 
1  47 531852333  
3 
2  1 
2  97 
2  41 
2  7 
1  13 1048693930  
1  3 483779162  
3 
1  59 167993103  
2  5 
3 
1  1 1296340695  
2  4 
1  24 1252642009  
1  6 823931723  
1  22 1240938827  
1  5 344410003  
1  79 1744767291  
1  0 1331109783  
3 
3 
2  77 
2  6 
3 
1  109 545997611  
1  8 1669160609  
3 
2  8 
3 
1  2 1024219066  
2  4 
3 
1  31 1618741029  
2  97 
1  107 1821066839  
1  33 1895082560  
3 
3 
1  54 1563424552  
1  7 834472544  
1  83 1107812761  
2  44 
3 
2  99 
3 
1  45 455510441  
1  3 237058177  
1  2 1399476670  
3 
1  27 995529159  
2  1 
1  61 158634739  
1  111 1585211760  
2  109 
3 
1  4 1931054849  
1  1 96246244  
3 
3 
2  5 
2  10 
2  4 
2  80 
3 
3 
1  12 1230355656  
2  102 
2  1 
2  82 
1  7 900937949  
1  0 145464253  
1  33 1762207989  
2  46 
2  101 
3 
1  3 1949631880  
3 
1  11 629243416  
2  89 
2  4 
3 
2  8 
2  1 
2  17 
1  1 1930201093  
1  8 1098488927  
1  13 1881885425  
2  8 
3 
1  78 606649168  
2  10 
1  9 191944106  
1  94 78811780  
1  10 203932811  
2  3 
3 
2  3 
1  16 1523053889  
1  7 624809391  
3 
2  4 
1  23 1873093421  
1  4 399789307  
3 
2  5 
1  22 96066772  
3 
3 
3 
3 
2  1 
2  6 
1  6 1546676612  
2  1 
3 
1  4 147388219  
1  2 1659491325  
3 
3 
2  4 
1  69 233665508  
3 
3 
2  3 
2  73 
2  7 
3 
2  5 
3 
2  1 
1  36 1255200981  
1  3 2115001766  
2  3 
2  11 
1  2 470723685  
1  5 507194003  
3 
1  6 963047277  
3 
1  16 629358425  
3 
1  4 2092405764  
2  67 
3 
1  85 746618479  
3 
3 
3 
3 
3 
2  26 
2  32 
3 
2  3 
1  77 725604669  
2  84 
2  82 
2  42 
1  5 1175277772  
3 
1  109 1647556428  
2  7 
2  40 
2  5 
1  31 871068923  
1  107 790002114  
1  1 1449704660  
2  1 
3 
3 
1  24 1500312339  
2  0 
3 
1  52 572719559  
2  2 
2  0 
3 
1  12 400709940  
2  2 
2  2 
1  1 1234714116  
1  12 1179368727  
3 
3 
2  0 
1  61 592654046  
1  101 1313525896  
3 
1  15 1383301538  
2  0 
3 
3 
3 
2  18 
2  51 
3 
1  0 2115707936  
2  0 
1  86 1938335288  
2  0 
2  96 
1  0 1108911311  
2  0 
2  0 
3 
3 
2  18 
1  74 368013595  
1  0 2034402060  
2  20 
2  95 
3 
2  0 
1  93 508104275  
3 
3 
2  0 
2  0 
3 
2  5 
3 
1  20 515401815  
3 
2  96 
3 
1  46 1546409737  
3 
1  0 741769784  
2  36 
2  86 
1  3 1770602796  
1  0 1513927855  
1  1 1212493469  
2  2 
2  61 
2  37 
3 
1  0 130313151  
2  32 
3 
1  1 329491485  
1  2 1841851894  
2  4 
1  31 75235267  
1  3 1076109964  
3 
1  93 419972916  
2  64 
3 
2  28 
2  24 
2  1 
2  55 
3 
3 
1  56 1250513040  
3 
3 
3 
3 
3 
2  23 
2  6 
3 
2  27 
1  3 576182744  
3 
1  79 1291041839  
2  4 
1  24 2040515154  
2  90 
2  22 
1  2 2025887405  
2  2 
1  15 643870530  
3 
1  1 465751065  
1  38 279113697  
2  0 
3 
2  31 
2  82 
3 
1  60 1878584646  
1  57 1645119792  
3 
2  3 
2  83 
3 
1  1 871767743  
1  3 1044626894  
2  2 
1  41 880937682  
1  8 839992031  
2  96 
2  73 
1  75 835478534  
3 
3 
1  3 1989848994  
3 
2  84 
2  3 
2  1 
1  2 1208005627  
3 
2  1 
3 
1  1 722396947  
3 
1  82 350469621  
2  40 
2  12 
3 
1  1 1723407442  
2  4 
3 
1  2 121323036  
3 
2  76 
2  81 
1  1 1092239405  
2  62 
1  1 1346526590  
1  6 1635250892  
1  2 157249227  
2  12 
3 
3 
2  2 
2  4 
1  81 1476839741  
2  5 
1  0 1964742377  
1  3 1999101121  
1  85 1552075009  
2  5 
3 
1  2 893368693  
3 
1  30 271590389  
2  94 
3 
3 
2  0 
2  1 
1  12 655104401  
3 
3 
2  4 
2  1 
2  2 
3 
3 
2  22 
2  1 
3 
3 
3 
1  49 1469551437  
3 
1  85 1562632228  
2  73 
1  0 548135907  
2  1 
3 
2  1 
3 
2  8 
3 
1  0 1347955194  
2  0 
1  78 59019110  
3 
2  33 
1  90 1013886972  
2  71 
3 
1  0 1627068891  
3 
2  0 
2  0 
1  0 1937603756  
1  0 511523116  
2  29 
3 
2  51 
1  0 351352987  
1  98 834747003  
2  2 
3 
2  0 
2  17 
3 
3 
2  88 
3 
2  74 
3 
2  101 
3 
1  0 1392460798  
2  1 
1  0 1191345018  
2  1 
2  0 
1  72 1670225537  
1  0 1234826144  
2  42 
1  5 251866997  
3 
1  52 245138836  
1  79 1585295766  
1  88 1975274439  
3 
2  89 
3 
1  0 366461873  
2  68 
2  0 
3 
3 
2  0 
1  54 530051523  
1  65 1174317381  
1  39 2001712765  
1  19 687300750  
3 
2  7 
3 
2  0 
2  63 
3 
1  0 503673475  
1  21 1818971494  
2  41 
2  41 
1  63 538918224  
1  74 2055748484  
1  89 564856539  
2  101 
2  0 
3 
1  99 810508613  
3 
1  53 563369237  
3 
2  0 
3 
3 
2  0 
2  0 
3 
2  77 
1  78 2034407976  
1  0 225657194  
1  0 1111505144  
1  87 1234879523  
2  13 
2  0 
3 
3 
3 
3 
1  0 284676304  
1  1 2125392116  
2  1 
2  0 
2  42 
1  0 714464766  
2  61 
3 
1  1 74796413  
3 
2  1 
1  86 489431584  
2  36 
2  1 
2  3 
3 
3 
1  0 1065817753  
3 
1  30 909543416  
1  0 1881892382  
2  2 
3 
3 
3 
2  44 
2  0 
3 
2  0 
1  0 109679124  
3 
2  78 
3 
2  0 
1  0 432285305  
3 
1  56 969234879  
2  82 
3 
2  80 
2  27 
1  77 361546121  
2  0 
3 
1  0 677424142  
3 
1  0 407046997  
1  0 189336913  
3 
3 
3 
3 
3 
1  0 1043886015  
2  1 
3 
3 
2  2 
1  0 937098520  
2  0 
1  83 1363654294  
2  1 
3 
3 
1  0 898115132  
1  0 1624399271  
1  32 1867327769  
2  2 
1  22 569602978  
1  1 15833847  
1  1 1775592605  
2  0 
2  0 
3 
2  66 
1  1 1134459517  
1  2 826342460  
2  3 
2  2 
2  46 
1  59 191478194  
3 
2  82 
1  1 1021383845  
2  0 
2  64 
2  3 
1  1 1051999654  
3 
1  2 1302983338  
3 
3 
3 
1  3 108779720  
3 
2  66 
1  47 1336675959  
2  4 
1  28 1280891806  
2  48 
3 
2  24 
2  16 
3 
2  1 
3 
1  0 823244487  
3 
1  0 1411472372  
3 
1  4 1770323390  
3 
2  0 
2  0 
3 
2  2 
2  63 
3 
2  47 
3 
3 
1  2 1889062240  
3 
3 
2  7 
1  0 173532140  
2  4 
3 
3 
1  0 1504732125  
3 
2  2 
1  0 1998741364  
2  89 
3 
2  0 
2  0 
2  1 
3 
2  14 
1  51 605817445  
3 
2  0 
1  46 326483356  
3 
2  63 
3 
1  0 212803838  
1  0 1283241587  
2  30 
2  47 
3 
3 
3 
2  48 
1  38 733530353  
2  73 
1  1 402140751  
3 
3 
1  3 179643954  
3 
1  2 1670628873  
1  1 1765795045  
1  22 1077759086  
1  80 1147544496  
2  5 
3 
3 
2  0 
3 
3 
2  1 
2  3 
1  99 1485639167  
3 
2  0 
3 
3 
3 
3 
1  4 1647362064  
1  38 1163378343  
1  92 1113748124  
2  0 
3 
1  0 634337933  
1  33 1989720804  
3 
3 
3 
2  19 
3 
2  0 
2  0 
1  84 1305226319  
2  0 
1  81 1655721779  
3 
3 
2  0 
1  51 894236810  
1  0 460726009  
2  0 
1  0 1764501499  
2  0 
1  0 83429121  
3 
3 
2  0 
3 
2  0 
1  0 1741617816  
1  53 440262338  
2  0 
2  0 
1  0 1494901493  
2  0 
3 
3 
3 
1  0 1364457558  
3 
3 
2  42 
2  64 
1  77 181840931  
1  0 1668433633  
3 
1  52 721706035  
3 
1  0 33098647  
3 
1  30 126767431  
1  2 1048189391  
3 
1  0 245902485  
2  2 
1  56 1410009018  
1  1 1781719744  
2  25 
2  24 
3 
1  1 648043236  
3 
2  43 
2  3 
1  6 1589652973  
1  68 1304864970  
1  14 266354634  
2  4 
3 
3 
2  0 
1  100 519928411  
3 
1  2 304925818  
1  0 1751993801  
1  2 19806828  
3 
1  0 1468304162  
1  6 718258277  
3 
2  4 
1  37 654144761  
2  76 
2  1 
1  94 1310541318  
2  44 
1  0 2023484596  
3 
2  99 
3 
2  6 
3 
1  1 162382892  
1  55 57294480  
3 
2  80 
1  56 336726958  
3 
3 
1  84 1926884392  
3 
2  4 
2  87 
2  4 
2  2 
3 
3 
3 
2  3 
1  1 140723602  
3 
2  2 
3 
3 
1  38 2078344774  
3 
3 
1  96 219663082  
3 
1  46 1635625095  
2  11 
2  2 
1  64 1295318684  
2  60 
3 
2  1 
2  44 
3 
2  66 
1  0 401504013  
2  0 
1  45 1156575081  
2  0 
2  83 
2  53 
3 
2  0 
3 
2  2 
1  0 2017024720  
1  89 434602661  
3 
2  93 
3 
3 
2  0 
1  0 1283342512  
1  51 917730463  
2  12 
1  0 680505146  
3 
3 
1  0 545867882  
2  0 
1  1 551966560  
2  82 
1  54 1328548383  
2  87 
2  40 
3 
2  1 
2  1 
2  82 
3 
2  14 
3 
1  0 2135520855  
1  4 1856831530  
2  1 
3 
3 
3 
2  64 
1  0 1594903017  
1  0 507965619  
1  96 14273700  
2  61 
1  97 1199413170  
2  1 
3 
1  11 527772447  
2  0 
2  93 
1  87 1482577862  
3 
2  0 
3 
2  0 
3 
1  10 1917671447  
2  0 
2  0 
3 
2  58 
3 
3 
3 
1  71 1181917208  
2  0 
3 
1  19 645635532  
3 
1  71 1793672396  
3 
1  0 1344300101  
3 
1  0 702930013  
3 
2  41 
1  1 2130399354  
2  76 
2  2 
1  92 1123700845  
2  50 
3 
2  0 
2  0 
2  66 
2  0 
2  51 
2  90 
3 
2  93 
2  36 
2  0 
3 
3 
1  48 843653615  
2  0 
3 
1  83 2061260480  
3 
1  89 1343363927  
2  80 
2  0 
1  32 331795062  
1  73 1209095516  
3 
3 
2  0 
1  30 1744867941  
3 
3 
1  0 1488370143  
3 
1  0 1078636588  
1  76 31986954  
1  1 624229007  
3 
1  23 1996367052  
1  20 712492100  
1  1 1170096890  
1  42 400849964  
2  1 
2  2 
1  23 2041040483  
2  75 
1  1 1158134097  
1  0 110197846  
3 
3 
1  51 1488459852  
2  9 
2  44 
3 
2  3 
1  18 1666099716  
3 
2  2 
3 
3 
1  22 124471546  
3 
2  23 
2  1 
2  0 
3 
3 
1  0 540389374  
3 
2  34 
3 
2  0 
2  6 
3 
3 
1  100 46388515  
2  64 
2  88 
2  82 
1  95 1607049409  
3 
1  10 310577174  
2  63 
3 
2  50 
1  35 1228305724  
3 
2  46 
3 
2  84 
3 
2  58 
1  0 105201293  
1  0 2104249570  
2  43 
3 
2  1 
1  0 425122177  
1  79 808131306  
2  89 
3 
1  49 2087165276  
2  39 
3 
1  1 1548823022  
3 
3 
3 
2  1 
1  0 1651784921  
3 
3 
3 
2  1 
1  0 2000942108  
1  2 744703301  
2  0 
2  70 
3 
2  0 
2  67 
3 
1  1 1983579984  
2  0 
1  52 1062553976  
3 
1  0 342087594  
1  1 1324466479  
2  3 
2  71 
3 
3 
2  2 
1  79 2141190565  
3 
1  0 374074548  
2  0 
3 
2  58 
2  91 
1  20 1948695487  
1  1 1990073969  
1  81 1086566649  
3 
2  45 
1  95 971308729  
1  0 243440285  
2  64 
1  2 980123484  
2  81 
3 
2  4 
2  102 
2  2 
3 
3 
1  1 2129442826  
1  24 353638131  
2  89 
1  74 321099689  
2  1 
3 
2  0 
3 
1  1 1648058895  
1  33 478109677  
1  72 861489063  
3 
3 
3 
1  1 1694447410  
2  25 
1  102 2085159086  
1  9 1172066237  
1  44 775269486  
1  87 42876732  
3 
3 
1  102 1128832159  
3 
2  3 
1  84 1200391663  
2  2 
1  0 851008038  
3 
3 
1  1 1068513787  
1  46 601731037  
1  42 355309312  
1  22 921972247  
1  2 1346434339  
2  63 
1  2 191405648  
1  12 1984526224  
2  103 
1  86 1688521933  
2  58 
3 
2  3 
1  24 1515872127  
2  3 
1  51 1978233141  
3 
2  25 
2  23 
2  79 
1  3 2062596482  
1  83 1317083966  
3 
2  3 
2  89 
1  102 1820823462  
2  24 
1  1 1001679483  
3 
1  4 140909047  
2  3 
1  100 2064263747  
1  69 1981802967  
1  4 122868226  
2  84 
3 
3 
2  61 
3 
2  93 
2  8 
3 
2  51 
2  100 
2  85 
3 
2  20 
1  62 270418230  
3 
1  19 155419008  
1  7 1770927121  
3 
2  4 
3 
3 
3 
2  82 
1  2 748527907  
2  52 
3 
1  1 1016908072  
2  13 
1  67 1317890883  
1  105 686203346  
1  1 41490661  
2  3 
1  5 2093160370  
1  47 729080078  
2  1 
2  20 
3 
3 
3 
2  4 
1  102 1170322821  
2  7 
3 
2  34 
3 
1  21 1146068385  
2  1 
3 
2  36 
1  3 1580088116  
2  54 
1  94 91352960  
2  5 
1  27 1747799423  
1  3 1935397428  
2  0 
2  0 
2  84 
3 
2  21 
1  87 1013325208  
3 
1  2 946750114  
2  74 
2  0 
2  47 
3 
2  0 
3 
3 
3 
3 
1  2 2126803076  
2  3 
2  59 
2  2 
1  0 850367784  
1  67 487788399  
1  2 1495191556  
2  2 
3 
3 
2  99 
3 
3 
1  12 681117277  
3 
2  2 
2  0 
1  0 402901233  
1  1 664791874  
2  58 
1  11 354457091  
3 
3 
3 
1  87 1404580716  
1  2 805700922  
2  32 
3 
3 
2  1 
2  58 
2  2 
1  1 271237190  
1  2 1238900036  
3 
1  2 928569148  
1  98 541655420  
1  50 1394319044  
2  61 
1  31 552012621  
3 
2  59 
2  61 
2  1 
3 
3 
2  1 
2  51 
3 
3 
2  67 
2  10 
2  0 
3 
3 
1  1 1290183327  
2  1 
2  99 
1  46 263743468  
3 
2  0 
3 
3 
1  0 1869903504  
3 
3 
3 
1  84 1976386673  
1  1 305234130  
1  0 1815580226  
3 
2  15 
1  82 557983103  
2  3 
2  0 
2  0 
3 
2  48 
2  0 
3 
2  75 
2  86 
1  51 1475556951  
2  81 
2  8 
3 
1  36 814164964  
3 
2  24 
2  16 
1  0 2138071220  
3 
2  94 
3 
3 
3 
2  0 
1  36 1566909911  
2  83 
3 
1  88 414480739  
1  0 1925985000  
1  0 432751471  
1  25 1361230853  
1  0 1905304429  
3 
1  2 1283119255  
3 
3 
3 
3 
2  19 
1  59 1849019252  
2  3 
2  1 
2  0 
3 
2  24 
1  0 1253012337  
1  102 1964236532  
3 
3 
1  1 104436838  
1  2 1917804211  
2  19 
1  2 171209975  
2  98 
1  66 1509017554  
1  2 576021485  
3 
1  5 442447165  
1  68 600433942  
3 
1  84 1504590633  
3 
1  3 984102585  
3 
3 
3 
3 
3 
1  7 1994752987  
2  53 
1  33 2056603254  
3 
1  4 126802265  
2  3 
2  98 
3 
1  7 111012807  
2  0 
1  103 1779023111  
2  90 
1  103 2103188938  
2  74 
1  14 416246937  
1  97 1447119689  
3 
1  30 513688394  
3 
2  8 
2  7 
1  2 1891803888  
2  75 
1  4 113801005  
3 
2  72 
3 
1  49 504275966  
3 
1  60 1311230152  
2  4 
2  45 
1  7 528281744  
3 
2  0 
2  86 
1  79 282777318  
3 
3 
2  5 
3 
2  50 
2  54 
2  11 
2  2 
3 
1  0 1743981623  
3 
1  39 1889512597  
3 
2  8 
1  3 40598099  
3 
1  68 879617231  
3 
3 
3 
1  81 1591048202  
1  71 1293610436  
1  38 696370115  
2  70 
3 
2  39 
2  64 
1  98 1695485040  
1  4 1063931000  
1  8 867580091  
3 
1  1 1057018946  
3 
3 
1  66 1639952485  
2  9 
1  92 1310027256  
1  90 1657452889  
3 
2  5 
1  1 997059471  
3 
1  71 146646194  
2  2 
2  2 
1  1 1504722228  
2  1 
1  5 906179077  
2  11 
3 
1  3 273448459  
1  1 1615735035  
2  7 
2  90 
3 
2  39 
1  87 537718540  
1  7 229153749  
3 
2  23 
3 
3 
2  35 
2  6 
3 
2  75 
2  95 
1  73 2031981973  
2  9 
3 
3 
3 
2  84 
3 
2  3 
2  28 
3 
1  15 1984838230  
2  14 
1  54 742842143  
2  13 
3 
1  0 1776302213  
1  4 2098639235  
3 
1  7 1247118109  
1  0 940048717  
2  9 
1  82 479437332  
1  45 1529895428  
2  3 
1  73 536546693  
3 
1  5 221466281  
2  9 
2  0 
2  3 
1  2 1570493527  
2  63 
2  6 
1  13 1416163924  
3 
1  37 1812514483  
3 
1  6 716620316  
2  52 
1  56 2112534039  
1  1 1360515875  
2  7 
1  6 1780551316  
3 
3 
1  3 832630482  
3 
2  57 
2  9 
1  59 270051174  
2  6 
1  7 1273020153  
1  1 2142657739  
3 
1  34 1927504063  
2  27 
3 
3 
2  0 
2  101 
3 
2  8 
2  1 
2  25 
3 
2  3 
2  0 
2  94 
3 
3 
2  56 
1  3 122595976  
1  1 141820285  
2  7 
3 
3 
3 
2  43 
3 
3 
1  3 1284742643  
3 
1  0 1028775054  
1  13 415268744  
3 
1  3 752994030  
2  56 
1  39 1566493594  
1  71 644422493  
1  59 637492355  
2  65 
1  52 1403848176  
1  7 1387264637  
3 
3 
2  9 
2  78 
2  72 
2  42 
1  3 266310921  
2  16 
2  25 
1  3 1355003764  
1  3 486899098  
1  70 1206359638  
2  12 
1  11 1834441096  
3 
3 
3 
3 
1  2 2016794526  
1  7 1742906331  
3 
1  12 2055907377  
3 
1  30 1439804406  
1  5 1011586607  
3 
1  15 1720938213  
2  53 
2  100 
2  4 
3 
2  37 
2  7 
1  10 8941074  
1  23 976636999  
1  14 933970440  
2  8 
2  108 
2  61 
1  8 1789492390  
3 
3 
3 
3 
2  14 
2  27 
3 
2  5 
1  13 1809267481  
1  50 1204021614  
1  15 915028895  
3 
3 
2  0 
2  10 
2  7 
1  112 1804441572  
2  3 
1  30 984042029  
1  13 1037624872  
1  4 1946261857  
1  38 121301024  
1  4 2066399926  
2  6 
2  110 
1  6 214046953  
3 
3 
3 
1  25 874295055  
1  1 1485409872  
3 
3 
2  6 
2  6 
2  111 
1  31 858469447  
2  14 
1  60 1511787410  
2  1 
2  4 
1  71 741774401  
2  63 
2  68 
3 
2  6 
1  29 98250436  
3 
2  3 
3 
3 
2  4 
3 
1  104 1778098331  
2  65 
3 
2  4 
2  61 
2  2 
2  105 
1  21 2096778165  
2  7 
2  0 
2  3 
3 
1  0 585149534  
3 
1  13 836974322  
1  4 1783735613  
1  2 454460413  
1  103 432397005  
1  3 1692159342  
3 
1  5 1894264819  
2  9 
3 
1  100 1443983613  
2  5 
2  96 
1  1 1265613907  
1  7 1903205893  
3 
2  2 
1  8 273136964  
1  89 52100700  
2  2 
2  0 
2  23 
2  79 
1  77 1545214635  
2  1 
3 
3 
3 
3 
1  6 2082404445  
1  4 1256122314  
2  0 
2  67 
3 
3 
2  61 
3 
2  5 
3 
3 
3 
1  3 312759882  
3 
3 
2  40 
1  2 1739362370  
3 
3 
3 
3 
1  47 92680696  
1  5 1350384754  
1  9 1538140579  
3 
1  22 213981720  
2  4 
2  7 
1  75 1269301032  
2  6 
3 
3 
3 
2  28 
2  68 
1  13 1752187533  
2  1 
1  91 1088276775  
3 
2  74 
2  90 
3 
3 
3 
3 
1  0 607227257  
3 
2  2 
1  4 463173332  
1  3 452580538  
2  2 
2  1 
1  6 1349001658  
3 
2  107 
2  5 
1  102 561423768  
1  5 83195221  
2  6 
3 
3 
3 
2  4 
1  4 1298296175  
2  0 
2  4 
3 
1  0 1146573302  
2  0 
3 
3 
2  95 
2  4 
3 
3 
3 
2  6 
2  0 
3 
3 
3 
3 
3 
1  2 920169543  
2  49 
1  19 934548140  
2  62 
1  56 1601033715  
1  1 1352566549  
1  4 479223834  
3 
2  106 
3 
2  4 
1  14 1347814886  
3 
3 
3 
1  80 649066514  
2  1 
3 
1  0 1744837742  
1  68 1103537131  
1  73 922203478  
2  61 
3 
2  81 
2  47 
1  103 1796938442  
1  63 501268118  
3 
2  37 
2  0 
1  100 857124275  
1  1 905577108  
1  2 814028001  
3 
3 
3 
1  5 449002997  
3 
3 
1  2 998257804  
3 
3 
1  81 16929107  
2  12 
2  3 
2  15 
2  0 
1  2 1987143577  
3 
1  14 1212239525  
2  66 
1  5 1286230140  
3 
2  3 
2  81 
2  77 
3 
3 
2  84 
1  1 1591847462  
1  70 153032652  
3 
3 
2  5 
3 
1  2 1893457397  
3 
2  102 
2  2 
3 
2  3 
1  51 2055020794  
2  1 
3 
2  63 
3 
3 
1  13 605613190  
3 
3 
3 
1  105 1094975407  
1  80 468960914  
3 
2  4 
2  93 
3 
2  1 
3 
2  1 
3 
1  60 688808412  
3 
1  27 245787934  
1  1 1615534216  
1  4 1608977955  
2  79 
1  1 1180336074  
3 
2  97 
1  31 1069084284  
2  52 
2  2 
1  0 814060856  
3 
1  25 1659559908  
2  58 
1  2 269415522  
2  1 
3 
2  1 
1  0 1463127370  
3 
3 
2  0 
1  91 1256914002  
1  36 1372952654  
2  2 
2  0 
2  0 
3 
2  0 
3 
2  88 
1  0 237847200  
1  0 906368796  
3 
2  0 
3 
3 
3 
3 
1  8 1874220772  
2  0 
1  53 1094971476  
2  4 
3 
1  0 1811945905  
2  0 
3 
2  91 
3 
1  0 540765125  
1  62 1543974473  
1  13 662720061  
1  0 557694233  
1  0 1383634402  
2  18 
2  66 
2  2 
2  1 
1  0 1874959586  
3 
3 
2  47 
3 
3 
3 
3 
3 
3 
2  4 
2  89 
2  14 
3 
1  96 1843924373  
2  94 
3 
2  0 
1  0 827998216  
2  1 
1  0 2027992239  
1  58 1589898122  
2  1 
2  63 
1  23 735535362  
2  37 
3 
3 
2  0 
1  0 486121781  
2  37 
1  0 537389881  
3 
1  50 1204496276  
1  45 1174930193  
1  97 783177815  
2  41 
2  1 
3 
3 
2  55 
1  89 672546845  
3 
2  0 
1  49 636424501  
1  87 1963513889  
3 
1  0 1741631129  
2  22 
1  33 1450485357  
3 
3 
2  50 
2  0 
2  0 
1  0 1475590149  
1  37 2011046651  
2  46 
3 
1  43 766129080  
2  0 
2  0 
3 
2  0 
2  0 
2  0 
3 
2  0 
3 
3 
3 
3 
3 
1  5 585020504  
2  69 
1  23 1236515657  
2  49 
1  79 1003976280  
2  99 
3 
1  0 1491389300  
2  0 
3 
1  0 963252782  
1  14 2098947756  
2  0 
1  2 1155851557  
2  0 
3 
2  0 
1  0 1504017907  
1  0 1495438582  
3 
2  1 
2  42 
3 
3 
3 
1  100 1818571619  
1  99 2061712140  
3 
2  72 
2  78 
1  64 731589336  
1  0 1546047557  
1  64 1758152865  
3 
2  65 
2  37 
2  14 
3 
2  60 
2  86 
2  0 
2  36 
3 
2  15 
2  58 
3 
3 
2  48 
2  0 
3 
2  0 
1  90 1559587553  
3 
1  35 1426556148  
3 
1  0 1200567339  
2  68 
1  0 147639267  
2  0 
1  0 1912677930  
3 
1  1 1737957220  
1  90 1352135544  
1  102 940124475  
2  2 
2  87 
1  32 373651387  
2  26 
3 
2  38 
2  0 
1  0 2024682389  
1  1 1576548976  
3 
3 
1  0 189681628  
2  82 
1  90 1618829870  
1  35 879550686  
2  3 
2  101 
3 
3 
1  2 1665271778  
2  1 
1  45 1482392873  
2  39 
3 
1  60 1645679766  
3 
1  1 102808634  
3 
3 
1  74 571424883  
3 
3 
1  51 502172398  
1  59 1594197934  
1  95 1534677665  
1  77 453636507  
2  25 
3 
1  10 602565844  
3 
2  83 
1  20 891211924  
1  0 1949075089  
2  3 
1  40 273653815  
2  3 
2  56 
2  77 
3 
2  2 
3 
1  0 805440417  
2  24 
2  0 
1  1 533180777  
1  62 1819701372  
1  2 416109634  
2  0 
1  59 2092768330  
1  1 1098773873  
1  2 1616676974  
3 
2  17 
2  3 
2  58 
3 
1  3 92923950  
2  4 
1  3 863968155  
2  74 
3 
2  4 
3 
2  0 
3 
2  1 
3 
1  1 1207150546  
2  57 
3 
1  2 1445059494  
2  1 
1  97 1804092630  
1  2 1580801934  
2  76 
3 
2  32 
2  1 
3 
2  8 
2  53 
2  21 
1  1 1322258235  
1  13 1233157959  
3 
1  2 1770483562  
3 
3 
3 
1  0 793604457  
3 
2  5 
1  12 2112708645  
1  66 1288271692  
1  0 128513682  
3 
1  5 1610904763  
3 
3 
1  80 1391080326  
1  1 699938565  
3 
3 
2  41 
1  3 2113077161  
1  8 837794613  
1  101 87132582  
2  7 
1  8 419230020  
3 
1  110 1440360457  
2  59 
3 
2  4 
3 
2  11 
2  3 
3 
3 
2  98 
3 
1  32 978344507  
1  7 220821461  
3 
3 
3 
3 
1  5 1714014272  
3 
3 
3 
3 
2  19 
2  2 
3 
3 
2  44 
3 
3 
3 
3 
3 
1  54 1783784924  
1  6 754002239  
2  106 
1  41 1386231996  
3 
2  44 
1  38 52410910  
3 
1  102 699286921  
1  25 337522221  
3 
3 
1  5 1669087884  
2  6 
2  5 
3 
2  12 
2  7 
2  16 
1  32 792210871  
2  106 
1  6 1201490376  
2  16 
1  47 728754783  
1  3 89786717  
3 
2  104 
2  48 
3 
3 
2  1 
1  0 858099359  
2  70 
2  9 
2  46 
2  80 
1  43 162073069  
2  37 
2  7 
1  6 1412044952  
2  100 
2  99 
2  107 
2  9 
3 
3 
1  24 2091257318  
1  3 1932556631  
2  59 
1  63 58165761  
1  51 2056482315  
1  6 1073344676  
1  28 186679444  
3 
2  1 
1  1 1519903430  
2  81 
2  90 
1  15 316941354  
3 
2  107 
1  30 886618009  
3 
1  99 1485496943  
2  4 
1  0 1154735967  
3 
1  10 973750592  
1  3 1904726964  
1  30 447612776  
3 
1  10 1952095099  
2  80 
2  6 
3 
2  11 
1  98 2125548425  
2  11 
1  61 14143400  
2  20 
2  2 
1  74 1588396375  
3 
1  104 732067016  
2  68 
1  61 1400375397  
2  7 
1  88 1640807285  
2  8 
2  6 
2  5 
1  24 1431353938  
2  55 
1  97 1737897618  
2  55 
1  1 1162411522  
1  2 76081161  
3 
2  32 
1  37 791904347  
1  6 1891166305  
2  8 
2  104 
3 
2  107 
1  88 165867879  
2  62 
2  2 
2  3 
3 
1  94 1650003706  
3 
1  102 2053239374  
2  93 
1  1 1577912831  
3 
2  51 
1  3 1593777376  
3 
3 
1  12 1838312357  
3 
1  1 1636078593  
3 
3 
3 
2  24 
1  22 1502776043  
2  68 
1  2 764173385  
3 
3 
2  31 
2  1 
2  51 
3 
1  5 1822758037  
3 
1  5 875195825  
1  9 1081114740  
2  3 
2  55 
1  7 561892398  
3 
2  10 
2  3 
3 
2  82 
1  4 213209120  
3 
1  74 88367059  
1  54 1535642990  
3 
2  92 
3 
1  3 2117936084  
1  5 535979836  
1  1 1340254441  
2  7 
2  8 
3 
3 
1  10 2096000862  
2  58 
3 
1  20 550123236  
3 
3 
1  8 781167168  
3 
1  31 680584230  
3 
3 
3 
1  7 1950498633  
1  14 274490806  
1  3 2111938168  
1  23 1540912604  
1  8 1436902328  
3 
1  67 40535682  
3 
3 
3 
3 
2  34 
3 
2  11 
2  9 
3 
3 
1  7 185333303  
2  52 
2  76 
1  93 1180584985  
3 
3 
2  43 
2  83 
1  5 206403561  
2  5 
2  3 
2  9 
3 
3 
3 
1  53 1835337009  
3 
3 
3 
1  8 1086340711  
2  10 
2  93 
3 
3 
1  14 1784316392  
3 
1  9 1281630737  
1  15 777169420  
2  4 
2  8 
1  102 1272911337  
1  13 636923132  
2  3 
2  3 
1  89 1541342806  
3 
3 
2  76 
3 
1  104 948185726  
2  13 
2  13 
3 
1  12 1512118957  
3 
1  55 474973898  
1  43 1510078125  
3 
2  9 
1  31 1725328077  
2  12 
3 
1  3 563340957  
3 
3 
1  10 898237467  
1  0 1695780514  
2  30 
3 
1  11 1099320793  
3 
2  61 
2  9 
2  6 
3 
3 
1  61 91008261  
3 
3 
1  15 1644297728  
3 
1  2 1649444030  
1  4 872175429  
2  56 
3 
3 
3 
2  6 
2  8 
2  0 
1  5 177398310  
1  0 1452459015  
2  4 
2  8 
2  12 
1  100 1146666235  
3 
2  4 
2  9 
3 
1  1 141852831  
2  3 
1  4 845887971  
1  2 436084915  
2  112 
3 
2  81 
1  0 182388513  
3 
1  11 1031221274  
2  7 
2  58 
2  12 
1  23 1616669900  
3 
2  98 
3 
3 
2  1 
1  62 388792074  
3 
1  3 719074635  
1  4 555526963  
3 
3 
1  25 25624818  
3 
3 
2  3 
1  3 2000705372  
3 
3 
3 
2  72 
3 
2  91 
3 
2  11 
1  7 1332696384  
2  31 
1  48 1298536156  
1  9 490144856  
3 
1  13 726555542  
2  10 
2  0 
2  4 
1  5 99238234  
1  15 2002263813  
3 
3 
3 
2  82 
3 
1  12 1201529440  
3 
2  74 
1  7 1609316359  
3 
3 
3 
1  12 1580108243  
1  24 1764870397  
2  59 
1  0 360070179  
3 
2  63 
3 
3 
1  58 1128405109  
2  93 
3 
3 
2  50 
3 
2  14 
2  55 
2  79 
3 
1  1 716707543  
2  0 
1  1 451078440  
1  7 625219189  
1  5 218667925  
1  62 1323253869  
1  90 802617499  
1  1 1671126940  
2  75 
2  79 
3 
1  76 322436457  
3 
1  70 944470330  
3 
3 
3 
3 
1  14 369531264  
3 
1  4 758521372  
2  7 
2  12 
1  38 1126858843  
2  9 
3 
1  19 1400752538  
2  105 
3 
3 
1  16 227707625  
2  1 
2  7 
1  8 1515650917  
1  10 2119827174  
3 
2  56 
3 
1  66 783234588  
1  41 1541275736  
2  37 
2  53 
1  10 1973048898  
3 
2  3 
2  1 
3 
1  95 2115930972  
1  113 692328244  
2  4 
1  16 315710107  
1  3 695002866  
2  93 
3 
2  11 
3 
3 
2  8 
2  9 
2  47 
3 
3 
2  74 
2  33 
1  5 791566478  
3 
2  9 
2  17 
1  116 170490272  
2  4 
3 
3 
3 
3 
1  38 1896532306  
3 
3 
1  66 253399190  
1  70 1750598515  
3 
1  18 1513919056  
2  2 
1  32 613469369  
1  13 731519976  
1  99 83142951  
2  78 
2  14 
1  27 1064547809  
2  27 
1  7 1356739165  
1  42 301810876  
1  6 240318030  
1  79 11873017  
2  79 
2  62 
3 
2  12 
1  12 1972937816  
3 
2  4 
2  80 
2  3 
1  0 562754487  
3 
3 
3 
1  6 956343347  
2  44 
1  10 194985432  
2  53 
1  3 1321275860  
3 
1  27 2083202191  
1  43 1595737971  
1  3 1548983485  
3 
2  3 
3 
2  116 
2  7 
1  96 1451369460  
1  7 1568081497  
1  16 184734425  
2  58 
2  17 
3 
3 
1  28 845161548  
2  7 
2  84 
1  68 1393646747  
2  4 
3 
1  82 153181750  
2  10 
1  105 1537489792  
3 
2  60 
2  110 
3 
1  6 1709356854  
3 
1  92 848184616  
3 
3 
3 
2  9 
3 
1  8 181572623  
1  59 1879847127  
2  8 
1  20 597233275  
2  37 
3 
1  6 434971813  
3 
2  44 
3 
1  104 1482961994  
1  67 2111152331  
1  2 1048441182  
2  59 
3 
1  102 66998323  
1  2 46811634  
1  6 2112988991  
1  70 1423737488  
1  83 348622510  
1  92 205823373  
1  80 1435610505  
1  82 174076678  
1  18 768577861  
1  110 244470205  
1  0 369062111  
1  46 2089853721  
1  29 180188748  
2  110 
3 
2  73 
3 
2  51 
2  80 
3 
3 
1  71 1964800082  
3 
2  78 
1  78 1491353558  
2  4 
2  6 
1  100 1631558208  
1  4 1385397931  
2  9 
2  67 
1  72 1676087983  
1  89 329236109  
3 
1  114 631561030  
3 
3 
3 
2  0 
1  2 1829269733  
1  70 1866725901  
3 
3 
3 
1  80 193434237  
3 
1  23 529970702  
3 
2  78 
2  25 
1  111 2048298524  
2  6 
1  11 2073281364  
3 
1  69 1127203977  
2  46 
1  19 335786689  
2  8 
2  14 
2  79 
2  13 
2  74 
1  14 1408759710  
1  81 1090872660  
3 
2  54 
1  44 1384227871  
3 
2  4 
3 
2  1 
1  8 1475758033  
3 
3 
2  26 
3 
3 
2  110 
3 
2  6 
2  45 
1  15 1137684294  
2  43 
3 
3 
2  25 
3 
1  61 1349733214  
3 
2  112 
1  14 752011874  
2  16 
1  2 1486306804  
3 
2  12 
1  16 1555556588  
1  16 40138731  
3 
3 
1  5 1660383482  
3 
3 
3 
2  26 
1  111 176650801  
1  15 284608936  
3 
1  97 2029445593  
2  22 
1  43 119020874  
3 
1  19 464797684  
2  79 
2  12 
3 
2  13 
2  33 
1  14 1846762027  
2  108 
2  8 
1  93 1610374432  
1  10 2096355893  
2  5 
2  110 
2  17 
2  10 
2  111 
3 
3 
1  82 1084676310  
1  0 1138978767  
3 
2  106 
3 
2  34 
2  26 
3 
1  74 278108354  
3 
3 
1  2 1716237341  
2  18 
2  109 
2  74 
3 
2  3 
2  39 
3 
1  51 820764853  
1  17 2144834255  
2  17 
3 
3 
3 
2  103 
3 
3 
1  83 1909671578  
1  5 1350735555  
3 
2  2 
2  1 
2  5 
1  1 2045649132  
1  7 1835469294  
2  101 
1  5 330455884  
1  16 233952173  
3 
3 
2  10 
3 
3 
3 
1  1 1096745356  
1  53 1421328544  
1  5 1618180045  
2  25 
2  112 
1  111 425019742  
2  10 
1  14 411529190  
3 
1  18 820429611  
3 
1  89 1177031616  
2  0 
2  14 
3 
1  18 1897835994  
3 
1  10 228502551  
2  12 
2  15 
1  27 1217170347  
3 
2  59 
2  88 
1  31 1410735828  
3 
3 
1  105 405153352  
2  10 
1  104 1501779284  
2  6 
3 
1  110 1292697774  
2  2 
3 
3 
2  15 
3 
1  96 524174226  
2  27 
3 
1  15 1966576968  
1  12 991976153  
1  48 2134548658  
1  85 1915449213  
1  65 2076652464  
3 
2  2 
3 
3 
1  103 1126043778  
2  73 
1  28 46073919  
3 
3 
3 
3 
1  50 1645406157  
3 
2  0 
1  0 1946808631  
2  16 
3 
1  13 43424527  
3 
2  41 
3 
3 
3 
3 
3 
3 
1  14 1407594087  
2  114 
3 
3 
3 
3 
2  8 
2  8 
1  92 1150060538  
1  64 2089073659  
2  115 
1  4 1095579733  
2  9 
3 
1  2 1480516422  
2  3 
1  13 175542184  
2  86 
2  21 
2  17 
2  8 
1  13 44841441  
1  38 754361318  
2  4 
2  15 
3 
3 
1  1 1793722229  
2  15 
1  100 469861183  
2  4 
1  80 1165890508  
2  44 
2  12 
3 
1  1 466668193  
3 
1  80 1646892799  
3 
1  51 916242854  
1  10 695170744  
3 
3 
1  73 716579499  
1  13 179495034  
2  9 
3 
1  114 1100324097  
2  4 
1  75 70875135  
1  10 1472192808  
2  9 
3 
2  72 
1  0 1624498323  
1  8 2037452103  
1  1 316685314  
2  7 
1  12 1611563334  
1  14 1805417669  
3 
1  79 245854130  
3 
1  5 590123464  
1  66 1851491588  
3 
3 
1  52 1891260287  
3 
2  10 
1  11 389448447  
1  5 1894916115  
3 
1  19 1151370726  
1  105 1539508985  
1  82 1836506126  
1  5 99466811  
2  93 
3 
1  48 872541759  
3 
2  96 
1  12 2012048311  
1  2 144308252  
1  88 1626903077  
2  95 
1  10 1658286892  
2  11 
3 
2  27 
3 
3 
2  112 
3 
1  3 614169436  
2  55 
3 
1  2 645309937  
3 
2  25 
3 
3 
2  102 
3 
3 
2  2 
3 
1  11 2124955085  
1  117 113578587  
1  108 1561552791  
2  59 
1  57 672642182  
3 
1  116 830158086  
2  120 
2  24 
3 
3 
3 
2  109 
1  110 1741047825  
2  10 
2  113 
3 
3 
2  11 
3 
2  13 
3 
3 
3 
1  98 1772966279  
2  11 
3 
1  38 901033221  
1  50 1065756986  
1  1 1249980954  
2  24 
1  5 791001677  
2  106 
1  3 1382442300  
3 
2  7 
1  1 714060640  
3 
3 
1  70 448935698  
2  9 
2  45 
1  113 1628296430  
1  115 1304184104  
2  52 
3 
2  19 
1  20 152943638  
3 
1  122 1372073069  
1  94 1693632551  
2  84 
3 
1  60 2047859754  
3 
1  0 375960147  
2  97 
3 
2  41 
1  83 1085657888  
2  108 
1  0 1736882232  
2  4 
1  2 475426958  
2  108 
1  119 1958199647  
1  3 1601446895  
3 
3 
1  121 619735210  
3 
1  82 1437619076  
1  92 1112250140  
3 
3 
1  59 1233904646  
3 
3 
1  77 2082929013  
2  55 
1  29 1089721577  
3 
2  32 
3 
1  22 1347483234  
2  24 
3 
3 
2  59 
2  47 
1  14 1496998156  
1  22 1762363759  
1  10 30157672  
2  88 
3 
3 
2  81 
1  0 1090562334  
1  107 1387846390  
1  37 931190894  
2  12 
2  81 
3 
1  68 8835672  
3 
1  118 490343697  
2  127 
1  19 1722192571  
1  48 1391277972  
2  21 
3 
3 
1  22 1204404337  
2  53 
1  22 23644621  
2  58 
3 
2  58 
2  16 
3 
2  0 
3 
1  25 872090754  
2  98 
1  72 361104794  
1  5 176588259  
3 
2  25 
3 
1  113 96680175  
3 
1  23 2054737345  
3 
1  108 76964365  
1  2 472640322  
1  55 992911586  
1  21 1813846598  
1  63 948067280  
1  96 803627585  
2  20 
3 
2  22 
2  16 
3 
2  10 
3 
1  124 1267809845  
2  4 
3 
3 
2  0 
3 
2  88 
3 
3 
2  116 
2  38 
2  14 
1  24 1567802490  
2  25 
3 
2  123 
3 
3 
2  43 
3 
2  112 
2  101 
2  49 
2  82 
2  14 
2  47 
3 
1  1 93763014  
1  80 232576337  
2  94 
2  8 
3 
1  58 654223489  
3 
2  22 
2  11 
1  60 29208379  
1  1 1322297915  
1  7 2001706723  
2  41 
3 
1  6 1526206536  
3 
2  75 
1  0 937178026  
3 
1  5 2031864395  
1  16 469285222  
1  74 177540769  
3 
2  67 
3 
1  14 815571641  
3 
3 
2  106 
3 
2  3 
3 
2  92 
2  7 
3 
2  78 
2  47 
3 
3 
3 
2  23 
2  23 
3 
2  1 
1  56 478120894  
1  21 667884466  
2  102 
1  17 390280564  
2  15 
3 
3 
1  22 1869398866  
2  1 
1  4 1872288803  
2  45 
2  87 
3 
1  84 413925185  
3 
2  18 
2  6 
3 
3 
2  81 
2  71 
3 
1  112 594005972  
1  59 85909949  
1  4 590513445  
1  22 690686147  
3 
1  16 2140647295  
2  17 
2  55 
2  23 
1  17 667477810  
2  18 
3 
1  65 1163326469  
1  105 986075233  
3 
1  118 333840760  
2  15 
3 
2  76 
1  67 2111393749  
2  19 
1  16 1789702818  
1  48 1601650606  
3 
2  18 
3 
3 
3 
3 
3 
2  73 
2  39 
2  48 
2  20 
2  71 
1  9 1531712591  
3 
2  6 
2  18 
2  87 
1  15 1883465832  
1  6 1834226943  
3 
3 
3 
1  69 38452432  
1  39 1912674212  
3 
1  7 1009041210  
3 
1  20 2040159155  
3 
3 
3 
3 
2  7 
2  16 
1  1 1291397100  
3 
2  3 
3 
2  115 
3 
1  2 1946219237  
1  20 1924539903  
2  2 
1  13 1760682322  
3 
2  29 
3 
3 
3 
1  19 2123760006  
2  22 
3 
3 
2  43 
1  80 592627896  
1  109 91319568  
1  4 644160824  
3 
2  97 
3 
1  7 982908461  
2  71 
1  22 1960718434  
1  22 368965979  
3 
2  126 
2  98 
1  54 1396833646  
3 
1  1 407240758  
2  116 
2  24 
2  10 
3 
1  22 454875929  
2  128 
2  38 
2  3 
1  4 1987347091  
2  86 
3 
1  55 1097926905  
3 
2  52 
1  84 448039576  
3 
3 
1  64 507341254  
1  27 113769726  
1  34 1434114809  
2  100 
2  34 
2  76 
3 
3 
2  3 
2  20 
1  77 841182014  
3 
2  69 
1  115 77679827  
3 
3 
2  23 
2  12 
1  20 1076333979  
2  37 
1  61 295348972  
3 
2  22 
2  39 
1  101 1609392418  
1  68 812316164  
3 
3 
1  24 2129575916  
3 
1  71 1647844851  
3 
2  9 
1  87 577506728  
1  92 991133478  
1  12 1540520358  
2  25 
2  28 
1  96 1868903828  
2  54 
2  7 
3 
2  16 
2  107 
2  77 
3 
2  20 
3 
1  20 789869067  
1  58 1317576613  
2  1 
1  11 1482102502  
3 
1  80 766145425  
1  96 1910204510  
1  17 1573422070  
2  67 
3 
1  9 1410306249  
1  55 745629323  
2  115 
3 
2  81 
2  117 
2  59 
1  9 1386656856  
2  8 
2  73 
3 
2  4 
3 
1  13 1779272229  
1  19 2142462969  
1  82 1793897614  
1  3 86664510  
1  0 1982326413  
3 
3 
2  28 
1  36 744340871  
2  8 
3 
2  74 
2  112 
2  81 
1  73 534704086  
1  14 342184019  
2  70 
2  107 
2  3 
3 
3 
3 
3 
3 
2  8 
1  20 858110597  
1  8 1968818895  
2  3 
3 
1  125 1183366033  
2  97 
2  5 
2  11 
3 
3 
1  104 935790424  
1  76 897669226  
2  69 
2  9 
1  73 1478715006  
1  22 397699194  
2  63 
1  100 1709985390  
2  22 
1  13 1460807274  
3 
1  36 2045544045  
3 
1  15 140008470  
2  22 
1  86 304457104  
2  114 
1  17 1438580756  
1  98 2008912298  
3 
2  48 
3 
1  77 1094326172  
1  14 608673721  
2  10 
2  25 
2  110 
1  10 1343531152  
3 
2  1 
1  95 1860471597  
2  28 
2  47 
1  71 371394583  
2  93 
1  1 769469574  
1  42 1123294199  
1  88 1117023906  
1  87 8642782  
1  22 755082780  
1  12 1112003228  
3 
2  6 
3 
3 
1  13 1802540396  
3 
3 
3 
1  2 841747290  
3 
1  8 946845993  
1  108 399397619  
1  26 1376451376  
3 
2  76 
3 
3 
3 
2  32 
3 
2  17 
3 
1  16 1289030012  
1  2 1257508216  
3 
2  97 
1  25 1197786623  
3 
1  13 324912397  
1  105 45814992  
2  103 
3 
2  60 
1  5 2095455849  
1  71 1803627403  
3 
1  28 443514187  
3 
2  98 
1  90 1657957592  
2  5 
3 
1  26 1116951029  
2  8 
2  33 
2  109 
2  110 
3 
1  0 341574584  
3 
2  11 
3 
2  9 
1  30 1797966062  
1  14 1421408134  
1  8 1780155340  
2  94 
1  27 1659394713  
2  17 
2  104 
2  21 
1  83 368250658  
3 
1  1 241345414  
2  11 
1  54 855442217  
2  70 
1  47 81238607  
3 
1  135 612739997  
1  61 1624911792  
2  68 
1  90 1204532806  
3 
1  41 1729763904  
2  89 
2  61 
3 
1  95 1633554574  
2  53 
1  132 1959615586  
1  35 694283484  
3 
3 
3 
3 
3 
2  61 
2  20 
2  3 
3 
3 
3 
2  26 
3 
2  38 
3 
3 
3 
3 
2  116 
2  9 
2  26 
2  2 
1  43 1288611323  
3 
3 
1  41 653879228  
2  27 
3 
3 
3 
3 
1  0 1641129477  
1  115 1688008942  
2  40 
3 
2  75 
1  26 2030330604  
3 
1  7 782675841  
3 
2  114 
3 
1  3 798033511  
1  61 1080633579  
1  8 1107588238  
1  31 843848503  
2  33 
1  52 1028605781  
1  21 763731994  
1  15 1287362690  
1  36 539079725  
3 
3 
1  43 1880683023  
3 
2  102 
2  25 
3 
3 
1  5 1628937275  
2  51 
1  3 189562139  
1  125 1154607509  
1  20 1261608967  
1  9 1848956852  
3 
3 
3 
1  140 1522858167  
2  31 
3 
1  106 1502954381  
2  0 
1  3 556915422  
1  13 1604096775  
3 
3 
1  139 2115694379  
3 
1  27 34343566  
1  45 661145933  
3 
2  10 
2  88 
1  112 1697974635  
1  107 1667898140  
3 
2  29 
3 
3 
2  73 
1  3 473277872  
3 
2  93 
1  140 244774471  
2  1 
1  5 809025815  
1  39 1127157100  
1  32 1885903948  
1  9 349551110  
2  36 
3 
3 
1  125 1010004057  
1  53 521096141  
1  39 1147584621  
1  73 2090637636  
1  27 1628684379  
1  65 1991433124  
1  86 971759769  
3 
2  46 
2  36 
2  6 
1  51 244932725  
3 
3 
3 
1  4 1131312167  
2  40 
3 
1  3 1510839494  
1  84 2125615749  
1  18 612765794  
3 
2  113 
2  20 
1  4 1700401634  
1  40 1132739610  
3 
2  13 
1  101 1874374761  
3 
1  102 1401874838  
3 
2  71 
1  101 508114130  
2  14 
1  15 1229845495  
2  82 
3 
2  130 
1  29 1958790260  
3 
3 
1  80 2112210905  
1  34 1198056226  
2  118 
1  5 1993133826  
1  120 625873190  
2  89 
2  67 
2  97 
1  43 748547213  
1  34 1513548319  
2  103 
1  134 1099151062  
2  10 
1  22 993321684  
2  147 
3 
2  75 
3 
3 
2  8 
2  113 
1  127 175090486  
1  44 78824515  
1  47 731741984  
2  132 
2  93 
2  4 
2  28 
3 
3 
1  19 524641596  
3 
2  13 
2  129 
2  31 
2  36 
2  146 
1  38 1088828572  
1  15 1252838125  
1  33 1672226217  
2  26 
1  28 1031982560  
1  31 734038856  
1  51 1516175694  
3 
2  17 
3 
3 
3 
1  41 2003742330  
2  15 
2  28 
1  42 978971582  
1  42 500004213  
1  4 1367098176  
1  15 957103683  
1  6 1112770007  
2  66 
2  7 
3 
1  9 920016162  
2  79 
2  35 
2  14 
2  0 
2  26 
3 
1  30 2089843293  
2  7 
2  126 
1  25 839661120  
1  82 174407353  
2  85 
3 
3 
3 
2  27 
1  52 450473775  
1  11 2069506615  
1  121 2133197613  
1  114 415201032  
2  127 
3 
1  105 1120079193  
1  1 1978847792  
2  108 
2  130 
3 
1  31 1041074223  
3 
2  81 
3 
1  62 1868626406  
3 
3 
3 
1  62 1344912463  
2  68 
1  15 2140225285  
2  101 
3 
1  20 714464442  
1  44 1520002949  
1  140 71566152  
1  10 1446206426  
2  16 
1  36 2044644546  
2  110 
1  35 1160394724  
1  140 551560903  
1  116 1569387115  
3 
2  103 
2  121 
3 
1  70 44893637  
2  157 
2  37 
3 
3 
3 
3 
2  127 
3 
1  144 1285599760  
1  105 938079161  
3 
1  1 2048635967  
2  43 
3 
2  75 
1  95 117087694  
1  27 1438083374  
3 
2  135 
1  42 1268250495  
3 
3 
2  28 
2  148 
2  4 
1  143 1074191377  
3 
1  88 403369733  
3 
3 
2  69 
2  84 
3 
1  82 40783010  
1  6 1016551022  
2  6 
3 
3 
2  11 
1  31 1243030854  
1  47 215190363  
1  17 1467024798  
3 
3 
2  48 
1  135 1165053821  
1  4 200904328  
3 
3 
2  69 
3 
1  57 1882225830  
1  98 137649367  
3 
2  37 
3 
1  17 32268472  
1  62 775816405  
1  111 2006275773  
1  27 1377180935  
2  147 
1  62 768558043  
2  102 
1  151 573256568  
3 
2  103 
3 
1  154 749700237  
2  57 
2  33 
2  61 
3 
1  141 840124195  
1  150 2019462994  
1  20 646861135  
2  18 
1  134 2000518920  
1  10 423540250  
3 
3 
1  29 68764602  
2  145 
1  112 2045412557  
1  26 1709140010  
3 
1  39 1006843764  
2  125 
3 
1  12 1946564876  
2  19 
1  37 1826227704  
2  24 
1  55 297443490  
1  151 1067331723  
2  35 
2  126 
3 
3 
1  36 752935433  
2  118 
1  41 700813224  
3 
3 
3 
3 
1  138 1108114733  
1  62 1769486455  
2  38 
2  128 
1  38 1943844078  
2  162 
3 
1  56 1323305096  
2  138 
1  83 1089027605  
1  80 961414251  
1  123 1524209425  
3 
2  48 
3 
2  50 
1  42 823769788  
2  96 
2  49 
3 
3 
2  102 
3 
1  43 1099063618  
3 
1  41 1556477897  
2  33 
2  56 
2  93 
1  131 1599586193  
3 
1  62 957855744  
2  140 
1  117 786175185  
1  161 220660588  
2  4 
2  95 
1  76 1531112312  
2  70 
3 
3 
3 
2  19 
1  125 1535875422  
3 
1  86 1060784784  
3 
3 
2  26 
2  49 
3 
2  69 
3 
1  137 1403091658  
2  71 
3 
3 
1  41 35252909  
2  9 
2  33 
2  54 
3 
1  22 913820056  
1  45 1826631908  
1  126 104017511  
3 
1  60 811748965  
1  95 1388288270  
3 
2  101 
3 
1  142 1110861275  
1  65 610830193  
1  30 1067032326  
2  23 
3 
2  20 
2  23 
2  27 
1  8 1408304766  
3 
2  123 
1  87 1678161916  
3 
1  15 1819967759  
2  21 
2  103 
2  88 
1  10 2109117990  
2  13 
3 
2  23 
2  54 
3 
3 
3 
2  92 
3 
1  59 638793002  
1  37 1441970567  
1  56 1905478420  
3 
3 
3 
1  0 1962098098  
3 
1  5 383514524  
2  155 
2  108 
1  157 719409023  
1  130 1338823875  
2  48 
1  40 1207284312  
1  26 1818472642  
1  78 747818125  
2  56 
2  12 
1  0 659386858  
3 
2  140 
2  103 
3 
2  12 
3 
2  36 
2  1 
1  100 628844738  
2  145 
3 
2  157 
3 
2  88 
2  26 
3 
1  6 1533993310  
3 
3 
2  46 
2  2 
3 
3 
1  65 880047446  
3 
1  50 12473402  
3 
3 
3 
2  21 
1  27 922385084  
2  47 
2  6 
3 
2  34 
1  48 1940832230  
1  117 1415565060  
2  52 
2  97 
3 
3 
1  121 957637993  
3 
1  6 707168638  
2  24 
1  16 1094713321  
1  41 1061655504  
1  33 1518917603  
2  105 
1  90 335517943  
3 
3 
1  3 25033132  
2  137 
1  15 2129747796  
3 
3 
3 
2  84 
3 
2  38 
3 
2  63 
3 
2  15 
2  121 
2  10 
1  102 1402550270  
2  151 
1  2 1433337898  
3 
2  61 
3 
2  30 
2  10 
2  152 
3 
1  52 1660426065  
3 
2  45 
2  124 
3 
2  128 
2  60 
1  63 1075034381  
2  26 
1  153 1394972240  
1  9 151735419  
1  34 369521300  
1  49 1152967012  
2  16 
1  60 2113833517  
1  5 753035825  
2  124 
1  96 1872376035  
2  77 
2  28 
3 
2  120 
3 
1  123 1305173745  
3 
1  150 1960320137  
2  123 
2  62 
2  82 
2  54 
1  26 1543365029  
3 
3 
1  43 2052991870  
1  47 472223347  
2  143 
3 
3 
2  80 
3 
1  16 24726119  
2  122 
2  15 
3 
3 
3 
2  84 
2  7 
2  51 
2  147 
1  140 1439501532  
1  15 1352270794  
2  58 
1  39 37199521  
3 
3 
2  19 
3 
3 
2  41 
3 
1  17 214402968  
1  44 1145619376  
3 
1  49 1452764582  
1  17 1172040961  
3 
1  1 1852788015  
2  151 
2  60 
1  120 399994255  
2  23 
2  20 
1  35 86212817  
2  119 
3 
3 
3 
1  150 1224221970  
1  157 735512198  
1  67 111245949  
2  9 
1  49 1206486119  
2  16 
3 
2  6 
3 
2  22 
2  51 
1  78 2138062468  
3 
1  31 1544583847  
3 
1  147 719428536  
1  72 1065613202  
3 
3 
1  147 792072439  
1  53 871163955  
2  126 
3 
2  6 
3 
3 
1  152 1435134502  
3 
3 
2  122 
1  121 1945039451  
1  110 837513824  
1  55 40686679  
1  7 1669931839  
3 
3 
3 
3 
3 
1  53 2142687569  
2  140 
3 
2  3 
3 
2  69 
2  60 
3 
3 
1  97 2001006817  
3 
3 
1  29 1065813220  
3 
1  140 2048195791  
2  93 
3 
3 
1  40 325746516  
3 
3 
2  3 
1  32 1090539340  
3 
1  61 1340213675  
3 
3 
3 
1  61 1678017310  
1  41 1127738861  
1  91 1554616643  
3 
1  153 676153039  
1  16 433019795  
2  33 
1  2 579173956  
1  39 381457406  
1  40 833014050  
2  148 
1  77 665386774  
1  28 1605679376  
2  50 
1  102 1568526249  
1  145 776632723  
2  8 
2  107 
2  74 
1  25 664681847  
3 
1  137 1559105069  
2  60 
3 
3 
1  155 173732923  
2  141 
2  55 
1  104 1384110383  
3 
1  159 477234623  
3 
1  40 965805362  
1  107 107790690  
2  118 
3 
1  146 1912369126  
2  1 
1  76 763361166  
3 
2  131 
2  163 
2  140 
2  155 
2  82 
1  165 945304515  
3 
2  121 
2  68 
2  50 
3 
2  41 
3 
3 
3 
3 
1  22 1953055805  
1  88 285809357  
3 
2  33 
3 
1  60 940508436  
3 
1  9 1806578974  
3 
3 
3 
1  120 1351622577  
1  141 841220580  
3 
1  135 2132325491  
3 
1  12 294678269  
3 
2  52 
3 
1  12 33950607  
3 
1  72 1662859153  
2  153 
3 
1  108 1422417131  
1  20 1588567251  
3 
1  146 191528544  
3 
2  148 
1  70 1855436926  
1  159 20257559  
1  81 572985950  
2  17 
2  156 
2  63 
1  160 540967329  
1  108 685644333  
1  54 31181679  
2  50 
2  36 
1  158 2109493578  
1  26 1462277057  
2  137 
3 
3 
2  7 
3 
2  85 
3 
2  37 
1  29 695863526  
3 
3 
3 
3 
3 
1  91 1521114999  
1  152 1636009980  
3 
3 
2  87 
2  61 
2  132 
3 
3 
1  64 2079973910  
2  68 
3 
2  76 
1  99 1998349623  
1  61 454331694  
1  15 40280952  
2  8 
1  11 1763235101  
3 
1  12 1217692860  
2  157 
2  26 
3 
1  123 985585467  
2  123 
2  118 
1  53 1568807258  
2  57 
3 
3 
1  128 1503502217  
3 
1  2 1926093904  
2  76 
1  69 1227902585  
2  126 
1  74 707641147  
2  51 
2  81 
1  134 619830836  
2  143 
1  140 1212744428  
1  69 1002319416  
3 
1  29 653781443  
3 
2  72 
3 
3 
1  64 728119933  
2  40 
3 
1  66 277252899  
1  33 94865046  
1  82 919648478  
3 
3 
2  156 
2  135 
3 
2  139 
2  99 
1  117 2132689826  
2  168 
1  125 115122606  
1  62 1492634428  
3 
3 
3 
3 
3 
3 
3 
2  20 
1  69 526173507  
2  70 
3 
3 
1  144 800766939  
3 
1  140 1523816107  
2  50 
3 
3 
1  39 488183437  
1  76 115560348  
2  11 
1  132 72195986  
1  39 2009298436  
2  68 
2  42 
3 
1  38 1751570328  
3 
1  156 4686248  
1  58 1860164411  
2  3 
1  7 58418375  
2  1 
1  151 44967200  
3 
2  54 
2  157 
2  66 
1  118 1475915864  
3 
3 
1  21 1276111235  
2  6 
2  110 
1  58 1030552668  
2  153 
3 
2  106 
2  142 
2  100 
1  30 897239475  
1  20 632129805  
3 
1  92 809162924  
3 
3 
3 
1  129 2125142060  
1  83 1339770952  
2  93 
1  85 1428993760  
1  134 1190402840  
1  24 194606720  
1  103 2082775203  
2  72 
2  53 
2  78 
3 
2  100 
3 
1  34 1918522773  
2  141 
2  76 
1  32 471859620  
1  55 30156602  
1  150 690687603  
3 
1  41 457065798  
3 
1  39 145279208  
3 
1  7 35838384  
3 
2  136 
2  14 
3 
2  31 
3 
2  62 
1  66 983239305  
2  43 
2  166 
1  129 946046147  
3 
3 
1  157 1559654491  
1  74 1471422742  
2  121 
1  146 1061606496  
3 
1  169 1631850477  
1  172 1333237530  
3 
3 
3 
2  158 
2  129 
3 
1  119 665693176  
1  150 1636536725  
2  112 
2  66 
3 
1  61 1045918294  
1  15 724111551  
3 
3 
3 
1  33 1681503926  
2  30 
3 
2  131 
3 
1  114 374350510  
2  23 
3 
1  76 2000222787  
1  68 564572946  
3 
1  140 1271589985  
3 
2  56 
2  126 
2  156 
2  11 
1  73 484868944  
2  16 
1  30 1373735870  
1  112 1249248397  
2  121 
2  60 
3 
1  158 1824639896  
2  139 
1  124 655245982  
2  166 
3 
1  76 292167589  
2  47 
2  79 
2  34 
2  58 
1  138 2019246616  
1  39 590537537  
3 
2  148 
3 
3 
2  104 
2  153 
2  22 
3 
1  101 63206715  
3 
1  138 343622588  
3 
2  6 
3 
2  42 
1  152 620694139  
3 
2  94 
3 
3 
1  159 753894318  
3 
2  156 
3 
1  80 800688386  
1  79 765973347  
2  98 
1  121 789732702  
3 
2  152 
2  107 
3 
3 
1  81 1783927691  
3 
3 
1  29 1712019495  
3 
1  128 201903546  
3 
2  140 
2  49 
3 
1  158 1107866785  
3 
3 
2  83 
1  34 626142343  
3 
1  94 1833754023  
2  88 
2  166 
1  72 293620668  
1  91 1291835519  
3 
1  109 1322807101  
1  129 1339538962  
1  150 2015947071  
1  26 856827379  
3 
1  20 1713889472  
2  106 
2  80 
2  122 
2  115 
3 
2  163 
3 
1  31 1868686210  
1  93 1421400325  
1  104 837995810  
2  51 
3 
2  50 
1  131 206071506  
3 
2  146 
1  81 647652547  
3 
3 
3 
2  64 
3 
2  115 
2  24 
2  97 
3 
1  67 2087244207  
1  47 2030711402  
2  149 
2  138 
1  6 1302898529  
1  8 231928149  
3 
1  159 1902474370  
1  35 1893436066  
3 
3 
3 
3 
3 
1  156 295134864  
1  28 98613311  
1  2 366646558  
2  107 
3 
3 
1  138 1049029182  
1  82 899301697  
1  47 1132619905  
3 
1  14 1838761885  
1  126 535745741  
1  7 697155752  
1  40 2040665431  
3 
2  83 
3 
3 
1  155 1643612526  
1  61 1323298095  
1  48 1726935806  
2  149 
2  162 
2  62 
1  9 1937233194  
3 
3 
1  0 467649967  
3 
2  49 
2  175 
3 
2  102 
1  164 902259259  
1  70 1129288508  
2  113 
1  116 336113390  
2  51 
1  118 1759086638  
2  146 
1  106 695694333  
1  106 57315952  
2  172 
2  151 
2  49 
2  74 
2  145 
2  154 
3 
3 
1  83 1033003315  
1  81 1533690143  
3 
3 
3 
3 
3 
2  119 
2  105 
2  32 
2  62 
3 
3 
1  118 263387458  
2  75 
2  109 
1  150 1680655862  
2  52 
1  35 1473450702  
3 
1  78 146615212  
3 
2  79 
2  42 
3 
1  163 836070743  
2  31 
1  133 1705378851  
2  4 
1  52 2049089582  
3 
2  69 
3 
2  151 
3 
1  74 582023162  
1  16 2000513715  
3 
3 
3 
2  67 
3 
3 
1  158 219245  
3 
1  20 948669720  
1  97 902059250  
2  57 
3 
1  117 899520943  
1  22 2081289625  
3 
3 
1  90 593337487  
1  100 1435266684  
1  150 630961730  
1  48 486519270  
1  20 931395562  
2  173 
2  33 
1  129 1954259825  
1  26 65971428  
3 
2  130 
3 
1  149 721145109  
3 
1  16 274426144  
2  92 
2  170 
2  165 
3 
3 
3 
3 
2  165 
2  33 
2  80 
2  30 
2  58 
3 
2  71 
3 
2  126 
2  67 
2  156 
3 
1  29 968230688  
2  42 
1  102 1850433617  
2  61 
1  3 610539534  
2  147 
3 
3 
3 
2  117 
2  160 
1  167 579833678  
2  29 
3 
3 
3 
1  9 398644302  
1  17 667855486  
3 
1  23 1612836994  
2  2 
3 
1  12 1932334445  
2  16 
3 
1  125 931242944  
3 
2  158 
3 
3 
1  31 1146009208  
1  92 1258301500  
3 
3 
1  44 1077858156  
3 
1  105 1982079952  
2  67 
2  11 
2  85 
1  27 816196703  
3 
2  50 
2  88 
2  118 
2  127 
1  16 979464091  
3 
2  140 
3 
2  90 
2  121 
1  4 416619466  
2  78 
2  32 
1  26 669226771  
2  28 
1  15 979683336  
2  104 
3 
2  68 
3 
1  121 1365289186  
2  92 
1  122 1571286021  
1  76 1879204279  
2  126 
3 
3 
2  141 
2  70 
2  158 
2  14 
2  67 
3 
3 
1  146 1299095163  
2  101 
3 
2  15 
3 
3 
1  56 17139860  
3 
1  148 1166987315  
1  48 1930056893  
3 
3 
2  70 
1  72 503659130  
1  9 2098382878  
3 
2  153 
1  143 1736833071  
3 
3 
3 
3 
2  101 
2  32 
1  142 569630558  
1  2 672044339  
2  81 
2  131 
1  124 2011259215  
2  119 
3 
1  58 1537861246  
2  53 
3 
2  50 
3 
3 
2  54 
3 
1  26 374994308  
3 
2  67 
1  143 474315102  
1  118 2117694925  
1  14 773638611  
3 
2  149 
1  142 1142170588  
3 
3 
2  33 
3 
2  169 
3 
2  75 
3 
1  88 1583048271  
1  23 558489408  
1  59 2073413533  
3 
1  85 581573831  
2  67 
1  166 1816790908  
3 
2  148 
1  126 1003788041  
2  78 
2  138 
2  169 
1  9 416170135  
3 
2  25 
2  8 
2  86 
1  162 485503964  
3 
1  67 1983252132  
2  38 
1  160 832789601  
3 
2  32 
2  153 
2  66 
1  50 1154730735  
2  122 
3 
3 
3 
2  167 
3 
3 
1  21 815451821  
2  79 
2  111 
1  129 50595139  
1  132 578533108  
1  142 547172452  
1  151 1349690303  
1  160 595672968  
3 
2  17 
1  33 1714159768  
1  68 1132263548  
2  69 
2  123 
3 
3 
3 
1  21 1099332098  
3 
1  64 1665058998  
3 
2  97 
3 
1  33 721612971  
2  84 
1  67 1668962656  
3 
3 
2  114 
3 
2  20 
1  112 189619689  
2  46 
2  91 
1  68 585388539  
3 
1  158 1059340255  
2  86 
2  155 
3 
2  139 
1  50 564613997  
3 
2  19 
1  1 1059703641  
2  36 
1  14 1029551532  
1  94 1338252608  
1  64 54390581  
2  35 
3 
3 
1  79 465116155  
1  35 1896742017  
1  20 2127804114  
3 
3 
3 
2  21 
1  40 1046689986  
2  126 
2  108 
3 
3 
2  73 
3 
1  12 1566049277  
2  42 
2  92 
3 
1  2 984108508  
1  0 1462860122  
1  129 2051553241  
3 
1  166 819876992  
2  139 
2  157 
3 
2  63 
1  68 148166075  
3 
2  139 
3 
3 
2  58 
2  47 
3 
2  21 
2  2 
2  74 
1  79 1058800328  
2  13 
1  84 1635328813  
1  58 198761215  
1  76 1637333436  
2  67 
1  30 35017618  
1  77 1548451518  
1  36 85522756  
1  25 1749177386  
3 
1  1 533231418  
2  172 
3 
1  19 1184854854  
1  16 1266752736  
1  121 1254844390  
3 
3 
1  169 706333863  
2  21 
1  144 1456372425  
3 
1  1 1840232929  
2  82 
2  63 
3 
3 
1  106 1765674118  
2  41 
3 
1  85 2020986422  
2  125 
1  56 752452922  
1  45 647742002  
3 
2  28 
3 
2  174 
1  7 1211755383  
2  51 
2  73 
3 
2  14 
1  98 806843503  
2  33 
1  29 1112858157  
2  68 
1  50 961013752  
2  132 
2  81 
2  139 
2  52 
1  111 787163970  
1  94 12064495  
1  32 379579381  
1  80 1771272478  
2  111 
3 
2  89 
3 
1  32 1474924617  
3 
1  1 283648975  
1  2 443665822  
3 
3 
2  4 
3 
2  25 
1  57 1623090693  
1  100 1342449303  
2  96 
2  36 
3 
3 
3 
1  48 2078994636  
2  40 
3 
2  55 
1  173 1821851908  
1  51 832299092  
3 
1  112 2114012254  
2  35 
1  19 1222819778  
2  47 
2  60 
1  139 917821848  
2  156 
2  67 
3 
2  164 
2  169 
3 
2  123 
1  150 1715705992  
1  26 1756051196  
1  155 2102676703  
1  121 834975080  
3 
1  3 863411938  
3 
1  23 661526918  
3 
3 
2  31 
1  77 143863857  
2  102 
2  92 
3 
3 
1  47 556161219  
2  60 
2  13 
3 
2  30 
2  99 
1  28 279717388  
3 
1  31 17366631  
1  159 1308614141  
3 
2  68 
2  12 
2  161 
1  41 927459390  
2  105 
1  155 1229122014  
1  26 2115457645  
2  41 
2  74 
2  11 
1  16 2040317547  
1  2 42652118  
3 
2  70 
2  110 
1  86 755137967  
2  51 
1  120 2052382042  
1  24 422231500  
1  97 378926797  
2  130 
1  94 1379823012  
3 
1  151 705880475  
1  143 822592619  
3 
2  157 
2  156 
1  25 855430057  
3 
1  158 2048329778  
2  100 
1  15 754103607  
1  62 529798317  
2  74 
1  7 733145222  
3 
3 
3 
1  163 720632213  
2  6 
2  166 
3 
3 
3 
1  67 1752618095  
2  122 
2  65 
2  136 
1  54 1650967071  
1  19 288854557  
3 
1  95 1361185643  
2  80 
3 
2  27 
1  59 1606160126  
1  23 1123829637  
1  108 77113934  
1  61 120203396  
3 
2  63 
1  110 1267693494  
2  22 
2  33 
2  67 
2  170 
1  123 633275153  
1  45 399920784  
1  6 1285060126  
2  38 
2  163 
2  48 
3 
2  8 
3 
1  118 1941889295  
3 
1  45 1327380174  
2  72 
2  41 
1  48 366698492  
1  54 1909863292  
3 
1  1 1220214073  
1  20 409350611  
2  174 
2  33 
3 
2  72 
1  73 517517611  
2  163 
2  0 
2  6 
1  125 1125112467  
2  170 
1  8 831582111  
1  136 896444408  
3 
1  7 357451831  
3 
1  110 1537462586  
3 
3 
2  109 
1  41 1719037027  
1  44 1212881888  
2  125 
2  143 
1  8 1438308716  
1  157 325656987  
1  83 1742680205  
3 
2  37 
1  41 23970291  
3 
3 
3 
1  33 1046289200  
3 
3 
3 
2  71 
3 
3 
3 
2  52 
1  75 1347814652  
2  16 
3 
3 
1  73 1674937362  
1  88 1335143758  
1  25 561516648  
1  86 1133613840  
3 
3 
2  86 
3 
2  74 
3 
2  150 
1  163 311489747  
1  72 638630582  
1  165 1253817236  
2  45 
3 
1  63 1579183242  
2  33 
1  140 1271905735  
1  20 1653738020  
3 
2  145 
1  140 716759720  
3 
1  161 1066311382  
2  120 
2  133 
1  52 833634546  
2  134 
2  38 
1  25 1083458212  
1  80 828691026  
2  44 
2  91 
1  24 2053848619  
3 
3 
3 
1  107 1492808823  
1  171 1346208637  
1  65 1031477438  
3 
3 
2  180 
3 
2  113 
1  177 176907286  
3 
2  10 
1  26 95169397  
3 
2  159 
2  151 
2  132 
3 
1  140 1388929270  
2  34 
2  158 
3 
3 
3 
1  109 1714369872  
2  179 
1  74 1814206425  
2  91 
3 
1  19 454327510  
1  126 1005194941  
1  111 2139863412  
1  181 49524068  
2  137 
2  115 
3 
3 
2  78 
1  61 1029165232  
3 
3 
3 
1  20 1038668964  
2  138 
3 
2  58 
3 
1  25 1397338720  
1  157 556618946  
1  42 226329074  
1  177 1958855368  
1  129 1690232786  
1  93 537818822  
2  145 
2  147 
2  183 
1  42 450002302  
3 
3 
2  97 
1  86 796566374  
1  45 2117002064  
3 
2  2 
1  163 1721908038  
2  149 
3 
1  113 302820746  
3 
3 
1  152 686278136  
1  165 640735772  
3 
1  118 1136455292  
3 
3 
1  83 1769736348  
1  4 1469426799  
2  145 
1  66 1042820263  
3 
3 
1  172 1115061524  
3 
2  121 
1  43 668151788  
2  168 
1  1 2074297701  
2  105 
3 
2  103 
1  144 1291968810  
3 
1  96 763321186  
1  7 1315743323  
1  61 858855035  
3 
3 
3 
3 
1  122 430043963  
3 
2  16 
3 
1  80 1770070834  
2  77 
3 
2  58 
3 
2  36 
3 
2  72 
2  90 
1  99 1864049976  
3 
3 
1  4 422423727  
1  49 1819594902  
2  177 
1  95 745731560  
1  5 1461092691  
2  188 
2  100 
3 
2  5 
3 
3 
2  184 
2  66 
3 
1  32 1069449974  
3 
3 
3 
1  37 1302350506  
1  98 1687421766  
3 
3 
1  92 880821695  
2  96 
1  40 845099644  
3 
2  187 
3 
1  76 77756940  
2  84 
3 
1  168 1330823997  
3 
3 
3 
2  182 
1  33 1641666018  
3 
3 
1  98 47275356  
1  73 905248387  
3 
2  4 
3 
1  80 1944486764  
2  50 
2  190 
2  151 
1  20 733553492  
3 
3 
2  192 
1  100 1545984160  
3 
3 
3 
1  129 933458408  
3 
3 
2  70 
3 
2  84 
1  36 355806192  
2  30 
2  91 
3 
3 
3 
2  145 
2  27 
3 
2  50 
1  121 867927311  
1  96 1976278671  
1  2 1470867716  
1  20 1536079099  
3 
1  50 1903092724  
3 
3 
3 
3 
3 
1  123 615352879  
2  167 
1  113 151916637  
3 
2  32 
2  135 
3 
3 
3 
2  105 
1  46 1071352400  
3 
1  160 1474207914  
3 
1  1 581960600  
3 
3 
3 
2  189 
2  57 
1  78 693939586  
1  164 1190774242  
3 
3 
1  35 1004384327  
3 
2  88 
1  29 366050840  
2  170 
1  117 1936505802  
3 
3 
2  178 
2  157 
1  82 317993371  
1  112 1435500814  
2  134 
1  129 1091372660  
1  172 2005415137  
3 
1  106 168838861  
3 
1  81 1936472304  
2  182 
2  167 
3 
3 
2  121 
1  23 2083172077  
1  62 1499662859  
3 
2  64 
1  180 1430654674  
2  183 
2  43 
2  197 
1  18 2130447433  
1  63 257427598  
3 
3 
2  13 
2  99 
1  109 1227657790  
1  63 716517277  
3 
3 
3 
2  63 
3 
1  115 1803411758  
1  158 13632550  
1  58 1072323469  
2  199 
2  105 
2  150 
1  54 523855421  
3 
1  118 1989911221  
2  43 
3 
3 
1  142 395707538  
3 
3 
1  27 2059934521  
3 
3 
3 
1  26 1745520297  
1  126 1011060417  
1  138 64367510  
1  40 669389049  
3 
1  1 337784683  
1  53 646328111  
3 
1  22 1363328635  
3 
1  25 1528558925  
3 
3 
1  20 1650712438  
2  101 
3 
1  11 1729379475  
3 
2  200 
1  207 1317581079  
3 
1  188 1968705809  
2  187 
2  177 
3 
2  195 
1  33 1017396642  
2  174 
3 
1  182 261470091  
2  96 
1  52 1826637298  
3 
1  0 1186235503  
3 
3 
2  209 
1  113 50458747  
1  116 1762325727  
1  6 538414714  
2  58 
1  205 1481113421  
1  188 1745289512  
3 
1  8 795842313  
1  159 561287563  
3 
2  123 
2  56 
2  139 
1  62 314323141  
3 
2  102 
2  17 
2  18 
3 
2  73 
2  10 
2  106 
3 
3 
1  194 451770423  
2  44 
2  108 
1  72 574920113  
2  172 
2  49 
1  88 1386646611  
3 
2  75 
2  59 
1  165 975625845  
1  59 417347686  
1  172 1782354149  
2  197 
3 
3 
2  126 
1  187 888076718  
1  204 15384335  
3 
1  8 645930918  
2  28 
1  170 952444228  
3 
2  196 
2  43 
2  197 
1  173 684773385  
1  82 983715601  
1  5 1598772339  
2  106 
2  44 
2  26 
3 
2  18 
2  23 
3 
1  195 2048102020  
2  115 
1  166 364790878  
1  24 1102001130  
1  68 1629997848  
1  186 1682371957  
2  150 
2  92 
2  36 
3 
1  27 923223291  
2  176 
2  70 
1  90 499910842  
1  181 1943842048  
3 
1  56 602376942  
3 
3 
1  120 1686146345  
3 
1  8 1994300795  
1  203 217219021  
3 
3 
3 
2  182 
3 
3 
2  91 
3 
1  116 77077412  
3 
3 
2  68 
1  166 1327930568  
2  68 
1  44 1962508534  
1  69 872919725  
3 
1  163 1889218131  
3 
3 
1  204 129348027  
3 
2  115 
1  20 1324690148  
2  108 
1  100 316654596  
3 
3 
1  51 1515994638  
2  81 
2  101 
3 
3 
1  84 152832345  
2  129 
1  3 734002282  
3 
1  185 1150865139  
3 
2  92 
1  17 1040909063  
2  184 
3 
1  21 749386617  
3 
2  54 
1  201 1796796057  
1  155 1993353292  
2  205 
1  146 1434160002  
1  45 633028010  
2  178 
3 
1  72 1444641983  
1  206 1334778375  
3 
3 
1  21 997818888  
1  200 399159465  
2  117 
2  104 
2  109 
2  56 
3 
1  84 817292575  
3 
3 
2  25 
1  117 532707197  
2  2 
3 
2  198 
3 
1  202 1322382757  
2  91 
3 
3 
3 
2  96 
3 
3 
3 
2  1 
2  123 
3 
2  22 
1  146 1317203417  
1  111 329065597  
1  98 1924759699  
3 
2  179 
1  117 855866114  
2  196 
3 
2  172 
1  78 175882744  
3 
3 
2  98 
3 
2  145 
3 
3 
3 
1  120 2141978720  
3 
3 
3 
3 
1  28 932943526  
2  142 
1  173 1503813312  
3 
3 
2  86 
2  8 
2  195 
3 
2  6 
2  91 
2  81 
1  102 1957003606  
3 
3 
3 
1  97 1805863251  
1  172 1245547795  
2  6 
1  37 2086351634  
3 
3 
3 
1  107 983069752  
1  111 1562202391  
1  62 1454862624  
1  69 1135902097  
1  94 148721025  
3 
1  160 458244116  
3 
3 
2  186 
1  11 29327513  
1  11 898107643  
2  113 
2  183 
1  2 107556525  
3 
1  71 2022680805  
2  128 
2  33 
1  65 184783997  
2  9 
3 
3 
2  46 
3 
3 
2  75 
2  99 
2  112 
2  54 
1  48 740584536  
2  190 
1  84 1319839140  
3 
3 
3 
2  133 
1  183 1519562372  
3 
3 
3 
3 
3 
3 
2  80 
3 
2  47 
1  170 1738403424  
1  13 1718998606  
3 
2  186 
2  148 
2  167 
2  163 
1  54 189371299  
1  205 123626974  
2  85 
1  108 893897715  
1  66 1506574716  
3 
3 
2  46 
1  105 452692571  
1  84 671173766  
2  49 
3 
3 
1  169 214957183  
2  178 
2  138 
1  198 628575316  
1  147 665668838  
1  26 1147900709  
2  191 
3 
2  205 
2  28 
2  39 
2  75 
2  41 
3 
1  116 2132388628  
2  121 
2  120 
1  110 475188797  
2  90 
3 
1  171 806280313  
2  195 
1  38 1230452776  
2  181 
2  113 
1  38 414056783  
2  131 
3 
3 
3 
2  8 
3 
2  155 
1  31 1789350065  
3 
2  112 
3 
2  177 
3 
2  152 
1  135 645171519  
1  6 1868919407  
3 
3 
3 
3 
3 
3 
2  156 
2  142 
3 
2  91 
3 
3 
3 
2  193 
2  86 
2  189 
3 
3 
2  26 
1  113 777768514  
2  23 
2  61 
2  134 
3 
1  19 793892545  
2  64 
3 
1  135 179679875  
2  53 
3 
1  101 807096027  
2  34 
2  14 
2  121 
2  189 
1  70 1692000188  
3 
2  190 
1  4 287236401  
1  188 682293184  
2  137 
1  48 1876784185  
3 
2  137 
2  1 
3 
1  34 1027820937  
3 
3 
1  179 2002132325  
3 
3 
1  142 1248862910  
1  2 618740713  
1  173 1573647283  
1  41 1438234209  
2  182 
2  104 
1  137 742367687  
2  139 
3 
1  164 320061350  
2  22 
1  58 797325278  
3 
1  25 1195060259  
1  162 991235116  
1  3 1012282461  
3 
1  89 1823635575  
3 
3 
3 
3 
3 
2  13 
2  101 
3 
2  42 
2  3 
2  117 
3 
3 
3 
3 
1  60 1656903954  
1  121 12699522  
2  147 
1  137 1808540555  
1  83 2132092751  
3 
1  88 818979835  
3 
3 
2  89 
1  87 891509683  
1  149 398665886  
3 
2  111 
1  80 460846252  
1  147 1536681203  
1  152 120101646  
1  5 1238614767  
1  124 183090100  
1  73 299781521  
2  58 
3 
1  201 2045710794  
1  33 1875090288  
3 
1  40 587017922  
1  187 580520331  
3 
1  17 1604390825  
3 
2  112 
1  138 1614838859  
1  110 435169008  
1  8 705770087  
3 
2  151 
1  193 86095925  
3 
2  192 
3 
2  145 
1  167 2008816291  
3 
3 
3 
1  57 2144004297  
3 
3 
1  177 828463612  
2  71 
3 
3 
3 
2  12 
3 
3 
2  164 
1  82 181393993  
3 
1  92 793845927  
3 
2  56 
2  133 
1  186 2023523871  
3 
1  199 1172629109  
3 
3 
3 
3 
1  94 1806128388  
1  155 1699675798  
3 
3 
1  60 682049415  
3 
2  52 
1  7 1818827910  
3 
3 
1  171 1360732706  
1  198 666658519  
3 
3 
1  30 490324098  
3 
2  33 
3 
1  98 104758741  
1  206 1065324405  
2  144 
1  84 951170350  
2  175 
3 
1  162 1641439944  
3 
1  34 1185426051  
2  41 
3 
2  74 
3 
3 
1  101 42301469  
1  97 1824530044  
3 
2  38 
2  209 
1  123 1485207573  
1  119 2088012264  
3 
1  123 1552136684  
1  21 2072225495  
3 
1  93 521048947  
2  188 
1  210 1009043862  
1  115 1539580707  
1  164 956217955  
1  83 1714813949  
3 
1  164 1625676632  
2  129 
1  157 817550598  
2  125 
3 
2  112 
3 
1  57 1711334598  
1  6 306656596  
2  162 
1  181 998944591  
2  87 
3 
2  194 
1  172 357696877  
2  62 
2  0 
3 
3 
2  28 
1  203 182696820  
3 
1  136 24090052  
2  181 
3 
2  102 
1  6 16341617  
1  165 1882372618  
1  111 706139467  
1  134 1835169528  
3 
3 
3 
1  25 1095621676  
1  88 1372797986  
3 
3 
2  179 
1  30 178009978  
1  121 1200380418  
1  77 290638744  
2  129 
2  11 
3 
2  198 
2  62 
1  129 1129180328  
2  81 
2  210 
3 
2  34 
3 
1  49 694336714  
1  212 1476064795  
2  127 
1  37 1171481798  
3 
3 
1  138 371383111  
2  105 
2  112 
1  110 813788720  
1  210 1112010414  
2  3 
1  39 1923519795  
1  205 738530568  
1  91 1633059361  
1  172 785080009  
3 
1  195 130627627  
3 
2  103 
2  107 
2  69 
1  70 441793668  
2  185 
1  7 352410311  
2  57 
2  165 
2  95 
1  157 1756304259  
3 
1  55 1259344266  
3 
2  181 
2  80 
2  0 
1  74 2063744909  
2  64 
1  108 2062960855  
2  77 
2  72 
1  66 110805209  
1  108 273958139  
2  88 
2  18 
1  129 98174027  
1  176 134895261  
3 
2  164 
1  72 290299756  
3 
3 
3 
2  176 
3 
2  20 
3 
1  26 1980546646  
1  62 841034728  
2  169 
3 
1  155 2125469284  
2  104 
2  135 
3 
1  135 928684674  
2  90 
1  61 66349067  
1  149 155995614  
1  118 2129065092  
1  179 356987811  
2  88 
2  34 
3 
1  208 1285175943  
2  192 
1  48 675918159  
1  200 1833052606  
1  200 309174093  
1  41 1047301270  
2  48 
2  181 
2  9 
3 
2  89 
2  36 
1  160 499357679  
2  132 
1  106 1421184507  
2  156 
2  44 
3 
1  151 823337417  
2  112 
2  168 
1  182 1237888247  
2  100 
1  54 906760220  
2  142 
2  132 
2  30 
1  189 1608417427  
2  28 
2  80 
3 
2  77 
2  118 
2  181 
1  192 1368515874  
2  27 
3 
2  1 
1  57 1348553888  
3 
1  70 1960827738  
1  99 977336485  
2  97 
1  185 460414506  
1  30 1877088999  
1  34 892813692  
3 
1  188 571219715  
3 
1  119 3563490  
1  127 990987720  
1  50 706114976  
3 
1  32 293863247  
3 
2  9 
1  202 824050718  
3 
2  12 
3 
2  185 
3 
3 
2  5 
3 
1  95 1547149704  
1  70 271848883  
3 
1  14 1752735392  
2  96 
2  108 
3 
1  129 1613498771  
2  4 
2  184 
3 
3 
2  191 
1  44 427844498  
2  128 
2  41 
1  45 1734316837  
3 
1  153 1970486582  
1  120 1713020441  
1  92 262751348  
1  105 1656055541  
3 
3 
1  67 2022194534  
3 
2  115 
2  65 
3 
2  204 
3 
1  98 1310052618  
3 
3 
3 
1  58 7929572  
1  141 1295895393  
1  30 2133390035  
2  15 
1  67 1245817819  
3 
1  6 55171965  
1  173 1594323814  
1  92 466850045  
3 
2  157 
3 
3 
2  124 
2  43 
3 
1  12 1403725853  
3 
1  202 1407667904  
2  100 
1  144 1444186530  
2  19 
1  190 1864140359  
1  203 1137273256  
3 
1  108 189516574  
2  197 
2  95 
1  118 287876426  
3 
3 
3 
2  105 
3 
2  39 
2  5 
2  82 
3 
1  138 1140836746  
2  97 
2  96 
2  158 
3 
2  131 
3 
1  81 1180504294  
2  124 
2  149 
1  145 993991402  
2  63 
1  76 1434699993  
2  199 
1  155 2004555012  
3 
1  92 393657458  
3 
3 
1  90 1706548877  
2  153 
1  175 1609806757  
3 
1  145 2007156230  
1  87 2134393375  
2  149 
2  143 
2  195 
2  203 
1  22 1196639946  
3 
3 
2  156 
2  6 
3 
2  117 
3 
3 
1  186 1830159164  
1  104 1699930168  
2  38 
2  57 
1  190 1459391294  
1  171 1338731057  
1  66 1574641054  
2  88 
2  38 
2  150 
2  202 
3 
3 
3 
2  184 
3 
2  161 
2  200 
3 
3 
2  13 
3 
3 
1  124 621960264  
3 
3 
2  94 
3 
2  121 
3 
1  74 1346660629  
1  94 723052799  
3 
3 
2  67 
1  44 607866651  
1  9 444994800  
2  184 
3 
3 
2  13 
3 
3 
1  16 778224764  
2  152 
1  111 54706818  
3 
3 
3 
1  198 911844845  
2  80 
1  30 34466969  
1  1 1462374722  
3 
3 
1  90 208547727  
3 
1  54 1898607328  
2  194 
3 
2  88 
2  39 
3 
2  78 
1  135 452164330  
1  116 398064302  
3 
3 
3 
1  140 39000106  
2  17 
3 
2  68 
2  202 
1  35 1593001077  
2  67 
2  145 
3 
2  8 
2  89 
2  78 
2  122 
1  124 1578568596  
3 
2  149 
1  165 1032991508  
1  73 880217422  
3 
2  102 
1  123 1435639961  
3 
1  165 1426648966  
1  137 439282651  
3 
3 
3 
2  131 
1  126 897963070  
3 
1  71 1286321548  
1  194 426192378  
3 
1  86 2094603016  
1  19 968997065  
1  129 2126122546  
3 
2  194 
1  68 1406510662  
3 
2  8 
2  4 
1  172 160244474  
1  163 1553279952  
1  56 2028470926  
2  87 
1  42 1506905104  
2  96 
2  4 
1  154 128849103  
3 
1  194 488853929  
2  45 
3 
2  114 
1  71 1951899904  
3 
1  170 907073867  
3 
2  92 
3 
2  113 
2  174 
2  153 
2  123 
1  94 543560747  
3 
3 
2  16 
3 
3 
3 
1  154 716261102  
1  168 941540836  
2  57 
1  13 2005935470  
3 
3 
3 
2  200 
3 
1  84 924808829  
3 
2  36 
1  196 692664516  
2  131 
1  11 310616152  
3 
2  7 
2  12 
1  138 1322873131  
2  121 
1  28 731664622  
2  12 
1  80 1903617229  
2  69 
3 
2  181 
2  39 
3 
3 
3 
2  35 
3 
2  62 
1  99 753958080  
2  84 
1  150 1764656130  
3 
3 
3 
1  6 636351004  
1  101 42114393  
2  32 
3 
3 
1  50 1043821449  
1  159 1075633655  
3 
2  149 
3 
3 
3 
2  195 
3 
2  92 
1  58 940077463  
1  81 182659349  
2  20 
2  88 
1  109 1501826034  
2  124 
2  132 
3 
2  135 
2  174 
1  47 887196831  
2  137 
3 
1  25 1151656414  
3 
3 
2  7 
2  175 
2  68 
1  129 1480464932  
1  19 146223845  
3 
1  70 1311900889  
2  100 
3 
3 
2  71 
2  22 
2  174 
1  82 886261237  
2  16 
3 
3 
2  5 
2  188 
1  81 27211123  
1  72 671322345  
1  147 1015110340  
2  13 
1  30 516065052  
3 
1  94 475738601  
3 
3 
1  64 1922184208  
3 
2  146 
3 
3 
2  82 
3 
3 
2  137 
3 
1  115 1059625800  
1  68 1191999703  
3 
2  162 
1  64 716241396  
3 
1  40 918077622  
2  156 
3 
1  150 2116808533  
1  86 1408905913  
2  76 
3 
1  173 1228693774  
1  8 1292198016  
3 
1  69 2140570535  
1  4 984827356  
3 
1  203 2046156096  
3 
2  136 
1  59 1757743018  
3 
2  26 
3 
2  0 
1  24 1621178360  
1  178 2088270489  
3 
2  182 
1  202 654080819  
3 
3 
3 
3 
3 
3 
1  152 549328367  
1  184 880864304  
2  86 
1  132 836740168  
1  40 2051154401  
3 
3 
2  185 
3 
3 
1  53 1768061135  
3 
1  152 1988396583  
1  89 1384135686  
3 
1  181 1914284980  
3 
3 
3 
2  54 
1  106 1152813824  
3 
3 
3 
1  116 122913275  
3 
1  142 1941496103  
2  94 
3 
3 
2  124 
2  16 
3 
3 
2  91 
2  148 
1  103 1824136169  
2  119 
3 
1  12 1138023615  
1  120 310077508  
1  79 152391122  
2  45 
2  2 
3 
1  21 912724175  
1  33 1369703308  
3 
1  172 1344390826  
1  189 1628965572  
3 
3 
3 
1  4 140297282  
2  125 
2  137 
2  122 
1  126 1313715711  
3 
1  187 890387837  
3 
1  208 1368991056  
1  85 458430079  
3 
2  195 
3 
1  157 883474724  
3 
1  65 206334764  
2  180 
1  131 357102528  
1  128 493734094  
2  182 
3 
3 
2  32 
3 
2  186 
1  203 1827513124  
2  4 
3 
3 
1  1 297889369  
1  185 1147814913  
2  78 
2  88 
1  117 229357844  
2  177 
3 
2  165 
2  193 
1  181 1178753674  
2  48 
3 
2  139 
2  165 
1  75 1984555082  
1  181 133028597  
1  179 799331161  
1  112 1825468017  
1  6 1517164283  
2  93 
3 
1  3 566132494  
1  30 830798193  
3 
3 
2  126 
1  158 1640077558  
3 
1  129 360144949  
1  22 507450714  
3 
3 
2  17 
2  72 
3 
2  155 
1  91 630617526  
2  208 
2  112 
1  97 670222457  
2  34 
2  32 
3 
3 
3 
2  38 
3 
1  94 659841836  
3 
2  188 
3 
3 
1  6 1543341701  
3 
3 
2  190 
2  35 
2  19 
1  143 2039925765  
3 
2  48 
1  139 2004232662  
1  12 1024823625  
3 
1  117 32739399  
2  9 
2  146 
1  94 1170464725  
1  127 1915211462  
3 
1  58 1401730456  
3 
3 
1  34 1628894805  
2  71 
3 
1  149 651202539  
3 
1  177 1608065220  
3 
1  69 1985997333  
1  83 1144936633  
1  132 1288094697  
2  176 
3 
1  189 136403054  
3 
1  82 145267899  
3 
1  108 1517452541  
2  117 
3 
2  42 
1  136 1315156728  
2  130 
2  39 
1  115 2129822981  
1  113 1650481138  
1  167 2114487890  
1  8 1807807350  
3 
2  183 
3 
3 
3 
2  47 
3 
1  53 1020161774  
2  8 
2  175 
1  68 533136736  
1  56 491121895  
3 
3 
2  147 
2  10 
2  183 
2  34 
1  166 512755684  
3 
1  172 893281685  
2  123 
2  108 
2  50 
3 
3 
3 
2  165 
1  117 998572609  
1  71 1143373210  
2  170 
1  178 1563504143  
1  70 1658414445  
2  118 
3 
2  172 
3 
2  2 
2  130 
3 
2  35 
1  184 539231264  
3 
2  165 
1  111 1455946260  
3 
2  179 
3 
1  139 1515163460  
1  168 1564054889  
1  122 1488685660  
1  199 538144537  
3 
2  27 
2  116 
1  195 1331782704  
3 
1  165 742932468  
1  72 19555694  
2  103 
2  101 
2  116 
1  28 1982985243  
2  195 
3 
1  174 203514040  
1  140 2005553027  
1  37 980438228  
2  190 
1  183 1491608737  
2  97 
1  97 2141956082  
2  67 
1  151 1125706127  
3 
2  143 
3 
3 
3 
3 
3 
3 
2  148 
3 
2  132 
2  27 
1  0 861577630  
3 
1  53 1309629162  
2  80 
2  33 
2  141 
1  83 1108045460  
2  92 
1  42 364575121  
2  158 
3 
3 
1  133 1276633404  
1  134 768369162  
1  73 1384736895  
3 
1  31 1809770140  
3 
3 
2  131 
3 
1  19 1259491057  
1  98 1897492579  
3 
3 
3 
1  149 555568178  
1  122 110580018  
3 
2  72 
1  1 893382142  
2  114 
1  12 2119072321  
1  7 1768994464  
1  71 1432613406  
2  123 
1  167 1427534933  
3 
1  35 1136674276  
3 
1  214 849184647  
2  133 
2  101 
1  11 768736945  
3 
1  26 1674818813  
2  126 
2  148 
3 
3 
3 
1  162 33483703  
3 
1  170 1511669413  
2  110 
3 
1  127 1694374508  
2  171 
3 
1  177 2016468946  
1  116 1715183454  
1  198 1552443887  
1  27 849423527  
2  209 
1  90 1059308543  
3 
3 
2  38 
1  74 1546916321  
3 
2  145 
2  91 
1  75 1975129654  
2  193 
3 
2  51 
1  208 1920886174  
3 
3 
2  169 
2  162 
2  150 
3 
1  189 709061836  
2  129 
1  205 935691467  
3 
3 
2  130 
3 
2  125 
1  67 137977647  
1  181 1985695240  
1  100 1704060629  
2  156 
1  184 1522714542  
1  170 1647981733  
2  3 
3 
2  210 
3 
3 
2  5 
3 
2  213 
1  58 816068039  
2  187 
2  157 
3 
3 
1  71 1272723473  
1  83 56066263  
3 
2  61 
1  133 926648057  
1  12 18621967  
3 
3 
2  165 
3 
1  39 27654936  
3 
1  143 548158873  
3 
1  221 1451235373  
3 
1  136 1455189869  
1  45 1684833149  
1  12 152936373  
2  35 
3 
2  159 
3 
2  50 
1  176 76443167  
1  1 1212168315  
2  212 
3 
3 
3 
3 
3 
3 
2  94 
2  150 
1  114 186420076  
2  22 
2  151 
1  79 1588112580  
2  151 
1  205 759059175  
2  25 
2  83 
3 
3 
2  127 
3 
1  116 55405375  
1  209 1155812386  
1  22 164019414  
1  51 904828902  
2  19 
1  18 67637282  
3 
1  199 1710935736  
3 
1  150 732474908  
3 
3 
3 
2  25 
1  132 1988523456  
1  185 272513924  
1  193 1668166375  
1  56 2126501103  
1  206 110725516  
2  219 
3 
1  198 1224743357  
3 
1  50 1501731997  
2  150 
1  32 1758707249  
1  150 2040811396  
2  107 
3 
2  13 
1  12 626971822  
1  38 1814773512  
3 
2  137 
2  214 
2  51 
2  97 
2  181 
1  108 819975805  
1  186 645593790  
1  43 1842428448  
3 
2  110 
3 
3 
3 
2  197 
3 
2  142 
2  167 
3 
2  3 
2  194 
2  172 
3 
1  68 1368134679  
3 
3 
3 
2  16 
1  134 2096829163  
3 
3 
2  174 
2  190 
1  114 1150134670  
2  105 
3 
3 
3 
2  62 
3 
1  86 905484180  
2  98 
2  55 
2  89 
2  143 
1  50 102281888  
2  181 
3 
3 
1  211 1226577837  
2  152 
2  95 
1  15 2117652495  
3 
1  52 288701965  
1  185 667206769  
1  144 729228022  
3 
3 
3 
1  69 344107340  
1  133 1823019156  
2  126 
3 
3 
1  136 893247437  
3 
1  49 1248936242  
1  135 1890656438  
2  204 
3 
1  34 456699525  
3 
2  20 
3 
3 
2  88 
3 
3 
2  223 
3 
2  13 
1  92 1981411150  
2  201 
2  25 
1  200 1731696246  
3 
1  206 729213449  
2  23 
1  186 1502093878  
3 
2  12 
3 
3 
2  189 
2  22 
3 
3 
1  14 1710713701  
2  187 
3 
2  66 
3 
1  51 839938965  
3 
2  50 
1  90 579353587  
3 
2  171 
1  114 1064962050  
3 
3 
3 
3 
1  157 451162567  
2  173 
1  114 472681335  
2  220 
1  156 1691933872  
2  131 
3 
3 
2  106 
2  91 
2  3 
1  125 118452431  
2  32 
1  82 1292657140  
3 
3 
2  157 
3 
3 
3 
1  191 190044014  
1  108 1960880880  
1  86 513308171  
1  54 139389530  
3 
1  222 963531902  
1  211 1418792352  
1  209 241671418  
3 
3 
1  189 42626091  
3 
1  87 1388961199  
2  197 
3 
3 
2  118 
3 
2  205 
3 
2  147 
1  40 530373383  
2  177 
1  15 709832860  
3 
3 
1  174 2118189222  
1  74 874480723  
2  199 
3 
3 
3 
2  46 
2  174 
3 
2  70 
3 
1  99 385368368  
1  136 863953011  
1  220 2123416965  
3 
2  202 
3 
2  104 
3 
3 
1  173 128541158  
3 
3 
2  136 
3 
3 
2  98 
2  37 
1  19 1320652536  
1  95 1957344468  
1  148 1860237404  
3 
1  55 2049865985  
3 
2  37 
2  103 
2  106 
1  199 1311954698  
2  201 
2  153 
2  110 
3 
1  158 1423467457  
1  153 742321302  
3 
1  182 1891308285  
2  18 
3 
1  193 340945859  
1  33 1193483869  
2  19 
1  83 216505972  
3 
3 
1  115 2032879732  
1  139 1311936301  
1  82 1509163112  
3 
2  178 
1  87 75440098  
1  219 1125333533  
2  172 
1  33 2022471284  
3 
3 
2  65 
3 
3 
3 
2  113 
2  132 
3 
1  131 214829628  
3 
2  130 
1  197 2088865435  
3 
3 
3 
3 
3 
3 
3 
3 
3 
2  222 
3 
1  217 1293779988  
1  125 456501047  
1  158 2131491526  
2  185 
2  213 
1  147 535257539  
3 
1  34 986874430  
2  65 
3 
3 
2  90 
3 
1  84 693840738  
1  200 505963113  
2  140 
1  181 1861355154  
3 
1  217 1079209107  
2  149 
1  125 1369916124  
3 
3 
3 
1  35 1837288471  
2  81 
2  6 
3 
3 
3 
2  91 
1  206 1207750265  
2  98 
3 
2  28 
1  2 543085012  
3 
3 
1  78 1647149291  
1  61 920504022  
3 
3 
1  25 445467349  
3 
3 
3 
3 
2  145 
3 
2  81 
2  2 
2  53 
1  141 811620341  
2  170 
3 
1  11 196487831  
2  58 
2  42 
2  157 
1  191 1187788652  
2  183 
3 
3 
1  208 555444978  
2  172 
3 
2  198 
1  116 537433691  
3 
2  139 
1  200 233788873  
2  12 
1  84 771950950  
1  220 422829775  
1  74 1545725174  
1  68 133630415  
3 
1  36 498269873  
3 
3 
3 
1  99 523575059  
3 
1  94 8618051  
3 
3 
1  80 713099502  
1  177 464956846  
2  190 
3 
3 
3 
2  158 
3 
2  178 
3 
2  152 
1  207 1302398039  
3 
3 
3 
2  164 
3 
1  126 1169600549  
3 
3 
1  82 448964724  
2  169 
3 
3 
1  32 1837655578  
2  5 
1  11 8991331  
1  135 1142805463  
2  97 
2  81 
3 
3 
2  223 
2  185 
2  201 
2  3 
2  164 
2  13 
2  224 
1  54 196135044  
2  46 
3 
2  195 
3 
2  214 
1  160 1870346485  
3 
1  155 74530922  
3 
3 
2  2 
2  174 
2  171 
2  212 
2  176 
2  203 
3 
1  133 1566051168  
2  199 
2  100 
2  176 
1  83 1560151309  
2  46 
1  131 1282281187  
1  49 2109136181  
1  143 1059816952  
1  120 55301561  
1  167 407119882  
1  108 1871437294  
2  137 
3 
3 
1  164 251789393  
1  119 1594908534  
3 
1  138 279398624  
1  216 789223084  
2  101 
3 
3 
1  37 1828697408  
1  187 1051349575  
3 
3 
3 
3 
1  29 1212052859  
2  201 
2  58 
2  140 
1  38 1226938934  
3 
1  95 1184979990  
3 
1  73 1710322732  
2  18 
1  117 1750513994  
1  199 1193598041  
3 
3 
3 
3 
2  219 
1  170 275938586  
1  24 67987192  
3 
1  72 348512432  
3 
3 
1  162 1445539135  
3 
3 
1  92 516951917  
1  185 38684362  
2  90 
1  4 1454530467  
1  43 1659757380  
2  133 
3 
2  88 
3 
2  67 
2  134 
2  182 
2  73 
3 
2  199 
2  218 
3 
2  64 
1  197 234819406  
2  2 
1  102 1177393304  
1  60 1734288302  
3 
3 
2  75 
1  64 1800870575  
2  221 
3 
3 
3 
2  124 
3 
3 
2  32 
1  40 590060965  
3 
1  4 869085841  
1  193 1762523108  
1  128 1649877918  
2  15 
3 
1  138 924387403  
3 
3 
2  207 
2  121 
1  192 22159342  
3 
3 
3 
2  155 
1  49 1373831564  
3 
1  155 1176176796  
2  143 
2  151 
3 
1  112 1617067877  
1  9 1653230188  
3 
3 
2  79 
2  149 
1  83 1965399880  
1  37 1298281637  
1  196 557096115  
3 
1  152 1029969091  
3 
3 
1  52 377736923  
1  7 1742076105  
3 
1  214 592808175  
1  188 2128250917  
1  150 788190498  
1  191 868746762  
3 
1  140 48754462  
3 
1  215 1136702930  
2  197 
3 
2  43 
1  64 166802249  
1  231 565706379  
3 
2  112 
1  34 1175387293  
1  104 1621332716  
1  79 77980111  
3 
3 
3 
1  155 1410206699  
1  185 651242373  
3 
1  100 1812268413  
1  7 1063593626  
1  146 1241303338  
3 
3 
2  66 
3 
3 
2  73 
3 
2  0 
3 
2  230 
1  69 533870606  
1  159 678633086  
2  201 
1  73 743697608  
2  152 
3 
2  7 
2  157 
1  71 1458258009  
3 
3 
3 
2  127 
1  143 700792429  
1  80 2117529172  
2  124 
1  24 486951157  
2  78 
2  172 
3 
1  169 170376658  
3 
3 
2  72 
1  61 1623275713  
3 
2  181 
2  138 
1  166 304867389  
2  99 
3 
3 
2  87 
3 
2  135 
1  140 1468658295  
3 
1  79 32888180  
1  235 1334836480  
2  175 
3 
3 
2  233 
3 
1  69 1846395218  
2  100 
1  137 1774964286  
1  199 1927644656  
2  45 
1  101 1827162488  
3 
2  22 
2  84 
1  207 415671136  
2  227 
3 
3 
2  35 
3 
3 
3 
2  176 
1  173 648907770  
1  15 1875916950  
3 
2  136 
1  217 1552374067  
2  204 
1  50 815710019  
3 
3 
2  10 
2  75 
3 
2  14 
2  167 
3 
1  143 294139681  
3 
2  198 
1  66 580277712  
1  217 289559088  
1  182 372119792  
1  100 1990484411  
3 
2  191 
2  191 
1  131 940801461  
3 
3 
3 
1  131 36904557  
2  156 
2  61 
2  218 
1  156 906594390  
2  70 
3 
1  54 34621151  
1  156 570775163  
2  185 
1  135 1585227476  
1  224 778318760  
2  159 
2  61 
3 
1  181 2029033173  
1  10 138536257  
3 
1  21 748364284  
3 
2  164 
2  114 
2  99 
2  168 
1  153 368500682  
2  136 
2  40 
3 
1  231 308912915  
1  110 224156349  
3 
3 
2  155 
2  178 
3 
2  225 
2  220 
3 
3 
1  122 673368072  
3 
1  139 1777571210  
3 
2  219 
2  127 
3 
3 
3 
2  221 
2  222 
3 
3 
2  43 
2  124 
2  6 
1  208 257044530  
1  162 2008204552  
2  109 
2  141 
3 
1  156 1476482781  
2  24 
3 
2  109 
1  82 2032008816  
3 
3 
2  6 
3 
2  70 
3 
2  194 
3 
3 
2  137 
1  108 1788365560  
2  168 
3 
1  22 1156161621  
1  147 300196304  
1  156 289789682  
2  107 
1  182 884594923  
2  112 
3 
2  186 
1  88 1852570371  
2  79 
1  38 1105499702  
1  137 1178734604  
2  206 
1  219 285364435  
2  39 
1  49 1395058790  
3 
3 
3 
3 
2  193 
1  58 1550854396  
2  178 
1  198 128365199  
1  10 188376603  
1  114 1587758953  
1  160 1034959589  
3 
2  145 
2  228 
3 
1  100 222997754  
3 
2  208 
1  202 11050468  
1  103 472703417  
1  82 1001316514  
3 
2  109 
3 
2  106 
3 
2  42 
1  43 2040083641  
3 
3 
1  35 611239675  
1  103 1749680799  
3 
1  231 261100676  
1  158 920152590  
3 
1  194 1973837148  
3 
3 
2  133 
2  57 
1  124 934468748  
1  216 550240153  
2  25 
3 
3 
3 
3 
2  187 
2  179 
1  74 83398030  
3 
2  53 
1  38 795189652  
2  66 
3 
2  217 
2  12 
1  167 2026722934  
