2  7 
2  37 
3 
2  43 
1  6 292021916  
1  0 999510867  
3 
1  33 1932902191  
3 
3 
3 
2  0 
1  0 113211880  
1  0 1521982348  
3 
1  88 920980004  
1  13 1615681852  
3 
1  1 1743479043  
2  0 
1  0 521308456  
3 
3 
2  1 
3 
3 
1  31 1956997125  
1  45 760712773  
3 
2  51 
2  0 
1  38 119105460  
3 
3 
3 
3 
2  25 
1  0 218330218  
2  1 
2  76 
2  0 
2  63 
1  29 1870011477  
2  72 
1  59 1892294711  
1  75 1246141868  
3 
1  0 25354753  
2  20 
1  62 1227346887  
3 
1  0 1756895878  
3 
3 
2  17 
3 
3 
2  70 
2  1 
1  71 1824782581  
3 
3 
2  0 
2  0 
2  0 
3 
3 
3 
2  0 
3 
3 
2  0 
3 
3 
3 
1  52 1217430464  
2  91 
2  79 
1  0 640090516  
1  0 2131966017  
1  47 1050076795  
3 
1  53 1960756893  
2  77 
2  24 
2  53 
2  48 
2  1 
2  24 
1  0 1955012925  
2  0 
1  99 1762965786  
3 
1  0 404579365  
2  0 
1  92 1432424336  
3 
1  0 980309860  
1  81 903358822  
2  84 
2  52 
1  1 1724446252  
1  2 1979820728  
3 
1  3 688777365  
3 
2  85 
1  3 1837658132  
1  3 1354319428  
1  6 1609757369  
2  6 
1  5 1305856337  
2  2 
1  4 950314823  
1  3 2131065825  
3 
3 
1  33 1115369814  
2  45 
3 
1  44 1711027596  
3 
3 
3 
1  4 102687638  
1  78 1333700032  
2  14 
3 
1  91 1433555426  
1  8 1994982349  
1  24 432358252  
2  104 
2  111 
3 
2  8 
2  66 
2  6 
1  66 1458910179  
1  63 1074845588  
1  56 41770483  
1  2 1136209112  
3 
2  8 
2  4 
3 
1  91 144792405  
2  40 
2  22 
1  4 681860999  
3 
3 
3 
3 
3 
1  4 1120691481  
1  70 1194869200  
3 
1  81 495134244  
3 
2  1 
2  106 
3 
2  8 
1  2 928220758  
2  50 
1  92 810351338  
2  63 
1  7 899713609  
2  8 
3 
1  4 213161446  
2  74 
3 
3 
1  6 1790661199  
1  109 1803072431  
3 
1  5 1937607699  
2  3 
3 
1  58 1622998279  
2  4 
3 
1  93 344366148  
1  3 1627782183  
2  70 
3 
3 
2  6 
2  3 
1  30 829834059  
3 
3 
2  94 
1  5 1954123517  
3 
3 
2  45 
2  92 
3 
2  5 
2  81 
2  72 
1  8 786154872  
2  4 
3 
1  75 1780148883  
3 
2  0 
2  0 
3 
1  3 1937705695  
2  2 
2  14 
1  0 1901524686  
3 
2  7 
2  50 
1  1 1343692831  
2  4 
3 
1  6 2040393333  
2  56 
2  101 
1  82 1087741071  
2  30 
3 
3 
2  43 
3 
3 
3 
1  3 629764609  
3 
3 
2  2 
2  103 
1  9 1887892034  
3 
3 
1  53 1520099323  
3 
3 
2  7 
3 
1  3 2088674788  
3 
1  19 815253975  
3 
2  6 
2  5 
1  5 1561869806  
1  1 1077400252  
1  6 960046380  
1  5 96247158  
1  4 50608086  
3 
3 
2  103 
2  0 
3 
2  2 
1  52 7431932  
1  6 591381402  
2  1 
2  2 
1  0 978828844  
1  3 817783270  
1  70 1491095012  
2  37 
1  28 1191990291  
1  4 460960821  
2  47 
2  10 
3 
1  42 1146683795  
2  9 
3 
1  2 982114342  
3 
1  64 2083959100  
2  5 
3 
2  2 
2  66 
3 
3 
2  93 
3 
3 
2  82 
3 
2  51 
2  0 
1  49 1491049944  
2  2 
1  77 462412877  
1  5 766309512  
3 
2  3 
3 
1  14 1297689813  
1  9 1248567750  
1  1 398974747  
2  4 
1  72 1087911860  
3 
3 
1  3 1002608788  
3 
2  3 
1  61 1742667578  
2  3 
2  52 
3 
1  14 980821545  
2  0 
2  71 
2  1 
2  1 
3 
2  0 
3 
2  0 
1  34 2090349859  
1  0 224948540  
1  91 721229932  
1  0 1462965535  
2  52 
3 
3 
3 
1  84 166139680  
2  18 
1  1 1536483907  
1  51 877351693  
3 
3 
2  2 
1  63 1243539933  
1  32 349046639  
3 
3 
3 
2  41 
1  73 973598851  
3 
3 
1  0 1294148019  
2  60 
1  15 356478571  
2  29 
2  0 
3 
3 
2  0 
3 
3 
1  0 1564980254  
2  26 
1  0 125493215  
1  47 1174261841  
1  50 908591618  
1  0 1317483506  
1  57 1635222663  
1  98 2055275413  
2  61 
1  2 152114200  
1  53 1571698115  
1  0 1398841709  
1  27 614527078  
3 
3 
1  2 190523979  
1  70 549047875  
2  2 
2  104 
2  95 
3 
2  12 
3 
3 
1  2 1863094828  
3 
1  24 589498726  
3 
2  6 
2  52 
2  3 
1  57 1636959735  
2  87 
1  3 718219968  
1  75 184682657  
3 
2  57 
3 
1  43 470297633  
3 
3 
2  57 
1  0 661086180  
2  84 
1  3 409631197  
3 
2  3 
3 
2  103 
3 
1  31 1191527565  
2  4 
3 
2  95 
3 
2  5 
2  76 
3 
2  65 
1  71 2124051715  
2  84 
2  4 
1  3 575770877  
2  54 
1  3 580527824  
2  2 
1  37 853919760  
1  1 1819310810  
3 
3 
2  3 
3 
2  1 
1  2 929574463  
2  80 
2  33 
3 
2  4 
2  62 
3 
3 
3 
1  0 1827518612  
2  27 
2  60 
1  64 965975181  
3 
3 
1  100 1286053034  
2  74 
1  2 1245015218  
1  5 1091468397  
3 
1  34 312831227  
3 
3 
1  2 6123188  
2  89 
2  60 
1  3 261468255  
3 
3 
3 
3 
1  3 1948053890  
1  90 2061398601  
3 
2  3 
1  97 413582456  
1  0 1372268358  
1  2 1312756663  
2  5 
2  2 
2  93 
3 
1  7 1028109534  
1  75 1562792337  
3 
3 
1  98 1861804538  
1  4 743720714  
2  78 
2  69 
1  38 4807416  
3 
3 
1  78 1351280625  
1  27 1461940682  
2  69 
2  89 
3 
2  5 
2  9 
1  38 189490073  
3 
1  91 1821578258  
3 
3 
2  34 
3 
2  89 
1  33 2123026862  
2  21 
2  99 
1  54 599121270  
2  18 
3 
1  37 865622175  
1  75 2099594929  
1  3 1174892147  
1  81 1446149999  
2  6 
2  51 
2  39 
3 
2  104 
3 
3 
2  3 
3 
2  6 
1  8 806031042  
3 
1  95 846719310  
1  53 228240814  
2  3 
3 
3 
1  6 486066006  
1  0 1812694491  
3 
1  1 1514293848  
1  0 1731081224  
1  17 756679240  
1  5 1827125076  
3 
2  3 
1  9 1737204412  
1  24 1018147496  
1  1 1627695318  
1  44 1651119365  
2  8 
3 
3 
1  2 1431729952  
1  11 852480028  
3 
3 
2  1 
2  11 
2  4 
3 
3 
1  1 816392380  
1  0 312355838  
2  3 
2  66 
1  101 267788718  
3 
1  70 530713270  
2  109 
1  57 1056076552  
2  0 
2  8 
3 
3 
2  54 
3 
3 
2  2 
2  15 
3 
3 
1  96 272596134  
1  20 1881993896  
2  9 
3 
1  6 370533586  
3 
3 
3 
2  102 
2  1 
1  1 462086207  
3 
1  7 1556088506  
3 
1  9 346076801  
2  111 
3 
2  105 
3 
2  2 
1  2 1061207477  
2  9 
2  60 
2  9 
2  25 
1  94 274227034  
3 
2  26 
3 
1  6 298188082  
3 
3 
3 
2  6 
2  10 
3 
3 
1  1 88615976  
3 
3 
1  22 1720377033  
2  72 
2  60 
3 
1  9 1104219124  
2  6 
2  4 
2  1 
2  6 
3 
2  21 
2  4 
1  101 935335286  
2  4 
2  2 
3 
3 
3 
3 
1  77 1948617848  
3 
2  0 
2  55 
3 
2  57 
3 
2  5 
3 
1  1 1590285130  
1  93 600546130  
1  2 1315428048  
2  96 
3 
3 
1  101 1173882706  
2  2 
3 
2  0 
2  0 
2  22 
1  0 1357225370  
3 
1  0 995069476  
2  101 
1  2 763603470  
1  0 227889218  
2  29 
1  4 475281147  
1  70 267239188  
2  84 
2  70 
1  2 1659619170  
3 
1  2 1327761175  
3 
3 
3 
3 
1  0 1083631568  
2  9 
3 
2  76 
3 
1  43 1971975008  
2  0 
3 
1  35 1595549893  
2  4 
1  96 1614344839  
3 
3 
2  2 
1  1 880567912  
3 
3 
3 
2  74 
2  64 
3 
2  3 
3 
2  4 
1  1 1868146027  
2  4 
1  0 1348855087  
1  5 1251101499  
2  1 
1  3 182748586  
3 
2  1 
3 
1  68 757459945  
3 
1  34 1597178300  
2  51 
1  2 1243956063  
3 
3 
3 
2  6 
3 
2  79 
1  83 1031686979  
3 
1  50 1895366382  
3 
2  4 
2  47 
2  2 
2  66 
2  97 
2  10 
3 
3 
2  96 
1  98 1332572040  
1  1 604580365  
2  24 
3 
2  2 
3 
3 
2  29 
1  2 852101859  
2  2 
3 
2  67 
3 
2  93 
1  0 120423678  
1  0 405714565  
3 
1  5 294903341  
3 
2  6 
3 
3 
3 
3 
2  89 
3 
3 
1  3 720969808  
3 
1  0 1721142613  
2  5 
2  31 
3 
3 
3 
3 
1  4 1468786048  
2  4 
1  97 2078195179  
3 
2  1 
2  54 
2  22 
1  0 568728442  
1  2 84905870  
1  87 158600749  
3 
3 
2  9 
2  0 
3 
3 
3 
2  67 
1  39 1044009589  
3 
2  1 
2  20 
1  2 352145058  
2  93 
3 
1  4 1818219920  
1  0 224287116  
2  5 
3 
1  5 1435776627  
2  91 
2  46 
1  0 1642711280  
3 
3 
1  5 1819837010  
1  1 902637818  
2  54 
3 
1  2 375795545  
2  5 
1  70 1540499389  
2  68 
3 
1  49 104009257  
1  95 1626897044  
1  62 1723247976  
3 
2  7 
3 
3 
1  2 861469202  
1  2 1076591696  
3 
1  23 819720391  
3 
1  5 1893156182  
2  105 
2  35 
1  21 824474430  
1  10 4808783  
3 
3 
2  45 
3 
3 
1  49 350252899  
1  78 1676576289  
3 
2  55 
3 
3 
2  3 
3 
2  54 
3 
3 
1  75 125232462  
1  67 755967464  
1  6 1971479631  
3 
3 
3 
3 
1  44 846202270  
3 
1  8 329626429  
1  11 1292782031  
2  4 
3 
1  25 776913801  
3 
3 
1  23 898354871  
2  96 
1  114 1377687901  
3 
3 
1  9 935514551  
2  13 
3 
2  12 
1  0 1942364460  
3 
2  47 
1  10 1729832960  
3 
3 
1  11 606250823  
1  60 19167929  
2  14 
1  6 1018125939  
1  24 101478455  
1  108 1839004939  
3 
1  16 1920763757  
2  53 
2  35 
3 
1  15 477274000  
2  63 
1  50 1232020680  
1  85 2024773014  
3 
3 
1  104 2104171044  
3 
1  104 807785008  
1  72 738758568  
2  82 
3 
3 
3 
1  34 1033279092  
1  84 1627505400  
1  102 484431102  
1  97 1857753523  
3 
1  14 1632314183  
2  13 
3 
1  15 834684001  
2  6 
2  11 
3 
1  37 1386846164  
2  79 
1  18 1757546645  
3 
3 
3 
2  11 
2  99 
2  43 
1  7 1590651465  
3 
3 
1  106 1210842147  
3 
1  5 456265268  
3 
1  13 1920277895  
1  48 356140530  
1  86 1233179069  
2  49 
1  13 671149118  
3 
2  67 
3 
2  22 
2  7 
3 
3 
3 
2  5 
3 
1  18 1733828432  
1  107 21209972  
1  17 466029931  
1  42 1316177744  
2  21 
1  69 627460795  
1  99 485197860  
1  15 186820035  
1  75 728939251  
3 
2  95 
1  16 176719151  
3 
1  33 2107583792  
2  92 
3 
3 
2  13 
2  61 
3 
3 
2  34 
3 
1  10 1206213251  
1  10 1408739831  
1  16 1984873158  
2  33 
1  78 1162900648  
1  59 69041192  
1  13 576148078  
3 
2  51 
2  14 
2  16 
1  3 48696092  
1  54 1696546592  
2  100 
3 
2  12 
1  14 1060579181  
2  8 
3 
1  110 1906449615  
2  100 
3 
3 
2  116 
2  70 
1  6 1181377127  
3 
1  109 1895263182  
2  2 
3 
3 
1  109 1145812132  
1  16 791440125  
1  23 1338431000  
3 
3 
3 
3 
2  23 
1  37 209170631  
1  109 1247705393  
1  17 1111225247  
2  68 
3 
3 
1  61 565311162  
3 
2  20 
3 
3 
3 
3 
1  60 333400814  
1  16 1782374365  
3 
3 
2  92 
3 
2  110 
3 
1  76 151655946  
2  71 
2  24 
2  11 
3 
1  78 354610787  
3 
3 
3 
3 
1  58 100920648  
2  62 
1  104 1467833690  
3 
3 
1  20 982071582  
1  22 586118508  
2  31 
3 
2  41 
1  76 1654653725  
1  110 1711010833  
3 
1  11 762837659  
2  2 
3 
2  9 
1  29 1614753869  
2  15 
1  88 769740437  
3 
2  92 
1  20 24093843  
3 
1  34 1452143379  
2  108 
3 
1  15 1932641085  
1  24 93135035  
3 
3 
3 
1  45 2028291457  
2  64 
3 
3 
3 
1  58 1981337177  
1  62 1789681627  
2  10 
2  22 
2  17 
1  78 941386990  
3 
1  8 1740303145  
3 
3 
1  13 823575106  
2  101 
1  12 689166525  
3 
3 
2  78 
2  45 
3 
3 
2  114 
1  91 738631629  
3 
1  46 1615015231  
3 
3 
1  5 2027597525  
2  14 
3 
1  4 947802260  
2  39 
3 
3 
3 
3 
3 
1  90 715236976  
1  13 991339124  
2  33 
3 
1  128 1513113422  
1  26 1048637791  
1  81 626229841  
2  23 
2  27 
1  13 1664769368  
3 
3 
3 
3 
3 
2  111 
1  124 1403248578  
2  4 
2  9 
2  107 
1  92 727150490  
2  1 
3 
1  14 985119410  
3 
2  23 
3 
3 
1  0 237836512  
3 
1  21 1313268998  
1  5 492289487  
3 
1  4 1948847346  
1  11 2076106658  
3 
1  110 2107043356  
2  129 
3 
2  13 
3 
3 
1  84 571104135  
2  94 
2  20 
1  31 2100200501  
1  98 1411703087  
2  71 
1  4 356261572  
3 
3 
2  21 
3 
3 
2  117 
2  1 
3 
2  88 
2  53 
1  27 45851888  
1  52 1292510897  
1  109 190115101  
2  5 
1  6 1835533515  
3 
2  58 
1  25 86414239  
1  43 1930418246  
1  3 511624973  
1  44 775580764  
1  17 521566227  
3 
2  111 
3 
2  24 
3 
2  66 
3 
1  79 2126640205  
2  109 
3 
3 
3 
1  38 655694641  
1  23 1469368488  
3 
2  126 
3 
2  29 
3 
1  4 694393533  
2  40 
1  45 1647033765  
3 
1  44 834998262  
1  80 1743031324  
1  45 125779959  
1  22 352283983  
2  26 
2  94 
2  103 
3 
1  116 998796254  
2  5 
3 
3 
3 
3 
1  118 852930449  
3 
1  55 1337403393  
2  130 
2  0 
1  61 1236632767  
1  73 18715799  
2  27 
2  97 
2  97 
3 
2  24 
2  10 
1  95 1829692881  
3 
2  77 
3 
3 
2  119 
2  8 
2  5 
2  124 
1  71 1037996465  
3 
1  6 2094822457  
1  115 1789252589  
3 
2  47 
1  20 1609100600  
1  56 2047539310  
2  126 
3 
3 
1  14 1053472029  
2  83 
3 
3 
2  38 
2  14 
1  94 1965362172  
2  12 
3 
2  60 
2  10 
2  4 
1  111 2093391198  
1  36 198499278  
3 
1  5 7993625  
3 
2  105 
2  68 
1  45 1781441065  
1  24 284913517  
2  19 
3 
2  4 
3 
2  18 
2  103 
1  61 1938411872  
1  10 145582391  
3 
1  15 1060494282  
3 
3 
3 
2  7 
2  14 
2  12 
2  18 
1  103 312494451  
3 
1  97 124738948  
1  11 1716188923  
1  20 1781862939  
1  91 819132481  
3 
1  18 1215739041  
2  65 
1  43 469377554  
2  12 
2  14 
1  16 414680158  
3 
1  60 1341519000  
2  3 
2  113 
1  13 821661537  
1  15 1413476412  
1  94 46965801  
2  23 
2  14 
2  0 
3 
1  10 11581282  
2  1 
2  58 
3 
2  71 
2  3 
2  9 
2  105 
2  79 
2  17 
1  11 502625531  
3 
1  71 65681600  
1  110 1841274163  
2  77 
1  9 1540621996  
2  94 
3 
2  51 
1  10 13020410  
3 
1  97 1483043105  
1  7 1002238948  
1  0 2060559720  
2  75 
3 
3 
2  80 
1  44 389031486  
1  73 820117472  
2  6 
1  82 2006467271  
1  46 587530764  
1  10 828111098  
1  82 1640424688  
1  16 872444281  
3 
2  2 
1  17 619039322  
2  73 
2  12 
1  27 1786007079  
2  73 
3 
3 
1  14 1932938563  
2  20 
1  15 931533773  
2  11 
2  38 
2  11 
2  58 
1  63 1910746027  
3 
2  1 
1  33 1501643839  
2  58 
3 
3 
3 
3 
2  92 
3 
1  13 565913065  
3 
3 
2  0 
1  40 582394861  
2  8 
1  42 569899232  
3 
2  70 
1  19 1035290619  
1  108 997075019  
1  10 1911418232  
1  7 1856952156  
1  19 263067783  
2  17 
1  87 1958384033  
2  4 
2  43 
2  89 
3 
1  19 1868533438  
2  97 
3 
1  12 765693315  
3 
1  42 2024065633  
1  30 1562323954  
2  1 
2  59 
2  12 
3 
2  122 
3 
3 
2  0 
3 
1  18 158831663  
3 
2  90 
2  30 
3 
1  26 2037086043  
3 
2  69 
1  109 897883411  
1  14 1161070612  
1  14 1950162116  
3 
2  19 
2  9 
2  1 
1  56 1286914897  
2  13 
2  108 
3 
1  77 1981188084  
1  92 1809145739  
1  15 1874445661  
2  19 
1  8 661815534  
1  9 1302086779  
1  79 599406294  
3 
1  55 1280854856  
3 
3 
3 
3 
1  39 940610211  
2  1 
2  9 
3 
1  67 384861210  
1  18 64904982  
3 
2  24 
2  18 
3 
2  17 
2  51 
3 
2  5 
2  0 
3 
1  16 703872590  
1  74 1886505049  
2  85 
1  36 630818047  
2  0 
2  6 
2  35 
3 
1  75 1286267451  
2  3 
3 
3 
3 
3 
2  8 
3 
1  70 308920633  
3 
3 
1  22 1666108666  
3 
2  6 
3 
2  0 
2  38 
3 
2  14 
1  6 135858822  
2  50 
2  1 
3 
3 
3 
3 
1  5 72855217  
2  9 
3 
1  11 1375577174  
1  3 398926606  
1  1 2031239250  
1  81 1096626964  
3 
1  66 1164619921  
1  82 1907821235  
2  11 
3 
3 
3 
3 
1  104 511467270  
3 
1  55 1323451584  
3 
1  6 1797423631  
3 
1  3 1409350681  
3 
3 
3 
3 
1  116 337038548  
3 
3 
2  68 
1  13 1600102099  
2  0 
2  11 
1  5 548781930  
1  110 170742985  
3 
2  69 
3 
3 
3 
3 
1  19 1261764190  
1  65 275743943  
2  107 
3 
3 
2  22 
3 
1  56 832558519  
1  103 416367321  
2  80 
3 
2  6 
3 
3 
1  13 875150238  
3 
3 
1  1 2113413376  
2  86 
1  70 1356977532  
3 
3 
3 
1  44 1260011448  
1  0 30834710  
3 
2  79 
2  9 
1  8 2060850123  
2  36 
1  96 999032849  
1  75 661652757  
2  99 
3 
3 
1  30 1199633926  
2  79 
3 
3 
1  23 1307953482  
1  7 180277775  
1  15 1335492749  
2  12 
2  9 
1  9 1380808699  
3 
3 
2  15 
1  50 1555854949  
1  5 1734419355  
1  86 1264564301  
2  97 
3 
2  9 
3 
3 
3 
3 
2  10 
1  13 504998265  
2  4 
1  13 751555628  
3 
3 
3 
2  88 
3 
2  10 
2  52 
3 
3 
1  65 1024901888  
1  13 1016465536  
1  40 2075007212  
1  44 674841871  
3 
3 
2  115 
3 
1  52 278332569  
2  50 
2  71 
1  42 264562113  
3 
3 
2  91 
1  7 127460322  
3 
2  0 
1  42 827114500  
2  106 
3 
1  6 435305098  
3 
2  79 
2  16 
2  92 
2  50 
1  2 1389224512  
3 
3 
1  13 1102858443  
3 
2  6 
2  6 
1  3 1267863617  
2  14 
3 
2  2 
1  13 1805591834  
2  5 
3 
2  75 
1  44 1978008681  
1  112 1233793345  
1  77 1015085718  
3 
1  7 1090536481  
1  5 1264628055  
2  36 
1  57 928452193  
1  107 2089569330  
3 
1  73 1926280812  
1  15 2128086120  
3 
1  18 1250039164  
3 
1  1 2106558587  
2  102 
3 
3 
1  25 1316095221  
3 
1  6 483364215  
3 
1  26 1514929888  
2  1 
3 
2  2 
2  4 
2  14 
3 
2  86 
1  6 903030928  
2  77 
2  9 
1  17 1747928516  
2  7 
1  60 2019928154  
1  101 1654586556  
2  16 
3 
2  97 
2  60 
3 
3 
2  83 
3 
1  1 625346757  
1  15 888910042  
2  64 
2  19 
1  74 1582110120  
3 
1  82 1300188628  
1  7 1167242611  
1  13 1846672233  
3 
2  0 
2  6 
1  96 1427648951  
3 
3 
3 
1  7 1994357111  
2  13 
2  88 
1  2 134493683  
1  10 669389815  
2  15 
3 
3 
3 
3 
1  18 949731907  
3 
2  67 
2  8 
1  26 1402357301  
2  16 
2  7 
2  3 
1  75 327498001  
1  88 780256940  
1  113 488666998  
2  12 
1  85 1342583720  
2  39 
1  86 1870793422  
3 
2  11 
2  33 
2  101 
2  8 
3 
1  0 1753295054  
2  7 
2  46 
1  68 123552265  
3 
3 
3 
2  68 
1  114 1812879104  
1  9 1532092218  
1  53 104154737  
1  85 915434621  
2  2 
1  5 1491167158  
3 
2  27 
2  3 
3 
1  32 1420249958  
1  5 1398798836  
3 
1  51 858613398  
3 
2  8 
2  11 
2  72 
2  11 
1  1 175797238  
2  7 
1  0 999243705  
3 
2  81 
2  13 
1  100 731057904  
1  10 1830383794  
3 
2  3 
3 
1  5 1624590462  
1  2 1619967946  
1  0 1265010267  
3 
2  99 
2  64 
1  1 777295442  
3 
2  2 
3 
3 
1  1 639726910  
2  34 
1  28 964198852  
1  12 57460745  
2  102 
1  10 486600373  
1  9 1098692536  
3 
3 
2  63 
3 
2  64 
3 
1  21 726850561  
3 
2  0 
2  13 
3 
1  8 1436332280  
2  105 
2  32 
1  7 353566189  
1  99 1054348562  
1  5 69105573  
1  80 842233187  
1  106 249448634  
3 
3 
2  116 
1  119 1939898995  
3 
2  61 
2  11 
3 
1  99 448044593  
2  78 
2  9 
1  9 373000900  
3 
3 
3 
3 
1  12 1605294451  
3 
1  82 1980136812  
2  40 
3 
3 
1  10 477155637  
2  4 
2  3 
3 
1  60 373245424  
1  1 1323820322  
1  13 1897405596  
2  5 
1  87 1772044261  
2  16 
2  8 
2  53 
2  115 
2  30 
2  91 
1  55 34950072  
2  12 
3 
3 
1  118 2073202834  
3 
3 
3 
2  52 
1  81 623804318  
2  5 
3 
2  55 
1  2 766007977  
1  2 1756102981  
1  6 100911132  
3 
3 
3 
3 
3 
3 
2  7 
3 
2  60 
3 
2  70 
2  44 
3 
2  19 
3 
2  3 
2  2 
3 
3 
1  11 238492275  
2  83 
1  113 873629600  
2  17 
2  1 
1  7 878206574  
2  22 
1  90 878219185  
2  10 
3 
3 
3 
2  3 
2  110 
2  4 
2  56 
2  4 
2  77 
2  6 
2  11 
3 
2  10 
3 
2  99 
2  26 
1  1 1837828452  
2  81 
1  110 935667320  
3 
1  76 1364819559  
2  0 
1  20 789037340  
3 
1  0 1662517881  
1  38 653668191  
1  1 1142603529  
3 
2  88 
1  43 569382795  
1  11 722773764  
1  7 1984836717  
3 
2  35 
3 
1  1 818831430  
2  10 
1  4 515189111  
2  2 
3 
3 
3 
3 
3 
1  95 285397662  
1  2 1191832330  
3 
1  86 2120483563  
1  79 118050826  
3 
3 
2  6 
2  6 
3 
3 
3 
3 
2  85 
1  16 1668987967  
1  11 346245339  
2  27 
1  62 1441871148  
2  59 
3 
2  4 
1  11 1418909915  
3 
1  72 2118289600  
3 
1  92 1476821221  
1  5 1344629102  
3 
3 
1  13 594610270  
3 
1  3 95345550  
2  61 
1  55 953248435  
3 
3 
2  105 
2  85 
2  13 
2  97 
1  32 695521402  
1  36 333837825  
2  29 
3 
1  58 1826878035  
3 
1  2 1573727977  
2  7 
2  110 
3 
2  53 
1  32 1212057011  
1  39 1517222839  
1  54 361911649  
1  13 429392922  
1  5 158776532  
1  74 2024429530  
1  17 1083061113  
3 
2  32 
1  11 1301380061  
1  70 446328677  
1  59 1805834878  
2  87 
2  9 
1  0 1138733130  
2  29 
3 
1  114 1265160107  
3 
1  77 173540341  
1  109 1424130793  
3 
2  56 
2  62 
2  62 
1  4 309508789  
2  108 
1  7 146540256  
3 
1  92 1542181619  
3 
3 
2  43 
3 
3 
1  15 1978496757  
2  39 
3 
1  27 492785596  
1  1 836569120  
2  18 
1  2 1249923024  
1  19 463591548  
3 
2  123 
2  6 
3 
1  75 165906693  
3 
3 
3 
3 
2  6 
1  87 447068478  
3 
3 
3 
1  49 1058201819  
3 
2  26 
2  6 
2  79 
1  82 261252243  
3 
1  1 1400316913  
1  10 1753723221  
2  98 
3 
1  43 595090068  
2  106 
2  106 
3 
3 
3 
3 
1  109 1079711300  
2  97 
2  53 
3 
3 
2  107 
1  77 1179967550  
1  0 1807147079  
1  81 449450492  
3 
1  111 1541879199  
1  11 89056353  
3 
2  94 
2  65 
1  22 608227024  
2  5 
3 
2  5 
2  64 
2  20 
1  9 1418825081  
3 
3 
2  85 
3 
3 
1  77 1172117467  
2  11 
2  41 
2  4 
1  8 1909607085  
1  67 1865153759  
1  80 830468697  
3 
1  1 900856568  
2  17 
2  115 
3 
2  18 
2  22 
1  17 982830218  
3 
3 
3 
2  16 
3 
2  4 
1  114 1004009038  
1  93 177503713  
2  59 
1  61 1292339008  
2  12 
3 
1  11 1150549295  
2  5 
2  0 
3 
3 
3 
2  81 
3 
3 
3 
3 
3 
3 
3 
1  8 1719685332  
1  14 1123352117  
3 
2  98 
3 
1  3 1643334891  
1  11 408770804  
2  65 
1  0 225791493  
3 
2  16 
1  7 2106926439  
3 
3 
2  104 
1  22 574677497  
1  106 672859972  
1  4 1017644610  
1  24 835929740  
2  1 
1  40 2073176885  
3 
1  116 623884184  
3 
2  18 
1  54 1431019809  
1  84 1005404538  
1  68 1803851734  
3 
2  33 
3 
3 
2  81 
1  23 1090683240  
1  46 1454855030  
3 
2  29 
1  46 1198247286  
1  49 1179739594  
3 
1  24 2063082054  
3 
2  26 
2  2 
1  21 469588719  
3 
3 
2  18 
3 
3 
2  21 
3 
3 
3 
3 
3 
1  123 204373413  
2  4 
1  11 1825205491  
1  18 187258830  
1  106 1034842110  
3 
2  37 
2  0 
1  104 578578411  
2  95 
2  8 
1  87 1170089049  
3 
2  17 
1  114 2038851148  
3 
1  0 756082124  
3 
3 
2  20 
3 
3 
3 
2  77 
3 
1  116 314944409  
3 
3 
3 
2  42 
2  99 
3 
1  18 1041916795  
1  6 328283809  
3 
2  12 
1  57 1438296526  
2  8 
2  9 
1  61 537768038  
1  29 737054613  
1  55 1664088019  
2  10 
3 
1  18 497210830  
1  5 1311732111  
2  18 
2  9 
1  7 189464343  
1  44 1514855440  
3 
3 
1  82 178203  
3 
3 
1  43 115157581  
2  118 
3 
3 
1  113 2138739624  
3 
1  59 1431198012  
1  16 1120562119  
2  42 
1  43 1795107711  
1  70 374397605  
3 
3 
1  21 427933501  
3 
2  9 
3 
1  3 845871349  
2  11 
2  5 
3 
1  92 1554137199  
2  20 
1  19 343531907  
1  2 1315460068  
3 
3 
3 
1  9 1758510612  
1  122 21253750  
1  16 1502718899  
3 
2  33 
3 
3 
2  6 
2  15 
3 
3 
1  16 645869074  
3 
2  114 
2  22 
2  11 
1  63 599832162  
2  59 
2  3 
2  71 
1  4 525324300  
2  50 
1  1 537236574  
2  82 
2  20 
1  65 1355914286  
3 
1  67 840268709  
3 
1  103 1579153370  
3 
2  4 
2  17 
3 
2  15 
1  15 1684198095  
2  12 
3 
2  81 
2  16 
3 
2  2 
1  12 131081587  
3 
1  3 2116921408  
1  32 273769061  
1  17 1795169606  
3 
1  1 466648590  
1  31 1585501172  
2  3 
3 
3 
2  44 
3 
3 
1  13 1984633950  
1  1 1981504031  
1  1 1585679375  
2  14 
1  16 2099791531  
3 
2  13 
2  5 
2  4 
3 
2  12 
1  40 1972760007  
2  11 
3 
3 
3 
1  13 869393740  
2  11 
3 
2  47 
3 
2  11 
2  12 
1  8 1072870002  
3 
1  3 1620384070  
1  65 1243791345  
1  3 1500803503  
1  12 318771771  
2  53 
1  82 650444896  
2  55 
2  8 
3 
2  114 
2  116 
2  7 
2  56 
2  2 
1  15 1844335410  
2  1 
3 
2  3 
3 
1  1 1634231840  
1  2 261471860  
3 
1  25 1865589160  
2  5 
2  10 
3 
1  14 989467091  
2  13 
3 
1  13 907340934  
1  4 317937674  
3 
1  28 1514791391  
3 
1  17 1444577508  
1  55 1673851961  
2  45 
1  108 207576452  
3 
2  12 
1  61 876247230  
2  61 
1  3 1210566408  
2  7 
3 
2  33 
2  15 
3 
3 
1  8 338658039  
1  36 845684991  
2  86 
3 
1  17 1484335469  
1  11 2133827645  
2  12 
2  9 
3 
1  28 1312333581  
1  45 922352993  
2  8 
1  15 1970977947  
2  1 
1  13 1146353964  
3 
1  6 360548721  
1  86 1923285830  
1  107 971630324  
3 
1  107 1229942461  
1  10 848672184  
1  107 444530746  
1  11 326250158  
3 
1  5 201992039  
1  58 763302518  
2  50 
1  104 976695054  
2  5 
3 
3 
1  22 2046327449  
1  18 250050710  
2  75 
2  22 
3 
1  11 1238166914  
3 
3 
3 
3 
3 
3 
2  23 
2  60 
3 
2  8 
1  20 1764432962  
1  5 1239517801  
1  76 2145507848  
3 
3 
2  13 
1  5 2082370636  
1  23 606825544  
2  39 
2  2 
1  113 1442601708  
3 
1  76 1608738949  
1  6 814401996  
3 
1  93 171365291  
2  61 
3 
2  23 
2  11 
1  3 671821710  
1  65 1153060035  
3 
3 
1  5 1017050282  
2  57 
3 
2  53 
1  13 8673531  
2  40 
2  96 
2  42 
3 
3 
1  11 1139404032  
2  101 
1  47 181900215  
1  98 931026525  
1  5 962898332  
2  0 
2  16 
1  8 1328254180  
2  9 
3 
3 
2  16 
1  15 1291575246  
3 
2  21 
3 
3 
3 
3 
2  110 
3 
1  83 738700514  
3 
1  41 152400856  
3 
3 
3 
1  48 374034059  
2  16 
2  42 
1  95 1587372699  
2  66 
3 
3 
2  30 
3 
1  5 596931602  
3 
1  4 700284217  
1  22 1789364738  
2  104 
1  18 1360234120  
1  116 1676979271  
1  5 1688208540  
2  18 
3 
3 
1  41 1610284830  
2  91 
1  77 767662537  
2  62 
1  8 1305157854  
1  103 702318983  
1  47 765686737  
3 
2  68 
3 
3 
2  12 
3 
3 
2  122 
2  38 
3 
3 
1  2 1240044842  
2  39 
2  121 
1  28 1309144527  
1  92 60804797  
2  109 
2  48 
1  19 701300144  
1  98 2123546523  
2  29 
2  118 
3 
1  78 232170088  
3 
1  63 1373121854  
1  19 1129122910  
2  26 
1  8 1249220370  
3 
1  4 1381795385  
3 
1  30 121043295  
1  10 1431120586  
2  63 
3 
2  7 
3 
1  113 165338262  
2  1 
2  65 
1  0 1083941627  
1  121 611891118  
3 
2  120 
3 
3 
1  125 1456913508  
2  33 
3 
2  24 
2  14 
1  16 1822642141  
1  24 764291974  
3 
2  64 
3 
3 
3 
2  103 
1  10 1830947567  
1  59 1262531192  
2  20 
2  11 
2  20 
1  31 1361223576  
2  70 
2  11 
1  22 383748136  
3 
1  0 904412283  
2  20 
1  121 573974049  
3 
2  58 
1  16 2060727407  
1  106 445137175  
3 
2  91 
3 
3 
2  24 
1  108 36775231  
1  87 680906296  
2  119 
1  5 1750295029  
2  62 
2  38 
2  70 
3 
3 
1  17 739094215  
1  85 1446593033  
1  21 842856223  
1  112 2048238742  
3 
3 
1  106 1507397831  
3 
3 
1  18 1544156367  
2  55 
3 
3 
1  104 2024301618  
1  24 1739567919  
2  24 
3 
3 
3 
3 
1  1 769794573  
2  99 
3 
2  16 
3 
1  62 1005940880  
1  33 841304642  
1  107 4106311  
3 
2  19 
2  78 
2  73 
1  7 1126984175  
2  1 
1  106 124941580  
3 
2  128 
3 
3 
3 
3 
2  5 
3 
2  74 
1  52 169444573  
2  0 
2  107 
3 
2  98 
2  9 
2  123 
3 
3 
3 
3 
2  29 
1  39 63442154  
3 
1  63 736832698  
1  93 1626358082  
2  74 
3 
2  17 
3 
1  24 1886084296  
1  72 1501124672  
1  8 1309822001  
2  26 
3 
1  127 1001131840  
2  28 
2  122 
3 
3 
1  23 714864600  
3 
1  1 1693570138  
3 
2  21 
2  53 
2  94 
1  3 1905544123  
1  3 1288838649  
1  1 1606813897  
1  125 203197650  
3 
2  115 
1  20 1325613881  
1  18 140236546  
2  24 
3 
2  16 
2  27 
2  27 
3 
1  108 1953492679  
3 
1  10 2064708096  
2  6 
2  69 
2  21 
3 
3 
1  40 1586829579  
1  11 648865255  
2  35 
2  6 
2  91 
2  34 
3 
1  102 1965463190  
2  82 
3 
1  7 946743762  
2  106 
3 
3 
1  22 45537974  
3 
2  9 
3 
3 
1  112 1842281160  
2  79 
2  18 
2  19 
1  11 538828034  
1  52 815332548  
1  28 700738393  
3 
1  4 1380132676  
3 
2  2 
2  46 
2  23 
2  88 
3 
3 
1  35 819438859  
1  41 1827722568  
2  41 
1  4 1505074256  
2  69 
2  23 
3 
2  74 
2  27 
1  7 988883432  
3 
3 
3 
3 
1  20 1891164723  
3 
1  62 94423306  
2  1 
2  74 
2  25 
1  25 467757866  
2  12 
3 
3 
1  99 1629765371  
2  62 
1  14 1595547978  
1  10 1777579868  
3 
2  20 
3 
3 
1  17 483413563  
2  124 
1  16 162928930  
3 
3 
2  130 
2  33 
2  112 
2  111 
1  4 1323666358  
2  32 
2  22 
1  87 241474039  
2  61 
3 
1  83 1451767580  
3 
1  116 782996607  
2  60 
3 
3 
3 
2  19 
3 
1  124 444671689  
2  53 
2  25 
3 
1  57 629897813  
2  121 
3 
1  98 923233153  
1  85 250680721  
3 
2  40 
3 
2  22 
2  19 
2  20 
2  34 
3 
2  6 
2  18 
2  14 
3 
1  72 547122261  
2  60 
1  14 362579085  
3 
3 
1  21 899545976  
1  117 365101803  
3 
1  61 1309322847  
2  15 
2  41 
2  7 
3 
2  18 
3 
1  14 945083950  
3 
1  48 59899316  
1  9 1848150881  
2  0 
3 
1  12 1760416498  
3 
1  14 760637709  
2  15 
2  104 
3 
3 
3 
2  13 
2  1 
1  71 1080799909  
2  6 
2  57 
2  15 
3 
1  56 432371709  
2  5 
1  109 440876629  
2  7 
1  114 438390517  
2  12 
3 
3 
2  67 
3 
3 
2  11 
2  8 
1  51 1421255142  
1  43 184557704  
1  74 532813823  
2  12 
3 
1  5 1889013008  
1  26 1814323075  
3 
1  6 2128361801  
3 
3 
2  11 
3 
2  45 
3 
2  56 
2  10 
2  8 
1  0 1519109228  
2  13 
1  11 150252991  
1  2 143807084  
3 
1  0 695291938  
3 
3 
3 
1  27 391727030  
1  2 1595574664  
2  8 
3 
3 
2  9 
2  1 
2  6 
1  96 1478288546  
3 
3 
1  27 836398719  
1  9 77988829  
3 
1  21 254038051  
3 
2  114 
1  7 1087079440  
3 
2  14 
3 
1  114 625111090  
2  56 
2  88 
1  12 616617136  
2  81 
1  11 1986625416  
2  63 
2  111 
2  61 
1  4 990212893  
3 
2  13 
1  6 1925939984  
3 
3 
1  15 784225719  
1  83 1050112209  
3 
1  1 1626607217  
3 
1  12 397158569  
1  15 1810749918  
3 
3 
3 
1  0 559923479  
1  26 829530279  
1  105 104142900  
1  6 998313996  
3 
1  18 103301773  
3 
1  16 288700604  
2  113 
3 
2  2 
2  14 
3 
3 
1  95 1531127820  
3 
3 
1  114 1992314781  
3 
2  86 
2  113 
3 
2  54 
3 
2  102 
2  16 
2  13 
1  0 2103023680  
2  46 
3 
1  3 1512005973  
2  38 
3 
3 
2  60 
1  88 1363940362  
2  62 
1  89 105793023  
3 
3 
2  30 
2  1 
3 
3 
3 
3 
3 
1  16 1655813057  
1  18 2059232300  
2  118 
2  20 
2  35 
3 
3 
1  17 497520053  
3 
1  15 1103904073  
1  6 1390037198  
2  10 
3 
1  70 1333918772  
3 
1  52 1181892902  
1  12 1644075250  
1  89 273514565  
3 
3 
1  22 1807003992  
3 
2  0 
1  51 113208738  
1  7 112656333  
1  17 649733238  
1  16 2039148722  
3 
1  20 896882052  
1  110 1699845447  
2  50 
3 
3 
1  13 1518272292  
1  13 1294040622  
3 
1  50 1363111718  
2  53 
1  24 2078195771  
3 
3 
1  118 2123570901  
2  7 
2  103 
3 
2  73 
2  37 
1  72 1467254618  
2  27 
2  128 
1  22 929026119  
2  88 
3 
2  90 
3 
3 
1  123 79389026  
1  20 1755955222  
3 
2  19 
2  98 
3 
1  1 312670291  
3 
2  20 
1  110 2071703807  
3 
1  93 1711495254  
3 
2  21 
2  112 
2  95 
1  5 1824676265  
3 
3 
3 
1  27 1288160521  
1  31 1817288277  
3 
3 
3 
3 
2  0 
3 
1  119 1333005674  
2  77 
1  3 1199909174  
2  52 
3 
2  5 
2  12 
2  70 
1  29 167324682  
1  117 289426100  
2  123 
2  120 
2  2 
3 
2  118 
3 
2  22 
1  22 442462724  
2  3 
3 
2  14 
3 
3 
1  15 1501243455  
1  70 1471319002  
3 
2  19 
3 
2  47 
2  66 
3 
1  2 2086537974  
2  64 
1  38 1774758020  
1  28 1130839347  
3 
3 
3 
1  71 52263065  
2  3 
1  99 1887414353  
3 
2  124 
3 
2  103 
3 
3 
3 
2  48 
2  100 
3 
1  21 1780572585  
3 
3 
2  6 
3 
1  22 2091411787  
3 
3 
3 
1  70 636812758  
3 
2  2 
2  66 
3 
3 
3 
3 
3 
1  13 1332934384  
1  82 1462200431  
3 
2  69 
1  17 1930853380  
2  9 
2  16 
2  76 
2  52 
1  5 548562454  
1  22 1392912554  
3 
3 
2  32 
1  19 1906940633  
3 
3 
3 
1  22 2015817072  
3 
2  111 
1  129 174455026  
2  19 
3 
3 
3 
1  106 1986329659  
2  113 
2  25 
3 
1  127 1624288647  
3 
1  18 487125317  
3 
2  11 
3 
1  51 1910549818  
3 
3 
2  94 
3 
1  21 1188300253  
2  18 
1  0 164317934  
2  70 
2  27 
1  16 1051226692  
1  50 858104883  
1  103 1497323609  
3 
3 
2  19 
2  94 
1  84 103652218  
2  49 
2  19 
2  124 
3 
3 
1  129 1025429565  
1  80 1786749709  
2  11 
1  91 546114942  
3 
2  66 
3 
1  15 379189372  
3 
2  118 
3 
1  84 1110585063  
2  131 
3 
2  93 
3 
2  49 
3 
3 
1  26 485169269  
3 
2  83 
2  28 
2  8 
3 
1  2 6463744  
2  130 
3 
3 
3 
3 
3 
2  62 
2  48 
2  19 
2  103 
2  97 
1  29 93940762  
3 
3 
3 
1  30 537432334  
2  52 
3 
2  13 
2  94 
1  60 1893878098  
1  2 1874513347  
2  131 
1  25 481360473  
2  118 
1  70 383207208  
3 
3 
3 
1  83 1059964084  
1  65 1943560905  
3 
3 
1  54 166576940  
2  79 
2  103 
2  89 
1  66 1608526538  
3 
1  24 1188989811  
1  14 2073517573  
2  21 
3 
2  25 
2  78 
2  46 
1  32 1476859963  
1  109 1363444837  
1  128 1912363584  
1  68 953664962  
2  86 
2  5 
2  40 
1  35 1850570155  
3 
1  95 1675429754  
2  30 
2  83 
3 
2  18 
1  68 2141965215  
2  127 
1  35 2014888089  
3 
3 
2  111 
1  46 579172798  
3 
2  28 
1  69 852586450  
3 
3 
3 
3 
2  14 
3 
1  20 1364728050  
3 
2  24 
1  2 682825016  
1  115 1878016016  
2  47 
2  10 
3 
1  24 1003994111  
3 
2  47 
3 
1  123 1228939959  
3 
1  129 109721740  
2  130 
2  2 
3 
3 
3 
1  17 2114579175  
3 
1  7 1714109228  
3 
3 
1  77 116185485  
1  93 61036289  
2  113 
2  83 
1  41 104057914  
3 
1  3 2010063583  
2  15 
2  69 
2  28 
3 
1  19 1935549637  
1  24 585418387  
1  1 245787143  
3 
2  14 
1  35 848030073  
1  105 381495644  
2  88 
3 
1  14 412364083  
2  13 
3 
3 
1  57 309072963  
2  22 
1  115 1570485456  
1  16 338398008  
2  88 
3 
1  56 1785932926  
2  7 
2  35 
3 
2  22 
1  13 786446645  
2  14 
1  105 103277944  
3 
2  129 
1  11 592114240  
3 
2  14 
3 
1  3 489533152  
1  35 1778707698  
1  95 586595808  
2  5 
2  30 
3 
3 
1  96 356937594  
2  48 
1  22 210396849  
3 
2  90 
1  103 1439182258  
3 
1  53 1721665644  
2  44 
1  3 893221865  
2  132 
3 
3 
2  8 
1  74 1169714626  
3 
3 
3 
3 
2  3 
3 
2  88 
1  57 578176108  
2  72 
1  2 2122161824  
3 
1  15 1279436367  
1  128 545271635  
2  101 
3 
2  88 
3 
1  3 1688787404  
2  2 
3 
1  3 1395621852  
2  127 
3 
2  101 
2  130 
3 
2  2 
3 
2  15 
1  17 606307924  
3 
1  90 1792845318  
1  9 1258201787  
3 
2  9 
1  49 394373913  
3 
1  10 230780058  
3 
1  133 1503988930  
2  108 
2  20 
2  68 
3 
3 
2  19 
1  75 1242403986  
1  0 612275702  
2  30 
2  34 
2  98 
2  46 
1  18 1916353013  
2  5 
2  4 
3 
2  6 
2  75 
2  120 
1  63 1551476950  
1  61 35277510  
3 
3 
3 
3 
1  61 107267373  
1  8 1189926228  
3 
2  5 
1  65 821724156  
2  13 
3 
3 
3 
3 
2  100 
1  71 210545317  
2  3 
3 
3 
3 
1  33 1782040469  
1  15 1311257308  
1  9 1989253015  
1  14 221152629  
2  86 
1  19 1668194902  
1  49 52166216  
2  27 
2  52 
1  101 1660334887  
3 
1  12 1242376899  
2  64 
1  26 945388082  
3 
3 
3 
1  56 682565866  
2  30 
3 
2  56 
2  23 
3 
1  40 1820553007  
2  12 
3 
1  43 920066258  
1  24 1962002233  
1  109 218340994  
1  22 461370015  
3 
1  41 1210140437  
3 
1  38 824648918  
1  91 106731685  
1  90 320858576  
3 
3 
1  89 1219022832  
1  121 337511743  
3 
2  117 
2  13 
2  19 
2  1 
2  22 
2  40 
1  111 1824847506  
2  2 
1  8 313943170  
2  97 
1  54 949787446  
2  89 
1  64 1593716871  
1  2 1865420120  
1  27 985064956  
2  84 
3 
3 
2  12 
2  12 
2  84 
3 
1  22 1700984244  
1  0 907862701  
1  15 1806789112  
1  65 1911529561  
1  34 542419522  
1  97 970562773  
1  59 1753298928  
1  27 763572151  
1  4 491274027  
1  46 1805465145  
3 
2  97 
1  125 276423390  
2  29 
1  23 1733650926  
3 
3 
1  90 603369579  
2  100 
1  54 958989256  
2  3 
2  20 
1  1 1406720285  
3 
2  110 
2  16 
3 
1  68 1523435837  
3 
3 
1  2 773507841  
3 
1  12 1625061279  
3 
1  64 1984805852  
3 
3 
3 
1  27 1983648278  
1  112 302226550  
3 
2  10 
1  24 2091537538  
2  105 
1  36 157023206  
2  34 
2  56 
3 
2  6 
1  14 1521249382  
3 
2  20 
1  106 281565633  
2  118 
1  6 1981870712  
3 
2  7 
3 
3 
3 
1  6 1835192552  
3 
3 
1  51 1231353079  
1  96 1428103935  
2  65 
3 
2  18 
3 
3 
3 
2  17 
1  2 1553129025  
1  15 68934388  
2  93 
2  120 
3 
1  32 981604531  
1  127 313508078  
1  9 1875723500  
1  104 745650444  
2  27 
3 
2  57 
1  44 855927600  
1  27 698802625  
1  96 351465725  
1  122 1619499751  
1  122 1190076653  
3 
3 
2  16 
2  18 
3 
1  25 9447222  
1  51 1895923141  
3 
2  8 
3 
1  69 776243931  
1  23 612816801  
3 
3 
3 
1  7 707428750  
2  16 
1  29 35480569  
2  120 
1  32 2136252638  
2  18 
2  10 
2  76 
1  61 1480936591  
1  12 1660541848  
2  1 
1  93 1973574843  
1  17 1317101222  
3 
3 
3 
2  33 
1  4 1962768398  
1  122 1917628733  
1  30 1474124428  
2  9 
3 
2  12 
1  16 1336534132  
2  25 
1  27 51710718  
2  33 
2  19 
2  39 
3 
2  84 
3 
2  35 
1  117 1308511493  
3 
2  62 
3 
2  94 
1  23 1024243037  
1  59 1283063798  
2  9 
1  20 589131780  
3 
1  86 429888414  
3 
3 
1  5 1351998186  
3 
2  4 
2  73 
2  28 
2  17 
1  65 1570736312  
2  95 
2  61 
3 
1  24 743396492  
1  101 1080238038  
2  0 
1  87 168903108  
1  70 1599324092  
2  7 
1  72 1779040664  
3 
3 
3 
1  80 520368833  
2  7 
2  115 
3 
1  39 1071340195  
3 
3 
3 
2  22 
1  19 821633669  
3 
3 
1  130 529816055  
2  37 
1  0 819779688  
2  7 
2  20 
2  29 
1  14 1597877600  
1  124 1142632856  
1  14 1527208438  
2  75 
1  109 1633358169  
1  21 1131401847  
3 
2  6 
1  116 860661382  
3 
1  105 1146416370  
3 
3 
3 
2  48 
2  24 
3 
3 
2  4 
1  8 957493042  
3 
3 
3 
1  120 30278956  
3 
2  105 
1  70 961701120  
1  32 727638127  
1  101 1504403384  
1  87 150751605  
3 
1  123 779348845  
2  8 
2  17 
1  52 665431229  
1  112 1174994642  
2  29 
2  102 
2  19 
3 
2  20 
3 
2  7 
1  90 2062412643  
3 
3 
2  7 
3 
1  34 1254563010  
1  114 1604883056  
3 
2  61 
3 
2  12 
1  3 1266927181  
3 
3 
1  121 677815674  
2  0 
2  75 
1  11 200795900  
2  5 
3 
1  69 199681572  
2  26 
1  18 846718782  
3 
2  96 
2  53 
3 
3 
3 
2  39 
2  1 
3 
1  0 1800119992  
3 
3 
3 
1  8 1978722236  
2  80 
1  101 1367087616  
3 
2  80 
1  7 723976539  
3 
3 
2  105 
1  57 652872257  
2  50 
1  121 1896903671  
2  25 
3 
2  56 
1  54 1543756227  
1  58 103266209  
2  16 
1  77 892052880  
3 
3 
3 
2  45 
2  119 
1  21 923481018  
2  12 
2  4 
1  98 1736624379  
1  11 2023454727  
1  104 1784142400  
3 
3 
3 
1  16 735557101  
2  15 
3 
1  114 833464121  
3 
1  91 1814421356  
3 
2  19 
2  18 
2  52 
1  32 1697258221  
1  7 1561102248  
1  89 1171341092  
1  23 1848009826  
3 
2  44 
1  40 192967445  
1  11 1836772322  
2  117 
3 
1  40 875520820  
2  9 
1  111 107896441  
1  19 943851684  
2  4 
3 
2  9 
3 
3 
3 
2  16 
1  110 332920228  
3 
3 
3 
1  6 1374823622  
1  8 1621667358  
3 
2  91 
1  62 533716128  
3 
2  76 
2  35 
2  95 
3 
1  95 1574505194  
3 
1  19 320902492  
2  10 
2  8 
1  106 186352472  
3 
2  13 
3 
2  28 
2  69 
1  104 1405743782  
3 
1  15 1687990108  
3 
3 
1  41 910329011  
1  119 2058616039  
2  10 
2  67 
2  20 
3 
3 
1  5 1437410132  
2  11 
1  7 306601591  
1  20 14398601  
1  11 181979364  
1  20 1230082609  
1  78 1751022980  
3 
3 
3 
2  18 
2  73 
1  59 57950443  
3 
1  67 866741361  
1  1 339096433  
2  90 
3 
2  21 
1  116 891414564  
3 
1  13 533679069  
3 
1  1 2036354654  
3 
1  90 305033164  
3 
2  103 
3 
3 
2  6 
2  13 
1  90 1705020161  
2  49 
3 
2  14 
3 
1  22 1736880833  
2  111 
3 
2  4 
1  42 498000609  
1  21 1394308835  
2  61 
1  13 464918005  
2  0 
3 
3 
1  13 605897050  
2  100 
2  4 
3 
2  5 
1  61 190676871  
3 
2  68 
3 
1  103 797838234  
3 
2  75 
3 
2  9 
1  14 1980720673  
1  13 1812344229  
2  32 
3 
2  107 
1  96 1331554362  
1  67 1407742219  
2  61 
3 
3 
1  80 2133246722  
2  14 
2  52 
1  7 1517906835  
3 
3 
2  3 
2  2 
3 
1  2 666002354  
3 
1  34 1673753182  
1  64 280752198  
1  12 577134745  
3 
3 
3 
1  109 963679666  
2  7 
2  0 
3 
2  75 
1  5 587353789  
2  67 
2  54 
2  2 
2  1 
1  20 591533346  
2  3 
2  67 
3 
2  80 
2  74 
3 
3 
2  36 
1  112 1145659030  
3 
1  31 1817436398  
1  49 195072678  
2  87 
2  95 
2  105 
3 
1  9 1203609473  
3 
3 
1  71 536694111  
3 
1  16 534169111  
1  34 2095024037  
3 
2  80 
3 
3 
1  17 1070373180  
1  23 423040118  
3 
1  11 252573553  
1  10 627909694  
3 
1  13 12437303  
1  124 750574163  
2  108 
3 
1  25 2022218529  
3 
3 
1  69 477355308  
2  86 
3 
3 
1  14 1356471213  
2  24 
3 
3 
1  21 65411753  
2  121 
2  25 
3 
1  128 1275193542  
1  35 1189708238  
1  86 1877755982  
1  56 459264257  
3 
1  44 449966810  
3 
1  18 1863519056  
2  74 
1  29 1977171092  
2  69 
3 
1  97 1115969164  
2  12 
2  52 
1  67 1389788591  
1  0 110439642  
2  20 
2  25 
3 
3 
2  63 
1  11 1693103909  
3 
3 
3 
2  57 
2  17 
2  5 
3 
3 
2  77 
1  98 205984609  
3 
2  23 
3 
2  42 
3 
2  121 
2  46 
1  7 697793432  
1  20 137153608  
2  99 
1  7 1351643640  
2  16 
2  3 
2  28 
2  8 
3 
2  20 
2  50 
3 
3 
1  7 367746182  
2  14 
1  23 332226286  
2  22 
3 
3 
3 
1  9 407769465  
2  109 
1  58 904440294  
3 
2  2 
3 
1  52 866395398  
2  75 
2  10 
1  65 355309855  
2  13 
2  116 
2  27 
1  36 1974813474  
2  19 
2  21 
2  5 
3 
3 
2  8 
2  80 
3 
2  67 
2  52 
1  18 1289435516  
1  58 607883408  
1  100 455239520  
3 
2  2 
2  102 
3 
2  116 
3 
3 
3 
2  52 
1  70 1301872819  
1  114 1358457571  
3 
1  57 329974402  
3 
3 
1  46 1779228127  
3 
1  0 567445137  
2  31 
1  75 395386155  
3 
3 
3 
2  96 
1  15 906938022  
1  55 1757153375  
2  13 
1  55 125658489  
3 
2  16 
3 
1  80 1366202279  
1  0 59636537  
3 
2  6 
2  22 
2  100 
3 
1  8 1989177546  
3 
2  2 
1  9 1195889723  
1  92 1175605701  
2  3 
1  24 1231482489  
1  93 1306329365  
1  10 721225963  
2  54 
1  89 1437467098  
2  6 
3 
2  1 
1  4 2004122797  
1  0 858379571  
1  78 641627090  
3 
2  8 
3 
2  17 
2  81 
1  69 224385332  
3 
2  91 
2  99 
2  24 
3 
1  10 1190605857  
2  3 
2  3 
2  0 
1  12 1049396556  
1  4 1128825626  
1  17 2057001255  
3 
1  118 1404706411  
3 
3 
2  9 
3 
3 
2  9 
2  12 
3 
2  12 
1  3 956155452  
2  16 
2  3 
1  5 1198953123  
2  74 
1  15 2012589819  
2  7 
2  116 
1  23 1411394973  
3 
3 
3 
3 
3 
2  54 
1  3 353342294  
3 
3 
2  52 
2  24 
1  14 1223563743  
3 
1  2 1741369375  
1  0 2132570422  
3 
3 
3 
1  98 1791008880  
3 
1  17 2136755530  
2  32 
1  120 892024796  
1  46 1400678607  
2  59 
2  14 
3 
1  6 114930371  
2  7 
3 
2  0 
3 
1  14 110743427  
3 
2  110 
1  16 1460315145  
1  63 2104107917  
2  83 
2  10 
2  105 
2  61 
2  3 
3 
3 
1  13 1306633150  
3 
1  13 488437198  
1  1 1188106758  
1  7 465478867  
2  123 
2  29 
3 
2  118 
2  44 
1  123 1209663161  
3 
3 
2  49 
1  58 478090209  
2  3 
3 
1  121 322118017  
2  10 
1  59 2068042732  
1  3 1119717299  
1  58 546503349  
1  110 1111164942  
1  0 21630207  
3 
2  87 
3 
2  12 
1  10 1675328975  
3 
2  56 
3 
2  37 
3 
1  83 1020682549  
1  117 1426336618  
3 
2  33 
2  4 
2  58 
1  6 484000779  
1  103 72152025  
3 
2  107 
1  111 1291442790  
1  8 1895395752  
3 
2  66 
1  13 425494319  
1  16 367522885  
1  107 1489281479  
3 
3 
1  18 410581093  
1  1 11048117  
3 
2  13 
1  45 1478553361  
2  8 
1  116 1302605889  
1  72 1411726724  
2  19 
1  24 1593483733  
2  111 
3 
3 
2  25 
1  0 1413349316  
2  82 
1  97 724558221  
2  19 
2  101 
2  4 
1  113 1550108002  
1  61 572498818  
3 
1  13 1212995420  
1  108 590731113  
3 
1  21 1037977686  
1  62 275174933  
1  81 1068821322  
3 
3 
2  19 
1  106 1360095703  
1  122 195734018  
1  24 41054973  
2  125 
3 
2  49 
3 
2  4 
1  18 1906599052  
1  5 1306898960  
2  16 
1  17 62685181  
1  79 1434444379  
2  8 
1  4 180097861  
1  10 1489021799  
2  35 
2  117 
2  75 
2  21 
3 
3 
2  24 
1  39 1918445158  
3 
1  79 252249886  
1  103 632980941  
3 
2  10 
3 
3 
2  3 
1  78 1666357263  
2  89 
2  78 
1  12 677744206  
1  48 1000503826  
3 
1  7 1008155094  
3 
3 
3 
2  18 
1  1 1088325299  
1  93 1011551943  
3 
2  39 
2  25 
1  12 339224808  
2  121 
1  25 243447541  
1  78 275795020  
2  7 
3 
3 
1  32 1932708541  
2  47 
2  0 
1  8 1656796857  
1  116 1000353241  
3 
1  36 1335332895  
1  3 81812028  
1  127 65865013  
2  13 
2  22 
3 
2  14 
1  96 1926064008  
2  116 
2  118 
2  0 
2  15 
1  67 1119789714  
3 
2  0 
3 
2  101 
1  14 341039947  
2  85 
3 
3 
3 
1  25 847401682  
3 
1  13 332401769  
2  11 
1  15 536773965  
1  27 888456656  
2  7 
1  2 91517173  
3 
3 
3 
1  14 1843672925  
1  0 951141837  
1  112 1525961552  
1  59 2023770786  
3 
2  19 
3 
2  65 
2  58 
3 
1  12 292679988  
2  20 
1  106 1296923062  
1  118 128537025  
3 
2  92 
1  26 925660930  
2  120 
1  12 815796677  
1  13 806281231  
2  82 
1  86 1926164756  
1  5 1823951772  
1  19 1894606530  
2  27 
1  62 790233052  
2  19 
1  84 15692932  
2  125 
2  46 
2  23 
1  7 2138054071  
2  19 
2  16 
1  70 1066028072  
1  2 1948401473  
2  26 
2  8 
3 
2  79 
2  90 
2  7 
3 
2  2 
1  98 1647367281  
1  6 2066381313  
1  40 1136250720  
2  11 
2  62 
1  6 1729179309  
2  1 
3 
2  16 
3 
1  9 2132246327  
1  18 914831081  
2  38 
3 
1  15 701485375  
1  15 325802626  
3 
3 
1  10 1762232763  
3 
3 
3 
3 
2  18 
1  44 1033887144  
2  26 
3 
2  1 
2  3 
3 
3 
2  3 
2  36 
3 
1  25 862576591  
2  105 
2  28 
3 
1  13 503205771  
3 
1  54 1125404317  
2  5 
2  87 
1  13 558765868  
2  122 
1  22 1454347608  
2  75 
2  118 
2  29 
2  5 
2  18 
1  5 503882221  
2  8 
3 
1  14 435053006  
2  96 
3 
1  117 1747027597  
2  13 
2  19 
2  31 
1  96 1800805283  
2  13 
3 
2  47 
3 
2  80 
1  6 563590031  
1  14 525204879  
2  116 
1  1 469118313  
2  13 
1  80 1369871262  
1  111 303885987  
1  13 145586437  
2  56 
1  10 1116994145  
2  20 
2  9 
3 
3 
2  17 
2  101 
2  44 
2  58 
3 
1  18 1094119039  
3 
2  37 
1  69 161279369  
2  14 
3 
3 
1  52 1107564568  
2  104 
3 
2  10 
2  3 
3 
1  41 12663463  
1  103 2109680842  
2  16 
2  35 
1  39 607448201  
1  99 2079044777  
1  18 1098447914  
1  32 189143862  
2  26 
1  15 2063807456  
1  12 2013278995  
3 
2  34 
3 
1  14 890629237  
1  81 242126434  
3 
3 
2  101 
1  5 1628028111  
2  16 
1  26 1924516381  
1  24 1104703025  
3 
3 
1  77 2131233882  
3 
1  2 902437050  
1  1 1663468893  
2  90 
3 
3 
2  5 
1  50 1438097843  
3 
2  20 
2  36 
2  39 
1  6 1406319271  
2  50 
1  5 2098521899  
1  23 1037641792  
3 
1  97 1059640907  
1  35 514628283  
3 
1  122 1562846671  
2  20 
3 
1  84 1528759220  
3 
1  84 1884499545  
3 
2  26 
3 
1  17 1866732658  
2  14 
1  89 1674345657  
1  59 854010042  
3 
3 
3 
1  5 813368050  
1  116 1835625026  
3 
1  34 1961574611  
3 
3 
2  97 
3 
3 
2  106 
2  76 
3 
2  22 
3 
3 
1  21 826031513  
2  5 
1  93 1797822220  
2  68 
1  13 421539164  
1  17 757592642  
3 
2  8 
2  3 
3 
1  19 748786486  
1  104 610683027  
2  121 
1  10 673916450  
1  88 614581834  
1  24 1501312264  
3 
3 
3 
2  124 
2  4 
1  16 916042884  
3 
3 
3 
3 
3 
2  109 
1  13 95126297  
1  4 1278344998  
2  26 
2  0 
3 
1  104 2020745909  
1  22 78876531  
3 
3 
3 
2  15 
3 
2  98 
1  14 33298400  
3 
1  15 1536731154  
1  54 1516974374  
1  44 1439617672  
1  19 1487769406  
3 
3 
2  16 
3 
2  19 
2  3 
2  56 
1  23 407132518  
2  63 
2  62 
1  68 351774931  
2  103 
3 
3 
1  19 2002397689  
1  48 1969979189  
2  107 
3 
1  111 1880534151  
3 
2  4 
1  35 1739413586  
3 
1  11 1689228200  
1  80 1407396160  
1  57 445939981  
1  37 355112602  
3 
3 
2  98 
2  72 
1  1 1095537538  
3 
3 
1  49 260030944  
1  93 1181144115  
3 
2  36 
1  94 745876110  
1  96 681570108  
1  26 1938736758  
3 
2  51 
2  6 
3 
2  125 
3 
3 
1  31 1494662596  
2  109 
2  69 
1  17 1292253135  
3 
3 
2  105 
1  11 465169560  
3 
2  15 
1  60 2109244430  
2  14 
2  24 
3 
2  101 
2  4 
1  26 646081752  
1  86 1381212445  
1  2 56887079  
2  94 
3 
3 
1  24 1924426750  
2  103 
3 
3 
1  25 1254474706  
1  19 135763611  
1  89 1957725150  
3 
3 
2  85 
1  115 643722213  
3 
2  19 
2  95 
1  70 1652737985  
2  48 
2  14 
2  14 
2  37 
2  3 
3 
2  106 
2  113 
1  4 1249859174  
3 
1  14 2131491619  
1  79 2059870504  
2  80 
3 
3 
3 
3 
3 
2  9 
1  58 1601634105  
1  46 1986405660  
3 
1  26 1882366045  
2  49 
1  1 1334684608  
1  10 1578335598  
1  17 1424110597  
3 
1  17 594597120  
1  32 2024275579  
1  6 1779223199  
1  10 1690134658  
1  101 136822875  
1  52 812883667  
3 
1  20 288527120  
2  103 
3 
3 
1  138 818392984  
1  127 604136777  
1  53 1783189717  
1  62 2110646119  
3 
2  28 
1  20 1069306337  
1  133 1744950499  
1  60 609244223  
3 
3 
3 
1  5 303035134  
3 
3 
2  62 
1  128 1801837579  
1  15 386187325  
1  34 1557509841  
3 
2  63 
1  20 1937601190  
2  95 
1  36 196428828  
2  96 
3 
2  21 
2  2 
3 
3 
1  40 53748406  
3 
2  17 
1  23 1442855527  
1  132 1446288002  
3 
2  70 
3 
3 
1  130 37756377  
1  126 1355242383  
3 
2  14 
3 
1  23 900438460  
3 
1  130 2024162037  
3 
1  64 1090124781  
1  16 87639420  
3 
2  48 
2  79 
2  18 
1  33 1455013987  
1  73 366751730  
3 
3 
2  124 
2  18 
2  58 
1  90 682236541  
1  31 1331805919  
1  14 2145974930  
3 
2  92 
2  50 
1  128 224887551  
3 
2  17 
1  43 1468628794  
3 
2  1 
1  129 811374949  
1  82 513414672  
2  36 
2  113 
3 
2  38 
1  116 139538130  
3 
3 
3 
3 
1  15 1415511726  
1  109 149120741  
2  40 
3 
2  76 
1  128 102700602  
1  26 337334415  
2  135 
3 
2  4 
1  58 1894071240  
2  33 
1  36 711944825  
1  77 640369550  
2  22 
3 
1  7 1548425171  
1  35 1098132151  
1  19 50395743  
1  34 1338542713  
2  41 
3 
2  90 
1  30 1294560979  
1  6 104144149  
1  96 633914593  
3 
1  140 593365333  
2  9 
2  92 
3 
2  0 
2  32 
2  0 
1  38 141900526  
2  15 
1  92 1989156976  
3 
3 
1  38 1493803793  
3 
1  130 18578915  
3 
1  116 931798109  
1  31 1581443214  
1  142 1473592902  
1  19 1298549840  
2  90 
2  21 
1  44 116196107  
2  99 
1  57 657915173  
2  35 
2  98 
1  11 1297041122  
2  102 
3 
3 
1  40 341083658  
3 
1  3 2126543968  
2  125 
1  134 2108416071  
3 
2  143 
3 
1  27 854498330  
2  47 
1  42 118598450  
1  18 1376444149  
3 
3 
2  34 
1  93 1003619071  
1  53 221299052  
3 
1  39 1713778564  
3 
3 
2  27 
3 
1  29 750206664  
2  118 
1  30 933243878  
3 
3 
2  37 
2  55 
3 
2  70 
1  33 206664466  
2  106 
3 
2  119 
3 
3 
1  20 151148187  
2  34 
1  0 2031376029  
1  138 257060209  
1  10 1489690901  
2  144 
3 
1  68 1178453360  
2  95 
2  80 
1  41 361204358  
2  43 
1  39 2123605494  
3 
2  16 
2  24 
1  14 1771818693  
2  105 
2  151 
2  40 
1  12 503104884  
1  30 1965278822  
1  0 1118138839  
1  86 521683799  
2  23 
2  107 
1  90 749593284  
3 
1  54 552098405  
1  2 1995276702  
1  153 2048143124  
3 
2  66 
3 
3 
3 
1  68 668294512  
2  1 
2  13 
3 
1  30 505708227  
1  62 1197700598  
2  70 
3 
3 
1  32 1009378170  
3 
3 
1  134 484768547  
2  5 
3 
2  45 
1  6 1158633021  
3 
3 
1  23 1863876501  
1  28 603366998  
1  80 387593522  
1  120 720011924  
3 
2  36 
1  17 824666050  
2  27 
3 
2  19 
1  105 2101372086  
3 
2  40 
1  34 1470218588  
3 
3 
3 
3 
1  27 1757909928  
1  20 160552905  
1  135 1621366776  
1  52 1641802309  
3 
1  121 417613114  
3 
1  10 963574029  
3 
3 
3 
1  76 672772021  
3 
3 
2  131 
2  63 
1  106 778817473  
2  56 
3 
2  50 
3 
1  44 939695875  
2  22 
3 
3 
1  97 297107067  
2  18 
3 
3 
1  69 1281922357  
2  19 
2  128 
3 
3 
1  10 757491049  
2  48 
1  81 1415245906  
2  20 
2  131 
1  46 1803606157  
1  10 1507084333  
1  145 1967344311  
2  32 
3 
1  66 1651399211  
2  44 
1  30 1407743809  
2  92 
3 
3 
3 
3 
2  8 
2  149 
3 
3 
3 
1  124 488155175  
2  29 
2  16 
2  19 
1  143 9623790  
1  78 457960759  
2  38 
1  17 1497533345  
3 
3 
2  28 
3 
3 
2  123 
2  132 
2  98 
2  140 
2  47 
2  96 
3 
1  46 494392338  
3 
3 
2  49 
3 
2  15 
1  139 1616593780  
2  12 
1  109 1213926198  
3 
3 
2  16 
1  91 1097759336  
3 
3 
1  95 2004187302  
1  41 1933938123  
1  102 1922425386  
1  105 1958075741  
3 
3 
1  37 1256673063  
3 
1  23 1532851667  
2  38 
3 
1  28 2118628646  
1  69 730556191  
1  143 1027170328  
3 
3 
3 
2  87 
1  102 388758112  
2  41 
3 
2  132 
1  39 1694130220  
1  27 1699942350  
2  32 
3 
2  95 
3 
1  87 1167575585  
1  115 486342447  
3 
3 
3 
2  17 
3 
2  75 
1  22 1997049417  
2  26 
1  12 302014295  
1  41 1243833497  
1  107 1264811675  
3 
3 
1  24 2105620452  
3 
2  83 
1  124 603434182  
1  119 1084672338  
3 
2  21 
2  93 
3 
2  18 
1  38 1609536015  
2  134 
2  49 
1  86 2011177992  
3 
2  116 
3 
3 
2  34 
1  95 1572827513  
1  25 1619159805  
2  90 
2  92 
3 
3 
2  97 
1  25 321655103  
1  37 922877210  
1  32 2113552143  
2  86 
2  39 
2  132 
3 
2  27 
3 
2  68 
1  92 1938248884  
3 
1  5 2136803409  
2  1 
3 
2  44 
3 
2  103 
3 
3 
1  18 1063827831  
3 
1  96 1794952538  
3 
1  14 1923257884  
1  0 838769570  
3 
1  55 1605544631  
3 
2  90 
1  122 1032447299  
3 
3 
2  24 
1  130 224137589  
1  27 1576689629  
3 
2  72 
1  131 1763003491  
3 
1  27 1251307917  
1  65 1965447742  
3 
3 
3 
1  16 1309650063  
3 
2  149 
2  23 
1  14 803766619  
3 
2  153 
2  13 
3 
3 
3 
3 
3 
3 
3 
1  63 985539679  
1  14 1795992511  
3 
1  18 653332388  
3 
3 
2  107 
2  8 
1  42 1287553974  
3 
1  128 892342360  
2  17 
3 
2  147 
3 
3 
3 
2  57 
1  37 1918144063  
3 
1  44 1245690778  
1  100 1495776542  
1  123 855332753  
1  93 707743145  
1  69 1359470886  
3 
1  96 280676618  
2  109 
3 
3 
2  51 
1  114 179419303  
2  2 
2  2 
2  44 
3 
2  22 
3 
1  34 1681125990  
3 
2  51 
2  108 
3 
3 
1  138 1203553829  
3 
1  6 145487798  
2  87 
3 
3 
1  73 1471891226  
1  71 1192873590  
3 
2  139 
3 
2  5 
1  115 1209315630  
3 
1  121 1119360116  
3 
2  41 
3 
1  12 968647826  
2  96 
2  47 
2  76 
1  127 2048085200  
2  86 
3 
3 
3 
1  27 577421100  
3 
2  122 
1  121 2001095125  
3 
1  42 124739141  
1  40 6627081  
3 
3 
3 
3 
2  30 
2  55 
3 
2  30 
1  94 1616614968  
1  53 1376047058  
2  77 
2  68 
2  22 
1  116 1972074823  
2  34 
3 
2  85 
1  124 778781384  
1  6 32330030  
1  42 810130855  
2  40 
1  121 427290247  
2  44 
2  45 
2  140 
1  87 685662418  
1  12 2097684829  
1  62 1319632607  
1  143 456322834  
3 
3 
2  138 
2  48 
2  16 
1  9 1195891960  
2  35 
2  20 
2  6 
1  15 667925501  
1  86 1311655587  
3 
2  2 
2  15 
1  122 1903635105  
1  47 2027396388  
3 
3 
3 
3 
1  132 1592332206  
1  31 2083054408  
3 
1  75 1561038730  
2  96 
2  24 
2  64 
3 
2  10 
2  78 
1  91 648402387  
3 
2  51 
1  28 81058559  
3 
1  41 885446308  
2  16 
2  21 
3 
2  46 
3 
3 
1  56 1841275977  
2  60 
3 
1  133 1290374189  
2  18 
2  114 
3 
1  2 2004806424  
1  33 662440155  
3 
1  120 1190975741  
2  10 
2  137 
2  139 
2  37 
3 
1  141 434743876  
2  35 
3 
3 
1  54 516051632  
2  30 
2  97 
1  69 1315714882  
3 
2  24 
1  21 441370958  
2  27 
3 
1  55 2132666601  
1  101 544278292  
2  125 
1  16 265962133  
3 
1  26 763964337  
2  34 
3 
3 
1  27 576608322  
1  18 1076092988  
1  54 1191254584  
1  24 1262270741  
3 
1  40 1026294170  
2  109 
3 
3 
2  43 
3 
2  25 
2  121 
2  47 
3 
1  17 363403543  
2  87 
3 
2  109 
2  41 
1  125 1718593575  
3 
1  3 74702482  
3 
1  44 1031329044  
3 
2  140 
3 
2  1 
3 
1  22 882765514  
3 
2  41 
2  31 
1  10 1978337587  
3 
3 
3 
3 
1  38 911241784  
1  128 327614072  
2  134 
2  59 
1  10 1913908348  
2  102 
2  118 
1  119 324796866  
2  42 
2  13 
2  31 
1  92 976016459  
1  11 1994966907  
2  138 
3 
3 
3 
2  41 
3 
3 
3 
3 
3 
3 
2  140 
1  11 1210243174  
2  126 
1  103 669808788  
2  21 
1  106 1137857448  
3 
2  8 
3 
1  63 1067565951  
1  52 1332248943  
2  2 
2  35 
2  64 
2  10 
1  20 181349541  
1  19 1502309827  
2  17 
3 
1  52 1848300576  
3 
2  99 
1  30 1497064423  
3 
3 
1  11 1943680785  
1  61 1833483529  
2  13 
2  59 
1  28 2041342715  
3 
2  44 
3 
3 
2  137 
1  8 62159271  
2  27 
1  40 449964218  
3 
1  4 470467390  
3 
1  37 1138252259  
2  80 
1  14 1641218802  
1  40 1732738131  
3 
2  69 
2  77 
3 
1  106 17062781  
1  39 2004622345  
1  76 1303848058  
3 
3 
1  58 91765263  
2  15 
1  139 888467741  
3 
2  5 
2  62 
1  0 39129924  
1  10 2070102851  
2  127 
2  16 
3 
2  139 
1  0 1799709526  
1  1 366743997  
3 
2  79 
2  25 
3 
3 
2  97 
2  27 
1  57 1836527551  
2  109 
2  21 
2  126 
3 
3 
2  127 
3 
2  29 
3 
1  0 2124506392  
2  40 
2  121 
1  81 1342760456  
1  37 1684010810  
3 
3 
3 
2  55 
1  71 1187265919  
2  2 
2  75 
3 
2  135 
3 
3 
1  121 2012569245  
3 
3 
1  64 674384610  
1  125 107348222  
2  129 
1  82 1197334540  
2  73 
2  72 
1  138 855734151  
3 
2  103 
2  12 
2  24 
2  94 
2  68 
3 
3 
1  77 1609658049  
3 
1  12 898151468  
3 
3 
1  113 205314926  
1  33 1405855187  
3 
2  85 
1  37 584151349  
2  6 
3 
1  5 99173993  
1  144 1468014458  
3 
2  16 
2  39 
3 
1  134 1034115567  
3 
2  22 
2  17 
3 
1  13 569641383  
2  16 
2  121 
3 
3 
1  4 458783069  
3 
2  14 
3 
3 
2  8 
2  91 
1  23 527850721  
2  10 
3 
3 
2  101 
2  37 
1  55 154895866  
3 
1  32 475845851  
1  109 384989418  
2  21 
1  13 1458743924  
3 
3 
1  133 567611114  
1  126 1273457160  
2  99 
3 
2  72 
2  108 
1  90 1497873849  
3 
1  38 490230317  
1  118 925683038  
2  1 
3 
2  130 
2  29 
3 
3 
3 
3 
3 
1  23 1864617846  
2  11 
3 
3 
1  121 179274220  
1  24 902705782  
1  29 1059894654  
2  101 
1  133 1863285030  
3 
3 
3 
2  121 
3 
3 
1  22 2089971701  
1  58 924980251  
3 
3 
3 
3 
2  26 
2  16 
1  64 390185992  
1  36 49836275  
1  25 2122314792  
2  22 
1  40 1245920143  
3 
2  35 
3 
1  37 1659494325  
2  19 
2  11 
2  95 
3 
2  90 
3 
1  98 872982612  
1  97 1451235069  
1  120 917865864  
3 
2  30 
2  119 
2  2 
1  59 1457133962  
1  111 1550409063  
2  115 
3 
1  82 238396674  
3 
3 
1  18 343765881  
2  63 
1  20 2120050446  
1  63 697179743  
3 
3 
3 
3 
2  15 
1  5 871616603  
3 
1  14 127462665  
2  10 
1  97 1173025594  
2  92 
2  1 
2  21 
1  122 1256606021  
3 
1  15 1586206589  
3 
1  102 1740636709  
1  19 382579533  
3 
2  106 
1  35 936596790  
1  29 83383378  
3 
2  73 
1  77 1308262571  
1  83 653730988  
3 
1  139 262657599  
3 
1  115 63484706  
1  8 1713625643  
2  32 
1  5 2125942629  
3 
3 
1  133 5972759  
3 
3 
2  50 
3 
1  33 491122246  
2  16 
1  136 368644974  
3 
2  11 
2  23 
1  17 55809035  
2  69 
2  50 
3 
3 
1  75 465953390  
2  39 
3 
3 
1  112 1614565117  
1  20 1715303360  
1  13 1338936003  
1  6 918316539  
1  44 485685576  
2  9 
2  14 
3 
1  99 648586317  
1  18 321241954  
1  5 724082250  
2  98 
1  2 992352198  
3 
1  132 293808752  
1  24 1421261993  
1  55 1863968801  
2  44 
1  86 421271417  
2  22 
3 
2  19 
3 
2  58 
3 
2  33 
2  26 
1  9 446803940  
3 
2  30 
2  34 
3 
3 
2  26 
1  73 973091175  
1  90 2007478007  
1  17 39957001  
1  59 1355670708  
2  8 
1  65 796591149  
2  132 
1  58 123340379  
1  47 516449632  
2  31 
1  124 1450322138  
3 
3 
2  32 
2  17 
2  61 
2  102 
3 
1  42 385997978  
1  54 579934338  
3 
1  2 1016464133  
1  16 364456960  
3 
3 
2  13 
1  2 585907097  
1  63 1507586379  
1  17 733101934  
2  64 
1  81 641716132  
2  47 
1  25 1973539770  
3 
3 
1  33 200183403  
2  10 
2  7 
3 
2  138 
2  132 
3 
3 
3 
1  46 209535844  
3 
3 
3 
3 
2  3 
1  84 1164992125  
2  9 
3 
3 
1  44 1118499942  
3 
2  38 
1  105 695221420  
2  5 
1  1 1813578442  
2  12 
3 
3 
2  5 
2  108 
2  5 
1  32 1439741896  
1  115 1419303670  
3 
2  123 
2  19 
2  16 
3 
1  10 658446992  
1  132 1733550649  
1  13 693082016  
1  15 374932146  
2  67 
1  23 7338418  
1  6 1139885956  
2  15 
3 
3 
2  23 
3 
1  101 1348023321  
2  32 
1  60 2014816425  
2  5 
1  11 1179842957  
2  54 
3 
3 
2  116 
1  120 556210381  
1  12 663923927  
3 
3 
2  83 
3 
1  11 1303183336  
3 
2  19 
3 
3 
1  104 1072660013  
1  29 2114246065  
3 
3 
3 
1  37 1689181315  
1  2 1652594351  
3 
1  23 983226550  
3 
1  86 2053638275  
2  13 
2  96 
2  45 
1  82 91017801  
2  11 
3 
1  7 343329281  
1  131 639256561  
2  103 
2  21 
3 
3 
3 
2  42 
1  86 732733933  
1  16 169385403  
2  97 
2  4 
3 
2  5 
2  106 
1  20 839439964  
3 
3 
1  7 942269778  
1  128 1334377528  
2  137 
2  4 
2  92 
3 
2  68 
2  48 
1  132 1957939907  
2  83 
1  26 1637491198  
3 
3 
1  17 1000472322  
2  126 
2  116 
3 
1  0 1250198155  
1  135 909311221  
2  44 
3 
1  27 1658919315  
1  1 836265156  
3 
2  28 
1  99 1602393237  
3 
3 
3 
1  126 2033851461  
2  18 
2  117 
2  40 
3 
3 
1  94 843603575  
2  15 
3 
2  57 
3 
1  19 594795545  
3 
3 
1  111 1234391134  
2  21 
2  6 
2  62 
1  19 710936352  
1  38 1774638502  
1  12 1790601515  
2  18 
2  128 
3 
1  82 1374860279  
2  52 
1  0 930338190  
2  16 
1  15 715777881  
3 
2  125 
1  13 1341622696  
1  74 472035857  
2  64 
2  34 
1  32 220888584  
1  35 177365598  
3 
3 
2  25 
1  72 378190484  
1  94 311906385  
3 
2  3 
2  90 
3 
1  27 520694880  
1  104 1017447045  
1  114 1044640319  
3 
3 
3 
2  20 
2  61 
1  62 690080283  
3 
1  10 1856887010  
1  61 1986910097  
2  90 
3 
3 
2  35 
2  130 
3 
1  6 2024457812  
3 
1  78 1667343269  
3 
1  14 1476917647  
3 
2  39 
3 
1  34 877446486  
3 
2  38 
3 
2  43 
1  6 770057776  
3 
1  23 238745220  
3 
3 
1  139 388882153  
3 
2  6 
1  135 1606322933  
1  31 1841138457  
1  8 275249966  
3 
3 
3 
3 
2  60 
3 
1  78 302442860  
2  18 
3 
1  81 288450354  
2  116 
3 
3 
2  40 
3 
3 
1  22 1509641100  
2  114 
2  19 
1  129 1013379212  
1  2 2063088856  
3 
2  10 
3 
2  3 
1  39 1152758968  
2  96 
2  13 
1  117 240755844  
2  18 
3 
3 
1  39 845943399  
1  120 1868536849  
3 
2  69 
1  10 1582378540  
3 
2  136 
3 
1  68 1317979256  
3 
3 
2  29 
1  62 2089425433  
3 
3 
3 
2  5 
1  98 1759744139  
3 
3 
3 
2  6 
2  73 
2  21 
3 
2  91 
3 
2  134 
2  30 
3 
1  12 1696169741  
2  23 
2  12 
2  105 
1  2 253848171  
3 
1  36 132955371  
3 
3 
3 
3 
2  1 
1  35 566133138  
1  137 1298488490  
2  116 
3 
1  29 823035654  
3 
3 
2  33 
3 
1  136 275536500  
2  39 
2  126 
3 
1  42 1137914939  
3 
3 
2  85 
3 
3 
1  6 700009818  
1  21 1942879769  
2  44 
2  4 
2  81 
1  14 467348938  
3 
2  93 
2  9 
1  126 1577456305  
3 
2  74 
1  121 565453898  
2  9 
3 
3 
1  118 706094159  
3 
3 
3 
1  3 1966338458  
2  2 
1  113 24293183  
1  62 399748968  
1  19 94104777  
3 
2  7 
3 
1  64 326736043  
3 
3 
3 
3 
1  125 688199323  
1  131 1603745877  
3 
3 
3 
1  0 1340115255  
2  5 
2  24 
1  84 603804531  
3 
2  17 
3 
1  24 609021197  
3 
2  41 
2  132 
3 
1  2 1580871099  
1  25 1449747930  
2  55 
1  22 330074398  
2  67 
1  0 1015765992  
3 
1  23 620243539  
1  11 272016184  
1  40 628026483  
1  71 168929632  
2  10 
2  35 
1  5 525864355  
3 
3 
2  5 
1  4 760981854  
1  102 735062770  
2  125 
2  48 
2  40 
1  3 1824352845  
3 
2  51 
3 
3 
2  46 
3 
3 
2  102 
2  111 
1  33 1584017508  
2  27 
3 
1  85 1010599271  
2  32 
3 
3 
1  16 814784136  
3 
3 
2  41 
1  9 136543679  
3 
1  13 805995392  
1  139 1282133074  
1  53 1713999984  
3 
1  40 1371449290  
2  51 
3 
1  115 1988227233  
3 
3 
1  127 1532854794  
1  30 1395742473  
3 
2  76 
3 
1  128 240492554  
3 
1  123 1626959571  
3 
2  19 
2  58 
3 
2  31 
1  122 1722478516  
1  13 928691877  
2  34 
3 
2  62 
3 
2  10 
2  33 
2  87 
3 
1  35 1083221801  
3 
3 
2  18 
3 
3 
2  11 
2  126 
3 
2  31 
3 
1  8 915110124  
2  39 
1  23 1532496408  
3 
2  26 
1  129 1692242998  
2  19 
2  89 
3 
3 
1  132 348497575  
3 
3 
3 
2  33 
1  124 834760691  
3 
1  41 2022317397  
1  8 1364263567  
3 
2  105 
3 
1  113 1455004230  
2  20 
2  52 
2  5 
2  38 
2  91 
2  28 
1  122 146849933  
1  67 1992290050  
3 
2  116 
1  12 1623933862  
1  26 672714288  
3 
1  17 605788256  
2  2 
1  49 211512984  
1  18 349583485  
3 
2  21 
2  31 
3 
3 
3 
2  77 
3 
3 
3 
1  31 42322117  
2  22 
1  27 1222112255  
3 
2  118 
2  119 
1  23 1164367621  
3 
1  98 178865796  
3 
2  68 
3 
3 
1  117 2028107648  
3 
1  37 299017047  
1  139 1892865780  
2  47 
2  36 
1  13 1252073290  
1  122 139760633  
3 
3 
1  17 1278236926  
1  76 500332116  
3 
3 
2  68 
1  14 380253187  
1  9 757712850  
1  35 75326984  
2  119 
3 
1  38 1308945064  
3 
2  88 
1  137 1840934651  
3 
3 
2  128 
3 
3 
3 
2  136 
3 
1  37 990437108  
3 
3 
1  38 693957824  
1  41 1385694001  
1  142 1338934684  
3 
1  11 1528718515  
2  24 
3 
3 
3 
2  27 
1  63 1260527750  
3 
1  106 555714603  
1  78 836239097  
2  123 
3 
1  68 1407377683  
3 
2  88 
2  95 
1  99 400521006  
2  36 
2  15 
2  134 
1  29 312689311  
1  130 2080091971  
1  110 1006309262  
3 
1  99 524202296  
3 
3 
1  30 282191808  
2  44 
2  4 
1  8 1048631379  
3 
2  60 
2  71 
1  9 1746314551  
2  33 
3 
3 
1  104 1446559429  
2  30 
1  23 1227497175  
2  70 
1  80 1626938551  
3 
1  57 1745576477  
1  64 972879307  
2  94 
3 
3 
1  87 731528194  
2  56 
3 
2  70 
1  18 1885337110  
3 
1  111 103632586  
1  29 1231860310  
1  123 118106649  
1  18 861345436  
2  75 
1  29 1307187294  
1  81 1427051713  
2  53 
2  82 
1  136 554796439  
3 
1  100 150140755  
2  27 
3 
3 
1  36 2121009537  
1  20 1940490440  
2  47 
2  51 
2  27 
2  23 
3 
3 
3 
2  46 
1  17 1489075439  
2  11 
2  115 
3 
1  15 1502244405  
2  3 
2  92 
2  44 
3 
3 
1  10 1053534543  
3 
1  26 2044790042  
1  53 190999854  
1  1 313428578  
1  9 297827400  
3 
1  24 503689166  
2  39 
2  122 
1  21 246036902  
3 
1  34 1304136663  
1  94 1027891462  
3 
1  80 528228710  
2  116 
2  27 
2  84 
2  119 
1  4 205284394  
3 
1  133 626722365  
3 
2  13 
2  46 
3 
1  25 1974788140  
1  120 1432781570  
3 
1  150 106177269  
2  69 
3 
3 
3 
1  104 1572880969  
2  27 
3 
3 
2  134 
3 
1  138 258177229  
1  45 837705463  
1  10 1310734431  
1  2 361809815  
1  41 2069565773  
2  38 
3 
2  52 
2  27 
3 
2  38 
3 
1  99 1428841080  
1  36 1223155251  
1  79 1229269419  
1  17 708409145  
3 
3 
1  127 1777951690  
3 
2  38 
1  43 1379410174  
1  54 681935034  
1  37 1570958483  
1  11 721001965  
3 
2  73 
3 
1  60 36695791  
2  3 
3 
1  149 477009378  
1  150 618308360  
1  81 227695646  
3 
3 
3 
3 
2  14 
2  39 
1  96 790437956  
2  93 
2  104 
3 
2  127 
1  9 916135760  
2  15 
3 
2  96 
3 
3 
1  66 731384812  
3 
2  133 
1  142 1036474858  
1  79 72788775  
3 
1  151 1759276274  
1  148 1564703569  
2  124 
1  23 278073170  
1  35 238514991  
3 
1  153 1392008061  
1  27 1710854740  
2  14 
3 
3 
1  49 344692260  
1  101 817405382  
3 
1  126 1969031969  
2  127 
3 
1  10 1182397723  
1  41 2128139813  
1  52 183358137  
2  44 
1  55 1104479848  
3 
1  12 1409497245  
1  63 1406513388  
3 
1  13 186265620  
1  34 2117906390  
1  127 1036981431  
3 
1  53 1565675794  
2  31 
1  148 652357776  
3 
3 
2  10 
2  20 
1  84 460456266  
3 
1  133 139194112  
3 
3 
1  21 689053568  
3 
3 
3 
2  154 
3 
3 
3 
3 
1  51 937465644  
2  139 
1  36 757502472  
3 
1  119 916749214  
3 
3 
2  56 
3 
3 
3 
1  43 1727903600  
1  100 1673638232  
3 
3 
2  93 
3 
2  69 
1  14 1648134026  
3 
3 
3 
1  116 616894811  
2  150 
2  18 
1  102 1746427008  
1  156 1259926652  
3 
2  115 
3 
1  67 34114732  
2  69 
2  104 
1  26 2024500178  
3 
1  142 1498441643  
2  115 
2  143 
1  26 1426122793  
2  92 
3 
1  46 1587871270  
1  92 1843133904  
3 
2  14 
1  20 96044527  
3 
1  73 1409419591  
3 
2  28 
3 
1  81 878047979  
2  106 
2  146 
3 
2  2 
3 
1  146 76700692  
2  54 
2  37 
3 
2  11 
1  52 1592777728  
1  140 1982527828  
2  116 
2  152 
1  33 1486197937  
3 
2  86 
3 
2  135 
2  43 
1  4 851807469  
2  105 
2  55 
2  135 
1  70 21309800  
3 
2  47 
1  42 1456620679  
2  50 
2  68 
1  114 1888788900  
1  32 1586985594  
2  159 
1  44 2108978455  
1  137 201761518  
1  38 1726179706  
1  49 650548375  
1  114 1139227162  
3 
1  154 336198530  
3 
2  140 
2  122 
2  60 
3 
2  20 
2  83 
1  38 1567297589  
1  39 719647114  
2  25 
3 
2  82 
2  35 
3 
1  127 2009836763  
2  16 
2  8 
1  32 1067947967  
1  94 1336541925  
3 
3 
2  66 
3 
2  87 
3 
1  37 1608780123  
3 
3 
3 
1  37 180390971  
3 
1  39 1370656657  
2  43 
1  7 1485796653  
3 
1  36 1678832615  
2  26 
3 
2  43 
3 
2  135 
3 
3 
1  9 649295802  
3 
2  19 
3 
3 
1  63 926184275  
1  102 1374482871  
1  85 745340329  
3 
1  49 188120218  
1  163 105047202  
2  114 
2  15 
3 
2  127 
3 
3 
1  161 822041021  
2  160 
3 
2  43 
1  118 1780897947  
1  130 2087575030  
2  21 
2  7 
2  108 
3 
1  2 160755310  
2  65 
3 
1  21 485221768  
2  57 
2  27 
3 
1  27 2108884830  
2  116 
3 
3 
1  95 1617375989  
3 
3 
2  26 
1  76 226527020  
1  26 1548386777  
1  33 1578870797  
1  88 428288538  
3 
2  108 
1  111 1127082835  
3 
1  84 81935524  
3 
3 
1  82 1567515700  
1  63 1463281366  
3 
1  80 1649233114  
3 
2  21 
3 
2  160 
2  71 
2  41 
2  107 
2  62 
2  21 
1  40 139679166  
1  102 1325634481  
3 
3 
1  32 569697433  
3 
2  32 
3 
2  70 
1  78 1476221092  
1  129 786930956  
2  22 
1  16 750088405  
2  61 
3 
2  105 
3 
1  155 699394101  
2  52 
1  135 125243961  
1  142 281437372  
1  143 1348689904  
1  4 1051428236  
1  85 1655920243  
2  109 
3 
3 
2  39 
2  16 
3 
2  38 
1  124 2094030233  
2  48 
1  11 1239548454  
3 
2  154 
1  100 1760967445  
3 
3 
1  100 768587607  
1  147 872962753  
1  15 1701058828  
2  58 
1  130 929342917  
2  15 
3 
1  40 1358184521  
1  156 1662460010  
1  71 399235259  
2  134 
1  39 1584711541  
2  15 
1  75 1063363139  
3 
3 
2  108 
1  5 1978106056  
3 
1  5 2013000079  
2  81 
1  36 42962327  
1  95 2060041580  
2  29 
2  77 
2  27 
3 
2  136 
1  84 1433032131  
1  46 1506243693  
3 
3 
1  17 1561791046  
1  80 1572711298  
1  115 684394526  
3 
1  111 2131488480  
2  51 
3 
1  42 901448742  
3 
1  10 1471325482  
1  83 734093237  
2  51 
3 
2  109 
3 
3 
1  128 1600842843  
2  2 
2  132 
1  122 1596569443  
1  26 1015530609  
1  145 802049099  
2  67 
3 
3 
3 
1  82 500514031  
3 
3 
1  42 523967204  
2  11 
3 
3 
1  15 748595685  
3 
3 
1  13 1740062485  
3 
3 
3 
1  52 137451001  
3 
1  56 1517183292  
1  54 465541591  
2  146 
2  153 
3 
2  98 
3 
3 
1  92 1838509829  
3 
3 
2  108 
2  22 
2  0 
3 
1  47 299042561  
2  109 
2  136 
1  124 1823726112  
3 
3 
3 
3 
2  38 
1  64 1353486192  
2  9 
2  112 
1  40 698277820  
1  98 1260954006  
2  5 
2  134 
2  136 
3 
1  128 269365683  
2  34 
1  70 528900228  
1  67 1126470437  
1  14 312328010  
3 
3 
1  148 441458161  
1  14 412018921  
1  69 1818571703  
2  27 
3 
3 
3 
1  21 2003249207  
3 
1  95 1984730219  
2  120 
2  3 
2  80 
1  100 355482581  
1  11 1987254039  
1  113 738695313  
2  24 
1  28 1826808063  
1  0 573863628  
3 
3 
2  3 
1  161 192054508  
3 
3 
2  57 
1  75 1275893858  
1  148 1589394237  
1  72 994103608  
2  110 
3 
1  70 1776407889  
1  26 2113361441  
3 
2  84 
2  84 
1  9 1742699293  
3 
1  43 1368986727  
1  28 103328795  
2  36 
1  30 1112398937  
3 
3 
1  56 1834528318  
3 
3 
2  1 
3 
2  62 
2  33 
1  25 1941838624  
1  26 1411441498  
1  40 1510770782  
1  10 1147841168  
2  42 
1  83 2109719319  
3 
3 
3 
1  138 624241140  
3 
1  46 1417206852  
1  9 491135899  
2  38 
2  110 
1  117 1750711578  
2  12 
2  18 
1  43 1729534862  
3 
3 
2  5 
2  128 
1  129 932594060  
3 
2  117 
1  12 15246851  
2  50 
1  89 1400622918  
3 
3 
1  129 788359620  
3 
2  93 
3 
2  3 
2  103 
3 
1  61 1999977070  
3 
1  74 1756105499  
1  156 628130011  
2  19 
2  28 
1  153 591188735  
1  62 1435429915  
1  97 1201993640  
3 
1  96 783243243  
1  54 563840125  
1  153 643904229  
2  68 
2  77 
2  28 
3 
3 
2  32 
1  112 1777346851  
2  48 
2  36 
2  91 
3 
1  61 192764367  
3 
3 
2  26 
3 
1  95 609782023  
1  48 1372562496  
3 
2  19 
1  39 1561751094  
2  156 
1  19 713110818  
3 
3 
2  92 
2  4 
2  61 
2  56 
2  0 
3 
1  81 337477785  
3 
3 
2  49 
1  151 1248795764  
2  10 
2  46 
3 
1  28 507465794  
2  133 
2  51 
1  118 1748919284  
1  145 612082898  
2  7 
1  98 1655306963  
1  53 1711154955  
2  42 
3 
2  36 
3 
3 
3 
3 
2  83 
1  26 1236324039  
2  86 
2  33 
3 
2  45 
1  2 925030167  
1  110 54807206  
1  87 839551969  
2  61 
1  12 507081381  
2  74 
3 
2  85 
3 
1  38 987401267  
1  10 854798820  
3 
2  116 
2  51 
3 
3 
1  48 1907704299  
2  16 
3 
3 
2  40 
2  41 
1  152 1775760887  
3 
2  142 
2  147 
2  42 
3 
3 
3 
1  28 707292242  
3 
1  54 1516326151  
3 
1  50 256407250  
3 
2  23 
1  102 1298480977  
3 
3 
1  99 804272418  
2  51 
2  68 
2  38 
1  45 1458400890  
3 
1  50 2081724220  
2  4 
3 
2  3 
2  5 
1  83 1368112543  
3 
2  39 
3 
2  28 
3 
3 
3 
1  71 2102305120  
1  128 1711587424  
2  6 
2  39 
2  4 
3 
1  112 1560876910  
1  137 564603495  
2  145 
1  126 936666272  
2  115 
3 
1  35 975144356  
1  77 1277714313  
2  128 
1  143 1274144058  
1  81 76456472  
2  16 
1  86 1785180107  
2  13 
1  126 875579694  
1  13 688539371  
1  93 1293003422  
1  24 439251001  
1  117 1924863410  
2  9 
2  12 
2  13 
2  25 
3 
1  117 70549941  
1  29 494058207  
3 
1  104 616931731  
1  134 577631323  
1  13 1481459474  
2  145 
1  69 1471730551  
2  35 
1  84 337851974  
1  141 1109736713  
1  76 31539145  
1  144 1854178125  
3 
3 
1  42 1366143964  
1  62 1330020122  
1  1 510966895  
2  16 
2  129 
1  30 677061206  
3 
2  140 
1  77 1264260694  
3 
3 
1  121 1879079439  
3 
1  28 631882678  
3 
2  115 
1  10 828364470  
3 
3 
1  49 1292472701  
2  126 
3 
1  31 1196486173  
1  43 1765030743  
1  38 120133410  
2  67 
3 
1  117 326716838  
1  69 891691153  
3 
1  72 196589882  
3 
2  123 
1  106 2111896946  
3 
3 
3 
2  24 
1  142 1767270847  
3 
3 
1  21 885129253  
2  47 
3 
3 
3 
2  80 
1  124 1257416720  
2  36 
2  143 
2  35 
3 
1  24 59038200  
2  104 
3 
3 
1  118 662509015  
1  51 1327966662  
3 
2  91 
1  135 553096407  
1  86 1279440746  
3 
1  50 1905597985  
1  45 2034555882  
3 
3 
1  25 603687649  
1  29 95966311  
1  45 996808947  
3 
2  43 
3 
1  10 635226794  
1  28 1950144437  
2  62 
2  114 
2  9 
1  34 215469263  
1  27 1965246916  
1  35 313627684  
2  34 
2  137 
2  134 
1  53 892530470  
3 
3 
3 
1  24 1082023963  
3 
1  70 45223475  
2  107 
2  7 
3 
2  2 
2  14 
3 
1  23 1524413148  
1  50 1910388433  
2  27 
2  91 
2  31 
3 
3 
3 
1  58 1337696177  
1  125 573415674  
3 
1  76 1527935528  
2  18 
1  65 1457829587  
3 
1  100 900132512  
1  113 272143033  
3 
1  3 1654419469  
3 
3 
2  31 
1  98 864545810  
2  117 
3 
1  114 2039413880  
3 
2  109 
3 
2  2 
1  31 392065075  
1  36 2121962531  
2  31 
2  13 
2  58 
3 
3 
3 
1  43 2098452080  
1  79 1054574090  
2  55 
1  129 1302445545  
2  11 
2  26 
3 
2  42 
1  117 504064840  
3 
1  93 186531189  
2  58 
3 
3 
2  11 
2  62 
1  71 1060559882  
2  141 
2  111 
2  51 
2  4 
1  143 391137074  
3 
1  27 790218838  
3 
3 
3 
2  23 
1  45 1156526193  
2  125 
2  45 
1  106 1387946021  
3 
1  81 1425445633  
1  126 959186982  
1  6 1603415285  
3 
2  86 
3 
1  144 1243208901  
2  18 
2  89 
3 
1  3 1272814667  
2  120 
1  143 348462107  
1  111 177749216  
2  22 
1  21 1318038142  
1  52 1872875255  
1  18 2088137650  
2  3 
2  61 
3 
2  54 
2  82 
2  19 
1  124 508250671  
1  73 298807281  
1  25 1468589530  
1  126 1966080258  
1  146 1198939794  
2  78 
2  128 
3 
3 
2  40 
1  29 1740732564  
2  39 
1  35 1473016080  
3 
2  10 
2  5 
1  98 2063485604  
2  87 
2  78 
2  10 
3 
2  39 
2  123 
2  25 
2  109 
2  7 
2  58 
2  108 
2  6 
3 
1  27 1632662796  
2  15 
2  9 
2  34 
3 
2  119 
1  84 1865081155  
1  18 2037964487  
1  98 1583631229  
3 
1  3 772171597  
1  146 1192926384  
1  22 2087696069  
2  40 
3 
1  44 958702786  
3 
1  121 106002618  
2  8 
3 
3 
3 
2  2 
3 
2  104 
3 
2  80 
3 
2  46 
1  6 331349495  
2  69 
1  145 1748921625  
1  16 1262528812  
3 
3 
3 
3 
2  3 
3 
3 
2  4 
2  41 
1  18 1719295516  
3 
3 
3 
1  81 1026883610  
2  27 
3 
3 
1  27 74232146  
1  36 1175227153  
3 
3 
3 
3 
1  46 122608863  
1  14 1347046813  
3 
1  69 1523689260  
1  134 300358080  
2  31 
2  55 
3 
1  72 517601308  
3 
1  38 1249080868  
1  74 241012082  
3 
3 
1  74 1025851979  
3 
2  139 
2  121 
2  24 
3 
1  14 1547888149  
2  32 
2  100 
3 
1  33 1709601612  
2  3 
3 
1  137 844448590  
1  128 599344295  
2  73 
3 
2  101 
1  117 1302850528  
3 
2  86 
2  23 
3 
2  11 
1  42 169981022  
3 
3 
2  16 
1  19 515346252  
1  9 788029677  
2  88 
2  44 
2  14 
1  5 2035062177  
1  140 405827091  
1  102 224177258  
1  65 659750126  
2  45 
1  88 1598753476  
3 
1  2 164389679  
3 
1  41 1618452913  
3 
1  27 1704756094  
2  60 
1  20 495739174  
1  23 1219890890  
3 
3 
1  55 819801258  
1  31 67551042  
3 
2  126 
3 
2  112 
2  43 
3 
2  31 
2  3 
3 
3 
1  87 99290852  
2  81 
2  55 
3 
1  93 894033405  
3 
2  93 
3 
2  30 
3 
3 
3 
1  51 1242778196  
2  22 
3 
2  55 
1  26 221899715  
3 
2  45 
2  136 
1  70 93596570  
1  90 618983808  
1  123 522257795  
3 
3 
1  136 611197878  
1  90 1868064676  
3 
3 
2  5 
2  54 
3 
3 
3 
1  99 763269877  
1  15 1637049858  
1  38 1268469178  
3 
1  36 325387842  
2  36 
1  141 334014800  
3 
2  22 
3 
2  29 
1  70 1867813473  
2  103 
2  34 
1  93 1628238370  
3 
2  40 
1  91 503995822  
2  78 
1  129 235676077  
1  17 268784399  
3 
3 
1  81 391574351  
3 
2  11 
1  122 641503169  
3 
1  101 492961657  
3 
2  81 
2  29 
3 
3 
3 
2  3 
1  59 1051324477  
3 
3 
3 
1  80 92772997  
2  69 
3 
1  23 657351336  
3 
3 
2  20 
2  45 
3 
1  113 522293742  
2  24 
3 
2  97 
1  105 1797529091  
1  20 1153090510  
3 
2  81 
3 
1  105 1742184632  
2  29 
1  12 469846702  
2  123 
1  20 1220641553  
2  50 
1  44 1841475484  
2  34 
3 
2  67 
1  36 1363880107  
3 
3 
3 
1  10 315936101  
3 
3 
3 
1  70 2063375200  
1  142 1457476677  
2  11 
1  62 934919909  
3 
2  34 
2  86 
2  95 
1  75 438149347  
2  8 
1  54 2068674556  
2  35 
1  19 655500938  
1  19 1201419225  
2  10 
1  32 1558240766  
1  53 1923970116  
3 
3 
1  118 1526807067  
3 
1  42 1892255566  
1  120 1644299941  
2  9 
1  137 1007561789  
2  10 
2  133 
3 
3 
2  34 
3 
2  35 
2  9 
2  18 
2  77 
1  34 248767740  
3 
3 
2  31 
3 
2  88 
2  2 
2  12 
1  16 1879976019  
1  22 1276346189  
2  5 
3 
2  118 
2  19 
2  51 
2  22 
2  10 
1  3 640342091  
1  67 373995540  
2  24 
3 
1  44 1769307846  
2  112 
1  122 1691666568  
1  5 466768537  
2  22 
2  40 
2  88 
1  87 279175535  
2  30 
3 
2  23 
3 
3 
2  71 
2  118 
3 
1  38 66476663  
1  77 116813980  
2  13 
3 
3 
2  15 
1  8 1432266045  
3 
2  21 
1  6 1808661295  
2  59 
1  77 586660682  
2  60 
1  19 505423950  
1  9 1502653132  
2  52 
1  31 1950540789  
1  18 821360051  
3 
1  15 1418544684  
2  42 
3 
2  26 
2  80 
2  0 
1  0 1260533819  
2  59 
2  51 
3 
3 
2  23 
3 
3 
3 
3 
1  41 1756279961  
3 
2  18 
2  1 
3 
2  91 
1  5 1856694031  
1  62 1181724727  
3 
1  24 264297251  
1  0 910629608  
3 
2  6 
3 
2  54 
2  0 
2  73 
2  101 
2  92 
3 
1  12 592481845  
1  31 40783719  
1  7 289953027  
3 
2  11 
1  24 337253763  
1  103 1685083660  
2  134 
3 
3 
3 
3 
3 
3 
3 
1  7 1297514817  
2  19 
1  13 586021503  
2  57 
3 
3 
1  107 1417576031  
1  29 426377358  
2  4 
3 
2  49 
3 
3 
1  118 1226363594  
3 
1  95 1791571571  
2  50 
3 
2  93 
1  2 48201556  
2  95 
3 
3 
2  11 
1  17 770546514  
3 
1  28 110856460  
1  65 327377091  
1  1 837023177  
2  107 
1  1 227670441  
2  72 
2  40 
1  21 1759643137  
1  110 498200825  
2  1 
2  28 
1  73 814331123  
2  13 
3 
3 
3 
3 
2  101 
2  50 
2  18 
2  31 
2  45 
2  65 
3 
2  21 
1  11 117583439  
1  95 2000853957  
2  113 
2  11 
1  112 617388265  
3 
3 
2  99 
1  8 938943491  
3 
2  12 
2  55 
2  21 
3 
3 
1  92 1271914993  
1  104 1877922084  
1  122 547739804  
3 
1  22 981125376  
1  115 912163163  
3 
3 
3 
2  42 
2  121 
3 
1  91 812037055  
3 
3 
2  67 
1  34 1891754985  
1  78 1504645008  
3 
1  20 852820774  
1  24 34224364  
3 
1  4 1841898771  
1  118 390420786  
1  124 1331739181  
1  123 280436626  
2  78 
2  107 
1  119 1807996818  
3 
2  114 
1  137 1758116539  
1  8 1506800220  
3 
2  69 
3 
2  16 
2  69 
3 
1  67 1452084741  
1  113 1806318096  
1  22 129863086  
1  56 1562941202  
3 
2  12 
2  57 
3 
2  25 
3 
2  62 
1  77 2133695187  
3 
3 
1  124 966886264  
2  34 
2  101 
3 
1  17 1790611643  
3 
1  71 1745854676  
2  28 
3 
2  6 
2  81 
1  28 1465087089  
1  23 457459118  
1  124 1863438116  
1  40 1318457398  
1  98 1074847383  
2  38 
1  76 654897959  
1  115 442888743  
1  93 805285819  
2  17 
1  130 1202637763  
3 
2  90 
1  123 1424014119  
1  26 1717448982  
3 
1  47 2014674818  
3 
1  106 1168285456  
2  79 
3 
3 
3 
1  52 1074610342  
1  134 720011944  
1  103 1202509821  
2  3 
2  90 
2  27 
1  92 769025465  
2  8 
3 
2  1 
3 
3 
3 
2  33 
2  3 
2  21 
1  3 1110432730  
2  29 
1  87 386765354  
1  22 1049462091  
2  90 
3 
1  18 770945900  
3 
2  19 
3 
3 
3 
3 
2  17 
2  24 
2  11 
3 
1  15 2144881894  
2  102 
1  20 408778663  
2  58 
3 
1  55 75546994  
1  22 1803716342  
2  19 
3 
2  66 
1  13 538641750  
2  16 
1  23 1638488196  
2  41 
2  125 
3 
2  8 
1  13 1789927881  
3 
1  6 1505528014  
3 
3 
1  7 1281616191  
2  6 
1  131 1388298910  
2  22 
2  42 
2  71 
3 
1  46 823131455  
2  127 
2  123 
1  16 1739075309  
1  20 1104253378  
3 
2  100 
2  25 
2  18 
3 
3 
3 
2  7 
1  85 2141588853  
2  13 
3 
3 
2  20 
1  32 666439045  
3 
2  8 
1  15 1759151337  
1  91 436993948  
2  10 
1  96 1471724864  
1  41 814305452  
3 
1  15 1861008067  
3 
1  100 1041690199  
2  97 
1  21 681496622  
3 
1  105 881809876  
3 
2  88 
1  2 2116300541  
3 
2  27 
1  97 1401508566  
1  51 2084319697  
2  7 
3 
3 
3 
2  21 
1  18 737842359  
2  17 
3 
1  22 364457648  
2  127 
2  5 
1  21 323601403  
2  112 
2  80 
3 
1  65 1787304450  
2  12 
1  4 1135403549  
1  64 320999649  
2  9 
3 
2  6 
1  72 48599466  
3 
1  74 1210950543  
2  27 
2  50 
1  17 2124715991  
3 
1  22 587241216  
1  57 701955091  
2  62 
3 
1  4 1767160225  
1  25 2092769230  
3 
2  2 
2  4 
3 
3 
1  60 1983571282  
1  125 1007975487  
3 
2  13 
2  89 
1  6 768417037  
3 
2  58 
2  98 
3 
1  128 1575162943  
3 
2  94 
1  4 2112228865  
2  17 
3 
2  2 
2  26 
3 
3 
3 
2  49 
1  78 762522242  
1  4 94118340  
2  27 
3 
1  55 1723896554  
1  5 1199516190  
1  13 1565843205  
2  54 
1  7 390718358  
3 
3 
1  15 913040609  
3 
2  21 
1  21 460049756  
2  12 
2  24 
3 
1  76 1072214980  
1  75 1794850485  
2  28 
1  10 428866649  
3 
2  81 
1  41 326239898  
1  20 1731686534  
2  21 
2  27 
1  37 1166709008  
1  31 690697546  
1  11 2055287938  
3 
1  25 806529811  
1  49 1826101095  
3 
1  8 228803939  
1  8 855129277  
1  27 889567990  
3 
1  8 206036283  
1  67 1442370493  
2  81 
2  17 
3 
1  27 1591523081  
3 
1  103 1973196508  
2  8 
2  48 
3 
3 
1  40 1387656075  
3 
3 
3 
3 
2  9 
2  41 
1  115 1427610715  
2  9 
2  102 
1  32 833688347  
1  33 8589464  
2  17 
1  72 855290011  
2  96 
2  3 
2  14 
2  43 
3 
3 
3 
2  7 
2  7 
2  23 
1  23 798433564  
2  19 
1  3 771111706  
3 
2  2 
2  98 
2  5 
3 
2  22 
3 
3 
2  12 
2  113 
1  106 949408351  
1  5 374846470  
1  7 1970627896  
2  3 
3 
1  76 367767908  
3 
1  89 765564828  
2  62 
3 
2  23 
3 
2  22 
1  70 736184857  
2  66 
1  15 827817664  
1  51 1837779808  
1  84 383551695  
1  20 1256684314  
1  66 16536058  
1  41 2115238229  
3 
2  114 
3 
3 
3 
1  90 275909674  
1  5 707233604  
1  17 2023042519  
2  16 
3 
1  11 1082439485  
2  26 
2  14 
2  65 
1  76 385851052  
2  20 
3 
3 
2  3 
2  88 
3 
3 
3 
3 
3 
1  40 104362811  
2  12 
1  2 1937568762  
3 
2  4 
3 
3 
1  4 1275419042  
3 
1  3 310399094  
3 
3 
2  95 
2  116 
2  15 
1  2 1232455607  
1  5 719458476  
2  84 
1  8 136111954  
1  9 472628034  
1  5 2147069191  
1  54 969800301  
1  42 481217498  
3 
2  27 
2  25 
1  0 854875554  
1  13 1768233865  
2  77 
2  2 
1  15 1252329204  
2  9 
2  10 
3 
3 
1  62 1804283906  
2  103 
3 
3 
1  21 2143080335  
1  86 1075473452  
2  34 
3 
1  19 24568166  
3 
2  115 
2  62 
3 
1  21 761161515  
2  7 
3 
2  123 
3 
3 
2  30 
3 
2  11 
3 
1  23 1811658310  
2  8 
1  28 852385831  
3 
3 
3 
2  52 
3 
3 
3 
2  67 
1  18 451457675  
3 
1  62 47726357  
3 
2  18 
2  37 
3 
1  9 2109070145  
3 
3 
1  27 467993733  
1  10 15480938  
2  19 
1  15 237496171  
3 
3 
2  25 
3 
2  28 
2  22 
3 
1  59 1175227337  
2  9 
1  68 2038523458  
2  15 
1  40 1319935657  
1  75 1561078389  
3 
1  74 2142886269  
1  5 1110020771  
1  37 689013784  
3 
3 
3 
2  14 
1  113 305801715  
3 
3 
1  4 194992731  
1  4 1408472260  
2  15 
3 
1  62 441913669  
2  26 
1  24 667620765  
3 
2  25 
1  108 1408057803  
2  32 
1  34 1411713970  
3 
2  0 
2  27 
2  115 
3 
2  2 
3 
3 
2  75 
3 
2  76 
3 
2  22 
2  10 
3 
1  16 1148838264  
1  16 115449710  
1  42 1032464187  
2  19 
2  95 
2  46 
2  36 
3 
3 
3 
2  82 
2  11 
3 
1  4 253683820  
1  63 1919733616  
1  24 1028060874  
2  43 
3 
1  46 1329157273  
3 
2  46 
3 
3 
3 
2  91 
3 
3 
3 
3 
1  34 1944301782  
2  47 
1  11 1789222389  
3 
1  21 993331935  
3 
2  7 
2  18 
2  98 
1  0 649203965  
1  12 93196416  
3 
3 
1  41 1041058292  
2  28 
1  3 610790462  
3 
1  14 561190149  
1  114 1056539230  
2  108 
1  6 848286634  
1  25 1736417486  
3 
2  27 
2  61 
3 
1  19 947579040  
1  4 20738643  
1  127 1150012228  
2  3 
3 
3 
2  28 
1  73 942981661  
3 
1  24 1130759414  
3 
2  104 
3 
2  7 
1  10 1839026012  
3 
2  8 
1  124 1248783376  
1  78 1325752145  
2  83 
2  7 
3 
1  0 1100014624  
2  17 
3 
2  11 
2  63 
2  7 
2  13 
2  99 
1  95 1690697045  
3 
2  76 
3 
2  93 
1  66 1993372911  
3 
3 
1  11 360588779  
1  39 954927367  
2  83 
1  1 994727527  
2  96 
3 
3 
2  90 
1  4 476038489  
2  65 
3 
3 
2  18 
1  3 1987391554  
3 
2  26 
1  0 1248411347  
2  26 
3 
3 
1  52 248288457  
3 
2  83 
3 
3 
3 
2  76 
2  54 
1  7 867968780  
2  54 
1  75 430084972  
2  16 
1  60 45106592  
2  12 
3 
1  86 509707521  
2  77 
2  72 
3 
2  88 
1  119 1423416907  
2  39 
2  101 
1  6 694310557  
1  50 602903937  
3 
1  12 316991551  
2  86 
3 
1  15 1305101020  
2  103 
2  116 
3 
3 
1  128 1164094086  
1  23 1373530782  
1  108 5904006  
2  68 
1  71 753027925  
2  70 
3 
1  105 173626174  
1  44 26642649  
2  14 
1  66 1903040153  
1  109 1116607836  
2  63 
3 
2  17 
2  120 
3 
2  28 
2  101 
2  14 
1  6 1157402063  
3 
3 
1  13 1594582517  
2  0 
2  20 
3 
2  30 
1  112 217907564  
1  117 335670561  
3 
3 
1  19 547113493  
1  16 1908604610  
2  2 
2  5 
3 
1  73 181559824  
3 
3 
3 
1  0 907702272  
2  67 
1  117 716048329  
3 
3 
3 
3 
2  10 
3 
3 
2  47 
2  21 
1  5 1176287351  
3 
3 
1  85 1383740762  
3 
1  1 555956236  
2  5 
1  76 277215050  
1  32 1632029219  
2  81 
3 
2  16 
3 
1  12 1423925016  
1  13 707300023  
1  126 1677135811  
1  12 1933632538  
2  27 
2  19 
3 
3 
2  29 
2  23 
2  32 
2  12 
3 
1  66 2130716930  
3 
2  23 
1  1 223962721  
3 
1  83 389052827  
2  62 
2  107 
1  8 300224834  
1  37 1529063741  
3 
3 
2  34 
3 
3 
3 
1  2 1553146914  
3 
1  117 1673755616  
1  94 1534967747  
3 
1  101 158691191  
1  13 1847381790  
1  107 1561610396  
1  20 2061731344  
1  90 816505978  
2  21 
2  12 
3 
3 
1  48 571528811  
2  24 
2  37 
3 
2  4 
2  34 
2  0 
3 
1  31 1508830213  
2  21 
2  15 
1  43 1034413543  
1  10 907199372  
3 
1  13 2055943706  
1  58 795534505  
2  50 
1  14 1088759196  
1  99 816162330  
2  2 
2  62 
1  9 1511582834  
1  66 117562899  
1  2 52419444  
2  123 
2  78 
2  29 
3 
3 
1  56 2067539070  
3 
2  19 
3 
1  16 394777950  
3 
3 
2  65 
2  19 
3 
3 
3 
1  20 1684448664  
2  23 
3 
1  80 1343980439  
1  10 1102077973  
1  23 1214100827  
3 
3 
1  39 1130129329  
3 
1  4 1085311255  
2  83 
2  78 
1  49 1438063548  
3 
2  8 
3 
2  122 
3 
3 
3 
3 
3 
1  1 1519182156  
2  8 
1  98 1385536089  
2  24 
3 
3 
2  51 
1  20 819643641  
3 
3 
2  42 
1  12 924845422  
3 
1  96 911808057  
3 
1  65 207127740  
2  78 
1  4 1083536613  
1  1 611706200  
2  22 
3 
1  91 1768738136  
2  10 
3 
2  6 
1  22 997784309  
3 
3 
2  75 
1  39 1428212178  
1  82 192783300  
1  112 359130874  
3 
3 
2  113 
3 
2  113 
1  43 315142073  
1  90 1099982672  
2  41 
3 
2  11 
1  42 267590932  
1  14 1110676578  
3 
3 
1  74 41258221  
1  34 1083753263  
2  95 
3 
1  91 474775765  
1  13 158821120  
1  92 1136172707  
3 
3 
3 
1  19 394831187  
3 
2  124 
3 
2  20 
1  11 553599070  
3 
1  129 673137723  
1  37 1738811626  
3 
3 
3 
2  12 
2  53 
3 
3 
1  25 1655677043  
2  4 
3 
3 
2  0 
1  26 1887238551  
1  109 721457307  
3 
2  21 
2  13 
2  120 
2  19 
1  67 593504651  
3 
3 
1  2 1177818451  
1  5 93155816  
1  36 1979040740  
2  16 
1  53 1997462093  
2  52 
1  69 1018001238  
2  56 
2  2 
2  8 
1  115 743365150  
2  28 
3 
1  34 57106185  
3 
1  14 2101537852  
3 
1  3 1355071350  
1  34 1825844322  
2  5 
3 
2  101 
3 
3 
2  30 
2  15 
3 
1  109 951838513  
1  8 635799880  
1  2 2018627622  
1  20 1310969388  
3 
1  89 950941954  
3 
1  3 971126646  
1  18 1578560320  
2  123 
3 
2  11 
1  125 2061618532  
1  49 1012384867  
1  109 514829935  
2  5 
1  18 388910649  
3 
3 
1  24 1171205988  
3 
1  24 1651002643  
3 
1  29 783741837  
3 
2  116 
3 
2  26 
3 
2  118 
1  84 1724805058  
1  6 176656718  
1  36 375069815  
3 
2  8 
3 
2  22 
2  14 
3 
3 
1  2 1232998454  
2  9 
1  32 2063895269  
3 
3 
3 
2  9 
1  14 1096527123  
3 
1  5 1826503105  
1  103 1094230073  
2  5 
2  60 
1  109 1189682939  
3 
1  11 1658060197  
1  26 944208518  
1  48 60200529  
1  43 253941699  
1  17 1001314703  
3 
1  18 14254733  
2  3 
2  11 
2  24 
2  32 
2  27 
1  126 1609013049  
1  22 679675377  
2  7 
2  2 
1  57 966093247  
3 
3 
2  30 
2  31 
2  20 
2  58 
2  75 
2  61 
2  12 
1  13 97329282  
3 
3 
2  4 
2  104 
3 
2  96 
3 
1  110 550819351  
2  58 
3 
2  70 
3 
3 
2  27 
1  8 129578987  
1  124 1048271236  
2  10 
3 
2  50 
3 
3 
2  125 
2  41 
1  8 1521945998  
2  11 
3 
3 
2  100 
1  99 1708139307  
1  22 962406120  
2  0 
1  12 386847217  
3 
2  3 
3 
3 
1  87 75485595  
1  29 1351316770  
3 
3 
2  70 
1  123 1558053205  
1  21 1726488238  
2  22 
3 
1  12 2135058607  
2  4 
1  12 1135374616  
1  99 1903144956  
1  7 362644774  
3 
3 
3 
1  100 220889422  
2  75 
3 
1  40 1819556578  
3 
3 
1  0 1459171897  
3 
3 
3 
1  22 2047392527  
3 
2  66 
1  22 766303003  
3 
3 
1  93 501371188  
1  11 1557969076  
3 
3 
2  4 
3 
2  4 
2  33 
1  10 1710511521  
3 
3 
2  36 
1  2 561571718  
3 
2  5 
3 
3 
2  0 
3 
2  14 
2  40 
1  15 1811910776  
3 
3 
1  120 564342576  
1  126 575826451  
2  79 
1  57 1273440177  
1  58 1244017954  
1  0 1541919698  
2  110 
3 
3 
2  55 
1  23 1370769459  
2  11 
2  85 
3 
3 
3 
2  25 
2  1 
3 
2  19 
3 
2  16 
3 
3 
1  39 1794837305  
1  0 1671498685  
2  119 
2  102 
2  35 
2  24 
2  22 
1  10 271557047  
3 
2  83 
1  5 1169299655  
3 
3 
2  39 
3 
3 
2  114 
1  2 1232154345  
3 
3 
3 
1  1 1233963168  
2  9 
3 
1  102 1556146873  
1  83 1307639940  
3 
1  2 437796290  
1  48 966716430  
3 
3 
1  51 886644530  
2  88 
1  71 425371249  
2  14 
2  118 
3 
2  88 
2  70 
1  19 2102091046  
3 
1  102 642305838  
3 
3 
3 
1  61 788016023  
2  109 
2  21 
2  3 
2  74 
1  79 175496820  
1  11 314378768  
3 
3 
2  40 
2  11 
1  70 99704273  
3 
3 
2  67 
3 
3 
1  113 75405699  
2  69 
3 
3 
3 
3 
2  13 
1  3 1080681771  
3 
2  7 
2  24 
1  6 601075461  
2  16 
3 
3 
2  13 
2  19 
2  16 
2  87 
1  7 1633374776  
3 
2  17 
3 
2  92 
2  49 
2  1 
3 
3 
2  82 
1  18 643709644  
1  2 1162647179  
3 
3 
2  16 
1  3 1297801904  
1  46 1208052221  
2  16 
1  26 1738473631  
2  2 
1  5 423758433  
3 
3 
1  40 304586527  
3 
3 
3 
1  100 1132909681  
3 
2  12 
3 
1  68 1794527893  
3 
3 
1  13 2099423832  
1  5 656924719  
1  46 2066084940  
2  20 
1  33 1121239840  
3 
1  40 1889079064  
3 
3 
3 
3 
3 
1  63 1152564460  
2  15 
2  20 
2  55 
2  58 
2  56 
3 
2  67 
1  29 529903065  
2  12 
1  7 1049235356  
1  103 1590360750  
2  6 
3 
3 
1  28 1496619495  
1  6 1935879886  
2  57 
2  14 
1  11 2015731999  
1  0 1451226894  
2  7 
3 
2  2 
1  11 430702076  
3 
3 
2  4 
2  6 
2  15 
1  61 656264375  
2  12 
2  17 
1  59 1626723714  
2  8 
2  26 
3 
3 
3 
1  86 745080845  
3 
1  21 755968648  
2  78 
1  3 1702129414  
2  12 
1  1 1825762616  
1  57 1357044109  
1  35 1188020542  
1  5 321988613  
3 
1  18 372207641  
2  25 
3 
2  49 
1  12 338338798  
2  5 
1  11 1530040834  
3 
3 
2  24 
3 
2  32 
2  10 
3 
3 
3 
1  43 2110681272  
1  26 762097231  
1  8 1834627361  
1  64 1096107305  
3 
2  12 
1  7 409141476  
1  1 1786567545  
1  2 1753032024  
3 
1  10 327742769  
3 
1  0 760323737  
3 
2  118 
2  15 
1  12 1494627440  
2  4 
2  5 
3 
2  8 
1  9 1480307229  
3 
3 
2  70 
3 
1  34 1290226802  
2  95 
2  8 
3 
2  74 
1  9 396379148  
2  24 
3 
2  10 
1  118 923184332  
2  90 
3 
2  13 
3 
3 
1  102 639362650  
2  37 
2  17 
3 
1  7 184775386  
3 
3 
1  97 791432683  
1  92 2090589544  
2  22 
1  3 615477463  
3 
2  33 
1  77 1447697058  
3 
3 
1  21 1569829610  
1  7 1360558308  
2  83 
1  43 56182058  
2  66 
2  29 
2  104 
1  119 1124475376  
2  11 
3 
1  9 1038837276  
1  65 1413226168  
1  8 165012270  
2  9 
3 
3 
3 
2  111 
2  84 
3 
3 
3 
1  36 1360825889  
2  120 
1  19 1785433809  
3 
2  79 
3 
2  6 
3 
2  36 
2  30 
2  19 
2  9 
3 
1  13 503351068  
1  107 743383075  
3 
2  98 
2  47 
1  7 1748631433  
2  7 
1  18 1265448300  
2  5 
1  37 430526788  
1  44 697255090  
3 
2  37 
1  38 1674589776  
3 
1  10 69610686  
1  90 302803467  
1  6 2002332545  
2  11 
3 
2  55 
3 
3 
1  19 829934423  
2  18 
2  57 
1  17 1797430907  
2  82 
2  12 
2  22 
2  108 
1  104 1335156127  
3 
1  119 2120161226  
3 
2  70 
1  31 46326408  
1  15 110856811  
3 
3 
2  41 
1  11 612040228  
2  39 
1  87 231101794  
3 
2  107 
2  96 
2  71 
1  3 902289494  
1  12 555146124  
1  62 846579257  
1  0 202502905  
1  29 2124975734  
3 
3 
2  27 
2  52 
3 
3 
3 
2  19 
3 
3 
2  83 
3 
2  124 
3 
3 
1  1 59653917  
2  20 
1  10 258684963  
1  10 1101967463  
2  60 
1  2 1098491194  
1  120 1671911131  
1  42 1266979733  
2  23 
1  10 311833435  
1  67 1309861292  
2  47 
1  73 1770330802  
2  72 
3 
3 
2  2 
1  80 1055216511  
3 
3 
1  68 911009077  
2  13 
3 
1  8 888295454  
3 
2  28 
2  25 
2  58 
2  12 
1  43 1485743299  
3 
3 
1  33 1608264168  
3 
1  18 415401582  
3 
1  114 1555353985  
3 
2  28 
3 
3 
2  116 
2  103 
2  28 
1  41 1911067635  
3 
3 
2  14 
2  17 
2  101 
1  42 270250480  
2  4 
2  7 
3 
2  16 
3 
2  72 
2  39 
1  118 237804761  
1  31 1561014894  
2  31 
1  16 1605406607  
1  6 210482339  
1  16 1607341302  
3 
2  105 
3 
2  101 
3 
1  50 1716263418  
2  12 
2  55 
1  32 822522567  
3 
1  13 1838443097  
1  56 471069264  
1  19 1377668691  
1  22 537538706  
3 
1  104 673572169  
1  72 1355160777  
2  60 
1  15 597192624  
1  18 932257133  
2  93 
3 
2  21 
3 
1  16 309644592  
1  34 1695683818  
3 
1  25 456684616  
1  9 1576624326  
1  115 2007517253  
1  128 1766545909  
1  3 1199471480  
2  25 
3 
2  125 
2  9 
1  83 915250116  
1  25 530071338  
1  8 2087766934  
3 
3 
1  12 253509768  
2  26 
1  7 2138335506  
2  9 
1  66 355684868  
3 
2  58 
2  14 
2  4 
1  63 1808863753  
2  16 
2  116 
2  11 
2  11 
2  111 
3 
3 
2  10 
3 
1  63 1901919493  
3 
2  72 
1  20 625935348  
3 
3 
1  66 2046668514  
2  45 
2  17 
3 
1  19 1315450740  
2  125 
1  8 83858307  
2  124 
1  38 109667205  
1  7 775308394  
1  1 1800121725  
2  13 
2  22 
2  111 
3 
3 
1  12 932189772  
1  16 466267843  
1  2 123707342  
3 
2  24 
2  88 
2  32 
1  19 162374815  
2  38 
1  87 1003806550  
3 
3 
2  116 
3 
2  104 
1  129 797279511  
3 
1  17 1517535593  
3 
2  90 
1  91 1600999174  
2  93 
2  45 
3 
3 
2  20 
2  22 
1  63 1729536644  
3 
2  72 
3 
2  51 
3 
3 
3 
2  87 
1  9 1827180185  
3 
2  88 
3 
3 
2  14 
1  107 1149199344  
3 
3 
2  20 
3 
3 
1  122 38737613  
3 
1  24 1256320863  
2  34 
2  78 
1  18 1009232949  
3 
3 
1  22 1805283522  
1  68 308308695  
2  71 
2  12 
3 
1  14 1924483066  
1  82 187871212  
3 
2  20 
1  49 248591981  
1  81 30509186  
2  15 
3 
1  38 178723071  
2  11 
2  22 
3 
2  34 
2  42 
1  11 604276850  
3 
1  104 1839372939  
1  15 2080642564  
2  95 
3 
3 
1  3 1230212198  
2  8 
3 
3 
2  26 
3 
1  0 1738557806  
2  102 
2  26 
1  29 1248609656  
2  103 
2  51 
1  2 1314070506  
3 
1  94 1848225011  
2  109 
1  5 2023918051  
3 
1  35 966708583  
1  41 632931136  
1  117 342702246  
3 
2  42 
2  124 
1  5 1090415925  
1  52 795305951  
3 
1  61 1346508796  
2  23 
2  60 
3 
3 
3 
3 
1  116 1887695437  
1  25 165357896  
3 
3 
2  17 
2  19 
2  22 
1  18 800024322  
2  3 
1  26 1469748433  
3 
3 
2  20 
2  21 
1  96 1992538082  
2  103 
3 
1  39 1949223666  
2  11 
1  105 1508486046  
2  12 
2  43 
3 
2  90 
1  16 1101375297  
2  25 
1  17 810972968  
3 
3 
1  100 1166285920  
2  0 
1  12 1409683993  
2  18 
3 
3 
1  89 587972386  
3 
1  13 1354157133  
2  23 
2  35 
1  117 1658275974  
3 
1  11 618481572  
3 
2  0 
2  20 
3 
1  9 1532880204  
2  81 
1  63 115069176  
2  34 
1  1 310370863  
2  43 
2  107 
3 
2  100 
2  6 
2  86 
1  1 1466039120  
1  69 1345281375  
2  3 
1  57 2048928669  
2  19 
2  5 
3 
2  55 
2  48 
1  22 567165129  
1  19 511868233  
3 
2  53 
3 
2  57 
2  112 
3 
3 
3 
3 
2  16 
3 
1  8 1749670033  
3 
1  89 443599532  
2  1 
1  120 1478576816  
3 
2  8 
2  69 
2  119 
2  29 
3 
1  6 235117521  
3 
1  119 786301778  
1  19 421509094  
3 
2  1 
3 
1  20 1030423472  
2  67 
2  122 
3 
1  24 2132810575  
2  50 
1  4 161720883  
1  9 1195781369  
3 
1  101 785351249  
2  60 
1  106 1631469316  
1  71 1040835803  
1  26 587091268  
2  63 
3 
3 
1  18 992471715  
3 
3 
1  90 2142211100  
2  46 
3 
3 
2  75 
1  12 1398064236  
1  41 11273987  
2  114 
2  11 
2  17 
2  14 
1  100 1404411445  
3 
3 
1  13 1986036622  
3 
3 
2  28 
3 
3 
2  11 
2  54 
2  9 
3 
1  1 1365431120  
3 
3 
2  19 
1  71 915203772  
3 
3 
3 
1  125 457034546  
2  81 
1  4 750827676  
3 
2  2 
1  44 1030272948  
1  33 767405409  
1  25 69383149  
3 
2  35 
2  96 
1  124 228070675  
1  64 668850431  
1  15 636548278  
1  36 739938908  
3 
3 
3 
3 
3 
2  27 
2  0 
2  70 
1  19 271036816  
2  24 
3 
3 
1  70 1080147810  
3 
3 
1  22 71032077  
3 
