1  1 779830335  
1  0 1161984278  
3 
1  0 1608234989  
3 
2  5 
1  0 1937017939  
2  0 
2  25 
3 
1  0 1171153006  
3 
2  79 
3 
3 
2  2 
1  18 2002730358  
3 
1  56 2075865064  
2  58 
2  1 
3 
3 
1  0 297336969  
1  37 1467436867  
3 
2  87 
1  1 440168780  
3 
1  2 1614329382  
3 
3 
3 
1  1 2028426308  
2  3 
2  81 
1  1 250401430  
3 
1  0 936224902  
2  5 
3 
2  104 
1  2 1396090590  
1  65 911028611  
2  5 
2  3 
3 
3 
2  3 
2  28 
1  2 1184933376  
2  0 
1  49 435204096  
3 
3 
1  59 1240773943  
2  0 
1  99 97914968  
3 
3 
1  0 912478384  
3 
1  0 1447389200  
1  10 432259216  
3 
1  39 929667250  
1  3 204197018  
2  1 
2  101 
3 
2  2 
3 
1  43 1895342771  
2  2 
3 
3 
1  1 1639823537  
3 
3 
2  2 
2  1 
3 
2  60 
1  0 256713671  
2  0 
3 
2  93 
2  82 
1  46 1974936754  
2  0 
1  23 1531940670  
1  0 1827471050  
1  0 607283441  
3 
2  102 
1  58 546441301  
1  1 1288222392  
2  0 
3 
1  1 396817733  
3 
3 
1  0 1717594307  
3 
1  2 1143469102  
2  15 
1  49 325199149  
2  80 
3 
2  95 
1  3 2014931277  
3 
1  5 463422321  
2  1 
3 
1  16 765367929  
2  104 
1  1 1481777011  
2  2 
3 
1  100 344364981  
2  1 
2  3 
2  15 
3 
3 
2  55 
3 
3 
2  6 
1  3 1015769359  
1  4 270518265  
2  3 
3 
2  1 
1  1 1740455572  
1  1 1926797970  
2  45 
2  5 
2  41 
2  6 
1  2 1455451641  
1  4 28176020  
1  1 1020088265  
1  1 1553366609  
2  7 
2  7 
1  1 940654405  
2  72 
1  7 319993818  
2  1 
2  36 
2  108 
3 
3 
1  6 1985625826  
3 
1  0 1870321655  
2  61 
2  78 
2  37 
3 
2  1 
2  7 
1  62 524190836  
3 
1  0 1733484949  
2  62 
3 
3 
2  31 
1  8 1362661544  
3 
3 
3 
2  1 
3 
3 
2  4 
1  0 780904507  
2  2 
3 
3 
3 
2  6 
3 
2  1 
3 
2  4 
1  3 1560938056  
1  0 747118567  
2  87 
2  1 
1  0 460891909  
3 
2  3 
1  0 20737849  
2  103 
3 
2  1 
3 
3 
2  71 
3 
2  66 
3 
2  24 
2  98 
3 
3 
1  1 1293559868  
3 
3 
1  16 1749114301  
3 
3 
2  1 
3 
2  5 
3 
2  67 
2  20 
3 
3 
1  4 417555582  
2  5 
3 
1  31 863670527  
2  70 
3 
1  2 745099756  
2  1 
1  30 742754731  
1  0 731118156  
2  61 
2  78 
1  3 1208522077  
3 
3 
2  5 
3 
2  10 
2  2 
1  10 1508122661  
1  44 65411519  
1  0 1552887059  
3 
1  6 376408372  
2  35 
1  0 335929784  
3 
1  38 1145858983  
1  3 155722695  
1  30 1791381426  
2  3 
2  59 
3 
3 
3 
1  56 1174035003  
2  105 
1  95 1175810960  
1  7 1197264387  
3 
2  0 
1  92 2114689408  
3 
1  1 1495804778  
3 
3 
3 
1  100 1035406565  
2  25 
3 
3 
2  84 
2  63 
3 
2  4 
1  86 1837527416  
3 
2  14 
3 
2  2 
2  99 
3 
3 
1  20 2019995614  
1  1 621407867  
1  3 1052705312  
1  4 653416473  
2  3 
2  40 
2  1 
3 
1  41 34862275  
2  7 
1  4 1799823879  
1  96 1114308383  
3 
1  5 55600124  
1  5 945900099  
1  6 715939036  
3 
2  5 
3 
1  38 473155707  
1  8 1809570627  
2  32 
1  4 1461038792  
1  81 1215910438  
3 
1  1 393205135  
2  104 
1  42 522077222  
1  5 576549451  
2  8 
3 
2  108 
3 
1  52 458616655  
2  7 
3 
1  93 2074964281  
1  105 952957824  
3 
1  111 794546439  
2  1 
2  98 
2  1 
1  82 1073339616  
2  8 
3 
3 
2  85 
1  6 1108680519  
3 
1  75 438444217  
2  97 
2  2 
3 
1  6 99890971  
2  0 
3 
1  43 137007831  
3 
3 
3 
1  14 1635708605  
3 
1  95 67096732  
3 
1  51 1632812610  
3 
1  1 523631522  
1  2 1904624148  
2  97 
1  1 1505324576  
2  11 
2  82 
3 
3 
3 
2  0 
1  107 1145039389  
3 
2  3 
3 
1  8 809845812  
3 
2  69 
1  84 11257402  
2  45 
2  86 
3 
3 
3 
2  51 
1  82 1179901664  
1  17 462186044  
1  6 1125565785  
3 
2  53 
3 
2  10 
2  71 
1  0 1235501789  
3 
2  27 
3 
3 
3 
1  0 1408086143  
2  101 
2  0 
2  4 
3 
2  31 
1  6 1841504821  
1  6 1708657496  
1  45 1070173122  
2  3 
1  53 1155059966  
3 
3 
1  49 777084286  
3 
1  0 1463378258  
1  107 1677137188  
3 
2  8 
2  83 
1  49 1353633738  
2  2 
1  110 1921994913  
2  1 
1  22 1604617821  
3 
1  5 159107914  
2  8 
1  82 569057704  
1  80 530473789  
3 
2  5 
3 
3 
2  12 
3 
1  3 1267788433  
2  65 
1  76 1007501922  
1  25 630364760  
1  18 1404796264  
2  2 
2  4 
3 
2  59 
2  70 
1  48 495726879  
2  23 
1  0 697461492  
1  18 890125226  
2  92 
2  2 
2  92 
3 
2  5 
3 
1  13 1019358401  
2  71 
2  50 
3 
3 
1  1 454601992  
1  0 247966155  
2  1 
3 
1  2 16914143  
1  4 1264447805  
1  75 259223557  
3 
1  87 1196815807  
1  7 1726633849  
3 
1  105 1384789342  
1  42 284833948  
2  104 
2  4 
1  4 987236344  
1  35 1078810515  
1  9 1993491444  
3 
3 
1  94 2057409467  
2  1 
3 
2  87 
2  10 
1  94 86386833  
3 
3 
3 
3 
2  1 
3 
2  5 
1  75 623092083  
2  66 
2  4 
2  4 
1  71 1373304077  
2  104 
1  4 1763524021  
3 
3 
1  33 1976725821  
3 
2  59 
2  2 
3 
3 
2  53 
3 
3 
1  16 1147815342  
2  27 
3 
1  3 1220658194  
1  79 2135833735  
3 
2  32 
3 
3 
3 
3 
1  4 1716873046  
2  7 
1  6 1751131983  
1  34 1256138520  
3 
1  27 576891320  
3 
2  2 
2  39 
2  33 
2  46 
2  2 
1  11 234013096  
2  3 
2  3 
2  0 
3 
1  1 513451136  
3 
2  2 
1  0 1072618199  
2  56 
2  47 
3 
3 
1  81 931474588  
2  3 
1  2 1403576363  
2  2 
2  1 
3 
1  33 2091976601  
1  93 1386076581  
2  0 
3 
2  14 
3 
3 
3 
1  0 1651542518  
3 
2  0 
1  2 2108890744  
3 
1  0 503040738  
1  96 1910766075  
3 
3 
2  49 
3 
3 
1  55 1158222903  
3 
1  88 82190939  
3 
2  0 
2  0 
1  0 1148071769  
1  94 1443056852  
3 
3 
3 
3 
3 
3 
2  0 
3 
2  0 
2  0 
2  0 
1  1 1069427283  
1  0 79398636  
1  78 1289064648  
3 
1  0 979353102  
1  75 165785470  
1  26 1912156731  
1  68 205173531  
3 
3 
1  1 1929309491  
2  1 
1  33 1741398904  
1  69 1352988873  
1  64 1002484038  
1  73 1729748991  
2  0 
1  0 922378272  
1  39 606132373  
3 
3 
2  1 
3 
2  1 
1  0 838403863  
2  99 
1  1 1499269592  
2  0 
2  0 
3 
1  0 840145469  
1  47 1351855000  
3 
1  18 424404144  
3 
1  96 1771620058  
2  27 
1  76 607947715  
2  0 
1  0 368897097  
2  0 
3 
2  0 
1  60 1010212991  
1  50 112006585  
3 
1  50 330304193  
3 
3 
3 
3 
3 
2  0 
2  0 
1  0 1513253729  
1  0 2022772660  
1  2 1488527096  
1  0 1595444668  
3 
1  62 1023360781  
1  8 784100300  
3 
2  1 
3 
3 
3 
2  63 
2  1 
1  0 517388303  
3 
1  2 1102759417  
1  63 2073164949  
2  95 
2  43 
3 
1  47 1496741406  
2  1 
3 
2  2 
3 
3 
3 
1  1 1268544887  
2  100 
3 
1  0 1837838032  
3 
3 
2  41 
2  0 
1  2 1701914937  
2  81 
2  20 
3 
3 
2  2 
2  17 
2  2 
1  0 1050370731  
1  0 1431753289  
3 
1  2 907420163  
3 
1  1 2052854769  
1  4 1014018632  
3 
2  41 
2  30 
2  2 
2  34 
1  5 1829798435  
1  3 511503494  
2  7 
1  71 1852422496  
3 
2  0 
3 
1  75 1181584379  
2  1 
1  60 1351648964  
3 
1  1 1056793848  
3 
1  0 1605988523  
3 
1  87 975785374  
2  53 
1  1 1664741563  
3 
2  3 
2  4 
1  61 1974885620  
2  81 
1  2 1985998365  
3 
1  62 1776748148  
3 
3 
1  0 157706165  
2  3 
2  49 
3 
2  25 
1  3 1351768446  
3 
2  8 
3 
2  7 
3 
2  13 
1  44 1652037160  
1  83 1646233262  
2  5 
1  5 799729466  
3 
3 
2  3 
2  70 
1  3 527914293  
2  89 
3 
1  2 282849914  
3 
3 
2  75 
2  62 
1  1 1317117769  
2  22 
3 
1  48 1630673710  
2  8 
3 
2  2 
2  9 
2  5 
3 
3 
1  22 208531215  
2  1 
2  4 
3 
2  1 
1  2 666375527  
1  0 751734950  
1  3 2046369248  
3 
3 
3 
2  5 
2  0 
1  27 220806817  
3 
2  53 
2  1 
1  89 1802105681  
3 
2  1 
2  66 
2  58 
3 
1  79 1330638889  
1  63 1128226980  
3 
2  17 
1  40 1707476802  
3 
2  96 
1  93 197173873  
2  1 
1  11 810541767  
1  72 71496648  
1  22 2049596369  
3 
2  11 
2  36 
1  45 1992126146  
3 
3 
2  0 
2  0 
3 
3 
3 
2  32 
1  0 1423145612  
2  42 
1  0 958906569  
1  0 1450631022  
2  2 
2  0 
3 
3 
1  30 251447338  
3 
3 
3 
1  0 476164484  
3 
3 
1  22 1278032994  
1  0 89962055  
3 
1  0 105428984  
1  3 1435739160  
3 
2  1 
1  102 1441730501  
3 
2  86 
3 
3 
2  3 
2  2 
1  1 1757466144  
1  93 934488774  
2  35 
2  0 
2  0 
3 
3 
1  0 93976319  
3 
3 
2  86 
1  38 137896789  
3 
3 
1  1 1217338688  
2  1 
2  98 
2  0 
1  0 1411094089  
1  82 1768570500  
3 
3 
2  1 
2  0 
2  0 
2  8 
2  78 
3 
3 
1  37 1425869904  
1  58 2077469616  
3 
2  1 
2  0 
1  0 372821802  
3 
3 
3 
1  0 1324755504  
1  1 150792785  
2  44 
1  1 27443835  
3 
3 
1  2 507910745  
2  30 
3 
1  49 1279019765  
3 
2  1 
3 
3 
3 
3 
1  92 1734920637  
1  2 705084618  
3 
2  20 
3 
1  4 2089561532  
3 
1  46 1806417285  
3 
2  5 
1  13 607197340  
1  4 1934204031  
1  4 1082079250  
1  5 1566103909  
1  54 1237351405  
1  5 1333526588  
1  44 2042268394  
3 
2  21 
3 
2  2 
2  0 
1  93 367900751  
1  49 1423488644  
2  28 
3 
2  5 
1  62 213730  
3 
1  0 1803639911  
3 
1  22 717735497  
2  73 
3 
2  2 
3 
3 
2  5 
2  76 
3 
3 
1  76 1757679875  
1  0 590645037  
1  32 811711817  
2  0 
1  1 1895576664  
2  27 
3 
2  30 
2  56 
3 
2  5 
2  62 
3 
3 
3 
3 
1  4 1807983726  
1  5 75322258  
1  0 1516663516  
1  5 1086369982  
2  3 
1  1 5308226  
3 
1  68 1889485318  
1  63 263641838  
3 
1  4 156101012  
2  3 
2  7 
1  6 1916929153  
2  7 
2  39 
3 
1  2 771552583  
2  4 
1  60 1435120777  
1  1 1504366142  
1  7 1476637201  
2  28 
2  105 
2  3 
1  2 1377198662  
3 
2  4 
2  4 
2  83 
2  51 
1  56 1163299780  
3 
2  5 
1  8 2083834541  
3 
2  69 
3 
3 
2  2 
2  102 
3 
2  0 
1  3 1163919045  
3 
1  1 97895382  
1  71 1502454803  
2  0 
2  63 
1  71 253786802  
1  7 1431421970  
2  104 
1  5 1397239549  
3 
2  4 
3 
2  1 
1  51 621687553  
1  66 707426966  
3 
1  3 1397453279  
1  98 277843817  
2  4 
1  46 1425162464  
2  0 
3 
3 
3 
1  2 1007649506  
2  3 
3 
1  3 868488854  
1  74 89390633  
2  22 
3 
2  70 
1  3 755742523  
2  5 
3 
1  1 528988932  
2  89 
1  60 164712891  
3 
1  26 124922391  
3 
3 
2  1 
2  3 
1  41 1615358914  
1  2 170021117  
3 
3 
2  29 
2  4 
1  90 2014407710  
2  40 
1  71 1879000752  
3 
1  1 326122129  
1  4 1783853215  
3 
1  103 503069687  
1  6 1761242907  
1  6 1140735710  
2  6 
2  1 
1  95 1979706889  
1  4 990957921  
3 
2  60 
3 
2  4 
2  7 
3 
3 
1  1 156551842  
2  95 
3 
3 
3 
3 
2  0 
1  79 1916057782  
2  45 
1  5 7393318  
1  56 254447224  
3 
3 
2  2 
1  5 1271028937  
3 
1  6 261180120  
1  60 1685869194  
2  1 
3 
3 
1  2 520784838  
1  97 882867673  
1  70 245812513  
1  0 1918238118  
3 
1  1 1160711490  
2  15 
2  84 
1  84 1670974977  
3 
1  0 778403976  
3 
2  3 
3 
1  2 2029200345  
2  69 
1  53 1760365610  
3 
3 
3 
3 
1  100 1534146499  
1  70 410705629  
3 
1  1 1925078501  
3 
1  0 1659068891  
3 
3 
2  12 
3 
3 
2  21 
2  4 
2  98 
2  8 
2  4 
3 
1  74 2026064544  
2  6 
2  6 
3 
1  46 2095099618  
3 
3 
1  102 1525992953  
3 
1  1 1757581648  
3 
3 
2  7 
3 
2  0 
3 
2  1 
2  3 
2  1 
3 
1  2 273738100  
2  3 
2  0 
2  67 
1  1 1162362520  
2  1 
3 
3 
2  17 
1  56 113167688  
1  101 2034981007  
1  37 155614582  
2  1 
3 
2  16 
1  0 2092874577  
2  1 
2  0 
1  0 878455280  
2  0 
1  44 312166424  
3 
3 
2  0 
2  36 
2  0 
1  18 1861448711  
3 
2  0 
2  51 
1  69 885848598  
3 
3 
1  0 566613648  
1  26 984994001  
3 
1  17 1147028718  
3 
3 
2  0 
2  69 
2  0 
3 
2  17 
2  96 
1  96 104999195  
3 
2  37 
2  22 
3 
2  8 
2  0 
2  59 
3 
2  35 
3 
3 
1  25 1505778839  
1  0 2029896391  
2  30 
2  37 
3 
3 
3 
2  0 
3 
2  0 
3 
3 
2  88 
2  75 
3 
3 
2  88 
1  94 350811708  
2  0 
1  0 1276533309  
1  0 1043124234  
3 
3 
3 
2  0 
1  0 2021786685  
2  2 
3 
1  86 2054937286  
1  0 924840931  
3 
1  55 1634668647  
2  0 
3 
1  1 1441600137  
2  56 
2  1 
1  0 1335546560  
1  8 1412263500  
1  0 953185380  
3 
1  97 1214127456  
3 
1  0 1359879470  
2  88 
1  55 331694685  
1  49 824225457  
2  82 
3 
3 
1  75 1633617570  
1  22 1494057206  
3 
3 
2  1 
2  0 
3 
2  1 
2  91 
2  36 
2  56 
2  24 
1  6 937393145  
3 
3 
3 
1  34 1521114929  
2  1 
3 
2  0 
1  52 1649671788  
1  44 882784074  
3 
3 
3 
1  0 252086561  
1  82 1961838213  
1  21 596749137  
2  17 
1  0 1137935159  
1  0 380968213  
3 
2  96 
3 
3 
2  74 
1  1 1581743138  
1  33 137480229  
2  1 
1  53 485967408  
1  75 940038330  
3 
2  1 
1  0 19892973  
2  3 
3 
2  73 
2  2 
2  87 
1  0 836779116  
2  67 
2  46 
2  60 
3 
2  0 
2  8 
1  34 69087991  
1  0 1063017207  
2  2 
1  1 711082153  
3 
2  58 
2  11 
3 
2  1 
3 
3 
3 
2  28 
1  77 2124025277  
2  1 
2  41 
1  27 1987858138  
1  0 198267152  
1  1 1418141767  
2  1 
3 
3 
2  0 
2  23 
3 
1  0 1175921050  
3 
1  69 1610530652  
2  1 
3 
3 
1  45 223843499  
3 
3 
3 
1  0 242564859  
2  1 
3 
1  0 822926475  
1  1 555538185  
3 
1  62 1066790316  
3 
3 
3 
2  20 
2  38 
1  1 309060397  
3 
3 
2  3 
3 
2  97 
3 
1  1 2049595391  
3 
2  99 
2  16 
3 
3 
1  67 2004183461  
3 
2  1 
3 
1  34 1830175327  
3 
2  2 
2  0 
2  80 
2  0 
2  79 
1  83 1551783531  
3 
1  0 739483887  
3 
1  45 2082261888  
3 
1  55 1366138096  
2  0 
3 
1  45 1336233024  
3 
3 
3 
2  16 
1  0 1072713400  
2  1 
3 
2  0 
3 
3 
1  0 1747106310  
1  58 770492515  
2  73 
2  0 
1  0 1210193629  
3 
3 
3 
1  0 85590070  
1  1 1710530845  
3 
3 
3 
2  2 
3 
3 
1  1 1230086602  
2  97 
3 
1  36 922369187  
3 
1  18 1779618836  
3 
1  2 145620161  
3 
1  22 1633451340  
1  70 1756160466  
2  103 
2  52 
1  55 2133478299  
2  0 
2  38 
2  1 
2  33 
2  1 
1  13 1831718493  
1  0 1026818585  
1  1 1161915702  
2  1 
2  35 
3 
1  25 1294765497  
2  67 
3 
2  0 
2  91 
2  2 
2  27 
2  39 
3 
1  0 1250662084  
1  0 1404480561  
3 
2  0 
2  1 
3 
1  0 2117691972  
2  24 
2  36 
2  34 
1  25 1806200269  
3 
1  20 323787229  
3 
2  1 
2  0 
1  47 279268722  
1  79 1708312012  
1  0 180487042  
3 
2  0 
1  0 2109444049  
3 
1  0 1112611896  
3 
1  1 919970929  
2  1 
3 
3 
2  0 
1  0 2044222289  
3 
3 
1  0 331266344  
1  68 108720305  
2  0 
2  1 
1  21 969452041  
1  70 2078372654  
1  0 879212820  
2  61 
1  1 32162023  
2  68 
2  0 
2  90 
3 
2  1 
3 
3 
1  16 16479077  
2  62 
3 
1  0 442260017  
2  69 
3 
2  1 
2  75 
1  51 1262248625  
1  62 938848264  
1  47 74395206  
1  0 1407868787  
3 
3 
2  50 
3 
2  31 
3 
2  0 
2  0 
1  3 424815956  
1  0 1830555672  
2  0 
1  10 1393863438  
3 
2  0 
2  80 
1  50 109050801  
3 
2  64 
2  10 
3 
1  98 709890609  
3 
2  3 
3 
1  32 408295492  
3 
3 
1  96 1403816299  
2  0 
2  0 
3 
1  0 1960552693  
1  67 1812776053  
1  0 1374024623  
1  1 1619269315  
2  1 
2  0 
3 
1  0 2136563282  
2  1 
1  0 1653293345  
3 
3 
1  12 1180097679  
2  83 
2  0 
3 
1  0 169566676  
1  19 1615253746  
3 
1  83 145225927  
3 
3 
2  78 
1  8 1089537605  
1  67 1511992388  
2  0 
1  0 476492272  
3 
2  94 
2  16 
2  1 
3 
2  70 
1  0 1198257911  
3 
1  0 333960781  
1  23 407381278  
3 
1  1 2077470731  
1  0 366122804  
3 
2  4 
3 
3 
2  3 
2  23 
3 
3 
3 
3 
2  70 
3 
3 
3 
3 
1  68 423860355  
3 
3 
2  0 
3 
3 
3 
1  94 372247101  
3 
1  1 1628371430  
1  2 1362708619  
2  3 
2  2 
3 
1  0 446642307  
2  36 
2  14 
3 
3 
1  23 888756569  
3 
1  16 1787524576  
3 
2  28 
2  0 
2  1 
2  0 
3 
3 
3 
1  26 129714331  
1  12 135136359  
1  0 1896575377  
1  0 839604940  
2  0 
1  0 543431852  
1  24 1152908028  
1  86 652673985  
3 
2  0 
2  0 
2  0 
1  0 208724257  
3 
2  99 
3 
1  0 379449004  
3 
1  43 124459652  
1  1 197803892  
3 
1  69 2032742349  
1  2 1304557332  
2  19 
1  1 367370568  
1  81 1500512448  
1  16 1449783259  
2  24 
2  32 
2  0 
2  11 
1  1 1456908174  
1  82 865021188  
2  0 
2  0 
3 
3 
3 
3 
2  0 
1  1 1926275531  
2  1 
3 
1  0 507682437  
1  65 1198981969  
2  30 
2  98 
1  1 186173162  
1  3 437669520  
1  4 1565104774  
2  68 
2  4 
3 
3 
2  9 
2  7 
2  0 
1  0 610033517  
3 
3 
3 
1  6 809916621  
1  94 1045992556  
3 
2  41 
1  2 1972742137  
2  3 
1  4 1256558928  
1  4 1934749125  
2  2 
3 
2  5 
3 
2  42 
1  15 1612783065  
3 
1  1 1386273259  
1  106 2069885484  
1  30 1361874794  
1  2 78394551  
1  93 465833688  
2  0 
3 
2  76 
1  75 367299175  
3 
3 
1  86 731068537  
3 
3 
2  77 
2  2 
3 
2  105 
2  101 
1  7 674557946  
1  1 746748179  
3 
2  53 
3 
1  38 855528189  
1  17 872361838  
1  4 632006880  
3 
2  0 
2  0 
2  94 
1  100 12601873  
1  3 1239732406  
1  1 2132519328  
2  4 
3 
1  4 1462385133  
2  74 
2  58 
1  4 549156932  
1  6 850056868  
1  7 1241177016  
2  57 
3 
3 
1  90 1056839369  
1  106 2049038838  
2  2 
3 
3 
2  1 
2  85 
3 
1  1 1427350178  
2  75 
3 
3 
1  8 1494508890  
2  69 
2  84 
3 
3 
2  93 
3 
2  6 
1  7 1466659964  
3 
3 
3 
3 
3 
2  52 
2  3 
2  46 
2  33 
3 
2  6 
3 
1  24 2037383696  
3 
1  52 156941863  
1  0 365168872  
2  101 
1  6 1862642185  
2  6 
3 
3 
1  52 1413500792  
2  6 
3 
3 
1  1 152434349  
3 
2  3 
3 
2  103 
2  10 
1  13 1327941602  
2  7 
1  1 652290403  
1  62 74836185  
1  45 542332748  
2  60 
1  108 730684955  
1  106 540669874  
1  0 909631923  
2  48 
3 
1  63 1461753492  
2  7 
1  17 1215227820  
3 
1  33 1656380102  
2  3 
2  2 
1  8 169798033  
3 
2  1 
3 
2  2 
1  1 2087589658  
3 
1  4 140903335  
1  2 182399907  
1  3 1179838416  
3 
2  62 
2  0 
1  0 125939015  
2  31 
3 
1  69 1644785040  
1  7 1728995349  
1  7 975995884  
1  1 738478408  
3 
1  3 638351070  
2  57 
1  90 877551074  
1  7 18344939  
2  1 
1  0 2132859960  
1  58 196727390  
1  10 2055728635  
3 
2  103 
3 
2  105 
2  13 
1  11 142318176  
3 
1  17 561896262  
3 
3 
2  34 
3 
3 
3 
2  32 
3 
3 
1  34 1770887172  
1  107 1555818968  
2  49 
2  0 
3 
2  27 
1  7 714330611  
1  71 951345126  
3 
1  2 60625723  
3 
2  18 
1  10 789166796  
3 
3 
1  83 1493677874  
1  4 791310678  
2  89 
1  16 1329836670  
1  7 255826150  
3 
3 
3 
2  116 
2  2 
2  12 
2  91 
3 
2  12 
2  0 
2  4 
1  108 105580522  
2  11 
2  3 
2  7 
3 
2  3 
1  5 397580842  
2  4 
2  0 
1  53 1912206252  
1  7 275378556  
2  47 
2  56 
2  105 
1  6 337686852  
3 
2  92 
2  7 
2  9 
1  41 2053109587  
2  2 
2  5 
2  0 
2  58 
1  2 457778463  
3 
2  1 
1  40 1517525269  
3 
1  5 31564955  
1  2 2102563503  
1  74 1099036970  
2  3 
1  5 1007560839  
3 
2  47 
2  3 
3 
3 
2  5 
1  1 693558263  
1  15 1737388040  
2  4 
1  0 1885111913  
1  9 711903202  
2  4 
3 
2  3 
1  67 1722764353  
2  23 
1  37 2081839303  
2  4 
2  60 
1  76 620148189  
3 
3 
2  1 
1  2 1865082529  
1  12 496251917  
1  1 243551713  
1  53 1273417849  
2  46 
1  83 1210582528  
3 
3 
1  1 1194896839  
3 
3 
3 
3 
1  5 1334043572  
2  43 
2  2 
2  4 
1  2 1999749324  
3 
1  28 541091066  
2  4 
2  1 
2  14 
3 
1  1 2125354251  
3 
2  4 
2  3 
3 
2  39 
3 
1  83 1182102347  
3 
1  1 796917216  
1  0 83451125  
3 
2  2 
2  1 
1  37 1579683189  
1  15 561639820  
3 
1  48 358829681  
1  18 1917370042  
2  17 
2  1 
2  1 
1  0 467265760  
3 
3 
3 
3 
3 
1  37 816608144  
2  74 
1  1 1287411663  
3 
1  2 498830715  
3 
1  40 771687999  
1  34 238964985  
1  0 1506391554  
2  37 
2  46 
2  4 
1  2 1465246263  
3 
2  4 
3 
1  1 1976353025  
1  33 1244019819  
1  4 29665817  
3 
1  19 1551633730  
3 
1  105 1178375474  
2  66 
1  85 649814007  
2  4 
1  3 1269232611  
2  2 
2  5 
2  97 
3 
2  73 
1  4 1674627391  
3 
3 
1  19 893365720  
1  5 395166812  
2  4 
2  20 
3 
3 
3 
2  103 
1  5 737726271  
1  1 2088262560  
2  3 
3 
1  2 1729210385  
3 
2  4 
2  38 
2  8 
3 
3 
1  105 589991947  
3 
2  88 
3 
1  1 481869978  
1  1 1707080988  
3 
2  76 
1  87 1772094294  
1  2 1278787194  
3 
2  0 
2  47 
2  47 
2  102 
1  7 1790532113  
3 
1  110 1204293836  
1  86 1840427014  
2  50 
1  76 1878147  
2  102 
1  88 974180230  
2  82 
1  110 160209126  
2  59 
1  5 818486291  
1  7 114108245  
1  4 659039841  
3 
2  92 
3 
3 
1  110 1590174291  
3 
3 
3 
3 
1  5 353073230  
3 
1  80 17947747  
2  3 
1  23 907936906  
2  48 
3 
2  49 
2  4 
3 
3 
2  93 
2  74 
1  3 181942607  
2  15 
1  4 1261967566  
3 
2  6 
2  36 
1  15 937602723  
3 
1  12 1733576338  
3 
3 
2  61 
2  3 
1  24 292859392  
2  109 
3 
2  89 
2  25 
1  68 1587416730  
3 
1  108 855325301  
2  53 
1  5 1967486783  
1  43 333298803  
2  11 
1  88 1250492114  
1  16 557729406  
2  12 
2  35 
3 
2  13 
1  17 274077715  
1  76 832218851  
1  5 1147721354  
3 
1  2 755947693  
2  0 
3 
3 
1  57 391816191  
2  68 
1  8 772332000  
2  13 
2  59 
2  0 
3 
2  79 
2  9 
2  29 
1  73 2034734887  
2  1 
2  44 
1  85 34864656  
1  2 1976625836  
2  35 
3 
1  76 1727678253  
2  27 
2  95 
1  52 36742803  
1  102 803322418  
1  43 1887887380  
2  41 
1  6 855229095  
3 
3 
1  43 917430663  
3 
2  7 
1  82 399443573  
2  6 
3 
2  53 
2  84 
1  100 297919738  
1  3 1270503893  
2  68 
1  2 417391321  
3 
1  48 1205856644  
2  21 
2  112 
3 
1  69 1452446501  
3 
1  5 1679358887  
1  18 2143459367  
1  86 1038539191  
3 
2  68 
1  37 1972218280  
2  76 
2  63 
3 
3 
3 
3 
3 
3 
2  8 
1  2 1583392450  
3 
3 
3 
3 
2  73 
1  61 1893864492  
2  94 
3 
3 
1  113 1792221415  
3 
2  71 
2  0 
1  95 1916691253  
2  6 
2  7 
3 
3 
1  61 996872958  
1  104 202467174  
1  6 43285320  
1  1 1829091809  
2  82 
2  50 
2  11 
3 
3 
2  97 
2  1 
1  70 1350188528  
2  4 
2  85 
3 
3 
1  3 799233013  
3 
2  1 
2  3 
2  51 
1  103 73424352  
2  45 
1  90 2122520528  
1  1 686484252  
1  2 108289009  
3 
3 
3 
2  94 
1  4 1951662717  
1  6 266678857  
1  36 145031812  
3 
2  108 
2  1 
2  8 
3 
3 
2  92 
1  63 607501487  
2  25 
3 
2  3 
3 
2  4 
3 
1  3 7082589  
3 
3 
1  5 1000260907  
1  6 1524932151  
2  5 
3 
2  18 
1  3 406526163  
2  35 
3 
1  44 1298180645  
3 
3 
2  9 
2  9 
1  7 647952396  
2  7 
1  75 823917484  
2  1 
2  61 
2  24 
3 
2  51 
1  2 356553641  
3 
1  4 2100398897  
1  5 355792723  
1  9 352529361  
1  83 991454440  
3 
2  7 
3 
2  59 
2  92 
1  77 180527355  
2  6 
2  1 
3 
3 
2  94 
1  47 1935921811  
3 
3 
1  0 737835285  
2  0 
3 
1  1 1972748771  
3 
3 
3 
3 
1  4 1705129416  
2  8 
1  9 1734708243  
1  44 27732297  
3 
3 
2  47 
1  34 1748414736  
2  6 
1  5 1416316405  
3 
3 
1  5 1377920825  
2  22 
3 
2  11 
3 
2  10 
3 
3 
1  5 400164101  
2  83 
2  1 
1  9 1489740757  
3 
1  63 1352957705  
1  0 1086648353  
1  4 1598029766  
2  106 
3 
3 
2  99 
2  9 
3 
3 
2  8 
1  6 1157136774  
1  3 1353327210  
3 
2  58 
3 
2  89 
1  0 1743061579  
1  11 1764638262  
2  91 
2  109 
3 
3 
3 
2  12 
2  29 
2  7 
2  109 
3 
2  57 
3 
2  6 
3 
3 
3 
1  9 1360409800  
1  11 595838838  
2  9 
2  2 
1  13 1142086765  
2  74 
3 
1  107 1766935963  
2  6 
2  3 
2  5 
3 
2  6 
1  41 1894019484  
1  19 1790039161  
3 
2  37 
3 
3 
2  3 
2  2 
3 
3 
2  64 
1  85 443369799  
3 
3 
1  2 103089477  
2  12 
1  81 1742954411  
2  61 
3 
1  0 799162522  
2  7 
2  8 
3 
1  40 455618838  
2  15 
3 
3 
2  2 
2  1 
3 
1  2 586925203  
2  2 
3 
2  0 
3 
2  91 
3 
3 
3 
3 
1  56 979689878  
2  74 
1  63 244057001  
3 
1  100 1324760488  
1  91 804955001  
1  81 1949186417  
1  31 911985084  
1  53 832687298  
3 
1  103 1550117505  
1  1 180817841  
3 
3 
1  68 63124475  
3 
2  21 
1  43 1950281606  
2  76 
2  99 
3 
3 
2  4 
2  1 
1  81 1670558598  
3 
1  53 1416082180  
3 
1  93 889446311  
1  0 1121104717  
3 
3 
2  3 
1  101 425735307  
3 
3 
1  0 95289874  
1  6 716682648  
1  28 42889921  
1  1 1455699674  
3 
1  11 1312521486  
2  10 
3 
2  4 
3 
1  14 1184976686  
1  2 1075151989  
1  2 1059057322  
2  105 
2  3 
1  88 827532199  
1  80 1518521788  
3 
2  1 
1  16 1162146800  
2  0 
1  0 423002962  
2  3 
1  68 170200662  
1  27 1617765638  
1  19 1009928166  
1  2 1149890540  
3 
3 
3 
3 
3 
1  71 1861822640  
3 
3 
1  1 187205006  
2  3 
1  75 1954845541  
1  2 1663525409  
2  100 
2  3 
2  85 
1  37 1099190090  
3 
2  87 
2  1 
3 
2  18 
1  2 640049191  
3 
2  74 
1  63 1066159267  
3 
3 
3 
2  15 
3 
2  1 
3 
2  80 
1  18 1280007931  
2  0 
1  1 703173666  
1  79 868957225  
2  50 
2  81 
3 
2  1 
3 
2  63 
2  0 
1  0 803082882  
2  9 
1  0 2119255847  
3 
3 
1  51 1758403537  
2  1 
3 
1  30 1924187599  
2  1 
3 
1  54 397507506  
2  15 
3 
1  0 1853693411  
3 
2  1 
3 
2  51 
3 
3 
2  0 
1  0 493386599  
3 
3 
1  20 440397427  
2  15 
1  0 1161909437  
2  97 
3 
1  59 1805908085  
2  1 
1  28 1625374113  
2  70 
3 
3 
3 
1  0 89577778  
2  1 
3 
2  71 
1  5 717481760  
1  0 305422664  
2  46 
1  0 1608099566  
1  49 1879628560  
2  0 
3 
3 
1  0 728425627  
2  54 
2  62 
1  15 1778300228  
3 
1  2 1349910550  
2  0 
2  2 
3 
3 
1  66 1738353793  
2  79 
1  3 780707121  
1  31 1064249542  
1  90 1925558799  
1  29 588069014  
3 
1  1 580291304  
1  101 877265242  
1  1 1228118206  
3 
2  43 
1  3 1646450571  
3 
2  88 
3 
1  43 9789525  
3 
2  1 
1  56 1931291872  
1  102 367924148  
3 
1  92 812872407  
3 
1  40 1903064071  
1  89 2126327685  
2  54 
3 
3 
1  2 589576358  
2  88 
2  39 
2  0 
3 
3 
3 
2  25 
1  56 153087929  
3 
3 
2  18 
1  25 1832537448  
2  33 
1  3 1082962957  
3 
1  0 593485356  
1  1 846963237  
1  0 741387395  
1  75 71375821  
3 
1  5 936541015  
1  4 1458869155  
1  9 376798486  
1  4 397156933  
3 
3 
2  41 
2  2 
3 
1  42 1191014067  
1  5 1105224113  
3 
3 
2  11 
2  30 
3 
3 
3 
1  5 27973514  
2  57 
1  96 393440969  
1  38 696094258  
2  9 
2  63 
2  93 
3 
1  3 808680635  
2  3 
1  4 1457690512  
3 
2  1 
3 
1  27 474169409  
1  36 1396749649  
1  16 2037981816  
3 
2  70 
3 
1  5 1351434651  
1  0 477384207  
1  0 1536948739  
2  52 
2  7 
1  97 1361224177  
2  111 
2  4 
2  10 
1  37 261192432  
2  7 
1  1 1904872887  
3 
3 
2  3 
3 
2  71 
3 
3 
3 
2  21 
2  2 
3 
1  108 26612936  
2  8 
2  27 
1  6 16772855  
3 
3 
1  89 1883716925  
3 
2  6 
1  0 616189295  
1  6 169860785  
3 
1  16 1568770725  
3 
2  27 
1  1 1699152252  
1  40 763346141  
2  22 
1  9 268250315  
1  97 293055999  
1  6 834721963  
1  8 1204791330  
3 
3 
3 
3 
3 
1  13 1751925154  
2  30 
2  39 
2  92 
3 
2  10 
3 
1  7 1211520449  
3 
2  11 
1  2 1601948264  
3 
1  14 795455573  
3 
1  5 169260914  
2  24 
2  16 
1  6 1629921778  
2  8 
3 
2  9 
1  11 1188896543  
3 
1  17 865355172  
1  29 291118765  
1  54 499103407  
1  63 1339524581  
2  9 
3 
3 
2  78 
3 
1  6 1687868414  
1  11 389601575  
1  45 543475585  
2  30 
3 
2  27 
2  105 
3 
2  21 
3 
1  50 17768974  
3 
1  47 1926550314  
3 
3 
1  16 1904699762  
3 
1  7 278961406  
2  28 
3 
1  16 1683939553  
3 
1  4 1931312698  
2  119 
1  19 295734261  
2  28 
2  8 
3 
3 
1  6 1420172830  
2  121 
3 
1  24 400018345  
2  5 
3 
3 
1  92 465595046  
1  35 841459908  
1  10 2099170598  
2  12 
1  7 1228941188  
2  3 
3 
1  11 1109710223  
3 
2  12 
2  8 
2  9 
1  4 244742949  
2  59 
2  5 
2  9 
2  9 
3 
3 
3 
1  25 2063663151  
2  78 
3 
1  2 167017905  
2  103 
3 
3 
2  14 
2  24 
3 
2  29 
1  8 1996668104  
2  1 
1  81 1127699952  
2  86 
3 
3 
1  8 1768966169  
3 
3 
1  6 644640029  
1  112 1296960866  
3 
3 
1  47 1251404299  
1  98 1833536572  
2  22 
1  84 14832390  
3 
3 
1  60 1542523064  
3 
1  71 185156331  
3 
3 
2  11 
3 
3 
1  68 1354356971  
1  112 1082907831  
1  17 574757906  
1  90 1897832556  
2  56 
1  87 1100676805  
1  59 353824572  
1  41 1655048670  
1  7 1379638211  
1  31 2037764126  
2  102 
1  18 1438877721  
1  32 1675372472  
1  24 1310453308  
3 
3 
2  17 
2  31 
3 
2  10 
1  13 1838896066  
1  2 2140967519  
1  5 4429568  
3 
1  58 1790583016  
2  118 
1  21 1222425059  
2  43 
3 
2  104 
3 
1  60 1114139791  
3 
3 
1  91 2035325966  
3 
1  99 1138604562  
2  5 
1  18 1281157697  
1  97 1884510422  
2  2 
1  29 118820866  
1  122 902640218  
2  9 
1  13 381666803  
1  21 1415781732  
2  9 
1  8 6560870  
1  3 67719728  
2  14 
2  104 
2  7 
1  63 1430614122  
1  7 1549083934  
2  108 
3 
2  77 
1  62 252876059  
2  80 
1  16 637487445  
3 
3 
2  22 
3 
3 
2  57 
1  42 484508117  
3 
2  65 
3 
1  40 827633966  
2  38 
1  19 387836354  
3 
3 
1  3 1585184922  
3 
3 
3 
1  7 1181458538  
1  72 2042885024  
2  23 
3 
1  87 817339485  
2  17 
3 
2  10 
3 
1  102 1071739016  
2  5 
3 
2  14 
3 
3 
2  39 
3 
1  13 1334279097  
1  36 345228310  
2  11 
2  29 
1  65 234708677  
3 
1  39 1025691516  
3 
1  4 338712181  
2  3 
2  30 
1  0 239138245  
1  2 668790884  
1  2 1561137240  
1  100 1353278037  
3 
1  13 556633202  
1  27 552258154  
3 
2  15 
3 
3 
1  6 486952086  
3 
3 
1  59 293659976  
2  6 
3 
2  69 
3 
1  63 671079020  
1  122 1389592304  
2  69 
3 
2  4 
1  14 675326780  
1  15 2086860752  
3 
1  90 1396153174  
1  124 743046508  
3 
3 
2  6 
1  9 1369991226  
2  91 
1  21 797753461  
1  21 995922567  
3 
1  50 2007478671  
3 
3 
2  46 
2  65 
1  2 1282261578  
3 
3 
1  125 1823556533  
2  15 
3 
1  26 247831377  
2  12 
3 
2  23 
1  29 719962853  
1  97 857531424  
2  7 
2  68 
3 
3 
3 
1  20 143232754  
1  116 1537302338  
3 
2  22 
2  19 
2  104 
2  40 
3 
1  85 1929270440  
2  78 
3 
2  110 
2  69 
3 
1  13 1477511851  
3 
1  77 1882530648  
1  83 16495469  
1  20 355719719  
3 
1  19 73759181  
2  24 
2  109 
2  20 
2  55 
1  14 255633715  
1  12 1024510604  
3 
3 
1  5 1634896421  
3 
1  113 1608911752  
3 
2  20 
1  48 1581143806  
2  23 
3 
2  49 
3 
1  58 39670927  
2  22 
2  3 
1  9 2095863838  
1  43 1874803783  
3 
3 
2  65 
3 
1  15 710749947  
2  38 
2  13 
1  16 1337972494  
2  0 
3 
2  120 
3 
2  115 
2  76 
1  5 402646915  
1  0 650127051  
1  58 586642021  
2  26 
3 
3 
3 
1  71 1145693423  
1  21 2020118277  
1  58 1384395482  
3 
1  22 2141615990  
1  24 1880113301  
3 
3 
2  123 
1  100 519173412  
3 
1  11 1817688876  
3 
3 
3 
1  77 2127944678  
1  4 1239136265  
2  85 
3 
2  1 
3 
1  10 527736652  
3 
1  41 123693784  
1  17 628954956  
3 
3 
3 
2  10 
2  37 
1  9 309523444  
2  129 
1  74 1601205636  
2  127 
3 
3 
2  14 
3 
3 
1  59 364001956  
1  61 326018914  
2  120 
2  73 
1  14 1956925355  
3 
2  42 
3 
3 
3 
3 
1  27 437761138  
2  72 
2  119 
3 
2  91 
2  47 
3 
2  13 
3 
2  54 
2  73 
1  8 581652629  
2  22 
3 
2  26 
3 
2  47 
1  3 833952311  
3 
1  62 2072657559  
3 
2  29 
2  33 
2  94 
2  73 
1  50 43080733  
3 
1  129 267612470  
1  6 2112328487  
1  50 2138944571  
2  15 
2  16 
1  49 2142416253  
1  60 675594786  
1  21 1329433417  
2  25 
3 
2  76 
2  15 
1  78 397579520  
1  78 1325721838  
3 
1  1 1916075438  
2  8 
2  16 
3 
3 
1  19 1543272943  
3 
1  92 1198356467  
1  10 1152987272  
2  19 
1  84 1537405285  
2  2 
2  38 
3 
1  27 930986120  
3 
2  10 
2  120 
3 
3 
1  21 1672160685  
1  119 1207610513  
1  79 911447151  
2  57 
3 
2  49 
1  72 763813302  
1  5 1735347165  
3 
1  10 1035140935  
1  12 1392768258  
2  60 
3 
2  64 
2  26 
3 
3 
1  8 2044870610  
1  12 488862923  
2  1 
3 
3 
2  12 
3 
3 
1  76 1756770215  
3 
1  108 223405876  
2  2 
1  1 298304631  
2  17 
2  110 
3 
2  22 
2  22 
2  23 
2  10 
3 
3 
2  8 
3 
1  76 47047705  
3 
1  19 805058505  
3 
3 
1  46 1132256942  
2  54 
3 
3 
2  48 
2  1 
1  53 2119705264  
1  18 848139238  
3 
2  21 
3 
3 
3 
2  23 
3 
1  29 1399869412  
3 
1  102 2084550103  
1  59 839600161  
3 
1  0 1394802017  
2  23 
2  101 
3 
2  47 
1  23 612661242  
2  10 
1  7 21549930  
1  75 1792381537  
2  20 
2  82 
3 
2  82 
1  15 1938383080  
3 
3 
2  121 
2  30 
3 
1  13 1937625369  
1  34 1188170832  
2  23 
1  48 989255899  
1  109 943128993  
2  12 
3 
3 
2  39 
3 
2  17 
2  99 
1  0 578092470  
1  41 1920242020  
2  62 
1  65 467806030  
2  26 
2  22 
1  86 1785702983  
1  65 684205523  
2  38 
1  20 1231619333  
2  6 
2  39 
2  30 
1  52 1373566501  
2  99 
2  74 
3 
1  50 1719346458  
1  74 476903943  
1  84 1270953463  
3 
1  14 60725734  
2  13 
1  6 86190510  
1  0 1494359339  
2  73 
2  18 
3 
2  1 
1  63 359030365  
1  59 133238215  
3 
1  17 151934196  
1  4 1491287307  
1  3 105459832  
2  93 
1  0 1000073434  
2  23 
3 
2  13 
2  16 
2  39 
2  95 
3 
1  13 743673072  
3 
2  80 
3 
2  65 
3 
2  16 
3 
1  1 42526287  
2  92 
1  24 1839673595  
2  10 
3 
1  75 2138475089  
2  82 
2  96 
1  103 655187529  
3 
2  112 
3 
1  105 1861223525  
1  25 1783372979  
1  67 446086961  
2  51 
1  13 1651365246  
2  25 
1  116 824060163  
3 
3 
2  12 
3 
1  8 1435342861  
3 
3 
2  112 
3 
1  44 447010592  
2  40 
2  23 
2  46 
1  85 1402152633  
2  1 
3 
2  9 
3 
3 
2  123 
3 
3 
2  42 
2  17 
1  88 1208101233  
2  104 
3 
2  83 
2  4 
1  4 914816622  
1  116 1040371969  
1  1 1892306756  
2  74 
1  8 2146435955  
2  14 
2  12 
2  17 
3 
3 
2  6 
1  6 266454822  
1  68 1464169566  
1  63 475856251  
3 
1  3 1537408285  
2  63 
1  78 1524895300  
3 
1  20 562046761  
1  12 884283976  
3 
2  106 
3 
2  78 
3 
2  21 
2  17 
3 
2  5 
2  18 
2  13 
1  32 1883925665  
1  90 695284977  
1  7 1036218172  
2  4 
2  68 
3 
3 
1  13 1227729325  
2  17 
1  6 800744809  
1  33 2036291606  
1  79 1971402397  
1  16 843271096  
3 
2  79 
1  12 1728481553  
1  120 1962393838  
1  30 1498458626  
2  77 
2  5 
3 
3 
2  18 
1  4 1442221430  
3 
1  17 1598283169  
3 
1  120 1944545587  
2  84 
3 
3 
1  79 946103029  
3 
3 
3 
2  120 
2  18 
2  98 
1  44 274859685  
3 
1  14 1232404800  
1  41 1393113621  
3 
2  16 
1  47 1677012318  
1  4 293022385  
2  17 
3 
3 
3 
1  29 160446595  
3 
3 
2  79 
1  47 569900639  
2  6 
2  79 
1  11 37845493  
3 
3 
1  117 159398903  
3 
3 
3 
1  11 836355461  
2  29 
2  27 
3 
1  54 1502015060  
3 
2  6 
2  1 
2  13 
3 
1  13 635255154  
3 
2  76 
1  4 226280098  
1  102 879426712  
2  38 
3 
1  16 1197301915  
3 
3 
1  113 1110564074  
2  97 
3 
2  21 
3 
3 
1  92 615868730  
3 
1  46 1892586892  
3 
2  9 
2  75 
1  17 2146782246  
3 
1  104 1843598055  
2  66 
3 
2  43 
2  3 
3 
3 
1  16 545848053  
2  16 
3 
1  3 2035590204  
1  8 1667516804  
1  53 1389119150  
1  13 1616588109  
2  22 
1  18 1482426994  
3 
1  55 740094128  
3 
2  50 
1  65 911325892  
1  16 933226516  
1  13 537156067  
1  22 1857428921  
3 
3 
1  10 1208086201  
2  95 
3 
3 
3 
3 
3 
1  19 1769560868  
2  6 
1  15 1103058894  
2  5 
1  18 737614871  
3 
3 
1  18 2062583253  
2  28 
1  95 1263505489  
1  28 1307515511  
1  28 2100428747  
1  128 1422904392  
1  4 2143870972  
1  130 1454960159  
2  3 
2  19 
3 
2  6 
1  1 2058159546  
3 
2  9 
1  15 222667423  
2  126 
1  28 186903223  
3 
2  3 
1  15 1107977814  
3 
3 
2  35 
1  6 1333231497  
1  64 802771953  
2  3 
2  5 
3 
1  121 853081058  
2  16 
1  71 1332530096  
3 
1  123 498886360  
3 
1  0 1398929112  
1  16 1220636652  
1  3 18919516  
3 
2  14 
2  8 
2  44 
1  126 640564614  
2  21 
3 
3 
3 
3 
3 
3 
1  2 689741114  
2  18 
1  4 1501346511  
2  3 
1  82 1380658742  
3 
1  67 1601067006  
2  84 
1  111 287089379  
2  9 
3 
1  53 1917814809  
2  107 
1  68 1311012279  
3 
1  78 1495175580  
2  105 
2  7 
3 
1  75 1539892029  
2  0 
2  3 
1  23 266587525  
1  54 85306803  
3 
3 
2  6 
3 
2  82 
2  4 
1  55 1454991635  
2  16 
2  14 
1  30 1530093014  
3 
3 
3 
1  23 1392822314  
3 
3 
3 
3 
1  59 1407936734  
1  31 805513759  
2  15 
2  114 
1  62 1389209639  
3 
1  102 715413245  
2  2 
3 
2  6 
1  32 716189657  
2  7 
2  8 
2  13 
3 
2  5 
2  4 
3 
3 
1  19 1611877062  
3 
3 
3 
1  10 902316468  
2  8 
3 
2  1 
2  75 
2  7 
3 
1  87 1824167471  
2  0 
1  2 797624911  
2  65 
1  84 1705088422  
3 
3 
2  0 
3 
3 
2  57 
3 
1  45 529764882  
1  8 2130155007  
2  9 
1  4 56491134  
2  7 
1  8 1928693994  
2  97 
1  18 1203308012  
3 
2  4 
2  25 
3 
2  20 
2  6 
1  36 75410651  
2  7 
3 
3 
2  37 
2  21 
1  2 421774960  
1  4 1893049126  
1  0 1576757162  
1  3 1802433702  
2  10 
2  104 
2  11 
2  6 
3 
2  89 
2  2 
1  35 1346632484  
1  34 1863846541  
2  0 
3 
2  107 
2  0 
3 
2  96 
1  63 1572764863  
1  2 510161115  
2  0 
1  5 1211538473  
1  2 965173245  
1  69 776748640  
3 
2  89 
3 
2  7 
2  92 
3 
3 
3 
2  24 
3 
1  7 1296845276  
1  15 272681232  
3 
3 
3 
2  34 
1  101 159358006  
3 
3 
2  83 
2  8 
1  67 542183943  
3 
3 
2  1 
3 
1  105 1680617966  
3 
2  100 
1  0 964871765  
2  0 
1  2 1931393582  
3 
1  2 248547563  
2  4 
1  1 1681061423  
1  7 1395786996  
2  7 
3 
1  7 1150864031  
1  9 1357745246  
3 
2  2 
3 
3 
3 
2  5 
3 
1  6 45928259  
1  106 708468805  
1  12 1887510128  
3 
3 
1  36 28599619  
3 
3 
1  39 764959940  
2  5 
3 
3 
3 
1  92 1668720474  
3 
2  5 
3 
1  97 1231907631  
2  69 
1  72 840370591  
2  3 
3 
1  2 2090495434  
1  26 977473109  
2  87 
1  82 269644105  
3 
2  3 
1  2 1745445488  
3 
2  7 
1  2 176621945  
2  101 
3 
3 
2  0 
2  43 
2  3 
1  0 2133490646  
2  89 
3 
1  2 1170726704  
3 
2  1 
1  7 686783060  
3 
1  0 1197545471  
1  0 2135899949  
1  69 1463531700  
3 
1  65 346907099  
2  78 
2  45 
3 
1  8 261097533  
1  11 1622889706  
3 
3 
1  34 889091042  
3 
3 
3 
3 
2  4 
1  2 1941715499  
2  8 
3 
2  10 
2  3 
1  67 440277824  
3 
2  107 
2  77 
2  33 
3 
1  3 673000976  
3 
2  69 
1  100 42779414  
2  7 
3 
3 
1  31 2121339247  
3 
2  8 
2  3 
3 
1  0 2068787972  
1  5 1193643445  
2  7 
3 
3 
3 
2  6 
3 
2  80 
1  43 1331600845  
1  0 2114716232  
3 
1  3 1902112251  
3 
1  45 1071627326  
2  7 
1  2 2143315851  
2  4 
2  1 
1  29 519588543  
3 
3 
2  1 
1  16 592864152  
3 
3 
3 
1  1 1227739834  
3 
2  6 
3 
2  1 
1  28 1359959134  
2  2 
1  3 535875939  
1  2 57729295  
3 
3 
2  3 
2  53 
3 
1  2 1629603239  
1  1 133837779  
2  3 
3 
2  41 
2  65 
3 
3 
1  86 234351240  
3 
3 
2  2 
2  103 
3 
2  90 
1  4 1615610237  
3 
2  56 
3 
2  2 
2  17 
3 
2  0 
3 
3 
3 
2  56 
2  0 
2  72 
3 
2  98 
3 
3 
1  2 1304564483  
2  2 
3 
2  1 
3 
1  1 921134300  
2  68 
2  2 
1  80 665672060  
1  0 1292980784  
1  63 237182352  
1  2 1012579159  
2  0 
1  2 1554078317  
2  2 
1  1 1860072058  
2  97 
1  32 1901670202  
3 
1  74 1348310168  
1  13 152866234  
3 
3 
1  0 427187530  
1  3 1391089582  
3 
1  3 126721833  
3 
2  46 
3 
3 
3 
2  85 
3 
3 
3 
1  11 348491855  
3 
2  6 
2  100 
2  3 
1  1 437249380  
2  1 
1  96 1458322679  
2  1 
2  101 
1  64 315724439  
3 
3 
2  83 
2  0 
3 
3 
3 
3 
2  2 
1  0 191877983  
2  0 
1  0 382466357  
1  99 311556642  
3 
3 
3 
1  11 711466526  
1  0 975330509  
3 
1  3 1539296476  
1  1 2071425660  
1  2 1511206448  
3 
2  44 
2  17 
2  34 
2  6 
1  72 1597025771  
1  79 1553545251  
2  47 
3 
2  5 
1  4 1645044228  
1  0 1831377011  
3 
2  6 
3 
3 
3 
2  5 
3 
1  82 1021671840  
1  0 802125063  
1  32 605027663  
2  3 
2  2 
1  1 1687343900  
1  33 2095105848  
2  0 
3 
1  42 842210015  
1  1 552439411  
1  1 1501700517  
3 
1  3 554798425  
2  10 
1  1 306625965  
3 
3 
3 
1  71 702527038  
2  106 
2  6 
3 
1  0 707664660  
3 
3 
3 
3 
1  1 733813496  
2  4 
1  7 2093616620  
3 
1  80 834386493  
3 
1  8 1082305351  
3 
3 
3 
3 
3 
3 
1  6 383382352  
1  67 145225524  
1  31 1398029790  
1  6 575260335  
1  7 527691881  
2  3 
1  9 1709586432  
3 
3 
2  3 
1  1 1286726861  
1  78 1503022391  
1  11 1101399260  
1  2 1210668873  
1  1 866745191  
3 
1  2 550941383  
2  58 
3 
3 
2  5 
1  36 616730476  
3 
3 
1  76 364305771  
2  7 
2  40 
2  41 
1  28 234834746  
1  5 1638402316  
1  50 1166430835  
1  55 839862409  
3 
2  13 
1  0 1178262568  
2  23 
1  65 1114053035  
3 
3 
2  14 
2  10 
3 
1  37 1682072424  
3 
1  97 1730701980  
1  59 468269904  
3 
2  30 
3 
3 
2  66 
1  2 89387201  
1  13 2037327945  
3 
2  22 
3 
2  82 
2  27 
2  4 
3 
3 
1  86 1170796942  
2  92 
3 
1  2 797051861  
2  8 
3 
1  13 623657793  
2  7 
1  68 1116929915  
1  4 1631438355  
1  69 1705963144  
2  29 
1  93 1500312267  
3 
2  7 
3 
1  8 1776663879  
3 
3 
3 
3 
3 
3 
1  6 956509286  
2  68 
1  22 2075572603  
3 
3 
2  7 
1  76 156872113  
3 
1  4 518612070  
2  6 
2  10 
1  3 1214815816  
1  8 1659894504  
1  85 1620011330  
1  13 278001042  
2  16 
2  8 
3 
2  69 
2  19 
3 
1  7 379156047  
2  86 
2  1 
3 
3 
3 
2  84 
1  70 23469065  
1  1 894731518  
3 
1  0 743461819  
3 
2  81 
2  31 
3 
1  44 258303811  
2  107 
2  33 
3 
3 
2  69 
1  7 385650187  
2  29 
3 
2  53 
1  48 1909892654  
1  11 1098166220  
2  39 
1  31 1563912755  
1  16 876462041  
1  33 632754996  
1  15 1147131087  
1  52 1344731945  
3 
2  2 
2  11 
1  103 722142198  
3 
1  11 1036975385  
2  20 
3 
2  12 
2  2 
1  75 368045240  
1  1 1519194059  
2  14 
3 
2  81 
2  38 
1  71 1660633178  
2  87 
2  112 
1  14 1484975155  
2  80 
2  2 
2  0 
1  15 1003148766  
1  12 1219112675  
2  56 
2  98 
2  1 
3 
2  2 
3 
1  1 837803774  
2  100 
2  10 
1  49 632328998  
2  7 
3 
2  6 
3 
2  109 
1  5 28138313  
2  23 
2  87 
3 
2  91 
3 
1  83 765892729  
2  5 
3 
3 
2  84 
3 
1  13 789201111  
3 
1  5 546750384  
2  16 
1  25 1980708546  
2  99 
1  46 301611967  
3 
3 
3 
1  11 19278066  
3 
1  9 111225940  
1  21 680768014  
2  12 
3 
2  18 
2  9 
3 
1  3 42747132  
1  87 1005957458  
2  67 
1  10 1424229833  
2  25 
2  61 
3 
1  13 301050943  
1  8 1391607645  
3 
2  13 
2  64 
2  12 
3 
2  9 
3 
1  6 1186638839  
3 
1  28 1399217164  
2  16 
3 
1  66 808036753  
1  8 2063100880  
1  13 2031972160  
1  44 1955167840  
1  10 1260349178  
3 
3 
2  54 
1  13 606630710  
1  22 844659577  
3 
3 
3 
2  12 
2  117 
2  55 
1  22 1628394418  
1  1 2125824770  
1  72 357809108  
1  65 965885925  
3 
1  27 981489888  
2  9 
3 
2  6 
2  9 
3 
2  6 
3 
2  78 
1  100 1576921783  
3 
2  107 
3 
1  8 1803689699  
2  8 
3 
1  57 1613818886  
2  3 
3 
1  12 1605060096  
3 
3 
1  47 422098781  
2  14 
3 
2  5 
2  68 
2  49 
1  108 255536349  
3 
1  77 4326832  
3 
3 
2  67 
3 
2  108 
3 
2  11 
2  1 
2  4 
1  1 255323679  
1  10 557148316  
1  7 23604899  
2  112 
2  50 
2  106 
2  55 
3 
2  105 
2  8 
3 
3 
3 
2  4 
2  40 
2  70 
1  45 366549619  
3 
3 
2  9 
1  22 1237916331  
1  7 66352031  
1  8 1372507077  
2  0 
2  11 
1  4 514662516  
2  12 
3 
1  11 367402974  
1  2 616631075  
1  113 1701301356  
2  8 
1  5 1766620138  
2  10 
3 
2  112 
3 
2  76 
2  8 
1  65 1424667828  
3 
2  5 
2  82 
1  1 1616918588  
2  2 
3 
1  10 1651108651  
3 
2  6 
2  69 
2  9 
2  87 
3 
1  50 1232352020  
3 
3 
1  28 729784118  
2  40 
2  11 
2  44 
3 
1  97 110255713  
2  24 
1  79 2077011598  
1  10 210694888  
3 
3 
1  63 88596835  
3 
1  42 287337058  
1  2 1176580813  
2  73 
3 
3 
3 
3 
3 
2  103 
2  8 
3 
1  76 1070086724  
1  2 1864258841  
1  45 832786865  
1  4 536421962  
1  4 1321835289  
1  5 1254885646  
1  4 791958312  
2  24 
2  71 
2  31 
1  25 1326162122  
3 
1  15 1510209325  
1  17 1349106628  
3 
1  13 1349767021  
1  28 1876758944  
2  15 
3 
2  55 
1  12 439539311  
2  14 
2  76 
1  13 1416119052  
2  85 
3 
3 
1  39 1101782373  
3 
1  25 954201828  
3 
1  119 1783522026  
1  85 1718413448  
1  118 508019536  
1  84 1402658517  
2  16 
2  50 
1  118 995597628  
3 
2  11 
3 
3 
1  10 2124938124  
2  11 
1  3 906283520  
3 
1  69 80466001  
1  27 707238595  
3 
3 
3 
1  33 1016539233  
3 
2  10 
2  44 
2  23 
2  22 
1  16 9993951  
2  18 
1  56 917933483  
3 
3 
1  89 1105136069  
1  95 297331009  
1  39 2094514297  
1  11 27739145  
1  13 14106202  
2  2 
3 
2  93 
2  115 
3 
2  10 
3 
1  91 779817514  
1  6 564161107  
2  22 
3 
2  40 
1  52 1335941491  
3 
3 
2  18 
1  79 2034703160  
2  12 
2  90 
2  73 
1  90 1356119419  
2  28 
1  47 514619965  
3 
3 
3 
3 
2  5 
3 
1  15 1397428837  
1  76 557742400  
3 
3 
1  13 1864386986  
2  15 
2  55 
1  10 1126704133  
3 
2  13 
1  8 997281711  
2  75 
1  4 1133022390  
2  81 
3 
2  8 
1  60 81002858  
1  79 1951483539  
2  42 
3 
1  82 769060769  
2  16 
2  111 
2  63 
2  110 
1  8 1799416307  
1  5 312019427  
2  52 
2  43 
3 
3 
1  18 24235638  
1  1 647530287  
2  3 
2  104 
2  95 
2  90 
2  51 
1  109 289473904  
1  9 930519158  
3 
2  21 
2  19 
1  59 727996288  
3 
3 
1  11 996712499  
3 
1  76 1947058391  
2  2 
3 
1  4 737990239  
3 
2  7 
3 
3 
3 
1  18 1914645982  
2  47 
2  76 
2  54 
3 
1  4 904710812  
3 
1  74 1035321248  
2  16 
1  18 1861676631  
3 
3 
3 
3 
1  15 932449957  
2  16 
3 
3 
1  105 1049427450  
2  38 
1  56 494010497  
2  38 
1  3 1496611065  
3 
2  3 
2  10 
1  11 237885294  
2  13 
1  2 381230009  
2  74 
2  2 
2  13 
3 
1  35 705246836  
2  0 
2  3 
1  15 752505259  
3 
1  75 1778658846  
1  14 1262989236  
3 
2  4 
3 
1  68 469408598  
1  102 757879331  
1  14 112787300  
3 
1  8 1602430988  
3 
1  19 838882190  
1  16 2064270839  
3 
3 
2  2 
3 
1  12 224008109  
1  45 490814849  
3 
2  114 
1  116 228806619  
2  53 
1  43 248243747  
2  114 
3 
2  68 
2  110 
1  8 1138345136  
2  88 
2  15 
1  26 518280523  
1  102 1178762905  
3 
1  88 1866341425  
2  14 
1  34 1514993022  
1  19 978337649  
1  56 456848016  
3 
1  79 1282155356  
3 
3 
1  20 1883048461  
1  76 1492169265  
2  21 
2  110 
3 
2  91 
3 
1  68 996348340  
2  20 
2  121 
1  12 668014771  
2  0 
2  21 
3 
1  53 394113067  
1  8 1490358837  
1  111 17142188  
3 
3 
2  3 
3 
1  37 631998361  
3 
3 
1  24 1871588847  
3 
2  14 
3 
2  42 
1  77 722389024  
2  118 
3 
2  87 
1  102 1384503621  
3 
1  48 1502764045  
2  6 
1  18 1985378261  
1  12 1853912219  
2  95 
2  66 
2  19 
1  26 113159729  
3 
2  10 
1  5 2098165561  
2  0 
3 
1  1 1308859559  
2  116 
2  44 
1  70 952041919  
2  11 
2  9 
1  101 2014952752  
3 
2  17 
3 
2  39 
2  17 
1  75 1532867669  
1  12 1442856768  
1  58 96275723  
1  106 1781111416  
2  57 
1  83 433718256  
2  3 
3 
2  102 
3 
3 
1  0 614556246  
1  32 812390674  
3 
2  8 
1  16 152576033  
3 
2  59 
3 
2  10 
1  6 2129549268  
1  98 1790728323  
2  55 
1  79 609424050  
3 
2  14 
2  12 
3 
3 
3 
2  11 
3 
3 
3 
1  6 1264220977  
2  14 
3 
2  1 
1  88 1526293136  
3 
2  15 
1  73 2101593315  
3 
2  10 
2  73 
2  4 
1  7 113085669  
3 
3 
3 
3 
1  110 46824259  
3 
1  3 348222734  
1  2 1603444506  
3 
3 
3 
1  61 63966447  
1  37 980221096  
1  10 1327549705  
1  43 786355472  
3 
1  40 217241069  
3 
2  115 
1  50 682830103  
3 
3 
1  13 624250085  
2  53 
3 
3 
2  1 
3 
2  100 
1  72 2071153288  
2  1 
1  3 795989832  
1  104 574931998  
2  4 
1  96 1232529199  
3 
3 
2  75 
1  86 1748031751  
2  8 
2  98 
3 
2  15 
3 
1  4 442401102  
2  79 
3 
2  24 
3 
3 
3 
1  45 617913220  
3 
2  23 
3 
1  85 1043404871  
3 
1  59 538676826  
1  2 251540989  
3 
2  53 
1  104 1477123127  
2  74 
3 
3 
3 
3 
3 
1  4 1153233072  
1  6 1063931663  
3 
2  106 
1  1 1629699161  
3 
2  13 
2  13 
3 
3 
1  82 1135298693  
3 
1  4 707176338  
1  11 91639563  
3 
3 
1  17 252036022  
1  83 85985826  
2  3 
1  63 45749230  
1  12 365121691  
1  82 132810086  
2  86 
3 
2  83 
1  17 393971964  
3 
3 
3 
2  1 
3 
2  57 
1  4 1968566197  
1  7 196776533  
2  6 
3 
1  15 1374193060  
3 
2  20 
1  11 1148632255  
1  15 983132005  
2  14 
3 
2  5 
2  18 
2  3 
1  10 1591434129  
1  86 1831462358  
2  3 
3 
1  119 1607382090  
3 
1  12 1515103769  
3 
3 
3 
2  31 
2  95 
3 
3 
1  59 479968542  
2  40 
2  8 
2  4 
1  113 34830440  
3 
2  89 
2  15 
2  0 
1  22 600149321  
3 
2  5 
1  14 80516645  
1  106 477231543  
1  14 1218062541  
2  3 
3 
2  11 
3 
2  27 
2  1 
3 
3 
3 
2  1 
2  106 
2  12 
3 
2  104 
2  104 
1  20 1123921516  
1  51 1015908369  
3 
2  11 
1  64 1469603530  
2  89 
2  12 
1  46 453560995  
3 
3 
1  0 21657793  
1  11 386051545  
1  4 2083260156  
1  101 1156956486  
3 
1  30 1093227883  
2  84 
1  37 27416071  
2  26 
1  5 1408992508  
1  11 1179213710  
1  14 73165301  
3 
3 
2  109 
2  8 
1  94 1774114199  
3 
2  87 
3 
3 
1  14 1312023796  
1  103 467137266  
2  76 
1  8 1595196749  
1  15 1508800329  
2  116 
3 
1  5 1841330326  
3 
1  14 596345356  
1  47 344448687  
3 
1  105 1285280808  
2  112 
3 
2  6 
3 
1  91 280324066  
2  107 
3 
1  10 1951830777  
3 
3 
3 
2  1 
3 
3 
1  83 652900929  
2  2 
2  2 
2  15 
3 
1  0 760292608  
1  102 1986661218  
3 
2  56 
3 
2  13 
3 
2  74 
2  1 
1  9 1253050250  
2  4 
3 
2  26 
3 
1  11 840809253  
3 
3 
3 
3 
3 
3 
3 
2  13 
3 
1  24 316409113  
1  10 323629144  
3 
3 
1  19 1964730769  
3 
3 
1  115 1332317482  
1  31 1793232674  
1  3 270808116  
2  26 
1  76 1353975275  
3 
1  85 31800572  
1  38 206584625  
3 
1  98 363448114  
3 
1  8 1125028455  
3 
1  6 234000696  
1  34 1772440622  
1  8 156758517  
2  66 
2  7 
3 
1  3 307165998  
3 
3 
3 
2  3 
1  3 1399071174  
2  17 
1  14 1468782313  
3 
1  0 774303264  
2  20 
1  49 846784275  
2  2 
2  80 
2  14 
1  16 830098995  
2  63 
3 
2  35 
3 
2  79 
1  0 468149942  
3 
3 
2  18 
2  19 
3 
3 
2  86 
2  76 
1  16 1443129631  
3 
3 
2  83 
1  114 1174547682  
3 
1  98 1753430750  
2  26 
1  19 1723453697  
3 
3 
3 
2  23 
3 
2  36 
1  11 978894811  
3 
2  90 
1  94 258848032  
3 
2  47 
2  106 
2  0 
2  5 
3 
3 
1  11 336262657  
1  40 818072381  
1  53 1511898282  
1  7 1177071910  
3 
3 
1  51 1134481494  
1  87 1835527426  
2  11 
3 
2  4 
1  39 994319031  
2  68 
1  64 319315328  
3 
2  4 
3 
3 
3 
3 
1  16 1481276453  
1  15 1265127147  
3 
2  19 
1  117 1673290604  
1  108 1513077025  
3 
2  10 
1  29 1471711772  
1  50 2036738718  
1  7 490621832  
1  4 1705712469  
3 
3 
3 
2  4 
3 
3 
3 
1  34 1661695692  
2  26 
1  6 647380350  
1  17 2012878467  
3 
1  34 913283218  
1  88 2116162663  
2  102 
1  15 639698083  
1  110 1760067493  
3 
1  40 798778010  
3 
2  11 
1  61 1107848025  
3 
2  121 
1  110 1055713476  
2  73 
2  17 
2  17 
1  92 1973325692  
2  3 
2  1 
3 
1  94 713795128  
1  8 631683525  
2  18 
2  16 
2  114 
3 
1  63 804736856  
2  75 
2  86 
1  70 972643160  
1  14 967946182  
1  4 1622809237  
2  8 
3 
1  7 337057794  
1  18 2145018092  
3 
3 
2  109 
1  2 609807084  
2  94 
2  25 
2  17 
1  18 25101573  
2  14 
1  5 991853475  
1  70 929122412  
3 
3 
2  47 
3 
1  85 1506378026  
3 
2  118 
3 
1  3 109496975  
1  49 454929368  
2  114 
2  19 
3 
3 
2  3 
2  9 
1  7 871971403  
2  65 
1  79 1581208747  
2  54 
3 
3 
3 
3 
3 
1  0 344184438  
2  5 
2  7 
1  1 1362593235  
2  6 
3 
1  17 1139437568  
2  4 
3 
1  15 2005880131  
3 
1  14 2009973585  
3 
2  53 
1  77 1004832387  
2  116 
3 
1  65 771679701  
2  15 
3 
3 
1  66 1978652601  
3 
2  113 
2  14 
1  103 1644530470  
3 
1  105 384263547  
1  11 629946963  
3 
2  84 
2  115 
1  18 604894848  
3 
2  75 
1  11 1439977023  
1  9 455789008  
1  74 1318689976  
1  26 2071660549  
3 
1  86 1260525864  
1  8 143849488  
2  35 
1  67 892123083  
2  44 
2  31 
3 
2  13 
2  10 
3 
3 
1  62 735851453  
3 
3 
3 
3 
2  33 
1  72 480907282  
2  87 
1  77 889657528  
2  7 
2  15 
3 
1  15 1345658537  
3 
1  3 506008855  
1  2 1881511003  
2  5 
1  56 127297302  
1  91 2012386881  
1  77 1991007978  
2  57 
3 
2  21 
3 
1  71 582226670  
3 
1  84 736874636  
2  4 
2  17 
1  78 1424733078  
1  3 926411109  
3 
2  77 
3 
3 
3 
3 
1  12 2099467872  
1  117 416686998  
3 
2  93 
2  8 
1  13 784807592  
3 
2  45 
2  20 
1  17 1961957809  
2  70 
2  51 
2  87 
2  74 
3 
1  62 1421519386  
3 
1  13 1556487293  
2  84 
3 
3 
2  1 
2  56 
1  3 1793126762  
2  76 
3 
3 
2  32 
1  92 918566208  
1  15 1940750840  
1  4 275590078  
1  14 1523461056  
1  83 1233244216  
3 
3 
1  4 731379086  
3 
1  14 694667384  
3 
1  6 1157421117  
1  8 1991904950  
1  4 838516872  
1  67 2049544200  
1  8 580272755  
2  15 
3 
1  85 1319424155  
1  83 791718080  
1  100 1925931293  
2  42 
3 
2  120 
2  9 
3 
3 
2  47 
1  22 1825433010  
3 
2  14 
3 
1  123 525745436  
2  17 
1  7 2053228595  
2  22 
2  70 
2  73 
1  63 1690336244  
1  43 369269766  
1  115 487971617  
2  15 
3 
3 
2  109 
3 
2  12 
2  56 
1  0 279727232  
3 
2  51 
2  35 
1  117 1794002844  
2  2 
3 
2  13 
1  22 1414382726  
2  12 
1  0 231711456  
1  73 63206195  
1  1 51706670  
3 
3 
1  6 46185618  
3 
3 
1  105 1484725581  
2  81 
3 
2  24 
3 
1  62 1608193964  
3 
2  116 
1  24 1839312380  
3 
1  94 255808141  
1  123 1401461156  
1  59 2114902458  
2  37 
3 
1  128 1779269198  
2  6 
2  17 
3 
3 
2  1 
2  64 
1  15 487221724  
1  10 698797896  
1  123 326452934  
1  15 1644642841  
2  12 
3 
3 
1  25 543219198  
3 
2  23 
1  90 1164969807  
2  102 
3 
3 
3 
3 
3 
2  23 
1  26 1546703394  
3 
3 
2  3 
1  20 1123491954  
3 
1  35 336910314  
2  2 
3 
3 
3 
2  93 
2  72 
1  4 190937826  
2  63 
1  21 901939599  
1  13 14859676  
2  108 
2  42 
3 
3 
2  54 
2  13 
2  20 
1  111 716683262  
3 
1  126 807684546  
3 
1  28 1705195920  
3 
3 
3 
1  18 1085953029  
2  8 
2  113 
1  8 1295656163  
1  123 1984923153  
2  6 
2  61 
2  6 
1  23 732472225  
3 
3 
1  20 562555242  
3 
1  29 69150961  
3 
2  91 
1  21 795678420  
1  14 614261912  
1  27 115336579  
3 
1  19 132920353  
3 
1  9 74972228  
2  1 
1  132 1954648960  
3 
1  22 388728495  
2  12 
3 
2  20 
2  3 
1  60 1476433385  
2  14 
3 
2  75 
1  11 1922067770  
2  14 
2  11 
3 
3 
1  24 20514045  
2  57 
3 
2  76 
2  28 
3 
3 
1  15 1963655109  
3 
2  1 
3 
3 
3 
1  15 473382019  
2  12 
3 
2  96 
2  55 
3 
2  31 
3 
1  6 346966979  
3 
1  26 1460814303  
3 
1  11 1016601217  
2  28 
2  44 
1  47 1511936786  
2  26 
1  85 860034049  
2  83 
2  15 
2  0 
1  21 2140093171  
1  96 1848847100  
3 
2  27 
3 
1  24 1050971875  
2  113 
2  98 
3 
2  34 
1  56 894549122  
2  2 
1  14 1863706777  
1  17 1767655138  
3 
1  14 1702233668  
2  130 
3 
2  73 
3 
2  31 
3 
1  84 1421419049  
3 
1  119 706124519  
3 
1  28 850406184  
1  124 1258858554  
2  1 
3 
3 
2  118 
2  128 
2  38 
3 
3 
1  2 1438596744  
1  104 1412961426  
1  87 1328009516  
3 
3 
1  6 86791517  
1  23 2027223338  
3 
3 
2  7 
3 
2  16 
1  61 1443346095  
1  29 219711870  
2  12 
2  129 
3 
3 
1  50 2102195567  
3 
3 
2  13 
3 
1  11 1250511407  
2  10 
3 
2  44 
1  33 608440365  
2  8 
2  88 
3 
3 
3 
2  58 
1  120 1431145304  
3 
3 
1  12 1025095530  
3 
3 
3 
2  66 
1  117 628954410  
1  27 1247316765  
2  60 
1  46 1498477549  
1  72 975921390  
1  5 560647420  
3 
1  112 367595118  
2  13 
1  6 340374528  
2  31 
3 
1  19 1420681469  
1  4 360204642  
1  0 41737981  
1  19 324169697  
1  24 1254753764  
1  49 1905444758  
2  23 
2  29 
2  15 
1  15 2091824835  
3 
2  83 
2  51 
3 
3 
2  23 
2  35 
1  102 809503785  
2  32 
3 
1  127 1179380159  
3 
1  27 650465706  
1  21 1659909969  
1  118 290755066  
2  21 
2  105 
2  75 
1  22 2089062450  
1  38 925387747  
3 
3 
2  9 
1  16 1618764582  
2  10 
1  10 28370319  
3 
2  0 
2  13 
3 
3 
1  31 805127437  
2  21 
3 
2  22 
1  86 914627029  
3 
3 
2  61 
2  19 
2  16 
2  3 
2  24 
1  19 248082190  
2  4 
3 
2  53 
1  18 759839356  
1  124 17654789  
1  49 856522555  
3 
1  1 43501012  
3 
2  3 
1  5 1042750319  
1  43 1485476966  
2  20 
2  114 
3 
2  22 
3 
3 
2  26 
1  4 1290817778  
2  84 
3 
1  0 393744220  
1  44 313914708  
2  75 
2  15 
2  10 
3 
1  4 1851465198  
1  12 761339338  
3 
1  62 654289236  
1  112 1124663020  
3 
3 
3 
2  81 
1  21 1121543980  
1  29 696027217  
3 
2  98 
3 
1  25 1448832717  
1  40 228814097  
2  84 
3 
1  108 453988327  
1  1 1393173904  
3 
3 
3 
1  1 1038317882  
1  84 1633368487  
2  9 
3 
2  7 
2  19 
1  68 2043639610  
1  18 550744203  
2  87 
1  114 1924123553  
2  36 
3 
1  108 1985218412  
1  70 1476131950  
1  27 1395404487  
1  40 2013588732  
1  72 133775739  
3 
1  87 162547868  
1  24 114187274  
2  78 
1  93 893615096  
3 
1  20 180202657  
3 
1  14 970709829  
1  118 937116108  
2  9 
3 
3 
2  11 
2  6 
3 
3 
3 
3 
2  21 
3 
2  126 
3 
1  126 1222952976  
1  14 308703147  
2  114 
2  80 
3 
2  18 
1  70 80450238  
3 
3 
2  22 
2  11 
1  19 1616697196  
1  71 622617855  
3 
2  109 
1  68 1931915437  
2  124 
3 
2  97 
1  96 230552887  
2  113 
3 
3 
1  45 1276907092  
1  34 909094809  
2  22 
1  7 1352096867  
1  29 1972934309  
3 
3 
1  13 210443878  
3 
1  24 1580910964  
1  33 279438989  
2  21 
2  30 
1  123 1603617782  
1  0 471745198  
1  6 1912807476  
1  64 1499773744  
3 
3 
3 
2  48 
2  2 
2  43 
1  30 1022489401  
2  86 
1  33 1689447381  
1  14 1337508508  
1  114 351137703  
2  16 
2  105 
3 
2  22 
2  28 
1  23 937368220  
2  9 
3 
2  28 
1  57 1203613592  
3 
2  95 
3 
3 
1  24 484913443  
3 
2  11 
3 
3 
3 
2  22 
2  38 
1  23 1099916088  
3 
1  84 1317800866  
3 
3 
1  71 1378528539  
3 
2  98 
1  39 1280118746  
1  22 141027048  
1  13 168160999  
1  12 355588074  
1  12 449730195  
1  7 248611238  
2  26 
3 
1  4 1972285271  
3 
2  37 
2  92 
1  9 1072348051  
1  49 33043027  
2  44 
3 
1  27 55354510  
1  31 201771495  
3 
2  11 
1  103 942137836  
3 
3 
2  3 
2  66 
1  9 1407451377  
3 
1  57 27222156  
3 
2  29 
1  100 1152581714  
1  12 840878694  
2  21 
1  68 306661145  
3 
1  24 608715848  
3 
1  1 1312623892  
3 
3 
2  90 
1  9 71984973  
2  117 
3 
3 
1  102 2108489592  
1  35 187629646  
1  80 1761432354  
3 
1  87 1298514452  
3 
2  133 
3 
1  36 538767349  
1  19 551316926  
1  33 354644397  
1  33 1023680792  
2  40 
1  105 1651233015  
2  134 
3 
2  38 
1  63 1672445263  
1  115 254725683  
3 
3 
1  74 783868113  
1  64 1813472311  
3 
1  47 422886683  
3 
1  17 1139456187  
2  25 
2  12 
1  76 115718859  
1  86 671497921  
3 
3 
2  50 
2  127 
2  85 
2  25 
1  111 964257810  
1  0 1188066910  
3 
2  66 
2  75 
1  24 704540948  
1  2 1019612320  
2  75 
1  96 1389838405  
3 
3 
3 
2  102 
1  91 1646678784  
2  6 
3 
1  1 279580050  
3 
1  52 1417060561  
2  6 
3 
3 
1  32 651776850  
2  23 
2  36 
1  0 1120458744  
1  131 1723721707  
1  56 1260492698  
1  124 285598988  
1  3 1795706680  
1  20 1221498642  
3 
3 
1  4 473228634  
1  32 1409655387  
2  36 
2  21 
3 
3 
2  139 
3 
1  43 372529446  
3 
3 
1  22 1011995984  
2  142 
1  18 1960972313  
1  113 727173843  
1  52 2035676776  
2  47 
3 
1  59 1464721680  
1  65 252135459  
1  56 142918812  
1  20 101106145  
2  145 
2  91 
3 
2  123 
1  73 2065607770  
2  34 
2  3 
1  39 565805495  
2  28 
1  3 1240562333  
1  82 33842981  
1  12 1237303416  
1  77 57336495  
3 
2  112 
1  16 1221909891  
2  28 
2  123 
1  130 1941844364  
3 
2  70 
2  1 
2  61 
2  45 
1  5 1076948816  
2  108 
2  118 
1  132 464264648  
3 
2  148 
3 
3 
1  113 1441039500  
1  10 1356528866  
3 
1  44 1881325210  
2  136 
2  36 
3 
2  47 
1  46 2092816350  
1  102 329503962  
2  11 
2  103 
3 
1  131 1457563269  
2  15 
1  84 1205825400  
2  23 
2  118 
2  47 
2  118 
3 
3 
2  16 
1  114 615102950  
2  41 
3 
3 
2  107 
3 
3 
3 
2  17 
2  23 
3 
1  37 1105786301  
3 
2  7 
3 
2  29 
3 
1  10 279840394  
3 
2  14 
1  103 1088331585  
3 
1  133 367958040  
1  29 652369840  
1  23 2100327569  
3 
3 
1  56 181446706  
2  75 
2  2 
1  115 1379543684  
2  45 
2  18 
1  7 1988520697  
3 
3 
3 
3 
3 
1  20 1646168386  
2  12 
2  10 
2  36 
3 
1  20 1631679143  
2  126 
2  14 
2  100 
1  140 2131439509  
3 
3 
1  73 1747274532  
1  19 1549803265  
3 
1  60 549761356  
3 
3 
2  4 
1  101 840353217  
2  126 
2  66 
2  115 
2  34 
3 
2  30 
1  14 1583646247  
1  51 1787064772  
3 
1  10 897689712  
3 
2  37 
2  115 
1  136 658072490  
1  115 1581425488  
3 
2  89 
3 
2  16 
1  51 1974638528  
2  24 
2  13 
2  79 
1  27 1122337139  
3 
1  90 874981340  
2  68 
1  2 1183683746  
3 
1  34 856178701  
3 
3 
1  25 820314042  
1  36 1513187708  
1  91 166258322  
2  37 
3 
3 
1  41 2026139442  
3 
2  32 
1  108 2128290659  
3 
3 
1  88 1272044623  
1  75 158496188  
1  27 1069138596  
2  134 
3 
1  55 1640002664  
2  61 
3 
3 
2  89 
3 
3 
3 
3 
3 
3 
2  119 
2  76 
2  78 
3 
3 
1  1 810866029  
2  59 
3 
2  110 
1  1 1021982517  
2  46 
3 
2  29 
2  133 
1  82 1821449370  
2  28 
2  56 
3 
2  80 
1  135 42926065  
1  26 863019566  
3 
1  7 1320134108  
1  27 1674605208  
3 
1  24 846975428  
1  99 919924992  
1  71 1076924825  
1  34 1396736784  
1  44 1760278209  
3 
2  58 
3 
2  127 
1  24 513087424  
2  16 
3 
3 
3 
3 
3 
2  19 
3 
3 
2  16 
2  53 
2  13 
3 
1  127 1036317909  
1  93 510484274  
1  39 1171159915  
2  123 
2  16 
1  129 470259749  
2  0 
3 
1  32 337639154  
1  31 146013406  
1  74 1345241090  
1  92 1521322901  
1  59 1002192107  
3 
2  126 
3 
3 
3 
1  14 18071484  
1  24 887026961  
1  34 1168450429  
2  43 
2  11 
2  50 
3 
3 
3 
2  141 
2  89 
2  120 
2  142 
3 
1  104 2044210927  
2  94 
3 
1  68 867833972  
3 
1  3 293011404  
1  10 55223467  
2  67 
1  42 1936972568  
2  10 
1  23 1933014068  
1  63 866089496  
1  63 811471437  
3 
2  135 
1  130 1606979790  
3 
1  74 909015561  
3 
3 
2  18 
1  117 1674491004  
1  121 779630251  
3 
2  137 
1  135 436137121  
1  55 373982784  
1  95 1699555243  
3 
1  20 1513061947  
3 
3 
1  11 1770719568  
1  147 1312349805  
3 
2  138 
2  66 
1  86 2026149371  
3 
3 
2  138 
3 
2  41 
3 
3 
3 
1  85 659553829  
1  59 1822834079  
2  120 
1  23 1049825638  
3 
1  12 1129813579  
1  17 12989585  
1  32 1195839044  
2  125 
3 
1  4 327571021  
1  23 1534312486  
2  49 
3 
1  18 50547503  
1  14 345642505  
3 
2  24 
3 
1  117 273855800  
2  4 
2  145 
1  7 1218997932  
3 
3 
2  139 
1  61 242369784  
1  26 1141689772  
2  136 
1  94 1512009337  
2  86 
1  67 297593252  
1  75 931178693  
2  115 
1  40 1297539757  
3 
1  5 1163682748  
1  52 1742650130  
3 
2  3 
2  66 
3 
3 
2  18 
3 
1  20 757035900  
2  1 
2  53 
3 
2  71 
3 
3 
1  24 2072698310  
2  45 
3 
1  13 1269657486  
2  152 
1  25 1536666151  
1  24 361351783  
1  77 1643640270  
3 
2  6 
2  89 
3 
2  53 
1  96 1088737746  
1  144 1874413730  
3 
1  54 1266876191  
3 
2  157 
2  11 
2  55 
1  136 253603903  
2  110 
1  40 1753079454  
3 
1  76 1926430020  
1  149 2076437982  
1  44 655421444  
1  35 908759951  
3 
2  94 
2  156 
1  2 2089427568  
3 
1  21 1851260489  
3 
2  149 
1  157 1236330972  
2  57 
1  81 1476256406  
1  148 1901807992  
1  17 1581973478  
3 
1  5 1750112206  
1  39 973322277  
1  36 1824343262  
2  3 
2  80 
3 
1  27 744318331  
1  157 337847966  
3 
1  152 2121936514  
1  151 1675497024  
3 
1  22 1635387723  
3 
1  29 1138135615  
1  51 1270663506  
2  10 
2  165 
1  84 244939975  
1  94 1063350277  
2  22 
3 
2  137 
2  163 
2  133 
2  117 
2  123 
1  65 392837345  
1  81 1781606126  
2  92 
3 
3 
2  76 
3 
2  127 
3 
1  43 1424702060  
1  45 2036477615  
3 
3 
2  122 
2  19 
2  149 
1  52 722860225  
1  157 1151632143  
1  20 1155870158  
1  66 976464128  
1  0 757227949  
1  130 934816531  
2  129 
2  40 
1  1 905418463  
1  67 1412649393  
1  49 1843576482  
2  3 
3 
3 
2  82 
3 
3 
1  48 847362383  
3 
1  113 1116426234  
1  67 932423807  
1  171 176135141  
2  123 
3 
2  148 
2  124 
2  15 
2  95 
1  129 870750579  
3 
2  19 
1  6 366913637  
3 
2  111 
2  128 
1  85 1926247348  
1  169 1844072856  
2  128 
3 
3 
2  62 
1  24 43773251  
2  125 
2  92 
2  21 
1  156 523082031  
2  155 
1  34 34437174  
2  133 
1  108 18226118  
1  58 51095407  
1  71 1669824897  
3 
3 
3 
1  11 1156361733  
1  156 1321758913  
2  39 
1  12 1914764873  
2  157 
1  33 72228362  
2  127 
3 
2  24 
3 
2  56 
2  143 
2  148 
1  129 1714596258  
2  70 
3 
2  148 
1  40 1548887351  
2  95 
1  160 1496930422  
1  82 1603590226  
3 
1  48 124263928  
3 
3 
2  48 
1  6 501078917  
3 
2  155 
3 
2  41 
3 
1  160 611976736  
3 
2  131 
1  88 1100728057  
3 
3 
1  133 1258306866  
2  7 
3 
1  111 1546793267  
1  146 2006146520  
2  108 
1  168 523472612  
2  4 
3 
1  108 1242886102  
3 
3 
2  156 
3 
2  51 
2  40 
1  44 706025255  
2  2 
3 
2  148 
3 
3 
2  88 
2  27 
1  53 1639898846  
1  136 27826261  
2  8 
2  8 
1  34 882160396  
2  163 
1  58 363165777  
1  155 394739898  
3 
2  99 
2  74 
3 
1  58 660924096  
3 
3 
1  45 59754985  
2  137 
1  76 438513149  
1  49 1184006127  
1  164 94192159  
2  2 
2  79 
3 
3 
1  105 456739267  
2  70 
1  13 1235101534  
2  10 
2  39 
2  54 
1  54 1764017057  
3 
1  45 1613101000  
2  114 
2  40 
1  38 409376800  
2  44 
3 
3 
2  20 
3 
3 
1  32 1531298282  
3 
2  26 
3 
2  141 
1  49 1685329362  
1  33 2123973058  
3 
2  102 
2  97 
2  107 
3 
3 
3 
3 
3 
2  81 
3 
2  96 
3 
2  77 
3 
2  31 
3 
1  4 932701985  
2  156 
1  14 1034776137  
3 
1  92 1580079636  
2  0 
2  58 
2  6 
3 
3 
2  110 
3 
3 
3 
3 
1  131 1056965914  
2  29 
2  152 
2  24 
2  162 
1  34 1535855054  
3 
1  130 44572725  
2  114 
2  60 
2  121 
2  137 
1  165 10210323  
1  85 646678273  
2  134 
2  160 
1  5 1591365992  
2  17 
3 
1  48 2016356843  
1  101 1170150885  
3 
3 
2  53 
2  119 
3 
3 
1  108 686768446  
3 
1  35 574898450  
3 
1  100 662566083  
3 
3 
1  159 714594707  
2  97 
3 
2  1 
3 
3 
1  121 1457058846  
3 
2  20 
2  91 
2  83 
2  25 
1  42 1025731861  
1  149 1109334605  
2  25 
1  122 2117982943  
1  31 1085486846  
2  148 
1  125 1547847755  
1  34 1154505422  
1  28 1179679006  
2  147 
1  50 2004587022  
2  77 
3 
3 
1  155 242123309  
3 
2  150 
3 
1  37 796212415  
2  7 
1  71 1470204375  
3 
2  154 
1  110 651500109  
3 
2  109 
2  55 
3 
1  159 180027049  
2  150 
3 
3 
1  78 1008050089  
1  28 627989519  
1  106 1112729034  
3 
2  37 
2  95 
1  150 2042826226  
1  10 60585508  
2  5 
2  69 
2  26 
1  61 22211300  
2  54 
2  86 
1  93 1431197633  
3 
2  37 
2  112 
2  47 
1  18 105158233  
3 
2  1 
1  54 32421623  
2  4 
2  1 
1  81 2077875906  
3 
3 
1  151 1696524225  
2  116 
1  161 2048778466  
2  29 
1  127 1100543143  
2  37 
3 
3 
2  121 
2  58 
1  20 235809024  
2  111 
1  58 476193268  
3 
3 
1  33 1763109226  
3 
2  59 
1  67 950403731  
1  86 1933252115  
2  61 
2  92 
1  38 641357439  
2  32 
3 
1  7 2059738337  
1  8 1903751410  
3 
3 
2  15 
3 
3 
2  94 
3 
2  153 
1  3 1726844286  
2  6 
2  150 
2  3 
2  129 
2  1 
1  6 1460102444  
3 
2  2 
1  115 910773184  
1  130 759039644  
3 
2  51 
2  4 
3 
1  39 1317205818  
2  19 
1  32 1152896493  
2  72 
1  8 1555252059  
2  146 
3 
1  115 639926545  
3 
1  134 1804396602  
2  106 
1  33 1735279108  
2  28 
3 
2  35 
1  54 1647976635  
2  91 
1  134 284902474  
3 
1  119 700524494  
1  81 1543319213  
1  30 345487982  
1  138 722735795  
3 
2  81 
2  82 
1  82 827033198  
3 
1  158 450646215  
2  107 
3 
3 
3 
3 
3 
3 
1  133 755157418  
2  1 
2  31 
2  0 
1  122 757425456  
2  45 
3 
3 
2  150 
3 
1  130 2147170440  
3 
3 
3 
1  70 656452237  
1  55 1857968599  
2  56 
2  1 
3 
3 
3 
1  14 235495816  
2  50 
3 
1  51 1132645505  
2  25 
2  31 
2  6 
1  26 1473594178  
2  85 
2  7 
1  94 1185899548  
2  9 
2  8 
2  123 
3 
2  98 
2  110 
3 
2  71 
1  12 918413972  
1  34 2114951617  
1  113 1098154237  
3 
2  4 
2  109 
1  42 674681734  
1  144 1694312255  
1  88 410773033  
3 
2  67 
3 
1  115 1585454919  
3 
1  102 305868251  
2  150 
3 
3 
3 
3 
1  108 1727978851  
2  67 
1  33 590867764  
2  124 
3 
2  32 
3 
3 
3 
2  46 
3 
3 
3 
3 
3 
1  129 1861120310  
1  125 220421749  
3 
1  40 247780719  
2  23 
1  15 1448915770  
2  127 
2  49 
2  79 
3 
2  11 
3 
1  115 1868398384  
1  18 532683193  
1  113 1956617  
2  111 
1  142 1264233949  
2  14 
2  20 
3 
3 
2  65 
1  0 878171175  
3 
1  44 724692412  
1  43 2091267148  
1  19 1328817390  
2  72 
3 
2  99 
3 
1  114 1479849830  
2  109 
1  21 701208956  
1  66 1328504182  
2  33 
1  3 2136302067  
2  116 
2  17 
2  40 
3 
1  32 411693908  
2  22 
2  13 
2  26 
3 
3 
3 
3 
3 
2  64 
2  36 
1  66 1563999999  
1  28 1121463925  
2  134 
1  37 1885288086  
3 
2  12 
1  73 602415899  
1  86 2039877897  
1  28 1852756055  
2  30 
3 
2  15 
2  13 
2  12 
3 
1  9 1700570136  
2  89 
1  98 567075984  
2  38 
1  128 1399584663  
1  17 2111343169  
2  41 
1  141 5047255  
3 
1  144 1705452914  
2  96 
3 
3 
1  23 1691838372  
2  95 
2  64 
3 
1  74 595915019  
1  15 1419089577  
2  1 
2  41 
2  7 
3 
1  117 1912260121  
1  25 843695738  
3 
3 
1  39 720521699  
2  16 
1  109 1633174857  
2  48 
2  63 
1  30 1376378931  
2  138 
3 
1  9 722478316  
3 
3 
1  62 749925159  
3 
1  24 107066458  
1  79 1447170728  
1  15 693708659  
1  96 1435883848  
1  120 779536911  
1  18 1394917615  
1  14 616904383  
2  27 
3 
3 
3 
3 
3 
2  37 
2  40 
3 
3 
2  23 
1  34 768355330  
3 
3 
2  14 
1  96 1806611523  
2  29 
3 
1  113 33420734  
1  101 1889819255  
2  45 
2  38 
2  127 
2  37 
1  68 1544415961  
1  123 635836633  
2  32 
1  24 1782213505  
1  126 1249688369  
1  128 188923121  
1  12 201805841  
3 
2  107 
1  77 501789384  
1  22 152782642  
3 
2  51 
2  97 
3 
1  35 206853096  
1  78 59758650  
2  98 
2  20 
3 
1  58 1844621014  
1  50 802768115  
3 
3 
3 
3 
3 
2  36 
3 
1  104 1478848227  
2  0 
1  95 1609397488  
1  109 1646463854  
2  20 
2  32 
1  26 51886279  
2  141 
1  62 1095088697  
2  133 
2  51 
2  112 
1  66 875359137  
1  124 774364595  
2  30 
1  130 1845013856  
1  82 982425596  
1  23 74051676  
3 
2  29 
2  83 
1  43 391238867  
2  97 
2  17 
1  32 270825796  
1  20 853588587  
2  30 
1  49 1786156483  
3 
2  58 
3 
2  128 
2  6 
2  141 
1  36 887730179  
1  9 1621943917  
3 
1  75 1445284358  
1  138 921150913  
2  126 
3 
3 
3 
1  84 1364279525  
1  124 842216672  
3 
1  9 1556987546  
3 
3 
1  39 999009382  
1  7 2091905041  
2  70 
2  90 
1  27 1745910667  
3 
3 
1  90 1200815223  
3 
1  39 446210777  
2  123 
2  51 
1  124 1898693309  
1  143 1407668319  
1  9 505969427  
3 
2  138 
2  63 
2  25 
1  5 1595830676  
1  123 62952786  
3 
2  10 
2  62 
3 
2  150 
3 
3 
2  106 
1  39 1984817655  
3 
1  4 1057744516  
3 
3 
2  127 
1  47 1709416640  
2  102 
2  147 
2  53 
2  32 
2  28 
2  17 
1  32 2036703934  
2  53 
1  68 5349565  
3 
2  32 
2  27 
1  96 437292130  
1  64 663584881  
2  12 
1  41 1850363422  
2  90 
1  64 1419717726  
2  83 
2  123 
3 
2  59 
1  35 737636557  
3 
3 
3 
1  137 94118641  
3 
3 
1  46 1690543522  
3 
1  11 1591225144  
3 
1  145 1880275124  
3 
3 
2  100 
3 
2  22 
3 
2  7 
1  17 430790054  
1  28 1065685414  
2  4 
3 
2  116 
1  141 1178075835  
3 
3 
2  32 
1  16 1351940967  
2  14 
3 
3 
2  6 
3 
1  5 282481291  
1  125 2020292507  
1  24 761444866  
1  82 1281490673  
3 
1  22 1964713900  
3 
1  18 359871885  
2  27 
2  17 
1  16 334822248  
1  90 263441029  
3 
3 
3 
1  55 111081547  
1  19 1742490567  
3 
1  68 769410456  
2  37 
3 
2  46 
2  65 
3 
2  35 
1  66 1706912223  
1  70 1805443353  
1  150 606744463  
3 
2  145 
1  74 617173091  
2  29 
2  82 
1  25 1367376346  
1  127 495964749  
2  5 
3 
2  130 
2  71 
3 
1  60 622522656  
3 
2  16 
3 
2  68 
3 
3 
1  40 1804668476  
2  12 
1  5 1159549631  
2  47 
3 
1  17 325402430  
2  108 
1  9 1076902554  
2  64 
3 
2  148 
1  84 1897186188  
3 
2  12 
1  38 419521072  
2  95 
1  17 619962428  
2  146 
3 
2  41 
1  37 1340927685  
2  35 
2  126 
1  21 152312548  
3 
3 
3 
1  51 1050752482  
3 
3 
1  66 259129451  
1  65 1330388383  
3 
1  111 255209802  
2  41 
2  98 
2  18 
2  42 
3 
1  17 541610742  
3 
3 
3 
1  38 1203197242  
1  150 1016654668  
2  96 
1  118 1823101415  
3 
1  96 1020427494  
2  109 
2  40 
1  121 1376526553  
1  82 10440015  
2  21 
3 
3 
3 
2  102 
3 
1  113 1283868523  
3 
1  58 1487608100  
1  134 1752930582  
2  55 
3 
1  79 2053278980  
3 
2  34 
2  89 
3 
3 
2  38 
2  95 
2  59 
1  38 1047036675  
1  54 1410890287  
3 
3 
1  5 512539795  
3 
3 
2  45 
1  73 1664209766  
2  40 
2  34 
1  11 630782985  
3 
2  121 
2  26 
1  146 1008504545  
1  75 139248775  
1  94 287967813  
2  112 
1  124 20570528  
1  144 464651205  
1  26 1364870367  
3 
3 
2  22 
2  106 
2  5 
2  5 
2  25 
1  29 1917756716  
2  110 
3 
1  69 884172277  
2  133 
1  3 1984832796  
3 
2  30 
3 
3 
1  82 1111200753  
3 
3 
3 
1  93 1036484826  
2  107 
1  70 888101630  
1  54 1370330204  
1  44 219389561  
3 
3 
2  110 
2  69 
3 
3 
2  63 
1  29 1143311432  
2  34 
1  11 1911940946  
3 
3 
3 
3 
2  122 
3 
1  82 1422586804  
1  34 12482452  
2  44 
3 
3 
2  3 
1  85 1587558713  
3 
3 
1  5 295530650  
1  103 1389009006  
2  14 
1  130 1597998728  
2  38 
1  84 1579399174  
2  5 
3 
3 
1  91 729133458  
1  126 1203445662  
2  41 
1  102 1485194506  
2  21 
2  20 
2  20 
1  18 1776170134  
2  6 
1  31 466852302  
1  25 1997734301  
2  19 
1  119 1292896252  
1  44 1097635287  
2  74 
1  122 858755198  
3 
1  7 1432145027  
1  90 1385603101  
2  25 
3 
2  13 
2  19 
3 
1  35 879325726  
2  10 
3 
3 
2  25 
1  107 1896796233  
1  69 602989820  
1  90 649598795  
2  116 
3 
1  24 633484862  
2  67 
3 
2  58 
3 
1  14 440338968  
1  0 1760799548  
2  16 
2  50 
2  63 
2  126 
2  5 
2  110 
2  18 
2  12 
3 
2  25 
3 
3 
1  12 1669969688  
3 
3 
1  88 1328440599  
3 
3 
2  56 
1  39 983646105  
3 
1  22 1889359250  
1  7 324268383  
3 
3 
1  85 748103403  
2  69 
2  65 
3 
1  22 1164462406  
1  25 336750836  
3 
2  25 
3 
1  7 188178469  
1  93 1459993056  
3 
2  112 
2  39 
2  124 
3 
3 
3 
3 
3 
1  20 1725759842  
3 
3 
1  82 1786177197  
3 
2  9 
1  11 891908582  
3 
2  124 
2  102 
1  54 307409652  
1  91 842139212  
1  20 229619440  
3 
1  138 2083579786  
2  101 
2  47 
3 
2  25 
2  34 
1  4 1308991514  
1  23 79870094  
1  128 1228992391  
3 
3 
1  29 259143153  
2  26 
1  29 938625292  
2  114 
2  6 
2  9 
2  8 
1  120 513653770  
1  63 1644746254  
2  85 
1  15 1817951019  
1  13 262966355  
3 
3 
2  28 
2  2 
2  38 
1  131 100252427  
2  18 
1  61 320066166  
1  136 896451218  
3 
3 
2  124 
3 
3 
1  101 540591395  
2  13 
2  107 
3 
1  55 2080865714  
1  29 418937258  
2  26 
2  46 
3 
3 
3 
1  2 1869031994  
1  20 917028171  
2  26 
1  35 160812860  
1  114 45816730  
1  7 1665131575  
3 
2  127 
1  76 1325275266  
1  3 382567566  
2  31 
3 
1  35 1853310044  
3 
2  0 
3 
2  41 
2  86 
1  24 637784675  
3 
1  11 2108327408  
1  66 1492003593  
1  106 1529693257  
3 
3 
3 
3 
2  25 
2  18 
2  8 
2  37 
1  36 268253412  
2  33 
1  24 186659157  
3 
3 
1  137 1759312698  
1  26 204349551  
2  9 
3 
2  47 
1  34 1495650671  
2  73 
3 
2  90 
3 
3 
2  81 
2  10 
3 
2  29 
1  79 1839182792  
3 
1  27 1433341942  
3 
3 
2  119 
3 
2  88 
1  131 1754793825  
1  3 630324436  
3 
3 
1  4 1946995712  
2  85 
3 
2  34 
2  6 
3 
3 
2  11 
3 
3 
3 
2  48 
1  31 1252056431  
3 
3 
3 
2  26 
2  69 
2  16 
2  39 
1  69 300791807  
1  50 62478420  
1  122 1352308858  
2  29 
1  17 620857973  
1  15 958929638  
3 
1  109 1892900254  
3 
1  61 554240040  
2  128 
2  27 
1  3 1377866896  
1  93 1614448600  
1  53 1471268211  
2  4 
3 
3 
3 
1  87 1538679757  
2  31 
3 
3 
3 
1  128 1660265330  
3 
2  0 
3 
3 
1  112 988916138  
2  6 
1  28 716471375  
3 
3 
2  19 
1  8 2042832896  
3 
2  26 
3 
2  24 
2  109 
2  112 
2  21 
1  3 694742534  
1  126 1354256050  
1  30 2003676656  
3 
1  128 39262480  
2  109 
3 
2  120 
3 
2  29 
1  27 736465660  
1  89 124446421  
2  13 
3 
2  10 
1  56 225921637  
1  12 348294710  
3 
2  11 
3 
1  74 328795972  
2  48 
2  25 
3 
3 
2  97 
2  121 
3 
3 
2  102 
3 
3 
1  1 1721572309  
2  4 
3 
2  1 
2  8 
1  75 39993854  
1  25 1762137914  
2  2 
1  63 1328882486  
3 
3 
3 
1  7 670318290  
2  29 
2  31 
2  42 
3 
2  62 
1  1 1561649978  
3 
1  83 433455269  
3 
3 
1  10 971110098  
3 
2  20 
2  59 
3 
2  69 
3 
2  54 
1  11 1624128398  
1  20 1785764128  
3 
3 
3 
2  2 
1  5 1591968071  
1  109 435574388  
1  12 1531180734  
3 
2  16 
3 
1  11 2146208111  
3 
2  80 
1  29 1813441285  
3 
1  16 998145686  
2  97 
3 
2  67 
1  96 1469992675  
1  58 1204637394  
2  17 
2  119 
3 
3 
1  44 510927369  
1  69 311425165  
1  28 1921108769  
2  93 
2  47 
2  75 
1  76 406276617  
1  14 1006167700  
1  40 1127881172  
1  29 262469626  
1  10 1045430180  
1  134 1864346832  
1  108 386916047  
3 
3 
2  51 
2  31 
3 
3 
1  0 1271351817  
1  46 65157894  
3 
3 
3 
3 
3 
1  17 715712019  
1  53 845440478  
3 
3 
1  17 105151748  
1  39 330366285  
2  11 
3 
2  44 
1  125 26839316  
2  112 
2  4 
3 
1  6 775470038  
1  131 1892016263  
3 
2  24 
3 
3 
2  18 
2  40 
1  124 460294586  
3 
1  125 1746580136  
2  109 
3 
3 
3 
1  98 1368661014  
1  22 98575066  
2  0 
3 
1  123 1191064560  
2  29 
2  122 
2  28 
2  73 
2  136 
3 
3 
2  88 
1  23 1804235402  
2  13 
3 
3 
2  102 
2  2 
2  114 
2  15 
2  2 
3 
2  76 
2  5 
1  79 1629755800  
3 
1  16 1189789023  
1  19 1470193039  
3 
2  81 
3 
2  7 
2  25 
1  36 480417838  
2  19 
1  7 512298050  
3 
1  101 527346785  
1  26 991345207  
2  30 
3 
2  83 
2  2 
2  20 
2  40 
3 
2  29 
1  26 823723216  
2  21 
1  9 300971907  
3 
3 
2  117 
3 
3 
2  1 
3 
3 
2  52 
1  24 1397621825  
3 
1  9 1829890916  
3 
2  38 
1  124 1428853079  
3 
1  20 1660091451  
2  108 
3 
3 
2  4 
1  128 727837448  
1  57 1145716263  
2  53 
1  18 2047007498  
1  15 1999189265  
1  26 1210874157  
3 
1  24 615235869  
2  44 
2  27 
3 
2  29 
3 
2  1 
3 
2  59 
2  117 
2  108 
1  31 697146096  
2  124 
2  0 
2  36 
2  5 
2  30 
1  72 1316025905  
2  57 
2  38 
1  78 945602154  
1  21 723985412  
3 
2  127 
3 
2  60 
3 
3 
3 
1  21 2091495943  
2  75 
1  5 690134769  
3 
3 
2  21 
3 
3 
3 
1  44 1184279998  
2  68 
3 
3 
1  111 1690592432  
2  7 
1  57 2058795783  
2  74 
1  20 1282855064  
1  1 734173344  
1  89 1715547538  
2  5 
2  38 
3 
3 
1  22 765127216  
2  23 
1  129 1923962367  
2  26 
1  83 1038256929  
1  24 1245545055  
3 
1  112 288776770  
3 
2  27 
3 
2  29 
2  11 
1  86 1565603715  
1  22 89406614  
1  20 1112499986  
1  15 1866575622  
3 
2  27 
3 
1  52 1487028439  
1  85 794907254  
3 
3 
1  17 1147945053  
2  48 
3 
2  111 
1  16 999636242  
3 
1  11 1522744702  
3 
1  48 146177668  
1  28 899160092  
1  48 1374450319  
2  23 
3 
2  11 
3 
2  8 
2  101 
1  83 1357051825  
2  3 
2  125 
2  39 
3 
3 
2  23 
1  54 1514395961  
2  28 
3 
1  8 2071596415  
3 
3 
1  4 525594082  
3 
1  15 312514467  
2  56 
1  13 648098180  
1  11 469606377  
1  13 1002649237  
2  45 
1  28 1832378178  
3 
2  20 
1  86 12715161  
3 
1  132 913961372  
1  87 967749595  
3 
1  116 746888505  
2  26 
3 
1  23 482025262  
1  33 1732876811  
3 
3 
1  127 523367225  
3 
1  30 1520282192  
1  35 830938218  
1  37 812143995  
1  2 938402259  
2  82 
1  40 920344833  
3 
2  115 
3 
2  30 
2  30 
1  61 1924643981  
1  86 657494233  
3 
2  102 
2  78 
2  8 
2  128 
1  70 259889624  
3 
2  6 
1  27 572067587  
1  7 1805439286  
1  115 1259525867  
2  16 
1  67 2094812289  
1  70 1951616954  
3 
2  25 
1  34 11202311  
2  13 
3 
2  23 
1  90 1321778960  
1  64 1161185131  
2  19 
1  11 1525598273  
2  127 
2  126 
3 
3 
1  17 1245891728  
2  52 
1  31 1686779213  
2  37 
2  58 
2  73 
2  98 
3 
1  24 1838112740  
1  7 1893989908  
1  21 8901942  
1  2 693278329  
3 
2  25 
3 
2  6 
3 
3 
3 
2  108 
1  61 1578884438  
3 
2  100 
1  17 21617104  
1  98 1607239702  
3 
3 
1  67 399150385  
1  10 768505609  
3 
2  137 
3 
3 
1  100 2089264964  
2  10 
2  65 
1  114 2132027197  
2  127 
2  117 
1  8 1291872834  
1  119 1462063508  
1  59 815481767  
3 
2  26 
3 
1  24 2104016829  
2  18 
2  83 
3 
1  121 252982119  
1  62 1735826600  
1  98 1881177162  
2  135 
1  30 910476352  
2  80 
1  28 1995716225  
3 
1  89 305761101  
2  3 
3 
3 
3 
2  34 
1  2 568431990  
2  27 
3 
3 
3 
2  33 
1  15 1107758444  
1  18 253089742  
3 
1  10 372565296  
1  25 1118960755  
1  86 1574868703  
1  102 1533750427  
1  6 497075380  
2  0 
3 
3 
3 
3 
2  0 
1  122 673276783  
3 
2  141 
1  22 1073045992  
2  87 
3 
3 
3 
2  51 
2  71 
2  123 
2  126 
1  30 187704473  
2  67 
2  113 
2  68 
1  62 419783043  
2  41 
3 
1  114 1081947935  
3 
2  107 
3 
1  13 880982802  
1  10 1998667481  
1  63 1103565039  
1  109 340738856  
3 
3 
2  14 
3 
3 
3 
1  15 250334219  
2  70 
3 
2  106 
2  33 
2  92 
1  32 1872070648  
3 
2  104 
1  45 282520173  
2  139 
3 
2  133 
2  70 
1  87 234877768  
2  113 
2  116 
1  42 1016459835  
1  11 1744583681  
2  71 
2  124 
2  45 
3 
2  57 
2  104 
2  33 
3 
1  29 1050359535  
2  78 
2  41 
3 
1  91 972993016  
1  35 1997565801  
1  31 638702488  
3 
1  84 706686531  
1  62 760558505  
1  0 486935065  
3 
3 
1  9 1012447632  
2  20 
1  16 1328990496  
3 
3 
2  88 
3 
3 
3 
3 
2  48 
1  28 1594693509  
1  143 1265537375  
3 
3 
1  101 1701555792  
3 
1  137 566170616  
3 
3 
2  43 
3 
2  106 
1  140 692922430  
1  141 1087822572  
3 
3 
1  117 1063245997  
3 
2  21 
1  114 1366199213  
1  36 13384916  
1  62 1250950470  
3 
1  106 1785982256  
2  34 
1  93 1095332851  
3 
3 
3 
1  9 2131933272  
2  88 
1  137 1637166089  
3 
1  140 51414242  
2  6 
3 
1  120 325188481  
3 
1  12 1887500308  
3 
2  43 
1  22 1923484891  
1  121 607708654  
3 
3 
2  145 
3 
3 
3 
3 
2  16 
1  111 2122378076  
1  74 792461078  
3 
1  86 204808687  
3 
1  143 1025253964  
1  36 1765454094  
2  136 
3 
1  118 54890840  
3 
3 
1  13 1663956452  
2  21 
3 
2  127 
1  6 324656977  
1  27 815449346  
1  51 3407869  
1  6 1337104610  
1  102 2144439842  
1  113 1598101378  
3 
3 
2  115 
3 
3 
1  26 455158337  
1  60 1698511986  
1  26 16788346  
2  0 
3 
3 
3 
3 
1  135 1148080767  
3 
2  96 
2  61 
2  78 
2  13 
1  49 638850910  
3 
2  127 
3 
3 
3 
3 
3 
3 
2  68 
1  94 1080034343  
3 
1  52 366796332  
1  54 652235827  
3 
2  49 
3 
3 
3 
1  55 183501165  
2  43 
1  154 5294940  
1  44 1747568678  
1  27 167950790  
1  58 1642461029  
3 
3 
2  23 
2  100 
3 
3 
3 
3 
2  21 
2  39 
3 
2  139 
2  48 
2  15 
1  31 1798982921  
2  7 
1  16 493139271  
2  48 
1  84 1382477690  
3 
1  15 1574984164  
2  62 
2  49 
2  68 
3 
2  15 
3 
3 
1  151 1100847925  
1  146 1357372118  
1  4 219961594  
1  80 1305656612  
2  46 
3 
3 
3 
3 
3 
2  81 
3 
1  24 235142434  
2  63 
2  132 
3 
2  46 
3 
2  7 
1  101 1985415688  
1  141 1360547453  
1  34 1899098886  
1  144 162589018  
2  33 
2  106 
2  30 
1  70 28513151  
2  116 
2  23 
3 
2  70 
3 
1  142 1902506755  
2  143 
3 
2  15 
1  38 1499693628  
1  4 25469345  
1  26 1353124485  
3 
2  88 
2  102 
3 
2  26 
2  39 
1  57 1954851965  
3 
1  61 1723981331  
2  118 
1  14 1369912832  
1  77 955449084  
3 
1  21 215348594  
1  5 302463527  
2  24 
1  120 1322245416  
2  56 
2  82 
3 
2  110 
3 
1  102 867584421  
3 
1  41 485964693  
3 
1  100 1327540356  
3 
1  26 467669451  
3 
2  24 
2  18 
2  37 
3 
3 
1  125 653915483  
2  95 
3 
3 
3 
1  42 822517737  
1  119 119168724  
2  36 
1  16 1147054754  
1  36 57511779  
1  42 1694152888  
2  49 
2  2 
3 
2  116 
2  78 
1  103 100419031  
1  31 1414883898  
1  106 1914114482  
2  45 
3 
3 
1  50 1406075643  
3 
2  108 
2  11 
3 
1  148 1650026332  
1  9 1752046523  
2  58 
2  41 
2  111 
3 
2  141 
1  106 619139448  
3 
3 
2  130 
1  10 1401641571  
3 
3 
3 
3 
3 
1  115 1914635541  
3 
1  42 647652599  
1  86 1156664678  
1  11 1266845521  
1  78 673121944  
3 
3 
2  150 
2  42 
3 
2  20 
1  32 362305516  
2  48 
1  37 1074213838  
1  78 249619628  
3 
3 
2  123 
2  2 
3 
2  134 
3 
1  40 1732218348  
1  139 2029662922  
2  135 
1  2 464968222  
2  10 
3 
2  25 
1  139 2034681875  
1  20 1204424690  
2  95 
1  126 1332552643  
1  0 373162920  
2  45 
2  33 
1  15 384481398  
3 
3 
2  17 
3 
2  118 
1  126 1800222094  
2  29 
3 
3 
2  118 
1  24 1027078403  
2  29 
2  4 
3 
2  18 
3 
2  9 
1  71 1206999135  
1  42 1919390819  
3 
2  44 
1  28 26649509  
2  104 
3 
3 
2  16 
1  16 1264510915  
1  33 1466060059  
1  125 127068540  
2  136 
2  79 
1  133 531911165  
3 
3 
1  40 1232690894  
1  20 1533144184  
2  7 
1  99 34453849  
3 
1  11 837253769  
3 
3 
2  39 
1  37 4799984  
3 
2  67 
2  112 
3 
1  92 1436095420  
1  142 604405662  
1  127 652452584  
1  13 445276451  
3 
3 
3 
2  58 
2  7 
3 
2  96 
2  117 
1  93 1871251183  
2  12 
3 
2  50 
3 
3 
3 
3 
2  116 
3 
2  64 
1  90 1325574528  
2  85 
3 
2  44 
1  24 807581967  
3 
2  45 
1  54 797981373  
2  59 
2  95 
2  15 
1  75 1575194156  
2  71 
1  49 392316667  
3 
2  44 
1  25 680160647  
1  36 2040162378  
1  20 279514894  
1  108 1884585337  
3 
2  113 
1  99 1225231373  
1  33 652677815  
1  119 121583087  
3 
3 
1  50 877969820  
1  4 1679756218  
2  7 
3 
3 
3 
2  36 
3 
1  81 1328582222  
3 
3 
1  77 649876991  
3 
2  102 
1  24 1706405728  
1  25 445609489  
3 
3 
3 
3 
2  1 
3 
3 
1  135 2115937050  
2  23 
2  30 
3 
2  125 
1  27 1833474268  
2  83 
3 
1  44 977520654  
1  120 1201144296  
3 
2  48 
1  58 1219134804  
1  138 1011974504  
3 
1  33 2038398065  
1  120 1223934789  
1  140 300586276  
3 
3 
1  38 495320079  
3 
3 
3 
2  63 
2  143 
2  7 
1  1 1876387373  
2  92 
3 
1  123 745862727  
1  16 219087614  
3 
2  39 
2  108 
3 
3 
3 
1  88 1054478253  
3 
2  45 
3 
2  75 
2  24 
1  103 1553444694  
3 
3 
3 
2  21 
1  22 1017068987  
2  5 
3 
3 
3 
3 
2  88 
3 
1  15 482188762  
2  92 
2  19 
1  85 1945761361  
1  127 1697229634  
1  29 374867492  
3 
1  43 77792608  
3 
2  11 
1  132 1434331323  
1  75 1600098866  
3 
1  57 730470423  
2  118 
1  41 1555914410  
1  79 330585038  
1  20 262742993  
1  47 737012985  
3 
1  6 980462029  
1  21 1969148721  
1  108 1182622474  
3 
3 
2  60 
1  47 948915431  
3 
3 
2  23 
1  47 1655139342  
3 
1  20 12659481  
3 
2  0 
1  34 2576080  
2  8 
1  91 726790498  
2  39 
1  137 1024633985  
2  126 
2  1 
2  56 
2  34 
3 
3 
2  11 
1  121 2040974145  
2  97 
1  96 1950725287  
2  11 
1  121 1325220261  
2  96 
1  48 388810577  
3 
2  0 
1  112 1679629012  
1  139 2071082989  
1  152 607898191  
3 
3 
1  42 586623618  
3 
2  125 
1  37 1477044035  
1  7 1624967179  
1  84 1068812380  
3 
2  60 
3 
2  31 
3 
3 
2  142 
3 
2  64 
2  40 
2  84 
1  13 1275321749  
3 
1  63 1174713165  
3 
3 
1  116 1443679872  
2  73 
2  119 
1  34 1353114357  
1  142 461560841  
2  82 
2  14 
3 
3 
1  13 896295090  
2  39 
2  150 
2  21 
3 
2  36 
1  51 2083584780  
1  60 2017475251  
2  102 
2  40 
2  64 
3 
3 
1  38 1226880128  
2  92 
2  135 
3 
2  120 
1  146 198844125  
1  105 607004588  
1  20 59858509  
3 
3 
1  104 20509199  
2  154 
2  140 
3 
2  39 
2  1 
3 
1  106 1789627063  
2  130 
2  15 
2  47 
2  11 
1  67 1008773941  
3 
2  11 
3 
3 
1  97 1675648541  
1  12 1802286544  
1  8 1011350021  
1  3 254955391  
1  61 679436881  
2  83 
1  0 904840518  
2  7 
1  12 58197031  
1  136 2004657142  
2  10 
1  80 1293651095  
2  14 
1  117 1737826043  
3 
1  139 1928256483  
1  140 1901549287  
3 
3 
3 
3 
3 
1  136 176966013  
2  20 
1  11 1257816871  
1  62 1379032818  
1  38 1245778393  
3 
1  20 385654972  
1  37 406262335  
2  38 
3 
3 
2  12 
2  14 
3 
3 
2  109 
3 
1  109 541974618  
3 
3 
3 
2  92 
2  138 
2  34 
3 
1  2 1738769329  
2  2 
1  24 867823176  
2  137 
2  31 
1  27 1438269708  
3 
2  125 
3 
2  86 
2  12 
1  13 1674870461  
3 
2  15 
3 
2  15 
1  19 737814780  
1  116 517666189  
3 
2  0 
3 
2  39 
3 
1  7 1873714586  
1  148 1344819368  
1  90 577524698  
2  128 
1  36 1894223785  
1  26 986962783  
1  135 1586298639  
1  10 1422388678  
2  59 
3 
3 
1  136 641765679  
3 
2  35 
3 
1  11 450165012  
2  33 
2  78 
1  14 1677344070  
1  49 1321202560  
3 
2  10 
3 
2  46 
2  146 
2  25 
2  79 
1  111 1355005531  
2  47 
2  12 
1  74 1735541101  
1  3 1178376055  
1  1 501172978  
2  14 
2  90 
3 
2  8 
2  65 
1  15 1325883496  
3 
3 
1  0 959148890  
1  31 255238617  
2  10 
3 
3 
2  87 
3 
3 
3 
3 
3 
3 
3 
3 
1  39 1502849510  
3 
1  36 69482113  
3 
3 
2  59 
3 
1  21 1634271435  
1  12 601144255  
3 
2  126 
2  108 
2  0 
2  20 
3 
1  43 455137085  
2  3 
3 
2  130 
2  10 
3 
2  6 
3 
1  18 2040533771  
2  40 
3 
3 
2  42 
1  24 1143118873  
1  92 46422766  
3 
2  26 
1  0 760873299  
1  89 433904934  
3 
2  29 
3 
1  3 1721293227  
1  19 1498688079  
3 
3 
3 
2  104 
3 
2  89 
2  34 
2  53 
2  33 
1  141 951571123  
1  68 1447524166  
3 
2  136 
1  29 696023800  
2  56 
1  23 1529095821  
2  38 
3 
2  90 
2  7 
2  141 
1  23 1194264303  
2  112 
1  13 1682986583  
3 
3 
3 
3 
3 
3 
2  36 
1  125 967910813  
3 
2  47 
1  67 469169334  
2  4 
3 
2  23 
3 
3 
2  29 
1  13 177268615  
1  79 1418075825  
3 
2  96 
2  113 
1  37 2146513404  
2  86 
1  89 1498471175  
2  91 
3 
3 
3 
1  71 625597708  
3 
2  70 
2  127 
1  7 1734570857  
1  139 529363582  
2  73 
1  116 1126770687  
1  84 912970705  
3 
3 
2  22 
2  23 
3 
1  11 1488512473  
3 
1  135 1382009304  
3 
2  17 
2  26 
1  26 268336567  
1  29 1557994586  
1  55 868797092  
2  41 
3 
1  17 869480823  
2  129 
3 
1  57 2013131672  
2  13 
1  100 761847215  
1  34 2012599696  
3 
1  18 2059554438  
2  20 
2  12 
3 
3 
3 
3 
2  24 
2  39 
1  24 1522720514  
3 
3 
2  105 
1  22 299020982  
2  59 
2  118 
3 
3 
1  34 1633364018  
3 
2  111 
2  30 
2  23 
1  11 873924946  
2  21 
2  13 
1  14 1250592105  
2  37 
1  30 933404536  
2  39 
1  88 1569948746  
1  58 632204279  
3 
1  21 2127668839  
3 
3 
3 
2  138 
1  141 1105451681  
3 
2  40 
1  15 1600115092  
2  42 
2  40 
2  95 
1  133 449354525  
2  17 
3 
1  14 1282720296  
3 
3 
2  6 
3 
3 
3 
3 
1  89 870707269  
3 
2  0 
2  59 
2  15 
1  50 448384281  
3 
3 
3 
2  10 
2  29 
3 
2  46 
2  47 
1  136 633707824  
3 
3 
1  59 1496304978  
1  102 35471490  
3 
3 
1  72 1163071406  
3 
1  1 475592017  
3 
2  21 
3 
1  25 948442196  
3 
1  33 504100231  
2  6 
2  46 
1  35 1857601321  
3 
3 
3 
1  103 1216778763  
2  7 
2  40 
2  36 
2  135 
3 
1  28 2062094818  
1  97 578914765  
3 
2  54 
2  126 
1  138 2086259586  
1  49 1927742842  
1  9 1340761980  
2  12 
1  70 1951375635  
2  55 
2  37 
3 
3 
1  23 1839813632  
1  113 715998847  
3 
2  3 
3 
1  30 102912969  
3 
1  20 1325694002  
1  0 1589923793  
1  128 1353505075  
1  32 111614890  
2  74 
1  101 1012388891  
3 
2  12 
1  66 1985709354  
3 
1  59 91800082  
2  8 
2  124 
2  125 
2  106 
2  39 
2  34 
1  131 2117840572  
1  122 1438340798  
2  133 
3 
2  70 
3 
3 
3 
2  134 
2  106 
1  126 541154607  
2  3 
1  131 1253077221  
1  73 161564419  
2  98 
1  29 989538889  
3 
1  36 1886785045  
1  16 1657869397  
1  36 1025010379  
1  30 902372803  
1  115 2133461414  
1  115 1973452575  
2  96 
3 
1  17 1406473035  
1  27 1843579088  
2  107 
2  12 
2  12 
1  2 1042747691  
2  8 
1  7 1321084205  
2  32 
3 
3 
3 
3 
2  86 
2  98 
2  106 
3 
3 
1  76 275010205  
3 
3 
3 
2  100 
3 
1  13 981523629  
2  40 
1  18 1101343399  
2  78 
1  16 1615772186  
3 
3 
1  71 785415616  
3 
3 
3 
3 
2  50 
1  41 793673383  
3 
1  42 184287385  
1  95 888328586  
2  74 
1  26 2119367386  
2  41 
2  59 
1  21 1774211178  
2  27 
1  1 94350013  
2  137 
3 
1  147 83498628  
2  17 
1  1 639116421  
1  43 2080059367  
3 
3 
3 
1  127 175298710  
1  111 609473345  
1  12 1370916517  
1  12 716453318  
1  149 1862550566  
1  59 1532480936  
2  17 
1  18 1705992207  
3 
3 
3 
3 
2  36 
1  127 1601851963  
1  16 1042866686  
1  126 583518938  
2  6 
2  109 
1  61 356741119  
3 
2  20 
2  21 
3 
2  70 
2  134 
3 
2  88 
3 
3 
3 
1  59 1028844452  
1  44 409487866  
3 
3 
2  137 
1  112 1763214154  
2  30 
1  46 724939892  
1  16 1452235557  
1  23 936814711  
1  75 999950098  
2  28 
1  50 286275538  
3 
2  1 
2  50 
2  138 
1  33 2038158110  
2  123 
2  127 
2  61 
3 
1  83 468238636  
2  37 
2  86 
1  25 1071691155  
3 
3 
3 
1  148 684347845  
1  28 652526021  
2  146 
2  129 
1  48 1960019741  
1  150 656231583  
3 
1  120 279253551  
1  119 2054369754  
3 
1  1 739730212  
2  48 
3 
1  34 918369972  
1  22 1986945473  
2  85 
3 
1  0 915028922  
1  124 1527843317  
2  107 
1  117 1210378342  
1  74 1631482240  
1  31 1242910236  
1  86 595375630  
2  16 
2  89 
3 
2  2 
2  21 
2  83 
2  68 
3 
1  3 1189990799  
3 
2  21 
1  30 697278551  
1  45 1638242316  
1  102 1773509738  
2  70 
1  17 1054019670  
1  35 519603121  
2  87 
3 
2  24 
2  43 
2  7 
3 
2  37 
1  33 35513956  
2  16 
3 
2  49 
1  38 669750176  
2  95 
3 
2  108 
3 
2  87 
1  128 1244543013  
1  37 1487749513  
3 
2  93 
2  51 
3 
3 
2  27 
3 
3 
3 
1  109 1606564887  
2  101 
3 
2  97 
2  2 
2  18 
1  146 97009463  
2  144 
3 
3 
1  87 1774025051  
3 
3 
1  29 1497239349  
3 
1  135 565248099  
1  138 698232558  
1  40 34103547  
3 
2  68 
3 
2  46 
2  58 
1  31 1217774120  
3 
1  14 510768651  
2  128 
1  50 690335130  
1  23 1497027671  
3 
1  65 417654757  
3 
1  117 1430065342  
1  83 267913995  
2  83 
3 
3 
2  10 
2  13 
3 
2  37 
1  23 257116582  
1  107 197610617  
3 
1  12 1795757313  
1  37 1467494924  
2  153 
2  130 
3 
1  71 1829092857  
3 
2  37 
2  21 
3 
3 
2  34 
1  33 891183901  
3 
1  66 2062870555  
2  106 
2  48 
3 
3 
2  32 
2  49 
2  135 
2  38 
3 
3 
2  4 
3 
2  34 
1  72 871600009  
2  64 
2  25 
2  24 
1  29 1588462452  
1  75 1553629223  
3 
1  46 497626099  
3 
2  17 
3 
3 
3 
1  123 494998475  
2  130 
2  56 
2  1 
1  61 2073232344  
1  48 533140055  
3 
1  127 1164748651  
1  132 1170291710  
1  2 2020889568  
3 
2  66 
1  143 623829891  
3 
3 
2  99 
1  10 1267301173  
3 
2  5 
2  80 
1  53 1647430971  
3 
2  68 
1  30 2121069240  
2  21 
1  4 1832549273  
2  128 
2  25 
1  144 198179882  
3 
2  5 
3 
3 
1  54 7689139  
2  71 
1  29 902839745  
1  41 708948533  
2  38 
1  40 698024270  
1  103 252383769  
1  136 1126603291  
1  11 2128089612  
2  143 
1  38 520297764  
1  5 1383719873  
3 
3 
3 
2  13 
1  82 178216581  
3 
3 
3 
3 
2  20 
2  132 
3 
2  15 
2  31 
2  10 
3 
1  39 168571429  
1  122 703731150  
1  113 2007309439  
3 
1  127 1059755330  
1  7 619118057  
3 
2  18 
3 
3 
3 
2  136 
1  10 731425800  
3 
3 
1  35 500734135  
1  12 25263632  
2  21 
2  39 
2  13 
2  2 
2  61 
1  61 1229051899  
3 
3 
2  14 
2  67 
3 
1  11 995732610  
3 
2  91 
1  82 2098495977  
1  107 1762191954  
1  32 12997613  
2  22 
1  30 1121304039  
2  44 
3 
2  4 
1  103 1635597874  
2  84 
2  112 
1  141 636827504  
2  108 
3 
1  61 241121564  
3 
1  142 1135545197  
1  28 610413097  
3 
1  19 2073670837  
1  145 1333725079  
1  13 618102236  
3 
1  24 829026935  
2  8 
2  105 
2  12 
3 
3 
2  41 
1  10 2042673613  
1  128 1316126506  
1  63 1081410704  
3 
1  34 1021793256  
2  104 
1  110 1296732471  
2  35 
1  23 1601708468  
1  121 258029481  
2  18 
1  14 1474949052  
2  68 
2  87 
2  90 
1  9 1770279898  
2  66 
3 
2  133 
2  136 
1  39 961760631  
2  52 
3 
2  2 
1  24 1334774843  
1  66 682551580  
2  16 
2  116 
1  35 1580878688  
2  5 
2  101 
3 
3 
1  46 2066200643  
1  21 1183285715  
2  65 
3 
3 
2  22 
1  23 1606142321  
2  87 
2  16 
3 
2  18 
2  20 
1  10 1147768894  
2  4 
2  125 
3 
1  40 31534677  
3 
3 
2  135 
3 
2  117 
2  134 
3 
2  103 
3 
1  82 1557154650  
2  125 
3 
3 
3 
3 
2  73 
2  3 
3 
2  6 
3 
3 
3 
2  86 
3 
2  136 
2  23 
1  143 762477200  
1  84 44532291  
3 
2  122 
1  33 530975041  
3 
3 
1  22 250591426  
3 
1  36 681359795  
1  128 772096605  
1  5 1386136624  
2  40 
2  86 
1  102 1291772892  
3 
2  49 
2  87 
1  124 698283795  
2  9 
1  28 572378055  
1  120 1909875129  
2  28 
3 
1  133 1527310730  
1  14 467568020  
1  73 1078517987  
3 
2  41 
3 
3 
3 
2  88 
3 
1  40 461237786  
3 
3 
1  43 1489361276  
1  0 227766810  
3 
1  78 2062946254  
2  105 
1  115 1747390758  
1  133 1702715863  
2  65 
1  135 1685742504  
3 
2  21 
1  31 561667741  
2  0 
3 
2  2 
2  63 
1  24 890007058  
1  74 220810437  
3 
3 
3 
3 
3 
1  35 2142546430  
2  141 
1  20 808724054  
2  70 
2  123 
3 
2  146 
3 
3 
2  16 
1  127 1404096152  
2  101 
2  39 
3 
1  129 1601205103  
3 
3 
3 
2  2 
3 
3 
2  147 
3 
3 
2  9 
1  14 1956492948  
3 
1  89 1435630830  
2  80 
1  114 1010876105  
3 
2  99 
3 
2  29 
1  84 571486501  
3 
1  122 1480163121  
2  1 
3 
2  137 
2  0 
3 
2  68 
1  16 1541851146  
2  9 
1  34 822077927  
3 
3 
3 
2  7 
3 
2  8 
1  17 14039268  
1  89 166464103  
1  84 60730903  
3 
2  121 
2  78 
2  74 
3 
2  9 
2  81 
2  137 
2  120 
3 
2  96 
1  102 1305812161  
1  5 864747898  
1  16 633108959  
3 
2  24 
2  133 
1  140 1068203642  
3 
2  10 
1  101 244574980  
2  54 
3 
3 
1  38 1100676979  
1  23 2146721629  
2  98 
1  38 705812766  
2  56 
2  26 
3 
2  2 
3 
1  51 442554608  
1  43 227004792  
1  77 621275373  
1  35 42461718  
2  78 
3 
3 
2  37 
1  10 1929720655  
1  38 159534229  
1  119 604129459  
2  81 
1  29 672244065  
1  51 380344666  
3 
1  5 599192241  
1  68 1480968119  
1  45 1784440819  
2  129 
3 
1  30 52913696  
1  36 1289977420  
2  1 
2  78 
2  27 
2  33 
2  120 
1  104 1072588001  
1  26 1063789801  
2  105 
2  6 
2  83 
3 
1  137 1861463921  
2  102 
3 
2  132 
2  10 
1  79 405267474  
1  72 458157299  
1  120 536058200  
3 
1  130 419306742  
2  75 
2  49 
1  59 624621403  
3 
1  39 596789104  
2  36 
3 
1  130 1725118903  
3 
1  83 1489369301  
3 
3 
3 
2  106 
2  142 
3 
1  48 1229898063  
2  16 
3 
1  16 645838897  
2  108 
1  141 1733944282  
2  87 
1  105 183091394  
3 
2  58 
2  126 
1  3 645076879  
2  49 
2  104 
1  9 292273400  
1  78 625646002  
3 
3 
3 
2  21 
1  24 872081671  
1  4 913548773  
