2  0 
1  0 24384575  
1  0 1357614616  
2  37 
2  1 
3 
1  0 970993450  
1  35 1266695841  
1  101 250155672  
1  0 1543053243  
3 
2  4 
2  89 
1  1 247392923  
2  78 
1  1 1824986120  
2  79 
1  71 828060693  
3 
2  100 
2  2 
3 
2  3 
1  85 282927439  
2  60 
2  0 
2  3 
2  87 
3 
3 
3 
3 
3 
3 
1  1 1611042358  
3 
1  59 626136100  
2  80 
2  101 
1  1 491625717  
2  2 
3 
1  68 846219078  
2  0 
1  41 1436124891  
2  1 
3 
1  0 1032450274  
3 
2  84 
2  95 
2  0 
2  0 
3 
3 
1  77 821232704  
2  0 
2  55 
3 
2  0 
2  85 
3 
1  4 966849408  
3 
1  73 866802668  
2  0 
1  0 1930465364  
1  0 786563550  
1  1 1915968590  
2  72 
2  26 
2  0 
2  0 
1  0 37109946  
2  0 
2  0 
1  0 1240811738  
2  0 
1  71 841365923  
3 
2  94 
2  78 
1  25 1989702218  
1  9 155939218  
1  0 976678401  
2  0 
3 
1  0 1837782470  
1  69 905580626  
1  55 1655381868  
3 
1  61 1862167045  
3 
2  36 
1  0 115711594  
3 
3 
1  1 478891670  
1  35 981379238  
3 
1  33 365867266  
2  52 
2  64 
1  2 2021944914  
3 
3 
3 
1  90 1228772161  
2  1 
1  62 43369738  
1  17 702521959  
2  0 
1  0 1511699601  
1  32 1654412097  
1  1 1328658059  
3 
1  25 2003325318  
1  0 353147527  
1  2 617299302  
3 
3 
3 
2  1 
3 
2  3 
2  69 
2  0 
1  88 888291945  
3 
2  0 
3 
2  6 
1  48 1174380231  
3 
1  1 1584148710  
1  0 1755094613  
1  3 957361947  
1  98 223228612  
2  3 
2  0 
2  15 
3 
3 
1  46 1523579556  
1  89 994471893  
3 
1  2 1464040350  
2  0 
3 
3 
2  2 
3 
3 
3 
2  0 
1  83 217461831  
2  44 
3 
3 
2  89 
1  58 836690464  
3 
1  90 1619979569  
3 
1  19 1194140233  
2  0 
1  4 526989286  
1  0 378076547  
1  36 702038453  
3 
2  0 
3 
3 
1  0 241672684  
1  0 493788141  
2  6 
2  4 
1  0 1180930124  
3 
2  2 
3 
1  62 1223051922  
1  0 859655408  
2  69 
2  0 
3 
2  73 
1  22 1055391390  
3 
3 
3 
3 
3 
1  59 304340436  
2  27 
1  1 903025146  
1  91 1757913349  
3 
1  0 1816040037  
3 
1  2 409953595  
2  88 
1  0 939087760  
2  34 
2  58 
1  3 1671881707  
3 
3 
1  106 763101122  
2  6 
1  50 1556387062  
2  2 
1  7 412690004  
1  16 1937481353  
3 
2  4 
3 
3 
1  0 993052124  
2  4 
3 
2  64 
2  0 
1  2 20300970  
1  29 747359652  
3 
1  0 1216280736  
2  2 
3 
1  2 1543880526  
1  2 1741831546  
2  52 
2  4 
3 
2  0 
3 
2  0 
1  74 532837439  
2  1 
1  81 1761342357  
2  17 
3 
2  97 
3 
2  73 
1  0 431038362  
3 
1  2 5333360  
2  34 
3 
1  0 807998942  
2  4 
2  1 
3 
1  1 958027648  
2  0 
3 
1  21 383409907  
2  102 
1  1 1510037396  
2  47 
2  61 
1  15 1199700332  
3 
3 
3 
3 
3 
2  0 
2  1 
1  46 877198048  
2  0 
2  0 
1  10 543483872  
3 
1  31 275268607  
3 
2  0 
2  51 
2  0 
1  0 1736853456  
1  0 1598875262  
2  0 
1  0 579609043  
2  0 
3 
3 
1  51 492394955  
3 
2  0 
3 
3 
3 
2  0 
3 
2  11 
1  0 1209304963  
3 
3 
1  19 248165432  
1  34 902348550  
2  32 
2  0 
3 
3 
2  57 
2  73 
1  35 909075  
2  0 
3 
3 
2  0 
3 
3 
3 
1  0 1920047139  
3 
1  0 1665449673  
2  1 
3 
1  0 1557296137  
3 
1  0 185253496  
3 
3 
1  16 1455447378  
3 
3 
2  13 
2  88 
3 
1  1 402864613  
3 
3 
1  22 205554466  
2  3 
2  0 
2  0 
3 
2  0 
1  0 55323383  
2  0 
1  0 1619145349  
3 
1  71 1749434992  
2  0 
2  0 
2  72 
1  0 1797154929  
3 
1  8 4499140  
3 
1  0 1363293701  
1  1 80709643  
2  24 
3 
3 
3 
2  60 
1  103 9832500  
2  1 
2  0 
1  0 23808996  
2  0 
2  0 
3 
2  95 
3 
1  0 1038737291  
3 
3 
1  0 393242407  
3 
2  0 
1  99 1533846392  
3 
2  21 
3 
3 
2  57 
1  0 90953976  
3 
2  0 
1  42 1270440456  
2  22 
3 
3 
1  0 2077330264  
2  1 
1  72 366222583  
2  0 
1  100 859810264  
1  73 1528721878  
2  13 
1  37 945831626  
2  22 
1  78 1352205219  
1  0 590543193  
1  0 1193997058  
3 
2  1 
2  39 
3 
2  85 
3 
2  34 
3 
2  17 
2  0 
3 
2  34 
2  0 
1  61 107070122  
3 
1  0 591452268  
2  0 
2  48 
3 
2  0 
1  0 966560549  
3 
3 
3 
1  0 1772519795  
3 
2  0 
3 
3 
1  0 1264757  
2  1 
1  52 1151814045  
2  0 
1  47 1080483525  
3 
1  31 404129370  
3 
1  8 1357368511  
3 
2  0 
3 
2  0 
1  68 1135806908  
3 
3 
3 
3 
2  0 
3 
3 
3 
1  0 2023274719  
1  0 959319855  
3 
1  0 785478189  
1  1 2027773860  
2  56 
2  20 
3 
1  0 175129909  
3 
2  56 
2  18 
3 
1  0 866187832  
1  4 2037606360  
2  1 
3 
1  3 198938905  
2  52 
1  4 1904925124  
1  45 283365120  
3 
1  0 1732785297  
2  1 
1  5 1995879100  
2  0 
1  2 1553805576  
1  96 1662631913  
2  37 
3 
1  98 214618035  
1  84 266132192  
1  2 1043870143  
3 
1  6 1160449661  
2  94 
2  85 
2  0 
2  8 
3 
3 
3 
1  66 1618337412  
1  102 1634413336  
2  66 
1  2 206963071  
2  8 
2  68 
3 
2  57 
3 
1  100 1725407534  
3 
1  105 78381956  
1  55 1173523620  
3 
2  80 
3 
2  8 
3 
2  7 
1  1 1350443681  
2  2 
3 
2  46 
1  2 79646713  
3 
2  6 
1  5 177854018  
3 
3 
2  6 
3 
2  2 
3 
2  29 
1  1 283443558  
1  2 483776083  
2  1 
3 
1  104 1535222529  
3 
1  5 1419250467  
3 
3 
3 
2  5 
2  3 
3 
3 
3 
3 
1  1 359567154  
3 
2  67 
3 
2  52 
2  6 
1  2 347058737  
2  4 
2  7 
1  83 57245008  
1  5 239857366  
2  94 
3 
2  0 
2  0 
3 
2  3 
2  96 
1  31 522188646  
1  1 923432841  
1  48 129980079  
1  4 721127551  
3 
2  57 
3 
1  100 680874317  
3 
1  6 413345199  
3 
2  92 
2  0 
1  1 306429200  
3 
2  35 
2  5 
1  5 529269769  
2  93 
1  46 1967150775  
2  1 
2  2 
2  0 
3 
1  67 1969061113  
2  2 
2  66 
1  2 743887804  
2  2 
1  0 85799319  
1  80 865447608  
3 
3 
2  1 
1  20 1904337465  
2  2 
3 
3 
2  0 
2  0 
1  0 1704136731  
1  62 352377296  
3 
2  94 
2  0 
1  0 2111300536  
2  83 
2  0 
2  0 
1  3 1282060617  
2  1 
1  0 430759252  
2  0 
3 
1  0 1137340508  
1  0 485020650  
1  0 510405965  
3 
2  99 
2  0 
3 
3 
3 
3 
3 
1  0 1315194526  
1  1 768464209  
1  4 994182048  
1  4 702933408  
3 
1  0 40231028  
1  1 1353749202  
3 
1  56 1049992145  
2  4 
2  5 
2  0 
2  19 
1  4 97476036  
1  66 1593606569  
3 
2  3 
3 
1  26 1572180791  
2  1 
1  15 1020908877  
1  10 1723586648  
2  48 
3 
2  3 
2  2 
2  0 
1  0 145824694  
2  34 
3 
3 
2  76 
3 
3 
3 
3 
1  1 1701783194  
3 
3 
3 
3 
1  0 2136931847  
3 
2  2 
1  85 452253894  
2  95 
3 
3 
1  0 83569315  
3 
1  2 1956598974  
3 
2  50 
3 
1  2 273831359  
2  57 
3 
3 
1  48 827457119  
1  4 2042398293  
1  26 1139278967  
3 
2  30 
1  2 584310936  
2  5 
1  72 1599051377  
3 
3 
1  6 1491656263  
3 
2  74 
2  17 
1  6 548127824  
3 
3 
2  1 
3 
1  2 733628346  
3 
2  22 
3 
1  5 1922415515  
3 
3 
3 
2  1 
3 
3 
3 
3 
1  3 1685468333  
1  102 1218648997  
2  0 
3 
2  5 
1  83 285337832  
3 
1  18 853179211  
2  74 
1  34 1987113206  
3 
2  6 
2  1 
1  24 1279519880  
1  40 1556112619  
2  3 
3 
2  2 
1  0 2027344234  
3 
3 
1  69 485785434  
2  91 
2  4 
1  68 458621116  
3 
3 
1  1 2124820270  
1  1 2079392003  
2  40 
2  5 
2  4 
3 
2  1 
1  7 2030801907  
1  0 998245500  
2  0 
2  0 
2  0 
1  0 1655495003  
2  46 
3 
3 
3 
2  41 
3 
3 
2  53 
3 
2  80 
1  35 29142953  
2  0 
3 
1  0 552545046  
3 
3 
2  1 
3 
1  50 1644943202  
2  31 
3 
1  14 481396847  
2  99 
1  94 636114362  
1  100 1454058528  
2  60 
1  0 755228206  
3 
2  18 
2  0 
2  98 
1  0 1463571481  
2  0 
3 
3 
1  27 1348973174  
2  0 
2  0 
3 
2  0 
1  0 1894507173  
3 
3 
2  69 
1  0 2047882418  
2  44 
2  69 
3 
1  1 800540903  
3 
1  2 1238679788  
2  15 
2  3 
2  26 
3 
2  2 
3 
1  20 448526594  
2  1 
3 
3 
3 
3 
3 
3 
1  85 1534169249  
1  0 1013611655  
1  30 2133994927  
3 
1  52 605334598  
2  70 
2  1 
1  0 1298949487  
2  1 
1  75 839690491  
1  0 444964156  
2  60 
2  0 
1  92 430985719  
2  0 
1  0 248319462  
1  0 324824742  
3 
3 
1  1 916771154  
2  14 
1  0 706940579  
3 
2  21 
3 
3 
1  41 302161365  
3 
3 
2  71 
1  0 848679509  
2  0 
1  1 590258838  
1  0 1300406865  
3 
2  1 
3 
2  4 
1  85 356690865  
1  45 619401792  
2  0 
3 
2  83 
1  83 1852951911  
2  2 
1  0 2001634067  
1  0 1100798639  
3 
1  96 341582625  
2  3 
2  70 
1  47 1308208948  
1  88 1856026846  
3 
3 
3 
3 
3 
1  66 1805154107  
3 
2  2 
3 
3 
3 
3 
2  0 
3 
2  16 
3 
3 
1  84 509698474  
3 
2  0 
3 
2  63 
2  60 
2  5 
1  36 1603050371  
2  5 
2  15 
3 
1  13 1705552877  
2  0 
2  43 
2  0 
1  14 1310239377  
2  0 
1  86 694246512  
1  0 6595823  
1  0 696924978  
1  1 1707858167  
3 
3 
2  1 
2  25 
2  0 
2  100 
2  29 
1  0 2140590751  
1  1 1302259577  
2  2 
1  0 859324007  
3 
2  2 
3 
3 
3 
1  66 832797594  
2  0 
1  97 1747223733  
3 
2  0 
2  25 
3 
3 
1  37 1290309726  
2  25 
3 
1  70 1081117056  
3 
3 
3 
1  0 2072048476  
3 
3 
1  63 59597232  
2  62 
1  38 1788057635  
2  0 
1  66 226726193  
3 
2  0 
3 
1  91 908276742  
3 
2  0 
2  0 
2  41 
2  0 
3 
3 
3 
1  0 230832826  
2  0 
3 
1  0 1527133058  
2  27 
1  59 1264967607  
3 
1  0 850234618  
3 
3 
2  0 
2  22 
2  0 
3 
2  69 
1  54 1232601321  
2  54 
3 
3 
3 
1  18 1119118026  
3 
1  20 1951033257  
1  47 1574183947  
2  0 
3 
3 
3 
3 
1  32 279843326  
1  8 1659576455  
1  7 1231854406  
3 
1  0 789541800  
1  64 1115143179  
1  100 789923635  
1  83 2099781177  
3 
1  60 1809389691  
1  57 796519458  
1  0 649222508  
1  0 1369764210  
2  28 
2  5 
2  100 
2  54 
1  0 789626561  
1  2 1951482085  
3 
1  17 81604569  
3 
3 
1  93 1622424155  
1  2 1551222170  
1  4 1371914296  
2  2 
3 
3 
1  62 556057564  
2  86 
3 
1  1 1475786998  
2  3 
3 
1  0 1431511528  
2  84 
3 
3 
1  78 196631551  
2  38 
3 
1  3 1702513191  
2  36 
3 
1  30 192304622  
3 
1  0 427464377  
3 
1  52 1082162601  
1  2 1457272229  
2  56 
3 
3 
3 
2  43 
2  1 
3 
3 
3 
1  0 1277698995  
1  5 167280275  
2  8 
1  84 428906608  
1  7 1081248605  
3 
2  72 
2  37 
1  57 1741464222  
2  24 
3 
1  78 708749934  
2  52 
1  8 593341412  
3 
3 
1  104 825834980  
1  97 1498291735  
2  7 
2  77 
2  6 
3 
3 
3 
2  0 
3 
3 
2  0 
3 
1  58 1708484591  
3 
3 
3 
2  101 
2  4 
2  1 
3 
2  42 
2  99 
2  4 
3 
2  52 
1  62 1615758615  
3 
2  45 
1  0 1450589264  
2  104 
1  1 1370390634  
2  6 
1  73 264794425  
2  4 
3 
3 
1  2 2099811772  
3 
2  55 
1  5 592671197  
1  70 1054420987  
3 
2  6 
3 
1  2 1903810209  
1  0 674275766  
3 
3 
2  26 
2  47 
1  11 529361494  
3 
3 
3 
1  2 1307548732  
1  8 2046190062  
2  4 
3 
3 
1  8 1085419058  
1  29 635852082  
3 
2  56 
3 
3 
1  6 1330217943  
2  7 
3 
1  37 1282050610  
2  0 
2  4 
1  0 190881626  
3 
2  83 
3 
3 
3 
2  6 
2  5 
3 
1  98 1522522565  
2  29 
2  76 
2  4 
2  2 
3 
1  32 1709514987  
3 
1  17 1273044227  
3 
3 
1  4 832311147  
1  3 839730335  
3 
2  47 
1  38 1440324502  
3 
2  70 
1  70 1261217755  
3 
2  91 
2  98 
2  18 
3 
1  2 1920978940  
2  5 
3 
3 
2  6 
1  1 1034305076  
3 
1  3 1969967689  
3 
2  94 
2  0 
3 
1  92 366836704  
2  56 
1  64 1860140056  
2  6 
1  16 1320775776  
3 
3 
2  4 
3 
3 
2  3 
1  27 2075321296  
1  37 1328415023  
1  1 623881393  
1  0 1298228282  
1  26 1593209449  
1  62 576209517  
2  50 
1  43 1890899479  
3 
1  40 500146788  
3 
3 
2  89 
2  1 
3 
3 
3 
1  0 332536079  
3 
1  1 417691598  
3 
1  0 1029508282  
2  90 
2  63 
1  76 1640084811  
1  91 316398012  
3 
2  0 
3 
1  9 2114927341  
2  55 
1  31 128453245  
3 
2  5 
3 
2  75 
2  105 
3 
3 
3 
3 
3 
3 
2  49 
2  2 
1  68 1646615955  
3 
1  2 1249494303  
3 
1  4 319334871  
3 
3 
2  1 
1  60 1021654873  
2  3 
3 
1  0 811525642  
3 
3 
1  106 1592379099  
2  35 
3 
3 
1  94 1853966020  
3 
3 
2  70 
2  42 
1  5 1651255977  
2  32 
2  4 
3 
2  5 
1  3 885219953  
1  4 967700127  
2  9 
1  0 1424751269  
3 
1  33 1919525030  
3 
1  5 790184168  
3 
1  3 1791587974  
3 
2  4 
2  89 
2  4 
3 
3 
2  2 
3 
1  5 1632181438  
1  0 2110959945  
1  7 1719425622  
1  94 813112814  
3 
2  6 
1  4 587357690  
2  78 
3 
3 
3 
3 
2  1 
3 
2  6 
3 
2  7 
3 
3 
2  90 
3 
2  27 
1  5 870170256  
2  3 
3 
1  49 258838615  
1  13 1163567207  
2  68 
2  49 
1  66 613586088  
3 
1  3 758985403  
3 
2  19 
3 
1  0 1496103286  
2  66 
2  2 
1  5 1031277686  
1  58 1788493685  
2  7 
2  49 
1  1 988704449  
1  1 1347675698  
3 
3 
2  27 
3 
2  98 
3 
3 
2  7 
2  86 
2  4 
1  46 1755937378  
1  25 1117157695  
3 
1  2 846808006  
2  88 
1  7 857948033  
1  17 1436492566  
2  0 
2  6 
3 
2  1 
2  3 
2  4 
1  51 1868462879  
2  100 
1  2 1669473676  
1  4 881388017  
3 
2  6 
1  66 1574945251  
3 
3 
3 
1  105 1173246005  
3 
2  2 
2  13 
2  2 
2  2 
3 
1  101 1766607971  
3 
1  1 395161730  
2  0 
1  2 450513627  
1  3 1538649353  
3 
2  69 
1  2 1185345898  
3 
3 
3 
1  3 94617953  
1  3 1023347143  
1  6 1148822195  
3 
1  2 1814043575  
3 
2  5 
3 
1  2 1836459957  
2  79 
3 
3 
2  1 
1  1 1736179885  
2  8 
2  6 
3 
1  13 536730183  
1  102 2095298572  
3 
2  83 
3 
3 
1  77 752263445  
3 
2  102 
3 
3 
3 
1  59 1150316271  
3 
3 
1  13 706800327  
3 
1  7 100883083  
1  23 34110309  
3 
1  60 347810365  
1  18 1089587533  
3 
2  29 
3 
2  4 
1  43 1381786008  
1  36 2103747743  
3 
1  3 59261580  
2  3 
1  5 81110366  
2  68 
2  43 
2  54 
3 
2  24 
1  6 814212129  
1  7 1495754146  
1  6 1949573245  
2  7 
3 
1  87 336202157  
3 
1  17 229658516  
2  31 
3 
3 
2  6 
3 
1  45 1377034848  
1  1 1509448162  
2  48 
1  24 1996266487  
1  6 1772196578  
3 
2  66 
2  85 
3 
3 
3 
3 
2  7 
3 
1  70 1959961789  
3 
3 
2  77 
2  9 
1  2 1387432192  
2  7 
2  5 
2  82 
3 
1  52 810058828  
2  6 
2  36 
2  2 
3 
2  4 
3 
3 
3 
1  105 2054579742  
3 
1  2 263295687  
2  54 
3 
3 
1  5 1958881024  
3 
2  64 
2  82 
3 
1  3 1721139669  
3 
2  64 
1  68 2099755645  
1  3 1547577261  
1  72 110386205  
2  5 
2  31 
3 
1  5 2047570569  
3 
1  54 152357058  
3 
3 
2  108 
2  8 
1  8 1260702476  
3 
2  2 
1  109 606887249  
3 
1  12 253240142  
2  41 
3 
2  6 
1  7 1294812786  
2  6 
3 
1  11 954697614  
1  81 1342827675  
3 
2  32 
2  41 
1  88 529115146  
3 
3 
3 
1  62 910961709  
2  1 
3 
1  2 1402089255  
2  3 
1  4 610225512  
2  1 
3 
2  68 
1  10 1725173838  
2  104 
2  4 
2  0 
3 
2  3 
1  3 750359753  
2  4 
1  2 412315109  
2  80 
1  4 2061375995  
2  4 
3 
1  10 980018269  
1  47 1789349957  
3 
3 
1  1 1423340510  
3 
3 
3 
3 
1  6 828801108  
1  84 1414062887  
3 
2  6 
2  83 
1  2 1235818651  
1  2 68749652  
3 
1  92 76638067  
1  2 1142914746  
2  87 
2  7 
3 
2  45 
2  19 
2  1 
2  86 
2  4 
2  54 
2  83 
1  51 332045340  
1  0 2035519091  
2  102 
3 
1  3 716570767  
1  44 284317337  
2  23 
1  2 1435612705  
2  0 
2  97 
1  101 826956972  
1  0 184404258  
3 
2  5 
2  20 
3 
1  0 1587969763  
1  16 2087659449  
1  1 791291507  
1  6 1841209905  
3 
2  64 
3 
1  30 1234988587  
3 
2  64 
1  15 1745989121  
2  1 
1  2 1036553932  
1  30 1764103733  
2  110 
1  71 509467183  
2  2 
3 
1  93 291159539  
3 
2  51 
3 
1  39 226845597  
2  107 
2  6 
1  2 87157373  
1  3 1041519293  
2  1 
1  9 639160706  
1  61 1049721  
1  65 2021537562  
2  81 
3 
1  0 281027015  
3 
2  9 
2  2 
3 
1  4 1424390231  
2  0 
2  7 
1  4 702855023  
3 
1  8 1695089902  
1  0 512725234  
3 
3 
2  0 
3 
1  9 771604675  
2  10 
3 
1  60 1771727969  
1  27 1655639980  
2  2 
3 
2  98 
3 
3 
1  6 1103650015  
3 
3 
1  70 1659763413  
1  1 224727100  
1  11 1387967352  
3 
3 
1  2 947892470  
3 
2  5 
2  9 
3 
1  6 1051684072  
3 
2  81 
1  5 1572371611  
2  7 
2  105 
3 
3 
1  61 388378585  
2  12 
2  3 
2  6 
3 
1  39 991859873  
3 
2  42 
2  29 
1  6 216179470  
3 
3 
1  9 82104843  
2  6 
3 
2  109 
3 
2  6 
1  107 79364812  
2  2 
2  2 
3 
2  95 
3 
2  74 
2  5 
1  3 1962168592  
2  7 
3 
3 
3 
2  4 
1  86 1118658775  
3 
3 
2  60 
3 
3 
2  5 
1  27 1843468545  
1  0 324152127  
2  63 
2  25 
2  3 
2  76 
1  2 1409818315  
3 
1  2 2070314142  
1  5 411309500  
3 
3 
3 
2  35 
3 
3 
3 
1  1 303853960  
3 
3 
3 
1  4 561991200  
3 
1  107 412359221  
2  7 
3 
3 
2  59 
1  54 177907874  
3 
1  5 843018215  
3 
3 
3 
1  9 1836749452  
2  28 
3 
2  41 
1  6 880762897  
1  1 390624469  
2  10 
3 
2  83 
1  2 201991039  
2  76 
3 
3 
1  52 1652367573  
1  3 14868791  
2  100 
2  4 
2  6 
3 
1  1 1857631019  
1  79 608533940  
3 
2  62 
3 
1  110 1674632204  
2  7 
3 
2  3 
1  3 2082358119  
2  10 
2  66 
2  4 
3 
3 
1  70 1996501293  
2  86 
1  74 475041026  
3 
2  100 
1  9 986558544  
3 
1  6 1421389256  
1  10 863419611  
3 
2  1 
2  0 
2  8 
2  105 
1  29 1978418417  
2  21 
1  64 1637568726  
3 
3 
3 
1  81 945524454  
3 
1  0 2057783230  
3 
1  60 1452253670  
3 
1  4 2064183230  
2  3 
1  89 1753768127  
3 
3 
1  4 1776405797  
1  29 1326517897  
1  64 1676598622  
3 
2  62 
2  98 
2  70 
1  3 40231650  
3 
3 
3 
3 
2  11 
3 
1  41 1630371857  
3 
3 
2  108 
2  12 
1  106 91106174  
1  48 452590871  
2  4 
1  19 1808279731  
3 
3 
3 
2  4 
3 
3 
1  64 934124390  
2  43 
2  45 
3 
1  9 141856676  
3 
1  6 541558981  
3 
2  6 
3 
3 
2  0 
1  2 1324748859  
3 
2  32 
3 
1  19 343847715  
3 
3 
2  1 
1  67 46442906  
3 
1  19 1339617650  
3 
1  7 53995086  
1  8 654976846  
3 
2  6 
1  6 866766206  
2  10 
2  90 
3 
1  106 2136353206  
1  99 503994491  
3 
1  0 1341807232  
1  11 975428102  
3 
1  6 1925383747  
3 
3 
1  12 57743196  
1  44 806362871  
1  10 1415468826  
3 
2  42 
1  95 1003267650  
1  5 716662453  
1  11 720238848  
1  34 919967232  
1  0 322946933  
2  0 
3 
3 
1  5 349160998  
3 
3 
1  17 99001481  
3 
2  60 
2  8 
1  14 1999545555  
3 
3 
3 
3 
2  14 
2  97 
3 
3 
1  29 389392648  
2  64 
2  30 
1  8 1729373338  
2  58 
1  99 2090651729  
1  19 841983519  
3 
2  15 
2  5 
1  6 1390169422  
1  4 877292471  
2  8 
1  94 983840195  
1  61 1931728403  
2  96 
3 
2  56 
2  0 
1  73 54557683  
2  84 
1  10 1327687910  
1  0 1978171309  
2  62 
3 
3 
3 
3 
2  16 
1  59 1394175333  
2  48 
1  1 1381682997  
2  13 
1  61 485664507  
3 
3 
3 
1  70 113457892  
2  12 
2  15 
3 
2  15 
1  79 1370552555  
3 
1  77 989658999  
1  93 1455265124  
1  13 198497009  
3 
2  0 
2  52 
3 
3 
3 
1  107 767559098  
2  11 
1  5 1513008320  
1  108 1004859880  
1  2 35544276  
1  9 368792323  
2  17 
1  17 1721522334  
1  48 755783125  
3 
3 
2  71 
1  3 1288759555  
2  4 
1  34 2044469267  
1  7 1104944123  
2  63 
2  29 
1  16 1387761037  
2  4 
2  75 
3 
2  10 
2  74 
1  54 1896531174  
3 
1  69 1494336771  
2  106 
3 
1  113 969650727  
1  16 1839699255  
2  72 
2  89 
3 
1  71 188836642  
2  12 
1  5 212336501  
1  88 569508079  
1  17 1172676838  
2  17 
2  113 
1  7 2144064904  
1  70 624065762  
1  69 352881100  
2  68 
3 
2  63 
2  76 
2  4 
3 
2  2 
3 
2  115 
2  8 
3 
1  82 1974752565  
3 
3 
2  0 
3 
1  16 2018241095  
2  88 
1  118 1734564097  
3 
3 
1  49 312933425  
1  10 2131698987  
2  60 
2  4 
2  16 
2  45 
2  3 
1  102 957633004  
2  102 
2  2 
1  32 1302592424  
3 
1  10 1439480464  
2  3 
3 
1  4 1156130013  
1  15 2070151522  
3 
2  70 
2  14 
2  97 
3 
3 
2  50 
3 
3 
1  112 805005136  
2  1 
1  42 13506246  
2  12 
3 
1  0 2105695799  
3 
3 
1  3 1173797459  
1  76 1735028580  
2  0 
1  80 713995276  
2  5 
1  12 315073367  
2  112 
2  70 
3 
1  69 1632014199  
3 
1  13 1818939399  
3 
1  0 1702834404  
2  88 
3 
1  0 1381061725  
1  12 1165792522  
2  38 
2  53 
1  12 525001483  
2  9 
1  99 1073277332  
3 
2  1 
3 
3 
2  60 
2  93 
2  93 
2  43 
3 
1  0 1354629164  
1  97 737337985  
3 
2  15 
3 
2  7 
3 
2  97 
3 
1  14 1642785411  
3 
3 
2  105 
1  22 379822354  
1  76 733919241  
1  0 119367525  
3 
3 
3 
3 
1  50 732703455  
3 
3 
3 
2  12 
2  115 
3 
1  77 561188159  
2  19 
1  107 2137608621  
1  31 319783904  
2  58 
1  100 874121584  
3 
2  16 
3 
2  15 
3 
1  61 2121823960  
1  14 1277416909  
1  75 29230360  
2  98 
3 
1  3 1413820776  
3 
2  78 
1  17 286063274  
2  14 
2  2 
1  58 2099381882  
1  1 71342265  
3 
1  100 299569520  
1  12 2057594033  
2  42 
3 
2  4 
2  0 
3 
3 
2  58 
2  6 
1  81 1245139724  
3 
1  12 2034598100  
2  15 
2  4 
3 
2  6 
3 
2  113 
1  57 624105661  
3 
1  54 1560213091  
3 
1  82 1519128651  
3 
3 
1  23 295561412  
3 
2  28 
2  3 
2  6 
2  3 
1  43 1115563847  
2  3 
3 
3 
3 
2  5 
3 
3 
3 
2  8 
3 
2  107 
2  5 
1  38 752706728  
2  0 
2  70 
2  16 
2  54 
3 
1  1 1461353934  
2  1 
2  0 
1  52 1640565331  
3 
1  2 1825984061  
3 
3 
1  65 668499451  
3 
3 
3 
1  30 230419668  
3 
1  84 1321285824  
1  0 1048321805  
3 
2  35 
2  78 
1  74 964338909  
2  34 
2  78 
3 
3 
3 
1  6 1440653350  
1  1 1781025260  
2  6 
2  60 
2  41 
3 
3 
2  4 
2  77 
1  88 1525527068  
3 
1  3 1430778323  
1  17 2100809165  
2  3 
3 
1  1 252165004  
3 
3 
1  75 1405118635  
3 
3 
1  5 1230742426  
2  0 
1  38 281395364  
3 
1  68 671455764  
3 
3 
3 
3 
1  52 1516805700  
1  7 233293599  
3 
2  8 
3 
2  66 
1  41 742798029  
2  7 
3 
3 
1  86 1816375221  
3 
2  0 
1  64 143403984  
1  12 1987937753  
1  2 1703489673  
2  2 
3 
3 
2  26 
3 
3 
3 
3 
3 
3 
3 
1  5 767509646  
2  3 
1  0 1400667197  
3 
1  3 1075134677  
2  32 
3 
3 
1  29 1063071058  
2  85 
1  0 368747396  
1  103 1827841405  
1  5 376941345  
3 
1  87 2009312727  
2  10 
1  3 1506341818  
1  5 1045440796  
3 
2  4 
1  105 92248747  
1  109 680143995  
1  49 2093762601  
1  28 1056587657  
2  0 
1  67 2120797345  
2  80 
1  20 1727304214  
3 
3 
2  104 
3 
2  9 
1  2 434631077  
2  65 
3 
2  6 
3 
3 
3 
2  30 
1  2 1404092020  
3 
3 
2  81 
2  26 
2  42 
2  105 
1  97 1680629731  
1  73 686796082  
2  77 
3 
1  83 661727007  
2  91 
2  96 
1  15 763888509  
3 
1  26 968191446  
1  106 1333182771  
2  61 
3 
2  8 
2  6 
1  25 133210561  
2  57 
1  7 1201485045  
2  0 
3 
3 
1  0 2075980800  
3 
2  1 
3 
3 
1  6 1949585782  
1  3 1344889030  
1  56 1916434906  
2  9 
2  6 
2  49 
3 
1  0 1505591808  
3 
2  2 
3 
3 
2  0 
3 
1  1 2112398676  
2  2 
2  83 
2  1 
1  95 1169618455  
1  0 433242837  
3 
3 
1  40 1027986086  
1  24 1538365851  
2  4 
1  17 113600594  
1  5 1404927431  
2  5 
1  1 1400194931  
3 
3 
3 
3 
3 
1  25 1619942413  
2  25 
1  82 302884579  
2  8 
1  57 1492443678  
1  4 152602760  
3 
3 
3 
2  1 
3 
2  78 
3 
3 
3 
1  51 249163533  
1  1 401547687  
1  0 125916457  
3 
3 
3 
1  2 1976467747  
1  0 836178765  
2  10 
3 
2  3 
1  37 1530008477  
2  4 
3 
3 
2  34 
1  3 1509613830  
2  27 
3 
2  109 
3 
1  5 1522974847  
3 
2  5 
1  8 44251836  
1  36 126018691  
3 
2  60 
2  15 
1  2 343682645  
1  100 1377434608  
3 
3 
3 
2  9 
1  8 259229252  
3 
2  8 
1  2 1545167691  
2  21 
3 
3 
1  10 1305931760  
1  110 61331387  
1  99 742573073  
2  24 
2  1 
3 
1  9 1074883018  
1  11 1566923195  
1  10 707488101  
1  10 97017825  
1  52 2000166032  
3 
2  5 
2  12 
3 
2  3 
2  72 
2  9 
1  25 1735474187  
1  78 1635383677  
3 
1  63 2113766626  
3 
1  7 992917971  
2  5 
1  7 888094960  
3 
3 
3 
3 
2  8 
1  2 1586225391  
1  104 1295802550  
1  85 233054990  
2  67 
1  53 1738828151  
2  10 
1  4 1544966083  
1  38 634602678  
3 
2  9 
1  12 1864744608  
2  9 
1  9 1373950182  
3 
3 
2  95 
1  3 1470781443  
3 
1  9 1247269437  
1  9 736080364  
2  2 
1  70 846272642  
2  6 
3 
1  26 1291521274  
2  11 
3 
3 
3 
1  10 862099055  
1  25 1189955287  
2  10 
2  10 
2  0 
3 
1  8 521472234  
1  58 1121328308  
2  9 
2  37 
1  8 587639330  
1  6 1827403994  
3 
3 
2  7 
1  63 1182659695  
3 
2  33 
1  23 1330212403  
3 
2  73 
1  41 754803365  
3 
2  22 
1  3 602099242  
1  2 2037700504  
3 
2  44 
2  104 
1  7 851821190  
1  16 454781626  
2  92 
1  6 1625691044  
1  18 339721219  
1  8 421064604  
2  3 
2  9 
2  27 
3 
1  7 471125367  
3 
2  7 
2  5 
3 
3 
3 
1  0 1227816179  
2  14 
3 
2  6 
3 
2  44 
1  2 2007289996  
2  5 
3 
1  85 1766927917  
1  97 1460871170  
2  27 
1  0 1598634499  
2  70 
2  50 
1  9 1164410353  
1  8 2095473848  
3 
1  0 1315895460  
3 
1  6 390876887  
2  10 
3 
2  28 
3 
1  55 1418771643  
1  15 415681249  
2  62 
2  79 
2  59 
2  13 
1  3 1126957252  
1  86 117560637  
1  104 1707202523  
3 
1  7 1989056307  
1  20 1307515924  
1  16 81191109  
1  30 962900967  
1  48 1895155255  
1  13 1908595104  
2  8 
2  72 
2  33 
1  72 2145560662  
3 
2  16 
3 
1  4 1077884010  
1  5 515914821  
1  11 600176256  
1  0 968100867  
2  15 
3 
2  10 
1  6 1367736011  
1  6 1054957882  
3 
3 
2  31 
2  39 
3 
2  16 
2  8 
3 
2  6 
3 
3 
3 
3 
1  96 446308263  
2  88 
3 
1  53 1707457231  
2  58 
2  94 
3 
1  89 1476022487  
2  58 
2  13 
2  106 
1  0 917433630  
3 
2  17 
1  13 787789762  
2  52 
3 
3 
3 
2  34 
2  10 
1  112 1335828835  
2  16 
2  2 
1  30 536877899  
1  1 101177284  
3 
3 
3 
3 
1  114 786979686  
3 
3 
3 
2  83 
1  8 1701288252  
2  113 
3 
3 
3 
2  24 
3 
3 
1  10 49167484  
2  45 
3 
1  13 2102875146  
2  76 
2  30 
2  61 
1  79 2092165140  
2  9 
2  87 
1  25 1467939127  
3 
2  1 
2  15 
3 
2  77 
2  38 
3 
2  93 
3 
1  9 371072748  
1  17 1071638744  
3 
2  103 
2  10 
3 
2  17 
1  93 1585499764  
3 
3 
1  11 2078275271  
3 
1  15 913211403  
2  55 
2  8 
1  5 745532041  
1  35 11982733  
2  99 
2  37 
3 
2  86 
2  80 
3 
1  12 1876112371  
1  115 493203648  
1  5 1920577837  
1  7 1874189385  
1  48 1571087658  
1  92 289009010  
1  5 326881994  
2  91 
1  4 391704877  
3 
2  33 
3 
3 
1  3 1656745021  
3 
3 
3 
2  32 
2  72 
3 
1  9 1381839876  
2  122 
1  4 838013140  
2  2 
3 
1  11 1216718604  
2  68 
1  6 710378715  
1  12 1755446770  
1  22 2004508367  
1  48 2046207550  
2  111 
2  29 
3 
2  26 
1  14 144841022  
3 
1  108 2105685651  
2  42 
2  16 
2  96 
1  34 685703589  
1  8 1846129274  
3 
1  59 7369488  
2  7 
3 
3 
2  34 
3 
2  85 
2  3 
3 
2  20 
3 
1  110 641095087  
2  0 
1  120 1790810766  
2  10 
3 
1  8 1475308615  
1  61 1012167835  
2  14 
3 
3 
2  21 
2  17 
1  18 714965862  
3 
2  12 
2  111 
3 
2  34 
2  13 
3 
1  116 913324732  
2  101 
3 
1  69 942959459  
2  19 
3 
1  18 1628177266  
2  31 
3 
2  17 
2  14 
3 
1  51 1658856773  
1  0 954942192  
2  9 
3 
3 
3 
3 
2  8 
2  110 
1  52 1356805989  
1  6 4576773  
2  61 
1  6 728036381  
1  15 1083511726  
3 
2  15 
2  33 
3 
1  87 1575664431  
1  8 1017045391  
2  70 
1  113 1410393720  
3 
1  113 1967369309  
1  6 526306764  
2  113 
2  79 
2  71 
2  58 
2  15 
3 
2  34 
1  6 644749949  
1  4 657898801  
3 
3 
2  5 
2  0 
2  106 
1  81 1743025369  
1  43 1355128664  
2  83 
3 
1  23 265861924  
1  4 1600050088  
2  74 
1  17 1253852567  
1  5 410702946  
3 
1  23 1558252091  
3 
3 
1  15 1939556156  
1  16 109348572  
2  44 
2  0 
1  22 1565621579  
3 
3 
2  16 
3 
1  34 433167595  
1  55 1900159339  
2  100 
2  0 
3 
1  23 893446547  
3 
1  14 1445335431  
3 
3 
3 
1  21 467641553  
1  82 1806771279  
1  70 240811242  
2  60 
3 
1  24 2095818819  
3 
2  9 
3 
1  71 1318144404  
1  77 1195753434  
3 
1  27 1305141160  
3 
1  109 1322721177  
2  38 
1  77 1923789815  
2  6 
3 
3 
1  22 241169239  
2  5 
1  24 750901960  
3 
3 
2  112 
2  6 
1  19 793351558  
2  30 
3 
3 
2  9 
3 
3 
3 
2  4 
2  6 
3 
2  42 
2  99 
1  23 1651562959  
3 
1  12 570787621  
3 
1  27 1319658322  
3 
1  55 148829260  
3 
1  5 1228686423  
1  24 915200043  
1  19 1503957925  
3 
1  55 1494548347  
2  54 
1  26 367766483  
1  61 610326844  
2  104 
2  31 
2  57 
3 
1  131 1905251293  
2  108 
3 
1  43 1926018575  
2  50 
3 
1  17 402399352  
2  29 
1  33 2014599865  
3 
3 
1  64 1344156506  
3 
3 
1  121 835566947  
1  127 1767275556  
3 
3 
3 
3 
3 
1  22 90119405  
2  131 
3 
1  26 133418730  
2  20 
2  5 
3 
2  69 
1  18 87433462  
2  32 
3 
3 
3 
2  88 
3 
3 
3 
2  93 
3 
1  98 1896890684  
3 
1  76 374229972  
1  7 35768633  
1  113 1067551440  
2  14 
1  11 1569983406  
3 
2  123 
3 
1  74 1340909794  
1  6 242788969  
3 
2  27 
2  9 
1  114 1346289573  
2  81 
3 
3 
3 
3 
3 
3 
1  103 1582079033  
1  8 993690930  
3 
2  9 
2  41 
3 
2  10 
1  0 2139641131  
1  12 1086158344  
3 
3 
3 
3 
1  24 1564478551  
3 
2  17 
1  7 1311815806  
3 
1  32 1234987605  
3 
2  50 
2  78 
1  81 645681326  
3 
3 
3 
1  46 79532201  
1  17 591461882  
2  42 
1  5 2140229673  
2  28 
1  76 447298685  
3 
3 
3 
3 
1  125 1201788726  
3 
1  83 1897997318  
3 
3 
3 
1  9 225833612  
1  137 1604188078  
3 
3 
3 
3 
2  59 
3 
3 
2  50 
3 
2  62 
1  14 1765113536  
3 
3 
2  92 
3 
2  22 
3 
3 
1  107 1569990118  
1  50 292271377  
2  8 
1  28 1384905444  
1  74 1660109524  
1  72 425690108  
2  23 
2  27 
3 
1  10 1472338906  
1  2 1409516560  
3 
1  12 799920080  
2  92 
2  10 
3 
2  10 
1  38 1508107540  
1  34 329584353  
3 
2  117 
3 
1  90 222419839  
1  10 701533686  
1  32 572373322  
2  139 
2  90 
2  23 
1  27 1568709412  
2  130 
1  4 136129071  
3 
1  10 1566064252  
1  80 1560866896  
3 
1  0 1222287415  
2  72 
3 
1  115 983059156  
2  133 
2  78 
2  103 
1  75 725199054  
1  49 309791372  
3 
2  110 
3 
3 
1  9 1628740482  
2  54 
3 
1  9 804731255  
3 
2  98 
2  128 
1  53 901253254  
3 
3 
1  92 1621486508  
3 
3 
1  144 1252029940  
2  7 
3 
3 
3 
1  0 2103041980  
1  120 1372000178  
2  3 
1  6 1477863552  
3 
3 
2  74 
1  113 1559746410  
3 
3 
3 
3 
3 
3 
1  102 989630066  
2  22 
1  91 900370023  
1  32 1852017788  
2  54 
3 
3 
3 
3 
2  27 
2  40 
1  101 227051863  
3 
2  103 
1  5 412995899  
3 
1  83 130224248  
2  75 
1  9 1699390769  
3 
2  85 
1  31 1822512459  
2  90 
3 
1  34 930144328  
3 
2  128 
3 
1  58 1060014661  
3 
1  95 4613164  
3 
3 
2  69 
1  130 1152564167  
1  108 1761548347  
1  39 576986487  
1  147 573789932  
2  24 
1  48 1897677418  
1  58 2143050739  
3 
1  66 2134656828  
2  128 
1  83 972481186  
3 
2  138 
2  114 
2  54 
1  82 978626247  
3 
3 
2  81 
1  62 712372234  
1  65 1282272558  
2  94 
2  82 
2  21 
2  20 
3 
1  40 459883082  
3 
2  58 
2  24 
2  75 
1  29 1517103489  
1  29 36042165  
2  110 
2  113 
2  11 
2  112 
1  60 2081369590  
1  114 621649782  
2  61 
2  6 
2  55 
2  79 
3 
1  54 2139084145  
2  55 
2  19 
2  109 
3 
1  10 1305886120  
2  31 
1  26 2099513334  
2  0 
1  41 1551346908  
3 
2  88 
2  62 
3 
1  90 148032539  
1  60 852399709  
3 
1  41 1255881048  
1  93 375084402  
1  48 1265395608  
1  8 1386105296  
1  41 2074475171  
2  121 
2  8 
2  25 
1  9 940424420  
2  8 
2  145 
2  11 
1  8 168765976  
3 
1  4 987006185  
3 
1  17 945037584  
1  137 1321330144  
2  83 
1  45 601070884  
3 
2  132 
3 
3 
1  76 1522024071  
2  112 
1  14 1895120076  
3 
2  13 
2  64 
3 
1  2 351264655  
3 
3 
2  1 
3 
1  110 1517591163  
1  110 1882293256  
2  3 
2  56 
1  90 1323745841  
2  19 
2  5 
1  21 348733762  
2  139 
1  104 447181842  
2  43 
3 
2  10 
1  24 458534751  
1  13 808616844  
2  119 
2  25 
1  8 1964285331  
2  71 
3 
1  109 494576916  
1  2 742502786  
3 
3 
2  33 
3 
2  38 
2  15 
3 
3 
1  17 438451465  
1  50 486177414  
1  21 2048388907  
1  30 390481152  
3 
2  35 
2  64 
2  124 
2  134 
1  20 2037524322  
3 
2  14 
1  142 48937798  
3 
2  95 
2  5 
3 
3 
3 
2  51 
3 
2  101 
3 
1  2 1242880861  
3 
2  57 
2  118 
2  19 
1  83 1145921722  
3 
2  133 
3 
2  33 
2  126 
2  5 
2  11 
2  129 
1  40 424022200  
2  106 
2  16 
3 
3 
3 
2  136 
1  79 360792822  
2  31 
2  0 
1  79 384543370  
3 
3 
1  121 351013723  
1  28 1301217242  
2  10 
1  132 553309346  
1  117 1338019908  
2  101 
1  47 98771178  
3 
1  50 1874639490  
2  103 
2  10 
2  25 
1  14 1939090793  
1  101 1620795250  
1  17 1622275918  
2  28 
2  32 
2  131 
1  17 142871800  
1  29 990902765  
2  101 
3 
2  66 
1  107 1357085526  
1  84 1466617641  
3 
3 
2  0 
1  118 1339636527  
1  20 1804267368  
3 
3 
3 
3 
2  136 
3 
1  57 1925152392  
3 
1  120 769724  
2  59 
3 
2  18 
1  65 1621069052  
2  87 
3 
1  89 272245661  
3 
3 
1  30 743272510  
2  60 
2  2 
2  9 
1  113 2059520517  
1  23 758423075  
2  38 
2  10 
1  26 644177769  
2  109 
3 
3 
1  5 302518021  
2  48 
1  11 648463749  
1  34 693115567  
2  8 
3 
2  43 
2  36 
1  53 1545398883  
3 
1  86 1794385471  
3 
2  19 
3 
1  82 1117137767  
1  70 1906191705  
3 
3 
2  13 
2  26 
1  97 31445193  
1  72 1468151491  
3 
1  23 1059925299  
1  68 584754539  
2  101 
2  30 
2  54 
2  34 
3 
1  31 658687751  
2  116 
3 
3 
1  106 1158696477  
2  37 
1  34 311910382  
1  66 450294896  
2  105 
2  136 
3 
2  52 
3 
2  15 
1  45 632008079  
2  13 
3 
1  84 1934186300  
3 
3 
3 
2  19 
3 
1  77 593166696  
3 
2  29 
2  124 
1  15 1622910844  
2  133 
1  45 1143788179  
3 
3 
1  126 2059784337  
1  104 815063724  
2  13 
1  75 800571899  
1  119 1837453082  
2  34 
2  9 
3 
3 
1  31 815833448  
3 
2  1 
2  28 
2  7 
1  111 274157303  
2  119 
2  7 
3 
3 
1  60 2109698743  
2  103 
3 
3 
1  75 1559105958  
3 
3 
1  108 186194173  
2  116 
3 
1  105 720638170  
1  1 55800080  
3 
1  5 488712194  
1  70 1369101919  
1  4 748915647  
3 
1  18 2034111077  
1  97 1016003742  
1  10 1866053415  
3 
1  19 1792819134  
3 
3 
2  74 
3 
1  24 1047448935  
3 
3 
1  98 1186721258  
2  2 
1  27 705260785  
3 
1  16 1632203474  
2  16 
2  7 
3 
1  12 1845409009  
1  9 1863957263  
1  24 1944113856  
2  0 
1  16 148220258  
3 
2  14 
2  94 
1  30 348481694  
3 
1  27 1730816509  
1  119 741386954  
2  126 
2  95 
2  43 
2  107 
3 
3 
3 
1  22 1971392539  
1  18 727121040  
1  21 653687644  
2  29 
1  86 638972615  
3 
1  85 1527692939  
2  14 
3 
2  27 
2  117 
2  103 
1  57 343657078  
1  78 1454806063  
2  3 
1  48 1801850243  
2  17 
1  0 305872173  
2  35 
1  34 866428373  
2  111 
3 
2  12 
2  102 
3 
3 
1  41 1988044416  
2  88 
1  22 1026510343  
3 
2  99 
2  73 
1  6 922228453  
1  30 329272962  
1  127 248128614  
2  40 
1  101 1671144101  
3 
3 
1  4 215900392  
2  8 
1  109 1264132356  
1  28 1389713868  
2  4 
3 
1  18 2008719526  
1  14 164097643  
3 
1  73 428951478  
3 
2  32 
1  21 566496664  
1  122 1796301117  
1  40 126876839  
1  13 282970279  
3 
1  132 1592931326  
3 
3 
3 
2  118 
2  35 
2  125 
3 
1  17 275097097  
1  6 631451973  
1  25 1176264187  
2  50 
1  9 1016484052  
1  82 455360864  
3 
3 
1  72 1903385227  
2  75 
3 
3 
3 
1  63 1670171696  
3 
2  96 
3 
1  73 1094333479  
2  79 
3 
2  45 
2  13 
3 
1  2 1283594518  
2  67 
1  24 2013828774  
2  93 
2  135 
2  38 
2  29 
3 
2  18 
2  1 
2  9 
2  39 
2  115 
1  61 401655894  
2  129 
2  11 
2  36 
2  40 
2  34 
1  88 937961113  
1  28 172217299  
1  94 1268084268  
2  15 
1  126 778521881  
2  49 
1  35 1198727642  
2  96 
3 
2  23 
1  19 42829073  
3 
2  81 
1  115 1107794844  
1  91 1446856256  
1  1 1713973174  
2  15 
1  51 1323695236  
2  11 
2  6 
3 
2  6 
1  81 563504964  
2  16 
2  100 
1  41 956203394  
3 
1  78 1184931114  
1  3 727602607  
2  111 
3 
2  96 
3 
3 
2  22 
3 
1  13 1385154872  
2  0 
1  133 1751427778  
3 
2  60 
3 
2  18 
3 
2  130 
2  34 
1  104 376420076  
3 
3 
2  115 
1  72 1512031712  
3 
3 
1  72 2034398057  
2  71 
1  9 1969351402  
1  9 1787128809  
2  59 
2  24 
3 
2  21 
1  12 518366383  
3 
3 
2  7 
3 
2  29 
2  48 
1  18 998131941  
2  39 
1  6 656129213  
2  88 
3 
3 
3 
3 
1  86 973727247  
2  60 
3 
3 
1  14 754033520  
2  24 
3 
1  70 178817261  
1  33 2068060727  
3 
1  126 2037628039  
3 
1  59 45162387  
1  1 322232973  
1  29 828105504  
1  31 217379686  
1  11 1590317241  
1  12 1606627386  
3 
3 
1  39 1416107328  
3 
1  32 1633146315  
1  82 566938582  
1  88 715479936  
3 
1  39 1199635841  
1  80 1890633818  
1  83 1278984900  
3 
2  16 
2  22 
2  102 
2  5 
1  39 8355588  
1  84 928081284  
1  12 2006587507  
3 
1  76 1393510460  
1  5 532025415  
2  104 
1  42 235523936  
1  30 758058524  
1  13 418939824  
1  19 57391690  
1  87 397703686  
3 
1  106 937306207  
3 
1  101 1055523632  
1  22 1053832899  
1  92 1911033455  
1  104 1809557152  
3 
1  100 1232650161  
3 
1  89 1831610534  
1  44 1699701543  
1  136 1277812548  
1  129 6359859  
2  35 
2  43 
3 
1  131 380323400  
2  0 
2  103 
1  0 1495192235  
3 
2  88 
1  141 1596677101  
1  39 1986950786  
1  121 763815915  
3 
1  38 1082339768  
3 
2  38 
1  108 406405720  
2  122 
1  51 1479295852  
1  99 134491961  
1  31 149555890  
2  150 
1  104 610797104  
2  35 
3 
3 
2  108 
3 
1  97 142847549  
1  122 1077637174  
2  47 
1  46 469900964  
1  70 1536358010  
1  99 1609662589  
2  16 
2  14 
1  123 705424900  
2  119 
3 
2  117 
1  36 146932886  
3 
2  1 
2  5 
2  115 
1  109 2028602414  
3 
3 
3 
3 
2  42 
3 
3 
3 
2  21 
3 
3 
3 
1  114 762816590  
2  79 
3 
1  114 544636572  
3 
2  26 
3 
2  47 
3 
3 
1  2 818424973  
1  107 1818340222  
1  102 1598469472  
3 
1  0 581974780  
2  132 
3 
3 
3 
1  27 1480413727  
3 
3 
1  50 683635985  
3 
2  4 
1  26 266101666  
3 
3 
1  12 1032631622  
1  133 1961448533  
2  52 
3 
1  11 272461526  
2  124 
3 
3 
2  133 
1  95 1412955022  
2  122 
2  57 
2  9 
2  89 
2  107 
2  69 
3 
3 
1  20 1309157120  
1  23 1869138627  
3 
2  18 
3 
2  41 
2  6 
2  2 
2  77 
1  20 1252422160  
2  48 
2  69 
1  5 2072973036  
2  79 
3 
3 
3 
3 
1  94 803994747  
3 
2  124 
2  11 
2  102 
2  64 
2  20 
2  45 
2  114 
1  23 1658827880  
1  27 1404785240  
2  2 
1  32 938486708  
1  103 1808383770  
2  26 
1  45 2015582344  
1  45 1081334258  
2  68 
3 
1  8 738537297  
1  79 337999660  
2  36 
1  2 470208620  
1  19 200716238  
2  24 
3 
1  41 1043424560  
1  91 617141506  
1  34 81835004  
3 
1  131 1806241151  
2  81 
2  123 
2  44 
1  146 1161778079  
2  36 
1  123 900259978  
1  77 1477097725  
2  52 
1  43 612763903  
1  100 1482234758  
1  113 810027804  
3 
1  53 1296399888  
3 
3 
2  38 
1  147 1748336425  
1  74 1842659427  
3 
2  69 
2  145 
2  92 
1  115 1110364773  
1  10 2020797951  
3 
1  12 1108130801  
1  95 272038246  
2  16 
1  48 1742452930  
3 
2  61 
2  89 
2  19 
1  94 213069314  
3 
2  60 
1  27 197527634  
3 
3 
2  32 
1  27 398964029  
1  30 1871897194  
1  152 1602312874  
1  133 1337450737  
3 
1  35 1532797317  
2  42 
2  102 
1  121 1470411570  
3 
2  106 
3 
3 
3 
2  22 
2  132 
1  49 271301347  
3 
1  30 123850966  
2  133 
1  31 1808411231  
3 
2  129 
3 
2  150 
1  132 741509967  
2  80 
1  141 324567204  
2  140 
2  3 
3 
2  44 
2  81 
3 
2  36 
3 
2  49 
3 
3 
3 
3 
1  20 704352143  
2  101 
1  134 1358651474  
3 
2  32 
3 
3 
2  47 
1  13 406402209  
1  52 363109646  
3 
1  11 372945905  
2  2 
3 
3 
2  64 
2  118 
2  74 
3 
2  25 
2  115 
1  6 1306662187  
1  11 1840207372  
3 
3 
3 
1  63 985709808  
1  130 641413297  
3 
1  113 502751528  
3 
2  63 
3 
3 
2  91 
2  31 
3 
2  119 
1  14 134626048  
3 
2  42 
2  63 
1  86 242266074  
2  110 
2  33 
1  68 197927307  
2  131 
2  44 
1  22 1244990821  
3 
2  20 
3 
2  13 
1  30 115580377  
2  23 
2  139 
2  112 
3 
3 
3 
3 
1  6 1306058109  
3 
1  46 1517029067  
1  29 1858033307  
2  126 
1  114 1519127423  
1  56 1714556701  
2  88 
1  37 109513688  
1  96 1243540969  
2  146 
1  107 1169385927  
3 
1  73 1446964426  
2  147 
2  63 
2  43 
3 
1  15 628854638  
1  121 492313850  
3 
1  7 1718265773  
2  32 
2  107 
2  1 
3 
1  36 752705604  
1  0 153241433  
2  91 
1  7 312292093  
1  0 1077272809  
1  34 857593576  
2  27 
1  136 1670943567  
2  116 
3 
3 
3 
2  63 
3 
3 
1  74 1483675018  
1  52 1220703223  
3 
1  17 2043889472  
3 
2  98 
3 
2  41 
3 
3 
1  83 642853557  
1  47 913426947  
3 
1  105 882115632  
1  58 1284266854  
1  70 1416178475  
3 
1  47 1016741680  
1  20 1526532929  
2  44 
1  121 1614105783  
3 
3 
2  131 
2  75 
2  45 
2  98 
1  61 114248853  
3 
3 
3 
1  7 1642113306  
2  57 
2  151 
1  42 772680244  
1  74 1631277921  
2  5 
2  152 
2  134 
2  90 
3 
2  27 
3 
3 
2  32 
2  154 
3 
3 
2  44 
1  92 1352662966  
2  37 
2  38 
3 
1  25 144324019  
3 
3 
1  112 1198350974  
1  32 1462176654  
3 
3 
1  6 1387864988  
3 
3 
3 
1  39 220253254  
3 
2  29 
3 
1  16 761657432  
3 
3 
3 
1  96 2016719627  
1  11 712567104  
2  119 
3 
2  48 
3 
1  30 332439558  
2  24 
2  104 
2  125 
3 
3 
2  26 
2  131 
1  29 621941583  
2  74 
2  141 
1  140 865808537  
1  4 644731651  
2  53 
2  100 
1  95 1699214392  
1  108 1723402113  
1  83 168191570  
3 
2  84 
1  61 1035405762  
3 
2  125 
1  4 796621688  
2  67 
2  37 
2  61 
2  68 
3 
2  51 
3 
3 
3 
2  52 
1  149 64597394  
3 
1  45 1678259319  
3 
2  107 
3 
3 
3 
1  127 1710048635  
3 
2  94 
2  16 
3 
2  58 
1  56 946713026  
1  93 815042526  
2  46 
2  42 
1  143 978743463  
2  23 
3 
1  150 1963454706  
2  44 
2  112 
1  102 194091807  
3 
1  121 445365598  
3 
1  24 2077703559  
3 
1  30 1836205113  
3 
3 
3 
2  36 
3 
2  147 
2  82 
1  67 1218045842  
2  27 
3 
3 
2  1 
1  43 1561497832  
3 
3 
3 
2  47 
3 
3 
2  31 
3 
1  22 1041384431  
3 
3 
3 
3 
3 
3 
3 
2  47 
3 
2  19 
2  33 
1  42 1362369861  
1  11 612365159  
3 
2  135 
2  45 
3 
1  24 356077438  
3 
2  0 
2  42 
2  78 
2  28 
3 
1  116 602751201  
1  33 832618413  
2  114 
3 
3 
3 
1  72 1117734870  
3 
1  143 471987180  
2  109 
2  38 
3 
1  40 1545185517  
1  32 1450174428  
2  22 
2  14 
3 
2  1 
1  30 1093928764  
1  10 263510406  
2  68 
3 
1  121 2094906079  
3 
2  126 
3 
3 
2  27 
3 
2  56 
2  28 
3 
3 
2  80 
3 
1  66 645659508  
1  12 1986912519  
3 
1  13 115614001  
2  20 
1  33 1681065271  
1  49 636050560  
2  45 
2  127 
2  35 
3 
2  64 
1  40 180211395  
2  4 
2  143 
2  37 
1  122 1211840942  
3 
1  21 198615547  
2  4 
3 
3 
1  21 1126924421  
2  102 
1  55 2026883468  
1  40 1177359010  
3 
3 
1  102 942895479  
3 
1  20 73491627  
3 
1  70 1622724608  
2  41 
2  14 
2  40 
1  130 873115391  
3 
3 
1  46 1909696741  
2  20 
3 
2  39 
2  34 
1  23 693286802  
3 
1  84 287129575  
3 
2  106 
1  106 803597524  
2  64 
1  24 2055656663  
3 
1  118 899494734  
2  61 
3 
1  15 1159674962  
3 
2  113 
1  29 510924217  
2  131 
2  13 
1  96 1732113147  
2  20 
2  88 
1  89 129926185  
3 
3 
3 
2  32 
3 
3 
2  93 
1  30 982911397  
1  38 1129815016  
2  4 
1  41 1580100613  
1  20 2076840161  
1  7 1393325422  
2  108 
3 
3 
3 
2  86 
2  11 
1  39 1527523045  
3 
2  36 
3 
1  19 575016022  
3 
1  41 1232754294  
3 
3 
3 
2  105 
2  87 
2  73 
1  78 1643137046  
1  105 108597645  
3 
1  43 1868804854  
3 
2  5 
2  29 
2  20 
1  82 1823348442  
1  104 1320438587  
1  11 2067420401  
1  142 802789215  
3 
1  13 1199838408  
2  20 
2  47 
3 
2  137 
1  11 1097295764  
2  25 
1  124 1745684695  
2  111 
1  130 1273330035  
3 
2  81 
2  73 
1  62 572536724  
3 
2  80 
3 
3 
3 
3 
3 
1  16 471316438  
1  14 1035543128  
3 
3 
3 
2  95 
1  118 1265823527  
2  35 
2  41 
2  68 
3 
3 
2  29 
2  21 
3 
3 
1  65 758446013  
2  129 
2  59 
3 
1  117 1839140653  
3 
2  89 
3 
3 
2  14 
2  62 
1  33 1173996542  
1  15 1657940748  
2  144 
1  128 851331967  
1  11 1684920759  
2  93 
2  94 
3 
3 
1  1 1242570247  
3 
2  125 
3 
2  3 
2  25 
1  3 981258152  
2  139 
1  53 520348509  
3 
2  124 
3 
1  40 224901616  
1  86 413875118  
1  18 449705022  
1  43 1618227038  
1  109 1941398163  
2  30 
1  26 1024721044  
3 
3 
1  142 703497684  
3 
1  47 1437051561  
1  6 1133318689  
2  39 
1  98 424818890  
3 
1  89 1112916355  
2  148 
2  2 
3 
2  9 
3 
2  87 
3 
1  64 306273629  
3 
2  134 
3 
1  13 344755644  
2  136 
3 
2  31 
1  34 1915705571  
1  44 1506112037  
2  34 
1  145 1442051408  
3 
2  37 
2  89 
2  144 
1  24 1513906618  
2  142 
3 
1  62 631958424  
2  23 
1  43 2014588132  
1  129 1985223056  
1  4 1667501553  
3 
2  129 
2  24 
1  22 1132928011  
1  4 596185421  
2  33 
3 
3 
3 
3 
3 
3 
3 
1  23 1359158558  
2  131 
3 
2  144 
3 
2  6 
2  99 
3 
3 
3 
1  47 159440906  
3 
2  128 
2  90 
1  36 106642521  
2  83 
1  65 63006877  
1  26 1844361665  
1  145 1349212769  
2  39 
3 
2  65 
1  140 1044265030  
1  138 217226526  
3 
3 
1  110 1574114385  
2  43 
3 
3 
3 
1  46 1458140148  
2  19 
2  123 
3 
2  33 
2  0 
3 
3 
2  118 
3 
1  28 666931549  
3 
2  34 
1  144 1044857775  
1  134 1252054663  
1  34 1691652593  
3 
1  0 1748355460  
1  71 541622576  
3 
3 
2  121 
1  12 677487635  
1  100 25690702  
1  5 1654538932  
1  122 983761264  
2  106 
3 
2  114 
2  20 
3 
2  81 
3 
3 
2  132 
2  123 
2  31 
3 
3 
2  48 
3 
3 
2  5 
2  37 
3 
1  4 370446346  
1  13 1422760855  
1  38 342389653  
1  23 1812497754  
1  74 789183825  
2  105 
1  8 974348077  
3 
3 
3 
1  23 1679602239  
2  25 
3 
1  86 626923233  
2  14 
2  49 
1  40 494365982  
1  80 665046602  
1  44 1223108654  
1  146 1853524540  
1  83 824487508  
1  86 1329751176  
1  148 1916531418  
3 
2  27 
1  99 521365526  
2  109 
1  75 531480297  
1  33 813312800  
1  150 738592052  
2  73 
3 
2  24 
3 
2  80 
2  99 
2  13 
2  23 
1  82 2105594682  
2  18 
1  44 123969300  
2  108 
3 
2  11 
1  1 1405523601  
2  112 
3 
3 
1  2 1002968809  
1  68 1376023963  
1  42 949692547  
3 
2  44 
1  24 603840621  
3 
1  130 1917646539  
3 
3 
3 
2  65 
2  22 
2  150 
2  34 
2  143 
3 
2  139 
3 
3 
2  36 
2  28 
2  97 
2  23 
2  21 
1  36 1627180182  
3 
1  44 629531324  
2  56 
2  6 
3 
1  7 1424701823  
2  55 
2  35 
3 
3 
1  11 463457798  
1  39 999977670  
3 
3 
2  11 
1  15 699979030  
3 
2  13 
3 
1  31 805847451  
1  69 664991777  
2  28 
2  3 
3 
1  131 1489162855  
2  33 
3 
2  34 
2  67 
3 
1  12 1780195528  
3 
1  27 197110368  
1  109 2116086088  
1  140 127077863  
1  23 862156970  
1  15 1191711095  
1  11 1980602403  
1  145 1686644479  
3 
1  14 373978623  
3 
1  11 1749650173  
2  4 
2  39 
3 
3 
3 
1  43 60526357  
2  113 
1  80 905458920  
2  43 
2  42 
3 
2  57 
1  111 415479325  
2  60 
2  19 
2  28 
3 
2  17 
3 
2  78 
3 
3 
2  134 
2  140 
1  86 799118409  
2  39 
2  13 
1  3 863569954  
1  71 539448625  
3 
1  69 57158363  
2  27 
2  143 
1  9 1866538763  
2  18 
3 
3 
1  134 1915472588  
3 
2  85 
3 
2  9 
1  8 1006850910  
1  21 322895737  
1  53 1685635480  
2  83 
3 
3 
3 
1  28 486547444  
2  32 
2  44 
1  127 952427061  
3 
2  41 
1  98 962853655  
2  5 
3 
1  26 950005242  
1  56 1952404731  
1  87 1662832686  
2  138 
3 
1  72 1755852693  
1  64 469912860  
1  61 1004511893  
2  139 
2  121 
2  39 
2  24 
2  14 
1  68 1388564573  
2  95 
2  0 
2  37 
1  23 667023228  
2  62 
2  110 
2  130 
2  84 
3 
2  67 
2  12 
2  15 
2  65 
3 
3 
1  105 973114334  
1  26 1515642436  
1  28 1529180199  
3 
2  0 
2  46 
2  68 
3 
1  6 17341781  
3 
1  13 1348761192  
1  21 1068341030  
2  93 
1  121 391320404  
1  108 950927717  
2  24 
3 
1  7 1128867387  
2  71 
3 
1  25 1296779324  
1  89 1366407043  
2  91 
3 
3 
1  118 1927985796  
2  27 
1  55 12865630  
3 
1  131 1905855668  
2  62 
1  35 1985144159  
2  139 
1  86 1879404393  
2  103 
3 
2  18 
2  29 
2  91 
3 
3 
2  5 
1  132 1673844609  
3 
3 
2  11 
1  30 844511421  
3 
1  36 54816482  
2  125 
3 
2  44 
1  33 1211996441  
2  31 
1  48 1331058865  
3 
3 
3 
3 
3 
3 
3 
2  124 
1  22 1007243543  
3 
3 
1  41 27366448  
2  54 
3 
3 
3 
1  12 133580459  
2  35 
3 
1  35 812164627  
1  60 1690199134  
3 
2  125 
2  69 
1  28 1889433152  
1  52 1282077487  
3 
2  13 
2  121 
3 
3 
1  137 547227380  
2  143 
2  54 
2  37 
2  32 
3 
1  64 1130514078  
1  20 1949100716  
3 
3 
2  123 
2  10 
3 
3 
3 
1  36 1520341714  
1  118 498672866  
2  22 
3 
3 
2  33 
3 
2  10 
2  118 
2  136 
2  117 
2  127 
1  17 1330797267  
3 
1  26 1537683495  
1  41 1847434058  
2  20 
2  34 
3 
1  101 251654649  
1  128 1929003899  
3 
3 
3 
1  64 650878128  
2  133 
1  63 1380522036  
3 
1  19 1078299575  
2  38 
3 
1  19 2017285171  
3 
1  125 1161024184  
1  77 1091165205  
3 
1  82 1775657191  
3 
3 
3 
2  13 
1  82 998684696  
1  20 823085950  
1  20 1302018152  
2  92 
2  24 
2  31 
2  26 
1  18 1843196117  
3 
2  46 
2  9 
3 
2  4 
3 
2  104 
1  55 877902433  
1  25 366530945  
3 
3 
2  116 
2  97 
3 
3 
2  82 
3 
2  14 
3 
2  32 
2  83 
1  31 1026771335  
3 
3 
1  8 1885145976  
3 
1  10 393897394  
2  19 
2  51 
1  32 1160351794  
3 
3 
3 
3 
2  105 
3 
3 
2  108 
3 
2  10 
1  3 549826955  
1  35 2084096528  
3 
1  89 902301299  
3 
3 
3 
2  112 
1  78 1831904443  
1  4 483840260  
1  90 2032815377  
2  29 
2  105 
1  34 1633521511  
2  55 
1  34 2004181974  
2  12 
3 
1  129 384004595  
1  114 816835130  
3 
2  39 
1  40 1394381821  
1  135 83955006  
1  26 1068489779  
1  5 1175902072  
3 
3 
3 
1  17 734833134  
2  46 
1  63 301528167  
2  17 
1  124 106717999  
3 
3 
2  39 
1  52 604634657  
1  61 1462552351  
3 
3 
1  21 1197883204  
1  4 232808200  
1  14 313753399  
3 
3 
1  25 2020969155  
2  104 
3 
1  5 1534826353  
1  108 9465869  
3 
3 
2  136 
2  18 
3 
2  12 
2  137 
3 
2  40 
2  63 
1  66 751387940  
1  23 1901357298  
3 
2  4 
1  39 1036237204  
1  5 489050268  
2  39 
2  131 
2  13 
2  18 
3 
1  24 147771044  
3 
1  51 49105350  
3 
3 
2  4 
1  118 1038877224  
2  67 
2  18 
2  43 
3 
2  19 
2  33 
1  9 84383925  
2  9 
1  0 951406649  
2  72 
3 
2  28 
2  47 
1  40 723298019  
3 
1  69 568224185  
2  36 
2  39 
1  107 836738378  
2  66 
3 
1  88 209335882  
2  11 
3 
2  92 
1  13 424922512  
2  136 
2  55 
3 
1  54 1220742974  
2  82 
3 
1  11 1026171012  
3 
1  136 1819304333  
3 
2  6 
2  9 
2  95 
1  7 1304697980  
3 
1  17 2094660791  
3 
2  38 
1  11 847722758  
3 
1  104 2039531114  
2  92 
3 
2  36 
3 
1  25 248705310  
1  3 954440757  
1  15 496682123  
3 
1  131 1711257661  
1  81 4840314  
2  40 
2  16 
1  24 729490323  
3 
3 
1  2 2025011061  
1  48 2025809469  
1  116 116833028  
3 
2  73 
1  52 2034476930  
3 
2  128 
2  19 
3 
1  3 629713761  
3 
3 
3 
1  78 2018190327  
3 
1  19 923230486  
3 
3 
1  75 1118764029  
3 
3 
1  27 18477723  
2  16 
1  95 972335836  
1  17 10157605  
3 
2  69 
2  76 
1  108 102861648  
1  15 1923742486  
3 
2  115 
2  133 
2  69 
2  28 
3 
2  36 
3 
2  102 
2  29 
3 
2  15 
3 
2  1 
2  13 
2  109 
2  100 
1  33 733455624  
3 
3 
3 
2  98 
1  8 671085834  
3 
1  135 612997216  
3 
2  40 
1  98 942791506  
1  22 1096008346  
3 
1  37 1833740190  
3 
2  40 
2  50 
1  82 1968962518  
1  55 767829031  
3 
2  13 
2  16 
3 
3 
2  112 
2  29 
1  79 990954522  
3 
2  89 
1  113 1916139661  
1  121 1615551789  
1  135 883001988  
3 
2  75 
1  41 17361323  
3 
1  7 422508899  
3 
3 
2  86 
1  36 1379684111  
2  111 
1  52 1728618985  
3 
2  95 
1  9 427349213  
2  17 
1  52 2109174435  
2  4 
1  19 1606146398  
2  90 
2  20 
2  55 
1  92 305675034  
1  14 78523815  
1  66 1493139680  
1  0 935388795  
2  78 
1  110 2096714142  
3 
3 
3 
1  119 268886518  
2  17 
1  7 2054152824  
2  36 
3 
3 
2  32 
1  54 2115191866  
1  6 1241222354  
3 
1  14 2064310430  
3 
2  103 
1  10 70569866  
2  139 
1  138 1017481192  
2  48 
2  50 
3 
1  28 650282406  
2  31 
2  58 
2  32 
3 
3 
3 
2  86 
3 
3 
1  120 741655700  
2  122 
2  34 
3 
2  108 
2  105 
1  19 1630478409  
1  29 1593073913  
1  104 1837664046  
3 
1  47 1316734951  
1  67 1414552783  
2  23 
2  128 
1  2 458009430  
2  31 
2  18 
3 
1  125 160205826  
3 
3 
3 
1  135 1183208797  
1  53 2073561219  
2  113 
2  72 
1  65 1043207814  
1  98 1200570120  
1  93 348586470  
1  37 275408278  
1  68 781705457  
1  24 775935683  
2  25 
1  41 237099065  
2  129 
3 
2  121 
1  32 240368207  
2  96 
2  7 
2  41 
1  53 1081610717  
3 
3 
1  84 315622880  
3 
1  4 1733507887  
1  6 2016999512  
3 
3 
1  21 264853375  
2  19 
1  4 2002394405  
2  37 
1  10 1923668689  
1  8 232561593  
2  37 
2  65 
2  22 
1  138 1096133112  
2  8 
2  136 
3 
1  22 1840495471  
1  122 303131459  
3 
3 
3 
1  114 2113614304  
2  16 
1  63 343294229  
3 
2  94 
2  30 
2  33 
2  132 
1  62 1044787160  
3 
1  28 1596609065  
3 
2  24 
2  97 
3 
3 
1  9 1936368142  
3 
3 
1  10 734967558  
2  143 
3 
3 
1  51 765860369  
2  12 
3 
3 
2  96 
2  18 
2  77 
2  109 
2  14 
3 
2  117 
1  37 1203437278  
3 
3 
1  22 1192976988  
2  1 
2  105 
3 
3 
1  121 926066195  
2  19 
3 
1  83 239162427  
3 
3 
1  54 1119054560  
3 
2  102 
3 
2  17 
1  5 1969274009  
2  129 
2  44 
2  88 
3 
3 
2  13 
1  34 1439732547  
3 
1  119 1467641030  
3 
1  91 97198639  
2  13 
3 
1  58 73954357  
2  16 
1  18 96093066  
3 
2  129 
1  33 334297704  
1  88 314322564  
3 
1  12 1177703783  
3 
1  2 649920585  
2  25 
3 
3 
3 
3 
3 
1  31 2047830452  
3 
2  24 
1  97 1047219648  
1  49 914773960  
1  121 1902741209  
2  47 
2  78 
1  17 823404689  
2  123 
2  7 
3 
2  0 
2  0 
3 
3 
1  112 1147335553  
1  38 851390673  
3 
3 
2  116 
2  21 
3 
1  33 516416512  
2  90 
2  7 
2  7 
3 
3 
1  57 1450467012  
2  20 
3 
3 
1  32 817521330  
3 
2  105 
1  8 859710741  
1  4 347770524  
3 
2  116 
1  26 266646747  
1  141 648595236  
1  6 1082738083  
2  16 
1  23 1032507116  
3 
1  139 1852032514  
3 
3 
1  4 128231423  
2  14 
3 
1  9 1958573311  
1  9 2091194941  
3 
2  49 
2  25 
3 
1  30 1247285983  
1  6 1780363673  
1  130 1383443840  
3 
3 
1  100 567443366  
2  63 
1  42 1877562312  
2  8 
2  44 
3 
2  2 
2  136 
3 
2  2 
1  109 1457398197  
1  142 663536432  
2  32 
3 
1  21 64376369  
2  21 
1  22 1771720762  
1  18 1841240215  
1  13 714296954  
2  17 
1  45 1672067566  
3 
3 
3 
3 
1  80 740976215  
3 
3 
2  16 
3 
1  46 1629070914  
1  59 1427325127  
3 
2  33 
2  118 
2  119 
1  20 1564380904  
2  9 
1  135 628922819  
3 
3 
1  20 131232153  
1  12 2080797416  
1  99 2079389831  
3 
1  143 948753483  
1  29 793024510  
3 
2  0 
1  6 279676708  
1  68 1215400230  
1  100 1441619746  
3 
2  48 
1  136 1362414791  
3 
3 
3 
1  66 100423699  
3 
2  118 
3 
3 
2  41 
2  101 
1  14 1146168612  
1  12 1490646214  
1  18 2058997010  
2  45 
1  43 1089879905  
1  30 590448550  
1  105 1691877035  
2  1 
3 
1  133 325840097  
3 
3 
2  94 
2  88 
2  14 
1  24 1157891916  
3 
3 
1  51 1421955700  
2  0 
3 
1  30 1783238295  
2  104 
1  85 1821428348  
1  62 1486332069  
3 
1  57 1407475409  
2  25 
1  17 1515184915  
1  46 53145375  
1  33 932059327  
1  41 108677483  
1  118 1682216289  
2  78 
1  46 211900806  
1  4 1673058387  
3 
2  130 
3 
3 
2  28 
2  11 
3 
1  30 163655460  
3 
1  58 343132959  
3 
1  147 1606372156  
3 
3 
1  94 95561643  
2  6 
2  0 
2  140 
2  22 
3 
2  43 
3 
3 
1  68 1291886442  
2  18 
1  82 251913018  
3 
3 
3 
1  28 375238351  
2  35 
2  100 
1  113 359803025  
2  62 
1  7 1693532764  
2  35 
3 
2  31 
2  65 
2  86 
1  41 1737653142  
2  27 
2  96 
3 
1  85 460226724  
3 
3 
1  137 692217728  
2  119 
1  67 1080815709  
2  121 
3 
3 
2  88 
2  123 
1  135 371740086  
2  67 
2  11 
1  3 1782097633  
2  68 
2  22 
2  15 
3 
1  118 1671264259  
1  88 2063617122  
2  38 
3 
2  117 
2  79 
2  62 
3 
1  26 2107937730  
2  23 
1  131 681672527  
3 
2  11 
3 
1  5 1338089174  
3 
3 
2  123 
1  84 1743692377  
3 
1  34 355617227  
2  137 
1  47 676937595  
1  88 1003684138  
1  2 1870802142  
3 
1  34 730082970  
2  86 
1  136 1935743465  
2  13 
1  128 1979479625  
2  80 
1  29 264815611  
2  7 
3 
2  94 
2  28 
2  141 
1  28 160624  
3 
1  37 1505054365  
2  7 
1  18 428471071  
3 
1  1 343293583  
3 
3 
3 
2  129 
3 
3 
1  33 963942873  
1  6 524032714  
1  9 1635180026  
1  80 1215855891  
2  25 
3 
3 
3 
1  24 899271066  
1  45 1994983051  
3 
1  28 761905007  
1  45 489440560  
1  57 307726127  
1  36 1454122735  
2  0 
3 
3 
1  39 1570256269  
1  90 679466213  
3 
1  43 1088736720  
1  37 1094036880  
3 
1  17 595599687  
1  105 1049190802  
3 
1  89 1775709407  
1  15 1933688861  
1  69 645399532  
1  32 2131326634  
2  146 
1  15 463142808  
3 
1  29 1649083670  
2  73 
1  16 1854645129  
1  49 1193225778  
1  38 1437343488  
3 
3 
1  86 1686641106  
3 
2  19 
1  25 1458041389  
1  94 1437504112  
2  43 
1  51 1044211823  
1  58 1886512460  
2  3 
3 
1  43 1780797695  
3 
1  104 2008154696  
2  67 
1  122 263061527  
1  115 1268494073  
1  34 1076526939  
2  111 
2  6 
1  85 1162332593  
3 
2  30 
3 
1  77 1115993476  
2  29 
3 
1  13 1838431946  
1  25 1651773153  
2  77 
2  108 
1  69 1423719603  
3 
1  96 1145071033  
2  53 
3 
3 
2  15 
3 
3 
2  131 
1  67 1074545775  
3 
1  13 2103185817  
2  36 
3 
1  57 86324105  
1  11 21099007  
3 
3 
2  80 
3 
2  14 
3 
2  121 
1  28 551301856  
2  66 
1  19 1135514908  
1  18 1796808415  
3 
3 
2  123 
3 
3 
3 
1  123 337507070  
1  6 1780914440  
3 
3 
3 
3 
3 
2  93 
2  85 
2  151 
1  0 1780651401  
3 
2  136 
3 
2  119 
2  151 
2  141 
1  1 800649878  
2  158 
3 
1  49 1282514462  
3 
1  25 1487812882  
1  3 1993875657  
3 
2  39 
1  92 572374302  
3 
1  160 1026970341  
1  146 1304433398  
2  96 
1  168 2009878414  
2  19 
3 
1  56 2071182164  
2  135 
3 
1  22 1043462211  
2  0 
1  65 1643192462  
2  96 
2  15 
3 
1  146 1931853213  
1  8 1306523738  
1  87 764202887  
2  40 
3 
2  117 
1  117 860896504  
2  27 
2  61 
3 
2  122 
1  108 321372683  
2  150 
3 
2  61 
2  32 
2  112 
3 
3 
2  15 
2  13 
3 
3 
3 
2  45 
3 
3 
1  75 1880196364  
1  66 551844803  
3 
1  107 1973145836  
3 
3 
2  144 
1  78 1156432319  
3 
1  32 1696915836  
3 
3 
3 
1  52 900207963  
1  154 1112134488  
2  2 
2  80 
2  144 
2  9 
1  20 1783239942  
3 
3 
2  13 
3 
2  25 
1  21 921306971  
1  35 1663436345  
1  124 771271202  
3 
3 
2  15 
1  1 570631738  
1  53 2000943415  
1  19 404701994  
3 
3 
1  138 203799491  
2  5 
3 
1  19 654109645  
1  93 1687216456  
2  53 
1  29 1691612374  
1  118 500501654  
2  153 
1  88 112107111  
3 
1  47 571099067  
1  29 1804935053  
3 
3 
1  14 2121985525  
2  53 
2  76 
2  28 
2  90 
1  73 494797583  
1  95 700913616  
2  21 
3 
3 
2  136 
2  9 
1  162 1617694339  
2  40 
1  152 279167148  
3 
3 
3 
2  30 
1  142 2007437354  
2  147 
1  34 234413579  
3 
1  60 1140063653  
2  130 
3 
1  94 181326389  
1  134 2114609943  
2  84 
3 
1  91 1691908456  
2  74 
2  3 
3 
1  141 6988577  
3 
2  41 
3 
2  139 
2  44 
3 
3 
3 
3 
2  123 
2  159 
3 
3 
1  154 1123558614  
1  63 1241340644  
3 
2  135 
1  84 907196541  
3 
2  75 
1  38 88209455  
1  57 877096938  
3 
1  0 1828503512  
2  60 
3 
3 
3 
2  103 
1  160 1751645800  
1  14 1648368140  
1  70 251651602  
2  123 
3 
2  158 
1  96 1605105567  
2  114 
2  85 
1  109 2053070134  
2  96 
2  58 
1  71 455451093  
1  81 111731564  
2  59 
3 
1  161 1592802943  
3 
2  66 
3 
2  51 
2  112 
1  70 2147063467  
3 
2  35 
1  0 612233219  
3 
2  144 
2  65 
2  89 
1  65 1704910054  
1  46 570678886  
3 
2  152 
2  3 
3 
3 
1  45 269684624  
3 
1  47 1679411931  
2  143 
1  21 1065476470  
2  64 
1  50 970598240  
2  55 
1  142 1149622623  
3 
2  101 
1  138 1344643618  
1  63 830551946  
1  130 1384036202  
2  0 
2  89 
2  61 
3 
2  158 
1  45 337223623  
1  151 1011878335  
3 
2  75 
2  78 
3 
2  115 
1  69 1351162497  
2  52 
3 
1  40 2029132079  
2  163 
3 
1  130 1018866912  
2  33 
3 
1  95 327237463  
2  144 
1  20 1122989076  
3 
3 
3 
3 
2  38 
3 
3 
2  91 
2  40 
2  52 
1  55 1926063453  
1  10 415446918  
3 
2  31 
3 
3 
2  157 
2  135 
3 
2  64 
3 
2  101 
3 
3 
1  0 2000086014  
3 
3 
1  107 1607083317  
3 
1  46 19609070  
2  28 
2  65 
2  68 
1  143 1500970507  
2  25 
2  26 
2  78 
3 
2  7 
3 
3 
3 
3 
3 
3 
2  100 
2  81 
2  130 
3 
3 
2  39 
3 
2  40 
3 
3 
2  43 
2  48 
3 
2  10 
2  118 
1  61 1858734919  
1  89 1624714637  
1  16 1406556993  
3 
1  39 166702365  
3 
1  116 1736446202  
2  126 
3 
1  77 851876288  
2  42 
1  33 166282184  
3 
2  73 
1  52 201195773  
2  53 
3 
1  9 409302694  
1  61 736961071  
3 
2  67 
3 
2  30 
1  146 470880397  
2  28 
1  67 2088714626  
1  77 1802437541  
1  95 1441478637  
3 
1  24 1090853601  
3 
3 
2  34 
1  14 999597511  
3 
3 
3 
2  64 
3 
3 
1  43 124546935  
2  19 
2  104 
1  152 327406155  
2  64 
1  18 1336821135  
2  5 
2  25 
3 
3 
1  18 1136425270  
3 
2  118 
2  102 
1  65 1678568652  
1  86 1218469566  
2  105 
1  17 7808534  
1  0 2005806115  
3 
3 
3 
2  107 
3 
1  156 193974994  
3 
1  97 1933871988  
1  23 273769386  
3 
1  24 46577361  
2  24 
3 
2  74 
2  30 
3 
1  13 1393471657  
2  108 
1  17 293378456  
2  25 
2  11 
2  39 
3 
3 
3 
2  29 
2  27 
2  16 
3 
1  8 1547547868  
3 
3 
2  56 
2  143 
3 
2  150 
3 
1  6 1104722929  
3 
2  58 
2  6 
1  41 1918093094  
2  133 
3 
1  14 806621213  
3 
3 
2  52 
2  74 
2  142 
2  36 
3 
1  43 1271425294  
3 
1  72 1507055648  
2  52 
2  45 
3 
1  22 1658497502  
2  101 
3 
1  18 1437707478  
2  67 
2  93 
2  40 
1  97 1708251421  
2  13 
1  3 2067800196  
3 
2  38 
3 
3 
2  127 
3 
2  41 
2  108 
3 
1  123 27184901  
2  92 
1  20 31648170  
3 
3 
1  53 2009031174  
2  135 
1  56 1829622442  
3 
2  60 
3 
1  51 1473126807  
2  113 
1  14 952401127  
1  20 681736306  
3 
3 
1  2 1597673742  
2  130 
1  124 1279807282  
2  34 
2  132 
2  30 
3 
3 
1  128 2018557441  
3 
1  124 586615364  
3 
2  20 
3 
1  12 810892286  
2  51 
3 
3 
3 
2  4 
1  26 1089543359  
2  29 
3 
3 
2  54 
3 
2  2 
3 
3 
2  63 
1  121 594423898  
3 
3 
3 
3 
1  128 669214754  
3 
3 
2  61 
1  50 1283518354  
1  34 380812238  
3 
2  34 
1  14 942984140  
1  19 1330095715  
1  122 1774283896  
2  13 
1  133 1236362596  
1  152 730159935  
1  65 731523177  
3 
3 
1  112 1006972042  
1  22 1536781148  
1  131 2002948471  
3 
2  44 
3 
1  12 366544042  
1  64 1047795002  
1  5 1293172301  
1  8 2074795463  
3 
3 
2  17 
1  145 968111551  
1  26 1320357203  
1  89 2106443633  
1  18 829659077  
2  19 
1  50 1002495997  
1  123 1432086792  
1  154 1782060205  
1  34 1684232303  
2  152 
3 
3 
2  43 
2  29 
3 
2  97 
3 
3 
2  122 
3 
2  153 
1  58 882276886  
3 
2  61 
3 
1  29 914383839  
3 
1  53 1555306096  
3 
3 
3 
2  65 
2  20 
3 
1  140 1468892250  
2  42 
2  158 
3 
2  20 
3 
1  53 1725276126  
1  87 497365808  
2  71 
3 
3 
1  116 2063316149  
1  155 247007232  
1  68 1780884162  
1  29 296644739  
3 
3 
3 
1  67 1189991372  
1  128 963496229  
1  87 2070928635  
3 
1  23 278870320  
1  97 1693656164  
2  112 
3 
1  74 654968164  
2  145 
1  117 1285842363  
3 
3 
1  18 1082953664  
3 
1  114 510432987  
2  125 
2  13 
3 
1  52 1652386405  
2  17 
3 
1  35 2130748667  
1  75 1803605289  
1  96 1579698221  
2  2 
3 
3 
2  14 
2  58 
3 
1  25 951376570  
2  152 
1  100 976478844  
2  21 
3 
3 
2  116 
1  41 1538658206  
3 
3 
2  48 
1  53 1781035647  
2  38 
1  137 1978974841  
2  31 
3 
1  140 823261351  
3 
2  75 
3 
2  20 
3 
3 
3 
3 
2  124 
2  76 
2  106 
1  70 1415612204  
1  80 1515723497  
2  138 
1  117 1705538237  
2  30 
2  86 
2  143 
3 
2  117 
2  4 
3 
1  85 182512396  
2  150 
1  0 923545945  
1  9 1026946840  
3 
2  142 
3 
1  13 1907788522  
2  21 
1  42 1420911753  
1  2 942779341  
2  95 
1  103 7312106  
3 
1  40 1054312267  
2  78 
3 
1  108 1239424080  
1  29 1197303478  
2  140 
3 
2  67 
2  2 
3 
2  123 
3 
3 
2  75 
3 
2  38 
3 
2  12 
2  47 
2  122 
3 
2  139 
1  114 2017808496  
2  50 
3 
2  30 
1  36 1162869068  
1  13 1476173798  
1  43 1563981012  
3 
3 
1  156 1817837232  
2  27 
3 
1  139 614532513  
2  26 
3 
3 
2  44 
2  37 
3 
1  103 499451029  
2  105 
3 
1  39 180786572  
2  23 
2  117 
1  44 119435271  
3 
2  14 
3 
1  116 482716048  
1  72 1984391861  
2  34 
2  10 
1  22 1699133492  
1  125 1434092618  
2  25 
2  2 
2  19 
2  12 
1  36 813387057  
2  95 
2  91 
1  84 1090308050  
3 
1  111 1067644617  
1  23 644878250  
3 
2  117 
2  113 
3 
1  79 1913569401  
2  89 
2  147 
3 
1  32 335773174  
2  139 
3 
3 
1  11 13118099  
1  141 1471623991  
1  108 518285570  
1  53 936664045  
2  115 
1  114 351087183  
2  88 
2  45 
2  51 
3 
3 
2  25 
2  100 
2  14 
3 
2  26 
1  49 278590444  
3 
2  142 
1  15 210092150  
1  24 1293866524  
2  129 
3 
1  151 285902550  
3 
2  141 
2  10 
2  135 
1  102 1264404418  
2  46 
2  52 
1  9 385806956  
2  40 
1  10 1483206028  
2  74 
1  11 1134729266  
1  13 1548676024  
2  30 
2  112 
3 
3 
3 
3 
2  153 
2  1 
1  42 811896178  
3 
3 
1  33 551226631  
3 
1  27 1219029609  
3 
3 
3 
1  1 1426428692  
3 
2  34 
3 
2  135 
1  3 1050677660  
1  70 1399816181  
2  125 
3 
1  136 1545863963  
2  133 
2  69 
3 
1  24 1533393708  
1  78 1236724394  
1  15 1097513807  
1  155 820002678  
3 
2  91 
2  14 
1  36 2050111451  
3 
3 
3 
3 
3 
1  120 40338209  
1  11 1887647295  
2  19 
1  42 547506053  
1  52 1953907611  
2  113 
1  142 75936821  
2  31 
1  81 560624153  
2  50 
3 
3 
1  40 1278047954  
2  8 
3 
3 
3 
3 
3 
2  58 
1  66 594222391  
3 
2  147 
2  96 
3 
1  40 1497288198  
2  41 
1  5 1629135137  
2  5 
3 
1  11 872812835  
3 
3 
2  59 
3 
2  17 
1  23 1707380348  
1  48 775518013  
2  90 
1  39 1158715385  
2  2 
1  137 824301118  
3 
2  154 
1  10 1161324969  
1  19 494437765  
3 
3 
1  2 1959030385  
1  149 562517346  
1  3 1306333944  
1  96 362773368  
3 
1  67 1781546955  
3 
3 
2  158 
3 
3 
1  155 585278988  
1  63 1413451028  
2  29 
2  135 
1  112 1033879488  
3 
2  13 
3 
3 
3 
3 
1  112 2131142951  
2  41 
1  121 799361088  
3 
3 
1  13 123120234  
2  133 
1  143 1081173110  
3 
3 
1  159 1619363766  
3 
2  100 
1  58 25748037  
3 
1  115 1121511319  
2  103 
1  11 1359527413  
2  105 
2  47 
3 
2  82 
1  88 573254090  
1  66 927935282  
1  57 1435464235  
3 
1  61 1133878243  
2  35 
2  76 
3 
1  148 58499588  
3 
3 
1  41 2029686626  
3 
3 
2  65 
1  50 483682793  
2  88 
2  77 
1  35 1687634725  
2  159 
3 
2  2 
2  37 
1  132 755015814  
2  109 
3 
1  63 43579494  
3 
1  38 315669090  
2  30 
2  159 
2  58 
2  57 
2  113 
2  95 
1  99 1913731199  
2  127 
1  25 867880612  
3 
1  54 1476994060  
1  53 260685317  
1  20 679427349  
2  120 
1  46 2039511406  
1  57 1567019261  
2  31 
2  30 
3 
1  93 1042200717  
1  20 1673574713  
1  51 4814601  
1  29 308168097  
1  102 559970553  
3 
1  170 2135957552  
2  80 
1  2 1107529185  
1  27 683090787  
2  16 
2  115 
2  172 
2  17 
2  154 
1  61 1069647014  
2  46 
1  159 579409303  
2  146 
1  138 708838824  
1  68 43674685  
1  19 1938936717  
2  152 
2  6 
3 
3 
3 
1  8 1282092914  
3 
1  170 971609968  
2  170 
3 
2  105 
1  56 1226917304  
2  76 
3 
1  89 268487510  
2  78 
2  54 
3 
3 
2  33 
3 
3 
3 
2  92 
1  145 1030109556  
2  70 
2  43 
1  26 1109120282  
1  140 752170303  
1  116 570260634  
2  31 
2  90 
3 
1  68 1864136096  
1  124 795749797  
3 
2  20 
2  31 
2  129 
2  3 
1  27 885929724  
3 
2  124 
1  143 1630383648  
3 
2  100 
3 
3 
2  26 
1  116 1663630410  
1  158 215440136  
3 
3 
2  63 
1  19 1891068965  
2  101 
1  53 195574111  
1  11 107467894  
3 
2  106 
2  154 
1  14 1310604578  
3 
2  84 
3 
1  101 1237774829  
1  52 1781042607  
1  152 1315419179  
2  119 
1  43 1545942926  
1  78 193529512  
3 
1  6 1303893083  
2  44 
2  31 
2  104 
2  104 
2  102 
2  107 
1  7 505988464  
2  64 
2  91 
2  160 
2  67 
2  47 
1  27 876620299  
1  51 226056449  
1  7 1085397767  
3 
1  60 1585459123  
1  85 269731134  
3 
2  120 
3 
3 
1  171 876850836  
1  162 720068390  
2  53 
2  88 
3 
3 
3 
2  131 
3 
2  33 
3 
1  61 1241341102  
2  156 
2  27 
2  31 
2  22 
2  167 
2  89 
3 
1  54 2103768140  
3 
1  16 988555900  
3 
1  38 123967011  
2  110 
1  33 1065404775  
3 
3 
3 
2  80 
2  173 
1  5 1740726203  
2  40 
3 
1  41 694227645  
1  156 782057223  
3 
1  16 388992353  
2  109 
2  20 
1  115 1580157369  
3 
1  27 264957223  
2  75 
3 
2  65 
3 
1  82 2052622763  
1  92 1795597506  
2  84 
1  19 8542540  
2  131 
3 
2  71 
2  49 
1  49 100713226  
3 
2  105 
1  140 1903065400  
2  41 
3 
3 
2  67 
1  55 1319147118  
1  39 1338488055  
2  57 
1  5 1536624360  
3 
2  86 
2  10 
3 
3 
1  8 487082649  
3 
3 
3 
1  47 736947334  
2  109 
2  66 
2  45 
1  115 1730153872  
2  129 
3 
1  79 1790975732  
3 
3 
2  126 
3 
3 
3 
3 
3 
2  50 
1  125 1242935798  
1  42 459290524  
2  87 
1  117 2017032181  
3 
3 
1  72 180849917  
3 
3 
2  102 
2  161 
3 
3 
3 
2  76 
1  86 2044749647  
3 
3 
3 
2  55 
1  20 139279668  
2  58 
1  167 1057700754  
1  135 617334389  
3 
1  65 1380620770  
1  165 1013985246  
3 
1  155 1605890289  
1  4 1504587781  
1  114 2079390021  
3 
3 
1  54 1199132845  
2  69 
1  72 51331778  
2  21 
3 
3 
2  5 
1  160 713963597  
1  157 1588125198  
1  41 1631489148  
1  48 978920820  
3 
2  23 
1  23 1493264313  
3 
1  42 1279603006  
1  15 987463361  
2  55 
2  98 
2  57 
1  15 1593977539  
2  72 
2  3 
1  159 1035184758  
3 
3 
1  121 159126831  
1  12 784981947  
3 
3 
2  40 
3 
3 
1  55 424325470  
2  101 
2  22 
3 
1  66 646209481  
2  74 
2  154 
3 
1  43 1521929281  
2  84 
2  16 
2  56 
2  127 
2  11 
2  4 
1  65 6995695  
1  86 289701565  
2  12 
2  163 
2  60 
3 
1  126 617381431  
2  87 
2  19 
3 
2  83 
1  114 466286219  
2  141 
3 
2  118 
3 
3 
1  141 159250099  
3 
1  35 798231348  
2  62 
2  17 
3 
1  26 363552218  
3 
2  76 
2  140 
3 
2  156 
1  130 298529767  
2  170 
1  64 1855932102  
2  74 
1  20 980886608  
3 
3 
3 
3 
2  92 
3 
3 
1  47 1679150537  
2  169 
3 
3 
2  18 
1  118 722433701  
2  122 
1  149 439293249  
1  63 1036254671  
2  100 
2  124 
2  119 
1  68 654340074  
2  48 
3 
2  154 
3 
3 
3 
2  99 
2  112 
2  54 
3 
2  165 
1  46 1638426094  
2  147 
1  3 1087586449  
3 
3 
2  87 
1  166 1368303671  
3 
2  164 
3 
1  25 1079067644  
2  109 
1  64 571591949  
1  26 199740844  
3 
2  5 
3 
3 
1  2 424848309  
1  135 1851194955  
1  54 1187204205  
1  42 2018825849  
3 
1  179 738896066  
1  5 1346331036  
1  5 656324148  
3 
2  109 
3 
2  8 
1  66 1163221536  
1  41 1992540517  
3 
3 
3 
3 
1  82 30769781  
2  8 
2  81 
1  109 1170217231  
1  28 134758435  
3 
1  124 648151212  
3 
3 
2  30 
3 
3 
1  93 1636503450  
2  58 
1  89 294008534  
2  76 
3 
3 
2  87 
1  81 1446382560  
1  141 2000055669  
3 
3 
2  78 
1  136 592538301  
2  41 
2  68 
1  57 1154831015  
3 
3 
1  167 833458629  
2  177 
3 
2  54 
3 
2  63 
3 
1  146 124205190  
2  9 
2  92 
2  50 
3 
2  75 
3 
1  5 1877264716  
3 
2  132 
1  101 1272751878  
1  109 1160459861  
3 
3 
2  123 
3 
1  142 384121142  
2  169 
2  122 
1  72 763694325  
2  70 
3 
1  24 100562663  
2  73 
3 
3 
1  22 1752424814  
3 
2  30 
2  112 
1  97 1842761969  
3 
1  41 672154612  
3 
3 
3 
1  82 1952165658  
2  35 
2  128 
3 
2  59 
3 
3 
3 
1  12 120126631  
1  28 375865920  
2  106 
2  54 
1  149 991886215  
1  85 2138952480  
1  138 1114761986  
2  163 
2  125 
1  112 190733603  
2  126 
1  168 647792980  
3 
3 
2  158 
2  35 
2  157 
2  86 
2  24 
3 
1  24 130499874  
3 
2  94 
1  88 35790473  
1  87 678562761  
3 
1  64 1300717106  
3 
2  167 
2  153 
1  146 170548908  
1  48 1326713973  
2  10 
3 
3 
1  41 789736908  
1  157 464557442  
3 
1  44 625612885  
1  171 642308929  
3 
2  150 
1  152 1057095743  
2  153 
1  147 1780443900  
2  38 
1  50 1475767558  
3 
1  145 1181300933  
3 
3 
1  72 1510224968  
3 
2  115 
3 
2  50 
2  103 
2  80 
1  144 601035789  
1  167 194277147  
2  24 
3 
3 
3 
3 
2  9 
2  172 
3 
1  55 1894346111  
3 
2  62 
2  84 
2  115 
1  12 1364730114  
1  169 294839810  
2  15 
1  101 1499287277  
2  100 
3 
2  97 
1  21 1060008435  
1  35 966994422  
2  69 
2  156 
2  157 
1  37 1303969287  
1  161 1180135066  
1  62 1342860342  
2  72 
1  143 148371854  
1  67 1171603898  
2  73 
1  127 310138680  
2  126 
2  90 
2  140 
2  15 
2  118 
2  89 
2  173 
3 
2  147 
3 
1  77 339105457  
3 
1  48 1819396878  
3 
1  64 440638555  
1  67 374895930  
3 
3 
1  143 350475991  
2  77 
2  141 
1  127 1741355661  
2  88 
3 
1  137 545444838  
1  111 1677189964  
1  108 383608921  
3 
2  7 
1  91 1010002280  
2  119 
2  56 
2  175 
2  167 
2  141 
2  134 
1  22 155319202  
2  7 
2  117 
2  18 
2  24 
3 
3 
3 
1  93 1025917851  
1  68 2067098023  
1  13 1935763102  
3 
3 
2  101 
1  50 354201761  
2  51 
2  92 
1  170 1100915309  
3 
1  103 1298504423  
2  59 
1  11 955237550  
3 
2  118 
1  150 1295192456  
3 
1  167 1045366886  
3 
2  76 
2  168 
1  145 172484016  
3 
3 
1  135 1590032266  
3 
1  152 397170515  
2  167 
3 
1  78 1232492452  
3 
2  107 
1  114 409543040  
1  165 1701139802  
3 
3 
3 
2  146 
1  152 265143870  
3 
1  168 1752403383  
1  164 1849511656  
1  116 1436747769  
1  8 2062542063  
1  162 41133465  
3 
3 
1  24 1108660999  
2  156 
1  30 355696970  
3 
1  39 416029396  
3 
2  76 
3 
3 
1  4 1459136991  
2  69 
2  48 
2  110 
3 
1  17 2097052631  
2  101 
1  78 961474234  
3 
3 
3 
2  141 
2  111 
3 
3 
3 
2  46 
1  131 988843307  
1  24 333177905  
3 
1  176 1971476515  
2  72 
3 
3 
1  3 1144162509  
1  140 1359095756  
1  79 1891090890  
2  14 
3 
1  3 932441964  
2  140 
2  25 
3 
3 
3 
1  126 1713297517  
1  111 844522551  
2  33 
1  18 83462739  
2  0 
1  49 521051420  
2  60 
2  51 
2  33 
3 
3 
1  31 2139715007  
3 
2  10 
3 
2  90 
3 
1  155 1128829625  
3 
2  175 
3 
1  124 693535436  
1  85 1582263625  
1  167 1526000140  
3 
3 
1  158 1926027888  
3 
2  157 
3 
3 
2  110 
3 
3 
3 
3 
3 
3 
1  8 1991806666  
2  152 
1  79 1079656294  
2  10 
2  160 
1  79 43688111  
1  8 1596726401  
3 
3 
3 
3 
2  116 
2  43 
3 
3 
3 
2  137 
2  114 
3 
3 
2  77 
2  163 
1  45 781684302  
1  174 1480435880  
3 
2  41 
3 
2  134 
3 
1  171 1511784816  
1  90 822817767  
1  40 441613231  
3 
3 
1  122 1867481787  
2  27 
2  40 
3 
2  143 
2  122 
3 
1  77 1238847163  
3 
2  96 
2  146 
2  5 
3 
1  7 1900750222  
1  5 1817050770  
1  42 52837750  
1  148 742109882  
3 
2  154 
3 
2  54 
3 
1  51 2745027  
1  3 2024314265  
1  163 1886272391  
1  68 1361840783  
2  1 
3 
3 
3 
2  25 
1  23 1767921507  
3 
3 
1  15 671230707  
1  51 927654653  
3 
2  33 
3 
3 
3 
3 
2  71 
2  100 
2  24 
2  50 
3 
3 
3 
1  34 464960411  
1  4 754693446  
1  9 1448706073  
3 
1  6 457191770  
3 
1  91 1883523071  
3 
1  137 2142241509  
1  38 2039455396  
3 
2  18 
2  138 
1  75 1262039563  
2  32 
3 
2  25 
2  37 
3 
1  19 1920785750  
3 
1  28 1883778414  
2  128 
3 
3 
2  95 
2  78 
3 
3 
3 
3 
1  27 194212209  
2  137 
3 
2  53 
1  78 1964473861  
2  60 
3 
2  155 
3 
1  64 1333021167  
2  58 
2  85 
1  74 975896511  
2  103 
1  165 1297426093  
1  123 697322335  
2  136 
2  166 
2  47 
3 
3 
2  51 
1  70 1798714279  
3 
3 
2  47 
1  133 1739039324  
3 
3 
3 
1  13 417320474  
1  49 890077794  
3 
1  38 1492305899  
2  60 
2  80 
1  97 86887597  
1  91 942915544  
1  126 86932133  
1  59 89632624  
2  126 
2  97 
2  56 
3 
2  177 
1  58 819746161  
1  9 1973204524  
1  72 1451473408  
1  114 440184021  
2  104 
1  120 496951584  
1  29 231644413  
1  163 905144432  
3 
1  146 1251645030  
3 
3 
1  125 1680350486  
3 
1  48 1362336202  
3 
3 
1  157 987684454  
3 
3 
3 
3 
3 
2  60 
3 
3 
2  81 
2  137 
1  178 1675108347  
3 
3 
1  115 1254307950  
2  177 
1  82 102240369  
3 
3 
1  33 1448410449  
3 
3 
1  106 990602716  
2  47 
2  148 
3 
1  128 296452579  
3 
1  174 1265400662  
2  101 
1  84 176140235  
1  108 1272349090  
2  15 
3 
2  130 
3 
3 
1  115 415343107  
3 
1  79 873462571  
1  126 923579721  
1  107 6898784  
2  85 
1  158 1290783045  
1  110 1813657516  
3 
3 
2  16 
1  170 1499204683  
1  37 1377670642  
3 
3 
2  37 
1  80 609089412  
2  107 
1  98 1586136816  
3 
2  185 
2  28 
1  45 1467303267  
3 
1  121 1428835574  
1  52 1411857692  
3 
1  142 771293027  
2  112 
3 
2  171 
3 
2  58 
3 
3 
3 
3 
3 
1  169 1869019595  
1  168 1908809276  
3 
2  142 
2  147 
2  122 
1  152 1002937440  
3 
3 
1  158 626680379  
2  158 
2  154 
2  151 
1  157 1012970659  
3 
2  56 
3 
1  52 535804278  
3 
3 
1  175 1989016581  
2  140 
2  133 
2  99 
2  78 
2  17 
3 
1  163 2000655113  
3 
1  114 63428977  
2  148 
2  57 
3 
2  144 
3 
2  134 
3 
2  144 
3 
1  182 1095840884  
2  81 
3 
2  75 
2  136 
2  112 
3 
3 
2  70 
2  91 
1  120 2102895482  
1  40 1511839427  
1  61 2086443600  
2  95 
1  171 251864413  
3 
3 
1  42 629756441  
3 
2  151 
2  73 
2  173 
1  59 115100188  
2  119 
1  76 1524213504  
2  31 
3 
2  60 
3 
2  75 
3 
1  86 1045099549  
1  154 988562759  
3 
2  76 
3 
1  78 300309577  
2  24 
2  32 
1  82 1051998333  
2  151 
3 
1  146 131862156  
1  80 2113967093  
2  118 
1  86 403719368  
2  160 
3 
2  116 
3 
1  27 1509532799  
2  33 
3 
2  178 
1  154 575572858  
2  124 
2  77 
3 
2  141 
2  174 
2  169 
1  64 1989856184  
3 
1  130 829352418  
2  70 
1  24 2004408432  
1  102 1254230228  
3 
1  158 1600645445  
2  12 
2  19 
2  78 
1  124 1725944379  
1  131 1015555857  
3 
1  79 456099237  
1  83 205141110  
2  66 
1  7 2028526516  
2  56 
3 
3 
2  38 
2  23 
2  172 
1  58 991903515  
2  151 
1  80 46674043  
1  68 1881697981  
3 
2  66 
2  66 
3 
1  16 1055332492  
2  133 
1  61 1142514927  
2  19 
3 
2  70 
3 
3 
3 
2  154 
1  41 1837109815  
2  112 
3 
2  113 
1  162 419688271  
1  129 1081474880  
2  61 
2  24 
1  110 2088974229  
1  61 1049444713  
1  13 1196575068  
2  28 
2  149 
3 
3 
3 
1  170 1465704085  
2  161 
2  38 
3 
1  17 2094544262  
3 
1  105 37654179  
1  21 1766013662  
3 
1  15 999058947  
3 
2  49 
3 
2  109 
3 
3 
3 
3 
2  121 
2  62 
2  86 
1  130 169516335  
1  93 1732497108  
3 
2  21 
2  98 
2  13 
1  38 1402778315  
3 
2  43 
3 
2  89 
3 
2  117 
3 
1  109 1679049134  
1  34 160586318  
1  70 1245150851  
1  138 360917904  
3 
3 
2  154 
2  75 
1  66 17511102  
1  128 351897431  
3 
3 
3 
1  25 1961563349  
2  142 
2  7 
1  124 1743455481  
3 
3 
2  52 
2  80 
2  27 
3 
3 
1  120 1367453288  
1  33 270178938  
3 
1  30 1948596591  
2  14 
3 
2  5 
2  43 
1  114 1248496156  
1  104 1262082453  
1  11 1995270634  
1  52 982710489  
1  10 169931298  
3 
2  61 
3 
2  94 
2  122 
2  28 
3 
3 
1  58 990301914  
3 
2  81 
2  47 
2  51 
1  105 672336657  
3 
1  0 589619569  
2  164 
1  115 2071776794  
3 
3 
1  59 613827238  
1  132 1639064282  
2  0 
1  25 1120868214  
2  170 
3 
1  100 2079531323  
2  70 
3 
2  166 
3 
2  130 
2  68 
2  27 
2  37 
1  149 1586124896  
2  26 
2  62 
3 
2  3 
3 
1  163 1158522393  
3 
1  78 1698061337  
3 
3 
1  110 437700195  
2  29 
1  105 1328038728  
2  117 
1  47 1283074797  
1  36 1840478510  
2  62 
2  42 
2  58 
1  53 859604215  
1  105 1443661115  
2  77 
3 
2  35 
1  1 938145713  
2  58 
3 
3 
3 
2  59 
2  5 
2  0 
3 
3 
1  87 1220522119  
3 
1  111 1461172217  
2  118 
2  32 
3 
3 
1  125 1290043145  
1  97 1034601821  
2  64 
3 
2  38 
3 
1  40 1057144050  
1  156 510012785  
3 
2  147 
1  74 1304780759  
2  50 
2  115 
1  32 858256993  
1  8 1758508942  
1  63 419379565  
1  59 706043980  
3 
1  120 593735783  
2  99 
2  153 
1  121 589310863  
1  110 1696345894  
1  45 1266072440  
2  89 
1  87 1178930432  
1  148 1620639040  
2  126 
3 
2  94 
1  149 1879899678  
2  16 
3 
1  93 670511067  
3 
3 
3 
1  129 594023606  
3 
1  23 1811947353  
3 
3 
1  118 109152315  
1  53 1752545999  
1  38 1362525043  
2  16 
2  47 
2  163 
1  36 546852511  
1  68 933101079  
3 
3 
2  16 
2  146 
3 
1  67 498116192  
3 
3 
3 
1  86 239847373  
3 
3 
2  94 
2  50 
3 
1  74 1792705294  
3 
3 
2  12 
1  69 1941777308  
2  5 
2  4 
3 
3 
1  64 1177993087  
2  10 
3 
2  153 
2  24 
2  137 
2  1 
3 
3 
1  53 865743766  
1  23 1255465877  
2  128 
2  4 
3 
1  56 320552584  
2  57 
2  33 
1  26 1900345587  
3 
1  24 165126280  
3 
1  58 830565369  
2  37 
1  47 1057642698  
1  10 1023383273  
1  91 441590663  
2  12 
3 
3 
3 
2  118 
1  53 1477022263  
3 
3 
2  74 
1  43 1729427253  
2  81 
2  46 
1  20 1035326447  
2  145 
2  22 
1  135 2066333126  
2  61 
3 
3 
1  22 1278289499  
1  19 153915239  
1  45 1097779911  
1  43 751444891  
3 
1  19 2033814918  
1  145 1768290978  
2  30 
2  132 
1  54 1345468497  
1  142 1698278623  
2  74 
2  24 
3 
1  62 1877443293  
2  95 
1  19 950530848  
3 
2  50 
1  120 913320018  
2  96 
3 
1  26 276812156  
2  109 
2  166 
2  37 
3 
2  33 
1  52 1883631928  
3 
2  112 
3 
2  135 
3 
2  48 
2  56 
3 
2  155 
1  48 1411436211  
3 
3 
2  22 
3 
2  45 
1  19 516659530  
1  39 1528853574  
2  15 
1  23 1205729871  
1  81 1694652617  
2  115 
2  112 
1  102 247113692  
1  25 313712100  
2  162 
2  11 
1  49 2015205201  
1  26 2147459279  
1  95 478838380  
2  122 
1  93 698286922  
1  148 1057618330  
1  152 1502221654  
2  83 
3 
3 
2  75 
1  20 1139877586  
2  7 
2  36 
1  43 387156945  
1  51 1084165259  
1  4 27720385  
1  90 306006424  
1  118 214971111  
2  40 
2  162 
3 
3 
3 
1  11 181635624  
2  167 
3 
2  67 
2  94 
1  144 1403786335  
2  57 
1  19 966416002  
1  79 67966894  
3 
3 
1  141 1024593665  
1  28 164400852  
1  127 1766245518  
3 
1  67 754553310  
2  29 
1  0 1114931700  
2  28 
3 
2  116 
3 
1  132 532081888  
3 
3 
1  82 1031365467  
3 
2  73 
2  51 
2  163 
2  160 
2  128 
3 
1  85 851079980  
2  35 
1  9 1943518099  
2  33 
3 
2  158 
1  62 1548024997  
1  24 232449907  
3 
3 
2  28 
3 
1  43 1001764322  
2  9 
3 
1  57 1095193966  
1  40 479563599  
2  4 
1  47 1315476423  
3 
3 
1  106 962915519  
2  36 
2  80 
1  96 479539231  
1  144 1794314803  
3 
1  132 1661202441  
2  135 
2  61 
2  60 
2  49 
1  20 1537157561  
3 
1  129 1149052809  
1  69 653596379  
1  69 1924314506  
3 
2  102 
3 
2  128 
2  162 
1  4 85734421  
3 
2  7 
1  108 681316764  
2  3 
2  137 
1  129 82837282  
2  46 
1  41 300705532  
1  15 862952389  
3 
2  83 
2  78 
3 
2  147 
3 
2  153 
1  140 1486623617  
3 
1  11 1267121534  
3 
2  68 
3 
3 
1  88 930919283  
2  92 
2  116 
1  1 363733634  
2  22 
1  89 1431522386  
2  29 
2  109 
2  142 
2  120 
1  111 549681153  
3 
1  88 1118286945  
3 
2  133 
1  17 398970439  
2  145 
2  65 
1  80 1081763042  
1  3 2168764  
3 
1  27 1250050419  
1  67 877797493  
3 
1  151 1550193761  
3 
3 
2  78 
2  51 
2  100 
2  156 
2  84 
2  62 
2  73 
3 
3 
1  66 1482500326  
1  27 1879561816  
2  74 
3 
2  55 
1  137 497904079  
1  89 1962063926  
1  28 1047554591  
3 
3 
2  17 
3 
3 
2  29 
1  128 1460819598  
1  34 294119509  
2  33 
3 
1  6 694385746  
1  166 974538391  
1  73 1831277070  
1  138 1843438556  
1  116 1628134771  
2  144 
1  5 1608107928  
1  151 1929172977  
1  37 161967887  
1  46 1690945211  
1  120 82394861  
1  112 1024920276  
1  8 1030085180  
3 
3 
1  109 1349516395  
3 
2  1 
3 
2  61 
1  59 1955839560  
1  37 1393818815  
1  57 633555134  
2  78 
3 
2  106 
2  85 
1  96 358037065  
2  79 
3 
3 
3 
2  44 
3 
1  29 364622112  
2  66 
2  110 
1  33 1032525573  
3 
2  106 
3 
2  44 
2  164 
2  99 
1  140 1439800107  
2  82 
3 
1  80 366790876  
2  68 
1  89 135092344  
2  129 
3 
1  108 170113953  
1  27 1916984637  
1  49 1617592671  
1  14 2049675769  
3 
2  159 
1  48 267405068  
2  21 
3 
1  128 1432172949  
2  5 
1  56 949746712  
2  108 
2  132 
1  158 1728224666  
3 
3 
3 
2  43 
2  10 
1  167 1726292458  
2  106 
1  139 1644132458  
3 
1  51 555279409  
1  155 1410085880  
3 
2  111 
2  38 
3 
2  97 
1  29 1340087366  
2  63 
2  136 
2  66 
3 
1  153 35930532  
2  91 
1  63 870710160  
1  153 1121776695  
3 
2  49 
2  148 
1  135 197898420  
1  32 414171723  
3 
3 
3 
1  61 1204171556  
1  13 1222818696  
3 
1  67 1444256904  
3 
2  125 
1  134 406204304  
1  133 1031174608  
1  72 690592071  
1  145 1039759438  
2  65 
2  21 
2  16 
3 
2  44 
2  149 
3 
1  47 1389211674  
1  20 1055214183  
1  87 2072285011  
2  116 
1  57 681528133  
1  61 1422005059  
1  73 59893707  
2  68 
3 
3 
1  158 851642086  
2  16 
3 
2  128 
3 
3 
3 
3 
1  165 1191506048  
2  67 
2  30 
1  17 1677486378  
1  91 753834207  
3 
2  41 
2  61 
3 
2  12 
1  13 1458911116  
3 
1  82 962175679  
3 
2  46 
2  65 
2  120 
1  85 1703580919  
2  47 
1  101 1039652134  
2  100 
3 
3 
3 
1  45 540984489  
2  22 
3 
1  95 1200229730  
2  23 
2  148 
3 
3 
1  129 1594931543  
3 
3 
2  111 
2  130 
2  127 
3 
1  87 1951070369  
2  59 
3 
2  105 
2  65 
3 
3 
1  61 392833448  
1  19 1630862076  
1  53 674296882  
2  71 
1  40 1514610144  
3 
2  147 
2  109 
2  52 
1  45 1828760496  
1  133 1088468605  
1  147 571298052  
3 
1  144 904095544  
2  72 
2  152 
2  5 
2  28 
3 
3 
3 
3 
1  152 385241861  
3 
3 
1  91 977502356  
2  11 
2  52 
3 
1  157 1935270153  
2  34 
3 
2  136 
1  107 1075833932  
2  13 
1  2 2017261794  
2  143 
3 
3 
1  130 1176998179  
1  62 2131048115  
1  13 1942063157  
1  19 1858526312  
2  27 
2  20 
2  144 
3 
2  45 
1  156 1405569526  
1  85 2001956865  
3 
1  121 562684751  
3 
3 
3 
2  19 
2  38 
2  33 
2  1 
3 
3 
2  153 
2  40 
1  81 449591926  
2  29 
2  112 
2  93 
1  58 1531959595  
1  43 1316518958  
2  23 
3 
2  61 
1  9 1908503042  
3 
2  125 
1  137 346651627  
2  81 
1  31 872616230  
1  23 800671528  
1  52 887636116  
1  46 2072845960  
3 
1  18 248119424  
3 
1  149 691222838  
3 
1  34 318195760  
3 
2  43 
3 
1  20 1878981500  
2  15 
1  155 1365519720  
3 
2  159 
3 
3 
1  21 1832805904  
1  150 1560258348  
2  34 
2  15 
3 
3 
3 
1  93 306504677  
3 
1  89 256620309  
1  49 316870244  
3 
1  160 691746539  
3 
3 
2  34 
3 
3 
1  91 1234122665  
3 
2  52 
1  43 104656749  
3 
2  94 
1  34 1767580471  
1  46 1103900812  
1  87 1281654928  
3 
3 
3 
2  28 
3 
2  113 
1  47 1751144939  
2  99 
1  42 898480321  
3 
2  142 
2  19 
1  18 992697593  
2  89 
2  9 
1  140 1009230817  
1  103 752953538  
1  38 1555382344  
1  102 1458822744  
2  110 
2  30 
1  52 137429486  
3 
2  68 
2  100 
2  112 
1  155 724417654  
2  3 
2  41 
2  117 
2  34 
3 
2  9 
3 
2  74 
1  85 1219842138  
3 
1  32 484081113  
3 
1  26 1597033884  
2  138 
2  21 
3 
3 
1  133 2020513667  
1  51 1371717229  
3 
2  61 
1  62 1522396196  
2  94 
2  111 
1  36 121149443  
3 
3 
3 
2  143 
3 
1  7 2062940067  
2  137 
1  97 1840591957  
2  50 
2  39 
2  44 
2  64 
1  153 2000130943  
1  15 1280976139  
2  108 
1  35 1525914213  
3 
2  83 
3 
3 
2  39 
2  115 
3 
3 
1  31 1412905643  
3 
2  31 
3 
1  135 1587480817  
1  51 1782534522  
1  121 1729775887  
3 
1  114 131743708  
1  35 869173540  
2  45 
3 
2  69 
3 
2  41 
3 
1  98 1834432637  
1  119 1899324179  
2  105 
1  28 1973074352  
3 
3 
1  38 968603917  
1  107 1502985470  
2  86 
3 
2  53 
3 
1  97 724071025  
3 
2  106 
1  28 1961301510  
1  64 364732640  
2  66 
2  48 
1  55 1477024564  
1  167 1369200206  
1  107 1823555384  
2  35 
2  106 
2  113 
1  139 1614454050  
3 
3 
3 
3 
1  125 2093617861  
3 
2  145 
2  129 
3 
1  0 895913874  
1  83 2098535163  
3 
3 
1  6 1543168097  
1  17 768943893  
3 
3 
1  139 1322768744  
1  84 918080646  
1  105 890093336  
3 
2  149 
2  108 
2  95 
3 
2  43 
3 
1  86 1238225164  
3 
3 
3 
3 
1  33 611188955  
3 
2  119 
2  36 
2  139 
3 
1  123 742740631  
1  39 371717655  
1  18 2137103168  
1  136 8162626  
2  118 
3 
3 
1  35 1959198472  
2  59 
3 
3 
3 
1  99 1772154043  
2  126 
3 
3 
3 
3 
3 
1  126 1737938514  
1  73 2090942180  
3 
3 
3 
2  117 
3 
2  29 
1  116 493843935  
1  59 1424887503  
1  66 1842782712  
1  36 319434639  
1  80 246007772  
3 
1  43 1198284534  
3 
3 
2  146 
2  117 
1  66 1043505664  
1  140 59825635  
1  95 1563017174  
1  28 373046580  
2  57 
2  116 
2  93 
1  163 1429025841  
1  154 1239088910  
2  32 
2  35 
3 
1  92 1987500630  
1  43 1375160054  
2  73 
2  161 
2  75 
2  89 
3 
1  100 2135002785  
2  5 
3 
2  47 
2  141 
1  105 1938552145  
3 
2  155 
1  147 770844504  
2  93 
3 
1  145 756463030  
1  87 1113837242  
2  4 
2  83 
2  147 
3 
1  22 1688925150  
3 
3 
1  3 1646556367  
3 
2  26 
3 
2  160 
2  169 
2  70 
2  110 
2  16 
3 
1  156 204578758  
1  70 152630457  
3 
3 
3 
1  54 241813350  
1  77 576296413  
3 
2  50 
3 
2  18 
1  101 142249977  
2  90 
2  65 
1  84 249975977  
3 
1  1 388011238  
2  33 
3 
2  66 
3 
3 
1  14 1914404020  
3 
1  27 1987914491  
2  8 
3 
2  34 
3 
1  142 331469770  
2  114 
3 
1  59 260764307  
2  46 
1  132 1265318346  
1  65 26768834  
3 
1  132 580198946  
1  16 1511326118  
1  17 1225053369  
1  89 1623704611  
1  116 1571151753  
1  34 640586895  
1  17 1996751191  
3 
3 
2  144 
1  70 852693947  
1  112 1879675806  
2  137 
1  62 1836768174  
1  101 80370353  
1  145 1867194943  
3 
2  167 
2  8 
1  2 1627836671  
2  130 
1  99 851214857  
3 
3 
2  171 
1  27 476174325  
1  63 594190265  
2  18 
3 
1  102 392656359  
2  108 
1  37 2122730692  
2  170 
3 
3 
1  156 798769023  
3 
3 
3 
1  117 545286816  
3 
1  13 217060395  
3 
1  41 1375065437  
2  4 
1  18 687536794  
1  54 467036372  
1  177 1763076675  
1  99 454457166  
1  169 307467215  
1  90 2094546445  
1  11 715221474  
1  47 1572785561  
3 
2  21 
2  167 
1  10 2121315280  
2  136 
2  164 
1  30 1295420420  
2  99 
1  59 936628031  
3 
3 
2  94 
3 
1  139 1198885001  
1  179 771641383  
1  19 360296137  
2  69 
2  131 
2  20 
1  17 1839471896  
1  32 620908927  
1  45 1212990084  
1  150 1571664054  
3 
1  48 310193453  
1  45 1293360437  
3 
3 
3 
2  144 
3 
1  59 1291375349  
3 
3 
1  92 1938030124  
3 
3 
1  56 2144575295  
2  14 
3 
1  49 1767549675  
2  113 
1  57 384736742  
1  79 389748006  
3 
1  3 1742796719  
1  76 1183505765  
1  133 935034823  
3 
2  177 
1  57 1959857114  
2  107 
3 
1  192 411087554  
3 
1  129 1622571617  
3 
1  60 279409838  
2  137 
3 
2  129 
3 
2  17 
2  8 
3 
3 
2  64 
1  34 26680581  
1  38 2077028783  
1  47 586877053  
1  65 2121227027  
2  142 
3 
3 
1  139 644766609  
2  180 
2  113 
2  17 
1  98 12178966  
2  43 
3 
1  150 2095058659  
3 
1  76 1940187030  
3 
3 
1  28 948806998  
2  31 
1  161 1146460012  
2  183 
2  65 
1  183 564344765  
2  58 
1  171 1309103135  
3 
2  28 
3 
1  80 838448260  
3 
1  13 1185253692  
1  41 374609571  
3 
2  68 
1  158 262628667  
1  49 1495447145  
1  65 1667970008  
1  94 1554004016  
1  40 1285993622  
1  8 1665061655  
2  132 
2  165 
2  141 
1  122 1174070043  
3 
3 
1  91 1670730364  
3 
3 
2  99 
2  159 
3 
1  105 2054809662  
2  114 
1  20 769383115  
2  171 
1  129 706752481  
2  80 
1  34 842360837  
3 
2  176 
1  113 581756581  
2  154 
1  108 1117840036  
1  85 317448806  
3 
3 
2  118 
2  121 
3 
3 
1  138 861166420  
1  105 1144520617  
3 
1  196 246993941  
1  71 1448043473  
2  104 
1  79 1118263996  
3 
1  2 891760551  
3 
2  168 
3 
2  73 
3 
3 
3 
2  160 
3 
2  63 
3 
3 
3 
3 
2  41 
2  121 
2  76 
2  87 
1  53 1460222440  
3 
3 
1  159 1065839007  
1  189 684463933  
1  134 261545790  
2  131 
1  11 64815371  
3 
1  66 1248808698  
1  162 1570648925  
2  112 
3 
1  17 903263632  
1  63 286578743  
1  185 1945258496  
2  29 
1  90 1165892299  
1  27 1782025888  
2  11 
1  79 1465744856  
3 
3 
3 
1  54 572412667  
2  173 
2  75 
1  115 920535862  
1  151 983322864  
2  26 
3 
2  98 
2  146 
2  4 
2  113 
2  141 
2  104 
3 
3 
3 
2  69 
3 
3 
1  116 1746482711  
3 
3 
3 
3 
2  68 
1  134 443782578  
3 
2  13 
1  141 890648878  
2  10 
1  54 368382178  
1  166 1150535060  
2  155 
2  164 
3 
1  197 1733009715  
3 
1  110 950138759  
2  61 
2  20 
2  41 
2  189 
3 
2  58 
1  110 120891448  
2  179 
1  55 2050458521  
3 
1  189 1811305179  
1  72 1265412065  
1  197 149968814  
1  33 1111865005  
2  8 
3 
3 
2  44 
2  170 
1  112 236192414  
1  26 1041729365  
1  131 424603797  
2  27 
1  121 1302031421  
3 
2  4 
3 
2  176 
2  73 
1  69 1726193298  
1  176 686149587  
1  102 1366846793  
3 
2  192 
1  125 827518349  
2  61 
3 
1  67 109314864  
2  108 
3 
2  62 
3 
2  118 
3 
1  71 122626777  
2  41 
3 
1  90 1114097092  
2  164 
2  150 
3 
2  194 
1  112 2054573360  
2  51 
3 
1  84 1288519076  
1  135 748639332  
2  58 
1  130 1372834568  
1  118 1860931743  
1  134 1669175195  
3 
1  32 208673784  
1  91 1459930806  
1  85 2112957773  
2  176 
2  137 
1  58 1099322662  
1  176 1828312984  
1  102 1116009185  
1  115 684848729  
2  154 
3 
2  181 
1  167 630968096  
3 
1  21 1236900633  
1  117 587823602  
3 
3 
3 
2  51 
3 
2  94 
3 
2  195 
2  156 
1  52 294789627  
2  187 
1  82 354829051  
2  97 
2  12 
2  97 
1  101 737792417  
1  81 1406654632  
3 
2  82 
1  154 591021465  
1  107 1779521782  
1  9 1831258429  
2  135 
2  166 
2  38 
1  8 1893052886  
1  168 1358231433  
1  68 369924368  
3 
2  184 
3 
1  10 1112416031  
3 
1  5 38266134  
2  38 
1  47 479239232  
1  155 1235042808  
3 
1  184 1152363226  
1  26 386328944  
3 
2  143 
1  130 376078236  
3 
1  98 1901002558  
2  51 
3 
3 
3 
3 
3 
3 
1  188 1759163513  
2  41 
2  104 
2  180 
3 
1  125 89526332  
3 
3 
3 
1  134 1422694105  
3 
1  133 1967837297  
3 
1  65 1549457138  
3 
1  136 1388168231  
3 
1  79 919676312  
2  18 
1  140 1230286475  
2  198 
3 
2  25 
3 
2  152 
2  154 
3 
1  178 356693768  
3 
1  16 1604525041  
1  88 1861254571  
2  82 
1  25 1593594402  
1  200 44864996  
2  141 
1  147 8560550  
2  154 
1  97 1948423453  
2  116 
1  85 782657413  
1  190 1415215183  
1  145 391961270  
2  95 
3 
2  151 
3 
3 
3 
1  178 414695547  
3 
2  10 
3 
2  79 
1  90 1098989964  
1  25 137530508  
1  173 1772926980  
1  20 1468914333  
1  77 1249946540  
2  164 
1  60 1811193114  
1  84 1948153565  
3 
1  181 337505700  
2  165 
2  63 
3 
3 
2  13 
2  41 
1  18 816072692  
1  40 186998862  
1  0 713583937  
3 
3 
2  74 
1  61 569591603  
3 
2  166 
2  182 
3 
2  192 
3 
1  115 1946162375  
3 
3 
3 
1  23 803110269  
1  123 1992285708  
3 
3 
2  79 
1  38 1766516024  
1  84 205083759  
3 
1  183 1232970291  
2  59 
3 
2  114 
2  6 
3 
3 
2  180 
1  99 538708688  
3 
1  179 1435370234  
2  127 
2  25 
1  162 1589664060  
1  122 2143233730  
2  208 
1  111 1149141157  
1  32 1035774814  
2  58 
2  79 
3 
2  58 
2  82 
1  30 40615078  
2  20 
2  155 
1  156 1157701708  
1  60 836714619  
3 
1  149 823272491  
3 
1  55 425433243  
1  29 1228675889  
2  10 
3 
2  86 
3 
1  177 1237968038  
1  114 1524423207  
2  111 
3 
3 
3 
2  172 
1  143 1366206397  
2  41 
3 
1  174 863411371  
2  88 
2  38 
3 
2  60 
1  115 845853892  
3 
3 
2  179 
2  40 
1  133 468669289  
1  36 527120837  
1  87 646523810  
1  65 806174990  
1  109 1343193530  
3 
3 
2  133 
2  186 
1  46 833522672  
3 
2  92 
1  103 1519758927  
2  154 
1  22 1912785133  
1  107 632201399  
2  3 
3 
2  193 
3 
1  69 175385548  
1  18 1757587193  
3 
1  78 251233775  
1  170 380469307  
2  41 
2  101 
2  50 
3 
1  93 843073837  
1  54 789942464  
3 
2  88 
1  97 1815839542  
2  129 
2  111 
3 
2  128 
1  164 285254249  
3 
1  198 785692546  
1  5 817497051  
3 
3 
1  169 1321029063  
3 
3 
2  123 
2  151 
3 
3 
2  140 
1  77 826307624  
3 
3 
3 
2  190 
2  144 
3 
3 
2  209 
3 
2  113 
2  170 
2  123 
1  157 1975198759  
1  166 10260034  
1  98 1649580115  
3 
1  125 253148354  
1  90 1238935923  
2  200 
2  158 
2  114 
1  163 740064505  
1  157 1777571562  
2  30 
3 
2  1 
1  88 457658672  
1  17 1603475876  
2  80 
2  101 
2  57 
2  175 
3 
2  172 
3 
3 
3 
2  164 
2  196 
3 
2  85 
1  184 475941806  
2  206 
3 
2  134 
1  140 926327962  
2  45 
3 
1  133 2130596714  
3 
2  162 
3 
2  3 
1  59 1122465616  
3 
3 
2  140 
3 
1  124 1732502952  
1  204 1326306596  
3 
3 
2  130 
2  119 
1  87 1955988288  
3 
2  130 
2  144 
2  142 
1  178 1104778231  
3 
3 
2  39 
1  51 1091608081  
2  11 
3 
1  142 440706039  
3 
2  186 
2  15 
1  143 1280163779  
1  45 701711626  
3 
1  199 691939815  
2  147 
1  128 1660633086  
1  157 1544785463  
3 
3 
3 
2  77 
3 
3 
2  121 
3 
2  196 
3 
3 
1  143 1481882279  
2  128 
3 
1  76 1328988980  
3 
2  181 
3 
3 
1  74 1830039712  
3 
3 
3 
3 
1  115 120091177  
3 
2  205 
2  59 
2  27 
3 
1  139 2146486032  
2  8 
2  55 
2  29 
2  163 
1  157 1003585127  
1  154 946398801  
1  7 1974201143  
3 
2  79 
1  119 1013845161  
3 
3 
2  127 
2  77 
3 
2  118 
2  36 
1  132 448495268  
2  41 
3 
3 
3 
1  6 79865850  
1  10 105297436  
2  117 
2  30 
1  101 1188559773  
3 
3 
1  125 1857437412  
2  37 
1  93 562956109  
3 
3 
1  135 644552002  
3 
1  117 185895570  
2  107 
3 
2  11 
1  52 1489284071  
2  87 
3 
3 
2  125 
2  195 
1  33 627665068  
1  164 1308361187  
3 
2  154 
1  20 1074303375  
2  20 
1  166 1953971664  
3 
2  188 
1  127 1116865827  
2  2 
2  53 
1  73 31597958  
3 
3 
1  151 898096097  
1  175 1557571867  
1  185 1311761737  
2  167 
3 
2  55 
2  156 
2  133 
3 
2  130 
2  7 
2  143 
2  36 
3 
3 
1  123 1599807723  
2  61 
1  67 102028034  
3 
3 
3 
2  54 
3 
2  98 
2  98 
3 
2  22 
1  141 824911175  
3 
3 
1  134 997109539  
3 
2  75 
2  110 
3 
1  182 1583910313  
1  20 6416508  
3 
1  55 679665603  
1  183 1704001490  
1  44 5418892  
1  1 1683250731  
1  86 502916643  
2  59 
1  3 1979620035  
3 
3 
1  109 549612244  
1  95 951411911  
1  34 2059485885  
2  14 
2  135 
3 
1  74 654909681  
2  183 
3 
3 
2  87 
3 
3 
3 
3 
1  91 2139971684  
2  137 
3 
3 
1  56 1769439649  
2  138 
3 
1  160 1217865790  
2  130 
2  89 
1  164 637040038  
2  31 
2  157 
2  34 
3 
1  178 1955335220  
1  191 559666213  
3 
3 
3 
2  86 
1  113 1264705106  
1  47 1116212759  
1  82 1633969588  
1  18 1071193122  
1  50 85594938  
1  44 1665567546  
3 
1  187 1969289219  
2  82 
1  138 1643166805  
1  130 829845635  
3 
3 
3 
1  89 1421613295  
1  109 1745194839  
1  85 1654756810  
2  137 
3 
2  57 
2  141 
3 
1  104 271239186  
3 
2  189 
3 
1  108 1181621504  
1  160 1661173318  
3 
3 
1  57 950904789  
1  106 738139346  
2  135 
1  174 1666592210  
3 
2  5 
2  50 
1  3 486671872  
2  103 
1  202 1241055989  
2  2 
3 
2  149 
1  201 1498728598  
