2  50 
2  0 
2  0 
2  94 
2  86 
1  0 152861407  
2  0 
2  0 
2  0 
3 
1  76 1330402581  
3 
2  0 
1  13 1322259882  
3 
2  0 
2  1 
3 
3 
1  0 720358296  
3 
2  0 
1  49 959345912  
2  0 
1  0 1756861750  
2  44 
3 
1  0 1502230896  
2  1 
2  99 
3 
2  73 
1  0 1060813688  
3 
1  0 1012885803  
1  99 1619416479  
2  0 
2  1 
2  0 
1  0 846716462  
1  73 1527089788  
2  71 
3 
2  82 
3 
2  0 
1  0 455969775  
1  0 172448864  
2  1 
2  0 
3 
3 
3 
3 
3 
3 
1  79 1840096403  
2  33 
1  0 914582449  
1  0 517552085  
1  0 1372661331  
1  46 1289024201  
3 
2  1 
2  1 
1  0 802996  
3 
2  30 
1  1 791087024  
1  83 1131449059  
1  0 661482446  
3 
3 
1  75 1045839146  
2  3 
3 
2  8 
3 
3 
2  79 
3 
3 
2  0 
3 
1  35 744019980  
2  0 
2  0 
1  72 1787928155  
2  98 
3 
1  0 376168534  
2  55 
1  100 2124187678  
3 
2  0 
3 
1  0 93247819  
3 
2  0 
2  0 
3 
3 
1  4 1564889974  
2  98 
2  29 
3 
1  36 1949680644  
1  76 246109226  
1  48 747808907  
1  70 1124456878  
1  60 966467522  
3 
1  28 1707154820  
2  96 
2  0 
2  10 
1  89 733834981  
2  0 
1  0 321214770  
2  0 
3 
1  0 620484860  
1  61 1746720784  
2  0 
1  61 1940631249  
2  0 
2  0 
1  0 1467201322  
3 
2  93 
3 
1  21 1126326925  
1  1 249117376  
2  1 
1  0 1639650187  
1  1 818939680  
1  2 1163699825  
1  2 9718624  
1  90 44117363  
2  49 
2  57 
1  30 305240379  
3 
2  4 
1  3 10521621  
2  78 
1  3 835204387  
2  4 
1  47 1436689438  
2  45 
1  88 672004067  
2  0 
2  0 
1  48 1881043534  
1  29 33225771  
1  0 312448574  
3 
2  2 
3 
2  12 
1  2 109728420  
3 
3 
3 
2  1 
3 
2  2 
2  24 
3 
2  1 
3 
1  0 9929801  
1  0 405696393  
1  3 1674618394  
1  76 1959610445  
1  0 651805619  
2  1 
1  95 274943654  
1  20 936583675  
2  52 
1  3 1618273141  
2  1 
1  62 1982098474  
2  2 
3 
1  37 1670418656  
3 
3 
3 
3 
2  2 
1  90 1939487911  
3 
2  1 
2  22 
1  0 455099686  
3 
3 
3 
1  39 1269655793  
3 
1  47 1732635512  
3 
3 
1  0 1922301009  
1  37 248499070  
3 
2  2 
2  30 
2  60 
3 
3 
2  54 
2  1 
2  26 
1  53 1981752889  
3 
2  0 
2  0 
2  0 
1  0 1414467548  
3 
1  2 1067438750  
3 
3 
2  0 
3 
3 
1  50 997969066  
1  90 1424186172  
3 
3 
3 
1  56 1111556114  
1  47 1303209445  
2  0 
2  74 
1  0 1434707793  
1  63 1946760501  
3 
1  31 592415236  
3 
3 
2  0 
3 
2  0 
3 
2  1 
3 
3 
2  0 
3 
1  0 2106711860  
1  76 1680320387  
3 
2  49 
1  89 625641007  
3 
3 
2  85 
2  56 
3 
2  0 
3 
1  0 271676786  
1  28 1790048807  
2  75 
2  43 
2  0 
3 
3 
2  11 
1  92 635570808  
2  0 
2  0 
1  74 677373179  
1  44 1317183554  
2  0 
2  15 
1  76 447697605  
2  84 
2  0 
2  0 
1  0 1329178798  
1  55 1592127208  
2  48 
3 
3 
3 
3 
1  61 1384281280  
1  0 799968291  
3 
3 
3 
1  1 1426742034  
3 
1  95 907216289  
3 
2  10 
1  94 591972554  
3 
3 
1  18 1881841720  
1  2 29388434  
2  10 
1  0 177124419  
2  2 
1  3 1656659081  
2  65 
3 
2  45 
2  76 
2  14 
2  3 
3 
1  1 277887504  
2  33 
2  104 
3 
1  1 11393660  
1  5 923642981  
1  43 1345326254  
1  6 1009362726  
2  6 
1  0 200345506  
1  6 309398720  
1  91 165088524  
3 
3 
3 
1  6 1635053299  
3 
2  97 
1  8 108675574  
3 
1  3 757503760  
2  68 
3 
2  24 
3 
1  77 1594281512  
3 
2  54 
3 
2  34 
1  4 1788995961  
3 
2  85 
2  73 
3 
3 
2  11 
3 
2  2 
2  3 
1  31 1383144767  
1  110 1865958298  
2  5 
3 
1  37 1431561121  
1  72 2018715575  
1  8 395847830  
1  3 601261027  
2  7 
3 
3 
1  56 318929532  
1  6 1725026628  
1  4 45904587  
3 
1  79 1703210812  
1  8 377511272  
1  12 1472646621  
3 
3 
1  66 462943453  
2  23 
3 
3 
1  70 969483826  
1  107 1207004693  
1  43 492331887  
2  48 
2  1 
3 
2  0 
1  5 1146608245  
2  90 
1  12 716180127  
1  7 770219391  
3 
1  31 1158001905  
2  98 
1  59 1639823108  
1  112 2115545646  
2  4 
3 
1  86 19880984  
1  34 1840168614  
3 
3 
2  9 
3 
2  91 
2  53 
2  1 
2  51 
1  12 277460718  
3 
2  40 
1  7 184969508  
2  8 
3 
3 
1  23 1327738266  
1  49 386136292  
1  61 942473268  
1  8 774536130  
3 
2  83 
2  104 
3 
3 
3 
1  6 27648606  
1  12 178134387  
3 
1  50 493010780  
3 
3 
3 
3 
1  2 1459209727  
3 
3 
3 
1  116 49366314  
1  2 888858610  
1  92 2060470754  
2  57 
1  48 368295846  
3 
2  13 
2  44 
1  53 466401591  
1  14 2106375341  
2  30 
2  4 
1  71 2071506658  
1  87 843912863  
2  14 
2  14 
2  14 
1  2 1431538314  
2  10 
2  74 
2  82 
2  0 
2  83 
2  10 
3 
2  8 
1  33 386966464  
2  83 
2  3 
2  3 
3 
1  104 1813396689  
3 
3 
1  7 491059359  
2  96 
2  55 
3 
2  2 
3 
1  76 879298351  
1  6 812521287  
1  39 1207239486  
3 
3 
2  7 
1  2 1649517743  
1  22 1970523192  
3 
2  57 
1  8 699578947  
2  6 
2  1 
1  101 1617579741  
1  0 1990404176  
1  2 392263913  
3 
1  1 1895040459  
3 
2  49 
2  97 
1  7 27890036  
3 
1  30 1720002179  
2  35 
1  10 133693104  
1  12 970363304  
2  19 
3 
3 
1  3 347054661  
1  44 161341710  
3 
2  37 
1  15 1148497691  
2  15 
1  60 840065442  
3 
1  11 1620551437  
3 
1  3 1197864005  
2  91 
2  105 
3 
3 
3 
2  103 
3 
1  14 1728924052  
1  86 1533538543  
3 
3 
3 
3 
2  30 
3 
2  17 
3 
3 
1  59 1566159851  
3 
2  7 
1  98 47841995  
3 
1  10 1492430236  
2  24 
3 
3 
3 
1  6 1490182862  
3 
2  112 
2  57 
3 
3 
3 
3 
1  34 891754858  
3 
2  73 
3 
3 
3 
1  16 776484902  
1  44 1877149326  
1  53 557667900  
3 
2  100 
1  4 1267544261  
2  20 
3 
1  11 608964029  
1  95 1370189187  
3 
1  19 327300100  
1  1 110998124  
1  22 1193228731  
3 
2  5 
2  101 
1  3 1026879047  
3 
3 
1  1 1728577865  
3 
2  56 
1  7 1036149260  
2  23 
2  4 
1  14 1419142960  
3 
1  124 1476134677  
1  104 1064039296  
3 
2  6 
1  75 991661492  
3 
3 
1  19 1609827781  
2  12 
2  65 
2  49 
3 
1  8 2034402601  
3 
1  87 1338716153  
2  30 
2  84 
2  125 
3 
1  76 1771169491  
3 
3 
3 
2  23 
1  80 1035416644  
3 
2  100 
1  22 31297947  
3 
2  39 
2  11 
3 
3 
1  7 1244237280  
2  22 
3 
1  8 85797002  
3 
1  74 1760222000  
1  24 630292175  
1  0 1651956853  
2  5 
3 
2  119 
3 
2  21 
1  66 1808063995  
1  11 2122722411  
3 
3 
1  56 994656067  
2  36 
1  50 552335206  
2  31 
2  3 
3 
2  11 
2  12 
2  93 
2  52 
1  10 751723665  
1  8 724321745  
2  9 
1  49 1110003106  
3 
3 
1  40 2019267926  
3 
3 
2  5 
1  53 1333285775  
2  8 
1  5 332708645  
3 
1  20 199084378  
1  64 1444283899  
3 
3 
1  105 1525937376  
2  8 
2  49 
2  16 
1  42 1225963425  
1  14 1025378117  
1  20 414602988  
3 
1  17 497622738  
3 
3 
1  57 354029146  
3 
2  48 
3 
3 
3 
2  5 
2  15 
3 
3 
1  101 1478642285  
2  39 
1  30 1489284230  
3 
2  95 
1  53 1963856927  
3 
2  82 
1  7 1365561238  
3 
3 
1  13 680516735  
3 
1  50 1587542770  
1  101 253494234  
2  4 
3 
1  31 711814683  
1  3 684296402  
3 
1  8 339291236  
2  18 
1  86 324553035  
3 
2  2 
3 
3 
3 
2  10 
2  34 
2  13 
1  8 1314588577  
1  108 1991248090  
2  104 
3 
1  0 2132617030  
2  23 
2  61 
3 
1  10 1289827340  
2  21 
2  33 
3 
1  0 838420509  
3 
1  17 537468588  
2  34 
1  64 2041551005  
2  109 
3 
3 
1  13 1562742255  
3 
1  78 1647471694  
3 
3 
2  87 
1  73 1913335283  
2  2 
1  60 748544382  
1  122 1980180339  
3 
2  96 
2  21 
2  0 
3 
3 
3 
3 
3 
1  88 2112419662  
2  0 
3 
1  21 45344633  
3 
3 
3 
2  102 
1  0 1358634068  
1  113 1190899439  
1  10 1070722750  
1  71 1773237056  
2  20 
2  9 
1  8 1688522177  
2  2 
1  21 1424751896  
2  19 
3 
3 
1  95 1104395693  
2  57 
3 
3 
1  15 1030322759  
3 
3 
1  116 1241125175  
1  22 322473283  
2  14 
3 
2  6 
2  48 
1  15 1710839495  
3 
1  9 681184297  
3 
1  10 575967518  
2  9 
3 
1  22 275170530  
3 
1  85 1365480699  
1  41 915258754  
3 
3 
2  125 
1  76 599723565  
2  21 
1  45 532585628  
2  75 
1  19 759023196  
2  20 
2  55 
1  7 584856947  
2  19 
1  87 1822412968  
2  26 
2  122 
3 
3 
3 
3 
2  55 
2  16 
1  19 1597443706  
2  8 
3 
1  53 1122325536  
1  0 1716480325  
2  63 
1  14 1012702313  
1  96 622313582  
2  28 
1  8 1482331961  
1  23 1761246695  
1  116 455010274  
2  38 
2  27 
1  44 1447267975  
1  17 1806591328  
3 
2  62 
3 
1  116 1813644342  
3 
2  36 
3 
1  15 490683766  
3 
1  19 729830431  
1  74 1439397750  
2  13 
3 
1  21 31722296  
1  10 7098679  
1  14 396309796  
2  52 
3 
2  8 
3 
2  30 
3 
3 
2  97 
2  3 
2  21 
3 
3 
2  72 
2  84 
3 
2  33 
1  9 1062045055  
1  93 1248223855  
1  16 718783079  
1  27 625400902  
2  18 
1  116 1929408152  
1  79 1294750597  
2  25 
2  129 
3 
3 
3 
1  22 900571432  
2  1 
1  10 1147405204  
1  6 62525704  
1  26 1500294997  
3 
2  12 
1  3 1679990832  
1  14 821548900  
3 
2  10 
2  0 
3 
3 
2  61 
3 
2  14 
3 
1  78 2085151945  
1  35 1354920153  
3 
2  106 
2  14 
2  19 
2  101 
1  13 271508958  
2  7 
2  101 
2  99 
1  120 1059993833  
3 
1  9 923916830  
1  124 1284211271  
3 
2  26 
3 
1  9 1682307415  
3 
2  95 
3 
1  0 258765143  
1  7 897974318  
1  10 2137317689  
2  100 
1  97 1706033118  
3 
1  45 557081999  
3 
2  127 
3 
2  69 
3 
1  22 1803478383  
3 
1  21 49233237  
3 
3 
2  47 
1  66 1286912430  
2  85 
1  20 1095392486  
2  9 
2  47 
1  24 80955533  
1  69 1294011109  
2  70 
2  26 
1  129 1491702282  
2  41 
1  115 1143000588  
3 
3 
1  5 394751316  
1  22 63001713  
3 
2  18 
2  29 
2  68 
2  8 
1  44 1768401491  
1  110 176675821  
1  102 1357752311  
1  57 521489275  
3 
1  5 1324081025  
2  19 
3 
3 
2  6 
1  69 1420278015  
1  13 2021784273  
3 
3 
2  99 
3 
3 
2  17 
3 
3 
2  18 
1  89 856588209  
1  24 94343267  
2  23 
2  17 
3 
1  59 1959452570  
2  22 
1  66 64024714  
1  128 365852226  
3 
2  94 
2  13 
1  24 871962755  
1  22 987941545  
1  26 1650063497  
1  25 406786522  
3 
3 
1  1 1246706688  
2  27 
1  29 400554168  
1  1 396620564  
2  61 
1  27 805256159  
1  61 957636167  
3 
2  31 
2  46 
2  64 
3 
1  17 52615299  
3 
2  135 
1  15 854489396  
2  98 
1  27 97064949  
3 
1  100 1148007785  
1  126 935444929  
3 
2  25 
3 
1  9 1391076058  
3 
2  40 
1  35 492226419  
2  91 
1  2 2078445517  
1  137 1785827375  
2  1 
2  23 
1  39 555228133  
1  32 1699363360  
3 
3 
1  123 1962503196  
3 
2  31 
2  124 
2  78 
2  88 
2  6 
3 
1  39 1912980444  
3 
2  0 
1  133 73368988  
1  88 1139100573  
2  43 
2  11 
1  12 1185774811  
3 
1  112 2095153261  
3 
3 
1  31 1995688782  
1  131 1280118078  
1  45 1907122183  
2  110 
1  22 2059713497  
3 
1  12 1645970304  
1  99 631601290  
3 
1  19 900171394  
2  117 
2  127 
2  48 
1  17 1148550154  
3 
2  129 
2  60 
3 
3 
3 
3 
3 
3 
3 
1  43 1038387812  
3 
3 
2  14 
3 
1  112 2146878082  
3 
3 
2  137 
3 
2  109 
3 
3 
3 
3 
3 
2  22 
3 
3 
1  56 1549104322  
3 
1  6 1435008376  
2  69 
1  90 804650593  
3 
3 
1  112 359256841  
2  36 
2  12 
1  76 1487623676  
1  131 1659139989  
2  22 
2  101 
1  64 456321790  
3 
1  72 488147813  
1  59 447101270  
1  103 1847397848  
2  50 
2  96 
3 
1  25 980374233  
3 
1  87 378063140  
3 
3 
3 
2  104 
2  1 
2  31 
1  122 1485741575  
3 
3 
2  13 
2  22 
3 
2  0 
3 
2  95 
3 
3 
1  23 1535602366  
1  36 2077426500  
1  31 1300761123  
1  132 1301099162  
1  43 3311840  
1  39 292378048  
1  56 339390325  
1  103 2098465101  
1  132 140583183  
1  26 1619508403  
2  26 
3 
3 
1  14 1858103636  
2  14 
3 
2  104 
2  9 
1  4 52813032  
3 
1  3 1117995060  
1  17 342221278  
1  36 952984426  
1  111 119061566  
2  34 
2  17 
2  16 
3 
2  16 
1  6 1380609091  
3 
3 
2  80 
2  131 
2  1 
1  54 952378860  
1  5 1668165888  
3 
2  126 
3 
3 
3 
3 
3 
3 
2  35 
1  114 668133819  
2  103 
2  0 
3 
2  39 
1  57 1757029454  
1  7 2027422729  
3 
2  87 
1  83 8273847  
3 
2  58 
3 
1  66 1268685795  
1  18 336260871  
2  17 
2  93 
3 
2  25 
1  7 496421661  
2  113 
1  133 1715787066  
1  4 36175071  
3 
2  120 
3 
2  117 
2  53 
1  19 1476795894  
2  1 
1  115 2093850206  
1  37 1521916647  
2  4 
3 
3 
3 
2  11 
2  29 
1  62 864914612  
2  67 
2  16 
3 
3 
1  10 2023793058  
3 
1  130 675194122  
1  114 18530126  
1  10 2027104899  
2  23 
1  94 967572171  
1  103 357920451  
3 
3 
2  79 
3 
2  61 
2  23 
3 
1  99 1978086352  
1  22 1108155354  
3 
1  9 1977428854  
1  3 1688706341  
1  57 1160968386  
3 
3 
3 
3 
1  13 947940266  
3 
3 
3 
3 
3 
2  6 
2  88 
1  17 2030927619  
1  98 2113952812  
1  17 1067001832  
1  23 1264053062  
2  85 
2  78 
2  82 
3 
1  19 918848024  
2  47 
3 
2  117 
2  50 
1  21 587684072  
1  24 1932186882  
3 
2  47 
3 
1  126 528393830  
2  117 
1  86 467623153  
1  78 1940460729  
3 
2  7 
3 
1  28 1797079626  
1  7 803884024  
2  42 
2  25 
2  4 
3 
2  37 
3 
3 
1  45 289398742  
1  77 1365383044  
2  114 
2  12 
2  36 
2  31 
1  75 840059096  
3 
2  132 
1  81 1766194636  
1  10 1311749602  
3 
2  104 
2  8 
1  21 214492095  
3 
1  91 483625600  
3 
3 
1  11 1188059012  
3 
3 
2  121 
2  8 
1  13 889686217  
1  30 502155726  
2  2 
1  60 1067680263  
2  74 
3 
3 
2  8 
3 
3 
2  12 
2  101 
1  31 1857258388  
2  25 
1  121 860076177  
1  52 898282968  
1  103 817930094  
1  25 690021384  
2  105 
2  51 
2  30 
3 
2  127 
1  15 439505661  
1  30 1978898480  
2  29 
2  111 
1  4 1637961650  
1  47 322949632  
2  13 
3 
2  3 
1  27 1945367644  
2  50 
3 
3 
3 
2  22 
3 
3 
2  11 
1  114 557479835  
2  8 
2  40 
2  9 
3 
3 
1  16 1587002695  
1  57 716732021  
2  27 
3 
1  9 1145163907  
3 
3 
3 
1  5 1371705929  
2  2 
3 
2  66 
2  14 
2  30 
3 
2  30 
3 
1  4 1245125851  
1  91 1612787061  
1  93 1164683010  
3 
2  68 
1  29 894721829  
1  4 269187437  
3 
3 
2  35 
1  20 1454081753  
1  10 112621225  
2  77 
1  129 1109246533  
1  12 1072792741  
3 
2  1 
3 
2  43 
2  1 
2  5 
2  21 
2  13 
1  20 1424370827  
1  17 1323738628  
1  7 1556418342  
3 
1  111 464946192  
3 
1  7 65941198  
3 
2  91 
1  73 2058574068  
2  109 
3 
2  54 
2  15 
1  5 1532626455  
3 
2  67 
1  45 1923199586  
1  23 771166598  
2  21 
2  26 
1  84 283425775  
2  8 
3 
3 
3 
1  14 593646033  
3 
2  8 
3 
2  18 
2  5 
2  33 
3 
1  105 1461187982  
2  39 
1  4 722931436  
1  5 425060865  
1  10 951665984  
3 
2  13 
1  6 1045881069  
1  4 222944862  
1  84 1509145819  
2  124 
1  114 485400116  
2  99 
3 
2  75 
2  4 
2  51 
1  71 939676883  
1  41 506826079  
2  13 
1  12 1857106045  
1  55 37319086  
2  88 
1  31 2119613140  
1  115 874305407  
3 
3 
2  57 
1  32 932040916  
1  64 241316929  
1  10 180903512  
3 
2  136 
2  116 
1  44 1044662141  
2  39 
3 
1  41 1350563463  
2  68 
2  134 
2  6 
2  63 
3 
2  51 
3 
2  123 
1  17 1253696254  
3 
1  39 321549321  
3 
2  32 
1  8 526818443  
2  34 
2  124 
2  99 
1  44 662630948  
2  57 
3 
2  129 
3 
2  19 
3 
3 
3 
2  55 
3 
3 
2  0 
2  122 
3 
2  47 
2  24 
1  41 786495513  
1  11 592759641  
2  77 
3 
2  125 
1  29 573721368  
3 
3 
1  20 171638320  
3 
2  0 
3 
2  55 
1  56 368475580  
3 
2  122 
3 
3 
2  32 
1  12 1344887966  
2  86 
1  133 455064096  
3 
2  54 
2  86 
2  2 
3 
1  33 962121613  
1  133 658592300  
1  21 1177995532  
3 
1  33 1387182478  
3 
2  91 
2  18 
1  93 1610258285  
2  1 
1  4 76392953  
3 
1  10 1610127340  
2  2 
2  3 
3 
2  27 
1  16 971920456  
2  11 
2  37 
3 
1  82 561793069  
2  37 
1  32 402320575  
3 
3 
3 
3 
3 
2  25 
1  7 1478746535  
1  21 271415466  
1  0 439639662  
3 
1  6 1450876027  
1  35 1145720874  
2  26 
1  2 1371680578  
2  9 
3 
2  133 
1  131 1692192957  
2  121 
3 
3 
2  19 
1  119 1326624386  
2  7 
1  26 268859071  
1  17 895272772  
2  14 
1  23 432836992  
3 
2  47 
3 
2  129 
2  75 
1  9 590408392  
1  26 1422091215  
3 
3 
2  57 
3 
1  90 1095467940  
2  85 
1  73 1376903905  
1  29 2014850857  
2  43 
3 
3 
2  100 
2  126 
2  109 
3 
3 
1  38 1669189309  
1  142 1548542226  
2  85 
3 
2  61 
3 
1  123 235842789  
2  95 
3 
2  35 
2  10 
1  94 866593627  
1  93 2003606322  
3 
1  91 1197964402  
3 
1  23 1525185928  
2  17 
3 
3 
2  106 
2  97 
1  116 1034118206  
1  125 437663232  
2  20 
2  118 
2  8 
1  75 987960565  
3 
3 
3 
2  34 
1  14 1110511160  
1  107 2047790573  
3 
2  16 
1  68 1959881021  
3 
2  49 
1  28 1672304229  
3 
2  111 
3 
1  85 302627500  
3 
1  99 1291143909  
3 
2  17 
1  36 1943719696  
3 
1  88 742267162  
1  74 594536288  
2  65 
1  29 941956922  
2  9 
1  113 2113947740  
3 
2  58 
1  121 139245597  
1  90 121097660  
3 
3 
3 
3 
2  128 
2  0 
1  21 235323164  
1  78 1034518369  
3 
1  26 553934653  
1  94 825731556  
2  62 
3 
2  16 
1  16 309125937  
2  86 
3 
2  53 
2  35 
3 
1  21 1649402593  
1  52 55151814  
3 
2  33 
3 
2  102 
1  20 176493146  
1  31 1171108254  
3 
1  61 1603694040  
1  28 412335935  
2  110 
2  27 
1  16 2037701882  
2  38 
1  91 1459816714  
1  115 1610300337  
3 
3 
3 
3 
3 
2  7 
2  48 
2  131 
1  57 1415404162  
2  88 
1  131 346451272  
2  50 
3 
3 
2  86 
1  15 2047963569  
1  82 255881079  
3 
1  82 1456962432  
1  5 1948270494  
1  86 68278452  
2  67 
3 
1  3 981783014  
2  26 
1  22 103414347  
1  14 1359422361  
2  113 
2  10 
2  38 
2  68 
1  22 778019062  
3 
1  40 845681509  
1  10 1953958650  
1  49 1719975984  
2  99 
1  60 812145602  
2  23 
1  33 2093204247  
2  41 
1  26 1841073644  
2  10 
1  22 1047468766  
2  114 
1  32 980238969  
1  136 247524649  
1  26 1873200322  
2  144 
1  45 1289364906  
2  49 
2  75 
2  59 
3 
2  62 
3 
3 
1  23 1896927243  
1  38 1928352136  
2  74 
1  126 1465858052  
1  26 920551849  
1  137 1384562528  
3 
3 
3 
2  32 
3 
1  26 1878193987  
2  116 
1  92 810770083  
2  7 
2  136 
3 
3 
3 
1  85 696895594  
3 
2  24 
1  118 1341010676  
3 
3 
2  32 
2  26 
2  110 
1  11 78690597  
2  24 
1  122 1043346867  
3 
2  43 
3 
2  121 
1  123 1241490597  
1  126 334571676  
3 
2  52 
1  32 352825651  
1  17 1042277444  
1  35 402850129  
3 
1  2 1334608665  
1  126 1145691791  
1  61 1762272490  
1  88 2112627727  
1  19 1991373300  
2  51 
2  26 
1  14 1568747492  
2  145 
1  32 1685120063  
2  41 
1  66 656035254  
1  42 1514468092  
2  23 
2  33 
2  93 
2  113 
2  5 
2  32 
1  9 1378710060  
2  83 
1  34 1703504020  
2  92 
3 
1  16 347223413  
3 
1  115 1626234709  
1  45 1429220695  
2  49 
3 
1  39 1636588319  
1  23 1375678304  
1  149 1210089183  
3 
2  18 
3 
1  38 954962723  
2  8 
1  23 148746506  
1  44 447168064  
1  124 685673062  
2  55 
2  99 
3 
1  68 959516589  
2  11 
3 
3 
1  107 1144063658  
3 
1  151 2026683738  
3 
3 
1  7 1038207187  
2  89 
1  48 39926877  
2  23 
2  123 
1  29 1120690687  
3 
2  53 
2  130 
1  11 1372778863  
2  7 
2  131 
1  121 392752529  
2  62 
2  52 
1  6 15484483  
1  129 1775628992  
3 
2  118 
3 
1  65 1727361194  
1  109 1161176274  
2  107 
2  19 
2  98 
3 
1  122 1390417835  
3 
2  125 
3 
2  65 
2  34 
1  139 1692505274  
2  74 
1  10 1005065927  
2  33 
2  128 
3 
3 
2  22 
1  132 811681679  
2  136 
2  62 
1  135 1230141689  
2  140 
2  5 
3 
3 
2  38 
1  25 1661101181  
3 
2  85 
3 
2  29 
1  127 178666123  
3 
2  38 
2  21 
3 
2  35 
3 
2  1 
3 
3 
2  14 
3 
1  30 461368101  
1  31 1217121554  
3 
2  90 
1  7 525889536  
2  20 
3 
3 
1  123 2087602811  
2  11 
2  138 
3 
2  141 
2  88 
3 
3 
2  26 
2  7 
1  47 498858601  
2  12 
2  41 
2  44 
3 
1  26 14994207  
1  77 1315797467  
3 
3 
1  5 1708947784  
1  41 969956930  
2  75 
3 
1  50 1464543973  
2  54 
3 
3 
3 
2  0 
3 
2  106 
3 
2  42 
2  92 
3 
1  30 8632200  
2  4 
2  81 
1  18 1655629992  
3 
1  133 276576915  
1  6 1152695859  
3 
1  131 1534830082  
3 
2  61 
2  28 
2  47 
3 
1  38 1314784102  
3 
1  80 1192622736  
1  27 508037122  
3 
3 
2  123 
3 
2  81 
2  72 
3 
1  8 540079317  
1  83 1585375265  
2  24 
2  7 
3 
1  32 523521605  
1  95 168224662  
3 
1  20 1165252812  
3 
1  4 1684697880  
3 
1  10 1558642497  
2  105 
3 
2  39 
2  124 
1  42 710274438  
1  69 542280159  
3 
1  55 222840528  
2  69 
3 
1  93 1940416127  
1  36 55897692  
3 
1  19 401506652  
1  5 254300581  
1  67 1273019246  
3 
2  24 
2  43 
3 
1  111 927396188  
3 
1  110 194419744  
1  1 1771877847  
2  0 
1  16 942390396  
3 
3 
2  28 
3 
2  113 
3 
1  107 1510217211  
1  60 1333341984  
1  15 1912347326  
2  66 
3 
1  101 827277537  
2  21 
2  129 
3 
1  10 1341974184  
3 
2  74 
1  19 1420493671  
1  38 1103854452  
2  21 
1  16 347186395  
2  35 
1  50 807840105  
3 
2  72 
1  103 271154906  
3 
3 
1  15 1539809132  
2  8 
1  130 1315877227  
3 
1  117 811234223  
2  110 
1  46 977700749  
3 
3 
1  152 1839398833  
2  100 
1  101 979458885  
2  153 
3 
1  74 2142953561  
2  39 
3 
1  49 1376613065  
2  62 
2  117 
3 
3 
1  26 390617734  
2  116 
2  109 
1  44 705744351  
2  15 
3 
1  125 1918893224  
3 
1  74 613458263  
3 
3 
2  7 
1  112 498676831  
1  24 1974790916  
3 
2  15 
1  38 1014964915  
3 
2  90 
3 
2  29 
3 
2  16 
1  84 752977412  
1  4 1100326515  
1  89 1942361103  
2  3 
3 
1  85 947397156  
1  32 724720714  
2  127 
2  25 
1  147 737267851  
2  8 
2  144 
1  46 310130719  
2  59 
3 
3 
3 
2  67 
1  35 2058062698  
3 
3 
2  42 
3 
2  33 
1  107 502131530  
1  12 1137408256  
1  45 1252553235  
3 
1  14 1922625201  
2  15 
2  62 
3 
1  138 93779060  
2  51 
2  12 
2  141 
1  37 1599739630  
2  38 
1  121 582981658  
1  94 364933966  
1  0 992065114  
1  42 1898858886  
2  14 
3 
1  126 1176168190  
3 
3 
2  129 
1  132 1969765864  
3 
1  37 1590774071  
2  33 
2  126 
3 
2  47 
3 
1  82 8143427  
1  17 1965235777  
1  1 819903488  
2  84 
2  143 
1  114 398761162  
3 
1  152 523496481  
3 
3 
3 
3 
2  93 
2  86 
1  146 591313064  
3 
1  28 1012219425  
2  123 
1  1 1022173312  
2  85 
2  96 
3 
1  97 418620332  
2  48 
1  146 2027184340  
2  20 
3 
1  32 1775150724  
1  123 1518946847  
1  132 1822061795  
2  127 
1  32 575064232  
1  13 96183914  
1  16 411845999  
2  34 
3 
3 
2  82 
3 
3 
1  8 885194951  
2  86 
2  57 
2  141 
1  24 6762964  
1  3 913977529  
1  25 2022603208  
1  53 1259316199  
3 
3 
2  144 
3 
3 
2  104 
1  99 689119082  
1  14 2116382268  
2  43 
3 
3 
2  157 
2  76 
3 
1  26 711572182  
3 
2  12 
3 
3 
2  55 
2  76 
1  43 1272100740  
1  91 333832587  
3 
1  153 1703637296  
1  66 1023475978  
2  47 
1  81 1510000777  
3 
2  82 
2  27 
1  50 1525919512  
1  99 466766401  
2  144 
1  143 1518144204  
2  75 
2  6 
3 
1  140 1343671642  
3 
3 
3 
3 
2  34 
1  7 1286669889  
1  105 1916905366  
3 
2  20 
3 
2  77 
2  53 
3 
2  146 
2  123 
1  93 1867168123  
3 
2  157 
3 
3 
2  45 
2  6 
1  44 1877982953  
2  73 
2  50 
3 
2  152 
2  58 
1  117 781641143  
1  22 741857787  
1  99 149119638  
3 
1  102 661341835  
1  84 369524863  
1  55 1668066485  
2  97 
3 
2  102 
1  11 335919983  
1  68 944589095  
3 
2  21 
3 
1  23 1764250399  
2  20 
2  56 
3 
1  129 747765982  
1  2 1829784046  
3 
3 
1  118 1771013364  
2  21 
1  16 1661743511  
1  31 1704903606  
2  46 
3 
1  36 882845915  
1  13 203378945  
1  35 1673802227  
3 
3 
1  8 1594418097  
3 
1  135 1475479685  
2  10 
2  7 
2  89 
1  91 2007634814  
3 
3 
3 
3 
2  37 
1  58 1150571746  
2  27 
3 
3 
2  87 
1  119 351472016  
1  31 1370151943  
1  51 529007610  
3 
3 
3 
1  76 818238417  
3 
1  91 740812499  
2  156 
3 
2  160 
1  17 1872679252  
3 
3 
1  52 2104908307  
3 
3 
1  42 510234218  
1  98 1592363727  
2  160 
2  139 
1  73 1835407612  
3 
3 
3 
3 
3 
2  0 
2  1 
2  45 
2  49 
3 
2  146 
1  122 1291875361  
2  11 
3 
1  99 186737866  
3 
3 
1  153 1984527250  
2  33 
1  8 1953217197  
3 
1  91 556262729  
1  82 1505110088  
3 
2  146 
2  28 
2  149 
1  5 141653532  
1  134 1500851824  
2  81 
3 
3 
2  83 
1  0 1121876839  
1  58 889419514  
1  153 1183152223  
1  86 745406555  
2  53 
2  11 
1  136 403679377  
3 
1  61 740572181  
3 
1  111 1628252471  
3 
3 
2  112 
1  78 607058322  
3 
3 
1  153 266890760  
1  19 1075186920  
1  5 2082538007  
1  30 127041926  
3 
3 
2  39 
3 
2  4 
3 
3 
3 
3 
1  14 78275018  
3 
1  64 286526375  
3 
3 
2  30 
1  152 1497193869  
2  106 
2  71 
2  150 
1  24 607282629  
2  23 
1  58 1104764793  
1  114 90522721  
2  120 
2  7 
1  28 332478233  
3 
3 
2  34 
3 
3 
2  17 
3 
1  92 1062189452  
2  12 
1  94 600756939  
2  50 
3 
1  28 1924841961  
2  58 
2  23 
2  68 
2  68 
3 
3 
1  153 750113416  
1  4 1892632300  
3 
1  119 2111579827  
3 
1  114 587157019  
1  141 1698365849  
2  78 
3 
3 
2  65 
1  22 520358909  
1  108 2092267107  
2  28 
1  142 1840019381  
3 
3 
2  74 
3 
1  82 2021210733  
1  147 1066660298  
3 
1  29 581955247  
1  62 1056879308  
1  52 1812066854  
3 
2  53 
2  33 
1  148 985634624  
3 
1  27 1797451490  
3 
2  59 
1  22 1292835677  
1  100 1592692946  
3 
3 
1  3 2064342250  
1  96 220538949  
1  24 1527747306  
1  42 43900529  
2  73 
3 
1  103 298813968  
2  74 
2  36 
3 
1  109 1814273681  
3 
3 
3 
1  100 1541094398  
3 
2  46 
1  94 906096597  
2  43 
2  53 
1  30 771554826  
3 
1  99 1631617119  
3 
1  156 1238574830  
1  22 1833744278  
2  124 
3 
1  72 84890410  
1  14 1015933143  
2  115 
1  31 436374047  
1  25 1977522711  
1  13 980029323  
3 
3 
3 
1  86 1023531066  
3 
2  17 
2  119 
2  152 
2  59 
3 
3 
1  8 1528404912  
2  92 
1  116 1500388232  
1  121 968314525  
2  92 
2  116 
2  102 
1  101 1220940646  
3 
3 
3 
1  157 1374115317  
2  81 
1  29 2034974823  
1  159 1802895893  
3 
1  71 283510978  
3 
3 
3 
1  64 1699558029  
1  53 641046870  
2  28 
2  28 
2  144 
1  24 2080962468  
1  52 844910058  
3 
2  28 
1  51 86256168  
3 
3 
3 
3 
1  45 1997821070  
1  156 1065449008  
3 
2  47 
1  157 1614003474  
1  160 2041721599  
2  2 
1  6 1364262976  
2  130 
3 
2  2 
2  159 
1  83 1280793508  
2  142 
2  95 
2  20 
2  87 
1  115 1435332350  
1  66 122875925  
1  15 2052348334  
3 
1  55 919465821  
3 
1  59 1361450755  
1  108 1738608965  
3 
2  125 
3 
1  89 1004356232  
1  119 229900251  
3 
1  36 27499364  
1  110 834395295  
1  74 1209929574  
1  161 1051030430  
1  69 215316559  
1  52 562834158  
2  110 
1  11 2019344955  
2  133 
1  115 1436257205  
2  70 
2  19 
2  15 
2  31 
3 
3 
3 
3 
3 
1  7 1936949475  
2  32 
1  80 1906836130  
3 
2  61 
1  40 1091669451  
1  33 72976805  
3 
3 
3 
2  26 
3 
2  0 
3 
2  53 
3 
1  16 1458910512  
1  61 1732716321  
1  86 6455625  
3 
1  70 156336922  
3 
3 
2  17 
2  144 
2  117 
3 
1  41 1818972489  
3 
3 
3 
3 
3 
2  68 
2  61 
1  12 2004276696  
1  62 1221785930  
1  143 1285492316  
2  54 
2  38 
3 
3 
2  90 
1  83 1898514647  
1  44 438565258  
2  41 
2  4 
2  53 
2  62 
2  61 
3 
1  1 418802176  
2  128 
1  27 1186363349  
3 
2  106 
3 
3 
3 
2  137 
2  149 
1  50 561441183  
1  40 323666862  
2  42 
2  35 
2  80 
3 
2  30 
3 
1  81 2105829171  
2  127 
1  157 1922891939  
1  68 2062275827  
2  57 
3 
2  9 
3 
1  27 962701755  
2  86 
1  30 5308542  
3 
3 
2  63 
2  109 
1  26 2089775191  
2  59 
1  74 1797097050  
1  59 1215238116  
3 
2  149 
3 
2  82 
1  80 993321973  
3 
1  157 2012413609  
1  39 1778072274  
1  118 865183280  
3 
1  109 1301187167  
1  120 1567538101  
3 
2  7 
2  161 
2  132 
2  16 
1  15 624535763  
2  144 
2  55 
1  25 245372970  
2  81 
3 
1  16 1640514907  
1  134 2083446275  
1  153 1978089291  
3 
2  154 
3 
1  32 1646970532  
1  11 92299549  
2  136 
1  64 1649578132  
3 
1  22 1503763580  
3 
2  90 
1  31 1314085480  
3 
3 
2  97 
1  141 787586800  
1  31 1254794580  
3 
3 
2  126 
1  69 1752650738  
3 
3 
1  94 1206388976  
3 
3 
1  1 293674281  
3 
3 
3 
1  43 166608274  
1  47 1530055839  
3 
3 
3 
3 
3 
1  0 252019804  
3 
1  8 2089500213  
2  8 
3 
3 
2  51 
3 
3 
3 
3 
1  174 1444848018  
1  56 1214721559  
3 
1  4 2094808755  
3 
2  85 
1  83 1387139562  
1  145 864334961  
3 
1  36 1162563223  
1  54 232977887  
2  137 
1  129 729264923  
3 
2  31 
1  157 793151849  
3 
1  112 1098161168  
1  0 2030452090  
1  64 213206302  
3 
2  57 
1  93 1722696931  
2  169 
2  4 
2  152 
3 
2  29 
2  137 
3 
2  28 
1  1 128341412  
2  80 
1  97 1853721209  
1  119 1658659558  
2  102 
1  52 2106430703  
2  70 
1  140 1353208094  
2  105 
3 
3 
3 
2  130 
2  98 
1  38 1750959107  
2  18 
2  60 
1  85 1608525187  
3 
3 
2  146 
1  115 709488026  
1  25 917560939  
3 
3 
3 
3 
2  136 
3 
3 
1  37 248628340  
1  62 1964282606  
2  121 
1  179 522728030  
1  99 1455017316  
3 
2  31 
2  8 
1  96 110473240  
1  47 689336304  
1  34 837589507  
2  66 
3 
1  63 362493044  
1  43 631352869  
3 
1  34 134953878  
2  34 
3 
3 
1  60 1577214604  
1  134 578677976  
2  75 
2  35 
3 
2  64 
1  55 1522093440  
3 
1  65 294065917  
3 
2  83 
3 
1  64 1741241199  
3 
1  27 1755071327  
2  177 
3 
1  138 1023330840  
2  129 
1  8 386909400  
3 
2  175 
3 
2  145 
3 
3 
1  125 705748847  
3 
3 
2  182 
2  144 
3 
2  9 
2  43 
2  125 
2  47 
1  17 906299282  
2  98 
3 
2  131 
3 
2  77 
1  175 600115702  
3 
2  91 
3 
1  79 280962130  
2  67 
3 
2  166 
1  1 1034640694  
2  170 
1  114 306353264  
2  112 
2  27 
1  148 1939621688  
3 
3 
1  98 993587749  
1  145 1659561358  
2  13 
3 
2  4 
1  103 1543097148  
1  56 454629289  
2  11 
3 
1  26 221565736  
2  147 
3 
2  21 
1  93 313174439  
1  157 703257629  
3 
1  62 38364695  
3 
3 
1  138 835902469  
3 
1  44 10791297  
2  132 
2  10 
3 
1  48 148837935  
1  51 1525238773  
3 
2  93 
2  115 
2  121 
3 
2  76 
2  93 
3 
2  26 
1  61 848380805  
3 
1  166 511330979  
1  73 9107994  
2  170 
1  54 983334683  
2  3 
2  27 
3 
3 
2  170 
1  115 2088545583  
1  157 587785970  
2  162 
3 
3 
3 
1  73 357944475  
3 
1  146 235127853  
2  128 
2  26 
2  94 
3 
3 
2  105 
2  51 
2  139 
1  69 181543521  
3 
3 
2  0 
1  97 2113015802  
1  173 1258458693  
3 
3 
3 
3 
3 
3 
1  3 568452921  
3 
1  86 671281002  
2  7 
1  53 17274328  
3 
3 
2  5 
1  145 1168568624  
3 
1  98 952243132  
3 
2  42 
2  83 
2  49 
3 
2  162 
3 
3 
1  0 1051915022  
2  12 
2  110 
3 
1  36 1474921888  
1  108 744381173  
3 
1  163 2045502772  
3 
3 
2  31 
1  117 986999598  
2  34 
2  150 
2  168 
3 
3 
3 
3 
1  56 139994673  
3 
3 
1  45 352648413  
1  12 1208565334  
1  55 453169112  
2  38 
2  34 
3 
1  153 1055906042  
3 
3 
1  32 1246930029  
2  38 
3 
3 
2  0 
2  47 
3 
2  17 
1  73 1289071582  
2  28 
3 
2  92 
3 
3 
3 
2  169 
3 
3 
3 
2  12 
3 
1  101 1066697339  
2  54 
1  59 1395767964  
3 
1  2 666826707  
3 
2  22 
1  127 1915078144  
1  71 1907098944  
2  90 
3 
3 
1  138 675934702  
1  55 750929179  
3 
3 
3 
3 
3 
1  154 1848160879  
2  176 
3 
1  158 1263720672  
1  30 1108873654  
3 
1  56 2083288732  
1  97 1445264194  
1  88 1074405809  
2  178 
3 
3 
3 
3 
2  14 
2  69 
2  29 
3 
1  17 1194263778  
3 
1  15 2013717115  
2  167 
3 
3 
2  14 
1  88 1745686811  
3 
1  135 1211538106  
2  78 
3 
1  110 1034802091  
1  47 550446295  
2  157 
3 
3 
2  12 
3 
3 
2  78 
2  169 
1  156 115969480  
3 
2  74 
3 
1  11 362240331  
3 
1  17 1294827468  
2  141 
1  148 13988604  
3 
1  13 1349239929  
2  38 
3 
3 
3 
1  74 1434822141  
3 
2  88 
3 
1  24 366637017  
2  92 
1  111 410321616  
2  137 
3 
1  83 1887991254  
3 
1  47 1422543059  
1  11 1657251645  
2  177 
2  139 
3 
2  20 
2  55 
3 
2  162 
2  90 
1  8 1029579188  
1  7 341756751  
2  134 
2  54 
2  109 
3 
2  10 
3 
1  31 905535962  
1  100 1696405895  
2  21 
2  4 
3 
3 
1  112 109351247  
3 
3 
2  86 
2  10 
1  161 665151258  
3 
2  177 
3 
1  72 224856949  
2  0 
2  130 
2  58 
3 
2  82 
1  135 860280427  
1  121 365828489  
3 
1  34 1488577622  
2  80 
2  107 
3 
3 
1  92 1969154081  
2  177 
2  93 
1  65 301633574  
2  62 
2  46 
1  43 786358168  
1  61 896076242  
1  60 1495897352  
1  109 652591635  
3 
3 
3 
2  17 
2  11 
3 
1  40 494279405  
2  134 
2  115 
2  13 
1  105 559951810  
2  89 
2  163 
3 
1  144 1687393727  
2  92 
2  46 
2  173 
3 
3 
1  155 1044725701  
1  77 675921290  
1  73 2049634058  
1  110 192069521  
3 
1  160 689909895  
3 
3 
3 
2  50 
1  64 1251390340  
2  133 
2  29 
2  73 
2  71 
1  69 1626891663  
1  62 1056546912  
3 
2  83 
3 
2  92 
3 
1  97 1661711956  
2  10 
1  147 1367399269  
2  16 
1  13 331606324  
1  6 1171479953  
1  42 249494809  
1  12 673363075  
1  56 2077015915  
3 
2  46 
2  158 
1  140 1945900704  
2  25 
1  37 782714322  
1  45 594683525  
3 
3 
1  94 23274006  
3 
2  77 
2  110 
1  120 1642994749  
2  134 
2  151 
3 
3 
2  6 
3 
1  19 960512015  
2  67 
2  16 
1  58 1511851628  
3 
2  167 
3 
2  67 
2  70 
1  6 1464665183  
2  14 
1  128 1262145589  
2  117 
3 
3 
2  65 
1  109 150726148  
3 
2  140 
2  31 
2  74 
3 
1  96 213257777  
2  120 
2  7 
1  151 610559293  
1  32 803317783  
3 
3 
3 
1  131 707537183  
3 
1  161 1170511103  
2  116 
2  35 
1  138 343227862  
1  99 1752262884  
2  86 
3 
1  117 1846432393  
3 
2  11 
1  123 245378273  
3 
3 
3 
1  28 1944332405  
3 
1  144 388858640  
2  132 
3 
3 
3 
2  153 
2  56 
1  112 1496768613  
3 
2  164 
1  9 1423740420  
3 
2  59 
3 
3 
3 
2  26 
3 
1  160 1445405553  
3 
3 
3 
2  15 
3 
1  7 1010996921  
2  144 
2  118 
2  45 
3 
3 
3 
2  23 
3 
1  13 643656041  
3 
3 
2  67 
2  156 
2  99 
3 
2  124 
1  37 1777011877  
2  88 
2  111 
1  121 34993226  
2  21 
3 
1  131 893150850  
1  51 302891304  
1  135 2112009142  
1  140 691567907  
1  160 1085605626  
2  65 
2  151 
2  75 
1  33 559209019  
1  120 714841913  
3 
3 
1  91 581116728  
1  9 1519721034  
3 
1  7 79209893  
1  127 2045781911  
3 
1  100 634382975  
2  55 
2  86 
2  9 
3 
2  95 
3 
2  3 
2  110 
2  80 
2  6 
3 
3 
2  26 
1  158 229936041  
3 
1  104 111556040  
3 
2  138 
1  161 1244942268  
3 
3 
1  120 1033253824  
2  24 
3 
2  16 
2  35 
2  88 
1  119 819093223  
2  106 
3 
1  49 267969723  
1  28 1376481687  
1  35 423872459  
1  128 2114402117  
2  138 
3 
1  103 1621859960  
3 
1  67 220721217  
1  53 355777109  
3 
2  72 
1  70 971144925  
3 
3 
2  111 
3 
1  25 1644461637  
3 
2  137 
3 
3 
1  132 1801182662  
2  152 
1  152 1982141846  
2  101 
2  147 
1  76 140634031  
1  125 1430710891  
1  32 2017135072  
3 
1  146 1033784881  
1  0 1733602195  
1  52 1981660566  
3 
3 
1  112 1725352788  
3 
2  77 
3 
1  152 671724174  
1  75 393385938  
1  118 292711053  
1  135 1252840902  
3 
1  28 1913106972  
2  40 
2  55 
1  26 371920946  
1  69 1151139165  
2  67 
1  136 400006300  
3 
3 
3 
3 
2  100 
3 
2  78 
3 
3 
2  62 
2  121 
1  115 601856987  
2  32 
3 
2  123 
1  63 1262695205  
1  146 1644948568  
2  157 
1  27 1635110812  
1  167 2081788429  
3 
1  147 1912918292  
3 
3 
3 
3 
3 
1  65 864108851  
3 
3 
1  71 358177240  
1  105 1879836761  
1  136 338485163  
3 
3 
1  27 578898457  
3 
3 
1  128 88130222  
1  105 1309630088  
1  21 75876447  
3 
1  121 1889312885  
3 
1  3 1144288286  
3 
3 
3 
2  150 
1  77 216510478  
2  137 
2  133 
2  128 
1  171 1172540128  
1  80 1013939710  
3 
1  10 1250295359  
2  133 
1  85 758658676  
2  57 
1  132 848116629  
2  173 
2  133 
1  74 828164500  
2  158 
3 
1  125 1430382850  
2  54 
1  14 1241502567  
2  109 
2  113 
2  38 
2  102 
1  52 1120875553  
3 
2  8 
3 
3 
1  45 535740104  
2  123 
1  143 1007125891  
2  66 
3 
1  62 1492796500  
2  19 
1  89 1686879269  
3 
3 
3 
3 
2  40 
3 
3 
2  102 
1  157 1407132191  
3 
1  0 2094653487  
1  172 802090826  
3 
2  176 
2  13 
3 
1  159 904597112  
2  165 
3 
2  23 
2  125 
1  155 1582280651  
3 
3 
1  31 736395607  
1  174 670031756  
1  48 298905854  
3 
3 
2  21 
2  136 
2  130 
1  15 1094572848  
2  132 
1  153 402384869  
3 
2  87 
1  120 637391017  
2  75 
2  54 
3 
3 
3 
2  37 
1  20 1673471305  
1  30 490515091  
1  157 1947021105  
3 
1  118 1749347752  
3 
3 
1  92 232344328  
1  70 943825743  
2  102 
3 
3 
2  100 
1  124 1965858230  
3 
2  125 
2  170 
1  54 1404884457  
1  115 1957765454  
3 
1  145 1068669942  
3 
1  122 16059485  
1  4 658398435  
1  5 1896834442  
2  51 
3 
3 
1  92 1446442335  
3 
2  159 
1  169 1899901002  
1  137 870226347  
2  2 
2  31 
2  63 
2  16 
3 
1  57 1982182439  
2  102 
3 
2  32 
3 
3 
1  37 759543245  
2  80 
2  15 
2  171 
2  3 
3 
1  34 215539199  
3 
2  112 
2  31 
3 
3 
1  64 1521578060  
1  49 19191789  
1  165 162709039  
3 
1  48 176185238  
1  62 923788901  
1  27 1744989690  
3 
3 
1  3 912580846  
3 
1  83 1593820657  
1  28 2043895545  
2  40 
1  3 2007153694  
1  137 1996205526  
1  28 533802914  
3 
3 
2  37 
3 
3 
1  179 1533141351  
1  110 339236969  
3 
3 
3 
2  62 
3 
1  19 333340372  
3 
3 
1  171 1135005456  
2  35 
2  162 
3 
2  142 
3 
2  8 
3 
2  70 
2  10 
1  0 571581298  
1  176 1277166115  
2  114 
3 
3 
1  52 953380038  
2  35 
3 
3 
2  6 
1  165 1976465755  
2  31 
1  20 1087447921  
1  153 2022049980  
3 
2  63 
2  31 
1  169 1992525240  
3 
1  145 1745846356  
3 
3 
1  153 1771400774  
2  61 
1  130 1291483927  
2  2 
1  35 1498263710  
3 
3 
1  60 494143474  
2  161 
2  85 
1  160 1126182718  
3 
3 
1  85 110323308  
3 
3 
3 
3 
2  10 
3 
1  12 709682673  
2  13 
1  137 500277130  
2  7 
3 
1  101 129515097  
3 
3 
1  13 872391712  
3 
1  44 676462368  
2  57 
1  38 1053303998  
2  62 
2  52 
2  30 
2  119 
1  150 469897755  
3 
2  128 
3 
2  152 
2  65 
1  1 1589043214  
2  58 
3 
3 
2  152 
3 
1  57 499641007  
2  168 
2  50 
3 
2  113 
1  89 366309652  
2  133 
2  33 
2  37 
2  47 
2  79 
2  162 
1  165 1448713260  
3 
3 
2  43 
1  25 348362885  
3 
2  83 
2  54 
1  78 900112566  
1  13 834370964  
1  47 687599854  
3 
3 
1  103 1233452938  
2  2 
2  0 
1  23 1969376420  
2  58 
2  104 
1  11 1259181152  
3 
3 
3 
1  55 363135406  
3 
2  45 
1  165 775272810  
3 
1  2 1088163259  
2  152 
3 
1  100 1450583327  
3 
3 
1  92 649839143  
1  132 933204851  
3 
2  94 
3 
2  112 
1  51 1048946036  
3 
1  28 273756269  
2  97 
1  105 77205130  
1  59 399726098  
1  131 767899743  
1  51 1203387848  
2  130 
2  49 
2  29 
3 
2  6 
2  51 
3 
1  130 510049406  
1  11 1477582417  
2  150 
1  5 1703664978  
1  106 639564503  
1  44 202490481  
3 
3 
3 
2  37 
1  169 232643699  
2  54 
2  40 
2  117 
3 
2  90 
1  53 1692868501  
3 
2  8 
1  46 672388236  
3 
2  22 
1  92 1821686913  
2  88 
2  20 
1  83 45025860  
3 
2  85 
2  31 
3 
3 
3 
3 
2  31 
1  77 1038697888  
3 
1  86 1122916526  
1  6 393388745  
2  12 
2  155 
1  75 1938810455  
2  139 
2  18 
3 
1  23 1957287490  
2  97 
3 
3 
2  112 
1  16 1080988600  
1  5 1024779745  
3 
3 
3 
2  78 
1  155 1779180262  
1  127 192686104  
2  116 
3 
2  34 
3 
3 
2  155 
2  104 
3 
3 
2  33 
3 
3 
3 
3 
2  106 
3 
2  36 
1  6 1387915151  
1  74 406969424  
3 
1  8 1280849364  
1  29 691014831  
1  132 1056808567  
1  12 66570567  
2  62 
1  15 1739960867  
3 
1  143 1330564837  
1  54 143775698  
3 
2  11 
1  125 2139686965  
2  136 
3 
1  39 2098464580  
1  90 1347163546  
2  160 
3 
3 
2  38 
1  49 502252724  
1  34 1428563349  
1  118 903344877  
3 
3 
1  95 1141817227  
3 
1  94 1631053831  
1  110 1135988576  
1  106 687202081  
2  5 
3 
3 
2  17 
1  140 155958419  
2  55 
2  150 
1  121 810191841  
2  91 
3 
3 
3 
2  109 
2  152 
3 
2  62 
1  151 732227941  
2  40 
1  37 1194656308  
1  29 1933108367  
3 
1  0 1125616687  
1  165 985983115  
1  112 1742912209  
1  20 59121639  
1  159 2010762860  
3 
1  96 1374608823  
2  40 
1  64 251807743  
3 
2  116 
2  133 
1  75 1251194364  
3 
3 
3 
2  109 
1  24 1781578248  
2  24 
2  121 
1  155 1532657107  
3 
1  57 1942209195  
2  53 
3 
1  34 690903167  
3 
3 
1  11 1599227675  
3 
1  140 1534686414  
2  84 
1  58 2021468004  
2  116 
2  163 
1  165 1743003373  
2  57 
3 
2  64 
3 
3 
2  40 
3 
1  7 1526889731  
2  74 
1  5 1972448937  
1  84 942683271  
1  100 2029142455  
3 
2  84 
2  71 
2  37 
1  100 1253528638  
3 
2  105 
1  128 1846028148  
3 
3 
2  153 
2  79 
1  160 1023476035  
1  7 737098821  
2  64 
3 
1  128 834533076  
2  158 
1  68 1710678116  
1  138 893057241  
1  2 1644724918  
2  74 
2  122 
1  164 295422409  
3 
3 
3 
3 
2  110 
3 
1  140 2087713549  
3 
2  19 
1  17 1430349637  
1  130 1421039096  
2  17 
1  58 926213016  
2  105 
3 
3 
1  80 1025778199  
1  139 1480160735  
3 
2  103 
1  152 789492228  
3 
2  18 
1  145 252903374  
3 
2  141 
1  139 1731968479  
1  133 2040686592  
1  154 2034481622  
1  66 1117141938  
2  17 
2  42 
2  4 
2  14 
1  5 1835412139  
3 
2  82 
1  15 577901142  
1  77 568885965  
3 
3 
3 
1  5 1222614905  
3 
2  54 
3 
2  119 
3 
1  123 451885498  
3 
3 
3 
3 
3 
3 
2  124 
2  162 
3 
2  59 
2  88 
2  124 
1  127 164405690  
3 
1  99 602020989  
2  59 
3 
1  157 276850787  
2  8 
1  5 1107088962  
1  139 483679796  
3 
3 
1  155 1530379426  
2  125 
3 
3 
2  35 
3 
1  19 805633462  
3 
2  42 
1  47 1507155831  
2  91 
1  154 119994599  
3 
1  99 1640166539  
3 
3 
1  24 1070350299  
1  102 1013051840  
3 
2  116 
1  80 1137407809  
1  31 1365772709  
2  89 
3 
3 
1  74 953281741  
1  7 420273798  
2  11 
2  134 
3 
1  105 639328157  
3 
2  89 
1  0 1879494757  
3 
1  163 1446051997  
2  26 
3 
2  39 
1  18 2119488893  
3 
2  20 
3 
2  7 
2  93 
3 
2  24 
3 
2  67 
3 
2  66 
2  33 
1  39 521503338  
1  106 1698955372  
3 
2  57 
3 
1  130 1703973724  
3 
3 
2  53 
3 
2  55 
1  75 414706282  
1  35 1585953346  
1  161 673632014  
2  27 
1  114 102634774  
2  120 
3 
3 
3 
1  49 16370840  
1  109 1242517980  
3 
3 
2  37 
1  21 1325249679  
1  27 468256339  
3 
3 
1  2 1406923670  
3 
1  115 1927270668  
1  93 745107126  
1  26 366528984  
3 
2  9 
1  9 263466817  
2  14 
1  52 128002904  
2  32 
3 
3 
1  15 1172162447  
3 
1  22 1770622648  
3 
1  147 247997504  
1  24 664845338  
2  61 
2  138 
1  161 693489300  
3 
2  83 
2  30 
3 
3 
3 
1  28 1261049344  
1  57 1802253147  
3 
1  57 2059262009  
1  156 66847438  
2  105 
2  36 
2  133 
2  147 
2  163 
3 
2  137 
2  74 
3 
1  131 75043297  
3 
1  1 551106518  
3 
1  17 1946342195  
2  36 
2  20 
2  129 
1  141 1521095295  
2  7 
3 
3 
2  133 
3 
1  135 523111763  
1  29 320361885  
3 
2  46 
2  146 
2  135 
2  151 
2  126 
1  86 1072567019  
1  108 79601839  
1  148 735068168  
2  122 
1  111 511036717  
3 
3 
1  37 753233854  
3 
3 
3 
1  4 837702942  
2  166 
2  51 
2  165 
1  88 527407558  
3 
2  62 
3 
2  42 
3 
2  33 
1  130 1995751834  
1  166 15468973  
3 
3 
2  162 
2  13 
1  21 995663897  
2  55 
3 
3 
2  82 
2  127 
1  42 1255191856  
3 
1  31 1942739642  
3 
1  9 1740771023  
3 
2  92 
2  52 
2  7 
2  45 
1  19 1621720841  
2  160 
2  122 
3 
2  32 
2  101 
3 
2  11 
2  103 
3 
1  72 58722811  
2  53 
3 
2  11 
3 
2  126 
2  141 
1  92 1868773928  
2  12 
3 
1  72 646399640  
1  95 1829345459  
3 
3 
3 
1  57 2116771432  
3 
3 
3 
1  1 1311244978  
2  44 
3 
3 
3 
3 
1  162 375351111  
1  112 1230337128  
2  5 
2  15 
3 
1  28 966014477  
2  39 
1  145 287129472  
1  143 1297184566  
2  157 
3 
2  85 
3 
3 
3 
1  159 1041057774  
2  113 
2  33 
2  44 
3 
2  41 
1  103 838235991  
1  25 1096043114  
2  50 
2  60 
2  133 
1  35 414669421  
1  44 1361347754  
3 
2  99 
2  43 
1  10 1416404999  
1  121 1487236440  
1  90 1440949594  
2  153 
1  129 3989519  
1  44 1998273158  
2  108 
2  61 
2  70 
2  8 
3 
2  123 
2  60 
1  149 46699800  
2  25 
1  107 841692461  
1  6 378197068  
1  92 2042451634  
3 
3 
2  23 
1  37 857161435  
1  152 1373860965  
1  142 1150159842  
1  111 652417429  
1  144 967148340  
1  101 624397035  
2  0 
3 
3 
2  36 
3 
3 
2  69 
3 
1  33 711140240  
2  115 
2  14 
2  2 
3 
1  42 688438620  
1  61 1270796675  
3 
2  34 
1  140 393002051  
3 
1  102 657726404  
1  3 434558005  
2  54 
2  139 
1  5 768353163  
3 
2  138 
3 
1  13 1888063533  
2  40 
3 
1  156 1400572482  
1  10 1055482635  
3 
2  54 
1  45 1037764451  
3 
2  9 
3 
2  51 
1  128 294146609  
3 
1  106 1893718626  
2  140 
3 
3 
3 
1  2 2133807565  
3 
3 
1  140 708816030  
3 
2  54 
2  6 
1  11 1107582733  
1  37 1402728917  
2  88 
3 
2  51 
2  133 
1  148 48568823  
1  134 401048679  
2  81 
2  40 
1  16 1406718436  
1  122 2046841981  
1  22 447748479  
3 
3 
2  47 
3 
2  107 
1  98 100927250  
3 
2  68 
3 
2  55 
2  34 
1  20 277555401  
2  27 
2  146 
2  130 
1  135 342716465  
2  28 
1  34 958088685  
2  143 
2  38 
2  46 
1  41 1651416366  
1  10 1492876307  
1  44 1610506114  
1  93 471081058  
1  33 2117273343  
2  24 
1  43 174162706  
3 
1  79 1159519679  
1  49 1240586370  
3 
1  127 567164757  
3 
3 
2  70 
2  119 
3 
3 
2  55 
3 
3 
2  124 
3 
2  110 
2  126 
1  60 1817246083  
2  137 
3 
2  14 
1  30 1675144376  
2  135 
2  99 
1  80 1335517920  
2  52 
1  27 1557825968  
3 
2  15 
3 
3 
2  5 
2  11 
1  70 928233210  
2  18 
1  87 243516908  
3 
3 
3 
1  47 448106772  
1  7 1222379819  
3 
3 
1  102 2137235534  
3 
1  88 434430689  
2  103 
2  69 
3 
1  54 1931195850  
3 
3 
1  94 1097334619  
2  114 
1  19 1837159606  
1  142 1979764673  
2  55 
3 
1  22 1498383298  
3 
1  124 1096394395  
3 
3 
1  15 1879123006  
3 
1  13 1946131777  
2  131 
2  97 
3 
2  119 
1  115 1197321645  
1  63 9194759  
3 
1  136 141364594  
2  115 
3 
1  129 7926682  
1  102 1660611125  
2  21 
2  127 
2  155 
3 
3 
1  88 1634240902  
2  43 
1  154 1618432796  
3 
2  70 
1  116 2131692183  
2  11 
3 
2  19 
1  64 1604030597  
1  83 1792595502  
2  139 
2  132 
2  56 
1  143 1143728214  
2  144 
1  46 697133319  
2  22 
1  111 212276611  
3 
3 
3 
1  7 813490650  
3 
3 
1  84 224794047  
1  5 1547794532  
1  31 223832970  
3 
1  8 1153027258  
2  46 
3 
2  2 
3 
2  68 
2  41 
3 
3 
3 
2  97 
2  153 
3 
1  141 1791311440  
1  16 671939742  
2  29 
2  26 
3 
3 
2  13 
2  12 
1  61 227923429  
3 
1  82 1781063326  
2  9 
1  133 1106370432  
1  6 11635631  
1  24 730914298  
1  108 796046390  
2  38 
2  75 
2  13 
3 
1  91 1991400304  
3 
1  104 81813948  
3 
3 
1  25 1892440785  
3 
1  100 1723039662  
3 
1  39 2027945726  
1  29 942278782  
1  39 1732234421  
3 
1  46 21826672  
3 
2  120 
3 
3 
3 
2  22 
3 
2  113 
3 
1  3 950205464  
1  21 1245361898  
3 
1  44 1656067574  
3 
2  9 
2  35 
1  85 421154612  
2  28 
1  20 1229570434  
1  40 1112614523  
1  128 66266466  
3 
3 
2  43 
3 
1  74 225815000  
1  136 1809747843  
1  66 278543078  
1  40 1039305650  
3 
2  18 
1  9 2034541890  
3 
3 
3 
1  41 1826337610  
3 
1  122 1263138621  
3 
1  48 1040085500  
1  78 1470165402  
3 
1  105 1935078363  
3 
2  57 
1  151 1268008930  
3 
3 
1  38 1103745080  
2  96 
1  139 893965147  
1  69 1279644561  
2  64 
3 
3 
2  44 
3 
3 
2  44 
1  34 1834659378  
2  111 
1  95 1690011538  
2  12 
3 
1  22 1123561218  
1  42 1916473327  
1  25 1434968675  
1  64 699117232  
1  5 1796935405  
2  40 
3 
3 
1  57 229763810  
3 
2  148 
2  27 
2  134 
3 
1  73 283868006  
1  38 1818762077  
1  69 1179969274  
2  41 
3 
2  134 
1  25 1529229904  
2  57 
1  135 1327346004  
3 
2  121 
2  20 
1  154 1601123887  
3 
1  153 611316690  
3 
3 
1  49 292476879  
1  104 1667390353  
2  131 
2  77 
3 
1  22 837131691  
2  18 
2  19 
1  10 2102224722  
2  5 
3 
1  11 1945933431  
2  78 
3 
2  3 
1  129 1876437341  
3 
3 
2  43 
1  136 1989282965  
1  127 1624787393  
3 
1  64 992092314  
2  129 
3 
2  16 
3 
3 
2  12 
2  5 
3 
3 
2  127 
2  96 
1  52 881884817  
2  52 
1  137 947469147  
3 
1  52 779687030  
1  36 2410099  
3 
3 
2  62 
2  34 
2  96 
3 
3 
3 
1  140 2051214228  
3 
2  65 
3 
3 
2  119 
2  104 
3 
3 
2  90 
3 
1  5 1673652177  
2  7 
3 
2  151 
2  108 
1  131 1282054661  
1  46 1738389958  
2  41 
1  9 1216180067  
3 
3 
1  61 258132231  
2  106 
2  132 
1  96 1507379637  
1  48 503665095  
1  66 957249463  
3 
2  68 
3 
2  112 
2  68 
3 
2  36 
2  112 
1  78 1156831394  
1  80 733428905  
2  24 
1  23 1241117469  
2  111 
2  144 
2  135 
2  126 
3 
1  50 828109824  
3 
1  40 1913398179  
1  23 622863726  
3 
2  40 
2  30 
2  67 
1  10 7972180  
1  134 1367038418  
3 
1  43 1234180416  
1  149 300449059  
2  33 
3 
1  131 886945124  
2  120 
3 
3 
1  0 2071312107  
3 
2  22 
1  57 255190134  
2  17 
3 
2  50 
3 
2  54 
1  110 685394907  
1  38 1800265801  
3 
1  116 96989451  
2  88 
2  46 
1  34 162698653  
1  3 644874467  
1  85 978874268  
2  44 
2  29 
2  32 
1  91 1110167800  
1  95 1424561497  
1  132 981284368  
3 
2  29 
2  57 
2  91 
3 
2  10 
3 
2  103 
2  149 
3 
1  17 1013898380  
1  107 950730027  
1  19 115855381  
1  6 604804691  
3 
2  121 
1  114 19426446  
1  104 373987612  
2  58 
1  140 2112184328  
2  72 
3 
1  140 523091541  
3 
1  1 1331237075  
3 
2  38 
3 
3 
3 
2  32 
2  52 
2  68 
1  109 1121532075  
3 
2  89 
3 
3 
2  124 
2  39 
2  88 
2  148 
3 
2  42 
2  20 
2  28 
1  50 1256520446  
1  45 424870897  
1  5 1949641899  
1  4 1022434978  
3 
2  23 
2  5 
1  50 1047734623  
3 
2  20 
2  91 
3 
2  56 
3 
1  35 1957614079  
1  102 241989748  
2  8 
3 
1  30 134431391  
2  59 
2  20 
1  33 110579490  
3 
3 
1  85 1128934872  
3 
3 
2  37 
3 
1  131 58259851  
3 
2  146 
1  121 365769624  
1  133 1814329780  
3 
1  37 1858525652  
2  88 
3 
3 
2  107 
1  135 462759075  
1  40 1977028433  
1  31 355916471  
1  22 1441633344  
1  21 939712585  
1  112 1780477969  
2  46 
3 
2  12 
2  23 
1  135 275434064  
3 
2  91 
2  21 
2  127 
2  52 
1  42 1953610966  
2  13 
2  2 
1  7 583724348  
2  37 
3 
2  149 
2  96 
3 
2  33 
3 
3 
3 
1  148 391289445  
1  13 410932009  
2  51 
2  9 
2  47 
2  30 
2  52 
3 
2  37 
1  11 603150794  
1  145 765277057  
2  132 
1  1 375632689  
1  2 1126242336  
2  60 
1  63 2096514132  
2  25 
3 
2  28 
1  6 1497164764  
1  32 235279134  
3 
3 
1  64 373901381  
3 
2  105 
3 
3 
3 
2  13 
3 
1  97 1299323015  
3 
2  78 
3 
3 
1  44 1257714112  
1  3 1421636004  
3 
1  136 1109453446  
3 
3 
1  117 1499703861  
3 
3 
3 
3 
2  71 
3 
2  67 
3 
1  48 1556067396  
2  136 
2  18 
1  35 1220032937  
1  40 481155085  
1  122 1614327247  
2  31 
3 
3 
1  111 1585802561  
2  57 
2  21 
3 
1  37 148001217  
1  35 1325369251  
2  21 
1  82 2048561637  
2  86 
1  12 2125029650  
1  43 1681285722  
2  39 
3 
3 
2  23 
3 
1  46 1342711333  
1  10 917258588  
3 
2  126 
1  40 1314280043  
2  119 
1  54 1618145397  
1  95 723385906  
1  149 1898004391  
2  36 
1  35 2009434842  
2  47 
3 
2  5 
1  92 1134317915  
2  127 
2  71 
1  151 353671538  
1  35 627228251  
1  4 1509950604  
1  15 1479913874  
1  125 576258735  
2  44 
2  129 
1  14 859631721  
1  30 1715193008  
2  32 
1  55 950160117  
3 
3 
1  50 11471088  
2  14 
1  116 825423473  
1  138 224312473  
3 
3 
2  20 
2  16 
1  5 1120924535  
1  26 177643686  
3 
3 
1  27 1780379869  
2  43 
2  85 
2  25 
1  48 193473824  
2  94 
3 
3 
1  11 658798771  
2  113 
2  145 
3 
1  4 1247223468  
3 
3 
2  13 
1  8 1779276385  
2  133 
2  128 
1  153 806799989  
1  41 425109071  
1  161 1680354374  
3 
2  36 
2  30 
3 
2  90 
1  119 784345991  
2  80 
2  124 
2  157 
3 
2  95 
3 
3 
3 
1  5 2106394794  
2  106 
2  13 
3 
3 
3 
3 
1  19 875582059  
1  2 1701604579  
3 
2  128 
1  92 1273191189  
2  20 
3 
2  56 
3 
2  40 
3 
1  132 346243808  
1  5 277506837  
1  90 1023711933  
1  25 208195002  
2  155 
1  85 1411824752  
2  6 
2  111 
3 
2  43 
1  1 1377383471  
1  51 835423253  
1  24 774291709  
3 
1  151 709813697  
3 
2  34 
3 
1  11 1411681989  
3 
2  128 
2  126 
1  10 1633923430  
2  110 
2  132 
2  71 
3 
2  24 
3 
1  64 277523057  
3 
3 
2  159 
3 
2  30 
1  136 214358458  
3 
2  15 
2  35 
1  40 1645394518  
1  92 1102946530  
3 
1  113 438670931  
1  100 618835405  
1  0 1280590216  
1  84 71567153  
2  117 
3 
2  57 
1  113 812309229  
3 
1  148 1939388988  
1  89 1318790621  
2  19 
3 
1  47 444101967  
1  92 598705329  
2  56 
1  149 1743899693  
2  114 
1  57 2124456341  
3 
1  87 1383051320  
1  56 1702810839  
3 
1  146 852554753  
2  61 
2  61 
3 
2  44 
3 
1  118 937172252  
2  43 
2  85 
2  107 
2  120 
3 
3 
3 
2  39 
3 
2  145 
2  60 
3 
3 
1  54 828518380  
2  9 
2  99 
2  85 
2  47 
1  110 1198798561  
1  27 1214679089  
1  27 1852230313  
3 
2  125 
2  156 
3 
1  117 1406993564  
2  47 
3 
3 
2  31 
3 
2  66 
3 
3 
1  22 479020194  
2  25 
2  70 
2  23 
3 
2  132 
3 
2  18 
3 
3 
1  8 1082130136  
3 
2  65 
1  35 94933169  
2  145 
2  53 
3 
1  148 1253311903  
2  0 
1  5 1791943833  
3 
3 
2  11 
1  5 1506615158  
1  5 739751685  
2  52 
2  115 
3 
1  135 2069466891  
2  77 
1  109 1720973616  
1  38 237662555  
1  45 1024929773  
3 
1  24 12160900  
2  146 
1  79 856497961  
3 
2  67 
2  141 
2  16 
2  1 
1  75 158036342  
1  105 83728053  
2  52 
1  19 1668807190  
3 
2  8 
3 
3 
1  139 2097425330  
1  66 1402518674  
1  64 2112909157  
2  36 
1  84 548647011  
2  55 
1  30 998934719  
3 
2  24 
2  94 
2  129 
2  42 
2  15 
1  35 2089881851  
1  135 1931698331  
1  108 554261910  
2  119 
2  101 
1  57 794952956  
3 
3 
1  12 721386935  
3 
1  151 1382780291  
3 
2  45 
1  48 1993751517  
1  53 1936066025  
3 
1  105 1087526956  
2  69 
1  130 1253261433  
3 
1  45 267602571  
1  62 22173445  
3 
3 
2  84 
2  31 
1  53 1348194603  
2  78 
3 
3 
2  45 
1  54 1520914474  
1  51 1814117278  
2  100 
3 
2  100 
3 
2  20 
3 
3 
1  152 707326113  
3 
3 
3 
2  107 
2  26 
1  48 113182511  
3 
1  16 1736100521  
1  116 280816082  
1  75 350845066  
2  83 
2  40 
2  50 
2  115 
1  149 613546647  
3 
1  6 292976982  
1  120 1207343027  
3 
3 
3 
3 
3 
1  20 771582989  
3 
1  151 376705035  
2  38 
1  66 728666570  
2  133 
3 
2  36 
3 
3 
2  94 
1  81 721524671  
1  144 1779223709  
2  60 
2  61 
2  68 
2  27 
2  105 
3 
3 
2  152 
3 
1  72 694092079  
1  18 1270171682  
1  131 630674781  
1  53 636490282  
3 
2  73 
1  36 1054386365  
3 
2  149 
1  34 1184936691  
1  46 1431443238  
3 
3 
3 
3 
1  74 1775773301  
1  159 420233334  
3 
1  97 1277711108  
2  25 
1  27 1564355678  
3 
1  132 1507760291  
1  23 383488893  
2  36 
3 
3 
2  47 
2  90 
2  94 
1  55 1831958249  
3 
1  148 1529933736  
3 
2  8 
3 
3 
3 
2  32 
2  59 
1  112 1731683496  
3 
1  62 1205389075  
2  60 
3 
1  106 1196567366  
3 
1  44 291525962  
1  88 1318571586  
1  31 785184240  
2  98 
2  120 
3 
1  95 572342044  
2  54 
1  137 1669416652  
1  90 1398730887  
3 
2  60 
3 
1  76 865319026  
1  135 729276032  
2  109 
2  57 
3 
1  31 22830228  
2  125 
1  157 1242024061  
3 
1  70 1457942602  
2  80 
1  123 744354899  
1  83 873764122  
1  119 4551033  
3 
2  32 
1  119 2014526581  
3 
3 
2  45 
1  5 1504438903  
1  118 641041316  
2  128 
3 
2  42 
3 
1  9 921429298  
1  154 541891947  
2  116 
1  121 2072484554  
1  129 549718951  
2  34 
1  98 962125281  
1  88 1202712014  
2  22 
2  139 
2  108 
2  146 
1  59 2114074629  
2  3 
3 
1  24 322401924  
2  140 
3 
1  58 1586200908  
2  153 
2  110 
3 
2  101 
2  45 
1  148 1798549230  
2  115 
1  143 1852335660  
1  18 1170400756  
2  112 
2  21 
1  36 856454657  
1  116 901419379  
1  80 1461926718  
2  35 
3 
1  28 27542595  
2  111 
3 
1  55 1686603619  
3 
2  140 
2  151 
3 
2  90 
2  39 
1  110 2034268762  
2  61 
1  72 1696959248  
3 
3 
3 
2  108 
1  82 937850858  
3 
1  141 752104140  
3 
3 
2  98 
3 
1  153 278751632  
1  0 960681086  
3 
1  48 1994128201  
1  153 1736694234  
3 
2  41 
3 
2  84 
2  86 
2  52 
1  133 1705035985  
3 
3 
2  47 
3 
3 
2  53 
1  64 720408676  
2  77 
1  29 1741245267  
2  51 
3 
2  25 
1  45 1572078918  
1  104 77363931  
3 
3 
2  141 
3 
3 
2  127 
1  60 234802935  
2  12 
2  1 
2  42 
3 
1  114 346024568  
2  51 
2  145 
3 
1  142 619255878  
2  30 
1  128 159803842  
2  21 
3 
2  104 
2  73 
1  44 895743520  
1  63 1581381160  
3 
1  26 1362515856  
3 
1  67 862334501  
3 
3 
1  63 1903783084  
2  1 
3 
2  2 
3 
1  9 801233116  
1  28 513400084  
3 
3 
3 
2  144 
2  16 
1  108 1608635097  
1  61 1971633873  
3 
3 
3 
2  141 
1  101 1369854741  
2  41 
1  53 362570828  
2  47 
2  3 
3 
2  36 
1  11 1286076943  
2  144 
3 
3 
2  112 
1  35 1397397337  
3 
3 
1  23 2049174447  
1  2 1172862058  
2  19 
2  5 
1  140 946872937  
2  12 
2  62 
2  17 
2  11 
1  38 839541657  
1  75 1924966198  
2  29 
2  22 
2  38 
3 
3 
2  122 
3 
3 
1  18 1225624569  
2  5 
3 
3 
1  27 1800222743  
2  98 
1  63 1771610752  
1  68 814835155  
1  139 1357775080  
3 
2  38 
3 
1  14 344535780  
1  73 408596774  
3 
2  22 
2  102 
1  116 782370350  
1  110 421899711  
3 
1  11 643399710  
3 
1  6 1128394918  
3 
3 
1  63 1041155590  
1  71 803203552  
2  79 
2  32 
2  9 
2  40 
3 
2  26 
2  25 
2  6 
1  9 2024138438  
1  25 475053102  
1  36 18235760  
2  86 
1  87 738989292  
1  129 231352538  
3 
2  88 
3 
3 
3 
2  35 
2  28 
2  63 
2  28 
3 
1  5 819468877  
2  48 
1  117 1252389376  
3 
1  12 1839987635  
2  5 
2  56 
3 
1  82 643619102  
1  11 474760469  
2  117 
1  32 55074815  
1  59 1929696045  
2  11 
1  95 1872157806  
3 
1  34 2104249262  
1  12 955074455  
3 
2  117 
3 
1  12 671547095  
2  41 
2  104 
1  58 796307271  
3 
2  19 
2  22 
3 
1  14 732557006  
3 
1  98 1897171664  
2  57 
2  9 
3 
2  111 
2  39 
1  100 449046366  
3 
2  7 
2  73 
3 
3 
3 
2  108 
2  26 
3 
2  31 
3 
1  109 356684110  
2  62 
3 
2  6 
2  68 
2  27 
1  32 564523171  
1  8 1806821446  
2  23 
1  8 701219890  
2  25 
1  25 973119946  
2  15 
3 
1  69 441708148  
2  132 
3 
1  49 1123119601  
1  67 1616519656  
2  50 
2  33 
3 
1  24 1570103067  
2  35 
3 
2  61 
3 
3 
1  66 16791543  
2  17 
3 
1  32 272239560  
2  89 
2  64 
2  81 
1  1 1446757857  
1  51 491844645  
1  35 290475320  
1  123 38263501  
1  46 723197184  
3 
1  18 1109944197  
2  93 
3 
1  134 1290652877  
1  86 415701171  
1  96 1753563299  
1  115 1765413347  
1  108 470775987  
1  89 1535775697  
1  46 1490087505  
1  68 427541601  
2  77 
3 
1  2 343366504  
3 
1  33 14150953  
3 
3 
2  19 
2  2 
2  8 
2  43 
2  14 
3 
2  24 
2  125 
2  28 
1  28 1223848873  
1  25 1075923510  
2  113 
1  22 1911322617  
3 
3 
1  116 1672895239  
1  11 1432607620  
2  48 
1  32 328362141  
3 
3 
1  26 1332233038  
1  26 2133827510  
1  10 1301482087  
3 
2  79 
3 
1  62 1773941186  
1  3 1109463464  
1  118 770518095  
3 
1  8 1196560605  
3 
3 
3 
2  27 
2  43 
2  136 
3 
3 
2  44 
2  13 
1  107 1126255007  
3 
1  27 1042757655  
3 
2  104 
2  133 
1  120 495834815  
2  43 
2  109 
2  128 
2  98 
1  72 1618099653  
1  39 1333232975  
3 
1  31 534098316  
2  0 
1  24 193813189  
2  36 
3 
1  35 295693525  
1  18 1824751194  
1  42 609514360  
1  20 2049256824  
1  91 1442680893  
2  63 
1  18 1080290347  
1  101 1437548873  
2  2 
1  84 785284750  
1  15 1507831949  
3 
3 
2  102 
1  44 1780915378  
3 
1  112 799435703  
1  40 584197174  
3 
1  131 709355240  
2  22 
3 
1  37 563274673  
1  149 109608765  
2  37 
1  12 2141962861  
3 
3 
1  130 891636814  
2  35 
2  119 
3 
2  29 
1  125 1441841803  
1  144 2128306723  
2  108 
1  9 45635253  
3 
3 
1  27 1068299342  
3 
1  0 1090286539  
2  32 
2  6 
1  18 816153348  
1  33 117376299  
3 
2  40 
3 
1  12 69057899  
3 
2  109 
1  89 1858911003  
1  60 613211114  
2  81 
2  85 
3 
2  77 
2  54 
2  124 
1  22 1687157552  
3 
2  91 
3 
3 
3 
3 
2  6 
1  14 1044660330  
3 
2  46 
1  49 1147309431  
3 
2  130 
1  41 1880970741  
3 
1  104 1340353855  
2  95 
2  93 
3 
3 
1  7 824576977  
2  10 
3 
3 
3 
2  19 
1  122 343001453  
3 
2  63 
2  109 
3 
3 
2  139 
1  139 1242127032  
3 
1  123 119774222  
2  115 
1  43 1423291801  
3 
1  8 532192257  
2  103 
2  120 
1  153 905058972  
3 
2  23 
1  89 783640102  
1  151 165623987  
2  8 
2  134 
1  98 1704494676  
3 
3 
3 
3 
3 
1  50 1367837276  
2  152 
1  44 874979228  
2  153 
3 
2  52 
3 
3 
2  147 
2  40 
2  130 
1  52 120285701  
2  33 
3 
2  0 
2  138 
3 
1  132 1477446041  
1  20 869458441  
3 
1  53 1011922515  
2  128 
2  54 
1  10 771804197  
1  62 850281516  
1  16 1057557768  
3 
3 
1  26 1840103539  
3 
3 
3 
2  99 
2  6 
2  134 
2  125 
3 
2  111 
1  67 1940568056  
2  118 
1  47 1873711116  
1  22 1957479838  
1  82 2009625955  
1  26 1585138471  
1  22 423207305  
2  134 
1  158 1549299859  
1  110 482315153  
3 
1  106 1570516736  
3 
2  33 
2  83 
1  43 1282786952  
3 
1  68 1822669009  
2  52 
3 
1  17 247610065  
1  84 1625788405  
1  110 917312393  
1  71 367384287  
1  26 901596558  
1  142 1449504650  
3 
1  52 1272443259  
1  108 1685236660  
1  101 1615128638  
3 
1  25 829454287  
1  66 905590288  
1  77 342624218  
1  84 949739988  
3 
1  7 235552682  
3 
2  95 
2  126 
1  70 1212082659  
2  60 
2  120 
2  158 
2  72 
1  37 1961662503  
2  61 
1  10 1007356879  
2  160 
1  127 2062364175  
2  47 
1  44 871736623  
1  3 699976770  
3 
3 
1  51 1855448583  
1  43 597964091  
3 
2  167 
3 
1  40 509972960  
1  51 1717590890  
2  91 
1  49 35618914  
2  102 
1  43 933180265  
2  27 
3 
1  17 1119407101  
1  13 517934068  
2  138 
3 
1  122 356213353  
1  92 254710405  
3 
3 
3 
1  142 193119429  
2  95 
2  120 
3 
2  158 
2  60 
1  2 603823418  
1  66 1880498811  
3 
3 
2  123 
3 
1  91 1110431822  
1  171 971207705  
3 
3 
1  62 634611721  
1  139 412452824  
2  78 
3 
2  44 
3 
2  66 
1  143 96167317  
3 
1  55 172364734  
1  61 2027581462  
1  51 925621604  
1  44 1077955022  
3 
3 
3 
3 
1  104 222722032  
3 
2  94 
1  63 1875361593  
3 
2  86 
1  137 1313507704  
3 
2  114 
1  99 1434804691  
3 
3 
3 
3 
2  50 
3 
2  85 
3 
1  145 1689540448  
1  43 173380935  
3 
1  144 1349685219  
3 
1  104 413793424  
2  47 
1  112 873357705  
2  101 
3 
3 
1  36 1057650154  
1  33 1011757515  
3 
2  4 
1  90 1383330666  
1  114 627757397  
2  30 
2  99 
3 
2  59 
1  18 1047376430  
3 
3 
3 
2  97 
2  72 
3 
3 
1  48 169027283  
2  2 
3 
1  169 1747164498  
1  44 1565310498  
3 
3 
2  135 
3 
2  48 
1  103 525240637  
3 
3 
3 
3 
2  174 
1  120 2001874904  
2  34 
3 
1  102 1758429927  
1  25 1129064055  
2  106 
1  141 1734890067  
3 
3 
2  150 
3 
2  80 
3 
3 
2  117 
1  70 721378101  
1  46 2100271761  
2  80 
2  91 
3 
1  168 222018140  
3 
2  66 
2  117 
2  2 
2  54 
3 
1  108 1133830925  
1  60 48955430  
3 
2  153 
3 
2  33 
3 
1  17 394382874  
3 
2  173 
1  34 1013928740  
2  157 
3 
1  156 974577034  
1  125 1472337897  
2  67 
1  66 1236650772  
1  62 702454979  
2  5 
3 
1  132 638361953  
2  163 
3 
1  7 523971816  
2  86 
3 
3 
1  142 244511780  
1  18 811742889  
2  6 
2  68 
1  116 1873657035  
3 
3 
3 
1  11 658305204  
1  135 1685100594  
3 
1  64 783823541  
1  36 1670062719  
1  147 920947612  
1  14 1411580938  
3 
3 
3 
3 
3 
1  167 569955501  
2  38 
1  46 1089974896  
3 
3 
3 
1  9 1011261789  
2  157 
3 
1  17 2135265999  
1  38 1615215533  
1  129 865653045  
1  58 1746212278  
2  153 
3 
3 
2  16 
2  62 
1  10 596795940  
2  22 
2  75 
3 
3 
1  41 453059464  
1  148 320106731  
1  148 549584053  
1  41 675077604  
2  57 
1  23 1453937657  
3 
2  147 
2  48 
3 
3 
2  4 
2  122 
2  52 
3 
3 
3 
1  60 598539483  
2  22 
2  65 
3 
3 
3 
3 
2  122 
3 
1  97 1069460479  
1  28 320382749  
1  139 1573116518  
2  85 
3 
1  64 394314728  
3 
3 
1  31 1557033521  
3 
2  76 
1  0 128087849  
1  158 1032676681  
3 
1  21 2081005337  
1  136 372599629  
1  55 1844419570  
1  27 1807178724  
2  130 
3 
2  49 
2  178 
2  103 
3 
1  65 1030904833  
3 
3 
2  74 
2  134 
3 
3 
1  14 1382036517  
3 
1  97 443518618  
3 
3 
3 
3 
3 
1  20 553483905  
3 
1  134 155500481  
2  170 
3 
3 
2  15 
1  90 1855099556  
3 
3 
2  179 
1  104 1123439406  
3 
3 
1  161 1245475377  
3 
3 
2  101 
1  1 718877697  
3 
2  84 
1  26 1111221758  
2  166 
1  66 713207262  
3 
3 
3 
3 
2  120 
1  58 1584530742  
3 
1  58 709950388  
1  148 1310003203  
3 
3 
2  74 
1  109 2037590206  
3 
3 
2  66 
3 
2  48 
3 
2  14 
2  87 
1  42 1030057120  
3 
1  89 1859587256  
3 
2  68 
1  112 565184163  
2  65 
3 
1  41 336511129  
1  155 310643092  
1  83 1634644642  
1  52 656893878  
3 
3 
2  85 
1  145 1883759610  
3 
2  63 
3 
1  57 2028959370  
2  41 
2  0 
1  85 66443751  
2  152 
1  160 2011847459  
1  84 914152403  
3 
3 
2  84 
1  156 2147449089  
3 
2  101 
3 
1  16 236963441  
2  50 
2  96 
2  110 
1  56 611088326  
1  33 1807144165  
2  158 
3 
1  169 1267868274  
3 
3 
2  139 
3 
2  60 
1  98 1993124843  
1  57 103179135  
3 
3 
2  54 
2  150 
3 
3 
3 
2  87 
3 
2  175 
2  166 
3 
3 
2  100 
3 
2  45 
2  146 
3 
1  43 1821352179  
2  121 
3 
1  95 1141676  
1  87 1958278692  
1  150 797307938  
3 
1  45 1246617054  
1  134 529672741  
3 
3 
2  8 
2  157 
3 
2  63 
1  116 1908529696  
1  74 1959824316  
3 
3 
3 
1  164 2114203484  
3 
2  49 
1  48 470996436  
2  180 
3 
1  35 1122343871  
1  99 2004310042  
3 
3 
1  37 1501053556  
3 
3 
1  117 834447480  
2  153 
1  41 422010557  
1  78 1837564685  
3 
1  111 1145090572  
1  43 2056655199  
3 
2  79 
1  66 346974915  
1  58 881366534  
1  104 1938130921  
1  136 413418667  
2  113 
1  94 745730345  
1  84 704799677  
1  65 413384108  
1  70 982693786  
1  172 1315888003  
1  100 73044625  
2  85 
2  103 
3 
1  43 103078413  
3 
1  162 1161529198  
3 
2  140 
2  170 
3 
2  56 
1  6 176223761  
2  105 
3 
2  96 
2  32 
3 
1  111 1924430592  
3 
2  54 
1  2 1162670874  
2  2 
1  191 2134502453  
1  138 574254882  
3 
3 
2  177 
1  97 261804280  
2  54 
2  87 
1  148 516691546  
2  124 
1  34 335300930  
1  156 74144949  
3 
1  53 483411382  
1  123 806297367  
1  113 1196488820  
3 
1  129 340237777  
3 
2  138 
1  169 159867275  
3 
1  166 2030936300  
2  82 
2  88 
3 
1  187 762248334  
1  143 1997431961  
1  4 1028543224  
1  125 671419886  
1  56 196923228  
3 
3 
3 
2  135 
1  100 1909909758  
3 
1  117 462067159  
1  40 610341895  
2  119 
1  61 508156456  
3 
2  193 
1  120 1166866836  
2  162 
2  48 
2  185 
2  72 
1  166 1023726003  
3 
2  11 
1  69 1490850242  
2  150 
1  167 335271191  
2  163 
2  84 
2  79 
3 
3 
2  167 
3 
1  9 1096770629  
2  162 
3 
2  13 
2  144 
2  89 
2  73 
2  116 
3 
3 
1  5 1593928655  
2  7 
1  52 1496800389  
3 
2  123 
1  51 1272994390  
2  168 
2  107 
1  76 1370875600  
2  179 
3 
2  9 
3 
1  54 511987616  
3 
2  26 
2  7 
2  156 
2  70 
1  18 1260013195  
1  32 1945130482  
3 
1  121 773791896  
2  69 
2  161 
2  28 
2  170 
2  165 
3 
1  105 1776704741  
2  27 
2  52 
3 
2  0 
2  113 
3 
1  45 132947765  
1  170 847936845  
2  25 
2  3 
3 
2  58 
3 
1  58 112632476  
1  2 939245132  
3 
3 
1  12 2044425666  
2  63 
1  162 452870253  
3 
1  131 1099112407  
1  183 1927878318  
1  149 1215118587  
2  12 
1  144 949060720  
3 
3 
1  183 808937895  
3 
1  19 1886538473  
3 
3 
2  165 
1  108 1145983949  
2  179 
2  105 
3 
3 
2  32 
3 
3 
2  54 
3 
2  94 
1  55 571364005  
3 
3 
2  52 
3 
1  58 201121985  
2  91 
3 
2  33 
2  162 
3 
2  174 
1  112 1756325844  
3 
2  65 
2  100 
2  62 
1  111 1079520461  
2  181 
2  58 
3 
3 
3 
1  173 1367988821  
2  174 
3 
3 
3 
3 
2  36 
3 
1  52 632568200  
3 
1  36 422887056  
1  58 1703260013  
2  1 
2  36 
1  114 1729338829  
1  49 2016815711  
1  119 1052576754  
3 
2  110 
2  127 
2  31 
3 
1  180 854849571  
3 
2  156 
1  64 1240207663  
1  53 1564564370  
2  71 
1  55 2114862766  
3 
1  35 1037854498  
2  46 
3 
2  69 
3 
1  62 190872619  
1  128 1744083859  
2  5 
3 
2  48 
2  28 
1  82 1170802263  
3 
1  104 1038809464  
1  77 1856716335  
3 
3 
1  11 2110047395  
2  10 
3 
3 
2  136 
2  132 
3 
3 
2  71 
1  145 935751482  
1  108 162102940  
1  78 1061676154  
1  103 716146153  
3 
1  168 1377221528  
3 
1  92 2010736875  
1  143 1525084048  
2  38 
2  163 
3 
1  93 1116276353  
2  38 
2  80 
3 
3 
3 
1  26 1009237176  
1  48 2096448053  
1  37 1317398338  
3 
1  172 618079372  
3 
2  5 
1  104 1028484867  
1  21 537903512  
2  138 
3 
1  125 1250647572  
1  153 1451371923  
2  85 
3 
3 
3 
3 
1  30 93679877  
2  121 
3 
2  63 
3 
3 
1  61 832502753  
1  48 1320703986  
3 
3 
1  20 1146256631  
1  74 1687352324  
3 
3 
1  76 413428002  
3 
3 
3 
2  122 
2  139 
1  60 563337354  
1  32 1654731442  
3 
2  20 
3 
2  158 
3 
3 
3 
1  13 1451282500  
1  155 754209973  
2  19 
2  10 
3 
1  84 1251331654  
3 
3 
1  31 474601115  
2  51 
1  83 1793019437  
2  174 
3 
3 
3 
3 
1  60 960564341  
3 
3 
3 
1  112 437164862  
3 
1  160 581287272  
1  55 1122667282  
3 
3 
3 
1  21 1498841016  
3 
2  85 
2  81 
3 
1  142 1297433425  
1  173 352405162  
2  152 
1  137 1362094243  
3 
3 
2  150 
3 
1  135 675033825  
3 
1  64 1468681515  
1  13 223847771  
1  159 623998230  
2  108 
1  32 638596206  
1  155 841927144  
3 
1  147 1652483097  
3 
1  56 1176499718  
3 
2  47 
2  72 
2  31 
1  132 2092574716  
1  179 956371372  
1  68 1270179595  
3 
2  179 
3 
2  174 
2  162 
1  165 777593822  
2  18 
1  54 129591711  
1  140 268952578  
3 
2  81 
1  82 317462498  
1  139 543019713  
3 
2  22 
1  21 832289932  
3 
2  104 
1  38 1972193941  
1  16 1994302213  
2  168 
1  92 1586499905  
1  13 1076041947  
2  57 
1  8 321419680  
3 
2  107 
2  162 
3 
1  131 1232035695  
1  127 2036606288  
3 
1  95 758584542  
1  33 1813322967  
2  111 
2  192 
2  125 
3 
3 
3 
3 
3 
3 
2  61 
3 
2  137 
3 
1  26 1011789922  
2  24 
2  55 
1  156 109941910  
1  157 963272744  
1  167 1364195084  
1  49 1472036154  
2  85 
2  21 
3 
1  9 1638306569  
1  107 685392952  
2  193 
1  77 1695883925  
3 
2  106 
2  148 
2  184 
2  39 
2  63 
3 
2  172 
1  146 114821151  
3 
3 
3 
2  21 
2  126 
1  134 1323989158  
1  44 390327421  
3 
3 
1  39 1767304249  
2  82 
2  189 
1  109 353005228  
3 
3 
2  79 
2  119 
2  61 
3 
1  78 335418490  
3 
3 
1  36 576191973  
3 
3 
3 
1  17 1623184823  
3 
1  185 1113012312  
1  118 705783684  
1  109 1892137401  
2  177 
1  53 1430474810  
1  129 1248803397  
1  110 576943686  
1  75 1255185103  
1  39 1095621962  
2  132 
1  59 15959943  
2  79 
2  39 
3 
1  164 183743402  
2  16 
2  80 
3 
3 
2  136 
2  97 
1  98 1417041642  
3 
1  193 1247995638  
3 
1  122 72866043  
1  143 28142536  
1  78 913834957  
2  108 
1  163 1084655965  
1  107 138084447  
3 
3 
2  125 
2  41 
1  186 1877107701  
1  35 301367402  
3 
2  91 
2  5 
3 
1  0 1610120601  
2  48 
3 
1  185 1367930622  
1  168 986760354  
1  129 1158520878  
2  141 
1  158 1482751774  
2  11 
2  65 
3 
1  136 163265864  
2  41 
1  80 1548848300  
2  132 
3 
1  39 1102572375  
2  150 
3 
3 
1  140 516271092  
2  5 
1  132 1884266790  
3 
2  1 
2  73 
2  51 
1  95 1678764348  
1  179 2139455915  
1  40 849795454  
3 
3 
1  64 237064385  
1  122 1884109668  
3 
1  185 132786616  
3 
2  97 
3 
3 
1  86 1485867782  
2  77 
2  163 
2  74 
1  168 313569706  
1  87 1387971720  
2  58 
1  23 434006097  
1  17 329529650  
2  87 
1  54 1571715122  
2  109 
2  155 
3 
1  44 1851047739  
1  56 1577525288  
3 
1  108 1644581165  
3 
1  32 1879190276  
2  91 
3 
3 
2  192 
3 
3 
2  6 
1  53 343876598  
3 
1  75 581753483  
3 
1  18 2017274723  
2  74 
2  162 
3 
2  98 
3 
1  70 73500651  
1  75 883120885  
2  1 
3 
2  53 
1  46 1479911676  
1  40 1441431274  
2  165 
3 
3 
2  77 
3 
3 
1  48 1869881239  
2  126 
3 
3 
2  6 
3 
2  128 
3 
1  30 490948906  
2  9 
3 
2  10 
1  159 776699400  
1  111 2033147103  
3 
2  159 
1  11 2039797206  
2  41 
2  14 
2  116 
1  63 1879271775  
2  97 
3 
3 
2  165 
2  74 
2  35 
2  37 
3 
1  189 401934547  
3 
3 
2  93 
2  97 
1  135 1776580348  
1  180 1410552475  
1  28 393906814  
3 
1  37 478892154  
3 
1  173 1647616860  
3 
2  169 
1  158 130532834  
1  35 611678771  
3 
3 
2  12 
2  35 
2  191 
3 
1  113 986000995  
3 
3 
2  14 
2  56 
1  187 444102541  
3 
2  30 
3 
2  82 
2  177 
3 
2  150 
3 
2  185 
2  143 
1  39 1999650491  
3 
1  123 1420007092  
2  128 
2  86 
3 
3 
3 
3 
3 
1  125 773632191  
3 
2  29 
2  60 
2  41 
2  32 
2  15 
2  27 
3 
3 
2  181 
1  51 1423881965  
3 
3 
3 
1  143 1123571183  
2  63 
2  103 
1  26 203673831  
1  61 920979483  
1  65 855277811  
2  72 
2  106 
3 
2  157 
3 
3 
3 
1  141 547550429  
3 
1  130 1502732966  
2  4 
2  155 
3 
2  30 
3 
2  130 
1  176 725068886  
2  40 
2  53 
3 
1  163 621051081  
2  99 
2  22 
3 
3 
3 
3 
3 
1  11 238370203  
2  12 
1  29 57496914  
1  61 2062482355  
3 
3 
1  138 2108251442  
1  36 548445821  
2  161 
1  18 691698107  
2  71 
2  27 
3 
3 
1  99 1993914897  
2  169 
1  17 440759379  
2  59 
1  139 423486234  
3 
3 
2  150 
3 
1  81 248365796  
1  19 69856080  
3 
3 
3 
3 
3 
3 
2  112 
3 
1  125 1834038709  
2  106 
1  74 642272610  
2  71 
1  164 548748234  
1  16 1334171922  
3 
1  8 772805444  
1  116 1160427005  
3 
3 
1  146 172689269  
2  46 
2  59 
3 
1  93 1216907985  
3 
1  4 1012593848  
2  122 
1  118 1592696361  
1  184 1990540176  
2  153 
2  128 
1  43 288992166  
2  61 
1  12 568783896  
1  87 46730360  
1  37 1209971649  
1  55 1424061708  
2  15 
2  161 
2  35 
2  161 
1  152 594280789  
2  72 
3 
3 
2  166 
1  65 565220967  
1  101 1646946  
2  32 
3 
3 
3 
3 
2  47 
3 
2  77 
2  156 
3 
3 
2  23 
1  96 1215331870  
1  13 803591170  
1  127 59143861  
1  60 1130330577  
1  166 764358964  
3 
1  175 607589682  
2  122 
1  124 1822028684  
3 
3 
2  30 
3 
3 
2  128 
2  14 
3 
2  112 
1  36 610790213  
3 
2  166 
1  60 1048349061  
2  74 
3 
2  49 
1  13 98031270  
2  159 
2  15 
2  20 
2  95 
1  26 859156009  
1  177 1118205141  
2  174 
3 
2  57 
1  87 1932069980  
2  102 
2  106 
3 
3 
2  170 
2  2 
3 
2  11 
3 
2  144 
1  172 1501428619  
2  2 
1  168 1666953376  
1  74 1118758254  
2  47 
1  128 126750415  
1  4 679896733  
2  83 
3 
3 
2  150 
1  24 1291447523  
2  155 
1  144 1343658401  
3 
3 
3 
1  94 1692490582  
3 
2  178 
2  13 
1  130 736660236  
2  23 
2  61 
2  164 
2  55 
2  144 
1  103 1186714929  
1  30 1981482748  
3 
2  1 
1  122 1305444132  
2  139 
3 
3 
3 
1  7 1233445289  
2  140 
2  46 
3 
2  26 
1  18 1043970749  
1  53 582022192  
1  117 1827726079  
1  124 1609191716  
2  94 
3 
1  108 583669139  
3 
2  73 
1  3 895574301  
2  25 
1  35 265299238  
2  27 
1  127 642813000  
1  130 2025904879  
2  69 
3 
1  65 1029658202  
1  112 1250402682  
3 
2  4 
1  18 1700449915  
3 
2  48 
2  88 
2  170 
1  63 1640448415  
1  7 151268095  
1  155 1798481186  
3 
2  117 
1  177 352120776  
1  149 1269473237  
3 
3 
3 
3 
2  68 
3 
1  23 1583067518  
1  136 1853549395  
1  8 788942965  
3 
1  97 554342124  
2  121 
1  82 1980299810  
2  41 
1  152 1468839698  
3 
3 
3 
3 
3 
2  162 
2  144 
3 
3 
3 
1  64 1845789647  
3 
1  71 1176474563  
3 
2  66 
2  163 
1  96 1013846632  
2  120 
2  1 
1  137 434966235  
3 
1  34 215705845  
3 
3 
2  32 
2  75 
1  138 847845732  
2  23 
3 
3 
3 
2  148 
3 
1  127 1740410367  
3 
3 
3 
3 
2  137 
1  158 1449151134  
3 
2  102 
2  144 
3 
1  3 1891816481  
3 
3 
3 
1  50 174948912  
2  77 
2  25 
3 
2  144 
2  56 
2  103 
2  109 
2  155 
2  40 
3 
1  12 1129393565  
3 
1  15 1353524549  
1  55 758618051  
1  134 2024967867  
3 
2  11 
1  60 1618823787  
1  55 1401431051  
1  59 1903389098  
1  174 500998341  
2  65 
3 
1  135 504350085  
3 
3 
1  11 1456355365  
2  14 
1  67 2141446756  
1  139 655618180  
2  151 
2  173 
1  90 1107352903  
3 
1  45 346083884  
3 
1  13 1925091417  
3 
3 
2  82 
2  122 
1  74 542936773  
3 
3 
2  6 
1  137 52149631  
3 
2  80 
2  44 
2  98 
1  48 566550734  
1  143 1097278897  
3 
3 
1  101 2032449442  
3 
3 
1  103 2035390433  
1  16 795584896  
2  155 
3 
3 
1  140 1061440357  
3 
1  60 901753417  
1  49 1230551131  
3 
2  4 
3 
3 
3 
1  0 1277146202  
2  105 
2  124 
3 
3 
3 
2  60 
3 
1  43 1749599150  
3 
3 
3 
3 
3 
3 
1  114 823477851  
2  15 
2  172 
1  97 578813689  
2  111 
2  17 
2  69 
1  38 1493931983  
1  147 998426763  
1  6 1708207254  
3 
2  110 
3 
1  151 699972885  
3 
1  153 1757044814  
2  86 
1  149 1585691473  
1  132 171313024  
1  107 1010992217  
1  151 1341596923  
1  52 672311366  
3 
1  171 1515342302  
1  134 650468641  
1  57 666274474  
1  14 23476834  
3 
2  18 
1  123 1757821544  
1  158 1012358359  
1  38 1948568252  
2  114 
3 
2  128 
2  91 
2  40 
2  163 
3 
1  147 153274670  
3 
1  123 1064507990  
3 
3 
3 
3 
2  137 
3 
3 
3 
3 
2  21 
2  147 
3 
3 
3 
3 
2  86 
2  21 
2  46 
3 
1  94 367635338  
1  121 1250553567  
2  113 
1  171 949473784  
2  154 
3 
1  90 255542123  
3 
2  136 
3 
2  61 
1  17 2046138464  
2  9 
1  30 2010914142  
1  78 1157295541  
1  103 1129205947  
2  2 
3 
2  128 
1  178 1140576696  
2  171 
2  6 
1  93 759411043  
3 
2  8 
1  103 1952683798  
2  140 
2  32 
2  28 
1  76 1719390385  
3 
1  157 105859378  
1  86 803626913  
3 
1  176 1280113992  
3 
3 
3 
3 
2  20 
1  164 805832263  
3 
2  36 
3 
1  138 413188079  
3 
3 
2  117 
1  23 718321817  
2  124 
2  148 
1  126 977145288  
1  140 1424180296  
3 
2  175 
1  75 2059918741  
1  151 1649456654  
2  45 
1  22 792038950  
3 
1  125 562903734  
2  24 
2  72 
1  88 168247480  
1  59 815515785  
2  167 
3 
1  175 173241630  
2  159 
2  143 
3 
1  135 1180605839  
1  152 616600389  
1  27 326516300  
2  161 
2  8 
1  62 97630182  
3 
2  120 
3 
3 
1  35 984235727  
2  93 
2  103 
2  36 
3 
1  30 1577069868  
2  114 
3 
3 
2  64 
2  91 
2  9 
3 
1  45 1047103966  
2  72 
1  111 1239777851  
1  161 1475724684  
2  94 
1  28 910534460  
3 
3 
3 
2  20 
1  143 249589744  
3 
1  63 457446983  
3 
3 
3 
1  60 2051111157  
1  17 1009000787  
1  175 262647134  
2  38 
1  136 1623017894  
2  59 
1  62 1114860165  
3 
3 
1  31 1066274047  
1  34 755648238  
2  112 
1  38 1920692429  
1  146 1479462127  
2  12 
2  40 
2  163 
3 
2  5 
3 
1  147 1473970056  
2  130 
1  103 750354069  
2  142 
1  123 756158775  
1  83 1386405149  
3 
2  65 
3 
3 
2  85 
3 
1  14 252327075  
1  48 1548197726  
2  118 
2  35 
2  19 
1  87 1949308883  
3 
2  141 
2  141 
3 
1  87 420574555  
2  67 
1  2 216229863  
3 
3 
2  77 
3 
2  77 
1  134 2122550513  
2  140 
1  84 1601180395  
3 
1  90 832830252  
1  64 301583166  
3 
2  163 
2  76 
3 
2  60 
3 
1  6 1698810577  
2  172 
2  78 
2  135 
2  143 
3 
3 
3 
2  74 
2  83 
2  16 
1  51 1817065979  
2  100 
2  39 
3 
1  157 1878653034  
2  81 
1  23 598430895  
1  9 909360182  
1  66 1206894070  
3 
2  76 
1  44 1508965356  
3 
2  139 
3 
1  140 1158949926  
1  30 1664341053  
3 
1  135 1412592865  
2  105 
2  179 
2  101 
1  114 20467065  
3 
2  125 
1  9 1926988187  
1  65 888127111  
3 
1  100 1135327231  
2  1 
1  19 845778587  
2  146 
3 
1  91 1643775350  
2  19 
1  136 908536012  
3 
3 
1  76 177757066  
2  148 
2  109 
3 
2  14 
3 
3 
1  94 970261758  
1  167 1658890081  
3 
3 
3 
3 
2  106 
1  56 933915841  
3 
2  4 
2  37 
2  37 
2  75 
3 
1  168 209183259  
3 
1  69 1911217156  
1  30 334629919  
1  5 11008494  
2  24 
1  32 184308063  
3 
3 
2  86 
2  159 
1  5 550859782  
2  32 
1  103 2133559007  
1  96 1785488458  
1  93 1383690034  
2  68 
1  42 287658525  
2  36 
2  178 
3 
3 
3 
3 
1  49 1336815387  
1  179 1053272366  
3 
3 
3 
1  43 18827911  
3 
3 
3 
1  2 1935246283  
2  21 
3 
2  72 
2  81 
2  46 
1  97 1962632548  
1  125 1225721981  
2  7 
3 
3 
1  33 1296727991  
1  77 974098827  
3 
3 
2  53 
1  22 742579387  
3 
2  26 
3 
3 
1  26 561837208  
2  128 
3 
3 
1  126 994565892  
1  51 522083926  
1  125 1449964319  
1  13 2129893123  
3 
3 
3 
3 
2  171 
1  36 1367862513  
3 
1  178 946256021  
1  45 890945487  
3 
1  182 1545619579  
3 
1  149 1916517779  
1  22 402351920  
2  22 
3 
3 
1  117 332051773  
1  58 2125701038  
3 
3 
3 
3 
3 
3 
1  184 166085428  
3 
1  157 666681692  
3 
3 
3 
3 
3 
1  182 2136709532  
1  5 350393492  
1  157 1217541475  
2  52 
1  3 2122784892  
2  16 
3 
1  166 2135881950  
3 
2  133 
1  175 453747861  
1  28 262959769  
1  46 1325213690  
2  69 
1  7 1507020227  
1  90 281787681  
1  4 1112976325  
1  55 1322169128  
1  15 1507509662  
3 
2  179 
3 
2  162 
1  73 262220668  
2  27 
3 
3 
3 
1  170 148784307  
2  91 
2  86 
3 
1  169 102605401  
2  126 
2  176 
2  189 
1  98 824057876  
3 
3 
2  162 
1  27 1143350199  
2  15 
2  99 
1  36 624689328  
3 
1  109 126538547  
2  95 
3 
1  2 1125759675  
1  58 1992551841  
1  68 1072794569  
2  21 
3 
2  51 
3 
2  108 
2  48 
2  87 
2  74 
2  112 
1  5 2016705162  
1  122 1390687773  
2  156 
3 
1  110 841828700  
1  19 271573435  
1  146 1722739546  
1  172 820046091  
2  157 
3 
2  69 
1  167 437658863  
1  45 241937590  
2  183 
2  64 
2  168 
3 
1  55 809271975  
1  98 788052355  
2  90 
3 
2  61 
2  166 
3 
3 
2  97 
2  185 
2  186 
1  183 1459479065  
2  69 
1  163 784573219  
2  145 
1  69 776450658  
3 
2  73 
1  124 1913226927  
1  90 1047532989  
3 
2  77 
3 
2  97 
1  70 2101664348  
2  94 
1  163 1272763506  
3 
3 
2  154 
2  88 
1  13 1329320670  
1  42 1067157025  
1  186 447448986  
1  70 689346684  
3 
1  55 1329377693  
3 
3 
1  35 596233293  
1  2 791952086  
3 
2  114 
1  79 5951921  
3 
2  98 
2  162 
2  55 
1  158 1739583493  
2  105 
1  159 1416641414  
2  176 
2  53 
3 
1  30 132490468  
2  76 
1  45 717859520  
3 
3 
3 
1  72 1261709607  
1  17 1205285037  
1  131 587081034  
2  156 
2  182 
3 
2  193 
1  8 504913732  
2  71 
3 
3 
2  195 
1  8 2047113738  
3 
1  96 858654469  
3 
2  54 
1  143 80169630  
3 
3 
1  103 719676181  
2  188 
3 
1  141 1296313333  
3 
3 
2  131 
3 
2  173 
1  39 322107221  
1  49 1528948156  
3 
3 
3 
2  183 
2  88 
1  42 2084365688  
2  187 
2  146 
3 
3 
3 
2  78 
2  88 
3 
2  103 
3 
1  105 1781586286  
3 
1  146 166037728  
1  182 713332698  
2  5 
3 
1  97 1547329565  
2  13 
2  122 
1  81 1213570717  
3 
1  89 667513398  
1  153 672609424  
1  41 395407739  
3 
2  191 
1  83 1734670423  
2  157 
1  147 1120058410  
3 
3 
3 
2  144 
2  18 
1  98 1084754423  
3 
1  94 916564468  
2  191 
1  52 1716291704  
2  159 
1  13 1876706509  
3 
2  128 
3 
1  144 922516389  
1  68 1308391549  
3 
1  64 1145864275  
2  135 
1  54 1055006858  
3 
3 
1  76 2026251069  
1  104 260090235  
1  206 112808247  
3 
3 
1  170 465848455  
3 
2  147 
2  129 
2  18 
3 
1  177 765003967  
2  84 
2  109 
3 
2  3 
3 
3 
1  185 12438337  
3 
3 
1  84 1324502925  
2  28 
3 
3 
2  187 
3 
3 
2  43 
2  89 
3 
2  152 
1  94 845173598  
1  2 732114518  
1  133 473332610  
3 
3 
1  78 1167280819  
1  179 113579027  
3 
2  198 
3 
2  151 
3 
2  1 
3 
1  129 410214650  
1  190 801383457  
1  126 279616755  
1  38 1123547349  
3 
3 
3 
2  142 
2  111 
1  95 201229375  
3 
2  132 
2  162 
3 
3 
3 
1  104 1493187472  
3 
3 
3 
1  115 1791060747  
1  11 873838799  
2  57 
1  115 1888595211  
3 
2  203 
3 
1  149 1378247523  
2  102 
1  29 1993897209  
3 
3 
3 
2  61 
3 
1  40 825865986  
1  201 147328343  
2  71 
1  72 1562705265  
2  109 
2  152 
1  167 555088848  
3 
2  96 
1  104 1069844733  
2  194 
1  5 723613166  
3 
1  147 1700953123  
3 
3 
1  50 2124851591  
3 
1  77 602380587  
1  84 1961043358  
3 
1  83 90176190  
3 
3 
2  109 
2  186 
3 
3 
3 
1  209 1068229043  
3 
3 
2  85 
2  55 
2  46 
1  171 578563678  
1  95 102614528  
2  40 
1  83 245248320  
1  148 1423737276  
2  201 
3 
2  111 
2  160 
1  11 834729046  
3 
3 
1  80 718580930  
1  72 443534447  
1  92 948308073  
2  40 
1  161 1128795580  
3 
1  161 1244917904  
1  138 1227924828  
2  202 
2  187 
1  204 104859281  
2  162 
2  113 
3 
1  126 1446147279  
1  81 573628652  
3 
2  70 
3 
3 
1  50 1895920029  
2  30 
2  69 
3 
1  161 172502430  
3 
3 
3 
3 
3 
1  111 314740215  
3 
1  165 1126683904  
2  168 
1  96 18915992  
2  131 
1  195 1140606202  
1  144 1274012247  
1  43 1581621257  
3 
1  127 1695695050  
2  73 
1  161 196373332  
1  28 157750776  
2  156 
2  84 
3 
2  175 
2  24 
2  129 
2  21 
3 
2  35 
3 
3 
2  173 
2  191 
1  122 1249164525  
2  134 
3 
3 
2  157 
1  183 173741275  
3 
1  58 760131363  
1  5 1062724236  
1  186 263917466  
1  28 1828360406  
2  93 
3 
1  114 1641287914  
1  183 366531994  
1  105 2073608726  
3 
2  194 
3 
2  102 
1  110 917541542  
3 
1  202 1201261040  
2  111 
1  142 644706008  
1  34 1361075989  
1  24 2085466  
2  30 
2  66 
2  47 
1  167 1773501589  
3 
2  88 
2  18 
1  201 458510245  
3 
3 
2  52 
3 
3 
2  39 
2  115 
1  148 1230010294  
1  3 1878360870  
3 
3 
2  167 
3 
3 
1  168 1904657525  
3 
3 
3 
1  142 1803638947  
2  194 
1  45 1626797251  
1  154 2077159955  
2  88 
2  167 
2  25 
1  33 2118379162  
2  5 
1  92 605997507  
3 
3 
3 
2  60 
2  6 
1  109 2096075947  
1  24 1111501716  
1  95 1880009755  
2  199 
1  66 1530213557  
1  133 659713118  
1  177 2076383087  
1  0 1687964333  
3 
1  197 1908877644  
3 
3 
1  113 102640715  
2  199 
1  31 300612048  
2  18 
3 
3 
2  30 
1  77 824118232  
3 
3 
1  149 366558181  
1  120 2128972455  
2  131 
1  15 317922498  
2  0 
1  135 733090175  
3 
3 
3 
3 
3 
2  166 
3 
1  56 2055097533  
1  54 1235464040  
1  130 1934351215  
3 
2  209 
1  179 552319894  
3 
2  68 
3 
1  187 449056381  
1  151 1936436681  
2  15 
1  146 178337835  
3 
3 
2  84 
3 
1  95 907566626  
3 
2  134 
2  209 
2  134 
3 
2  151 
2  75 
3 
2  97 
1  98 1018963328  
1  131 2056698705  
1  16 664740503  
1  101 675118627  
3 
2  24 
1  26 1536012309  
1  158 594416811  
1  148 646014141  
2  68 
3 
1  44 2142009816  
2  70 
3 
3 
3 
2  183 
1  206 543009110  
3 
1  111 1757515858  
1  92 1874535923  
3 
3 
2  177 
2  200 
3 
2  93 
3 
1  12 2073222667  
2  114 
2  173 
3 
2  193 
2  129 
1  14 269745328  
2  12 
2  22 
1  4 1803435363  
1  2 1613703352  
1  73 31139324  
1  206 1906076078  
1  122 1914315401  
1  34 855257556  
3 
1  90 125150611  
2  153 
3 
2  149 
2  49 
1  198 1895804208  
3 
3 
3 
2  29 
2  111 
1  62 1173180054  
1  98 858240786  
3 
1  201 1803418093  
1  4 261160446  
2  202 
2  46 
3 
2  133 
1  124 645108353  
1  213 208254339  
3 
3 
3 
2  165 
1  151 710216827  
3 
1  136 434061387  
2  21 
1  142 386592174  
2  74 
1  139 1617783454  
2  146 
3 
1  196 1453024715  
2  162 
2  110 
2  59 
2  10 
1  190 295807232  
2  171 
3 
2  50 
1  91 135040309  
2  160 
3 
1  0 2128143342  
3 
3 
3 
1  139 1831819541  
1  37 729457120  
1  58 626673835  
2  164 
1  110 1826345709  
3 
1  90 1272466231  
2  176 
3 
2  37 
1  108 236706045  
2  189 
1  109 1553397985  
3 
2  136 
3 
2  186 
1  37 1198205250  
3 
3 
2  120 
3 
2  196 
2  56 
2  3 
2  116 
1  8 506451374  
2  43 
2  139 
3 
3 
3 
1  12 1209349700  
3 
3 
3 
1  108 664424955  
1  12 537590698  
1  153 967942130  
2  199 
2  27 
2  126 
3 
3 
3 
3 
2  36 
2  21 
3 
3 
2  46 
3 
1  205 431256708  
1  125 1392848255  
3 
1  169 1093092741  
2  72 
3 
1  211 179577268  
3 
2  70 
2  47 
3 
1  151 418544661  
1  130 1951333527  
2  68 
1  179 1982995361  
2  147 
1  40 679705108  
1  206 448958232  
2  94 
1  10 43766053  
3 
1  209 1389921935  
2  66 
1  123 883019619  
2  60 
1  118 430358227  
1  137 860221741  
1  64 188560686  
3 
2  145 
3 
3 
3 
3 
1  7 726165459  
3 
3 
1  90 995262051  
3 
2  122 
1  66 169220380  
3 
2  85 
1  205 410501352  
1  122 1724719171  
3 
1  155 795894216  
3 
1  179 89363414  
2  90 
2  162 
3 
2  166 
3 
1  97 849701754  
1  55 1032600261  
2  60 
3 
3 
3 
1  13 1642761399  
2  39 
1  87 2047907005  
1  7 1539051635  
3 
2  17 
1  145 704627451  
3 
3 
1  194 564848312  
1  141 2076642334  
1  129 1672569581  
2  76 
1  130 996105020  
3 
1  97 1322006941  
1  19 618178674  
3 
2  141 
2  29 
3 
3 
3 
2  154 
2  41 
2  8 
2  139 
3 
2  14 
3 
3 
3 
3 
3 
2  189 
1  119 1175682288  
3 
2  123 
2  184 
3 
3 
1  140 1740551602  
2  126 
1  50 422028553  
1  108 1011194001  
2  135 
3 
1  86 272773062  
2  195 
3 
2  176 
2  164 
1  146 870986785  
2  121 
3 
2  14 
1  77 1054960054  
2  71 
3 
3 
3 
1  146 1662694998  
2  158 
3 
3 
1  86 1754006405  
2  59 
3 
2  119 
1  16 1485318282  
1  100 375433091  
3 
3 
1  172 1942567091  
3 
1  15 64000093  
3 
3 
3 
1  19 1370695142  
1  201 2111787472  
3 
3 
1  19 474501446  
1  29 947930666  
2  211 
1  162 760198040  
1  61 563864860  
1  102 1797632420  
2  93 
1  57 1792798301  
3 
3 
2  27 
3 
2  200 
2  130 
2  107 
3 
2  154 
2  210 
2  163 
1  148 59142611  
1  88 1698055777  
1  145 1184366289  
1  130 763770062  
1  212 115420441  
3 
2  66 
3 
1  190 1113524975  
2  8 
3 
3 
3 
2  113 
3 
1  101 288855995  
3 
3 
2  117 
2  131 
3 
1  158 1111525461  
2  3 
2  136 
2  32 
3 
3 
3 
1  102 288048268  
3 
2  200 
3 
3 
1  117 907034669  
2  5 
2  87 
3 
3 
3 
3 
2  203 
2  157 
1  35 139724101  
1  54 2028599870  
2  162 
2  153 
2  203 
1  53 1329063222  
2  150 
1  35 1150918103  
1  212 153889285  
1  209 52566359  
2  151 
2  52 
3 
1  36 58394509  
3 
3 
2  215 
2  151 
1  151 1816584283  
2  159 
2  38 
2  12 
1  124 1806572764  
3 
3 
3 
1  180 1543712791  
1  11 44533726  
2  170 
1  156 1601656208  
2  172 
2  207 
2  93 
1  89 1607712885  
1  132 1415228869  
3 
3 
1  53 1565960032  
3 
1  25 2082214331  
1  65 215675887  
3 
2  10 
2  175 
3 
2  216 
1  123 178674424  
1  95 498595543  
1  124 2013308307  
1  79 1971472725  
1  164 557738154  
3 
1  57 1563880437  
1  153 1008355366  
3 
1  199 1321508216  
3 
2  51 
3 
2  74 
1  47 1679300878  
1  168 2121880341  
3 
1  109 1610364211  
3 
3 
1  138 643342692  
2  198 
1  193 262444961  
1  88 369915232  
1  59 783066793  
1  106 143561184  
2  127 
1  114 1698978454  
1  191 1933984896  
1  29 297450469  
1  36 1751544813  
2  129 
3 
3 
3 
2  65 
1  183 1992379406  
2  75 
3 
1  0 2114034752  
2  146 
1  188 1410633930  
3 
3 
3 
1  104 1388608549  
1  15 11084830  
1  188 864806490  
1  179 848837786  
1  93 1426313699  
3 
1  186 283282874  
3 
1  1 783568469  
1  121 1641989586  
3 
3 
2  94 
1  152 461957298  
3 
1  126 1282164012  
1  102 1507814246  
2  3 
2  201 
2  180 
1  151 285946375  
1  131 1839902166  
1  46 924211035  
1  86 1294301742  
2  207 
1  3 1013926734  
2  229 
1  178 456028265  
1  221 1268698435  
2  99 
3 
1  81 476807297  
1  53 1099370957  
2  95 
2  34 
2  145 
2  44 
3 
1  130 1531143397  
1  13 846722529  
3 
1  62 1882437751  
2  214 
1  77 1674704581  
3 
3 
2  41 
1  37 398217335  
1  73 1668938999  
3 
1  89 1972155050  
2  234 
2  38 
2  176 
3 
2  8 
3 
2  122 
3 
1  105 2278501  
1  153 1513834757  
1  62 1938706154  
2  172 
3 
1  224 1412912431  
1  13 754959659  
2  221 
3 
2  135 
2  141 
3 
3 
3 
3 
1  229 1949790984  
1  108 130235273  
2  110 
1  235 1603797445  
2  157 
2  159 
2  223 
1  164 1228621036  
2  145 
1  216 413518147  
2  196 
1  71 239882267  
2  208 
1  202 723126974  
1  23 875475445  
2  55 
3 
2  233 
3 
2  98 
2  183 
2  191 
2  193 
2  2 
3 
3 
1  120 1522046279  
3 
2  180 
3 
1  109 83457572  
3 
1  93 1161421820  
3 
1  211 1214464798  
2  197 
3 
1  232 1007668607  
2  205 
1  160 308239914  
2  59 
1  144 80907884  
3 
1  29 1463696873  
1  2 1576938350  
2  85 
1  183 557715182  
3 
1  69 415584182  
2  123 
1  40 960598099  
1  178 1404437711  
3 
3 
3 
1  67 150538285  
2  132 
2  165 
2  58 
2  115 
3 
1  180 487819032  
1  92 1802655047  
2  61 
3 
3 
1  187 1819477285  
1  234 312490434  
3 
2  197 
2  235 
1  148 1804933548  
3 
2  220 
1  149 1185828394  
2  218 
2  49 
3 
1  198 103712940  
1  83 1070362331  
3 
3 
2  61 
1  182 1940788053  
3 
1  178 2053503924  
1  112 1200597604  
3 
1  228 1397101851  
1  83 1134641312  
3 
1  113 1614115751  
1  129 1636984118  
3 
3 
2  26 
1  86 1857768287  
1  15 342107548  
2  101 
1  15 1011546749  
3 
1  157 1941225859  
1  132 1503529368  
3 
3 
1  51 78527899  
2  179 
3 
2  7 
2  244 
2  233 
3 
3 
1  43 801410819  
1  33 1811769283  
3 
3 
3 
1  142 159435784  
2  187 
2  222 
2  135 
1  204 117624044  
1  106 1241223985  
3 
3 
1  111 717150966  
3 
3 
2  142 
1  35 533208226  
3 
2  103 
2  160 
2  8 
1  191 54338436  
2  75 
2  170 
2  54 
3 
3 
3 
1  129 2121588677  
3 
3 
2  222 
1  178 683746512  
2  51 
3 
2  16 
2  209 
2  191 
3 
1  44 542157468  
3 
2  25 
2  30 
3 
1  1 1776760076  
3 
3 
3 
1  171 355740149  
1  228 854647902  
3 
2  48 
3 
1  223 1434209976  
3 
1  99 1541568543  
1  201 958360842  
3 
2  120 
3 
1  13 357088659  
2  111 
1  184 1334872949  
2  121 
3 
1  174 864381118  
2  196 
3 
1  180 1557686263  
1  35 584491152  
3 
2  98 
1  161 1999022431  
2  112 
3 
2  61 
2  126 
2  226 
2  55 
1  178 1024318366  
3 
1  174 73991622  
2  123 
1  7 1709307070  
3 
2  153 
1  55 1366425914  
1  115 1085538371  
1  5 1503049281  
3 
2  226 
3 
2  141 
2  128 
1  8 722471635  
2  180 
3 
1  146 1164066271  
1  171 156976452  
3 
2  185 
2  10 
1  109 386757270  
3 
3 
3 
1  70 1323502055  
1  61 274600496  
1  195 1627981255  
3 
2  49 
2  112 
1  84 2040653021  
3 
3 
2  163 
1  227 807808723  
1  36 1682319691  
2  166 
1  89 2014758050  
3 
3 
1  116 1491555235  
1  155 76993511  
3 
2  88 
3 
2  210 
1  242 1644034479  
2  63 
2  111 
3 
1  135 1847295384  
1  109 931641413  
1  49 930760807  
1  230 1241380279  
1  46 1890002255  
1  64 1287849467  
2  204 
1  160 428769580  
2  174 
3 
1  155 606899725  
3 
2  141 
2  198 
1  59 698052082  
3 
3 
2  215 
1  115 1013260732  
1  104 458438508  
1  202 1722370449  
1  188 1087252354  
3 
3 
1  124 20261930  
3 
1  22 941312715  
3 
3 
3 
3 
3 
1  243 25307078  
2  226 
3 
1  218 1523311212  
3 
1  7 1663784350  
3 
2  38 
2  138 
3 
2  139 
3 
3 
3 
1  31 1189373349  
1  193 1680287664  
3 
3 
1  152 2050541620  
1  143 365391756  
3 
1  12 1954888161  
1  94 1531039227  
3 
2  229 
3 
1  241 258561129  
2  165 
1  177 615213236  
1  168 1065875270  
1  151 125835531  
2  117 
2  128 
1  236 2106768471  
3 
3 
2  222 
3 
3 
2  169 
2  251 
2  246 
1  157 1142868781  
3 
3 
3 
1  50 1769870010  
1  6 1806580207  
3 
3 
3 
2  197 
1  187 2074510194  
3 
1  178 553147170  
3 
2  165 
1  146 900476838  
3 
3 
1  188 1817028801  
3 
2  142 
1  212 1840996637  
3 
1  236 1329246419  
2  232 
1  178 276444879  
3 
3 
1  28 391565071  
2  145 
3 
3 
2  83 
1  17 195023503  
2  218 
2  234 
3 
2  98 
1  218 734883387  
1  131 2113935520  
2  54 
1  165 1282275858  
1  33 755145318  
3 
3 
1  74 907764588  
3 
1  224 1307582936  
3 
3 
3 
1  191 130972882  
2  150 
3 
1  199 424065290  
2  217 
1  112 349472637  
3 
2  203 
3 
2  250 
3 
3 
1  32 1811260546  
1  159 327123263  
3 
1  242 714864393  
1  240 1618665059  
1  158 1858162490  
2  214 
2  230 
3 
3 
3 
2  76 
2  126 
1  238 973425522  
2  140 
2  169 
2  189 
3 
3 
3 
1  8 86394647  
1  161 776554113  
3 
2  217 
1  197 1099261053  
1  185 45679470  
3 
2  96 
2  202 
2  204 
1  169 1919422894  
3 
2  110 
2  153 
2  42 
2  187 
1  216 721647416  
2  42 
1  133 1852259677  
2  188 
3 
1  177 1846449441  
3 
2  90 
1  27 1274794586  
2  63 
2  25 
2  114 
1  186 605252868  
3 
2  122 
1  203 1515994594  
1  105 968307575  
2  228 
3 
3 
3 
1  205 1934499287  
3 
2  200 
3 
1  206 1792439473  
1  117 1359872646  
1  2 2129522790  
2  19 
1  130 379839213  
2  169 
2  215 
1  189 1326324519  
2  209 
1  115 1264315000  
3 
1  249 1134984531  
3 
3 
2  86 
2  153 
1  186 86605459  
1  184 424414288  
3 
3 
1  209 1265957413  
3 
3 
2  242 
3 
3 
2  196 
3 
3 
2  241 
2  125 
2  162 
2  110 
1  27 510670749  
3 
2  246 
3 
1  193 773886925  
2  11 
3 
1  121 929734311  
1  200 837794012  
2  40 
3 
3 
1  181 1488751318  
3 
1  43 400915723  
1  25 548472855  
3 
1  151 314693192  
3 
1  249 487310370  
3 
1  139 1325026968  
1  170 1413954246  
3 
1  184 532989841  
1  171 1096966214  
3 
3 
1  24 2135601662  
3 
2  0 
2  21 
2  158 
1  53 237765870  
1  5 795932007  
1  145 1262912600  
1  49 843018738  
3 
2  49 
1  251 164442954  
1  176 83736527  
3 
2  150 
1  140 630034377  
1  96 1956882427  
2  180 
1  183 1443609173  
2  187 
2  243 
3 
2  179 
2  189 
1  221 612073520  
1  81 189237992  
2  55 
3 
1  42 622450044  
3 
2  213 
1  25 1876388520  
3 
1  179 1324222523  
3 
1  104 709055503  
3 
3 
3 
1  70 153319161  
1  182 442696288  
3 
2  207 
2  131 
3 
3 
2  83 
2  157 
2  113 
2  50 
1  57 1219726253  
3 
3 
2  74 
1  33 927206086  
2  211 
3 
2  14 
2  236 
3 
2  103 
3 
2  7 
2  60 
2  15 
2  231 
2  48 
1  55 1372430600  
1  59 2057520265  
1  80 268473757  
2  185 
1  105 1773346323  
3 
1  97 458509472  
3 
3 
3 
2  70 
1  196 583166949  
2  86 
1  170 113173045  
3 
1  204 1783536440  
2  104 
3 
1  6 1997121195  
1  43 646162886  
2  232 
1  162 733019007  
1  141 1985239209  
3 
2  120 
2  156 
1  164 883928757  
2  241 
3 
1  103 1528951014  
1  165 1100668161  
2  19 
3 
1  133 1726947495  
1  196 1693393968  
2  50 
1  207 1184404688  
3 
3 
3 
1  46 209498225  
3 
3 
2  31 
3 
1  73 1502792748  
2  49 
1  57 480530214  
1  129 821571745  
2  148 
3 
1  138 1692030740  
1  234 1102980258  
1  198 550476617  
3 
2  24 
1  206 868769616  
2  161 
2  111 
3 
1  239 1812035762  
3 
1  206 703795778  
1  207 1311465904  
3 
3 
2  182 
2  1 
3 
1  111 884278367  
2  246 
3 
1  243 1631001865  
1  138 536412856  
2  78 
2  147 
3 
3 
3 
1  202 794314984  
3 
3 
2  135 
3 
1  72 1899475622  
2  189 
1  217 162275531  
2  230 
1  216 1252824457  
2  8 
1  45 335158923  
1  33 275448577  
1  72 888877249  
3 
1  30 184796471  
2  252 
1  173 921611463  
1  211 1621896256  
3 
3 
2  42 
1  136 22552032  
2  160 
2  13 
2  123 
3 
3 
2  158 
2  214 
3 
2  206 
3 
1  71 1805540220  
3 
3 
2  66 
2  209 
1  86 1003363623  
3 
2  238 
2  161 
2  218 
1  130 1123220194  
1  177 1385004068  
2  16 
1  44 549273943  
3 
1  3 160141234  
3 
3 
1  215 1594502293  
2  223 
2  131 
2  186 
1  238 2052066691  
3 
3 
2  124 
1  31 640671448  
1  22 268590390  
1  44 1596613784  
2  1 
1  255 1743651707  
1  189 819067007  
3 
1  157 317899752  
3 
1  254 1408203821  
3 
1  205 1522862786  
2  239 
3 
3 
2  246 
2  66 
3 
2  118 
3 
3 
1  250 1629365656  
1  239 144998540  
1  71 1006381003  
3 
2  55 
3 
2  179 
1  168 18294865  
1  174 939313524  
2  248 
3 
1  144 758372977  
2  214 
2  110 
1  32 180570396  
1  14 44654333  
3 
3 
2  215 
2  143 
1  4 1093531900  
3 
3 
1  241 456018973  
1  63 933531583  
1  134 1278328371  
1  177 1377630437  
3 
1  95 407944191  
3 
3 
2  238 
1  89 1300880404  
2  241 
3 
3 
3 
2  235 
3 
2  39 
2  6 
1  191 1035687009  
3 
2  236 
1  146 1411307814  
2  74 
1  171 276616950  
1  7 273207429  
1  195 1960581758  
2  203 
1  78 436758184  
2  230 
1  169 1867709722  
3 
3 
3 
2  8 
2  133 
1  39 1865164801  
1  227 1077429633  
3 
3 
1  250 2136300112  
2  170 
2  218 
3 
2  172 
2  203 
1  108 1314294937  
3 
1  234 673597692  
3 
3 
2  40 
3 
1  122 807883472  
1  151 1632194689  
1  229 2081801513  
1  188 183262610  
1  223 1114076698  
2  249 
3 
3 
3 
2  192 
2  97 
3 
3 
3 
3 
3 
2  11 
2  88 
3 
3 
1  118 79316405  
1  206 1189643613  
2  87 
1  147 1132371563  
2  187 
3 
3 
1  90 1018629929  
2  227 
2  219 
3 
2  175 
1  159 1948016590  
3 
3 
1  121 1312941959  
2  89 
3 
2  217 
2  153 
3 
3 
3 
3 
1  244 1063284263  
1  180 894064842  
1  17 1768960933  
3 
2  13 
3 
3 
3 
2  34 
3 
3 
2  49 
3 
1  71 1996815846  
3 
3 
3 
3 
2  251 
1  53 24909566  
1  54 999107722  
1  255 257276389  
2  174 
2  223 
1  134 1325789970  
2  255 
3 
2  210 
3 
3 
3 
3 
1  195 2034794731  
1  244 1668584204  
2  195 
2  164 
3 
1  74 1602406920  
1  232 160518513  
1  95 1481682314  
1  101 2039165104  
1  80 2028228235  
1  16 1199363467  
1  199 969111089  
1  106 2017044700  
1  192 366174757  
1  108 1642708781  
2  15 
1  251 677444524  
1  204 1998369446  
1  234 1577026646  
2  230 
1  107 860707134  
3 
1  211 964962496  
3 
2  245 
3 
2  194 
