3 
2  65 
3 
3 
2  0 
2  0 
1  87 1257722880  
2  18 
3 
2  76 
2  69 
2  0 
1  45 798203088  
3 
1  0 771020719  
3 
1  57 1179152277  
1  0 1973301137  
3 
3 
2  1 
1  0 1889532591  
1  1 1496468531  
3 
1  101 1578907739  
2  1 
2  0 
2  0 
2  95 
3 
1  0 1719922494  
3 
2  0 
2  0 
1  68 824555788  
2  0 
1  0 599020438  
3 
3 
2  0 
3 
3 
1  0 592878538  
3 
1  30 1998472320  
3 
1  94 1180430490  
3 
2  31 
3 
2  0 
3 
3 
2  0 
2  72 
2  97 
2  0 
2  0 
2  0 
1  59 305814752  
1  0 766463605  
3 
2  43 
2  0 
1  0 918004916  
3 
2  64 
2  11 
3 
2  18 
3 
1  0 519540452  
1  0 2104639450  
3 
2  27 
2  0 
1  29 825887779  
3 
2  74 
3 
1  1 176869961  
2  2 
2  0 
3 
2  89 
1  0 1720273231  
2  0 
2  0 
1  0 269786261  
2  0 
1  19 1482434857  
1  0 1237135091  
2  0 
2  47 
2  86 
2  0 
2  44 
2  0 
1  89 781693114  
1  12 432205649  
2  0 
1  0 1151104146  
3 
1  0 284325101  
3 
2  83 
1  18 779111092  
2  1 
3 
1  0 1315854891  
2  1 
2  0 
1  0 1542047982  
1  26 1577314181  
1  81 2086875610  
1  65 573716611  
1  0 1403131670  
1  82 1828924553  
3 
2  41 
2  1 
1  0 2070185142  
3 
1  0 834555761  
3 
2  41 
1  57 1401363400  
2  2 
1  32 747257283  
3 
3 
3 
3 
1  43 1433576200  
2  0 
3 
2  53 
1  0 1994241938  
1  53 598245955  
1  57 466523042  
3 
2  1 
2  32 
2  0 
1  0 152573042  
2  21 
1  0 1364709560  
1  0 1384527958  
2  39 
2  0 
1  0 672113494  
3 
3 
3 
1  60 1321865362  
3 
1  0 62932089  
2  1 
2  1 
2  1 
1  89 848983455  
2  87 
3 
2  0 
2  0 
3 
1  0 894654945  
1  0 332718350  
1  1 183934664  
1  87 2131790036  
1  0 1114411464  
1  3 616140313  
3 
3 
3 
2  7 
3 
1  86 1135410534  
1  0 1398736565  
3 
1  63 1395251405  
2  45 
1  2 303781777  
2  1 
1  3 793300899  
2  2 
3 
3 
2  14 
2  101 
2  3 
3 
3 
2  0 
3 
3 
3 
2  23 
2  1 
3 
2  95 
2  36 
3 
3 
1  0 825081938  
2  21 
1  2 243173739  
1  2 1367017511  
1  0 80729960  
3 
2  35 
2  0 
1  4 2072098293  
2  41 
3 
3 
3 
1  1 1289719005  
3 
2  12 
2  7 
3 
2  4 
1  69 915285722  
1  5 1325978045  
3 
3 
2  6 
2  8 
2  1 
3 
3 
1  42 2036976288  
1  1 201378274  
1  53 1172736335  
3 
3 
3 
1  0 487738595  
3 
3 
3 
1  5 667901316  
1  27 1325309377  
2  7 
3 
3 
1  78 1852448155  
1  5 2052429274  
2  43 
2  62 
2  96 
3 
1  86 1997422871  
2  6 
3 
1  22 1026829869  
2  0 
3 
1  18 2115361363  
3 
1  1 698922678  
2  74 
3 
3 
3 
2  38 
2  4 
3 
2  4 
1  4 1921484814  
3 
1  6 300596065  
3 
3 
3 
3 
1  2 882857342  
2  2 
2  18 
2  65 
3 
2  62 
1  27 1905791202  
2  51 
2  21 
2  66 
1  2 1415007529  
2  0 
3 
1  3 1498997655  
3 
2  92 
1  2 893718088  
2  103 
1  0 666260446  
3 
3 
1  3 746765412  
3 
3 
3 
1  1 1197499865  
1  5 1459561346  
3 
2  86 
1  10 1571847351  
2  11 
1  1 1440673605  
3 
3 
3 
2  92 
2  70 
1  79 679095209  
2  9 
2  11 
1  67 1652577311  
3 
1  53 1365288250  
3 
3 
2  3 
2  85 
3 
3 
3 
3 
2  45 
3 
3 
2  82 
1  34 1968814214  
2  32 
1  1 420379385  
1  4 543782647  
3 
2  3 
3 
1  10 1858306855  
1  6 621757659  
3 
2  13 
1  69 1716518982  
3 
1  0 198561802  
2  82 
1  8 1289658975  
3 
3 
3 
2  45 
2  5 
1  63 894344711  
3 
2  95 
2  103 
2  102 
1  0 2051009958  
1  54 1194604601  
3 
3 
2  81 
2  83 
3 
3 
2  8 
3 
3 
1  104 744283934  
2  13 
1  88 930356179  
2  4 
3 
3 
2  10 
1  3 1162482316  
2  57 
2  58 
2  76 
3 
1  7 1443206612  
2  7 
3 
1  4 704357346  
1  9 1463078381  
2  15 
3 
2  2 
1  67 178580306  
1  100 462664900  
2  7 
3 
3 
2  2 
1  17 730602262  
1  6 1677577961  
3 
3 
1  11 1356382989  
3 
2  6 
1  6 1396862709  
1  11 276859725  
3 
1  55 406399206  
2  91 
2  3 
2  7 
3 
3 
3 
1  91 708940407  
3 
2  9 
2  8 
2  22 
2  0 
2  0 
1  34 1848707076  
1  0 1847072811  
3 
3 
3 
2  40 
2  3 
2  4 
3 
3 
3 
2  85 
2  46 
2  1 
1  4 1388035616  
2  7 
2  3 
1  6 1353800740  
2  10 
3 
2  48 
1  5 1064877413  
2  7 
2  4 
2  65 
2  4 
2  0 
2  0 
3 
1  1 1209366182  
3 
3 
1  2 1774180125  
1  1 1608660060  
1  3 920189389  
1  5 248454137  
2  0 
1  4 1177695394  
1  0 1118751192  
3 
2  8 
1  83 1538113112  
2  4 
2  0 
3 
3 
2  1 
3 
2  5 
2  96 
1  45 2072040105  
2  2 
2  2 
3 
3 
2  1 
2  0 
1  0 1022277502  
2  49 
2  1 
3 
3 
1  0 585234066  
2  1 
1  66 668840391  
1  34 1952633681  
1  41 1747716382  
1  0 2112047003  
1  71 509507379  
2  36 
3 
2  1 
1  96 1063311116  
2  0 
2  42 
1  84 143143661  
1  0 972172280  
3 
3 
2  82 
3 
3 
2  17 
2  23 
3 
3 
3 
2  0 
3 
3 
2  3 
2  0 
2  65 
2  0 
3 
3 
1  73 1793913378  
3 
3 
3 
3 
2  39 
2  0 
2  0 
2  0 
3 
2  0 
1  85 1820721622  
1  0 181071621  
3 
2  31 
2  63 
1  0 1043292439  
1  1 2097581348  
3 
3 
3 
1  20 587470827  
3 
3 
3 
3 
2  18 
2  95 
1  2 1752232846  
1  94 1798804776  
2  91 
3 
3 
2  3 
1  2 287059991  
1  97 992784814  
2  81 
2  2 
1  80 1005121868  
3 
2  26 
2  101 
2  1 
1  23 1351937404  
2  1 
2  97 
3 
3 
2  0 
2  0 
2  55 
1  76 54667349  
3 
3 
3 
1  44 631818346  
3 
1  26 813113817  
1  0 974856738  
3 
3 
2  36 
3 
2  0 
3 
3 
1  0 880272483  
3 
2  32 
1  0 1990809211  
2  1 
3 
2  73 
1  73 2093607930  
2  56 
1  0 270901947  
3 
1  56 1915365669  
1  1 968401784  
1  16 856136013  
3 
1  91 436722412  
3 
2  87 
1  1 773551818  
3 
2  7 
2  30 
1  6 456368748  
1  1 401285768  
1  92 1283059197  
2  3 
1  3 1519679864  
1  3 544429429  
3 
2  32 
3 
3 
1  46 107747829  
2  4 
2  17 
1  4 1166109594  
1  3 217667404  
2  1 
1  61 288819450  
3 
2  1 
3 
2  59 
1  34 61918386  
2  69 
1  4 167765104  
1  57 876290278  
1  4 1814151232  
3 
2  2 
1  5 1966569880  
3 
1  50 1163350269  
3 
1  6 659452399  
1  60 824208101  
1  20 367804025  
3 
3 
2  5 
2  90 
2  4 
2  24 
3 
2  5 
3 
2  3 
1  1 714119748  
1  0 1456026447  
1  80 1180917842  
2  50 
3 
2  87 
2  9 
1  85 1688976486  
3 
3 
3 
3 
3 
2  2 
2  77 
2  23 
2  0 
3 
1  58 188815282  
1  0 1024243406  
1  2 1635100769  
2  3 
2  57 
1  73 459717229  
3 
3 
1  21 792125427  
2  0 
1  1 456018905  
1  2 1315853243  
2  5 
3 
1  5 1228847839  
3 
3 
3 
1  92 1229570723  
3 
2  97 
1  1 1772221991  
3 
3 
3 
3 
1  2 1630133607  
3 
1  36 365146273  
2  97 
1  6 1144418207  
3 
2  71 
1  17 27079389  
1  38 472894102  
2  2 
3 
1  5 163044153  
3 
1  5 244746793  
3 
2  9 
2  98 
3 
3 
2  81 
2  6 
3 
2  64 
1  38 761713553  
1  7 224962539  
3 
2  16 
1  0 412511897  
1  2 1638003831  
3 
3 
3 
1  92 2039113772  
3 
3 
2  5 
1  5 231598129  
1  38 653870452  
2  8 
3 
3 
3 
1  0 551082523  
2  3 
1  1 1055806230  
1  65 1021674477  
3 
3 
1  71 1265202271  
3 
1  28 364349029  
3 
3 
2  7 
2  4 
2  6 
2  32 
1  106 55108672  
2  104 
1  63 806695109  
3 
2  87 
1  78 553164311  
2  4 
1  4 1079352078  
2  4 
3 
2  21 
2  3 
2  94 
2  58 
3 
1  1 294312230  
1  19 1012881541  
1  2 1871477505  
3 
2  0 
3 
3 
2  3 
2  4 
1  20 750331136  
1  85 181251136  
2  63 
2  6 
3 
2  1 
2  35 
2  0 
2  0 
1  0 952841696  
3 
3 
1  1 1979901859  
3 
3 
3 
1  90 1953473127  
1  0 435491656  
3 
3 
3 
1  29 197564484  
1  13 950407686  
2  3 
1  75 462571045  
1  0 670458587  
1  45 1113451839  
1  2 707317838  
1  5 1432172140  
1  37 1338414379  
2  2 
1  1 1119829735  
3 
1  5 922692323  
3 
1  43 1230044503  
1  1 1351427864  
3 
3 
2  5 
2  1 
2  6 
1  19 1576562775  
1  1 1781127026  
3 
2  5 
3 
2  2 
2  2 
2  1 
2  81 
3 
1  24 259750447  
1  53 450753604  
3 
3 
2  43 
1  2 898845649  
2  1 
1  68 624099476  
1  2 505862276  
3 
1  68 1705540758  
1  1 1177263788  
3 
1  105 1585214354  
1  1 1999852989  
1  5 42661681  
1  2 1309208211  
1  62 602700477  
3 
3 
1  2 223912817  
2  0 
2  48 
2  1 
3 
3 
2  5 
2  73 
3 
2  0 
1  105 114566260  
3 
2  0 
3 
3 
1  2 435118688  
1  15 29902296  
3 
3 
1  70 550057916  
2  63 
2  18 
2  82 
3 
3 
1  83 632683173  
1  1 980309982  
1  80 1012628961  
1  0 1303141760  
1  4 2093761821  
3 
3 
3 
1  94 1719946799  
2  7 
3 
3 
2  1 
3 
1  2 587830252  
2  13 
3 
1  21 1284692552  
3 
1  33 692292886  
1  84 1510522575  
3 
2  0 
1  1 367253407  
1  71 2043720750  
1  6 939601702  
2  5 
1  76 896785  
3 
3 
3 
3 
2  90 
3 
2  8 
3 
1  107 155987549  
1  1 1390355306  
2  81 
2  4 
1  50 899742434  
3 
2  18 
1  95 780087026  
3 
1  2 1896217583  
3 
3 
2  7 
1  41 457799545  
1  26 1957350814  
3 
1  1 1333948289  
2  3 
2  84 
2  3 
1  3 310168886  
2  6 
1  1 2000012495  
3 
2  4 
1  1 495672853  
1  6 912869363  
3 
1  4 76441664  
1  78 610239113  
3 
1  23 1347988051  
1  8 106343960  
3 
2  1 
2  8 
2  12 
2  6 
2  2 
1  80 1160297029  
1  2 1980671224  
3 
2  61 
1  1 1086653942  
3 
2  7 
2  93 
1  2 25442342  
3 
1  2 1136329336  
2  79 
1  7 1032932115  
2  47 
3 
1  60 1745389141  
1  20 1724159588  
3 
3 
2  8 
1  8 170141020  
2  2 
2  93 
3 
1  77 290198379  
2  47 
2  8 
1  0 1087198515  
3 
1  8 537394427  
1  6 186435481  
1  20 2026800217  
3 
3 
1  29 538291213  
2  53 
3 
3 
2  30 
2  99 
2  101 
1  18 342423031  
2  4 
2  61 
2  3 
1  21 1269671876  
2  3 
1  25 1438033647  
1  6 1122510057  
3 
3 
1  68 1018405811  
3 
3 
3 
3 
2  5 
3 
3 
2  99 
2  57 
1  7 1895833192  
1  42 932377223  
1  42 204870452  
1  18 58518430  
1  5 784906070  
2  0 
3 
2  13 
1  87 700543305  
1  1 971387793  
3 
1  97 861347734  
3 
1  5 1310782418  
1  106 171892197  
2  12 
1  17 967691694  
2  10 
3 
2  79 
3 
2  78 
2  9 
2  7 
3 
2  3 
3 
2  0 
1  83 323595799  
3 
2  2 
3 
1  3 5079773  
2  28 
3 
2  0 
3 
3 
2  54 
2  2 
2  26 
1  104 2054345636  
2  32 
3 
2  1 
2  22 
2  97 
3 
1  0 349038141  
1  0 1141409110  
2  4 
3 
2  2 
2  59 
1  1 939794103  
2  65 
3 
3 
2  1 
2  50 
1  1 2094427282  
1  1 718085050  
3 
2  71 
3 
2  0 
1  35 1109935123  
1  71 237142013  
3 
2  23 
1  0 1805283566  
2  3 
3 
2  26 
3 
3 
2  30 
2  0 
2  0 
2  56 
2  7 
3 
1  1 1647329551  
1  1 423577495  
1  1 1684600135  
2  47 
3 
3 
2  95 
3 
3 
1  3 38137116  
1  3 766000526  
2  6 
2  55 
2  0 
3 
3 
2  91 
3 
1  20 806788363  
2  3 
2  3 
1  2 1476170763  
2  78 
2  1 
1  93 1888510583  
2  47 
3 
1  1 1825194174  
3 
1  0 1224520308  
2  1 
3 
2  3 
2  0 
3 
3 
1  7 673404158  
1  101 2030064627  
2  11 
2  54 
2  0 
3 
2  20 
3 
2  0 
3 
1  0 1283038738  
2  0 
1  6 1458310228  
2  30 
3 
2  66 
1  76 583124284  
3 
3 
2  0 
1  13 106942884  
2  25 
2  0 
3 
3 
3 
2  25 
3 
1  0 172174314  
1  7 1893906703  
1  38 278835081  
3 
2  60 
3 
1  96 1139866008  
3 
3 
2  0 
3 
2  0 
1  0 70018854  
2  0 
1  0 283914854  
2  70 
1  0 1046727996  
1  0 419056996  
3 
3 
3 
3 
3 
2  0 
1  72 1425323964  
3 
2  1 
1  0 1986522099  
2  1 
2  95 
3 
3 
1  0 366000630  
3 
3 
2  21 
1  1 2143409015  
2  80 
1  72 948973575  
1  0 603142644  
3 
1  75 1801208933  
2  3 
1  1 448819478  
3 
3 
1  32 1026720139  
3 
3 
2  2 
3 
1  0 1338325420  
2  99 
3 
1  24 486956594  
1  2 1792720665  
3 
1  90 2145113784  
3 
1  45 1963127357  
1  52 1533747600  
1  19 1822824310  
2  4 
1  1 1040164017  
1  21 59668110  
1  50 1705405289  
1  92 175719108  
2  41 
3 
2  1 
3 
3 
1  2 1517978338  
3 
2  0 
2  36 
1  53 141045926  
1  54 282661992  
2  3 
1  1 1690152652  
2  9 
3 
1  9 2034952629  
1  72 561497073  
1  51 682535012  
2  79 
2  92 
2  52 
3 
3 
3 
2  101 
2  3 
3 
1  27 2104971483  
1  62 845411927  
3 
2  36 
2  0 
2  1 
3 
3 
3 
2  58 
1  19 1729263008  
2  76 
1  0 376544831  
2  1 
3 
1  0 123252244  
1  29 1568301459  
2  29 
1  14 742545462  
1  73 119177611  
3 
1  1 369791386  
1  0 1345688106  
2  1 
3 
2  2 
3 
3 
3 
1  0 1920386544  
1  95 818610864  
1  2 224924597  
3 
1  29 1111228316  
1  3 1305567458  
1  32 2017645262  
1  2 1108858452  
2  9 
1  16 1121211168  
2  81 
1  92 1403909214  
2  12 
2  48 
3 
2  1 
1  72 784199115  
1  4 13891537  
2  61 
1  83 1463577324  
2  4 
2  4 
1  3 342120756  
3 
2  2 
2  0 
3 
1  2 189610645  
2  83 
3 
3 
3 
1  3 834072014  
3 
1  1 483166682  
2  1 
1  4 472272637  
1  82 376741018  
1  2 370635663  
3 
1  2 1033769710  
1  4 1059276030  
3 
3 
3 
2  6 
3 
3 
1  27 328123499  
3 
3 
1  5 1879181638  
2  83 
1  4 641055390  
1  42 704668330  
3 
1  50 2002433882  
3 
3 
3 
1  9 61873201  
2  8 
3 
2  3 
1  103 1447213792  
2  107 
1  2 2121611493  
3 
3 
3 
3 
2  84 
3 
1  25 431664588  
1  8 645418250  
1  0 1894514389  
1  2 1250275452  
1  11 870342847  
1  54 858259057  
2  92 
2  8 
1  15 408359263  
2  62 
3 
3 
3 
1  4 740504461  
1  4 1967117510  
3 
3 
1  34 1529570431  
2  0 
3 
2  1 
3 
1  98 2144413675  
3 
3 
3 
2  2 
3 
1  4 603832977  
2  6 
2  85 
2  42 
3 
3 
3 
1  93 1543461968  
1  7 1460507351  
2  3 
3 
3 
2  32 
3 
2  6 
3 
1  2 945953733  
3 
2  36 
1  5 1733072614  
1  27 147095717  
3 
2  47 
1  46 1429120416  
1  9 57861603  
1  8 523836735  
1  55 1799756079  
2  9 
1  60 1091631314  
3 
2  21 
2  108 
2  1 
2  1 
2  24 
1  1 1583112765  
3 
1  32 2127879578  
1  79 823329304  
1  9 76684507  
3 
2  9 
3 
2  5 
3 
2  6 
3 
2  10 
1  9 685064261  
2  72 
2  6 
2  31 
1  21 678279538  
2  9 
1  1 138557709  
1  104 2132278053  
2  11 
1  3 652407383  
1  3 570222297  
1  27 630212656  
3 
1  109 399438124  
1  94 1820497749  
3 
2  4 
2  96 
1  49 1500555503  
2  7 
2  66 
1  99 1257697181  
3 
2  4 
1  34 81373364  
2  44 
3 
2  2 
3 
1  4 93576317  
1  41 1077331043  
3 
1  23 1610943795  
3 
1  60 90506344  
2  28 
3 
2  2 
1  7 1681164020  
3 
2  104 
2  8 
2  107 
2  85 
1  2 1006922116  
1  35 1551013696  
2  2 
3 
3 
1  53 479634106  
2  6 
1  5 592511082  
1  35 1698109413  
3 
2  45 
1  1 1908754522  
3 
2  48 
2  5 
1  91 650372685  
2  28 
2  63 
3 
3 
1  65 74462501  
3 
2  94 
3 
1  54 1561026953  
1  4 1742003999  
2  29 
2  107 
1  100 1657575266  
1  7 1541422884  
2  68 
3 
2  3 
2  6 
1  81 417849655  
1  29 1734259774  
1  5 79003497  
2  103 
3 
2  100 
3 
3 
2  1 
1  0 1096129193  
1  67 1872817483  
2  7 
1  69 63797902  
2  6 
3 
3 
3 
2  3 
3 
1  76 1748536576  
1  0 295556132  
2  4 
2  56 
2  4 
2  23 
1  1 694010558  
1  22 491052  
1  25 2116053881  
3 
2  62 
3 
2  2 
3 
2  3 
1  24 47082414  
2  0 
2  69 
2  1 
1  41 1258188234  
2  13 
2  78 
2  1 
2  0 
1  0 49943598  
1  0 140658731  
2  1 
3 
2  23 
3 
3 
2  65 
3 
2  0 
2  62 
2  99 
1  51 188035629  
2  0 
1  0 1660887393  
2  0 
3 
2  0 
2  31 
1  12 231165075  
2  0 
3 
2  0 
3 
3 
1  0 1869199650  
1  0 520325861  
3 
2  39 
1  22 1782178771  
1  71 201350108  
2  70 
2  76 
1  0 1112836943  
3 
2  64 
3 
3 
1  1 1332804537  
3 
1  1 2110104630  
2  64 
2  4 
3 
2  3 
2  2 
1  19 1763209629  
1  3 1407267038  
3 
2  18 
2  1 
1  0 1523647935  
1  42 1357729980  
3 
3 
1  23 917358656  
2  0 
3 
2  0 
2  0 
3 
1  44 917587171  
2  19 
2  0 
2  0 
2  0 
2  26 
3 
3 
2  53 
2  48 
3 
3 
3 
1  79 1775579636  
2  0 
1  0 504134782  
3 
1  76 996590668  
1  0 724225181  
2  95 
2  0 
3 
3 
1  0 229468617  
2  1 
2  31 
2  36 
2  80 
2  0 
3 
3 
2  99 
2  74 
1  0 1060388571  
2  0 
1  59 325278110  
1  0 525024749  
2  54 
1  0 1754399129  
3 
2  8 
2  1 
3 
3 
1  0 325769162  
2  6 
2  10 
3 
3 
1  25 493594983  
2  89 
2  24 
1  0 1801481543  
3 
1  24 1583957396  
3 
2  0 
1  1 543538581  
3 
2  65 
3 
3 
1  2 1942140274  
2  0 
3 
2  75 
1  1 1771993026  
1  0 56942326  
1  2 25821702  
1  3 1493709028  
2  88 
3 
3 
2  0 
2  68 
1  20 577268188  
2  1 
3 
1  4 1808000473  
2  101 
1  3 1695059136  
3 
3 
1  76 1690105131  
3 
3 
2  6 
1  72 993321362  
3 
1  74 1657680118  
2  2 
1  53 1305831112  
1  1 253104752  
1  2 1033844405  
2  0 
3 
3 
3 
2  96 
2  1 
1  2 516077445  
2  5 
2  43 
2  70 
1  101 1170463409  
1  1 1951431577  
3 
3 
2  1 
1  2 144173433  
2  7 
2  4 
3 
1  0 1674598191  
2  53 
1  0 800538597  
1  105 868398614  
1  4 1904066809  
3 
2  1 
2  45 
1  90 1860927168  
1  3 1193676724  
3 
1  6 281607910  
2  22 
2  2 
3 
2  5 
3 
2  86 
1  0 1467842650  
1  4 1519445887  
1  57 775202893  
3 
2  20 
1  6 1121840545  
3 
1  39 955919635  
3 
2  40 
2  3 
1  89 1318741474  
3 
2  1 
2  2 
3 
1  106 916497172  
2  0 
2  47 
2  4 
1  1 580429013  
1  58 1375683801  
2  4 
1  2 942318874  
1  1 2074138041  
2  33 
1  101 1952951989  
3 
2  4 
3 
1  2 602835699  
1  4 1621713529  
2  3 
3 
1  106 1495573472  
1  2 1596157062  
1  7 1131909999  
2  105 
2  58 
1  90 653920937  
2  28 
2  11 
1  82 1849261814  
2  5 
3 
3 
3 
3 
1  3 18270757  
2  11 
3 
2  6 
1  87 1169998382  
3 
1  2 872241575  
1  7 1969702334  
1  84 1314171815  
1  52 399356119  
3 
3 
2  44 
2  92 
2  3 
2  2 
3 
2  3 
2  4 
2  0 
2  46 
2  64 
1  91 622757283  
1  67 35086781  
3 
1  80 155939280  
3 
1  4 336200804  
2  0 
2  0 
2  1 
3 
2  1 
3 
1  0 1228763506  
2  2 
2  58 
1  13 437547190  
3 
3 
1  0 1804043454  
3 
3 
1  36 600725745  
3 
3 
2  56 
2  84 
3 
2  68 
1  0 1212750084  
3 
1  3 778400351  
3 
3 
1  2 1556645380  
3 
3 
1  39 384007910  
1  3 1694897523  
1  66 2137074394  
2  0 
3 
1  31 1759691711  
1  2 489732749  
3 
2  4 
3 
2  75 
1  0 2063728787  
2  0 
2  44 
3 
1  85 1565160052  
1  1 1092568449  
2  68 
3 
2  0 
1  106 1537958669  
1  0 913249877  
3 
1  5 541241863  
1  3 522385020  
1  0 1567170814  
3 
2  72 
3 
3 
3 
3 
2  3 
1  21 243020029  
3 
3 
1  24 540655777  
2  4 
2  84 
1  1 589685548  
3 
1  41 1115261605  
3 
1  108 362874463  
1  92 1903857363  
2  19 
2  6 
2  82 
3 
3 
3 
3 
1  2 1514617724  
2  0 
3 
2  6 
1  4 985631747  
2  7 
3 
2  4 
1  17 1938944144  
2  4 
1  4 1670557004  
2  9 
2  1 
1  4 1321832551  
2  14 
1  75 1020224002  
2  69 
2  0 
1  33 2108104194  
3 
1  4 978392357  
1  82 1620949747  
1  4 1173370630  
2  54 
1  104 1756792708  
1  72 1030111480  
2  6 
1  0 1557378541  
3 
2  3 
2  90 
2  1 
3 
3 
1  4 1304206584  
1  2 1019702226  
3 
3 
2  66 
3 
2  69 
3 
1  0 1169586604  
1  75 1793939333  
2  80 
2  4 
1  3 935947365  
3 
1  22 587263009  
1  43 739024134  
1  1 326422386  
2  28 
3 
1  0 1500512886  
3 
2  6 
2  96 
3 
2  62 
3 
2  41 
3 
3 
3 
1  37 1280265997  
2  4 
3 
1  76 848807407  
2  3 
2  89 
2  15 
1  2 920200052  
3 
2  9 
3 
2  6 
2  20 
1  52 1523286027  
2  46 
2  46 
2  1 
1  49 1389463184  
2  45 
3 
2  1 
2  62 
2  1 
2  62 
3 
3 
1  59 1509885600  
2  2 
2  24 
3 
3 
3 
3 
2  73 
3 
3 
1  56 491063984  
2  76 
2  2 
1  0 1752337648  
3 
1  50 1266259315  
1  8 2005681708  
1  8 590485747  
1  60 1057719811  
3 
1  1 1528755064  
3 
1  5 1912318298  
2  1 
1  2 2077943814  
3 
1  0 1489375610  
2  15 
2  54 
2  3 
1  76 743227007  
3 
2  7 
1  0 1551409913  
2  3 
1  2 515262593  
1  100 352536067  
2  2 
3 
2  2 
1  7 434037745  
1  0 2072641134  
1  1 1656742651  
3 
3 
3 
3 
2  45 
2  1 
3 
2  27 
2  91 
1  98 1453739971  
2  67 
2  95 
3 
1  3 1094744090  
2  3 
1  22 1303198337  
1  1 242203689  
1  4 1682007099  
3 
1  19 2042222471  
2  5 
2  57 
1  10 568626075  
3 
1  4 1035036337  
2  3 
3 
1  0 1175004821  
1  57 1417433482  
3 
2  0 
1  70 1955236389  
1  62 550807200  
1  2 659413019  
2  90 
2  72 
1  5 1317638341  
2  21 
1  58 1041871184  
3 
1  3 264267019  
2  8 
3 
1  71 436414008  
1  15 900069244  
3 
1  6 854752766  
3 
1  52 1494133820  
1  27 281340660  
3 
2  6 
1  7 619587416  
3 
2  8 
2  7 
3 
1  35 1424593986  
2  99 
2  97 
1  20 1770716270  
1  5 1362814423  
1  7 828520251  
3 
3 
2  4 
2  6 
3 
1  4 138495215  
1  87 1715350490  
3 
2  38 
3 
3 
3 
3 
2  2 
2  5 
2  5 
3 
1  67 1262557997  
3 
2  4 
3 
3 
2  6 
1  90 63652701  
3 
3 
2  46 
3 
1  1 1224609494  
2  0 
1  2 568814320  
1  4 1158396792  
2  26 
3 
2  50 
2  0 
3 
3 
2  0 
2  86 
1  3 380324183  
3 
2  23 
2  88 
1  36 811018009  
3 
3 
3 
3 
2  4 
2  21 
1  76 692920243  
1  1 275063006  
2  3 
3 
2  2 
1  27 1379644085  
1  79 1727956581  
1  41 1450067827  
3 
3 
2  39 
3 
1  26 649593919  
2  2 
2  0 
3 
2  0 
3 
2  35 
1  0 1535709322  
3 
2  0 
2  83 
2  47 
1  50 2000875027  
1  18 1309006938  
3 
2  0 
2  0 
3 
2  31 
1  30 705864016  
2  47 
1  0 895262563  
2  0 
3 
2  0 
3 
2  0 
2  16 
2  0 
2  0 
3 
1  43 1573273957  
1  0 1142278024  
3 
1  0 1795331807  
3 
2  1 
1  83 280543075  
2  15 
2  30 
1  25 488928196  
1  0 2076672467  
1  14 900130491  
3 
1  1 1913522182  
3 
1  66 1699905090  
3 
1  17 115461266  
3 
1  19 594558786  
2  0 
3 
3 
3 
2  1 
2  48 
1  0 1838400305  
2  63 
2  55 
3 
1  32 1830811757  
1  1 1857116783  
3 
2  5 
1  52 1902053007  
1  1 907937603  
1  18 278447455  
3 
1  62 912966151  
3 
1  19 1288261786  
3 
3 
3 
2  29 
1  19 1089465465  
2  2 
3 
2  59 
1  96 1605886394  
3 
3 
2  45 
1  60 1563324792  
3 
2  2 
1  1 321625902  
1  1 1186359327  
1  2 865908972  
3 
3 
1  49 971219821  
1  3 574585002  
3 
1  56 719300351  
1  2 132743112  
2  69 
3 
2  3 
2  0 
3 
3 
1  73 1280449018  
2  3 
3 
3 
2  3 
1  16 1614562915  
1  0 1706017069  
2  22 
3 
3 
3 
3 
2  9 
2  72 
1  1 275243394  
2  15 
3 
2  68 
3 
1  68 1262411074  
2  56 
2  85 
1  0 1986560145  
3 
3 
3 
2  31 
3 
1  54 764171591  
2  86 
1  35 1191599894  
2  7 
3 
2  58 
1  5 739206988  
3 
3 
1  5 530210125  
1  25 744021336  
3 
3 
1  33 854668255  
1  3 1124768911  
2  1 
2  8 
2  36 
3 
2  96 
1  6 434937993  
1  5 537996364  
2  102 
2  19 
2  25 
1  66 834402046  
1  77 189507352  
1  2 1445933967  
3 
2  10 
2  64 
3 
2  9 
3 
2  10 
1  7 1112849502  
2  88 
3 
2  71 
3 
1  7 1102473503  
3 
1  1 586712105  
3 
3 
3 
1  63 54831319  
2  9 
2  3 
3 
1  72 560876250  
1  47 2553249  
1  10 376457221  
2  40 
3 
2  6 
3 
3 
3 
1  3 1747235577  
1  2 868462221  
1  74 1347677042  
2  6 
2  3 
1  4 174336931  
3 
2  7 
3 
3 
2  10 
1  14 1587762573  
2  64 
1  4 1480420154  
1  58 1454785949  
1  28 1054841840  
3 
1  78 1038953576  
2  88 
1  58 1730029344  
1  48 169769266  
3 
2  12 
3 
3 
3 
2  38 
2  10 
1  37 878030073  
3 
2  8 
2  7 
3 
3 
1  25 346717287  
3 
3 
1  46 1361369160  
3 
3 
3 
2  1 
1  12 1617237061  
3 
1  50 876927412  
3 
2  72 
1  1 2105390496  
1  45 324421668  
2  1 
3 
1  53 2001696324  
1  0 392844842  
2  34 
2  4 
1  1 862418032  
1  86 688614722  
3 
2  2 
1  7 582352194  
2  4 
2  38 
2  77 
2  5 
1  58 160868351  
2  4 
2  0 
3 
3 
3 
2  1 
3 
3 
1  0 1801464224  
2  2 
3 
1  33 1684825698  
2  17 
3 
1  12 747580456  
3 
1  2 1856295543  
2  81 
3 
2  0 
1  42 98218300  
2  1 
3 
2  0 
3 
2  0 
3 
1  81 750133706  
1  1 85269116  
1  53 1845453877  
3 
3 
1  0 1618595927  
1  94 1432946159  
1  78 2019790809  
3 
2  58 
2  0 
1  0 1058874852  
3 
3 
3 
3 
3 
3 
2  60 
2  0 
2  0 
3 
3 
3 
2  0 
3 
3 
1  64 765882665  
2  51 
3 
2  0 
1  0 1327093110  
2  90 
2  0 
1  44 2113716692  
3 
3 
2  34 
2  0 
1  0 1804836241  
3 
3 
2  0 
3 
1  0 909638806  
2  0 
3 
1  0 136002311  
3 
3 
3 
1  98 535382666  
1  83 1256356093  
3 
3 
3 
1  41 1497371471  
3 
2  0 
3 
1  0 5136080  
1  0 2133283506  
1  16 1455278320  
3 
2  0 
1  0 329557748  
1  0 1987496182  
2  2 
2  54 
1  101 1848123162  
1  88 1191975781  
2  6 
3 
1  9 528627256  
2  9 
3 
1  70 282991708  
1  33 1352844132  
2  1 
2  0 
1  51 182607833  
1  0 1967817406  
3 
1  46 2100424589  
3 
3 
3 
1  0 2038903376  
1  10 2066035706  
1  96 703074647  
1  1 2124172493  
1  9 1764005936  
1  86 174186926  
1  37 1409635004  
2  1 
2  57 
3 
2  42 
3 
3 
1  67 1636313097  
2  39 
3 
2  1 
1  70 1233061779  
3 
2  0 
3 
1  0 28034021  
3 
2  0 
3 
1  0 815922559  
2  0 
1  31 1199294823  
1  0 1832870263  
1  100 1725561366  
2  0 
3 
1  52 1335297134  
3 
1  96 220769281  
3 
2  2 
1  0 834433811  
3 
1  0 685184958  
3 
1  0 225905361  
2  1 
3 
2  94 
2  0 
1  61 820233669  
3 
1  0 2140463278  
1  1 555463110  
3 
3 
2  2 
1  55 660246203  
1  48 1841102792  
3 
1  1 1747438891  
1  0 1188873460  
3 
1  17 2124094500  
1  53 952799375  
3 
1  2 1371481293  
1  83 1944428259  
2  2 
3 
2  1 
2  77 
3 
2  8 
1  2 905740316  
3 
1  1 1262901021  
2  37 
1  0 1862980317  
1  3 1608814963  
2  71 
1  0 1239589866  
2  58 
3 
2  41 
3 
1  39 1479502605  
3 
3 
1  3 1783001890  
2  61 
2  10 
1  38 501741222  
3 
3 
1  8 968332054  
2  50 
3 
1  5 868580021  
1  6 529775244  
3 
2  4 
2  8 
1  76 1784254614  
2  6 
2  63 
1  11 2067874844  
1  5 215161859  
1  86 1362332332  
3 
1  28 1255688331  
1  5 435931140  
1  78 49282495  
1  9 1940873289  
3 
1  30 661836502  
3 
1  63 869516165  
2  102 
2  9 
3 
1  19 1933852919  
2  5 
2  6 
3 
3 
3 
2  2 
1  60 1217299612  
1  20 1529762368  
1  65 1627472063  
1  15 817254855  
3 
3 
3 
3 
3 
1  7 571152180  
1  64 1604082915  
2  5 
3 
2  6 
2  6 
3 
3 
1  71 1770054230  
3 
3 
1  85 1942633473  
3 
1  73 1401027526  
2  25 
3 
3 
3 
1  68 528310899  
2  4 
3 
3 
3 
3 
1  0 1058050847  
3 
2  74 
2  42 
3 
1  58 1116524196  
2  39 
2  4 
3 
2  103 
1  59 2137125862  
3 
2  1 
3 
1  70 150157065  
3 
2  1 
3 
2  55 
2  1 
2  0 
1  84 448543153  
1  79 1772644104  
1  64 651898288  
2  49 
2  3 
1  0 1416875208  
2  92 
1  66 493740477  
1  1 1181673532  
3 
1  0 1053646174  
3 
2  3 
1  97 414131674  
2  0 
2  82 
3 
1  0 1396835391  
1  1 268494858  
2  0 
3 
1  0 1669820005  
3 
3 
3 
1  3 1832766531  
1  40 317777353  
2  27 
3 
1  41 1463209646  
3 
3 
1  0 347119385  
2  4 
2  38 
2  49 
1  33 1187293518  
2  27 
2  55 
3 
1  2 1249578917  
1  46 1564418997  
2  2 
2  3 
3 
3 
3 
1  2 569572239  
1  31 729567332  
1  81 234190204  
1  51 1140724419  
2  1 
2  71 
1  94 186166599  
3 
1  103 2004244435  
3 
3 
1  1 935874245  
3 
1  0 1587194126  
3 
2  85 
3 
3 
3 
3 
2  33 
3 
3 
3 
1  3 385071686  
1  6 1993925092  
2  0 
2  79 
2  6 
1  3 556234674  
1  0 374713900  
2  23 
1  89 2144082157  
3 
1  9 1004777827  
1  30 2147358005  
1  38 648496797  
2  100 
2  6 
3 
1  26 274169387  
2  2 
2  0 
1  68 493614834  
3 
2  3 
1  0 1830170329  
2  3 
1  3 1327815561  
1  91 907746508  
2  1 
2  37 
3 
2  3 
3 
3 
1  2 1079522072  
1  4 1596310419  
1  10 430082865  
2  47 
2  40 
1  1 764804956  
3 
3 
1  2 1914087773  
2  5 
3 
1  77 1893292511  
1  0 1111924341  
3 
2  2 
1  3 953897643  
3 
1  2 995387780  
3 
3 
2  7 
1  4 528859691  
3 
1  0 1523469882  
3 
1  9 1724955112  
3 
3 
3 
1  110 763049895  
2  98 
3 
2  4 
3 
2  7 
1  66 516710654  
3 
2  26 
3 
3 
2  59 
1  6 1911121712  
2  59 
3 
3 
1  4 619810682  
1  2 1452584899  
2  1 
1  8 1350832190  
2  2 
3 
2  39 
3 
1  39 1004882368  
2  2 
3 
3 
1  6 1299026343  
1  45 1907066864  
3 
1  36 1379596269  
1  17 1295624852  
3 
1  63 764361043  
2  6 
3 
2  33 
3 
3 
2  7 
1  104 1379470626  
3 
2  2 
2  56 
1  2 1944121650  
1  4 1038530431  
3 
2  75 
2  104 
1  66 1873085460  
3 
1  98 1626808331  
3 
1  0 218862344  
1  55 633348321  
2  8 
1  8 558846756  
3 
3 
3 
2  2 
2  83 
3 
2  3 
1  97 1815172764  
3 
3 
3 
2  7 
2  77 
2  80 
3 
3 
3 
1  43 1063431186  
2  4 
1  81 1323651712  
2  0 
3 
3 
1  3 1581776889  
2  1 
1  3 809240050  
1  0 288092405  
1  6 388190884  
3 
1  31 1804627830  
1  10 816952096  
3 
3 
1  7 1911660767  
3 
1  2 1382099295  
3 
3 
1  3 1580001992  
1  90 280887773  
1  9 1145737359  
3 
2  4 
3 
3 
2  25 
2  95 
3 
3 
1  19 52329026  
3 
1  77 1733472672  
1  2 349085901  
3 
3 
2  6 
2  4 
1  8 1057211395  
2  33 
3 
3 
2  97 
3 
2  12 
1  80 885015367  
2  1 
1  4 108669117  
2  92 
3 
1  10 289324016  
2  21 
3 
3 
1  11 33156571  
1  36 873030160  
3 
2  39 
2  18 
2  81 
2  1 
2  41 
3 
2  55 
1  25 1668794642  
2  6 
2  1 
1  8 1977278221  
2  16 
3 
3 
3 
2  42 
2  20 
3 
2  8 
2  0 
2  5 
1  1 1911560591  
2  8 
3 
2  71 
1  2 1394396454  
2  60 
3 
2  97 
1  53 1456602905  
1  3 2130422936  
3 
3 
2  6 
3 
3 
1  5 2027744775  
1  0 2015449661  
1  25 1798112052  
1  23 943692314  
1  43 1191617725  
2  7 
3 
2  62 
1  105 1232405293  
2  19 
1  25 1752932364  
2  1 
1  46 1479710130  
3 
3 
2  1 
3 
1  5 1620596177  
1  3 1410076546  
3 
1  0 149178579  
1  46 1384773296  
3 
2  1 
3 
3 
2  29 
2  0 
3 
1  9 644692193  
2  29 
2  5 
2  49 
3 
1  44 1729180571  
1  50 1665661069  
1  39 1790429552  
3 
1  57 1781509597  
3 
3 
1  30 1251650093  
3 
3 
3 
2  70 
1  6 2139515453  
3 
2  4 
2  1 
3 
1  108 691237344  
1  78 2136665460  
1  0 100700922  
1  6 980561360  
2  97 
1  110 22338384  
2  8 
3 
3 
3 
3 
2  3 
1  86 973731083  
2  0 
1  6 501872354  
3 
1  7 1999616605  
1  4 737808026  
3 
2  64 
1  3 1896268809  
2  1 
2  6 
2  5 
3 
1  94 1308735862  
2  7 
2  69 
3 
3 
3 
2  2 
2  6 
3 
1  82 720747314  
1  20 1776529936  
3 
2  48 
3 
3 
2  66 
2  88 
1  5 1176701875  
3 
3 
1  85 371375718  
1  68 572738602  
1  6 220835952  
2  58 
3 
2  6 
1  37 1603781011  
1  24 178187318  
1  5 1700546083  
3 
3 
1  58 1076893541  
1  3 1588263865  
1  6 1849724662  
2  7 
2  3 
2  17 
2  55 
2  16 
2  77 
3 
3 
2  6 
2  1 
2  35 
3 
1  11 314183189  
1  34 85472410  
3 
1  2 1431421585  
1  30 1979844259  
1  66 1875901963  
1  98 1065447534  
2  3 
2  63 
3 
3 
1  26 1084010704  
1  46 1867933768  
3 
2  5 
1  33 1756684879  
1  22 1073192517  
2  0 
3 
3 
1  1 1968634691  
1  26 589762591  
1  2 1095530901  
1  79 794882126  
1  3 1091634946  
2  89 
1  96 947663858  
1  2 1532690152  
2  3 
2  84 
1  3 840420107  
2  1 
3 
3 
1  12 108916073  
1  0 105953819  
2  6 
3 
3 
3 
2  96 
2  6 
1  3 469466395  
2  63 
1  0 1285617948  
1  5 477329537  
3 
3 
1  5 1042204998  
3 
2  44 
2  109 
2  5 
3 
2  7 
3 
3 
2  4 
2  73 
2  42 
1  75 1506453901  
3 
2  49 
1  8 2081110549  
3 
3 
1  6 1220392316  
2  1 
3 
3 
2  6 
1  77 1059516336  
1  52 1010520442  
2  2 
3 
1  4 661172533  
1  5 761757350  
3 
2  64 
2  34 
2  102 
3 
1  5 1324703631  
2  2 
3 
1  34 746644944  
1  11 45695287  
1  4 1157064242  
2  6 
1  34 475063259  
1  4 1111142821  
3 
1  44 93591299  
1  5 195513379  
1  36 720344052  
1  27 1166783816  
1  7 16664422  
2  8 
3 
2  27 
1  7 1310106644  
2  33 
3 
2  0 
1  15 114831069  
3 
2  2 
2  0 
3 
1  6 811546548  
3 
2  4 
2  92 
2  6 
1  5 254257942  
3 
1  107 1062494927  
3 
3 
2  95 
2  5 
3 
1  96 196753053  
2  5 
2  2 
2  27 
1  1 1094678049  
2  1 
2  0 
1  2 1171411000  
1  0 302706872  
2  4 
1  24 1564144444  
1  48 309545301  
1  104 780036409  
1  71 458865794  
1  92 1815999202  
3 
2  0 
1  57 713663310  
1  1 1679258111  
1  101 728031890  
1  2 1724183752  
1  62 192946996  
2  59 
2  16 
1  38 1489789240  
2  23 
3 
3 
3 
3 
3 
3 
3 
3 
1  0 901403736  
2  68 
3 
3 
1  89 939591940  
1  0 1535484527  
2  0 
3 
1  101 2058467978  
3 
2  76 
2  91 
1  4 1414655199  
2  3 
2  48 
2  3 
2  2 
1  1 499143700  
1  3 4575629  
1  72 1610168579  
2  0 
2  4 
3 
2  3 
2  1 
2  0 
3 
1  45 1219487753  
3 
2  0 
1  67 1171359445  
1  90 1626833001  
3 
1  0 382110749  
3 
3 
3 
1  74 1286190514  
2  59 
3 
2  0 
2  0 
1  0 290895902  
3 
2  0 
1  75 636368691  
2  0 
3 
2  45 
1  25 201201794  
1  0 487648955  
2  0 
2  0 
1  0 1731046740  
2  23 
1  98 1372612794  
3 
1  90 790355827  
1  0 1147707536  
3 
2  0 
2  0 
3 
2  0 
3 
2  51 
2  0 
1  0 1682158095  
3 
2  0 
1  0 1570392236  
1  33 1606573331  
3 
2  42 
1  0 1350673649  
3 
2  2 
3 
1  56 136571899  
3 
3 
1  0 1138347794  
2  103 
1  55 2078705539  
1  0 1860755651  
1  2 1331294790  
1  3 1421011131  
1  43 614675739  
2  58 
1  5 123403083  
2  2 
1  4 809012010  
2  75 
1  5 525660070  
1  88 1538058282  
1  51 1308155711  
3 
3 
2  22 
3 
2  95 
1  77 530235699  
2  96 
3 
1  4 1000743213  
3 
1  42 380159816  
2  61 
1  5 1701595145  
2  103 
1  0 480092567  
3 
1  80 762270565  
1  14 840302011  
2  13 
1  9 770988469  
2  60 
2  12 
3 
1  19 1398639256  
1  0 1041503805  
3 
1  6 1258637424  
1  3 982202348  
3 
3 
3 
1  0 266632952  
2  7 
1  10 2048993251  
1  4 2129909884  
2  9 
2  64 
1  13 1948791047  
3 
3 
1  117 1471901839  
1  79 1588999567  
1  74 1151981049  
2  95 
1  66 1608473738  
3 
2  96 
1  3 579863713  
1  78 1083202940  
3 
2  1 
1  100 1321745742  
2  53 
3 
3 
3 
2  10 
1  101 1911158504  
3 
3 
3 
1  107 356730424  
2  90 
2  91 
3 
3 
1  23 1936421481  
2  3 
3 
2  42 
3 
1  84 2034561587  
3 
3 
1  8 1165742434  
1  33 314597903  
3 
3 
1  113 1425136221  
3 
3 
3 
1  115 326414497  
1  14 844833603  
3 
2  66 
2  38 
3 
3 
2  68 
2  36 
2  14 
3 
1  2 278395787  
2  0 
2  1 
1  19 706574313  
3 
3 
1  2 398945100  
1  79 758488354  
3 
3 
3 
1  7 1468844878  
3 
2  0 
3 
3 
3 
3 
3 
1  9 1239247111  
1  16 1529476823  
3 
1  54 720000486  
3 
3 
1  36 133267269  
2  24 
1  109 640630599  
3 
2  16 
2  62 
3 
1  36 1702202834  
3 
2  13 
3 
1  100 399900221  
1  1 542140202  
2  0 
3 
2  40 
3 
3 
2  91 
3 
3 
3 
3 
3 
3 
1  30 1684629071  
1  13 201207620  
1  3 2014042041  
2  7 
1  59 1126144990  
1  13 1353188669  
1  29 1475032132  
1  64 1706008704  
2  14 
1  59 288907962  
3 
1  20 649294226  
1  82 1469683560  
3 
1  116 645638386  
2  52 
3 
1  53 438232059  
2  65 
1  79 1356761499  
3 
2  9 
2  18 
3 
2  80 
3 
3 
2  75 
1  14 1811380820  
3 
1  39 752829963  
1  10 634414072  
2  5 
3 
1  4 2137795318  
1  76 1597663566  
3 
2  6 
3 
2  2 
3 
2  31 
3 
2  110 
2  57 
3 
3 
3 
1  14 912809859  
1  88 696885983  
2  88 
1  7 1996608666  
3 
3 
1  38 1671298213  
3 
3 
2  69 
1  16 18247214  
2  115 
3 
1  114 1088372129  
3 
2  14 
2  0 
2  10 
1  2 1053291388  
1  18 738247700  
3 
1  30 1221639398  
2  35 
2  14 
3 
1  29 1693921987  
3 
2  91 
1  39 292966887  
3 
1  15 1621539619  
2  63 
1  49 88578541  
2  2 
2  12 
3 
2  8 
1  10 1977595958  
3 
3 
3 
1  108 1822747240  
2  75 
1  31 2102620583  
2  1 
3 
3 
1  5 956257300  
3 
1  10 1028452261  
1  95 1430169067  
2  4 
1  11 514782356  
2  11 
3 
3 
3 
1  58 1317360223  
2  8 
3 
3 
3 
3 
2  88 
3 
2  6 
2  16 
1  10 2079463293  
2  4 
2  2 
3 
2  7 
1  6 1984465916  
1  83 1962998609  
2  3 
1  60 370211704  
3 
1  78 1193743767  
2  22 
2  9 
3 
1  18 1626895782  
3 
2  0 
3 
3 
1  75 1123041667  
3 
1  8 1828157840  
3 
1  7 1617207452  
3 
3 
1  96 573221585  
2  8 
3 
3 
1  2 593484051  
3 
2  84 
3 
2  5 
3 
2  5 
1  108 166609787  
1  2 422346603  
1  5 117298617  
3 
3 
2  44 
3 
2  9 
1  2 184857001  
1  1 1510718733  
1  11 1170590005  
3 
3 
3 
3 
3 
3 
3 
3 
3 
2  44 
1  33 923104702  
2  56 
1  82 584874483  
3 
3 
1  12 717028345  
1  100 1216071589  
1  10 58930455  
1  8 805606886  
2  6 
2  27 
1  27 1046183899  
1  0 1881677695  
3 
1  49 760743821  
1  5 2002441199  
1  32 762646308  
1  79 43429240  
1  71 369739908  
3 
3 
3 
2  31 
2  6 
1  24 2080006532  
2  64 
2  68 
1  104 2122892533  
1  12 206722176  
2  16 
1  7 1895521493  
2  3 
3 
2  0 
1  78 345620590  
2  114 
2  78 
2  6 
1  4 1400465944  
1  1 1374933627  
3 
3 
3 
2  1 
2  11 
1  10 1468662257  
1  7 1081140136  
3 
2  10 
2  28 
1  115 844657431  
3 
2  46 
3 
2  80 
1  111 2041883843  
2  108 
2  8 
2  3 
1  2 1674624187  
3 
3 
1  10 1011267219  
2  4 
1  48 316746798  
1  41 1791922804  
2  11 
3 
1  83 1196124220  
3 
2  67 
2  0 
1  86 1827465531  
1  3 815029162  
3 
1  112 2119228922  
2  10 
2  1 
2  4 
1  50 264856367  
2  7 
1  94 1532057507  
2  5 
1  6 1187816863  
2  2 
2  101 
2  107 
3 
3 
3 
3 
1  7 323786822  
3 
2  38 
2  4 
2  20 
3 
1  105 190180745  
3 
1  1 86517114  
1  2 57980869  
1  48 950924567  
2  38 
1  55 2088958314  
2  65 
1  1 820627177  
1  19 994353807  
2  26 
2  8 
3 
2  65 
3 
1  15 311214574  
2  2 
3 
1  44 753150061  
2  5 
1  27 969762693  
1  5 517936750  
1  52 501187907  
2  6 
1  4 1315383283  
1  1 1918402694  
3 
1  108 1876121534  
3 
1  6 636561892  
3 
1  8 852059182  
2  6 
2  44 
1  107 573295318  
3 
1  49 530962087  
3 
2  42 
1  65 379199722  
3 
1  41 1584562537  
3 
1  7 847708886  
1  41 23638878  
1  59 633203109  
1  2 527690769  
3 
1  16 838668040  
3 
3 
2  102 
2  67 
3 
3 
1  5 604948384  
3 
2  45 
1  98 792547136  
1  27 223241899  
2  13 
1  11 1792765247  
3 
3 
3 
1  13 1116333958  
2  70 
1  13 413422645  
3 
2  0 
1  1 1879282362  
1  113 1174314827  
2  35 
1  2 1364347212  
3 
1  6 1820757028  
3 
3 
1  9 1994942005  
1  14 211217371  
1  6 2131971602  
3 
1  11 600608418  
2  29 
3 
2  25 
2  0 
1  6 1180980064  
3 
3 
1  93 502424704  
1  14 1101796325  
2  22 
2  2 
3 
3 
1  60 348879699  
3 
2  42 
3 
1  19 273343751  
3 
1  32 830434212  
3 
3 
1  121 985441592  
3 
1  90 1125402933  
2  9 
3 
1  22 1403729530  
2  94 
3 
2  69 
2  10 
2  16 
1  8 1516403679  
3 
2  2 
3 
1  41 1504602655  
3 
1  6 840808419  
1  52 216628917  
3 
1  51 1528241534  
1  87 1474011528  
2  7 
2  9 
1  88 744319687  
2  10 
2  12 
2  10 
3 
2  12 
1  0 219425926  
1  92 2078959912  
1  75 1536866823  
2  105 
2  107 
2  0 
3 
3 
2  83 
2  10 
1  12 442667826  
1  0 1724241512  
2  46 
1  2 505717134  
3 
1  20 856090471  
2  116 
2  11 
2  51 
1  4 1456040226  
3 
2  26 
1  12 1680031961  
3 
2  1 
3 
3 
1  87 72954035  
2  52 
3 
2  15 
2  101 
3 
2  57 
3 
1  78 1129313606  
1  101 1527490318  
2  112 
1  3 284171406  
3 
1  102 1113801560  
1  46 2128098737  
1  0 1465151471  
2  2 
3 
1  87 1616226264  
2  14 
2  24 
3 
1  44 1082411414  
1  103 1814031170  
2  10 
1  76 1889570015  
1  0 1912845626  
2  102 
3 
3 
2  13 
2  86 
2  10 
1  7 651989114  
3 
1  8 867489301  
3 
3 
1  66 1169091508  
3 
2  9 
2  18 
1  8 20909146  
3 
3 
3 
2  0 
2  97 
2  9 
1  58 224608308  
1  99 2009899927  
3 
2  103 
2  17 
1  102 237538063  
2  70 
1  8 1752849842  
1  19 1336427808  
1  69 981857750  
2  7 
2  110 
3 
2  50 
2  53 
2  10 
3 
2  1 
3 
2  10 
2  80 
3 
3 
1  9 1972275769  
3 
2  40 
1  24 1267904072  
2  8 
1  0 371240926  
1  8 267459947  
1  10 844661936  
3 
1  62 876958060  
3 
2  5 
2  1 
1  45 1123550418  
3 
2  94 
1  36 153218514  
2  0 
3 
3 
2  84 
3 
1  0 409506373  
1  81 1196504453  
1  9 1282532120  
3 
1  17 1936996692  
3 
1  84 1480675859  
2  13 
1  26 248850032  
3 
1  99 1917611781  
3 
2  7 
2  7 
1  1 798343682  
2  3 
2  6 
1  0 1865076297  
3 
1  61 852539547  
2  7 
3 
2  16 
3 
3 
2  32 
3 
3 
2  84 
2  10 
1  32 464891205  
1  87 1607162664  
1  80 617901526  
3 
2  26 
3 
3 
2  5 
2  5 
3 
3 
1  17 1116880319  
2  11 
2  20 
2  23 
2  4 
3 
2  4 
1  95 327168317  
1  28 1786993034  
2  3 
3 
2  23 
2  3 
2  15 
2  60 
1  49 1137789465  
2  77 
3 
3 
2  0 
2  68 
1  23 551776626  
2  1 
1  0 1649409314  
2  86 
2  1 
3 
3 
3 
3 
2  0 
1  10 1375327529  
2  10 
2  7 
3 
2  80 
3 
2  0 
3 
2  40 
3 
2  0 
2  0 
1  65 157142820  
2  34 
2  61 
2  66 
1  0 838353474  
3 
2  0 
1  15 209701631  
1  7 2129418589  
2  73 
3 
3 
3 
2  0 
3 
2  58 
2  0 
1  0 2106257546  
1  13 580942557  
3 
2  0 
1  65 249394888  
2  46 
3 
3 
3 
3 
2  93 
1  0 803435835  
2  98 
2  0 
3 
1  0 1457900617  
2  44 
2  25 
1  44 1372945306  
3 
3 
1  0 956654349  
2  1 
2  0 
2  0 
2  0 
1  0 1867406991  
2  74 
3 
1  92 421966111  
2  0 
1  0 91702822  
1  68 1656920035  
3 
1  40 1902641971  
2  56 
3 
1  0 340552854  
3 
3 
3 
1  0 1427048168  
1  0 553502005  
3 
2  3 
1  76 58145503  
1  103 132104067  
2  2 
2  54 
2  65 
1  24 1018393210  
2  1 
1  56 1665308168  
1  0 750005593  
1  6 2135273530  
3 
2  98 
2  1 
1  0 1992476485  
2  1 
2  0 
2  34 
3 
2  0 
2  0 
1  0 389514980  
2  0 
2  0 
1  58 1125579347  
3 
2  0 
2  0 
2  67 
1  51 396769463  
1  0 2038924294  
3 
1  34 353423228  
2  63 
1  0 553912284  
2  102 
2  46 
2  7 
2  78 
3 
2  89 
3 
3 
1  0 729794120  
1  11 563124860  
2  101 
1  97 535847225  
2  74 
2  1 
1  0 688568018  
3 
3 
2  1 
1  82 1144067417  
3 
3 
3 
3 
2  19 
2  28 
1  1 785242114  
2  1 
1  70 1492003853  
1  1 454484387  
3 
2  2 
2  0 
1  0 10703772  
1  60 301174555  
3 
3 
1  0 174407730  
3 
3 
3 
2  50 
2  87 
3 
1  3 432669884  
1  0 392877377  
1  26 1831327765  
2  60 
1  32 187828207  
3 
3 
2  38 
1  3 733430231  
1  71 1110892285  
1  81 741330212  
2  3 
3 
1  2 791575735  
2  0 
2  0 
2  78 
1  1 1242996352  
1  0 1759723423  
1  29 309400255  
3 
1  26 1993001946  
3 
3 
1  79 1747513305  
3 
1  88 154393092  
2  3 
1  64 235033278  
1  96 725609004  
2  1 
3 
1  5 551162556  
3 
1  95 126473924  
3 
1  1 1079032233  
3 
1  16 1105074840  
3 
3 
2  22 
1  4 856268044  
1  5 1642157093  
3 
3 
2  0 
2  3 
3 
2  3 
1  104 1640922065  
2  26 
2  45 
2  3 
3 
1  1 1544836062  
2  0 
2  11 
2  0 
2  0 
3 
1  19 638740862  
3 
1  18 278680531  
2  0 
2  0 
2  0 
2  78 
3 
1  27 889356268  
3 
3 
1  86 1093225249  
2  18 
1  0 289384304  
3 
1  42 1190530823  
3 
2  48 
2  0 
1  0 1267632979  
1  0 722054188  
1  65 1583408200  
3 
1  1 951477096  
2  8 
1  2 909882395  
1  92 169354783  
1  71 2062369381  
2  64 
2  2 
1  90 1651212607  
2  2 
3 
1  40 960930518  
1  0 1157882086  
1  79 1263452382  
2  27 
1  1 1270330773  
1  2 1003400384  
3 
2  62 
3 
1  4 863482039  
1  77 1424723866  
1  2 1238433662  
3 
3 
2  2 
3 
1  2 1589091044  
2  96 
2  75 
1  2 1975886422  
3 
3 
3 
3 
1  69 1364907586  
3 
3 
3 
3 
2  8 
2  17 
3 
3 
3 
2  6 
2  35 
2  63 
3 
3 
1  0 520639629  
1  7 933477614  
3 
1  83 73691982  
1  13 15313074  
3 
1  59 426916031  
1  19 1618528044  
1  43 654053936  
1  5 705596563  
1  19 360400664  
1  69 1747279186  
3 
1  7 994980867  
3 
2  32 
1  8 1550931487  
3 
2  0 
2  91 
2  9 
3 
3 
1  5 867428517  
2  75 
3 
3 
3 
3 
3 
1  33 1717035055  
2  85 
2  6 
1  19 986856039  
3 
3 
3 
1  16 1818905614  
2  1 
1  4 479433802  
2  8 
2  81 
1  2 1156210823  
1  94 1733791347  
1  5 2130646409  
3 
1  2 2117141341  
3 
1  1 744189785  
2  8 
2  100 
2  34 
2  1 
2  106 
2  8 
3 
3 
2  76 
3 
2  106 
2  53 
2  71 
3 
1  9 1246615144  
1  8 1239988467  
3 
3 
1  47 1747590169  
1  1 2110097183  
3 
3 
1  99 517228685  
1  73 838540183  
3 
2  10 
2  8 
1  33 1551704579  
1  37 345631459  
2  101 
1  2 55964121  
1  55 2072344208  
2  8 
1  7 1279109073  
2  27 
2  3 
3 
1  7 129656103  
1  10 2087657282  
3 
3 
2  7 
2  1 
2  7 
3 
3 
3 
1  46 1706025104  
1  49 1748184148  
3 
1  37 594227571  
2  6 
2  92 
3 
3 
2  3 
2  46 
2  11 
2  4 
1  81 264138019  
2  2 
3 
1  23 2108584812  
2  4 
3 
1  84 194023109  
2  31 
2  4 
2  100 
3 
1  3 1259118886  
3 
2  2 
1  0 1512032652  
2  51 
1  2 1061451626  
2  4 
3 
2  1 
1  4 828670293  
1  3 351405043  
3 
2  4 
1  4 732873592  
2  3 
1  1 1308104095  
1  72 1507615866  
3 
1  3 319181292  
2  59 
1  5 1291266857  
1  0 1477273560  
3 
2  56 
2  5 
3 
2  26 
3 
2  26 
2  89 
3 
1  74 1063371077  
2  93 
2  4 
3 
1  6 390398353  
3 
2  47 
1  0 569778379  
1  7 663477599  
3 
2  7 
2  5 
2  97 
2  84 
3 
3 
1  33 353011888  
3 
1  68 1087007064  
2  6 
1  1 1502017782  
1  5 1904716468  
2  108 
1  92 1432638523  
2  3 
3 
1  0 1557981904  
3 
2  74 
1  39 1829577028  
1  36 564263948  
1  7 1687638007  
3 
2  3 
1  16 1769750663  
2  8 
1  5 122805404  
2  6 
1  85 1288338507  
3 
1  0 216494586  
3 
2  28 
2  3 
2  82 
2  6 
1  5 386943424  
2  76 
2  8 
3 
1  89 1249439672  
3 
1  0 410517695  
3 
3 
3 
2  92 
1  5 1646062310  
1  69 613988676  
3 
1  4 1471969321  
1  20 327248956  
3 
1  4 965393719  
3 
2  2 
1  92 57359266  
1  13 1635353051  
2  9 
1  48 325525938  
1  2 376540558  
3 
1  2 779136260  
3 
3 
3 
2  10 
2  9 
3 
3 
2  47 
1  16 1802799498  
2  45 
1  70 1439911635  
2  81 
2  4 
3 
3 
1  56 1169534613  
2  7 
2  101 
2  3 
1  1 225094229  
3 
2  5 
3 
1  0 2103389234  
2  5 
1  0 1522546502  
2  6 
3 
2  65 
3 
1  4 1312101293  
3 
1  28 1457923369  
3 
3 
1  4 1279779322  
1  8 597256168  
3 
2  27 
1  10 868421625  
1  4 961872702  
3 
2  9 
3 
3 
2  9 
2  0 
1  94 1161520116  
3 
2  50 
3 
2  60 
2  57 
3 
1  4 408575984  
3 
2  0 
2  5 
1  3 584139717  
2  5 
1  1 1284325520  
1  85 1696914492  
1  11 800634303  
1  1 1671268944  
3 
3 
1  5 798870516  
1  4 1211151998  
1  1 1169847607  
1  9 1412859192  
1  12 535637672  
2  11 
1  0 1497096563  
1  0 230769263  
1  55 592996938  
3 
3 
3 
3 
1  8 984965966  
3 
1  2 556295201  
2  36 
2  56 
1  78 969537496  
2  15 
2  92 
1  4 1764102227  
2  11 
3 
3 
1  65 211611051  
3 
1  94 261965483  
3 
1  66 786153192  
1  17 436705280  
1  42 217871070  
1  3 161216046  
2  27 
1  7 1748806573  
2  11 
1  94 1675794439  
2  51 
1  87 1440995368  
2  2 
3 
2  76 
3 
3 
2  16 
3 
3 
3 
2  84 
3 
3 
3 
1  74 198579093  
1  8 396732416  
3 
2  24 
1  4 255384423  
1  54 1360099209  
3 
1  91 805308400  
3 
3 
2  6 
3 
2  2 
1  1 839524140  
2  16 
2  6 
1  61 496941082  
2  77 
1  4 354739244  
3 
1  0 1640158444  
2  12 
3 
3 
1  12 20726378  
1  10 1153609760  
3 
1  14 703826794  
3 
2  35 
2  6 
1  5 1190573985  
3 
3 
2  119 
1  4 418985304  
3 
2  13 
1  118 1239464466  
3 
3 
3 
1  8 540186900  
3 
3 
2  99 
2  53 
3 
3 
1  70 649754568  
3 
2  18 
2  5 
3 
3 
1  6 1832461404  
1  33 1525152867  
3 
1  3 1206049769  
2  9 
2  117 
1  17 654515252  
2  88 
1  1 1141771446  
3 
3 
3 
3 
3 
1  7 1417660821  
1  53 916480736  
3 
1  1 1927924638  
1  23 1854366101  
2  120 
1  23 1134351806  
3 
2  0 
1  16 2089140685  
3 
2  22 
2  18 
2  48 
1  45 1455689027  
2  17 
3 
1  4 662662597  
3 
1  16 1382652405  
2  62 
1  13 1654268120  
3 
1  34 1059395013  
1  104 1638036828  
3 
1  58 866883682  
3 
3 
1  102 1864703413  
2  22 
3 
1  23 330077321  
3 
2  52 
1  104 1363824764  
3 
1  82 71959010  
3 
2  0 
2  83 
2  53 
1  34 1970235765  
3 
3 
1  16 1384551142  
1  35 1225568770  
3 
1  18 526578911  
3 
3 
3 
2  14 
3 
2  86 
3 
1  11 427641480  
1  12 1644554075  
2  2 
3 
1  20 1766043378  
1  52 967828380  
1  66 146824995  
2  66 
3 
3 
3 
1  21 1451021134  
1  102 345497599  
3 
1  64 1352874764  
2  105 
3 
2  28 
1  17 2105536387  
1  17 1487269045  
2  2 
3 
1  118 623051937  
2  80 
1  16 874533475  
3 
3 
1  30 1267710036  
2  52 
1  43 329934391  
3 
2  32 
3 
3 
2  76 
1  108 2008885281  
2  19 
2  87 
2  18 
3 
2  84 
3 
1  90 1209367073  
2  26 
1  24 1785623418  
2  14 
3 
3 
2  107 
2  19 
3 
2  35 
1  29 524064230  
3 
3 
1  22 444535830  
3 
1  1 1292407890  
2  13 
3 
1  15 1583459243  
2  27 
1  14 2082572659  
1  38 11807924  
2  105 
3 
1  5 1300679008  
3 
2  19 
3 
1  34 265166332  
1  7 1375632688  
3 
3 
1  37 1372638018  
3 
2  59 
2  10 
2  109 
3 
2  29 
3 
1  69 87918449  
1  10 612700183  
3 
2  103 
2  80 
2  104 
1  61 450723141  
3 
2  7 
2  39 
2  128 
1  20 614497360  
3 
2  25 
3 
2  2 
3 
2  15 
3 
3 
2  70 
2  77 
2  27 
2  23 
2  19 
1  3 1040341663  
2  1 
1  72 2095277216  
2  37 
3 
2  63 
3 
3 
2  57 
1  73 233057090  
2  81 
1  57 2008170043  
3 
1  8 94618563  
1  19 1684078225  
3 
1  13 206183995  
1  20 1447493327  
3 
1  108 1642130964  
1  50 1693453040  
1  2 2070545265  
2  0 
2  5 
2  26 
1  101 369180791  
3 
2  19 
3 
3 
2  20 
3 
2  8 
1  1 813679428  
3 
1  72 252996008  
2  28 
3 
1  13 230582424  
1  24 2023046501  
3 
3 
1  1 2038619426  
3 
1  32 754646654  
1  24 320098684  
1  13 1183543668  
3 
1  11 190622249  
1  8 255187695  
1  75 1195351593  
2  61 
2  25 
3 
1  114 1491301257  
2  18 
2  64 
2  17 
2  51 
2  15 
2  25 
1  60 520354027  
2  41 
1  12 423500633  
2  106 
2  17 
2  3 
1  98 716455628  
2  40 
1  119 608272476  
1  25 1036200816  
3 
2  24 
2  12 
2  7 
3 
2  10 
2  20 
1  103 1167178769  
3 
1  84 1222769836  
2  14 
3 
3 
2  116 
2  4 
2  10 
3 
2  16 
2  63 
1  11 2076542479  
1  5 1114972337  
1  86 1455826927  
2  42 
2  88 
1  53 1937228875  
1  0 1209590900  
2  19 
2  18 
1  11 992421504  
3 
3 
3 
2  83 
3 
2  109 
3 
3 
2  54 
1  80 2143412870  
2  4 
2  32 
1  5 509600579  
2  2 
1  16 487068820  
2  6 
3 
3 
3 
3 
2  60 
1  23 1689382262  
2  7 
3 
1  2 432662196  
3 
3 
1  50 856249611  
3 
2  15 
3 
2  62 
2  0 
1  108 355578043  
1  0 685658204  
1  32 1086832035  
2  57 
3 
1  9 231140896  
1  107 576793982  
1  0 1841478689  
2  3 
3 
3 
3 
1  51 551239580  
3 
1  16 1760337651  
3 
3 
2  9 
3 
3 
2  71 
3 
3 
2  15 
2  19 
1  17 2032100938  
1  4 806427275  
1  54 808205596  
1  13 1375918547  
3 
2  8 
2  10 
2  15 
3 
2  15 
3 
2  38 
1  6 1326781302  
3 
3 
2  33 
3 
3 
3 
2  76 
1  4 1231706229  
1  7 2092374175  
3 
3 
1  5 1935053778  
2  109 
2  11 
2  118 
2  113 
3 
2  3 
2  15 
3 
2  2 
3 
3 
2  104 
2  2 
2  15 
3 
2  39 
2  65 
3 
3 
1  6 120423398  
3 
2  51 
3 
1  9 1112069296  
1  10 1010339967  
3 
3 
1  8 49482229  
1  16 79557985  
2  33 
1  18 318683246  
3 
3 
1  10 1986711104  
3 
1  16 1289148885  
1  26 1311104750  
3 
1  33 1982640326  
1  5 1798749465  
2  121 
2  26 
2  98 
2  62 
3 
2  38 
2  119 
3 
3 
1  10 1798173570  
3 
3 
3 
2  2 
2  8 
3 
3 
3 
2  114 
1  12 1524538941  
2  11 
3 
3 
2  21 
2  20 
2  33 
3 
3 
1  28 83928013  
2  54 
2  4 
3 
3 
2  9 
1  13 506939533  
1  8 1880116984  
3 
1  105 769586218  
2  100 
3 
2  88 
2  101 
1  75 1593771568  
1  20 2111257880  
2  115 
3 
1  16 1346380200  
2  60 
3 
2  61 
3 
1  91 1287766609  
3 
1  89 515013813  
3 
1  21 959234203  
2  2 
3 
3 
2  8 
1  111 1172383899  
2  1 
1  77 1321441088  
2  17 
3 
1  12 1767439799  
3 
2  5 
2  30 
3 
2  15 
2  14 
2  11 
3 
3 
2  15 
2  53 
1  97 400818798  
2  69 
1  88 500738743  
3 
1  1 851662381  
2  95 
2  39 
1  17 345709326  
2  19 
3 
3 
1  11 288308873  
3 
2  18 
3 
3 
3 
3 
2  7 
1  5 972085779  
1  10 1457778622  
3 
1  57 1298648840  
2  8 
3 
2  100 
1  47 1021568008  
2  78 
1  44 1537336608  
1  91 1617332086  
3 
2  79 
2  0 
1  90 860795465  
3 
1  105 679001845  
1  32 780953188  
1  2 695952143  
3 
3 
1  109 330267662  
1  82 431643110  
3 
2  7 
2  49 
2  20 
2  16 
2  10 
1  5 73007436  
2  6 
3 
3 
3 
1  2 414195676  
2  11 
2  14 
3 
1  2 938582643  
1  3 1953124420  
3 
1  106 1183781894  
2  6 
1  45 384870563  
3 
2  103 
1  10 1916898653  
1  67 382678446  
1  9 1672637172  
2  11 
2  96 
2  18 
3 
1  5 284428818  
1  42 1341912650  
2  11 
2  6 
1  10 697537423  
2  114 
3 
2  94 
3 
1  10 1605869906  
1  18 961868801  
2  68 
2  99 
2  21 
3 
1  100 1098356222  
1  15 2106608649  
3 
3 
3 
1  29 1813531182  
2  14 
1  115 1444065548  
1  109 247433875  
2  13 
1  3 638133313  
1  80 754360522  
2  16 
1  3 1546082715  
1  49 1659701322  
2  6 
2  43 
3 
1  57 144213482  
1  83 1015931154  
3 
3 
1  23 373013139  
3 
3 
1  8 823215328  
1  56 1796884342  
2  116 
1  51 1068965282  
1  29 1153482990  
3 
1  20 81043805  
2  16 
3 
2  65 
2  34 
3 
1  54 1141972719  
2  5 
2  0 
1  8 1567678666  
2  10 
2  9 
3 
1  10 1019626448  
1  113 947613491  
2  12 
2  8 
2  0 
1  110 603976912  
2  104 
2  4 
3 
2  16 
3 
3 
3 
2  0 
2  4 
2  1 
2  10 
3 
1  91 1404497012  
1  49 717028496  
3 
2  6 
1  0 986655359  
2  6 
2  5 
1  0 929650536  
1  23 1001457314  
1  3 181084361  
1  3 1627187960  
3 
2  0 
2  33 
1  71 459843573  
3 
1  5 1142953162  
2  27 
2  89 
1  7 578060534  
1  1 418968574  
3 
2  1 
1  3 809000697  
1  53 2022126082  
1  94 666402449  
1  2 1447134010  
3 
1  3 629002956  
1  8 65001517  
3 
2  6 
1  9 959351684  
2  7 
1  11 773216439  
3 
1  66 1080932671  
1  10 1332364823  
3 
2  70 
1  72 1596431767  
1  2 730333365  
1  88 253846458  
3 
2  13 
2  8 
2  6 
3 
1  5 602431109  
1  77 811377170  
3 
1  4 1395819177  
2  48 
1  90 22626128  
1  23 1831003619  
2  92 
2  9 
2  11 
3 
2  105 
3 
1  38 195949020  
3 
3 
1  40 626603040  
1  35 1088016983  
1  101 912977517  
3 
3 
2  88 
1  7 1613258399  
2  106 
3 
3 
1  43 2017667519  
1  3 1914434831  
1  62 1794342760  
2  84 
1  7 1497371831  
2  1 
3 
2  98 
1  85 226794756  
1  46 789812275  
1  6 2075432365  
3 
1  3 645763331  
2  8 
3 
2  9 
3 
2  0 
1  7 1598812972  
2  3 
3 
1  3 1950074799  
3 
2  58 
1  9 1312165780  
3 
2  103 
2  77 
3 
2  13 
1  36 898463334  
2  13 
2  8 
2  2 
3 
1  8 431594108  
3 
3 
2  61 
1  13 1377167297  
3 
1  10 1857815019  
2  0 
1  8 1204810547  
1  0 310616320  
1  68 1042696194  
1  5 653758666  
2  44 
3 
2  36 
3 
1  15 1040949686  
1  101 1296542652  
1  75 1256189775  
2  43 
3 
1  59 1852326856  
3 
2  42 
1  9 544878181  
1  16 1278815903  
1  17 1535846827  
2  31 
2  18 
1  5 740827202  
2  18 
2  17 
1  68 1905418944  
1  7 476380162  
1  1 1653804719  
1  6 1371193695  
1  0 346564034  
1  32 1420755902  
2  62 
1  64 1018052808  
2  87 
2  44 
1  48 1843935865  
2  113 
1  14 1647550659  
3 
2  85 
2  34 
2  68 
2  24 
2  109 
3 
3 
2  4 
1  87 1807865083  
3 
1  4 1771884583  
2  96 
3 
3 
3 
2  55 
1  109 145830342  
2  42 
2  34 
1  16 1259194407  
3 
3 
3 
3 
3 
1  10 1574475734  
3 
2  0 
3 
1  12 1457996122  
1  19 10174093  
3 
1  49 2006069842  
1  47 687679772  
3 
2  14 
2  13 
1  20 1867989112  
1  14 1063396741  
3 
3 
2  14 
2  2 
2  4 
2  5 
1  0 998296092  
2  10 
1  43 763201659  
2  1 
3 
3 
1  42 1717155407  
1  63 2039245778  
3 
3 
1  3 2059744311  
3 
2  102 
2  18 
2  46 
3 
2  19 
2  89 
2  106 
3 
3 
3 
3 
2  16 
3 
1  13 825861535  
3 
2  71 
2  65 
1  13 1744088987  
1  111 457138845  
1  0 2104677438  
1  76 1132452166  
1  116 1197966047  
3 
1  102 1862612734  
2  17 
3 
3 
3 
2  69 
2  93 
1  8 1608832329  
1  84 704287118  
3 
3 
2  108 
2  59 
2  20 
2  2 
3 
2  70 
1  2 1086322782  
3 
1  2 1955396363  
1  17 2125043020  
1  9 2104375590  
2  70 
2  20 
2  25 
3 
3 
2  7 
1  72 1651848580  
3 
1  10 1625110031  
1  110 1764757025  
2  66 
1  14 1276249515  
3 
1  92 1770940373  
1  113 876467784  
2  12 
1  116 703241602  
2  4 
2  11 
3 
3 
2  29 
2  15 
3 
1  8 1081452848  
2  70 
1  16 886641877  
1  18 561827796  
3 
1  22 1769132620  
1  16 607147342  
2  14 
1  115 1625224538  
3 
2  25 
2  33 
1  0 619945064  
3 
2  9 
1  20 1370349001  
3 
3 
3 
1  42 1194896297  
3 
1  48 511707195  
3 
2  102 
3 
1  75 1282609664  
2  22 
1  16 2020757832  
3 
1  3 108312534  
1  6 1739748509  
2  0 
1  23 1977951623  
1  16 1240764700  
2  12 
2  74 
1  7 790230908  
1  6 1693080709  
2  99 
3 
3 
1  96 702113381  
3 
3 
3 
2  19 
1  24 1494518026  
3 
2  24 
2  45 
2  14 
1  111 631919843  
2  93 
1  111 510026096  
2  58 
1  126 1472077399  
2  30 
2  69 
2  63 
3 
3 
2  58 
2  56 
1  21 588811785  
1  24 14391029  
2  20 
3 
1  119 949703782  
3 
1  81 206085162  
2  90 
2  12 
2  35 
2  110 
1  1 1290640544  
1  92 573160508  
1  14 1082552946  
1  83 1993882146  
1  47 1654613356  
1  124 1969194824  
3 
2  125 
2  20 
2  4 
1  17 408226295  
3 
1  43 1276262328  
2  86 
2  17 
3 
3 
3 
2  4 
3 
1  68 428858518  
2  75 
2  106 
1  23 2033450833  
2  28 
3 
2  12 
2  18 
2  1 
3 
2  11 
2  40 
2  95 
1  70 1896207392  
3 
3 
1  91 1799207519  
3 
3 
2  28 
2  48 
1  102 1080863482  
1  57 260430939  
3 
2  118 
1  6 934333535  
2  20 
1  19 954137667  
1  79 368743473  
2  19 
2  17 
3 
3 
3 
1  8 526598397  
1  116 784605642  
2  29 
2  62 
1  75 1609508174  
1  14 1316829305  
2  31 
3 
3 
3 
3 
3 
1  92 330202703  
3 
1  16 164137907  
3 
2  6 
3 
3 
1  106 663863684  
2  46 
1  71 962122547  
1  9 674164004  
2  10 
2  14 
1  56 2135941083  
2  16 
2  16 
2  12 
3 
1  90 1550934332  
1  9 688555033  
3 
2  5 
1  13 938161217  
1  7 1757019495  
2  20 
1  69 1979195577  
2  108 
2  32 
1  13 1511321725  
2  15 
1  68 692088793  
1  13 1825594076  
1  4 1018451433  
2  112 
2  40 
2  19 
1  96 513799969  
3 
3 
1  18 86336723  
2  109 
1  107 147230113  
1  23 942658487  
3 
3 
1  11 2119787556  
2  13 
3 
3 
3 
1  6 2043437506  
3 
2  55 
1  13 594382358  
3 
1  20 1053167390  
3 
3 
1  93 156384797  
3 
1  71 1528715894  
3 
3 
1  8 2007305057  
1  39 525128271  
3 
1  18 2055314291  
3 
2  47 
1  95 644427051  
1  46 2134636445  
1  11 1224659948  
3 
3 
3 
1  116 974629755  
2  16 
2  67 
1  2 151290704  
1  125 1888523632  
2  128 
2  6 
1  124 1936752302  
3 
3 
2  23 
3 
2  6 
3 
3 
2  15 
2  86 
3 
1  14 825454708  
3 
1  120 1876981067  
1  20 1340202986  
3 
3 
2  20 
1  5 1514009741  
3 
3 
2  1 
1  92 667658637  
3 
2  26 
3 
2  55 
1  17 949738833  
3 
2  18 
3 
1  23 1345721671  
3 
3 
3 
2  22 
1  116 31496714  
1  50 1641827627  
2  62 
2  13 
1  15 1023832099  
3 
2  5 
2  63 
2  1 
3 
2  74 
1  101 1049948148  
1  8 8143948  
3 
2  114 
2  25 
2  58 
1  13 1110168822  
1  4 1197178261  
1  11 950802436  
2  28 
3 
3 
2  10 
2  110 
1  13 1082472730  
2  26 
2  91 
1  25 1093132119  
3 
2  77 
2  123 
1  115 1545184794  
3 
2  97 
2  15 
2  25 
2  0 
3 
1  4 2135640120  
3 
1  117 1249516917  
2  5 
2  19 
3 
1  96 926417040  
2  12 
3 
1  0 1995461530  
2  29 
3 
2  4 
2  21 
3 
2  66 
1  13 1774645188  
1  37 834247683  
3 
3 
3 
3 
3 
1  29 492404933  
1  58 1761797985  
3 
2  0 
3 
3 
3 
2  86 
1  16 2058907632  
2  11 
2  84 
3 
3 
3 
1  17 1467034688  
3 
1  14 1913088689  
2  1 
1  12 1799947616  
3 
1  109 1256303342  
2  6 
3 
1  22 591059750  
1  6 1529445036  
3 
2  9 
2  6 
1  15 449022681  
1  18 2105069491  
2  23 
2  123 
3 
1  4 49620025  
2  32 
3 
3 
1  10 1398761514  
1  21 1303307514  
3 
3 
3 
2  124 
2  16 
2  6 
3 
3 
3 
1  92 81116739  
2  0 
3 
2  78 
2  33 
2  95 
3 
2  3 
2  64 
3 
1  32 893105493  
1  3 179655965  
2  4 
1  106 1131064887  
3 
2  24 
1  3 901249442  
3 
3 
3 
1  88 1289824787  
1  17 180759501  
3 
1  94 1852051878  
3 
3 
3 
3 
2  27 
1  18 224813869  
3 
1  106 1273891620  
2  69 
2  24 
3 
2  14 
2  13 
1  18 1249753024  
1  120 212970342  
1  12 375924889  
2  96 
3 
2  26 
2  8 
2  80 
1  78 28686417  
3 
2  5 
3 
3 
2  53 
3 
2  8 
3 
1  17 60948224  
2  18 
1  18 3086429  
1  12 862934100  
3 
1  0 553353157  
2  3 
2  21 
2  3 
1  12 1764884414  
2  118 
2  61 
1  110 774358084  
1  110 2020387846  
1  21 1530489456  
2  43 
3 
1  28 426822053  
1  57 1129207540  
3 
1  123 2121549206  
1  25 1956267089  
2  22 
2  62 
2  9 
1  7 1578230221  
1  2 2079135049  
3 
3 
3 
3 
2  53 
2  13 
2  3 
2  64 
2  25 
1  9 2005887114  
2  4 
2  32 
1  18 829508088  
2  104 
1  114 1234958916  
2  47 
1  63 2087003853  
2  73 
1  20 1722613581  
2  10 
3 
3 
3 
3 
1  42 1414614881  
2  14 
1  40 1070585093  
2  3 
3 
2  4 
1  7 476379375  
1  3 556956021  
1  14 1251344594  
3 
3 
2  121 
3 
1  111 180947605  
3 
3 
2  13 
2  50 
3 
1  0 781769890  
2  110 
3 
1  26 377752566  
2  71 
3 
1  85 1430700630  
1  45 994740232  
1  58 753677456  
3 
1  5 1459387047  
3 
1  92 1055688456  
1  32 756763885  
2  15 
1  14 174837499  
3 
1  101 1609041614  
2  0 
2  50 
2  65 
3 
1  38 374164652  
2  15 
2  18 
3 
3 
1  14 949195584  
2  14 
2  9 
1  34 1481945812  
2  37 
1  7 1904654108  
1  72 1376017637  
1  14 463669704  
3 
2  20 
2  57 
3 
2  80 
3 
3 
1  1 1878719666  
1  35 1184801078  
1  8 2041899926  
2  3 
1  87 1810371067  
1  103 1043204544  
3 
1  115 723924366  
3 
3 
1  83 897846335  
1  82 982724749  
3 
2  27 
2  81 
1  10 299054299  
2  51 
3 
1  97 164977569  
3 
2  4 
2  11 
3 
1  6 2053309842  
2  12 
1  17 775433675  
2  6 
1  3 721933590  
1  20 1157170788  
3 
1  106 956381280  
1  19 1503703480  
1  49 1534923355  
2  62 
3 
2  22 
3 
3 
1  15 239598262  
3 
3 
1  13 350960065  
2  81 
1  0 141117163  
1  100 1698985309  
2  117 
3 
2  28 
1  5 1406648521  
3 
1  17 897881048  
1  8 1873822809  
1  4 868206487  
3 
2  36 
3 
3 
3 
1  27 1272045700  
3 
2  5 
3 
3 
1  18 675534745  
3 
2  37 
2  9 
1  30 202668651  
3 
1  111 1029216160  
1  64 2051552382  
2  124 
1  34 666338356  
3 
1  85 760452178  
3 
2  43 
2  1 
2  6 
1  126 1088869812  
2  1 
1  2 560754634  
1  0 423339598  
3 
2  1 
2  52 
3 
1  25 2132074356  
1  92 1284679000  
2  73 
3 
3 
1  12 1321185933  
3 
1  26 967315457  
1  15 1583733299  
1  50 1486163502  
3 
3 
2  123 
2  106 
1  9 873141652  
1  4 211683326  
1  1 60613444  
3 
2  85 
3 
3 
2  1 
1  74 2030312440  
2  63 
3 
2  85 
2  77 
1  18 1168064607  
1  33 1564316925  
1  5 1417752147  
3 
2  12 
1  26 1407662869  
3 
1  63 1915276990  
1  4 1558869310  
1  21 959164531  
3 
1  51 1174441863  
3 
2  98 
1  22 309266711  
3 
3 
3 
1  9 685503692  
2  12 
1  19 2042648351  
1  99 1581312411  
3 
2  31 
3 
1  102 1361038437  
2  37 
2  131 
3 
1  25 97833354  
2  100 
3 
2  97 
3 
3 
2  46 
2  72 
3 
2  13 
3 
1  6 463044924  
2  20 
3 
1  11 1265107171  
1  18 764171710  
3 
2  37 
3 
3 
2  4 
3 
2  80 
1  128 1223497102  
1  23 206493335  
2  10 
2  10 
2  131 
3 
2  87 
3 
2  15 
3 
1  130 1324926344  
2  101 
2  11 
2  8 
1  9 1646836700  
2  20 
1  18 191084043  
2  9 
2  126 
2  33 
3 
1  88 462121696  
2  132 
3 
3 
2  90 
3 
2  32 
3 
3 
1  37 820538986  
1  104 1158399500  
3 
3 
3 
2  12 
2  82 
3 
1  38 2045854996  
1  24 159218840  
1  112 2031541152  
3 
2  1 
1  62 110054674  
3 
3 
3 
1  108 219832285  
1  15 1914369945  
1  9 1278119281  
3 
3 
1  13 1784149210  
2  60 
2  47 
1  47 1184638444  
3 
2  42 
3 
2  17 
1  119 538298503  
1  116 1551942552  
2  93 
1  17 596024107  
3 
2  59 
2  63 
1  13 1497463034  
3 
2  85 
3 
3 
3 
2  3 
3 
2  84 
3 
3 
3 
3 
3 
1  34 578900767  
1  31 905290818  
2  5 
3 
1  15 35483078  
2  7 
1  54 474065470  
3 
2  123 
1  0 339119581  
3 
3 
1  14 1396521515  
1  13 571898825  
1  7 802164505  
1  35 514145038  
1  136 1336070535  
3 
3 
2  21 
1  23 2025661608  
3 
1  38 720638373  
2  12 
2  128 
2  83 
2  2 
2  125 
1  5 513513232  
1  126 1525014660  
1  42 911722416  
2  1 
3 
3 
3 
3 
2  113 
2  131 
1  32 975634928  
2  137 
1  44 198069998  
3 
2  80 
3 
2  139 
1  29 2070121916  
2  19 
2  46 
1  37 874006276  
1  0 357288839  
3 
3 
2  39 
2  91 
3 
2  129 
2  78 
2  57 
3 
1  95 1954179421  
1  15 984060951  
2  41 
2  37 
3 
1  74 577121124  
3 
2  10 
3 
3 
2  9 
1  30 1721065718  
3 
3 
2  57 
2  21 
1  97 114696584  
1  86 213786686  
3 
3 
3 
1  90 758220514  
1  74 652995087  
1  106 1765729238  
3 
2  28 
2  83 
2  14 
2  13 
2  21 
3 
1  100 1354244621  
3 
3 
1  117 2974473  
3 
2  105 
3 
2  114 
1  35 197146357  
3 
3 
1  59 112051791  
3 
2  61 
1  48 38457551  
3 
1  31 671211828  
2  2 
1  5 451171373  
2  80 
3 
2  8 
2  10 
1  8 1434979066  
1  119 1243110653  
1  51 1253335878  
3 
2  4 
1  10 1949124104  
2  82 
2  92 
1  83 431697540  
1  97 1131513838  
3 
2  47 
3 
3 
3 
2  115 
1  25 522278829  
1  27 945210772  
1  133 509044851  
1  83 1434001245  
3 
2  10 
3 
3 
3 
1  126 1920845701  
2  118 
2  4 
1  12 707114849  
3 
1  1 1356639514  
3 
3 
3 
1  2 647368329  
3 
1  133 1064403688  
2  0 
1  65 1163335287  
1  2 1631429280  
2  97 
2  65 
2  103 
3 
1  12 1641524812  
3 
2  32 
3 
1  19 736917357  
2  138 
2  14 
3 
1  99 1746125865  
2  104 
2  6 
3 
1  98 1855311498  
1  100 1495137871  
3 
1  67 251637304  
2  114 
3 
1  130 1473557088  
3 
3 
3 
1  123 701898845  
1  70 254611778  
1  29 1670703446  
1  35 813950636  
1  34 293069329  
2  91 
3 
1  69 194431626  
1  31 1265122009  
2  111 
3 
2  61 
3 
2  9 
3 
1  92 1728048396  
3 
1  0 1437542279  
3 
3 
3 
1  55 370974240  
3 
1  48 1529688852  
3 
2  54 
1  49 1869239819  
3 
3 
3 
3 
3 
1  3 1502488078  
3 
3 
3 
3 
3 
1  11 2051967682  
2  3 
3 
3 
2  111 
2  14 
3 
3 
1  49 666966944  
3 
2  22 
1  8 2011532929  
2  84 
1  127 1338485279  
1  95 440328997  
3 
2  55 
1  16 571164131  
1  71 547641145  
3 
2  128 
2  28 
1  1 1087697326  
2  13 
2  60 
2  33 
1  48 1635567819  
1  43 1710976432  
1  18 571642959  
1  25 1129608984  
1  116 300410141  
2  28 
3 
2  75 
1  93 170285176  
3 
2  16 
1  35 837436834  
2  74 
2  37 
2  51 
3 
1  37 1795548013  
2  106 
2  6 
1  23 421922480  
1  7 163510275  
2  13 
3 
1  3 349963210  
3 
2  135 
2  73 
2  92 
2  76 
2  117 
2  34 
2  30 
2  29 
3 
2  29 
1  42 676534258  
3 
2  82 
3 
3 
3 
1  130 1834213721  
3 
3 
2  135 
3 
2  6 
2  75 
3 
1  119 1163913846  
3 
3 
2  34 
3 
1  21 969603588  
2  38 
2  103 
2  35 
1  26 2028645347  
2  37 
3 
3 
2  34 
2  68 
3 
3 
3 
1  5 281552208  
2  3 
1  12 550168336  
2  85 
2  25 
1  2 1318703978  
2  111 
1  26 652526448  
3 
3 
3 
3 
2  6 
3 
3 
2  40 
3 
3 
2  44 
3 
2  16 
2  43 
1  27 2079857188  
1  35 1040460149  
3 
1  111 7530878  
2  129 
1  105 1984341222  
3 
2  14 
3 
3 
1  72 1707427093  
1  44 2019063808  
1  31 1175342854  
3 
1  20 272442  
1  38 442744291  
2  8 
1  9 1722983999  
1  124 1087969769  
1  10 2078312110  
3 
2  30 
3 
3 
2  13 
2  113 
2  14 
3 
2  10 
2  46 
2  19 
1  24 1286476784  
1  106 1659612728  
3 
2  73 
1  41 1060437446  
1  10 1586886925  
2  31 
3 
2  54 
3 
1  129 1829897904  
2  83 
2  22 
3 
2  64 
1  22 1897874281  
2  125 
2  87 
1  10 1234951290  
3 
3 
2  18 
1  120 104336736  
3 
3 
1  112 2061384556  
3 
1  0 1584914500  
1  75 780870995  
3 
2  37 
2  122 
3 
2  30 
2  8 
3 
1  1 1748114629  
3 
3 
1  122 601344699  
1  38 1750474583  
1  49 1629276328  
2  107 
1  16 882896907  
2  26 
3 
3 
1  102 153159271  
1  38 800496658  
3 
3 
3 
1  79 1535423355  
1  78 85532811  
2  59 
1  25 1840956807  
3 
2  69 
1  75 1542954233  
1  12 2069874034  
1  23 1400900253  
1  116 1414534393  
3 
1  59 1097733240  
2  80 
1  15 1401172695  
1  19 1857278684  
3 
1  2 673233591  
3 
2  88 
2  27 
1  14 341658816  
2  4 
1  40 1788107147  
1  30 1959710375  
3 
3 
1  74 2001271544  
2  34 
1  36 701060945  
2  77 
1  35 1399113653  
1  10 1683685800  
1  40 451451578  
3 
1  40 486581295  
1  131 1788022537  
1  108 365352486  
2  25 
1  43 2071495796  
2  3 
2  106 
2  35 
2  58 
1  115 421409884  
2  7 
3 
2  14 
1  26 2113467115  
3 
3 
2  74 
1  28 525356847  
1  12 24400819  
3 
2  10 
2  116 
3 
2  9 
1  5 1595259795  
1  12 1408253754  
1  116 177560090  
3 
2  57 
1  142 248272805  
3 
2  123 
3 
2  91 
1  49 796193461  
2  82 
2  71 
2  105 
1  32 263092901  
3 
2  61 
1  95 2089229613  
1  33 191664046  
3 
3 
3 
2  17 
2  23 
2  65 
3 
2  64 
3 
2  70 
3 
1  110 185483287  
3 
3 
2  76 
3 
3 
2  113 
2  26 
2  33 
1  3 1342646218  
2  12 
1  10 1606198440  
2  76 
1  133 1283216527  
1  20 596335265  
1  10 1315993476  
3 
1  15 1956450119  
1  20 937994082  
3 
3 
2  90 
3 
3 
3 
3 
3 
2  65 
2  54 
2  47 
2  5 
3 
1  43 956616975  
1  28 1768676846  
3 
2  34 
2  33 
2  37 
1  145 791781978  
1  135 1657677921  
2  120 
2  145 
1  30 1020306851  
1  78 327984131  
2  7 
3 
1  110 2109129499  
2  96 
1  34 1506888147  
2  128 
2  8 
3 
1  11 2116006668  
3 
3 
3 
2  13 
1  42 326998338  
3 
1  34 1430900295  
3 
1  95 389932904  
2  5 
1  115 292981805  
2  87 
3 
2  6 
3 
3 
2  130 
3 
1  45 1956257142  
2  143 
2  133 
3 
1  15 414333723  
3 
1  18 1888241601  
1  77 1217027248  
3 
3 
2  64 
2  8 
3 
2  53 
3 
1  79 591893813  
1  106 2136514406  
1  109 2013220709  
2  6 
1  38 854986714  
1  106 2078260371  
2  102 
3 
3 
1  14 57401107  
2  140 
3 
2  106 
3 
2  61 
2  21 
2  4 
1  8 1040470002  
3 
2  19 
2  22 
3 
1  38 1273422941  
1  132 1663599547  
2  38 
1  51 176202881  
3 
1  50 1869758207  
3 
3 
1  39 832109376  
1  65 2132653000  
1  78 660268641  
2  140 
1  122 1788726351  
1  59 1753846199  
2  10 
2  14 
2  38 
3 
3 
1  118 1452050619  
1  47 1298920624  
1  29 626669402  
3 
2  1 
3 
3 
1  94 1780034750  
3 
3 
1  38 1260566476  
1  11 2133557549  
2  31 
1  15 1748557770  
2  3 
2  143 
2  29 
1  54 1587564814  
1  120 1416974196  
3 
2  41 
1  38 2138490674  
2  5 
3 
3 
1  85 1880546619  
3 
3 
2  27 
1  3 1225747690  
3 
2  143 
1  56 405340749  
1  105 1621304572  
3 
2  28 
1  126 295291290  
3 
1  17 997234562  
1  82 1610335331  
1  4 161028351  
3 
2  63 
1  8 1852221277  
1  94 1541112054  
1  27 218429459  
1  98 745207631  
3 
3 
2  32 
1  17 667051348  
2  87 
1  109 1882029006  
3 
3 
1  90 921410512  
3 
2  13 
3 
3 
3 
3 
2  122 
3 
3 
1  84 389325907  
2  29 
3 
1  97 566654734  
3 
2  3 
3 
1  106 906579865  
3 
3 
2  31 
3 
2  104 
2  2 
2  62 
1  118 1049594548  
3 
2  4 
1  92 207897438  
3 
3 
1  27 512942416  
1  13 354161519  
3 
2  114 
1  134 1506818062  
1  2 1139611818  
1  83 2134196270  
2  26 
1  87 619900890  
3 
2  139 
2  27 
2  58 
2  7 
2  2 
1  52 1125685720  
3 
1  68 1735270392  
3 
2  37 
1  4 59982056  
3 
1  2 395176268  
2  79 
2  42 
1  125 1726277419  
1  37 1940528676  
2  117 
1  35 1620923959  
2  36 
3 
3 
2  93 
1  79 2131618168  
3 
3 
2  31 
2  99 
1  0 1414349600  
1  93 1916215249  
2  37 
3 
3 
3 
3 
3 
3 
3 
1  23 981369083  
2  26 
3 
2  1 
1  117 877201283  
2  15 
2  6 
3 
1  30 2077243601  
2  24 
1  35 686106712  
2  60 
1  26 270829690  
1  12 148189412  
2  92 
1  36 1431314343  
3 
1  37 937881038  
3 
3 
3 
1  140 2030218418  
1  121 205241207  
3 
2  58 
2  72 
3 
3 
2  104 
3 
3 
3 
2  57 
2  28 
3 
2  31 
1  127 1327206945  
3 
3 
1  20 449389505  
1  124 1111821072  
1  4 229317845  
2  1 
3 
1  86 657286943  
1  61 1624763488  
3 
3 
2  4 
2  1 
2  101 
2  4 
1  72 583479364  
3 
1  82 16621357  
1  14 616891659  
2  61 
3 
3 
3 
2  48 
1  28 570191986  
2  135 
3 
1  33 636522248  
1  23 1742577379  
3 
3 
2  18 
3 
1  17 157978731  
1  26 696504304  
1  7 2137753647  
1  40 1884256150  
1  37 489549332  
2  81 
1  33 1611193958  
2  62 
3 
3 
1  62 1868390670  
2  8 
2  30 
1  98 1903898933  
3 
1  3 1379925560  
2  13 
1  145 702276105  
3 
1  42 633616568  
1  15 1309685513  
1  48 1388382817  
2  15 
3 
3 
2  3 
2  43 
2  56 
3 
3 
1  37 904446258  
1  71 1457874925  
3 
3 
1  1 672213512  
2  73 
1  26 1842327296  
1  85 1340609695  
1  86 877454720  
3 
1  13 1022050593  
1  102 1789999200  
2  94 
3 
2  42 
3 
1  46 1989275792  
1  135 1251368438  
2  15 
1  3 299802495  
2  34 
1  73 1466555633  
2  125 
1  43 1834847803  
1  51 316423853  
2  71 
1  115 2083447292  
2  122 
3 
1  62 257556141  
2  136 
3 
1  48 952946101  
1  1 1678541023  
2  18 
1  26 415534872  
1  22 1649450405  
1  106 1668811022  
3 
1  100 152307374  
2  79 
1  142 2138999738  
3 
2  45 
2  143 
1  65 1132521333  
3 
3 
3 
2  75 
1  34 2020698045  
3 
2  14 
2  43 
3 
1  21 1895415023  
3 
2  113 
2  78 
3 
3 
1  45 364963245  
2  88 
1  145 575490502  
1  138 381547943  
3 
3 
1  34 1674648758  
3 
2  75 
3 
3 
1  13 1963873320  
2  112 
2  148 
2  150 
2  42 
2  19 
3 
2  31 
1  62 1285994202  
2  150 
2  120 
2  36 
2  68 
2  42 
3 
2  24 
1  46 985040035  
2  12 
3 
2  32 
1  109 488603184  
1  12 980837850  
2  67 
1  55 178166082  
2  108 
1  111 1366057904  
2  79 
2  21 
1  6 2002888444  
1  27 1968165283  
2  118 
3 
2  117 
3 
2  26 
2  17 
3 
3 
2  25 
1  19 1207850049  
1  38 1106773234  
2  16 
2  90 
3 
3 
2  67 
3 
2  123 
2  19 
2  144 
2  6 
2  134 
1  20 120484130  
2  89 
1  99 526922034  
2  28 
1  10 794137389  
1  33 436907983  
2  38 
2  27 
3 
2  14 
2  105 
3 
1  117 462885678  
2  142 
3 
2  139 
3 
1  112 1051693531  
3 
2  141 
2  13 
2  132 
2  21 
1  15 1389854084  
1  105 2141426701  
1  138 1467228403  
1  118 891820842  
1  16 1662754075  
3 
3 
3 
3 
2  142 
3 
1  88 1619535778  
2  11 
3 
3 
1  130 883336932  
2  80 
1  113 647791760  
3 
1  117 1492750175  
3 
2  3 
1  110 631268307  
1  112 1012755005  
1  19 2068240677  
1  111 1012816250  
3 
2  69 
2  26 
2  11 
1  35 539920115  
2  3 
3 
1  122 1884630349  
1  30 151326804  
2  10 
1  31 1524960150  
1  10 225749886  
2  114 
2  101 
3 
1  127 1132164655  
2  40 
2  119 
1  89 1703126233  
2  93 
3 
1  139 1591807790  
1  34 987569451  
2  1 
3 
2  74 
1  124 1523807868  
1  45 652174191  
3 
2  20 
1  68 2094342685  
1  120 1644291998  
3 
2  139 
1  39 1179096225  
2  0 
2  22 
1  8 740996427  
1  118 2081199982  
1  17 1641981903  
1  76 1792689958  
2  33 
3 
2  36 
1  35 1323570418  
3 
3 
1  38 1635924956  
1  5 1112434713  
2  93 
3 
2  118 
2  100 
3 
3 
3 
2  35 
1  34 67907612  
2  34 
1  124 1151195384  
3 
2  12 
3 
1  81 584486843  
2  67 
3 
1  39 951244544  
2  134 
1  82 1798987144  
3 
1  37 2077237018  
2  47 
1  35 1582512851  
3 
1  9 664258502  
3 
2  117 
3 
3 
2  3 
3 
3 
3 
3 
1  21 1997994048  
3 
1  81 447845454  
1  124 1204178617  
2  139 
3 
3 
3 
3 
3 
3 
2  104 
1  136 1735140749  
1  39 599172258  
2  72 
1  38 581655120  
2  14 
3 
3 
1  129 1960890635  
3 
3 
2  66 
2  50 
3 
2  34 
1  26 1731336913  
3 
3 
2  112 
2  5 
2  38 
2  26 
2  24 
3 
2  64 
2  97 
2  53 
3 
2  29 
1  6 137297705  
3 
2  6 
2  5 
1  8 1405214778  
3 
1  133 571422716  
3 
1  130 1661105573  
3 
3 
3 
2  112 
3 
1  10 2057388969  
2  4 
3 
2  26 
2  87 
2  80 
1  41 518281754  
1  112 1157913923  
3 
2  29 
1  86 1089001547  
3 
1  21 1259278181  
3 
1  78 1091630257  
3 
1  13 583499802  
1  5 904484491  
2  54 
3 
2  19 
2  126 
1  119 267717028  
2  5 
2  94 
1  105 71941111  
2  128 
1  18 2016919204  
2  110 
2  64 
1  15 335624640  
2  5 
2  117 
3 
3 
2  134 
3 
3 
2  93 
2  14 
2  15 
2  133 
1  79 1223136495  
1  10 453922400  
3 
3 
1  18 1286869185  
1  42 874639991  
2  35 
2  24 
3 
2  90 
1  17 383675770  
2  27 
2  60 
1  11 721898388  
2  107 
1  18 1538898493  
2  122 
2  54 
3 
3 
2  24 
3 
1  124 234186170  
1  33 1169743842  
3 
1  18 595593463  
1  38 1969326920  
2  16 
3 
3 
1  33 1768916101  
1  96 1177248583  
2  51 
3 
1  44 1782733907  
1  29 1352769366  
1  15 1314546288  
1  120 1040465037  
1  141 1924192083  
3 
3 
2  115 
2  20 
1  36 828168213  
3 
2  39 
2  6 
1  11 950370359  
2  2 
1  72 294990189  
3 
3 
3 
1  12 1986082136  
3 
1  30 2039371906  
1  65 1554268370  
2  42 
3 
2  127 
3 
3 
2  67 
1  40 930228746  
1  43 475388060  
3 
1  65 311269213  
2  61 
3 
2  108 
1  131 1197945774  
2  70 
2  117 
1  65 547329171  
1  100 180704769  
1  79 1533570414  
1  86 1770465666  
1  82 634627169  
1  46 672955951  
1  43 497622010  
1  14 1018302940  
3 
1  82 1394854340  
2  36 
1  34 2036520503  
1  42 1252489110  
2  10 
3 
1  10 417114534  
3 
2  28 
3 
2  60 
3 
2  41 
1  34 484630318  
2  60 
1  31 1074332382  
2  65 
2  99 
2  73 
3 
1  78 38546987  
3 
3 
3 
1  42 1661878901  
1  8 709582642  
1  3 1391316354  
3 
2  34 
2  148 
1  144 828941541  
3 
3 
1  137 1750047679  
1  21 1168024789  
2  28 
2  73 
3 
3 
3 
1  53 1657109754  
2  113 
1  6 552934390  
1  82 1463014978  
1  49 1495708243  
2  15 
1  148 444822648  
1  47 869799700  
3 
3 
2  32 
3 
1  102 278453341  
1  6 920210709  
3 
3 
1  104 1181068913  
3 
3 
2  29 
3 
1  2 1476399115  
1  79 1467539880  
2  35 
1  118 1361773682  
2  78 
3 
1  129 862485881  
3 
2  84 
3 
1  39 1090521899  
2  115 
3 
2  25 
2  125 
2  116 
3 
2  31 
2  120 
3 
2  74 
3 
3 
3 
1  67 1996400852  
3 
2  61 
2  102 
3 
2  49 
3 
1  144 1535441833  
3 
2  55 
2  149 
2  102 
3 
1  13 1588143909  
2  6 
1  20 867220144  
1  47 782812525  
1  106 1477180764  
2  68 
1  5 2119709254  
3 
3 
1  17 1199927059  
3 
2  152 
1  121 1961811083  
2  63 
2  15 
3 
1  9 1046557989  
3 
3 
2  71 
2  17 
2  44 
3 
3 
1  72 1238474047  
1  48 1476206336  
3 
3 
3 
3 
1  22 1756140631  
2  35 
3 
1  24 482306753  
1  39 157664230  
2  115 
3 
3 
1  116 1358704662  
1  50 1650331542  
2  3 
2  13 
2  93 
3 
2  120 
1  9 1814773984  
1  8 1911639053  
1  95 965862872  
1  80 1162998579  
3 
2  143 
3 
3 
3 
3 
3 
2  14 
1  41 208978053  
1  91 1835662572  
3 
1  23 1441451920  
1  30 1129188762  
2  9 
2  116 
2  109 
2  137 
3 
1  103 869247837  
1  134 770367387  
1  36 449244995  
2  131 
1  155 83537871  
2  37 
2  21 
3 
2  19 
2  42 
1  31 1632853269  
3 
2  117 
3 
3 
3 
1  40 1539766894  
2  33 
2  41 
1  145 2079938723  
1  50 1020811454  
2  148 
2  3 
1  18 980427155  
1  33 799675219  
2  52 
1  28 1803623979  
1  96 310124271  
1  96 771900826  
2  64 
3 
2  123 
3 
2  52 
1  51 856067390  
2  122 
3 
2  25 
2  60 
2  151 
2  113 
1  114 124451706  
3 
3 
2  15 
3 
2  127 
2  152 
3 
3 
1  44 1818458815  
2  133 
2  125 
1  149 2094541437  
1  32 1600658043  
1  34 1427115798  
3 
3 
2  3 
1  125 429364542  
2  47 
1  30 1758322273  
2  49 
1  41 638336812  
3 
1  93 2079696084  
3 
1  4 1425612609  
3 
2  56 
2  49 
2  32 
1  130 402492217  
1  64 898075308  
1  94 441127541  
2  150 
2  9 
2  152 
2  18 
3 
3 
3 
2  32 
1  90 611470271  
1  42 586254232  
1  47 1882579461  
1  9 1740659033  
1  48 1455502069  
3 
3 
1  71 505463201  
1  39 42420380  
1  54 1539039941  
3 
3 
3 
3 
1  37 2138316470  
1  156 1582187274  
3 
3 
3 
1  141 1471495016  
3 
3 
2  152 
2  88 
1  105 1011644276  
2  88 
3 
1  41 415130781  
2  1 
1  27 123686588  
1  18 667784607  
3 
3 
3 
1  158 725255053  
2  85 
3 
3 
2  44 
2  27 
2  52 
2  51 
1  86 895587414  
3 
2  152 
3 
3 
2  53 
2  5 
3 
2  50 
2  113 
2  34 
1  129 1523851997  
3 
3 
1  42 849706759  
2  79 
2  21 
1  11 566562581  
2  127 
2  36 
1  20 1470909787  
2  51 
1  82 302881154  
3 
3 
1  147 1993678379  
2  139 
1  144 1900274329  
1  51 2061203427  
1  76 484531543  
3 
3 
1  100 1832486766  
3 
3 
3 
2  76 
2  42 
3 
3 
1  29 1339332389  
1  38 887023761  
2  101 
2  45 
1  121 583078426  
2  54 
3 
2  99 
3 
1  46 1780459930  
3 
3 
3 
3 
1  10 1498494032  
1  49 1169332659  
3 
1  55 1515555743  
3 
1  100 1091669417  
1  108 477351080  
2  146 
1  54 2021018944  
1  119 1134089798  
2  42 
1  28 2016391021  
2  21 
3 
1  153 2011851766  
3 
1  25 568793424  
2  85 
2  15 
3 
1  49 1340402390  
1  116 876012394  
3 
3 
2  153 
2  152 
3 
1  152 983924206  
2  43 
2  33 
3 
1  0 1464088978  
2  18 
1  60 1543797001  
2  70 
2  37 
3 
1  51 1709179259  
3 
3 
3 
1  93 212192744  
2  14 
2  86 
1  25 920165351  
1  0 411402370  
1  87 778755325  
3 
1  1 243591490  
2  27 
2  44 
3 
1  9 714283525  
2  28 
3 
1  117 624950056  
1  44 2143865819  
3 
2  27 
3 
1  3 628003304  
3 
1  15 1109481599  
3 
3 
3 
2  110 
3 
1  135 1828868937  
2  58 
2  4 
2  1 
1  80 1967335693  
3 
2  103 
2  99 
1  98 1996505360  
1  48 264463716  
1  11 1600311975  
3 
2  25 
1  24 1347515744  
1  52 1433796375  
2  7 
1  134 968384071  
1  115 291701514  
1  3 1911147455  
1  155 841919367  
2  122 
2  14 
3 
3 
3 
3 
1  13 1425791312  
2  85 
3 
3 
3 
3 
2  5 
3 
1  4 1780054829  
1  45 706287486  
2  24 
1  52 1994584736  
1  100 972973571  
3 
1  10 1582299880  
3 
3 
2  9 
1  97 831025294  
2  76 
1  147 289578901  
1  63 978613234  
1  12 392720905  
2  77 
2  4 
1  61 501771645  
3 
1  32 1898778585  
3 
3 
2  129 
2  25 
3 
1  155 804123276  
3 
1  121 1280526970  
2  64 
3 
1  38 2142370075  
2  34 
2  77 
3 
3 
3 
3 
3 
3 
2  89 
3 
3 
2  57 
2  30 
1  45 1518406801  
3 
1  144 1905477026  
1  13 2138752246  
2  129 
1  56 2146410105  
2  89 
2  75 
3 
3 
1  160 867474977  
2  84 
1  72 1820137536  
1  73 1966262151  
2  144 
3 
2  101 
3 
1  21 716496690  
1  127 2084601252  
2  118 
3 
3 
2  147 
1  24 1419090478  
2  138 
1  70 2064012434  
3 
3 
3 
1  68 1370913979  
2  151 
1  122 239990901  
3 
1  33 208230300  
1  40 1134577786  
2  32 
3 
3 
2  143 
3 
2  18 
3 
3 
3 
1  113 1081910269  
3 
3 
1  131 1634021612  
3 
1  7 767148967  
2  101 
3 
1  17 1788197755  
1  26 1481122701  
3 
1  76 1740122538  
1  42 1223013987  
2  40 
1  55 164664347  
1  92 2029701439  
3 
3 
1  33 54143573  
3 
1  120 557385253  
2  128 
2  11 
1  140 383989436  
1  111 1952922158  
2  29 
3 
1  72 1361508529  
3 
1  32 1664516406  
2  68 
1  54 1947808585  
1  51 732431682  
3 
2  89 
1  18 1422509784  
3 
3 
1  93 1939077184  
2  91 
2  12 
2  79 
3 
3 
1  167 731358139  
1  108 142501114  
2  42 
3 
2  99 
3 
2  109 
1  86 1611731072  
2  141 
1  143 550136642  
2  46 
3 
3 
3 
1  9 858997804  
3 
2  145 
1  52 1548848676  
1  25 1969227121  
3 
3 
1  100 775526590  
3 
3 
3 
1  65 772279007  
2  97 
2  91 
2  137 
3 
1  142 61734374  
1  68 983756891  
3 
3 
1  117 1906856793  
3 
3 
1  169 1143644643  
3 
1  109 470294855  
3 
2  151 
3 
3 
3 
3 
3 
2  56 
2  32 
2  85 
1  1 526522113  
2  21 
2  47 
3 
3 
1  111 784358750  
2  89 
1  59 1951417556  
3 
2  12 
3 
3 
1  148 119161003  
2  64 
1  88 2007372738  
2  48 
3 
2  163 
2  37 
1  39 2116081904  
1  123 1378795  
3 
3 
2  89 
3 
2  46 
2  135 
2  47 
2  37 
3 
1  61 2061516311  
2  137 
2  15 
3 
3 
2  79 
1  27 525983509  
2  59 
1  150 385368231  
3 
3 
3 
1  32 1866954822  
3 
3 
3 
2  61 
1  142 1887492038  
1  69 2049884638  
1  143 1667279759  
2  44 
1  124 472440072  
1  48 1324910774  
2  38 
2  146 
2  93 
3 
3 
1  35 1458873295  
1  122 1203798211  
1  141 1467411888  
2  134 
2  164 
2  59 
1  7 923120719  
1  52 1753934854  
2  19 
1  13 178926044  
1  146 324485747  
1  65 1575678327  
2  76 
2  41 
3 
3 
1  152 954452635  
2  36 
2  33 
1  116 1096764754  
1  46 1637412701  
1  13 1938209526  
3 
1  30 856137900  
3 
1  96 633573697  
2  9 
1  55 261020733  
3 
1  34 1382660013  
2  118 
2  4 
1  47 1417932447  
3 
3 
1  87 64954642  
2  166 
3 
2  57 
2  95 
2  121 
1  88 1501821016  
2  30 
2  137 
1  115 1277821537  
1  34 33552898  
3 
3 
2  16 
2  106 
1  61 1503199811  
3 
2  67 
3 
3 
3 
1  57 1191854201  
1  53 559536407  
3 
3 
2  60 
3 
1  92 1888568043  
2  135 
2  52 
3 
2  143 
2  21 
3 
3 
2  33 
1  105 911325375  
1  104 299544797  
1  8 1790969033  
2  38 
3 
1  157 431121486  
1  126 771984869  
3 
2  77 
1  0 968396159  
3 
3 
3 
2  21 
3 
1  83 1889994782  
1  86 1975783080  
1  113 288324400  
3 
3 
3 
1  18 665631853  
2  3 
1  101 1582234286  
3 
1  140 467250444  
2  27 
1  27 990117601  
3 
3 
3 
2  153 
2  45 
1  0 1010428965  
1  84 1421703079  
2  164 
1  74 2086882355  
2  162 
1  28 500358019  
3 
1  88 1212428957  
3 
1  147 795536607  
1  56 1133931716  
3 
3 
2  27 
1  23 1473449691  
2  122 
2  134 
3 
2  8 
3 
2  71 
2  66 
1  125 30712972  
3 
3 
1  51 404380515  
1  108 1538404333  
3 
1  64 1532533989  
1  18 1682202053  
3 
1  36 1571957231  
1  36 888250152  
3 
2  20 
1  61 726572606  
1  43 2131493638  
3 
3 
1  68 629334547  
2  132 
3 
2  24 
1  57 1637897981  
1  59 283554787  
3 
2  53 
1  2 272819932  
3 
1  85 2069019467  
2  13 
1  122 1055539656  
1  142 1241216092  
2  36 
3 
1  55 1811530601  
1  126 883839088  
3 
3 
1  79 1529540492  
2  139 
2  34 
1  5 329678807  
3 
2  132 
3 
1  59 318589727  
1  84 1996790936  
2  109 
2  47 
2  29 
2  147 
1  55 1319796408  
1  170 1329018692  
3 
1  62 1271010368  
2  110 
1  3 1259195115  
2  55 
1  101 1829376711  
1  98 335955677  
1  121 2054731723  
1  45 815824779  
3 
3 
2  109 
3 
1  99 1809405368  
3 
2  127 
2  36 
2  134 
1  104 2085444695  
3 
1  165 1220205295  
3 
1  50 1200326053  
2  124 
2  174 
3 
3 
2  160 
1  41 1470495036  
2  47 
2  107 
1  3 754923700  
3 
1  55 624799636  
2  63 
3 
3 
3 
3 
2  173 
1  7 211261541  
2  32 
3 
3 
1  59 1481496306  
1  78 608809626  
3 
1  44 840596088  
3 
1  49 971910639  
2  11 
2  81 
1  19 892364413  
3 
1  2 1113416021  
2  176 
2  89 
3 
2  143 
1  173 893446458  
3 
3 
3 
2  10 
3 
1  30 1947904069  
2  120 
1  66 207148465  
3 
2  155 
2  111 
1  45 557493412  
2  89 
1  68 684259510  
2  96 
1  38 1736688957  
2  16 
2  121 
3 
3 
2  34 
1  8 887172219  
2  122 
2  48 
1  175 1002849237  
1  27 1585996245  
1  175 59484979  
1  109 184384281  
2  23 
2  46 
3 
2  80 
2  103 
3 
3 
1  65 709522965  
1  137 1318680094  
2  124 
1  104 2013760993  
2  146 
3 
1  129 1045478643  
3 
2  17 
1  157 1225928169  
1  179 682102124  
1  115 707400363  
2  71 
3 
2  2 
2  47 
2  23 
2  108 
2  166 
1  27 1163889217  
2  82 
1  104 1902307419  
1  149 1907726417  
1  55 486900605  
2  99 
3 
2  67 
1  62 509747471  
1  165 385042405  
2  18 
3 
3 
3 
3 
1  160 698162146  
3 
1  47 1991243777  
3 
3 
1  164 993852032  
1  86 1538758235  
3 
2  169 
2  90 
3 
2  16 
1  159 815670768  
2  124 
2  56 
2  90 
1  34 1886216445  
2  70 
2  1 
3 
2  100 
3 
1  164 504690608  
1  117 1709117227  
1  62 1686636867  
1  121 711839073  
1  58 119126991  
2  56 
2  26 
1  41 223412729  
2  29 
2  88 
1  100 301044382  
3 
1  71 1006299210  
2  161 
3 
2  78 
3 
2  37 
2  172 
2  81 
2  106 
2  21 
3 
3 
3 
3 
1  100 1226261966  
2  63 
1  40 1887040627  
3 
3 
3 
1  9 1065784189  
3 
3 
2  6 
2  36 
2  110 
1  107 1410646247  
1  162 449079945  
3 
1  6 236980635  
3 
2  128 
2  159 
1  92 1276923592  
1  66 1494558588  
1  13 1462908805  
2  31 
3 
2  115 
3 
1  20 1959025717  
3 
1  166 54475303  
1  173 479314374  
2  53 
2  9 
1  144 1713849488  
2  133 
1  69 1962201720  
2  153 
1  171 966214979  
3 
3 
1  135 76113312  
2  59 
3 
3 
3 
3 
3 
1  9 199760478  
3 
2  162 
3 
2  119 
1  12 1664377126  
1  114 2067357089  
2  26 
3 
3 
3 
1  145 1193612510  
2  144 
1  54 1055651713  
2  140 
3 
1  11 735544210  
1  57 932345307  
3 
1  63 1560342321  
2  178 
3 
3 
3 
1  19 297177789  
3 
1  44 471498526  
3 
2  156 
3 
3 
1  156 124697746  
2  73 
1  77 416304780  
1  35 694911255  
3 
3 
3 
2  32 
2  22 
3 
2  41 
3 
3 
3 
3 
3 
2  178 
3 
3 
3 
2  45 
3 
1  50 425742128  
2  10 
2  16 
1  84 1422603990  
3 
1  26 1921173221  
2  154 
2  149 
3 
2  121 
1  135 165299107  
3 
1  120 340904531  
1  107 1184335821  
3 
3 
1  151 614379052  
2  4 
1  23 577885166  
3 
3 
3 
2  121 
3 
3 
2  57 
2  157 
2  125 
1  4 313775765  
2  29 
3 
3 
2  44 
2  141 
1  51 2108937640  
2  71 
1  172 2040793971  
1  9 125317834  
1  35 15929296  
2  93 
2  16 
3 
3 
1  115 372624697  
1  120 1839167323  
1  30 1978131016  
2  75 
3 
3 
3 
1  55 1338839677  
1  46 1915280635  
2  154 
3 
3 
3 
1  122 30407846  
3 
1  40 855733155  
1  55 1835154076  
1  158 1224020356  
3 
1  27 1911384868  
1  67 423214638  
1  37 8882016  
1  132 1324243541  
2  170 
2  57 
2  8 
1  118 720392427  
1  13 480380542  
1  86 1448941287  
3 
2  63 
2  156 
1  79 1136697207  
2  108 
1  22 1175291798  
1  117 1874683415  
2  18 
2  122 
1  90 411817549  
2  176 
2  130 
3 
3 
1  183 948981371  
2  180 
2  44 
2  123 
2  166 
2  10 
3 
1  35 2039982522  
1  56 752722080  
2  159 
3 
2  8 
2  152 
1  121 2133317192  
2  97 
1  17 506877927  
2  42 
3 
2  177 
2  46 
1  101 1330607247  
1  11 299609310  
3 
2  172 
1  135 468331919  
2  165 
1  135 1223917570  
1  151 424927144  
2  115 
1  175 484261215  
3 
2  172 
2  59 
1  83 1596542268  
2  101 
2  104 
2  172 
1  27 116610819  
2  65 
2  100 
2  149 
2  132 
3 
1  27 314908584  
1  67 787898297  
3 
1  127 2031891454  
2  136 
1  164 345316430  
3 
3 
3 
1  136 1643631452  
3 
2  155 
1  118 1719561883  
3 
2  161 
3 
2  119 
3 
1  171 1569336787  
3 
2  144 
3 
1  6 1407532672  
2  4 
1  117 2142776521  
1  106 1578218803  
3 
1  131 584292565  
2  88 
2  83 
3 
2  15 
1  94 715685301  
2  32 
2  120 
1  82 2058599345  
2  128 
3 
1  0 2033233852  
1  108 1852382508  
2  157 
3 
2  27 
1  53 1086407495  
2  48 
1  93 1760433619  
3 
3 
2  142 
2  180 
2  56 
1  177 116716410  
3 
3 
3 
1  32 2035388867  
2  14 
2  5 
2  45 
2  97 
2  153 
2  156 
2  58 
1  50 1652932493  
2  47 
2  88 
1  92 869438490  
2  19 
2  95 
3 
2  175 
2  14 
1  166 2021222411  
3 
3 
3 
2  6 
2  17 
1  134 12326772  
1  40 52562089  
1  165 173348073  
1  149 480658692  
3 
2  73 
2  134 
3 
3 
3 
2  93 
1  167 1276479660  
1  64 598275218  
3 
3 
1  60 964919907  
1  28 725538280  
1  126 714886037  
1  144 1279828491  
2  87 
2  18 
3 
3 
3 
1  51 1513436577  
2  11 
2  63 
1  15 599293844  
2  174 
2  68 
3 
3 
3 
2  91 
2  94 
3 
1  136 1625144922  
1  10 1009584381  
2  58 
1  7 171372079  
2  154 
2  25 
1  86 1046998061  
1  74 269633405  
2  174 
2  95 
3 
2  131 
2  171 
3 
1  121 166664952  
2  166 
2  146 
1  163 477733216  
1  146 853925970  
1  111 882350253  
3 
1  34 388848913  
1  159 739676174  
3 
2  112 
3 
2  146 
2  4 
2  26 
3 
2  148 
1  52 587249114  
1  121 1475256409  
2  49 
1  136 352626145  
2  76 
2  68 
3 
1  106 703965524  
2  18 
3 
3 
3 
2  81 
1  156 1363161628  
3 
2  171 
3 
3 
1  168 2005558638  
2  25 
1  90 1573404014  
3 
1  146 1236900391  
1  8 2017885411  
3 
1  76 1625966104  
2  8 
3 
2  164 
2  38 
1  71 1410248465  
3 
2  82 
1  61 351060455  
2  23 
2  95 
1  31 754962116  
2  108 
1  101 2008523683  
2  133 
1  134 1315980362  
1  24 1480500396  
1  13 575926072  
2  143 
1  104 448325206  
2  1 
1  104 846453325  
2  147 
2  60 
3 
3 
1  163 1175219916  
1  76 2073470128  
2  27 
3 
2  158 
1  42 1856037706  
3 
1  19 1346591995  
2  77 
2  90 
3 
3 
1  101 972984541  
3 
1  87 2125671111  
2  107 
1  26 1513256948  
3 
3 
2  150 
3 
2  42 
1  117 1450717757  
3 
1  144 832113433  
3 
3 
2  104 
2  68 
1  18 248123553  
2  170 
3 
3 
2  172 
3 
3 
1  69 1839566670  
3 
2  78 
3 
3 
3 
1  166 1571789607  
2  101 
1  63 835372667  
1  48 1167339431  
3 
3 
3 
3 
2  114 
1  53 1924415752  
2  40 
2  54 
3 
1  81 1539338191  
1  40 383017411  
3 
1  41 1782490742  
2  110 
1  37 965258558  
1  57 1619917803  
3 
1  126 1652892505  
2  23 
1  27 443741014  
2  91 
1  52 882682620  
2  155 
3 
2  55 
2  175 
2  109 
3 
3 
2  29 
3 
3 
2  8 
3 
2  85 
1  115 2003952960  
1  108 1198703130  
3 
2  6 
2  22 
3 
2  67 
3 
1  31 743722655  
2  75 
2  78 
2  69 
1  69 1172449675  
1  54 531719878  
2  100 
1  31 1319648727  
2  37 
2  98 
3 
1  40 1620774881  
2  121 
1  75 1378173203  
1  172 347384996  
3 
3 
1  22 1546761361  
3 
1  177 1086727261  
3 
2  20 
3 
3 
3 
1  127 1693976991  
1  131 372262254  
2  163 
2  142 
2  113 
2  172 
3 
1  63 1064914724  
1  174 1059750291  
2  4 
2  25 
2  72 
1  46 1822980011  
2  0 
3 
3 
3 
2  2 
2  122 
1  58 1897028157  
1  62 1307873845  
2  116 
3 
2  22 
2  38 
3 
1  110 1515063033  
3 
2  18 
2  107 
3 
3 
3 
3 
3 
3 
3 
1  6 1321334116  
2  39 
2  147 
3 
3 
2  33 
2  161 
3 
1  53 2143246512  
2  149 
3 
1  87 534918817  
1  28 1098266220  
3 
2  120 
1  52 1535101056  
2  60 
2  18 
2  152 
3 
3 
1  120 917936228  
1  152 733273314  
3 
2  120 
2  128 
2  71 
1  117 352875966  
1  106 390370383  
1  46 238682172  
2  90 
3 
2  110 
1  16 796616980  
1  21 1273053003  
1  123 95151484  
3 
3 
3 
3 
1  9 1995320110  
2  40 
3 
2  38 
2  40 
3 
2  115 
1  161 2016775658  
1  127 1267601159  
2  28 
3 
3 
1  85 379556340  
1  144 1188940738  
1  47 740892392  
2  92 
1  78 1757729543  
2  125 
2  148 
2  147 
2  40 
3 
3 
3 
1  1 1536325734  
2  164 
1  164 140170105  
3 
2  40 
2  147 
1  139 696973156  
3 
1  48 1082819077  
1  16 512432359  
2  2 
1  97 1761887880  
2  36 
2  8 
2  159 
2  133 
2  38 
3 
2  146 
1  34 2142569369  
1  42 187928722  
1  81 1511432389  
1  39 1302959566  
1  84 1702991756  
1  145 685282857  
2  53 
2  153 
2  77 
2  5 
3 
3 
2  141 
3 
3 
1  39 1298722430  
3 
2  60 
3 
3 
3 
2  128 
3 
3 
1  29 90426925  
3 
1  1 1783549077  
2  29 
2  146 
3 
2  132 
2  109 
2  134 
2  28 
1  94 686339838  
2  47 
1  90 1008363153  
3 
3 
2  79 
2  136 
2  145 
1  75 369338743  
2  92 
1  121 1039215804  
3 
3 
1  48 1398733537  
1  105 608020915  
1  40 1835832784  
1  41 524302892  
2  141 
1  54 703172400  
1  91 1683669246  
2  85 
1  90 393594903  
3 
2  55 
2  131 
3 
1  64 1970773559  
3 
1  18 2063225586  
2  58 
1  114 1582535641  
3 
2  53 
3 
2  14 
1  149 564182304  
2  2 
3 
3 
1  45 1673471481  
3 
1  29 971377727  
2  94 
1  40 704352409  
1  131 222960989  
2  39 
2  83 
3 
1  78 2054196804  
3 
3 
2  61 
3 
2  5 
3 
2  90 
2  140 
2  43 
2  96 
1  165 1216784769  
2  164 
3 
2  139 
3 
2  117 
1  30 1984848869  
2  3 
1  40 2049282525  
1  69 1404713491  
1  166 1348797610  
3 
1  138 1204758443  
3 
2  1 
2  110 
2  142 
1  59 960221599  
2  93 
3 
2  24 
2  57 
1  93 2034080467  
3 
3 
2  0 
2  139 
1  94 355997226  
3 
2  33 
3 
1  54 1050648524  
1  162 1670145896  
2  6 
1  50 1042337064  
3 
1  30 2059011678  
3 
3 
1  71 2039484640  
3 
2  25 
2  84 
1  112 2081552869  
1  43 1310261567  
3 
1  8 500021907  
1  25 1769902005  
2  82 
2  114 
2  49 
1  105 1834564459  
1  166 1203194307  
1  103 1306087604  
3 
2  28 
1  64 80675714  
3 
3 
2  170 
1  103 1026484219  
2  1 
2  28 
1  35 1221829542  
3 
3 
1  123 1663211355  
3 
1  126 1590666523  
2  49 
3 
3 
1  151 747817376  
2  80 
2  146 
3 
2  155 
2  129 
2  49 
3 
1  34 487105434  
3 
2  122 
3 
3 
2  151 
2  55 
1  55 147535284  
1  77 970778365  
2  71 
2  29 
2  30 
2  68 
1  15 393818591  
1  15 1364320053  
1  160 808143587  
2  92 
1  5 295617468  
1  54 621549897  
3 
1  139 9457549  
1  146 1500375912  
2  12 
1  7 1581771496  
1  95 2043538017  
3 
2  98 
1  117 1856373138  
2  59 
2  22 
2  48 
1  143 484936373  
3 
3 
1  121 1566200265  
1  61 751226554  
1  4 396464403  
1  126 1458201257  
2  143 
2  110 
2  120 
1  54 685295775  
1  86 1706725970  
1  171 1958223165  
3 
3 
2  110 
1  166 307714133  
2  35 
2  165 
2  79 
2  69 
2  48 
3 
2  67 
2  101 
2  4 
1  56 1393806781  
1  61 1013933824  
2  21 
2  125 
3 
2  7 
1  33 1613801737  
3 
3 
2  3 
3 
2  27 
3 
2  11 
2  6 
3 
3 
1  55 1474482496  
3 
2  94 
2  143 
1  40 2040418043  
1  126 688147631  
3 
2  99 
3 
2  78 
3 
2  14 
2  74 
3 
2  123 
3 
2  94 
1  61 990210203  
3 
2  57 
2  125 
2  32 
2  71 
2  108 
2  146 
3 
3 
3 
2  114 
3 
3 
2  6 
1  107 1483600918  
3 
1  102 1435965007  
2  82 
3 
3 
1  98 1477315638  
1  103 1631136203  
1  40 259259725  
2  15 
2  80 
2  62 
3 
3 
1  58 1871134229  
1  13 847972608  
2  35 
3 
3 
2  147 
3 
2  46 
1  25 1067403312  
2  128 
2  20 
2  7 
3 
2  52 
2  15 
3 
2  20 
3 
2  136 
2  124 
2  135 
1  8 19268049  
2  46 
2  91 
1  48 1469522505  
2  23 
3 
2  9 
3 
1  57 1076860861  
3 
3 
3 
3 
3 
3 
1  137 1519643961  
3 
1  72 903810354  
1  110 972915230  
1  3 1228533451  
1  57 1388746727  
1  36 391631848  
2  68 
1  4 1979760006  
3 
3 
1  112 1785211130  
2  120 
1  24 1849833105  
1  37 517572133  
3 
2  15 
3 
2  3 
3 
3 
3 
1  20 1344453452  
3 
3 
3 
2  24 
2  72 
3 
3 
2  95 
1  110 1660572622  
2  160 
3 
3 
1  31 825286266  
3 
3 
2  50 
2  11 
1  44 590776585  
1  78 527022799  
1  114 291604355  
3 
3 
1  152 2065259081  
1  124 419957194  
1  101 979751987  
1  109 907985637  
3 
2  131 
2  87 
1  148 1903558113  
3 
1  70 268233346  
2  84 
3 
3 
2  49 
2  82 
1  27 237817627  
1  80 1387210668  
3 
3 
1  149 527493071  
2  100 
2  113 
3 
2  92 
1  51 2108951856  
3 
3 
2  37 
1  5 87699628  
3 
1  144 1594896383  
2  35 
2  78 
1  110 2128219905  
1  45 1557222134  
2  28 
2  119 
2  43 
3 
1  27 524273597  
3 
2  5 
1  90 1500380219  
3 
3 
1  114 313548840  
2  73 
2  95 
2  85 
1  7 1497188827  
2  65 
1  22 581430022  
1  144 1702295567  
2  43 
1  19 1888820675  
3 
3 
3 
3 
3 
1  6 413706380  
1  89 1340023049  
2  47 
2  149 
3 
1  32 1591170133  
1  40 931278514  
3 
3 
3 
2  6 
1  81 536992853  
3 
1  13 1104259107  
3 
1  26 1756564780  
2  99 
1  91 1127769438  
3 
3 
1  48 1631281906  
3 
1  44 2048169136  
1  108 1045544872  
2  121 
1  0 2051239101  
2  145 
3 
1  27 880437475  
2  32 
3 
2  26 
1  95 1953530509  
3 
2  93 
1  8 1807313566  
3 
2  102 
3 
3 
3 
2  68 
3 
1  22 1148670821  
1  62 43864488  
1  13 1047040586  
2  49 
2  138 
2  108 
1  60 1676163893  
1  129 5332696  
2  126 
1  3 1134740214  
1  130 1123576628  
2  98 
1  42 2133552601  
1  99 544478700  
3 
2  35 
1  124 1647850225  
1  146 1486449172  
1  111 858027540  
2  15 
2  48 
1  162 997555405  
1  40 2067879195  
1  94 412839459  
3 
3 
3 
2  38 
3 
2  0 
3 
2  49 
2  37 
1  160 738892432  
3 
1  67 334101927  
2  44 
3 
