34431 0 616187141
2 95 
2 0 
2 0 
2 87 
32 0 
331 25 1784537342
2 87 
1 49 1620404218
432 0 
41 0 1322494964
4442 0 
1 59 558898161
441 0 1101418731
331 0 1307324237
342 0 
2 0 
2 87 
2 59 
1 10 1733253345
32 53 
1 85 1538893136
1 0 1239661970
331 0 2120488022
2 37 
32 94 
4334441 0 930130364
2 0 
2 51 
334331 0 1288879336
43342 0 
43431 0 1978765243
331 0 323877487
2 90 
41 95 663114813
31 0 1715536172
31 61 396410427
32 0 
2 40 
41 90 2077573437
4341 0 818487423
332 24 
441 0 653749096
32 0 
41 0 1095036615
1 0 356958188
43434342 0 
2 38 
31 0 1387227537
444331 1 1031502856
2 23 
32 0 
32 22 
1 44 1187755369
42 0 
1 0 1961550831
1 0 558360511
2 97 
42 79 
2 0 
33332 10 
442 61 
1 0 1820832431
42 0 
1 36 1497640714
2 0 
31 0 1897040800
32 0 
41 0 289535924
2 0 
2 43 
31 0 1134694408
2 0 
32 0 
433341 18 1369961370
32 0 
34331 48 1612030888
33331 0 1693592569
1 0 323896453
31 25 771871477
442 29 
41 41 1279362266
1 51 1862789590
1 52 2011533447
43431 0 1252366640
2 0 
1 4 645436306
1 31 1152929135
32 0 
42 71 
32 0 
3332 97 
2 89 
41 0 1083648236
2 0 
1 2 969313794
1 69 1816043948
1 65 651700760
41 37 1365724221
42 56 
31 0 1746133738
3442 0 
2 83 
2 48 
42 35 
32 14 
2 1 
1 0 1470188184
41 94 2019473317
32 55 
2 2 
32 0 
1 91 693686705
3342 0 
2 0 
43441 60 1827146372
1 0 1259217207
31 63 1725189561
442 0 
1 0 867418093
2 100 
2 0 
32 0 
3441 13 1073284390
41 55 136066424
2 0 
2 57 
42 0 
1 0 540766876
1 0 423441456
42 0 
1 45 2033107224
42 0 
2 0 
32 0 
3431 18 830302800
2 35 
1 77 1558135864
42 0 
42 0 
2 0 
1 0 1255584946
2 100 
31 4 294850041
2 0 
2 0 
1 80 1104244785
41 96 1579481400
42 38 
31 96 1066721518
31 13 236123403
32 0 
1 0 1294787342
1 62 930771318
1 23 1488490044
1 32 1940223648
1 96 2083700453
2 0 
1 0 424654632
33432 15 
1 0 762053794
41 0 1752260754
42 0 
31 0 1076355392
33442 90 
32 0 
431 0 2127778016
432 0 
431 36 1350910844
34442 0 
2 0 
1 0 399059928
2 70 
2 23 
34442 20 
3442 0 
1 0 1999767685
3432 21 
2 0 
2 0 
2 0 
1 46 2044597549
1 76 78722653
32 0 
2 0 
1 48 1111501244
42 0 
1 0 1622303463
1 5 946140746
2 75 
1 6 37301986
1 0 1758369887
31 0 1486907623
2 0 
3434432 0 
42 100 
341 59 460743442
1 3 1643993464
431 85 169726775
2 27 
341 59 2018879306
31 0 752094762
1 35 464576816
332 0 
1 34 975640443
2 19 
3442 91 
1 56 184092514
431 0 1531298335
31 0 1211763847
1 16 1478879856
41 0 314586005
1 99 552770243
2 10 
4431 55 1271619857
432 0 
1 50 250802810
31 0 977424875
31 0 2033673651
1 73 2003063564
1 0 2053780267
4341 0 2013968019
432 0 
33442 0 
33331 20 1206490760
42 82 
342 78 
1 0 305356548
1 0 1866252057
331 0 1103604662
1 0 384079201
42 65 
1 11 830269653
31 0 578424477
42 83 
31 67 1330219947
3331 49 867571640
331 88 189310716
1 35 669643922
2 0 
2 97 
1 24 1328315082
42 0 
31 11 1833304180
42 19 
32 69 
32 88 
1 0 839370698
341 0 1199710741
2 12 
4341 84 437915295
2 0 
34332 72 
2 0 
1 0 1303947514
3341 0 27867536
2 60 
1 24 622007809
32 20 
34432 36 
3342 76 
1 37 687762201
2 94 
1 0 1239631383
2 13 
1 0 2100887666
2 0 
332 0 
1 28 1002348206
31 0 1792401626
32 0 
42 99 
42 0 
2 91 
2 0 
2 0 
31 67 1225023875
41 49 1253151017
32 0 
431 0 622342853
1 3 1111213878
1 29 1108730933
41 63 528639473
1 76 977698250
2 0 
2 76 
441 93 167738046
42 0 
442 89 
42 0 
4442 0 
2 0 
341 33 833996021
443444342 88 
342 0 
42 76 
332 0 
2 0 
2 0 
2 0 
1 0 696466659
2 0 
331 0 1271342708
1 95 1218075222
1 38 1526736312
42 35 
1 85 1849767185
3332 0 
3431 47 400811521
41 0 246824304
1 82 2039077901
1 10 1070455444
3341 34 1575139387
332 55 
32 76 
31 98 1724898434
3342 53 
1 0 1909826142
32 40 
431 39 627366480
42 0 
31 0 15330081
1 0 1066290008
2 16 
2 4 
1 0 655234016
34432 59 
4332 0 
434444332 43 
32 0 
1 96 637337890
32 68 
34342 23 
41 69 1754052210
42 63 
31 73 1894865400
41 22 590741908
3332 70 
42 96 
42 46 
1 0 608916768
2 0 
32 0 
41 65 1539783378
41 0 1815765783
32 0 
2 0 
2 66 
3332 86 
2 0 
1 81 1862067785
332 26 
2 0 
1 0 14642584
1 43 779496014
42 92 
1 33 823315071
332 0 
34331 0 543282057
2 46 
1 0 1757194264
344332 88 
2 98 
1 49 991053117
2 0 
42 0 
1 0 1377278078
41 0 306177275
1 49 114912177
2 71 
2 37 
2 0 
44431 0 447869652
2 0 
4431 0 1832913587
1 0 1964679362
32 0 
433442 29 
1 98 848681173
1 0 2079737892
43341 0 1856273615
31 99 1919136617
31 0 1507393631
32 2 
1 25 1433688401
32 0 
441 0 1681479111
2 0 
4433434341 0 2134760111
1 0 1449018482
1 35 600285472
31 0 642510479
1 0 2086356373
42 35 
2 41 
1 6 206854034
2 7 
44431 44 389892231
441 0 529614633
2 61 
2 85 
2 0 
1 0 815770802
2 0 
3432 56 
41 39 1929675610
31 0 197896769
44331 0 530354940
2 87 
1 0 1944318194
2 99 
4431 0 977392783
31 28 1353670011
1 0 340116603
31 0 587103399
1 0 197239480
41 0 1717394681
1 0 893280674
2 0 
31 0 312151657
1 34 17780685
2 5 
2 86 
1 15 578710613
1 13 129347371
2 82 
1 12 866461858
1 0 510964857
2 0 
42 89 
2 52 
2 65 
441 80 1985620986
3442 0 
2 0 
1 0 638114828
1 41 2018358488
432 0 
331 12 1271825740
44341 4 172110291
3442 6 
2 0 
2 21 
442 65 
2 0 
4442 0 
2 25 
2 75 
41 0 2005634951
41 93 573360574
2 0 
3331 0 772395763
2 74 
1 0 500661783
1 99 512233299
31 0 979249797
41 0 890554014
2 19 
441 11 1041847933
41 0 1795020600
2 0 
31 82 672745976
432 71 
31 59 1239744702
31 75 177891892
41 0 469580522
2 0 
342 0 
2 0 
1 0 69653837
41 0 1531561903
342 65 
1 29 809697125
2 0 
342 82 
332 8 
1 57 656757236
3441 21 1728801383
42 65 
31 0 379608158
4342 0 
2 27 
442 0 
1 58 1550037910
41 95 2040953040
331 0 397388843
31 90 2128748523
3432 0 
31 27 22816763
1 0 1263850702
341 58 492229733
1 26 2008437749
1 15 1901965530
1 91 363104573
31 0 1132779841
3441 0 2074075821
1 65 221255877
1 21 1706140416
432 0 
1 0 698987937
341 3 721917660
1 74 70890067
41 53 1678237734
3332 0 
2 0 
2 0 
342 0 
343332 34 
1 39 1612471674
1 0 1112738000
42 88 
32 0 
1 22 1325774686
4431 11 137734003
1 17 204999054
1 71 1503666578
3441 85 607314525
31 4 274652891
2 11 
1 57 887744833
2 48 
332 10 
2 31 
34444441 0 1417011651
4333331 11 931410127
1 0 469062568
41 0 1796619809
1 0 333964389
1 74 362531960
2 0 
41 100 46525005
32 49 
2 0 
2 0 
2 0 
2 0 
2 82 
2 0 
42 0 
3331 0 315229265
3331 7 385348723
2 27 
2 44 
42 0 
2 0 
2 78 
2 0 
2 0 
1 81 1310375707
441 0 807458998
1 0 246302825
33444431 0 1064857589
31 0 1170563571
2 0 
2 0 
41 19 1379082666
31 13 991449762
3331 86 1391819448
1 0 937739434
4443331 0 1690437699
2 0 
1 0 2113737108
1 80 1008629502
2 0 
31 67 1221191786
1 0 1578725135
1 90 2121367502
3432 0 
3342 0 
432 68 
2 0 
42 0 
2 0 
32 0 
1 0 399482824
1 86 1716459138
2 0 
2 0 
1 14 178882909
1 95 1903149403
2 0 
1 71 176290015
42 35 
1 0 453535800
1 36 643410588
1 53 1593301666
2 95 
32 54 
1 88 1384945928
32 0 
331 0 1112473157
1 24 1242437828
1 17 1718910317
41 0 1475005117
42 0 
1 29 1288962833
1 15 2034139582
2 0 
3331 1 1860353841
1 0 451854892
1 80 694114932
42 62 
442 97 
43342 84 
2 11 
42 13 
1 76 2106656666
2 0 
2 0 
1 0 1516712481
332 50 
2 65 
2 18 
42 35 
1 20 1864678504
1 97 1338255684
2 0 
1 0 360678595
2 0 
1 0 1109014304
343442 0 
4441 0 128511471
1 0 2051116295
31 56 1075267765
2 0 
34443442 15 
441 22 1137140973
42 0 
1 79 1124824433
41 0 506509252
32 0 
1 0 1111024827
432 62 
2 0 
44341 65 1524307257
42 20 
1 0 75484742
42 31 
44332 0 
32 77 
4341 0 1289907736
32 0 
2 9 
2 0 
2 0 
1 91 1279973012
42 93 
42 0 
32 100 
432 24 
41 4 251774757
2 33 
341 17 1743443537
3332 55 
1 5 1923383601
3431 0 1845076424
3433431 0 980905817
32 71 
1 0 888373110
342 85 
2 71 
2 31 
32 0 
1 0 940030604
1 51 552332486
1 30 215894579
2 0 
2 0 
42 13 
332 85 
2 0 
32 0 
1 92 81509789
2 100 
41 14 438988421
1 91 2076248420
31 0 533364681
32 81 
1 0 1133103353
3443344341 0 2035421438
434432 90 
431 0 2050077162
32 0 
2 83 
3332 0 
31 92 850298209
341 76 1226193475
1 75 263272109
1 0 1959312514
431 0 1354704946
331 88 166904756
44442 0 
431 22 887096631
341 85 344362271
1 68 1291729189
1 0 1393605883
32 58 
2 0 
1 80 1455387098
1 0 668552799
2 0 
1 78 1469090625
41 0 597811187
1 0 1948525811
1 69 1720865382
1 64 193771076
42 9 
31 0 1724425764
3442 0 
41 0 1418458158
1 13 1174676893
1 28 465315226
4331 92 211005114
1 4 1727009379
2 0 
2 99 
42 0 
2 0 
42 0 
2 73 
41 27 681209806
2 43 
42 0 
1 0 292514903
2 20 
1 0 18514152
43441 0 609974578
2 10 
1 0 825879584
31 0 1151617506
1 6 497912369
2 45 
41 0 728473098
41 0 2001915715
1 24 1724105844
2 0 
2 25 
341 25 991745208
1 38 1813744581
1 0 931327142
332 0 
41 0 1158649964
3441 0 553357564
1 0 1275689413
2 5 
441 0 302895506
1 0 1946963447
32 5 
32 0 
1 7 583592863
4431 28 971448305
31 94 1268570424
41 0 1181404050
1 0 772490468
1 0 841952159
41 80 1375175126
1 0 349432585
42 0 
1 0 112926669
31 44 402368371
3331 65 814747811
4331 83 323931784
2 34 
1 0 2129377751
431 61 1495957617
31 89 616446687
1 78 408255
1 0 2105932196
41 44 1442326272
31 0 1152025761
42 0 
43441 40 456360917
34332 0 
41 0 23315722
341 34 1006457829
1 0 32983113
2 26 
2 0 
43332 23 
2 0 
43341 87 1015060930
41 0 672718762
2 56 
42 59 
41 0 964310255
41 0 26227247
1 0 1226076327
41 0 92516020
42 31 
32 0 
32 0 
2 32 
1 0 329122753
341 0 1025556126
1 0 676108883
31 4 1300571058
1 0 146642903
2 0 
4431 0 1857512934
2 27 
432 10 
31 85 2073061526
433341 0 988595062
42 0 
42 0 
31 26 1085204412
31 0 275010463
2 26 
31 0 1101521731
31 0 1487572784
2 4 
2 13 
42 0 
1 0 1089758275
2 71 
32 0 
31 0 1425453515
2 55 
2 0 
32 0 
332 89 
443441 35 1469466887
41 0 438232244
432 0 
1 47 2041900203
31 0 1469875142
431 0 396680792
34431 0 1336742827
1 99 474417256
434341 0 853041709
3331 0 1360058549
431 0 1480875085
1 0 886024822
42 0 
1 24 227635832
1 0 6110199
2 28 
2 0 
2 0 
2 90 
1 82 1850335077
2 0 
34441 0 253863079
1 84 1232186526
431 0 1942851097
32 0 
32 90 
1 0 582985832
42 0 
2 53 
2 90 
2 0 
1 0 110259005
32 0 
32 0 
1 0 471476333
1 0 1883556890
31 0 256901908
332 48 
2 44 
441 54 181505619
441 65 1809134768
2 0 
2 93 
42 48 
2 1 
32 0 
2 4 
2 0 
1 87 1245496970
42 0 
1 0 1266710031
1 1 2084145232
342 0 
1 0 199535053
2 0 
2 0 
31 0 606799167
2 63 
1 81 1026419859
2 0 
2 0 
3431 0 1624988569
41 0 2076266054
31 0 1464652103
2 34 
1 0 1519405124
1 27 1398657549
44431 0 1861332896
2 0 
2 85 
41 0 708664303
32 0 
32 0 
2 0 
42 0 
332 0 
1 0 1873074805
441 27 566890957
41 19 2068722852
32 0 
1 50 1206466242
1 0 1452915780
2 84 
2 0 
2 0 
1 0 148875036
2 14 
2 0 
31 87 1212576441
2 15 
1 46 1155767209
1 66 402738115
4431 0 297279320
1 24 951134659
32 0 
41 0 985723947
32 0 
4432 0 
4333342 0 
342 0 
2 0 
3442 15 
1 0 407538325
32 0 
33442 0 
1 91 1422610992
1 35 721797189
4431 32 664440233
2 66 
41 0 1604116611
4334341 0 383448310
2 23 
3441 0 1909937203
2 0 
2 47 
31 0 723342994
44442 29 
1 0 320109894
2 39 
32 0 
1 0 2109472256
41 0 1330142162
1 64 1346529753
331 56 1586977177
41 0 1258924568
2 0 
4432 0 
1 66 663698208
1 40 958898653
32 2 
2 45 
32 58 
2 85 
1 0 510098469
1 84 377547456
34432 0 
32 95 
1 34 1667562956
42 83 
41 24 235689626
431 0 944438414
1 46 1588802161
1 0 1442155868
1 15 249870546
31 75 1737677197
41 0 507248662
2 82 
42 78 
42 72 
34344331 51 1405637755
31 43 2140415313
441 0 804527982
431 77 209288766
1 0 978655612
1 0 1212066307
2 0 
1 61 1631899758
3331 0 1700452802
1 0 1876506540
341 68 1088532721
41 0 2083901112
342 0 
1 24 1638960095
32 0 
31 67 1811875716
42 7 
1 0 256527358
34342 0 
31 0 1600948703
331 87 994534230
442 53 
1 94 1603057111
2 56 
4442 76 
331 0 1040442233
441 49 105975150
1 61 119271671
41 86 1999340886
432 0 
32 66 
2 20 
2 0 
2 3 
2 0 
441 0 616073620
331 0 496819128
1 0 1519420195
4442 0 
431 0 851763246
3342 86 
32 77 
1 0 1441257542
31 50 960738708
42 88 
42 0 
3442 0 
31 0 146435467
2 0 
1 0 1691128088
1 95 550932257
332 49 
442 0 
2 51 
1 0 653684129
42 90 
1 0 949282195
31 0 543863922
3342 0 
1 0 1458212111
2 0 
41 33 1158570962
31 64 1522519535
1 29 522794770
32 34 
442 0 
1 0 642987072
2 0 
41 0 1075488689
2 98 
2 37 
2 0 
3331 0 251817662
41 71 1731519794
332 0 
4331 0 1011906153
441 0 1890777757
2 0 
32 1 
41 0 1395911862
3434332 33 
2 22 
2 0 
31 7 1268433511
1 0 1344242812
2 81 
31 7 242962444
332 65 
41 0 724006974
32 78 
2 0 
34442 13 
42 0 
1 0 237201397
2 0 
31 0 348937594
1 0 843278645
1 58 89058636
2 0 
41 0 965011214
1 23 1340097773
1 96 1608478831
4342 45 
2 0 
441 29 1816774461
41 0 633871667
2 94 
2 0 
2 34 
42 0 
42 0 
2 0 
4341 0 421733891
3332 17 
1 8 1963209928
2 0 
332 56 
1 0 177516107
32 63 
32 10 
2 0 
42 0 
2 53 
32 0 
42 0 
42 0 
1 67 972666148
2 74 
31 0 469410409
42 0 
1 0 1126798303
42 0 
1 56 1516530071
2 93 
2 0 
1 0 1927622520
332 9 
432 44 
1 0 137885617
332 0 
331 100 891565958
2 0 
1 0 302933642
432 0 
341 77 780872689
2 0 
33344332 3 
32 0 
41 61 1967054647
1 0 554751304
2 23 
2 90 
31 0 364908835
44344442 0 
332 29 
1 91 831477152
332 0 
31 0 298045413
332 0 
1 0 1760820697
2 0 
2 0 
41 0 2099910663
41 47 1642288225
1 0 2003783141
2 0 
42 84 
1 20 676433989
31 24 1879489623
1 51 205237088
1 0 1519712634
2 58 
42 0 
2 27 
1 0 1968548259
331 49 1170248302
2 5 
1 16 712326760
1 0 1429543442
31 0 839539115
2 0 
1 45 1346198427
4432 0 
31 0 1851277333
1 0 655265395
1 0 1523714535
1 37 676459833
31 0 1124675804
2 63 
2 16 
1 51 503029190
2 17 
2 0 
41 84 45506256
2 0 
332 85 
2 66 
1 0 904814676
42 81 
2 0 
2 38 
1 0 640914807
2 0 
1 0 937072214
342 0 
1 44 1207748318
42 0 
342 0 
3331 95 1421787496
1 5 756643213
2 56 
42 27 
31 0 1762499622
41 26 1786696332
1 73 1588120365
4432 40 
331 0 2060545035
41 0 1400033381
2 0 
2 0 
31 0 1540547380
3442 82 
41 0 1555349613
331 0 1256332875
1 55 69497721
2 0 
1 99 1287355588
1 0 1461569963
32 94 
1 0 1589210356
1 0 1108420199
1 46 484334617
1 0 154053468
42 0 
342 98 
32 0 
41 87 390479993
1 0 1323873733
1 90 1500251895
1 52 94273678
42 0 
32 0 
1 0 1979139128
2 54 
4441 84 876482782
2 0 
2 0 
442 90 
32 0 
1 41 770733511
42 0 
332 97 
33442 0 
3342 45 
1 0 956331285
2 0 
2 1 
32 0 
31 23 1379511972
4331 53 816239768
431 0 1861145961
1 0 2020426779
1 0 1753311982
1 72 921410632
42 0 
1 0 1294730628
332 98 
1 0 362471548
41 0 536426606
41 0 933943312
31 45 1950591913
2 0 
1 0 449487994
1 0 186493045
31 97 1343655646
2 0 
31 93 2004837607
442 53 
1 45 1442825920
441 0 1413153367
31 0 1144709547
2 63 
341 78 756912235
1 50 854880075
2 76 
32 89 
2 0 
2 41 
2 57 
43333431 77 105646098
41 0 1241246853
1 1 1008933543
1 96 496126091
1 0 417636938
2 0 
2 0 
344442 0 
2 0 
42 0 
42 59 
43331 0 361701791
2 0 
1 0 590399769
32 41 
42 0 
1 0 249292418
32 7 
2 0 
2 97 
2 0 
1 85 1238184573
3332 41 
1 0 1361133280
1 0 1205623703
31 72 470212898
1 23 29889400
441 15 919286017
1 58 343156029
41 40 1783201383
31 35 1840696649
1 92 1637886657
2 0 
42 17 
1 87 2145672931
31 25 229639607
31 86 424346321
42 13 
1 31 1948781196
41 91 679127601
2 67 
1 34 610839367
2 0 
2 33 
42 99 
4341 0 1144953194
42 75 
2 0 
1 0 536481560
32 0 
2 25 
3441 0 2053665287
2 0 
2 10 
2 91 
33431 0 410622914
32 0 
32 0 
341 36 1681191107
2 0 
2 3 
341 0 663093875
3342 95 
1 46 1265502989
1 37 1786837205
2 43 
34331 58 1904340728
2 43 
41 0 126952885
1 0 135479648
2 61 
42 0 
342 67 
444333342 12 
4332 100 
2 32 
1 0 174494018
1 0 488654676
42 67 
31 0 725879417
43433431 60 423786436
2 0 
431 91 1726839249
1 60 2087012698
342 0 
32 0 
1 0 1629410140
41 0 49568499
332 0 
42 0 
1 95 2116902098
42 46 
1 35 401212509
41 0 392724529
441 0 1752619833
342 0 
41 79 94425510
32 75 
1 61 2030611186
1 96 1750809116
32 0 
1 76 324065117
1 0 307473860
2 66 
2 70 
2 30 
1 0 1552106665
2 68 
32 0 
1 0 1003192719
2 56 
2 45 
1 37 918313227
31 83 549576211
331 87 1539674279
4332 78 
2 0 
2 65 
431 52 824494866
341 0 960199125
32 4 
2 0 
2 0 
2 2 
431 76 1073381739
432 0 
2 0 
42 84 
1 57 1487588741
31 30 78218467
1 12 712735296
34442 0 
31 0 1244445821
43341 0 205171352
2 0 
2 0 
3341 31 848214945
1 73 1418939839
42 11 
1 34 693826028
31 0 1574094362
1 83 1842726276
2 0 
32 0 
2 50 
43342 0 
2 32 
1 93 273181629
2 0 
2 0 
2 58 
431 0 1513623412
2 0 
2 0 
1 27 1324652768
2 91 
1 0 322750129
1 0 1483041863
1 60 1725865277
32 62 
3342 88 
431 0 715474658
42 0 
2 0 
431 7 1088178048
1 91 1820290787
1 13 598602196
2 98 
341 0 691503517
31 46 2144355904
32 0 
1 91 906076056
32 0 
32 0 
43342 45 
32 95 
3431 79 96126534
31 0 1000064975
42 45 
2 0 
2 68 
1 49 1824389283
32 93 
32 0 
2 75 
32 0 
332 0 
431 4 645702745
4341 0 392255607
342 3 
2 62 
332 5 
2 89 
41 87 501400502
31 0 1605901871
444342 80 
31 0 1465637346
431 0 1988989243
2 43 
3442 51 
32 0 
441 0 1684120338
2 14 
42 0 
332 53 
31 0 30888994
1 0 1085951417
41 0 1889291690
432 0 
2 25 
1 45 879103939
1 92 357407608
1 0 435634070
2 75 
42 31 
32 0 
2 41 
41 0 305714654
1 42 52650236
2 66 
42 0 
432 0 
2 0 
42 0 
41 77 708815699
2 0 
432 60 
32 0 
2 0 
1 92 1819338066
1 0 1377303004
1 13 1031565828
31 52 1154896281
2 0 
1 0 955684633
1 0 1747040486
1 42 95590682
1 51 628491772
1 0 198159035
2 0 
42 7 
2 57 
2 0 
2 0 
2 0 
2 0 
1 4 787094199
43332 6 
1 0 625364029
3342 0 
341 6 1104235091
1 0 883220733
34432 0 
3342 0 
42 0 
1 0 1625429004
1 0 781140727
342 60 
1 51 1528923478
341 89 2017684611
441 0 1282541229
2 0 
1 45 987341701
2 0 
32 47 
2 5 
1 29 1335838309
2 0 
42 0 
442 76 
1 0 1124046824
2 0 
41 86 523978391
2 0 
31 0 1366727304
2 0 
42 0 
431 0 62514593
2 66 
2 0 
1 71 265786433
31 19 98347595
1 0 419922202
31 6 701420503
42 88 
2 93 
42 3 
1 91 404062249
31 49 472572438
34442 23 
31 33 1410236203
2 31 
1 6 75916668
2 0 
2 0 
2 60 
442 0 
42 0 
34431 0 1849875443
42 78 
42 7 
1 57 294318383
4432 0 
2 28 
2 25 
2 0 
1 73 1230812949
431 0 658076428
2 0 
441 0 2041358870
441 0 1326403631
1 0 1286568201
33342 36 
432 0 
1 0 92034257
1 0 2113497830
1 0 1911932230
31 31 1196269348
4332 77 
1 43 849234915
2 0 
2 0 
1 0 1389877586
1 0 1977410075
32 80 
2 74 
2 0 
42 32 
2 0 
2 45 
32 0 
1 0 230674746
2 0 
43442 29 
1 0 1260078550
432 22 
31 0 1112467656
2 36 
31 0 1218016447
32 0 
332 0 
2 48 
41 17 448433211
4342 75 
32 0 
31 26 89030833
4332 0 
443442 0 
2 0 
442 0 
4331 0 1741994839
442 19 
342 23 
333442 19 
1 80 1815160515
342 0 
1 0 151545426
34342 73 
4432 76 
442 0 
1 24 2007781272
1 0 1913508111
3332 0 
441 5 571467628
41 74 561718128
44432 24 
332 15 
1 0 170086712
2 0 
31 3 1044040067
2 0 
1 0 1971954331
42 0 
4344332 0 
3342 65 
1 0 246003380
31 0 746431862
41 0 118789066
1 0 1476816330
2 0 
32 15 
43442 68 
2 0 
341 48 1404508290
1 0 12664288
1 53 655736313
31 0 543592843
1 90 104698545
32 0 
1 0 621750496
1 6 308041425
32 0 
31 85 1300967894
2 0 
442 0 
2 0 
4341 47 1470985411
2 0 
31 0 1697919012
331 0 1130894321
4344332 0 
1 0 1701660157
2 58 
1 0 810513914
1 0 95878330
1 9 772192957
332 0 
344342 20 
2 30 
41 62 1258947125
1 0 184909163
31 0 366704148
1 37 926623993
2 0 
1 37 336454589
1 0 227001772
3431 14 692648456
431 10 907922218
1 0 788719900
2 24 
1 53 862735168
32 0 
2 0 
42 0 
42 0 
343341 0 1951962285
2 27 
2 0 
42 44 
1 6 613190583
1 0 1108738549
2 0 
34331 41 550910499
41 24 731979650
331 7 438071231
41 99 1955418789
41 72 744643938
31 21 1093807544
342 0 
42 0 
1 79 351527985
1 29 849342484
31 77 1715558040
2 0 
2 0 
2 37 
1 59 659569410
1 61 2826730
3341 0 1039059804
2 0 
32 0 
1 0 210004774
41 0 1133721051
1 64 593236313
2 0 
44442 14 
2 0 
2 0 
4431 33 1020518688
1 0 1229599381
42 0 
331 85 1365429270
1 0 131982166
2 0 
41 0 1414508544
3332 0 
341 0 1732133418
1 0 1058606159
1 0 1750963134
2 0 
2 83 
2 23 
41 97 1959135191
331 0 1751254615
34432 79 
432 43 
42 0 
3341 0 511401704
42 0 
2 0 
2 0 
331 0 600371443
41 86 466506135
41 16 315880341
1 24 1213562027
434341 0 1575244684
43331 83 866790840
2 0 
341 96 1945541677
41 0 2013315915
332 29 
31 48 674725981
1 48 542701967
1 0 959639812
31 40 1026253966
331 65 1392044451
1 13 527714204
2 41 
1 0 1685823377
2 0 
441 19 1394871181
1 0 1566774008
431 0 1895828151
1 33 381108585
2 43 
2 0 
42 0 
1 61 12526674
1 0 768863192
31 80 1610707966
1 88 1377955944
2 56 
1 0 900845358
1 20 877732863
2 79 
1 25 962605715
32 63 
2 22 
441 0 1959451517
432 0 
1 61 481212349
43341 20 774257258
331 0 1563222484
1 0 992614053
1 0 1374628701
2 0 
2 0 
2 0 
41 7 2029728619
2 18 
1 26 1308494394
3432 63 
342 0 
2 0 
2 0 
1 73 440707080
1 51 1457489656
32 41 
42 73 
3341 0 27801586
1 0 238765109
1 4 1323321923
1 0 702527567
42 70 
1 0 781467077
341 0 135478087
2 59 
31 0 1728781534
2 0 
2 13 
2 35 
3333331 0 26027880
2 0 
3341 0 663192292
342 0 
2 22 
442 0 
1 14 1267121263
2 0 
3332 53 
1 61 1420899062
41 0 82482652
1 0 1015465766
1 0 1802007647
31 60 95009326
3332 0 
432 0 
1 68 1784328958
332 0 
2 0 
3432 67 
1 47 1265231965
2 99 
34431 100 1472965271
31 9 537690668
32 73 
2 10 
442 64 
1 0 2142964828
32 97 
441 94 288087338
2 0 
31 57 349658537
33432 15 
42 0 
2 0 
1 0 476693529
42 0 
31 43 1062344596
2 0 
2 0 
3332 0 
432 0 
342 96 
2 38 
2 98 
1 59 1912881021
442 1 
2 0 
3342 0 
2 0 
32 64 
2 0 
442 0 
2 0 
2 60 
1 0 1469307582
332 96 
31 12 289489649
342 8 
2 0 
2 78 
1 66 1795125993
2 30 
2 51 
1 0 630318328
32 46 
31 0 730196730
343432 0 
32 0 
432 0 
3442 0 
4332 0 
1 84 1105132001
2 1 
31 0 658119914
32 0 
2 0 
1 0 968961839
41 76 280970276
1 0 1360647482
1 3 1750428916
33441 14 416448364
331 86 941945368
31 0 1776456797
42 13 
1 65 1079640656
441 0 61582983
41 7 1049872211
442 0 
2 0 
31 0 1162123308
1 45 1077048749
31 37 704396210
443342 48 
31 53 1257132635
2 0 
1 0 713894060
32 0 
2 0 
4432 9 
1 0 1969628175
1 0 582614258
31 47 1251584728
2 0 
2 0 
4442 24 
1 0 1965109356
341 0 870701596
31 30 1601243266
431 0 294319237
2 53 
2 55 
41 96 1933046192
1 0 1366640639
1 24 1763626820
331 62 75052193
2 0 
31 48 1014282984
31 0 246461500
2 38 
31 0 805248923
2 68 
2 35 
2 0 
41 0 2119414985
2 0 
1 0 904581415
1 59 1774210763
42 29 
2 0 
1 0 252901614
42 37 
31 50 117745249
3442 33 
41 7 1377156031
3332 11 
2 26 
341 0 669349978
1 64 1059690617
31 0 1006129180
32 87 
1 34 1748990634
4332 0 
2 42 
2 81 
2 92 
1 81 1121273600
2 0 
4431 3 2056001391
2 0 
432 71 
2 96 
4442 85 
1 51 763630294
42 0 
1 55 50838701
1 0 612913953
41 0 2020762929
32 27 
1 0 764732761
1 0 435058481
1 8 455893539
1 85 2016317490
1 88 252684189
1 20 1326595135
42 76 
2 45 
41 92 1470077108
41 0 547003426
41 0 1112157679
331 0 689234099
2 0 
3432 0 
441 43 163146598
2 46 
342 49 
2 2 
441 61 1187209873
1 0 1703517084
43432 12 
1 100 409608099
1 0 1992458796
431 82 1675448421
1 0 1314189514
31 0 1619185911
2 0 
31 62 1928350035
3331 51 1431934763
2 87 
2 0 
331 0 848858295
441 0 450216365
441 93 344141732
2 0 
1 0 1854987475
1 0 51723351
2 37 
32 0 
42 53 
2 42 
332 0 
2 0 
2 0 
2 8 
2 29 
42 0 
4442 64 
2 79 
2 0 
2 0 
1 0 1465415332
331 0 1763505219
441 44 815353646
2 30 
2 0 
31 0 1516254033
32 53 
44332 0 
1 2 228935524
2 0 
2 80 
431 97 688632927
32 0 
342 0 
43332 13 
4332 0 
332 0 
34332 62 
442 52 
1 0 133503147
31 64 663994005
1 57 1144526467
1 0 2336989
2 0 
31 0 916678194
441 0 323637954
441 0 1472414097
441 64 1463681621
2 0 
1 0 1435795634
2 82 
2 22 
31 0 14164548
32 0 
1 0 1626828219
41 0 475521859
3442 0 
31 0 1717681632
2 34 
2 0 
2 0 
3331 96 2036436318
431 91 320497007
331 75 1245646406
31 0 1203142184
42 83 
2 75 
31 0 1939682919
41 78 1026512793
1 0 487593299
2 21 
1 24 641057566
2 78 
2 0 
4442 0 
41 96 1476729159
34343341 0 831735031
1 6 348561393
442 0 
32 0 
42 47 
41 0 1528452510
2 0 
2 0 
1 8 149666715
1 62 2112066612
1 0 196322508
1 0 1665920749
32 0 
44342 0 
31 0 193518489
2 66 
3341 87 884955436
1 0 1799423896
431 0 857512494
3341 87 2029481903
341 0 1801760885
444441 12 1774190689
1 80 205636209
2 24 
34342 0 
2 0 
331 0 1126691334
2 88 
1 38 1090388662
331 0 1641431843
432 0 
1 0 1140855882
4431 30 569733233
32 0 
2 0 
1 0 2116953702
431 0 711053867
1 85 458685904
2 0 
41 4 289967062
2 0 
42 0 
31 0 1956700273
331 56 1661828088
3332 0 
4341 0 82166333
31 18 835729418
2 95 
1 0 1937740
31 5 723223899
42 29 
342 0 
2 0 
1 0 164974929
1 56 833672771
332 29 
431 0 1071785292
1 34 1693427440
342 38 
2 60 
2 99 
432 0 
331 0 983339487
2 0 
42 0 
1 30 1036368257
41 0 1889749948
1 95 501776588
1 0 1229886746
332 0 
2 10 
341 0 627221736
2 0 
1 32 153716836
1 7 2087399240
441 86 509219991
431 0 1955477721
42 13 
32 56 
341 51 1714106281
42 21 
2 49 
1 81 714856201
2 0 
1 0 934685407
2 0 
42 0 
1 99 657011295
1 0 208804396
1 30 2075541289
2 54 
4433441 0 1226744529
432 83 
1 48 178274451
2 38 
2 0 
342 91 
2 95 
43441 18 639111508
1 62 1685430433
31 71 468241513
1 0 448328133
341 22 1199774873
1 94 550407846
2 97 
32 0 
2 0 
1 0 1284057552
2 0 
31 0 1201712613
3432 88 
42 39 
4341 77 1273631745
42 91 
31 0 1449032481
2 74 
32 25 
1 54 2035385385
1 52 197933389
1 40 994976273
1 0 871241224
2 0 
332 50 
2 84 
341 60 1234301646
32 2 
3442 0 
2 37 
41 27 737242574
1 0 1373017812
32 73 
1 0 316704744
2 18 
2 0 
2 58 
31 38 1364464310
34442 0 
41 66 1526734648
2 0 
431 21 256620337
41 14 1873684302
42 99 
2 0 
431 80 1334728721
1 88 1970726618
1 0 441056855
442 79 
42 0 
42 90 
1 0 121930480
2 50 
1 57 480254266
2 0 
444442 0 
2 12 
1 0 649861251
4332 0 
31 71 49988121
1 90 1706998795
31 2 828135702
342 0 
2 0 
1 0 689099630
2 0 
2 0 
34441 0 1244945580
3434432 65 
31 54 1296377215
2 0 
2 17 
1 85 1137427763
34432 0 
1 0 297236805
1 18 1846785061
332 50 
2 0 
344444331 89 274001667
2 0 
1 77 1498949419
4342 0 
1 0 972933158
1 0 1723034149
1 62 1386851156
1 42 1170866548
1 0 570526774
2 59 
2 0 
341 49 110608732
341 60 257684546
3432 46 
2 99 
42 0 
3431 0 1307769348
1 0 1483626544
1 0 574389291
3342 46 
4332 11 
31 0 524750011
1 15 862877544
31 0 831009628
1 0 250950665
43331 27 50122617
42 0 
42 70 
34331 4 654252598
1 6 692007520
1 0 172053097
1 0 1134506864
2 0 
31 23 1341868771
2 0 
432 90 
443441 7 222041218
31 0 694022011
2 31 
2 60 
31 21 22520826
31 0 911140848
2 0 
341 78 1938967591
1 68 1318898041
332 54 
2 0 
442 55 
1 52 2048568612
2 1 
42 33 
1 33 88720749
1 0 1018199455
2 67 
2 24 
2 0 
2 0 
2 0 
434442 96 
2 0 
1 0 175086631
3431 0 1587670168
31 0 1991132613
41 7 1898120780
2 0 
2 0 
32 0 
2 51 
44342 0 
1 43 827037676
41 48 1014515513
1 31 321163907
441 15 937646408
31 0 1272200060
1 79 1628933255
2 14 
441 30 273789304
341 0 1846589351
41 96 6199618
2 39 
43441 0 1136666848
2 0 
43443341 0 530115331
2 0 
31 32 257150283
34342 0 
41 0 1186789465
32 67 
32 0 
1 58 1184367929
343432 0 
2 0 
31 0 949157803
2 94 
2 14 
1 0 1358842562
1 0 171391146
4331 36 143542927
1 0 1580883780
41 10 865413157
2 71 
1 0 166063753
4441 71 344540981
32 0 
2 58 
331 19 656897101
2 0 
32 73 
1 49 1484961794
2 0 
3433342 0 
32 0 
4432 0 
2 77 
4342 62 
4432 86 
1 24 245625945
1 9 745617850
1 78 355677601
1 0 420712576
42 0 
43442 0 
42 26 
42 75 
2 0 
41 0 185804370
43442 76 
1 4 199326567
1 0 171349709
2 0 
1 0 1012842046
1 6 1213842080
1 55 492513616
2 0 
42 66 
1 76 1950488454
2 0 
1 0 338558492
41 60 2121446871
33333341 90 76794110
31 82 37664195
341 20 2127646490
2 71 
4342 0 
331 0 1213460958
32 0 
341 7 567779526
44342 24 
2 0 
2 0 
1 0 237313125
341 20 252766775
2 0 
42 0 
2 0 
2 58 
41 19 1752147456
2 0 
32 0 
331 61 1186470929
32 0 
31 24 1611609337
341 72 1923538602
4343442 24 
1 0 1330013856
41 57 1045009469
32 0 
1 78 641468111
32 57 
2 0 
1 0 1496077609
31 0 1389550450
42 0 
2 0 
342 0 
42 2 
2 0 
342 56 
1 0 1298365212
33331 25 833555755
32 35 
3432 95 
33442 58 
32 25 
433441 6 1635176395
2 49 
1 0 2043983062
4342 0 
41 0 1189233357
34341 0 2055888972
2 69 
1 0 82303784
4331 64 1388559924
442 29 
432 14 
2 0 
2 0 
1 71 79755033
2 55 
342 0 
3442 0 
1 0 1095145830
2 0 
1 0 454918356
1 0 572268649
2 2 
31 0 898150636
42 0 
1 89 793476849
2 27 
1 0 546231872
1 0 974944746
2 0 
2 79 
32 43 
32 0 
42 22 
3343342 23 
1 96 831141044
32 0 
31 0 526394714
1 0 40922056
41 0 1398920571
42 80 
3434441 0 763707840
31 0 293688831
1 0 1003584379
1 0 1950178769
2 0 
44431 23 1905298168
332 11 
32 0 
2 80 
44442 18 
1 19 779639333
331 0 1132708977
43431 59 802823990
442 0 
1 0 1421107444
1 33 481302938
1 39 44890792
41 61 571989009
2 79 
2 0 
44442 48 
2 0 
341 31 1314858693
1 0 1680067188
2 0 
2 0 
3434342 0 
1 0 468488423
1 0 356608402
2 5 
2 71 
1 43 1588472512
42 0 
41 0 550792208
32 29 
2 0 
1 0 1745168326
2 63 
1 0 1668227545
4342 0 
2 43 
42 20 
1 0 1645938038
1 0 52603035
1 78 93012546
1 0 396605027
32 27 
44441 10 846079884
34344343341 0 639244418
1 0 1371549773
1 8 1677220928
1 0 1165639133
332 0 
1 79 1412471830
2 71 
1 100 928657851
2 0 
1 0 1929346973
1 0 1706160661
441 47 1932242230
2 0 
1 0 1732042094
1 39 1463975182
443332 52 
42 15 
1 0 564397915
3341 39 717267423
31 10 119315524
2 71 
432 0 
31 0 1985505360
3332 6 
1 0 1198570361
2 0 
1 0 164206316
2 0 
41 80 410010721
2 0 
342 0 
32 0 
42 0 
31 71 365945406
2 0 
441 0 1844273504
44441 80 878499144
31 0 722553809
1 93 1285262368
1 0 1429291352
42 0 
2 37 
1 0 320238487
2 1 
2 60 
42 41 
31 11 806006265
1 11 927745743
42 0 
33442 0 
334432 68 
1 0 372841522
1 0 899018811
1 76 1324350770
43442 0 
1 44 1218921406
41 8 1538263230
3432 19 
1 82 548416895
32 15 
1 27 748658687
341 0 556418715
32 23 
444431 89 1960888725
2 0 
1 0 1677316538
431 0 338282040
31 27 1519565739
343332 51 
1 72 1462075121
2 0 
41 38 2070324134
42 0 
32 0 
33441 61 836057273
1 60 2026473036
1 0 640107909
342 11 
42 0 
2 17 
441 0 955372797
32 0 
1 83 1864494748
32 0 
1 78 1838678270
32 96 
2 0 
2 29 
2 96 
2 0 
1 0 1119579113
1 0 127021821
43442 0 
2 37 
2 0 
432 0 
32 72 
1 85 57140028
2 24 
342 63 
332 0 
342 0 
2 0 
432 0 
2 74 
341 10 816368970
2 85 
2 49 
331 0 1005520966
341 90 779693837
2 0 
1 0 2101631338
42 91 
1 0 287328670
42 21 
32 99 
43343341 1 1099932325
41 70 760153956
2 60 
32 0 
44342 79 
33341 39 1215074413
2 74 
42 43 
1 53 1472773847
2 0 
1 0 1659172767
41 67 391941535
1 0 544211606
1 0 1049952349
3331 59 940358431
432 47 
431 0 1292870293
1 83 1606371064
42 52 
2 0 
32 0 
2 27 
2 0 
2 49 
1 84 753763508
41 82 822703183
1 11 1944653104
2 0 
332 0 
1 46 125845599
1 0 137294656
2 0 
442 0 
442 7 
2 77 
2 0 
431 91 1867493590
3341 0 961902872
2 0 
31 0 16284045
2 0 
42 0 
1 14 360117851
3433441 48 1917275669
1 34 1880778793
332 0 
2 87 
2 7 
2 40 
334332 0 
1 17 51312473
2 24 
33431 1 889371135
1 98 2007800615
1 0 108452502
1 0 1705740105
2 0 
32 0 
2 0 
3342 37 
2 0 
3441 0 865837933
1 0 888146339
2 43 
2 72 
2 13 
2 11 
32 34 
441 0 1659887795
1 0 1153166603
2 0 
2 0 
2 0 
1 0 1988078664
4331 83 272558103
431 0 220757369
42 0 
2 40 
2 0 
43331 0 1313368864
41 74 1931730871
433441 0 612698904
3432 0 
1 0 1857580470
1 0 834199572
1 0 1553057335
1 0 1002967115
2 0 
441 40 293086989
32 0 
341 0 159337196
1 0 1825670298
2 99 
31 13 90256445
331 0 285182795
1 15 1962964955
2 35 
2 0 
42 80 
41 61 1957750036
1 0 1247085668
1 0 1979249000
2 0 
31 0 170384239
1 79 1016877689
1 90 1712544145
32 0 
1 68 221696713
1 65 1906248824
4331 0 1572861112
334432 11 
1 0 330149215
42 0 
31 24 1464505281
2 0 
2 71 
1 0 291215397
2 84 
2 89 
31 0 1218295554
4431 0 976909429
441 71 1444382001
1 0 1058890571
1 0 1249467532
1 4 1665139370
41 10 224775787
41 1 1033714755
331 40 130354626
1 26 2082356257
1 80 1867914328
341 68 1683411962
42 3 
42 0 
2 97 
332 0 
2 0 
41 3 937839724
42 1 
1 88 13517669
41 14 1842749158
42 44 
1 82 616026374
331 11 103774114
1 0 2127931953
1 0 431507681
42 0 
1 95 2061524150
1 0 1227533973
2 0 
441 77 263273033
1 49 84424742
1 0 96928015
331 49 1975817179
2 72 
2 89 
31 0 306121455
2 11 
42 0 
1 19 2003176839
33431 0 1401194643
33331 64 636270670
2 100 
1 0 1320198473
344431 0 1692410041
2 0 
1 28 1854566224
1 52 149624254
2 26 
34341 0 989308394
334441 0 765973147
43432 0 
42 71 
1 40 1399091786
43441 0 506964116
4332 0 
1 0 990748934
2 82 
1 75 285322894
1 0 637318742
1 48 925621543
1 41 5753574
31 0 173247056
3331 62 1863461267
41 12 19271243
1 82 2015996214
34341 0 332003994
1 81 123045357
1 0 1996444520
42 23 
1 48 763511675
2 7 
2 0 
4441 3 37085860
1 77 1076494845
2 38 
42 0 
4432 47 
332 0 
32 33 
3342 4 
1 15 1026784709
2 56 
432 0 
2 0 
341 100 121510602
2 93 
432 68 
1 79 1173422860
441 0 855118240
1 0 427632057
2 0 
3431 0 1029116052
2 99 
42 0 
31 43 108829235
441 0 1063902727
1 62 201830877
2 0 
342 0 
442 0 
2 42 
4442 0 
333331 0 1801239276
4441 88 770985303
2 0 
1 0 351455131
1 0 643064022
31 0 1536958451
42 0 
1 0 1750546917
31 0 1150028138
1 0 380223737
1 21 2035869811
3442 52 
1 0 1787346881
332 20 
1 15 1305845281
33332 0 
1 0 2041623385
2 31 
31 73 1960593937
41 26 1021822900
1 10 2060894628
2 27 
3432 66 
2 61 
1 2 1829106504
1 0 1353826894
332 44 
42 0 
3442 0 
1 56 36456338
341 30 1678067376
2 6 
441 0 2117338570
41 83 73542198
2 0 
31 0 607078573
2 0 
1 0 996639631
2 18 
1 0 195052800
2 32 
1 88 1780501434
441 93 1851757871
2 26 
41 0 622684857
41 0 662133838
41 27 1960587106
31 0 1686587584
44331 0 863964715
33442 32 
2 0 
2 35 
42 0 
4442 0 
2 0 
3343342 0 
2 85 
32 0 
1 11 1614342735
342 12 
2 17 
2 0 
2 83 
2 47 
1 9 310089239
431 93 1215419846
41 0 109923109
431 36 1847047690
2 1 
3442 0 
341 0 818483115
2 0 
1 0 1259951248
2 16 
1 21 79787780
3331 0 706869279
31 5 899814481
2 0 
41 0 1385633061
1 98 601009016
41 0 712924770
1 28 259972313
442 85 
2 20 
31 57 514419997
1 17 394547626
4331 0 1613799208
41 0 550876335
44431 0 2072615002
1 31 1583654130
1 0 624418533
3441 0 532209928
2 0 
2 0 
2 0 
41 0 432810113
44342 0 
1 0 819471333
432 0 
42 24 
341 74 165227714
2 20 
1 89 137084336
33342 24 
1 23 1442156190
1 82 827361552
1 60 2097671442
2 0 
1 0 981260126
1 61 1691326267
2 54 
441 33 1564530529
1 74 1291349365
1 49 759262465
42 0 
4441 4 1674453639
1 0 990913408
2 92 
31 20 1577745580
1 4 786921239
1 96 1070701188
442 0 
2 0 
341 100 137131211
1 74 1686735720
42 0 
1 0 308850601
2 0 
32 0 
32 0 
41 0 738140228
333443331 0 252176842
431 67 568822914
2 0 
31 8 1252560225
1 0 646724469
41 0 35138474
1 78 1803436560
2 0 
1 0 571855823
1 0 1618792604
1 67 280371445
32 44 
331 0 1104065751
1 19 2051602717
31 0 1099842778
431 0 1269293465
342 0 
41 0 41203405
1 0 394515320
2 0 
3331 0 2096655017
32 79 
432 20 
1 23 2138874848
1 79 1375775446
41 1 1640497636
1 3 1555921729
2 96 
1 81 519641163
442 0 
31 0 252276453
2 0 
1 37 1082891720
2 0 
1 0 1510554571
2 30 
4343332 40 
32 88 
42 0 
1 0 1830022034
31 0 1869812959
431 0 433772111
2 0 
2 0 
2 0 
1 0 1967153245
32 0 
331 73 1409065031
1 0 742622712
1 98 557809825
2 0 
1 75 1661241874
442 0 
2 0 
1 0 1311445627
2 0 
2 0 
34342 82 
1 0 1810370050
1 74 160482695
42 40 
31 0 1346584101
2 8 
42 0 
442 45 
32 0 
342 0 
3441 98 1466322962
41 25 732338518
43441 92 817893058
2 0 
1 0 1746694407
441 0 1836404270
33331 0 722012127
1 0 699053537
2 0 
2 42 
432 6 
31 0 958214087
1 49 763215533
2 42 
4431 0 1093568857
42 96 
42 33 
1 0 907385457
1 0 754606733
32 17 
432 68 
1 18 321860655
2 0 
1 0 400399445
331 82 163044814
2 0 
32 89 
1 0 841501819
1 24 652675899
2 43 
1 0 1245936535
41 0 204572742
1 97 335214285
2 0 
1 53 968265846
331 0 638344854
2 0 
2 0 
444342 0 
42 52 
1 8 154883882
1 0 229847230
2 58 
1 100 1380967566
42 0 
31 0 712693708
1 36 1891089104
1 68 544929545
332 36 
1 40 375580110
432 5 
2 0 
344331 90 2051571799
32 95 
2 30 
1 0 1891513647
3432 16 
41 21 1841903073
1 0 636426669
1 93 561923057
1 0 1441113832
4341 0 325347291
4441 0 1283935184
32 0 
431 38 2140167370
42 0 
1 0 1283561379
42 0 
1 38 2047150717
2 0 
1 69 1086252579
4342 0 
332 0 
341 0 43463188
1 0 654273802
41 9 1408113235
2 40 
4332 15 
32 0 
3441 0 443862633
42 0 
1 0 817318617
1 47 102131406
1 99 1096538532
3341 0 2063255152
2 0 
1 0 306704148
2 0 
2 11 
431 0 1431752817
444332 0 
42 0 
2 0 
31 0 884037350
32 0 
2 0 
3441 92 945049002
2 0 
1 0 1586636700
1 0 1113884580
2 22 
441 78 178532921
1 0 151846760
3331 96 857490036
2 13 
2 61 
41 55 723462466
1 21 527426870
2 71 
2 0 
1 0 761578187
3433344431 29 467492465
2 63 
1 0 221846295
4341 21 1398004857
1 56 1029415522
44332 0 
33432 31 
3442 93 
1 0 1662960128
444342 40 
1 70 1723352148
1 0 165867059
3342 31 
3442 51 
1 0 1655643850
4331 0 859429879
1 79 65534128
1 46 594412781
2 0 
1 0 902893067
2 16 
32 0 
1 23 719807931
41 93 2002526016
431 0 1346755701
42 73 
431 0 1537126548
342 99 
1 0 2104657422
2 0 
44342 0 
432 0 
2 7 
32 0 
31 94 295810585
42 89 
332 78 
2 0 
41 25 1452898052
2 44 
1 60 263877923
1 16 1727563403
31 27 189451754
31 0 1208926925
441 27 1166716455
1 61 1303336335
431 28 1387459846
1 64 1318563215
442 0 
4341 88 13342723
2 0 
1 7 2110922313
42 80 
41 53 1845990085
2 0 
33431 0 774920911
2 0 
1 31 430931130
1 0 2067836381
32 6 
32 0 
3331 0 25442120
2 82 
344441 35 1460346653
341 0 1583312861
1 60 1748794268
2 72 
41 82 1626213712
32 0 
33432 0 
4332 0 
3331 73 1091473063
32 0 
42 0 
31 0 460740500
2 8 
32 0 
2 0 
2 30 
1 43 1691747840
2 52 
442 0 
1 0 1685885844
1 0 1363633567
42 0 
1 66 264072123
1 80 1540928213
1 0 562905620
4441 0 1801198671
41 0 1498101987
1 89 858716206
1 2 1106613075
32 85 
2 0 
2 0 
442 98 
441 21 1761979910
42 0 
1 47 438795961
342 0 
2 81 
2 15 
41 0 1296064830
1 25 823423188
42 0 
41 64 1605512416
2 0 
1 62 451917517
2 73 
2 66 
33432 6 
2 0 
41 0 63399386
2 31 
43342 72 
2 0 
3331 47 776591983
32 0 
32 61 
2 59 
42 47 
342 0 
32 82 
2 0 
431 0 465260240
1 28 26838051
2 74 
1 0 475098420
42 19 
2 0 
2 60 
1 42 1240181151
2 94 
1 73 457769182
42 97 
1 64 395451153
4442 13 
1 0 1265623271
1 40 1918115835
431 0 1978764014
1 80 866933892
4432 82 
2 64 
2 0 
2 97 
1 74 1396845899
31 0 922753429
34331 0 1327674392
1 0 941110091
1 41 461155626
331 58 543824311
1 0 1205182215
4341 22 2002083839
1 18 1106729932
2 0 
1 82 858897238
432 57 
1 0 1352702178
1 18 1965446138
2 67 
1 0 1965510314
2 0 
1 0 967198441
1 89 256758451
2 0 
1 1 1114091496
1 0 1790621629
2 3 
2 0 
434331 0 1862270867
43441 0 1566009013
2 0 
42 0 
32 90 
2 17 
2 0 
2 0 
1 0 1854021015
432 1 
2 0 
31 84 491379202
1 28 2031269253
1 0 1880859067
1 0 966477622
1 69 1123966757
2 13 
432 48 
334342 0 
2 95 
2 25 
41 0 191144601
42 0 
1 0 1361928776
1 63 242106380
43432 0 
331 68 2109260436
1 28 1193209142
1 77 1109040272
1 0 1358622687
432 46 
2 42 
1 5 2115962572
44332 96 
42 35 
1 54 289231016
41 14 152249130
32 0 
32 0 
1 0 429634550
31 0 833055328
3331 92 1357431345
42 93 
1 39 284234741
2 35 
41 99 1939785260
41 11 68844936
42 94 
443341 0 1636936919
1 0 1757747750
341 41 2034355250
432 0 
42 0 
41 0 456651712
31 46 2014506201
31 55 1000963098
2 0 
1 0 99789693
1 45 1729293420
1 0 419488463
42 21 
42 0 
4442 91 
42 0 
1 0 1953810709
31 90 73188974
2 9 
2 82 
2 67 
3331 89 303274068
1 71 1687186128
2 35 
1 22 1039666596
2 91 
2 0 
31 38 1427240825
2 0 
344341 41 1878330729
1 0 254111724
31 0 1669347206
1 0 1840107517
2 0 
331 0 1447320867
41 0 630903830
34341 24 1051246556
2 62 
2 3 
1 4 1415799791
3334342 0 
31 23 920134847
2 0 
2 91 
2 0 
3334441 16 1203495686
332 0 
2 0 
343433331 7 1845434341
1 52 1753190175
41 0 413443384
441 0 2129669082
1 0 1545491787
342 0 
1 50 482288320
32 87 
32 0 
41 0 1619122353
2 50 
4432 0 
2 0 
31 0 1155755889
32 0 
1 0 369159922
41 41 2075774066
1 78 1022778442
2 42 
2 0 
42 0 
2 19 
2 66 
2 20 
431 66 1370123020
3431 0 28080111
342 74 
2 89 
2 31 
444332 0 
42 83 
42 0 
3342 66 
42 26 
1 0 604588214
44342 12 
31 0 1789611483
2 0 
1 0 1981890820
1 0 677777188
31 29 2092885551
2 0 
33342 7 
1 0 1521593300
1 35 1717443784
32 0 
442 0 
42 0 
42 97 
2 0 
2 8 
342 16 
1 0 1372642729
1 6 1252440381
1 37 1971555509
1 31 894506287
1 0 945064250
2 0 
2 0 
1 0 1271392728
442 70 
1 43 1525410117
1 0 1996310806
2 46 
2 0 
4331 0 539708871
1 0 298061316
2 0 
432 63 
1 95 1052322845
1 0 237659564
1 6 2051251491
32 89 
42 0 
1 0 1465766229
332 45 
2 65 
2 39 
1 0 219844998
32 0 
32 92 
2 0 
1 0 1449259630
2 27 
2 0 
1 97 1948054549
32 0 
2 0 
31 44 1838967351
1 0 457531871
431 29 169730823
42 0 
331 30 1767257769
41 72 1480310313
2 84 
2 0 
343341 0 1539853843
2 0 
32 0 
3343432 97 
2 93 
2 90 
41 0 1795337881
1 0 2084898527
42 0 
2 31 
43332 47 
2 35 
1 0 1181981678
2 0 
1 0 1629745053
31 0 615192067
31 59 1127383581
442 0 
1 0 1003854706
2 0 
1 47 185152204
31 0 352542662
2 0 
431 0 108811439
4431 93 9224065
1 0 1247048949
43331 21 1053875690
41 81 1280616793
431 0 624975419
34341 0 902702848
41 83 1820325664
342 0 
1 2 923036735
441 0 1955025693
1 7 2057985228
2 2 
1 2 826804579
32 98 
41 7 1273308274
31 0 130346578
31 74 128580561
331 96 1073879175
1 0 1969313929
1 0 586112433
331 0 1243609998
2 0 
1 53 1589088051
32 0 
2 0 
41 39 2066422746
42 22 
42 85 
334332 19 
42 97 
2 63 
41 90 635980193
432 2 
1 53 1236942284
3431 0 2003837626
44331 0 1817961871
1 19 719203689
341 62 471546045
2 0 
1 79 797861805
2 39 
1 83 1723058395
1 0 656698249
2 40 
32 81 
2 22 
1 62 1150404467
34432 48 
1 6 1831869835
431 0 665922314
2 0 
31 0 249969769
32 0 
344342 0 
1 0 738261877
4342 0 
41 0 1946539107
1 17 874945188
2 0 
432 28 
342 0 
2 0 
42 0 
1 0 1640964725
1 55 1619381123
41 49 1797981923
42 0 
4331 92 1448506771
42 8 
2 59 
4442 55 
442 0 
1 0 1529882703
342 3 
1 0 477302854
2 29 
42 0 
34342 7 
1 53 574331397
2 2 
41 0 1660229281
1 0 605883416
1 0 1648210573
2 0 
2 81 
41 99 1482059563
1 0 1191995849
431 33 744336923
3341 26 923663966
4442 40 
2 56 
4331 0 1110934947
32 51 
44331 90 1380317117
31 30 13122602
1 0 967288925
432 0 
32 0 
2 65 
2 96 
2 0 
431 23 1050795340
1 15 732326291
2 0 
41 0 1438834971
442 57 
2 41 
31 34 1848657145
1 78 307901039
2 0 
1 66 2095533220
1 0 851577965
42 88 
1 0 2139770874
2 0 
342 89 
32 7 
44342 0 
1 85 613971887
331 0 1101547734
2 18 
31 0 730549103
2 78 
42 65 
431 0 413027346
42 0 
41 0 1976492922
2 100 
2 0 
2 0 
34444342 0 
42 71 
31 42 224030180
3341 0 2032408470
2 0 
341 0 1626991197
32 7 
33442 51 
2 82 
43332 0 
1 64 1672536951
3441 0 1414807525
44431 0 2104294052
1 6 99384701
431 19 927553159
3442 22 
1 42 562693820
42 0 
2 22 
2 61 
341 0 1747595274
342 0 
1 9 262129074
42 0 
1 55 1754689669
41 94 344448549
1 95 1185793040
4342 25 
2 18 
2 0 
1 0 718140968
1 83 1724765666
2 0 
1 59 1198915642
32 49 
2 0 
42 64 
1 36 1685429894
43442 0 
41 0 628077359
1 0 1931241933
1 11 976781217
32 0 
41 100 329250856
31 0 91659324
431 99 924830789
444342 0 
2 0 
3343432 82 
42 69 
441 0 1180828821
32 0 
31 0 83946550
331 0 1538802676
1 0 134892907
32 0 
1 4 814495653
2 17 
1 57 1951830023
2 87 
2 0 
3442 75 
2 33 
42 85 
42 80 
1 80 2111385829
42 0 
1 0 1038525834
1 0 1836754845
2 60 
1 0 1590893379
2 0 
2 0 
441 62 563579137
2 44 
2 0 
1 0 1104078722
2 0 
2 47 
42 64 
2 0 
44344441 0 1547703783
2 0 
41 0 662963838
3441 61 2031631881
1 6 2110397603
443431 70 263075464
441 0 146277307
2 68 
31 34 1717603624
341 81 607524014
3431 0 1332070347
1 0 288260944
1 0 184806032
332 0 
342 77 
42 0 
442 0 
3442 0 
42 0 
31 0 383502341
3432 0 
2 0 
442 38 
32 0 
31 0 1973690838
1 23 812883391
1 0 167260627
4442 0 
42 0 
1 86 802988407
1 0 1142134248
2 0 
1 0 258919951
442 0 
4342 0 
2 0 
4332 0 
1 53 1727819197
41 6 175479421
1 0 342866502
1 15 1119138225
2 17 
2 99 
43432 0 
31 11 310372329
2 33 
2 0 
31 0 1157362155
41 0 923484600
2 31 
1 0 274274510
31 46 48404341
2 40 
2 37 
42 81 
1 22 612755797
2 4 
4442 0 
344334342 0 
2 0 
3342 59 
1 62 1865167889
342 86 
42 0 
1 0 611983479
1 0 1716834520
1 81 1265388024
1 74 1274947317
31 0 1600982753
32 58 
31 0 1228301979
2 0 
2 30 
331 0 1538022782
41 0 1747260061
2 0 
34442 39 
1 12 798421955
1 8 2145546796
341 4 931846760
4442 69 
41 83 1086682900
1 0 182869180
42 0 
41 38 1315349102
31 51 912890090
2 0 
1 58 995752572
42 1 
2 0 
1 0 1482609729
1 0 1715878498
44431 0 2137886820
41 0 1741529680
42 40 
2 6 
2 0 
42 0 
431 41 1296214047
1 39 165882593
31 0 2084396182
2 0 
1 0 267868624
442 80 
442 43 
443441 63 476254922
1 0 1094274690
431 60 1191353225
432 0 
431 0 750529433
1 31 1142679031
31 99 1804109022
2 0 
433331 0 468213674
441 0 1754662510
2 7 
331 0 1373459894
41 0 1733601699
31 0 882126180
41 57 826959000
34442 61 
1 54 814420030
434431 3 272665314
1 0 426735413
31 99 1612841986
1 51 270728462
2 25 
341 29 1358582173
431 0 552041238
1 89 453597642
2 80 
2 0 
2 98 
1 0 526447627
2 0 
32 0 
2 0 
441 6 1464931328
41 80 1449350214
1 51 2009057356
32 0 
2 0 
1 58 1033326178
2 0 
2 79 
33332 0 
32 52 
31 0 1439753386
42 67 
432 0 
1 62 1603103389
342 13 
331 0 182056577
32 0 
2 97 
34431 0 1605635980
2 51 
3334432 0 
1 0 1540015923
2 0 
331 0 449925202
2 0 
41 0 2081890902
32 27 
31 0 486806965
343442 45 
32 9 
1 0 1641278427
41 0 684936687
31 0 1629485997
2 56 
331 0 1297903801
1 44 1153150362
342 20 
2 0 
431 0 1236664859
41 0 523880048
2 56 
3341 0 739268413
1 0 2118791039
1 24 1350839048
1 0 1553688443
1 0 243972705
41 12 1777574461
341 0 1019046781
1 57 514701167
2 0 
1 52 988672986
33331 93 1571088019
42 0 
2 6 
2 16 
41 39 968298810
1 37 1515120614
2 0 
4342 0 
2 0 
41 5 888535700
342 0 
31 0 270165376
2 0 
31 30 1376694322
1 0 1921861878
42 85 
4431 5 1709918763
1 74 832314063
1 85 2103918456
32 65 
32 0 
1 60 1168071095
32 0 
2 6 
1 0 224846339
2 0 
42 0 
2 0 
2 0 
41 79 406360010
2 90 
33441 40 1102478349
1 0 711653304
44432 0 
1 0 2047638437
1 40 1787415037
332 0 
1 0 193655653
43442 80 
1 5 1198058590
1 72 793081751
44341 0 1430320513
1 100 1721938638
1 0 1532350164
341 0 1401627904
1 61 925294038
41 5 938554959
31 0 1645600610
2 0 
342 0 
32 80 
442 0 
41 0 555384851
432 0 
1 0 1957601741
31 93 12818129
31 0 1544057838
31 0 1381206112
32 53 
2 66 
2 72 
432 0 
43431 68 981116939
32 73 
334331 0 911694804
32 44 
1 64 122258164
2 4 
432 0 
32 0 
2 76 
2 0 
1 0 1251282316
1 0 140905478
2 1 
2 31 
1 0 2044120043
2 87 
1 74 813717431
2 67 
31 0 973219542
2 42 
32 0 
332 37 
441 9 2000554851
2 0 
33431 0 1981788526
2 0 
32 0 
1 0 1198065881
2 26 
41 0 259431213
42 0 
2 0 
32 14 
1 0 936783227
31 0 1909719185
2 0 
41 0 159586002
2 4 
1 0 576714616
2 0 
332 61 
43432 58 
2 0 
1 0 2103374839
2 0 
31 19 1357644592
31 0 1369796367
2 66 
42 0 
443441 11 1386211704
31 7 932099583
1 32 754662883
332 40 
432 95 
2 0 
32 0 
442 0 
2 0 
1 90 640355960
341 71 1857393621
2 0 
1 0 1693217843
2 52 
44333341 0 138472922
343442 0 
2 89 
41 23 265294825
2 78 
1 0 1503335936
41 0 151291052
2 0 
2 1 
1 34 1809352663
2 0 
331 98 737058400
341 66 1132407991
1 0 573563819
342 0 
1 0 859316565
33442 0 
2 0 
41 0 236206659
2 97 
332 0 
1 46 714469297
2 56 
2 60 
344431 69 755952960
31 79 1049924090
1 29 1687688839
1 0 609024163
1 59 884228968
32 0 
42 48 
441 0 738271072
1 0 868455376
1 0 1821012196
2 0 
4341 0 500506610
2 0 
341 74 1028041378
32 0 
31 0 250243164
1 0 456397801
2 44 
1 0 238202322
1 1 1620039532
43431 49 1842609505
32 31 
2 0 
42 0 
42 71 
3434332 75 
32 11 
4342 0 
331 0 1170301905
1 73 227218767
342 0 
1 0 335481817
3432 75 
4432 35 
432 53 
31 0 880211879
2 0 
3441 83 1920436610
43432 34 
2 0 
342 0 
1 0 473954740
41 0 1145506704
41 0 1276288898
42 0 
41 0 625245792
341 23 807375719
1 51 2013347299
342 0 
1 0 1757653783
3432 55 
2 31 
2 100 
31 0 1380939538
42 0 
1 1 725180216
1 0 1993860443
1 0 2095408835
1 0 1481133176
41 2 896300885
32 0 
2 77 
4441 0 1635614027
2 0 
31 42 2090157339
332 0 
2 0 
2 24 
341 0 1780529854
32 17 
1 63 226401451
31 0 811129067
32 0 
2 16 
1 9 1454058402
31 43 726908061
1 0 1839170445
42 0 
42 0 
2 0 
431 22 1704301566
41 33 1183305862
2 0 
32 0 
1 49 2077372767
3442 0 
3331 78 1176857450
1 96 878431719
431 85 1100191025
31 41 1404076218
31 0 1213913537
31 0 1980402904
431 96 1177029180
1 0 1687868277
33341 0 978425960
41 0 305834431
2 0 
43432 43 
1 63 165630421
4341 0 1785801679
2 44 
31 0 171698082
32 94 
2 0 
34342 47 
1 31 1923284204
431 1 1019257569
4344341 0 896878298
2 0 
2 11 
1 0 1769660999
2 61 
3342 0 
1 0 967182756
31 0 230527826
3331 0 518478237
2 81 
42 0 
2 45 
441 0 455313135
2 0 
32 0 
2 0 
2 79 
2 0 
1 0 173201517
1 0 151524443
41 97 681714587
1 0 984330584
32 0 
1 48 1605582845
31 95 1408622648
42 0 
441 90 676017381
1 0 1162400763
2 39 
1 79 444444863
42 0 
31 0 605906500
42 41 
42 50 
1 53 191774566
2 0 
2 24 
31 0 1322876582
2 64 
1 15 1706097525
2 80 
31 91 1595850784
32 0 
2 0 
31 0 389306471
1 92 1539016781
32 25 
3341 41 625396316
2 96 
41 0 2077174748
1 8 369959093
4332 100 
41 0 931230747
1 0 95321521
3444344441 0 8277124
4332 0 
1 27 1102928829
1 0 2018605726
1 0 1027534693
32 4 
1 0 1999807127
3431 96 1640783077
2 0 
2 0 
42 0 
1 34 1994717450
1 0 82851305
2 0 
431 8 11777666
1 0 302546937
41 70 256052822
1 8 163302109
332 0 
1 13 984261524
1 18 1240383406
4334342 0 
2 0 
332 3 
31 45 1768884954
2 0 
42 0 
33342 0 
3441 65 245400525
2 0 
334333432 71 
32 29 
3444432 14 
441 78 1916400787
2 0 
32 1 
4331 0 783802070
1 0 689845388
42 0 
1 79 374823640
42 0 
1 0 975576636
3442 0 
31 74 2012721970
441 0 2080921165
2 0 
2 28 
32 0 
32 0 
2 0 
42 0 
2 0 
41 79 423943772
2 82 
42 0 
1 30 254544794
2 81 
1 45 1472454299
3431 10 1049340088
1 97 184235894
2 0 
42 64 
2 13 
4331 0 1842413392
32 0 
1 0 1980570836
1 0 279557416
41 24 1850690517
3441 20 936016017
1 78 150679494
32 77 
1 0 730741562
4332 0 
41 0 788339497
32 0 
31 0 1791462571
42 59 
4442 84 
4434331 43 577975364
42 0 
1 0 871190802
2 0 
2 0 
2 89 
2 1 
1 40 1803240238
2 97 
1 0 880522302
4331 57 1127243625
1 84 1966542347
42 88 
32 0 
1 0 1864783826
1 52 220143383
331 98 1587943654
2 31 
1 0 2110184351
41 0 2136544171
442 0 
3341 0 224262076
41 0 652546091
431 0 363884163
1 58 1199838712
2 59 
43341 47 517784414
41 0 297321680
2 0 
41 0 1623782484
442 36 
3442 0 
2 0 
1 0 772329208
2 0 
2 7 
42 13 
2 57 
31 0 1769775979
1 14 525638924
31 0 956565102
31 43 1464705724
1 0 358726112
1 32 1236122518
431 99 1167912593
1 0 1294742130
1 32 1386802012
2 29 
1 78 1898654155
3442 64 
2 0 
2 60 
1 58 2083081627
2 99 
431 66 1030780936
431 0 329145872
431 55 806788781
1 0 686537526
2 4 
31 0 1209668174
434331 0 1934032406
2 73 
331 0 505596225
2 0 
32 42 
441 26 926968352
4331 0 6692142
42 0 
2 0 
441 0 2093539879
1 0 889669056
31 0 2143236313
42 0 
42 0 
432 0 
431 0 170318307
31 0 1542215147
4432 93 
1 0 359636828
2 0 
2 40 
2 7 
44442 69 
31 0 1370157019
43441 0 2059999561
41 38 656958508
2 0 
32 12 
1 0 846455855
342 48 
1 0 684845121
3332 0 
3432 0 
2 33 
2 0 
32 0 
2 71 
1 0 279250840
2 15 
341 77 1372094780
2 0 
1 0 1641410224
2 68 
41 16 1743956564
2 0 
4432 0 
31 0 1730820892
341 10 730049094
2 0 
32 35 
31 0 764385509
1 34 878079374
2 80 
32 0 
1 0 2116851107
1 0 515556016
31 33 813677353
43431 0 1000148395
431 80 844701888
442 21 
1 1 1620466135
1 93 1686685921
2 0 
344434342 0 
41 74 2054370062
42 92 
2 72 
1 7 1407014893
3432 82 
4434332 0 
1 48 44798498
1 41 833854767
42 0 
42 0 
331 98 1413707035
41 13 2138338378
1 0 1723523823
1 0 1409459700
2 0 
41 0 161173037
2 45 
44332 68 
41 69 1118255322
2 0 
2 0 
442 4 
342 0 
431 0 1769096528
2 0 
1 58 1531330057
2 0 
1 0 1030771236
3441 0 278571389
31 90 230302264
441 65 1715616357
1 76 557822229
42 25 
44432 37 
2 0 
3342 0 
1 2 1602397044
42 0 
42 0 
33342 73 
31 16 1209542933
3331 2 154295145
332 30 
442 75 
1 0 1185734289
32 73 
2 0 
332 0 
1 29 1939592028
31 68 918680654
344442 84 
31 2 2063813663
2 0 
42 79 
32 44 
41 47 1908959487
2 66 
4342 36 
31 0 1434236670
31 0 730007369
2 0 
32 0 
341 82 761624234
2 0 
1 28 131454911
1 18 202989856
441 0 300826507
42 0 
2 0 
2 0 
2 0 
1 0 38341325
41 0 1610004749
31 25 345625005
4341 0 872196092
31 0 876228137
1 80 336479735
2 0 
3441 72 448236267
332 28 
42 16 
1 37 138204189
2 0 
442 0 
1 0 497652773
2 82 
332 0 
41 34 1566491590
42 0 
32 0 
344331 40 1907300718
3432 0 
2 0 
2 0 
32 18 
1 6 2028982830
1 39 449779178
32 0 
1 0 38388459
1 0 111801446
1 71 17911887
41 0 596210688
1 0 1714198491
434341 0 1227454821
31 32 750505833
1 0 752449132
2 0 
41 0 1019563201
342 0 
32 0 
42 0 
32 0 
31 90 1669186487
33432 8 
441 6 668779147
1 0 781039040
41 0 955939509
331 0 1398786516
2 0 
32 0 
1 0 1542663274
1 70 1087394420
2 73 
4431 49 1601776372
2 0 
2 62 
42 3 
1 66 1843489781
2 25 
31 77 1125735746
441 0 1064297474
1 0 41631138
1 0 1997931838
2 0 
41 36 1940525611
1 0 378110874
42 0 
31 0 298684458
343432 26 
42 0 
1 0 2078729800
2 60 
42 51 
1 21 875763647
2 0 
1 0 1865176048
2 36 
2 19 
1 89 1838546870
1 0 757262829
2 25 
32 87 
1 12 167471578
41 97 1876935329
32 69 
2 0 
1 0 869064275
3344434332 87 
31 60 185383465
2 77 
442 0 
2 55 
2 0 
2 0 
31 0 325662369
3342 0 
31 0 435779118
41 14 1412838286
1 47 1076168202
444432 0 
4342 10 
331 0 1188228250
1 54 284917839
42 0 
4331 2 597871041
1 0 1857007398
1 0 1065956879
2 48 
41 32 1553810551
2 0 
4442 0 
1 48 1108310266
342 7 
441 0 461136505
2 80 
434343341 1 493721323
2 18 
1 0 562602991
2 0 
2 0 
332 25 
42 54 
42 62 
342 68 
2 67 
2 81 
2 0 
2 7 
3332 21 
443432 0 
44442 0 
33443344441 0 157142638
1 0 1619457069
2 97 
342 66 
32 0 
333431 0 1626900465
2 48 
1 64 198773777
1 0 1469905260
4331 43 1419942428
1 49 576884651
34442 16 
32 87 
4432 0 
1 56 1768589718
41 0 1351188580
1 15 1452648298
44343432 0 
2 0 
31 0 1486282118
42 0 
31 90 1042251803
2 19 
31 38 62427479
1 84 1653753696
1 0 771703484
4344332 66 
2 0 
1 27 931491754
43441 0 1839137161
2 93 
1 0 1097365854
1 82 1367270873
3341 61 1104491800
2 0 
43442 76 
2 81 
2 49 
3331 3 26050408
42 0 
2 0 
32 90 
42 63 
2 8 
1 14 408015475
431 66 1389409639
2 0 
2 0 
42 0 
4432 74 
2 64 
31 60 623921450
32 0 
431 78 117539225
2 0 
431 36 307882871
31 13 30248353
1 32 1225849492
2 31 
31 36 769019376
341 74 523969676
2 83 
32 0 
1 0 1788452483
442 0 
2 31 
331 52 926162015
2 0 
31 0 2143426746
1 13 1267869300
3442 0 
1 54 1124935792
2 62 
31 29 1465848358
31 72 540328080
1 29 1701820443
42 1 
42 0 
1 0 1086954428
442 0 
331 3 1891516660
32 0 
442 74 
2 15 
44331 2 1006985093
442 0 
1 0 425752898
1 0 786284815
3441 30 1069412572
1 47 2079506594
1 50 1557988300
2 0 
2 0 
431 0 2000904326
41 0 1771160107
1 0 507870506
2 14 
34331 0 1220691551
1 0 728168259
1 0 533920914
42 60 
442 66 
4443331 0 1628707027
2 0 
2 0 
1 67 2117577899
1 80 1157842364
441 0 1746246252
2 67 
1 4 277977122
1 93 1188090717
1 0 824612096
2 77 
4344442 75 
2 0 
342 21 
1 0 1046996498
1 0 1712060394
1 0 465580931
42 0 
1 0 1973158513
2 16 
432 0 
1 0 1708003492
31 0 1733450231
31 68 950610657
1 58 1026368202
2 0 
1 0 126294663
341 1 504947452
34333442 0 
334342 84 
1 47 2113322630
2 1 
4432 0 
31 6 2017811324
341 73 1511932545
31 42 391591880
1 77 656612491
4441 33 433861469
1 0 323614826
1 62 67117143
41 15 287282148
432 0 
2 0 
331 44 2094774933
431 0 574987649
2 0 
42 0 
1 0 1507973699
1 0 675459545
41 0 1108908564
32 28 
2 0 
32 74 
34332 0 
432 0 
332 92 
41 65 989197078
442 92 
32 20 
31 0 645553796
1 35 119267280
4342 0 
1 98 587959683
1 0 923530918
1 60 1307357998
42 91 
41 0 1412571779
33341 0 1970527416
442 32 
1 23 871934744
32 71 
1 42 1878152711
32 0 
2 0 
1 0 1796202282
2 0 
42 54 
332 10 
1 0 432454588
42 0 
2 0 
42 0 
2 0 
2 33 
1 0 1464119294
42 88 
1 0 599329291
44433442 0 
1 62 1458822790
2 0 
32 0 
1 0 1590413958
331 62 1104276744
2 76 
41 92 1424661772
3331 0 1460741634
32 0 
334442 100 
32 0 
1 88 468725641
441 32 1816253652
1 0 2117354125
42 0 
2 87 
32 86 
31 0 902587111
32 97 
2 0 
1 100 2139868478
2 25 
43442 0 
1 7 36987621
2 28 
2 0 
332 28 
2 9 
31 31 1189869259
2 11 
3332 0 
432 0 
2 0 
1 43 2087159763
3441 0 611975270
1 0 550359310
32 0 
2 16 
342 0 
1 78 615135660
31 0 1720883834
42 32 
41 50 1539556389
42 9 
442 88 
342 0 
331 8 1260689456
1 11 1840151115
2 0 
333443344334331 0 2127516072
4342 22 
32 30 
331 0 36736726
2 13 
2 0 
1 0 1000025465
2 0 
1 24 1392604203
2 0 
1 0 2007264143
1 80 1871960209
2 83 
331 0 1123273266
42 0 
2 0 
32 59 
41 38 1655982777
41 92 156931149
32 0 
3441 65 439908913
2 0 
31 0 107828420
2 0 
2 0 
443431 0 1615753939
44431 0 2030322871
342 0 
1 0 1212105164
1 0 892932063
2 90 
31 80 1343580857
2 0 
1 0 1680830806
441 93 561702067
432 19 
342 0 
42 0 
331 7 1313451334
44443442 0 
2 11 
2 0 
1 54 435934269
3441 58 554086897
42 0 
1 0 1350438955
1 55 1625803528
33431 0 493763012
42 0 
1 66 1962414226
2 0 
1 55 28679190
434342 17 
431 1 1108898673
1 0 1535814412
342 0 
1 82 1568235579
1 0 222104481
1 0 1228481879
2 2 
3331 0 1548268003
41 88 258841208
41 0 81023696
41 0 793388559
2 0 
2 20 
2 15 
1 0 118621703
2 0 
444331 0 1952983905
2 92 
441 0 1916661825
42 0 
32 91 
31 8 1774604480
3331 0 2109915054
1 0 209087090
42 0 
2 86 
4341 27 1882432900
4432 37 
442 0 
32 0 
41 86 1578185345
331 48 91926313
33441 36 947054417
1 0 323633760
4