4 
2  86 
3 
1  0 152861407  
1  18 1330402581  
1  0 1322259882  
3 
4 
2  0 
2  0 
4 
1  32 720358296  
4 
4 
2  0 
1  0 959345912  
2  79 
1  0 1756861750  
2  8 
1  0 1502230896  
4 
1  0 1060813688  
1  0 1012885803  
4 
2  78 
1  0 1619416479  
3 
2  73 
2  35 
3 
2  0 
3 
1  0 846716462  
2  76 
2  66 
3 
2  0 
4 
3 
1  82 1527089788  
2  0 
4 
4 
3 
3 
1  4 455969775  
4 
1  0 172448864  
3 
3 
4 
3 
1  0 1840096403  
1  0 914582449  
4 
1  0 517552085  
2  0 
2  0 
1  0 1372661331  
3 
1  1 1289024201  
1  0 802996  
1  16 791087024  
4 
4 
4 
3 
1  0 1131449059  
4 
2  0 
3 
1  48 661482446  
4 
4 
3 
1  0 1045839146  
2  0 
4 
2  97 
3 
2  0 
1  75 744019980  
2  0 
3 
3 
3 
2  58 
4 
1  0 1787928155  
3 
3 
1  0 376168534  
2  41 
3 
2  0 
2  71 
3 
2  0 
4 
1  17 2124187678  
1  24 93247819  
3 
2  0 
4 
2  0 
1  0 1564889974  
4 
1  21 1949680644  
4 
1  0 246109226  
3 
3 
3 
3 
4 
1  55 747808907  
3 
4 
3 
3 
3 
3 
1  0 1124456878  
4 
4 
1  14 966467522  
4 
2  0 
4 
3 
1  0 1707154820  
1  0 733834981  
3 
1  67 321214770  
3 
4 
1  99 620484860  
2  0 
1  0 1746720784  
3 
2  61 
3 
3 
2  0 
3 
2  20 
2  27 
4 
4 
3 
1  43 1940631249  
3 
3 
3 
2  35 
3 
4 
2  0 
2  18 
4 
2  98 
1  39 1467201322  
3 
2  99 
2  55 
4 
3 
1  0 1126326925  
1  53 249117376  
3 
4 
1  0 1639650187  
3 
3 
2  0 
4 
3 
3 
4 
3 
1  28 818939680  
3 
2  77 
2  21 
4 
2  0 
2  0 
4 
3 
1  40 1163699825  
3 
3 
4 
3 
2  0 
1  26 9718624  
3 
4 
3 
2  0 
4 
2  0 
1  65 44117363  
2  26 
4 
4 
3 
3 
4 
3 
4 
1  61 305240379  
1  0 10521621  
2  40 
4 
4 
2  0 
2  17 
1  55 835204387  
4 
3 
4 
1  0 1436689438  
2  5 
3 
2  15 
3 
2  0 
3 
1  97 672004067  
3 
4 
4 
2  65 
4 
3 
1  47 1881043534  
3 
1  0 33225771  
1  0 312448574  
1  62 109728420  
2  0 
3 
4 
3 
3 
3 
2  0 
3 
3 
1  0 9929801  
1  56 405696393  
2  23 
1  0 1674618394  
3 
3 
3 
3 
3 
4 
2  16 
2  0 
2  0 
1  0 1959610445  
3 
1  0 651805619  
2  0 
4 
4 
2  0 
1  0 274943654  
3 
4 
4 
3 
1  0 936583675  
3 
2  23 
1  81 1618273141  
4 
1  66 1982098474  
2  0 
2  93 
4 
4 
3 
3 
1  0 1670418656  
1  89 1939487911  
2  52 
3 
2  0 
2  6 
1  0 455099686  
3 
2  45 
3 
4 
3 
1  0 1269655793  
3 
4 
2  72 
2  0 
2  0 
1  0 1732635512  
2  0 
4 
4 
3 
4 
1  40 1922301009  
3 
4 
3 
3 
1  28 248499070  
2  27 
2  60 
1  0 1981752889  
3 
4 
4 
3 
1  0 1414467548  
4 
1  53 1067438750  
3 
2  32 
1  87 997969066  
3 
1  42 1424186172  
1  47 1111556114  
1  27 1303209445  
4 
2  92 
4 
1  0 1434707793  
1  29 1946760501  
4 
4 
2  0 
3 
1  40 592415236  
3 
4 
1  99 2106711860  
4 
1  30 1680320387  
2  19 
2  57 
2  76 
2  66 
4 
4 
1  5 625641007  
2  0 
1  0 271676786  
1  0 1790048807  
4 
3 
1  48 635570808  
4 
2  18 
4 
4 
1  51 677373179  
1  0 1317183554  
2  0 
2  71 
2  52 
4 
1  71 447697605  
2  0 
4 
1  0 1329178798  
2  96 
2  0 
1  0 1592127208  
4 
2  86 
4 
4 
1  0 1384281280  
4 
4 
2  46 
3 
4 
2  0 
1  39 799968291  
1  75 1426742034  
1  0 907216289  
3 
4 
3 
2  68 
4 
3 
4 
4 
4 
1  93 591972554  
1  0 1881841720  
3 
4 
4 
2  0 
2  86 
1  0 29388434  
4 
4 
1  56 177124419  
3 
4 
1  33 1656659081  
2  54 
4 
1  74 277887504  
3 
4 
3 
4 
4 
2  59 
3 
2  45 
1  0 11393660  
4 
3 
1  0 923642981  
3 
2  0 
3 
3 
1  0 1345326254  
4 
2  18 
1  73 1009362726  
3 
4 
4 
3 
1  0 200345506  
2  94 
1  0 309398720  
4 
3 
1  14 165088524  
1  0 1635053299  
4 
4 
2  0 
2  76 
1  0 108675574  
4 
1  0 757503760  
4 
3 
4 
4 
4 
2  10 
1  0 1594281512  
1  17 1788995961  
1  45 1383144767  
3 
1  67 1865958298  
2  0 
1  9 1431561121  
1  91 2018715575  
3 
2  0 
4 
2  0 
1  0 395847830  
1  98 601261027  
4 
3 
3 
3 
4 
4 
1  97 318929532  
4 
2  0 
4 
3 
4 
4 
3 
2  0 
4 
1  34 1725026628  
2  0 
2  0 
2  76 
2  0 
2  56 
4 
3 
2  0 
3 
3 
1  97 45904587  
1  8 1703210812  
3 
2  0 
1  0 377511272  
2  0 
2  44 
3 
4 
1  20 1472646621  
4 
3 
3 
2  0 
3 
4 
1  0 462943453  
1  58 969483826  
3 
3 
2  0 
3 
1  25 1207004693  
1  0 492331887  
1  0 1146608245  
3 
3 
2  46 
4 
1  99 716180127  
4 
3 
3 
4 
4 
1  0 770219391  
2  2 
2  68 
2  20 
1  0 1158001905  
4 
3 
1  34 1639823108  
2  67 
4 
3 
4 
3 
2  0 
3 
1  0 2115545646  
2  36 
2  0 
2  0 
1  0 19880984  
4 
1  0 1840168614  
1  0 277460718  
3 
4 
3 
3 
1  7 184969508  
2  0 
2  13 
3 
2  51 
4 
3 
2  20 
1  0 1327738266  
1  64 386136292  
2  0 
1  0 942473268  
4 
2  76 
4 
3 
4 
4 
4 
4 
3 
1  14 774536130  
1  0 27648606  
1  88 178134387  
4 
2  0 
2  0 
4 
4 
4 
4 
2  0 
3 
2  0 
4 
1  0 493010780  
4 
3 
1  83 1459209727  
4 
3 
2  51 
4 
1  4 49366314  
3 
1  0 888858610  
2  39 
2  0 
3 
1  37 2060470754  
4 
4 
2  0 
1  0 368295846  
1  79 466401591  
1  0 2106375341  
3 
2  0 
3 
4 
2  0 
3 
4 
4 
4 
1  0 2071506658  
2  100 
3 
3 
2  83 
4 
1  0 843912863  
1  97 1431538314  
1  55 386966464  
1  0 1813396689  
4 
1  45 491059359  
1  52 879298351  
1  45 812521287  
3 
3 
2  88 
1  0 1207239486  
1  56 1649517743  
3 
2  0 
2  85 
2  0 
1  0 1970523192  
2  0 
1  73 699578947  
1  25 1617579741  
1  0 1990404176  
2  61 
1  48 392263913  
4 
2  60 
2  0 
2  12 
4 
1  5 1895040459  
4 
1  85 27890036  
4 
1  48 1720002179  
3 
1  80 133693104  
1  0 970363304  
3 
3 
1  54 347054661  
3 
4 
4 
3 
2  0 
4 
2  0 
1  0 161341710  
1  0 1148497691  
3 
4 
2  29 
3 
2  59 
2  0 
1  0 840065442  
4 
4 
1  94 1620551437  
3 
3 
1  0 1197864005  
4 
4 
2  86 
1  0 1728924052  
4 
2  15 
3 
4 
1  74 1533538543  
2  0 
3 
1  23 1566159851  
3 
2  0 
3 
3 
2  82 
3 
4 
1  0 47841995  
2  31 
1  0 1492430236  
2  61 
1  51 1490182862  
3 
2  0 
1  19 891754858  
4 
1  0 776484902  
3 
1  35 1877149326  
3 
2  87 
1  67 557667900  
4 
2  33 
2  0 
4 
2  0 
4 
1  2 1267544261  
1  92 608964029  
1  19 1370189187  
3 
2  33 
3 
1  7 327300100  
1  0 110998124  
2  4 
3 
4 
1  0 1193228731  
2  8 
4 
4 
4 
1  81 1026879047  
1  84 1728577865  
2  0 
3 
1  0 1036149260  
3 
2  72 
4 
3 
2  99 
1  85 1419142960  
2  96 
1  0 1476134677  
4 
3 
1  12 1064039296  
3 
2  28 
3 
4 
1  16 991661492  
2  42 
3 
2  0 
1  35 1609827781  
2  0 
1  0 2034402601  
4 
2  79 
3 
1  92 1338716153  
1  79 1771169491  
1  0 1035416644  
3 
2  92 
1  8 31297947  
2  47 
1  75 1244237280  
4 
4 
1  38 85797002  
4 
1  97 1760222000  
4 
2  16 
4 
4 
3 
2  0 
4 
1  0 630292175  
2  0 
1  0 1651956853  
2  72 
1  0 1808063995  
3 
2  0 
2  0 
3 
1  77 2122722411  
4 
1  0 994656067  
3 
2  70 
1  0 552335206  
1  49 751723665  
4 
2  55 
3 
4 
2  72 
2  0 
1  89 724321745  
3 
2  0 
1  0 1110003106  
2  0 
2  0 
3 
3 
1  0 2019267926  
3 
3 
4 
2  63 
4 
3 
2  72 
1  24 1333285775  
2  6 
2  0 
3 
1  87 332708645  
3 
2  0 
3 
2  34 
2  0 
2  0 
1  83 199084378  
4 
1  0 1444283899  
3 
1  0 1525937376  
2  0 
4 
4 
3 
4 
1  89 1225963425  
1  48 1025378117  
1  86 414602988  
3 
3 
2  64 
1  21 497622738  
3 
3 
1  97 354029146  
2  81 
4 
2  0 
2  74 
3 
2  28 
4 
2  94 
1  96 1478642285  
1  0 1489284230  
3 
2  0 
3 
2  0 
3 
4 
1  0 1963856927  
1  0 1365561238  
2  0 
1  69 680516735  
4 
4 
4 
3 
1  27 1587542770  
2  0 
4 
4 
4 
1  33 253494234  
3 
4 
2  20 
4 
1  71 711814683  
4 
4 
1  0 684296402  
1  0 339291236  
3 
3 
3 
1  23 324553035  
3 
4 
1  0 1314588577  
2  0 
3 
4 
1  25 1991248090  
1  65 2132617030  
1  82 1289827340  
1  0 838420509  
2  18 
1  32 537468588  
1  0 2041551005  
3 
1  14 1562742255  
2  27 
3 
4 
2  0 
1  0 1647471694  
1  0 1913335283  
1  67 748544382  
4 
4 
3 
4 
2  1 
2  11 
3 
3 
3 
2  0 
1  0 1980180339  
4 
2  62 
1  0 2112419662  
1  83 45344633  
4 
1  12 1358634068  
2  0 
3 
4 
2  0 
1  21 1190899439  
1  32 1070722750  
3 
1  0 1773237056  
4 
3 
2  0 
2  11 
4 
2  20 
1  0 1688522177  
3 
1  1 1424751896  
3 
3 
2  40 
4 
1  0 1104395693  
2  4 
2  23 
1  48 1030322759  
2  100 
3 
1  0 1241125175  
2  0 
1  19 322473283  
2  0 
4 
3 
1  79 1710839495  
1  0 681184297  
2  0 
1  0 575967518  
3 
2  100 
4 
3 
1  100 275170530  
1  54 1365480699  
3 
1  5 915258754  
2  0 
3 
4 
4 
4 
4 
3 
4 
3 
4 
2  0 
3 
4 
3 
2  0 
4 
3 
4 
4 
2  0 
4 
2  46 
4 
3 
3 
4 
3 
4 
1  57 599723565  
1  0 532585628  
3 
4 
4 
3 
3 
1  35 759023196  
3 
2  0 
4 
4 
3 
4 
2  45 
4 
2  38 
2  10 
4 
4 
4 
1  0 584856947  
1  70 1822412968  
3 
3 
2  53 
3 
4 
2  78 
1  35 1597443706  
4 
1  0 1122325536  
4 
4 
3 
1  25 1716480325  
3 
2  0 
4 
4 
4 
2  89 
1  86 1012702313  
2  0 
2  1 
2  0 
3 
4 
1  0 622313582  
2  38 
2  0 
1  0 1482331961  
3 
3 
2  27 
2  0 
2  35 
1  0 1761246695  
3 
3 
1  0 455010274  
3 
4 
3 
1  0 1447267975  
1  0 1806591328  
3 
1  0 1813644342  
3 
3 
4 
2  37 
1  0 490683766  
3 
4 
3 
2  22 
2  0 
2  0 
4 
1  0 729830431  
2  16 
3 
2  3 
1  0 1439397750  
1  71 31722296  
3 
2  23 
2  97 
2  69 
2  0 
2  0 
4 
4 
2  0 
2  84 
1  0 7098679  
2  76 
3 
4 
1  74 396309796  
2  0 
1  0 1062045055  
3 
1  0 1248223855  
3 
4 
3 
2  66 
1  0 718783079  
2  98 
1  0 625400902  
3 
3 
2  100 
1  0 1929408152  
3 
3 
2  0 
4 
3 
4 
4 
2  54 
1  55 1294750597  
3 
3 
1  88 900571432  
1  0 1147405204  
1  57 62525704  
1  0 1500294997  
4 
3 
2  0 
1  0 1679990832  
4 
4 
4 
1  0 821548900  
3 
3 
2  0 
3 
4 
4 
1  0 2085151945  
3 
1  11 1354920153  
3 
1  0 271508958  
1  85 1059993833  
3 
2  0 
1  0 923916830  
4 
1  51 1284211271  
3 
1  14 1682307415  
4 
2  72 
2  0 
1  5 258765143  
3 
3 
2  7 
3 
2  67 
1  0 897974318  
4 
2  53 
4 
1  0 2137317689  
1  46 1706033118  
3 
1  0 557081999  
3 
1  76 1803478383  
1  47 49233237  
1  0 1286912430  
2  0 
1  0 1095392486  
4 
2  54 
1  0 80955533  
4 
3 
3 
3 
2  0 
4 
3 
2  0 
2  0 
4 
2  86 
1  0 1294011109  
3 
2  72 
2  8 
2  98 
3 
4 
3 
2  37 
3 
2  0 
2  0 
3 
1  91 1491702282  
4 
3 
2  26 
4 
3 
3 
3 
1  74 1143000588  
1  0 394751316  
2  91 
2  0 
4 
1  71 63001713  
2  0 
3 
2  0 
2  0 
1  31 1768401491  
4 
1  0 176675821  
1  0 1357752311  
2  0 
4 
1  0 521489275  
1  0 1324081025  
2  4 
4 
4 
2  42 
2  0 
4 
1  0 1420278015  
2  0 
4 
2  0 
4 
4 
3 
2  55 
3 
4 
4 
1  61 2021784273  
4 
1  0 856588209  
3 
4 
2  0 
2  96 
1  0 94343267  
4 
1  99 1959452570  
4 
1  63 64024714  
2  8 
2  0 
4 
2  0 
3 
2  0 
1  0 365852226  
2  99 
2  90 
1  70 871962755  
4 
2  26 
2  0 
4 
2  20 
3 
2  40 
3 
3 
1  24 987941545  
2  0 
4 
4 
2  0 
3 
4 
1  35 1650063497  
1  6 406786522  
1  84 1246706688  
3 
2  39 
1  11 400554168  
3 
1  0 396620564  
4 
4 
4 
1  36 805256159  
1  0 957636167  
2  0 
2  0 
1  40 52615299  
1  0 854489396  
3 
2  0 
1  77 97064949  
3 
1  0 1148007785  
4 
2  64 
3 
1  0 935444929  
1  0 1391076058  
2  26 
3 
2  94 
2  53 
2  75 
2  25 
2  0 
1  0 492226419  
2  63 
1  0 2078445517  
3 
2  69 
4 
1  20 1785827375  
4 
1  53 555228133  
3 
1  77 1699363360  
1  14 1962503196  
1  0 1912980444  
2  56 
3 
4 
4 
3 
1  0 73368988  
1  42 1139100573  
4 
3 
1  0 1185774811  
3 
2  0 
2  5 
2  0 
2  61 
2  0 
3 
3 
4 
4 
1  38 2095153261  
1  0 1995688782  
2  98 
2  0 
2  0 
2  72 
1  0 1280118078  
4 
1  0 1907122183  
2  0 
3 
2  0 
1  49 2059713497  
4 
4 
3 
3 
3 
1  100 1645970304  
4 
1  0 631601290  
2  2 
1  59 900171394  
3 
1  0 1148550154  
3 
3 
3 
1  7 1038387812  
2  0 
3 
3 
1  0 2146878082  
2  0 
1  0 1549104322  
4 
3 
3 
3 
4 
1  84 1435008376  
1  0 804650593  
3 
2  0 
1  96 359256841  
1  0 1487623676  
2  87 
4 
2  44 
4 
1  27 1659139989  
4 
1  1 456321790  
4 
4 
3 
3 
2  79 
2  47 
3 
4 
1  60 488147813  
1  0 447101270  
2  1 
3 
2  94 
2  21 
1  13 1847397848  
3 
3 
1  0 980374233  
2  0 
1  52 378063140  
4 
2  60 
4 
4 
2  28 
2  80 
4 
3 
3 
3 
2  0 
2  13 
4 
2  47 
1  0 1485741575  
3 
2  0 
1  94 1535602366  
3 
2  15 
4 
2  37 
4 
4 
4 
1  1 2077426500  
1  0 1300761123  
3 
4 
1  4 1301099162  
3 
3 
1  0 3311840  
1  96 292378048  
2  0 
2  96 
3 
3 
2  97 
4 
3 
3 
3 
2  79 
4 
1  31 339390325  
2  58 
2  73 
3 
2  0 
4 
4 
4 
1  10 2098465101  
4 
1  76 140583183  
2  0 
4 
1  76 1619508403  
2  0 
2  1 
2  0 
2  34 
3 
1  11 1858103636  
1  69 52813032  
4 
2  0 
3 
1  0 1117995060  
3 
3 
2  27 
1  91 342221278  
2  19 
2  80 
4 
1  0 952984426  
1  23 119061566  
3 
1  73 1380609091  
1  14 952378860  
2  0 
3 
3 
1  46 1668165888  
2  0 
3 
4 
2  0 
3 
4 
3 
1  0 668133819  
3 
4 
3 
2  1 
1  0 1757029454  
2  0 
4 
2  63 
2  28 
4 
4 
2  0 
3 
2  0 
1  91 2027422729  
2  0 
4 
3 
2  0 
3 
2  94 
3 
3 
4 
2  0 
1  0 8273847  
3 
4 
2  0 
4 
4 
2  0 
3 
3 
1  0 1268685795  
2  0 
2  0 
1  0 336260871  
4 
3 
1  1 496421661  
1  0 1715787066  
1  14 36175071  
3 
4 
2  0 
1  26 1476795894  
2  0 
1  0 2093850206  
1  2 1521916647  
2  97 
3 
2  0 
3 
3 
1  23 864914612  
4 
3 
3 
2  62 
2  43 
1  0 2023793058  
4 
3 
1  0 675194122  
4 
2  63 
3 
4 
4 
3 
2  30 
4 
1  0 18530126  
1  0 2027104899  
1  0 967572171  
1  16 357920451  
4 
2  93 
1  30 1978086352  
3 
4 
4 
3 
3 
4 
4 
4 
3 
1  0 1108155354  
4 
1  4 1977428854  
1  0 1688706341  
4 
1  0 1160968386  
4 
4 
4 
4 
4 
4 
4 
3 
2  0 
1  0 947940266  
2  0 
1  23 2030927619  
3 
4 
3 
4 
3 
4 
2  70 
4 
4 
1  0 2113952812  
1  0 1067001832  
2  84 
1  42 1264053062  
2  6 
1  86 918848024  
4 
2  76 
4 
2  61 
2  0 
2  34 
3 
4 
4 
3 
1  0 587684072  
2  64 
3 
3 
3 
2  0 
3 
3 
4 
3 
3 
3 
2  69 
1  0 1932186882  
3 
4 
3 
4 
1  41 528393830  
1  0 467623153  
3 
3 
2  0 
4 
3 
1  0 1940460729  
2  0 
3 
3 
3 
3 
2  21 
1  0 1797079626  
4 
2  0 
4 
3 
1  55 803884024  
3 
1  32 289398742  
1  0 1365383044  
4 
3 
3 
1  0 840059096  
4 
3 
1  0 1766194636  
2  0 
1  40 1311749602  
3 
2  0 
1  0 214492095  
3 
3 
2  0 
4 
4 
1  0 483625600  
4 
4 
1  0 1188059012  
3 
4 
1  0 889686217  
4 
2  0 
2  0 
2  73 
4 
3 
1  0 502155726  
2  0 
3 
4 
4 
2  0 
2  4 
4 
3 
2  66 
2  91 
1  0 1067680263  
3 
3 
4 
3 
3 
2  52 
4 
4 
4 
2  16 
3 
4 
3 
1  1 1857258388  
4 
3 
1  14 860076177  
4 
3 
2  8 
3 
4 
2  23 
2  63 
4 
1  61 898282968  
4 
4 
3 
3 
1  20 817930094  
4 
1  5 690021384  
1  0 439505661  
4 
1  50 1978898480  
1  43 1637961650  
2  1 
1  60 322949632  
4 
1  69 1945367644  
1  9 557479835  
2  0 
3 
2  0 
3 
2  36 
1  0 1587002695  
4 
1  99 716732021  
3 
4 
1  0 1145163907  
2  0 
3 
4 
3 
3 
4 
3 
1  4 1371705929  
3 
2  14 
3 
2  0 
1  47 1245125851  
3 
1  0 1612787061  
2  0 
4 
1  0 1164683010  
4 
2  0 
3 
3 
3 
1  0 894721829  
2  0 
1  0 269187437  
4 
2  0 
4 
3 
3 
1  37 1454081753  
2  0 
4 
4 
2  38 
3 
1  67 112621225  
1  27 1109246533  
2  0 
2  0 
3 
4 
4 
1  15 1072792741  
3 
1  83 1424370827  
4 
3 
1  19 1323738628  
2  7 
1  65 1556418342  
2  11 
1  0 464946192  
2  0 
2  0 
1  90 65941198  
3 
4 
2  0 
2  0 
1  5 2058574068  
4 
1  43 1532626455  
1  7 1923199586  
1  0 771166598  
4 
3 
4 
1  0 283425775  
4 
1  0 593646033  
4 
1  0 1461187982  
2  97 
4 
2  48 
2  74 
1  0 722931436  
3 
1  37 425060865  
4 
4 
2  0 
2  8 
1  0 951665984  
2  0 
4 
3 
4 
2  0 
3 
1  68 1045881069  
1  32 222944862  
4 
3 
1  18 1509145819  
3 
4 
1  0 485400116  
3 
2  72 
4 
4 
3 
2  0 
2  37 
2  0 
1  0 939676883  
4 
3 
2  0 
1  0 506826079  
1  0 1857106045  
3 
4 
2  27 
4 
1  0 37319086  
4 
1  15 2119613140  
2  0 
1  0 874305407  
2  69 
2  30 
4 
1  72 932040916  
3 
1  0 241316929  
1  83 180903512  
4 
1  0 1044662141  
4 
4 
1  0 1350563463  
1  0 1253696254  
1  0 321549321  
3 
3 
3 
1  67 526818443  
2  0 
4 
3 
3 
2  63 
3 
1  39 662630948  
1  0 786495513  
4 
2  19 
4 
4 
2  9 
3 
2  23 
3 
4 
1  0 592759641  
4 
3 
2  0 
1  0 573721368  
3 
2  80 
3 
3 
2  0 
4 
3 
4 
1  0 171638320  
1  78 368475580  
4 
3 
1  65 1344887966  
2  39 
1  0 455064096  
3 
3 
1  0 962121613  
3 
2  0 
2  19 
1  30 658592300  
1  23 1177995532  
1  0 1387182478  
3 
2  0 
3 
1  24 1610258285  
3 
4 
4 
2  0 
2  22 
4 
2  19 
4 
1  32 76392953  
4 
1  48 1610127340  
4 
1  47 971920456  
2  32 
3 
1  96 561793069  
1  0 402320575  
3 
1  0 1478746535  
1  98 271415466  
3 
2  0 
4 
3 
1  45 439639662  
1  11 1450876027  
4 
4 
4 
1  99 1145720874  
1  0 1371680578  
4 
3 
2  0 
4 
1  0 1692192957  
1  96 1326624386  
1  0 268859071  
1  0 895272772  
4 
3 
3 
3 
3 
2  0 
3 
1  0 432836992  
3 
3 
3 
4 
4 
2  0 
2  0 
3 
3 
3 
1  30 590408392  
4 
1  90 1422091215  
1  0 1095467940  
2  66 
3 
2  0 
1  91 1376903905  
1  79 2014850857  
2  0 
1  56 1669189309  
2  0 
4 
4 
3 
1  0 1548542226  
4 
3 
4 
1  0 235842789  
2  0 
3 
2  0 
4 
4 
1  65 866593627  
2  38 
4 
4 
2  0 
4 
1  0 2003606322  
3 
2  61 
1  59 1197964402  
1  12 1525185928  
3 
2  93 
3 
1  0 1034118206  
2  0 
4 
2  0 
1  0 437663232  
4 
2  92 
1  8 987960565  
2  81 
1  0 1110511160  
4 
3 
2  76 
4 
1  0 2047790573  
2  86 
3 
2  0 
2  0 
1  0 1959881021  
3 
3 
4 
2  4 
3 
4 
1  0 1672304229  
3 
1  0 302627500  
3 
4 
4 
2  57 
2  0 
3 
2  26 
1  0 1291143909  
3 
3 
4 
3 
1  0 1943719696  
2  0 
2  83 
2  0 
4 
2  0 
4 
4 
2  96 
4 
1  42 742267162  
1  0 594536288  
1  0 941956922  
2  81 
3 
4 
3 
1  0 2113947740  
3 
2  0 
3 
3 
2  47 
3 
3 
2  45 
3 
2  0 
2  42 
4 
3 
2  32 
1  26 139245597  
2  0 
4 
3 
2  0 
3 
3 
1  0 121097660  
1  0 235323164  
1  62 1034518369  
2  0 
3 
4 
1  0 553934653  
4 
3 
1  0 825731556  
1  0 309125937  
1  52 1649402593  
3 
3 
1  82 55151814  
4 
4 
3 
3 
2  0 
1  51 176493146  
2  68 
1  0 1171108254  
1  0 1603694040  
1  0 412335935  
3 
2  69 
1  0 2037701882  
2  3 
3 
4 
2  76 
3 
3 
2  95 
4 
3 
1  0 1459816714  
3 
1  3 1610300337  
1  89 1415404162  
3 
1  24 346451272  
1  0 2047963569  
1  89 255881079  
2  0 
4 
1  0 1456962432  
3 
2  52 
3 
3 
1  0 1948270494  
3 
4 
2  0 
2  0 
3 
4 
3 
4 
4 
4 
3 
3 
2  0 
4 
1  58 68278452  
4 
3 
1  0 981783014  
4 
1  67 103414347  
2  0 
3 
1  0 1359422361  
1  30 778019062  
1  0 845681509  
2  0 
2  74 
4 
2  0 
1  7 1953958650  
4 
2  58 
1  97 1719975984  
4 
3 
2  0 
4 
1  18 812145602  
3 
4 
3 
4 
4 
2  0 
4 
3 
3 
4 
3 
4 
2  89 
1  94 2093204247  
3 
4 
2  0 
2  0 
4 
2  0 
2  88 
3 
3 
3 
2  0 
4 
1  89 1841073644  
3 
1  71 1047468766  
2  0 
4 
2  11 
4 
1  2 980238969  
2  45 
3 
1  33 247524649  
1  0 1873200322  
3 
2  0 
4 
3 
1  67 1289364906  
3 
4 
3 
4 
3 
3 
1  78 1896927243  
2  0 
4 
2  0 
3 
1  0 1928352136  
3 
3 
4 
1  0 1465858052  
2  0 
2  58 
2  29 
1  79 920551849  
2  28 
4 
3 
4 
4 
1  94 1384562528  
3 
4 
2  91 
2  0 
4 
4 
3 
2  38 
2  21 
2  29 
2  0 
4 
1  27 1878193987  
3 
3 
4 
4 
3 
3 
4 
3 
1  0 810770083  
1  71 696895594  
2  0 
1  66 1341010676  
4 
2  18 
4 
3 
3 
2  89 
3 
2  50 
2  0 
4 
2  0 
3 
3 
1  79 78690597  
1  0 1043346867  
1  51 1241490597  
2  29 
3 
2  0 
1  25 334571676  
1  0 352825651  
2  0 
3 
1  0 1042277444  
2  93 
2  91 
4 
4 
3 
1  0 402850129  
1  84 1334608665  
1  87 1145691791  
2  0 
1  60 1762272490  
3 
3 
2  0 
4 
4 
4 
3 
4 
1  0 2112627727  
3 
3 
3 
4 
2  2 
1  83 1991373300  
4 
3 
4 
4 
1  71 1568747492  
3 
4 
2  52 
4 
4 
3 
4 
1  0 1685120063  
2  86 
2  0 
2  0 
3 
4 
2  11 
4 
3 
2  0 
1  34 656035254  
1  51 1514468092  
2  6 
2  23 
4 
2  12 
1  36 1378710060  
4 
1  0 1703504020  
2  0 
2  42 
3 
3 
4 
2  10 
4 
2  33 
4 
2  69 
3 
3 
1  0 347223413  
1  0 1626234709  
3 
2  0 
3 
3 
1  0 1429220695  
3 
3 
1  0 1636588319  
4 
3 
2  0 
4 
1  0 1375678304  
3 
1  14 1210089183  
4 
2  17 
1  0 954962723  
1  0 148746506  
1  0 447168064  
1  0 685673062  
4 
1  2 959516589  
3 
2  0 
2  0 
2  83 
4 
3 
2  0 
2  2 
2  0 
3 
4 
1  0 1144063658  
3 
4 
1  19 2026683738  
3 
2  0 
2  20 
4 
1  0 1038207187  
1  62 39926877  
4 
2  0 
3 
2  0 
1  0 1120690687  
4 
3 
4 
4 
4 
1  66 1372778863  
2  0 
3 
1  70 392752529  
2  68 
2  17 
1  26 15484483  
2  0 
2  0 
3 
4 
4 
2  34 
1  40 1775628992  
3 
2  25 
4 
3 
4 
4 
3 
1  34 1727361194  
3 
4 
3 
2  76 
4 
4 
4 
1  79 1161176274  
4 
2  0 
1  0 1390417835  
2  63 
2  0 
2  34 
1  0 1692505274  
4 
4 
1  63 1005065927  
3 
3 
3 
2  0 
1  95 811681679  
4 
2  0 
3 
4 
3 
1  0 1230141689  
3 
2  3 
4 
4 
2  0 
2  2 
1  100 1661101181  
3 
4 
2  0 
3 
3 
1  22 178666123  
4 
2  15 
4 
2  71 
1  50 461368101  
2  34 
3 
1  50 1217121554  
4 
1  0 525889536  
2  0 
1  0 2087602811  
2  0 
4 
4 
3 
3 
2  51 
1  30 498858601  
4 
4 
3 
4 
2  17 
4 
1  12 14994207  
2  0 
2  0 
3 
1  0 1315797467  
3 
3 
4 
2  2 
3 
1  46 1708947784  
2  8 
1  3 969956930  
3 
3 
4 
2  0 
3 
3 
3 
2  0 
3 
4 
2  79 
2  0 
3 
3 
4 
1  7 1464543973  
3 
1  82 8632200  
1  0 1655629992  
2  0 
2  0 
4 
3 
4 
3 
3 
4 
3 
3 
2  48 
4 
1  52 276576915  
3 
2  0 
4 
1  0 1152695859  
4 
1  11 1534830082  
1  0 1314784102  
2  11 
4 
4 
1  39 1192622736  
1  81 508037122  
2  0 
2  80 
3 
4 
1  0 540079317  
2  19 
1  91 1585375265  
2  90 
4 
4 
3 
4 
2  0 
4 
4 
2  45 
3 
2  68 
4 
3 
1  20 523521605  
4 
2  12 
1  100 168224662  
2  48 
4 
4 
4 
2  39 
1  91 1165252812  
1  72 1684697880  
3 
3 
4 
2  0 
2  35 
2  0 
2  0 
3 
2  69 
2  49 
4 
1  88 1558642497  
3 
4 
4 
3 
4 
2  0 
3 
3 
2  0 
3 
2  0 
3 
3 
3 
2  48 
2  0 
2  0 
2  0 
3 
1  0 710274438  
4 
1  0 542280159  
4 
4 
3 
3 
4 
3 
3 
1  0 222840528  
1  0 1940416127  
2  0 
3 
2  0 
3 
2  39 
4 
2  0 
4 
4 
1  82 55897692  
2  83 
2  0 
3 
4 
2  0 
1  0 401506652  
1  6 254300581  
2  61 
4 
2  66 
3 
3 
4 
3 
2  84 
2  0 
3 
3 
4 
2  0 
1  32 1273019246  
3 
2  87 
3 
3 
1  0 927396188  
1  55 194419744  
2  40 
4 
4 
3 
4 
4 
1  45 1771877847  
4 
3 
1  15 942390396  
4 
3 
4 
3 
1  0 1510217211  
1  0 1333341984  
3 
1  44 1912347326  
4 
3 
4 
2  0 
4 
2  57 
2  0 
3 
3 
1  0 827277537  
3 
4 
3 
2  0 
3 
3 
1  67 1341974184  
2  0 
3 
1  7 1420493671  
3 
3 
4 
1  0 1103854452  
4 
4 
1  92 347186395  
1  75 807840105  
3 
3 
3 
3 
3 
4 
4 
1  55 271154906  
1  0 1539809132  
2  0 
4 
4 
2  0 
4 
1  0 1315877227  
4 
2  0 
3 
3 
1  81 811234223  
4 
2  6 
3 
4 
2  87 
2  14 
3 
4 
1  88 977700749  
4 
2  31 
1  0 1839398833  
3 
4 
4 
1  0 979458885  
3 
3 
1  71 2142953561  
4 
3 
1  0 1376613065  
1  35 390617734  
4 
1  0 705744351  
3 
2  0 
2  0 
3 
2  0 
1  0 1918893224  
3 
4 
4 
3 
1  46 613458263  
2  0 
1  0 498676831  
1  60 1974790916  
4 
2  0 
2  56 
1  0 1014964915  
3 
1  52 752977412  
2  56 
1  99 1100326515  
4 
1  46 1942361103  
3 
2  60 
2  0 
1  49 947397156  
1  76 724720714  
2  0 
2  0 
3 
1  0 737267851  
1  0 310130719  
3 
2  0 
4 
1  0 2058062698  
4 
1  0 502131530  
1  51 1137408256  
4 
3 
3 
2  0 
4 
1  0 1252553235  
3 
3 
1  17 1922625201  
3 
3 
3 
4 
3 
3 
3 
4 
4 
4 
3 
4 
3 
4 
3 
4 
4 
1  30 93779060  
2  81 
4 
4 
3 
4 
3 
1  87 1599739630  
4 
3 
1  0 582981658  
1  0 364933966  
2  100 
4 
4 
2  0 
4 
3 
4 
4 
4 
1  50 992065114  
1  0 1898858886  
4 
3 
4 
3 
1  0 1176168190  
2  6 
4 
1  63 1969765864  
2  0 
4 
3 
3 
2  0 
2  17 
2  0 
1  26 1590774071  
1  62 8143427  
4 
2  81 
2  0 
3 
3 
3 
1  93 1965235777  
3 
1  62 819903488  
3 
2  0 
4 
2  84 
1  13 398761162  
2  0 
2  0 
3 
3 
2  0 
1  1 523496481  
4 
1  72 591313064  
4 
3 
4 
4 
4 
3 
1  0 1012219425  
4 
1  0 1022173312  
4 
2  0 
4 
1  76 418620332  
4 
2  0 
1  91 2027184340  
3 
4 
2  0 
1  35 1775150724  
2  69 
2  0 
3 
4 
4 
4 
2  68 
1  0 1518946847  
1  0 1822061795  
2  68 
3 
1  77 575064232  
2  0 
2  0 
1  13 96183914  
2  38 
4 
4 
2  36 
2  77 
1  6 411845999  
1  47 885194951  
1  75 6762964  
4 
2  0 
1  32 913977529  
2  12 
3 
4 
2  100 
2  50 
3 
3 
3 
2  86 
4 
1  0 2022603208  
2  35 
4 
2  86 
1  7 1259316199  
3 
2  0 
2  0 
3 
4 
4 
3 
4 
1  0 689119082  
3 
1  84 2116382268  
3 
2  31 
1  0 711572182  
1  38 1272100740  
1  82 333832587  
1  0 1703637296  
3 
2  28 
4 
4 
2  56 
4 
2  57 
4 
1  12 1023475978  
2  70 
3 
3 
4 
3 
4 
3 
3 
3 
3 
1  63 1510000777  
3 
3 
3 
2  0 
1  0 1525919512  
1  0 466766401  
2  65 
2  33 
2  23 
1  14 1518144204  
4 
1  100 1343671642  
2  2 
3 
2  0 
1  0 1286669889  
2  60 
3 
3 
2  0 
1  0 1916905366  
4 
3 
4 
4 
3 
2  0 
3 
1  0 1867168123  
3 
2  0 
2  50 
1  0 1877982953  
2  72 
2  0 
4 
3 
2  0 
1  46 781641143  
2  0 
2  81 
2  0 
2  0 
4 
3 
3 
2  0 
2  0 
2  0 
3 
2  26 
1  0 741857787  
1  25 149119638  
3 
4 
4 
3 
4 
2  96 
4 
1  0 661341835  
2  79 
4 
3 
1  0 369524863  
1  61 1668066485  
4 
1  0 335919983  
2  0 
4 
2  0 
3 
3 
1  0 944589095  
1  9 1764250399  
2  56 
1  58 747765982  
3 
4 
1  0 1829784046  
4 
4 
2  0 
4 
1  0 1771013364  
4 
3 
2  62 
3 
3 
2  12 
4 
1  81 1661743511  
2  71 
2  7 
1  0 1704903606  
2  0 
1  77 882845915  
2  0 
2  17 
4 
1  3 203378945  
3 
3 
3 
1  0 1673802227  
3 
1  95 1594418097  
4 
3 
1  92 1475479685  
2  0 
3 
2  0 
1  84 2007634814  
3 
3 
4 
4 
4 
2  0 
4 
3 
3 
3 
4 
1  81 1150571746  
1  0 351472016  
1  51 1370151943  
1  0 529007610  
2  16 
3 
3 
3 
3 
3 
4 
2  0 
1  85 818238417  
1  0 740812499  
1  28 1872679252  
3 
1  0 2104908307  
4 
1  0 510234218  
4 
2  40 
2  61 
4 
2  0 
3 
3 
3 
1  0 1592363727  
2  80 
1  0 1835407612  
1  0 1291875361  
3 
3 
4 
2  0 
1  14 186737866  
2  1 
3 
4 
1  0 1984527250  
4 
1  0 1953217197  
4 
2  0 
2  70 
2  57 
4 
2  51 
2  0 
3 
1  34 556262729  
2  0 
4 
2  20 
1  0 1505110088  
4 
2  0 
1  84 141653532  
2  0 
3 
1  0 1500851824  
3 
1  0 1121876839  
4 
3 
4 
2  0 
1  0 889419514  
3 
1  48 1183152223  
2  0 
2  29 
3 
2  0 
1  89 745406555  
1  0 403679377  
1  54 740572181  
1  0 1628252471  
2  36 
3 
2  0 
3 
4 
4 
4 
1  31 607058322  
3 
2  0 
2  21 
3 
4 
2  49 
2  100 
3 
3 
1  15 266890760  
3 
2  71 
4 
1  0 1075186920  
1  0 2082538007  
3 
3 
1  81 127041926  
1  0 78275018  
2  38 
3 
4 
1  0 286526375  
3 
2  0 
1  44 1497193869  
1  0 607282629  
1  71 1104764793  
4 
2  0 
3 
1  0 90522721  
2  0 
1  0 332478233  
3 
2  80 
3 
4 
1  0 1062189452  
2  0 
1  63 600756939  
3 
1  83 1924841961  
2  0 
4 
4 
4 
1  0 750113416  
4 
2  0 
4 
2  0 
2  72 
4 
4 
2  19 
3 
4 
1  17 1892632300  
4 
2  94 
3 
3 
1  47 2111579827  
4 
3 
2  0 
1  0 587157019  
4 
3 
3 
1  32 1698365849  
2  0 
3 
1  0 520358909  
2  52 
2  55 
1  0 2092267107  
2  0 
3 
4 
3 
2  71 
1  37 1840019381  
3 
1  0 2021210733  
3 
2  0 
4 
3 
2  49 
1  92 1066660298  
4 
3 
2  44 
4 
3 
4 
2  0 
4 
4 
1  0 581955247  
1  0 1056879308  
1  0 1812066854  
1  2 985634624  
4 
4 
2  66 
1  0 1797451490  
3 
2  0 
4 
2  99 
3 
1  0 1292835677  
2  11 
2  51 
3 
3 
2  4 
1  55 1592692946  
1  0 2064342250  
1  0 220538949  
3 
2  0 
2  92 
2  0 
3 
3 
2  0 
4 
2  0 
3 
3 
4 
1  0 1527747306  
1  81 43900529  
4 
3 
4 
3 
2  0 
4 
4 
4 
2  67 
4 
2  0 
1  0 298813968  
3 
2  0 
3 
1  39 1814273681  
3 
1  0 1541094398  
4 
2  0 
1  50 906096597  
2  0 
2  94 
3 
4 
1  0 771554826  
1  60 1631617119  
3 
2  0 
3 
1  83 1238574830  
3 
4 
2  0 
1  0 1833744278  
1  0 84890410  
3 
3 
3 
2  0 
4 
4 
3 
1  48 1015933143  
1  0 436374047  
4 
3 
1  91 1977522711  
4 
4 
3 
2  17 
2  79 
1  0 980029323  
3 
4 
4 
1  0 1023531066  
4 
1  0 1528404912  
4 
2  0 
4 
2  0 
4 
4 
3 
4 
1  44 1500388232  
2  39 
2  0 
2  28 
3 
4 
3 
1  0 968314525  
3 
4 
4 
1  0 1220940646  
3 
2  2 
3 
3 
3 
3 
2  0 
4 
2  0 
2  12 
4 
2  0 
1  41 1374115317  
3 
1  24 2034974823  
2  0 
1  0 1802895893  
1  0 283510978  
4 
3 
4 
2  0 
1  7 1699558029  
2  29 
4 
2  43 
3 
1  34 641046870  
4 
1  51 2080962468  
4 
3 
3 
1  0 844910058  
2  0 
3 
4 
1  0 86256168  
3 
4 
2  70 
1  0 1997821070  
4 
2  0 
1  0 1065449008  
3 
2  30 
1  18 1614003474  
2  75 
2  100 
4 
2  0 
2  10 
4 
4 
3 
4 
4 
4 
1  96 2041721599  
1  0 1364262976  
3 
3 
1  0 1280793508  
2  0 
4 
3 
4 
1  35 1435332350  
4 
3 
3 
1  0 122875925  
4 
1  4 2052348334  
3 
2  37 
1  0 919465821  
2  0 
4 
4 
3 
3 
1  24 1361450755  
2  0 
2  0 
4 
1  55 1738608965  
4 
3 
1  17 1004356232  
2  0 
3 
3 
2  93 
1  0 229900251  
2  53 
2  0 
3 
3 
2  47 
1  49 27499364  
1  23 834395295  
3 
4 
2  0 
1  0 1209929574  
4 
4 
3 
4 
4 
3 
1  89 1051030430  
2  0 
2  0 
1  48 215316559  
2  82 
1  72 562834158  
4 
4 
2  0 
2  0 
3 
2  0 
1  5 2019344955  
1  0 1436257205  
3 
1  7 1936949475  
3 
1  0 1906836130  
3 
2  85 
3 
2  0 
3 
1  22 1091669451  
4 
4 
3 
4 
3 
2  0 
1  7 72976805  
2  79 
2  95 
1  90 1458910512  
1  54 1732716321  
1  100 6455625  
1  0 156336922  
2  16 
4 
1  0 1818972489  
3 
4 
2  75 
2  41 
3 
1  15 2004276696  
1  0 1221785930  
4 
3 
4 
1  0 1285492316  
2  70 
1  0 1898514647  
4 
4 
2  0 
1  0 438565258  
3 
1  0 418802176  
2  36 
2  58 
1  0 1186363349  
3 
4 
4 
1  26 561441183  
1  17 323666862  
1  42 2105829171  
4 
1  78 1922891939  
2  40 
4 
4 
1  0 2062275827  
4 
1  91 962701755  
3 
3 
1  79 5308542  
3 
4 
4 
2  63 
4 
1  0 2089775191  
2  4 
4 
1  0 1797097050  
3 
4 
1  0 1215238116  
2  95 
2  51 
1  56 993321973  
4 
2  0 
2  90 
4 
2  0 
2  0 
3 
2  17 
3 
3 
3 
3 
3 
4 
2  0 
1  77 2012413609  
3 
2  0 
4 
4 
4 
1  0 1778072274  
4 
4 
1  89 865183280  
4 
4 
4 
1  46 1301187167  
4 
2  0 
4 
3 
3 
2  86 
2  0 
2  84 
1  0 1567538101  
4 
2  45 
2  73 
1  0 624535763  
4 
1  33 245372970  
1  42 1640514907  
4 
3 
4 
4 
2  100 
4 
1  85 2083446275  
1  74 1978089291  
2  12 
3 
1  0 1646970532  
4 
3 
3 
2  0 
4 
2  0 
1  0 92299549  
1  90 1649578132  
2  0 
2  2 
2  0 
3 
4 
1  0 1503763580  
1  0 1314085480  
3 
3 
2  32 
4 
2  7 
1  71 787586800  
1  0 1254794580  
1  61 1752650738  
4 
2  17 
1  0 1206388976  
1  78 293674281  
2  0 
4 
1  31 166608274  
2  0 
2  96 
4 
1  59 1530055839  
2  30 
2  70 
3 
3 
3 
2  86 
1  0 252019804  
2  77 
2  53 
2  0 
1  35 2089500213  
2  38 
2  0 
1  0 1444848018  
3 
1  0 1214721559  
3 
1  0 2094808755  
1  32 1387139562  
2  0 
2  60 
3 
4 
2  0 
1  0 864334961  
4 
4 
1  0 1162563223  
3 
2  64 
4 
2  28 
2  8 
2  98 
4 
1  0 232977887  
2  84 
4 
3 
1  0 729264923  
2  0 
3 
1  0 793151849  
3 
4 
3 
1  35 1098161168  
2  0 
2  0 
1  0 2030452090  
3 
4 
1  34 213206302  
4 
2  54 
4 
2  71 
3 
3 
4 
1  86 1722696931  
2  0 
2  19 
2  9 
1  5 128341412  
2  35 
1  19 1853721209  
1  0 1658659558  
2  0 
1  0 2106430703  
1  0 1353208094  
1  0 1750959107  
2  0 
3 
4 
3 
2  87 
4 
2  0 
4 
2  0 
3 
1  23 1608525187  
3 
4 
4 
3 
1  65 709488026  
3 
3 
3 
3 
3 
4 
2  0 
4 
4 
3 
1  99 917560939  
2  0 
1  79 248628340  
3 
2  9 
3 
1  1 1964282606  
1  0 522728030  
4 
3 
3 
2  13 
3 
2  50 
1  95 1455017316  
2  0 
3 
1  54 110473240  
3 
4 
4 
3 
1  0 689336304  
3 
3 
4 
4 
3 
4 
4 
3 
2  46 
4 
4 
4 
4 
2  0 
4 
1  87 837589507  
2  16 
1  71 362493044  
1  75 631352869  
2  61 
4 
4 
2  28 
1  58 134953878  
3 
4 
3 
4 
3 
4 
1  9 1577214604  
3 
1  34 578677976  
1  87 1522093440  
4 
1  87 294065917  
4 
1  30 1741241199  
2  0 
1  71 1755071327  
3 
3 
3 
4 
3 
4 
2  0 
2  12 
4 
2  0 
4 
4 
1  0 1023330840  
4 
4 
2  0 
3 
4 
1  0 386909400  
3 
4 
2  0 
4 
2  13 
1  0 705748847  
2  0 
4 
1  0 906299282  
2  68 
2  0 
4 
2  58 
2  0 
1  68 600115702  
4 
2  0 
3 
4 
2  0 
2  0 
1  0 280962130  
4 
2  36 
3 
3 
1  0 1034640694  
3 
2  0 
4 
3 
2  8 
1  34 306353264  
3 
1  52 1939621688  
2  17 
1  90 993587749  
3 
3 
4 
4 
1  0 1659561358  
4 
4 
1  48 1543097148  
1  0 454629289  
3 
4 
1  0 221565736  
3 
1  0 313174439  
3 
3 
4 
4 
4 
2  32 
1  17 703257629  
1  81 38364695  
2  83 
2  0 
3 
1  0 835902469  
3 
3 
1  0 10791297  
1  0 148837935  
4 
4 
3 
4 
3 
1  0 1525238773  
4 
4 
2  35 
3 
2  0 
2  32 
4 
1  65 848380805  
3 
3 
2  58 
4 
2  93 
2  29 
4 
1  3 511330979  
4 
1  0 9107994  
3 
3 
4 
4 
1  0 983334683  
3 
2  97 
3 
4 
2  0 
4 
4 
2  76 
1  0 2088545583  
3 
1  0 587785970  
4 
4 
4 
1  73 357944475  
2  22 
1  4 235127853  
3 
1  76 181543521  
4 
2  0 
3 
1  50 2113015802  
1  31 1258458693  
1  0 568452921  
2  42 
4 
3 
3 
2  18 
2  0 
4 
4 
3 
3 
2  80 
3 
1  9 671281002  
3 
2  60 
1  0 17274328  
1  0 1168568624  
3 
4 
3 
3 
1  34 952243132  
3 
3 
3 
4 
1  77 1051915022  
4 
4 
4 
4 
2  18 
2  94 
3 
3 
2  0 
3 
1  0 1474921888  
2  82 
2  0 
1  54 744381173  
2  0 
3 
4 
4 
1  0 2045502772  
2  0 
2  59 
4 
3 
3 
2  43 
4 
1  29 986999598  
1  0 139994673  
2  0 
2  76 
2  0 
1  57 352648413  
2  0 
3 
4 
4 
2  0 
2  58 
2  0 
3 
2  0 
2  63 
3 
2  0 
2  60 
3 
3 
4 
1  0 1208565334  
1  0 453169112  
1  0 1055906042  
4 
2  40 
1  77 1246930029  
3 
2  0 
3 
4 
3 
3 
1  0 1289071582  
4 
4 
1  9 1066697339  
1  86 1395767964  
3 
4 
2  0 
2  0 
4 
1  72 666826707  
1  40 1915078144  
4 
1  0 1907098944  
2  45 
3 
1  92 675934702  
1  0 750929179  
4 
3 
1  0 1848160879  
1  24 1263720672  
1  93 1108873654  
1  56 2083288732  
2  0 
2  56 
3 
4 
1  0 1445264194  
2  88 
3 
2  38 
4 
2  0 
4 
1  0 1074405809  
4 
4 
1  54 1194263778  
1  0 2013717115  
3 
4 
1  0 1745686811  
2  0 
1  0 1211538106  
4 
4 
2  0 
3 
2  0 
4 
3 
4 
3 
3 
1  0 1034802091  
1  0 550446295  
4 
3 
1  0 115969480  
1  0 362240331  
2  0 
1  50 1294827468  
2  73 
4 
3 
1  0 13988604  
1  0 1349239929  
2  81 
1  0 1434822141  
2  0 
3 
4 
1  49 366637017  
4 
3 
4 
3 
4 
1  1 410321616  
2  89 
1  45 1887991254  
2  59 
1  0 1422543059  
3 
2  80 
4 
3 
1  89 1657251645  
1  69 1029579188  
4 
4 
2  90 
4 
2  82 
3 
2  0 
1  38 341756751  
2  0 
4 
3 
4 
4 
4 
3 
2  18 
3 
4 
2  0 
1  0 905535962  
2  87 
3 
2  29 
4 
2  0 
4 
4 
1  0 1696405895  
4 
4 
2  1 
3 
1  0 109351247  
2  0 
4 
2  0 
2  53 
2  0 
1  88 665151258  
1  32 224856949  
4 
1  0 860280427  
4 
1  33 365828489  
1  0 1488577622  
4 
3 
2  0 
1  27 1969154081  
4 
1  86 301633574  
2  66 
2  0 
3 
1  75 786358168  
3 
2  0 
3 
4 
3 
3 
2  11 
4 
4 
3 
4 
4 
2  0 
3 
4 
1  0 896076242  
3 
4 
4 
2  59 
4 
3 
2  0 
4 
1  95 1495897352  
4 
2  0 
4 
4 
3 
3 
1  40 652591635  
4 
2  0 
2  0 
4 
1  0 494279405  
1  10 559951810  
4 
2  73 
1  0 1687393727  
1  0 1044725701  
2  0 
3 
3 
3 
1  23 675921290  
3 
4 
3 
3 
1  0 2049634058  
4 
3 
3 
4 
2  72 
4 
1  0 192069521  
3 
3 
4 
3 
1  0 689909895  
1  0 1251390340  
3 
3 
2  0 
4 
2  72 
4 
3 
2  98 
3 
1  0 1626891663  
3 
4 
1  77 1056546912  
4 
1  0 1661711956  
1  91 1367399269  
4 
3 
2  31 
1  30 331606324  
4 
4 
4 
4 
4 
2  93 
4 
1  0 1171479953  
3 
1  58 249494809  
3 
2  0 
3 
2  65 
4 
4 
2  74 
1  0 673363075  
2  54 
3 
4 
4 
3 
4 
2  0 
1  9 2077015915  
1  0 1945900704  
1  68 782714322  
4 
2  85 
3 
1  14 594683525  
1  0 23274006  
1  84 1642994749  
4 
2  0 
1  0 960512015  
2  11 
2  0 
1  0 1511851628  
4 
2  13 
4 
4 
4 
4 
1  0 1464665183  
2  0 
4 
1  0 1262145589  
2  60 
1  87 150726148  
3 
3 
3 
3 
1  0 213257777  
4 
4 
4 
2  5 
1  69 610559293  
2  0 
4 
2  60 
3 
4 
4 
1  92 803317783  
4 
1  0 707537183  
1  0 1170511103  
3 
3 
4 
2  98 
2  0 
1  4 343227862  
4 
1  0 1752262884  
3 
3 
3 
4 
3 
4 
1  11 1846432393  
2  0 
1  0 245378273  
2  8 
1  95 1944332405  
3 
1  78 388858640  
4 
2  0 
2  55 
3 
2  57 
3 
3 
1  0 1496768613  
4 
2  0 
2  0 
4 
2  10 
4 
3 
3 
4 
2  94 
1  0 1423740420  
2  0 
4 
2  82 
1  60 1445405553  
2  0 
4 
2  79 
2  0 
4 
2  8 
1  0 1010996921  
1  0 643656041  
3 
1  0 1777011877  
2  39 
2  0 
2  35 
1  30 34993226  
1  0 893150850  
1  73 302891304  
3 
1  70 2112009142  
4 
1  0 691567907  
3 
2  13 
4 
1  0 1085605626  
4 
1  74 559209019  
4 
1  0 714841913  
3 
2  14 
3 
4 
3 
2  83 
1  23 581116728  
3 
1  0 1519721034  
1  0 79209893  
1  47 2045781911  
4 
1  0 634382975  
2  28 
2  75 
4 
2  0 
3 
4 
4 
4 
3 
3 
4 
2  0 
2  77 
1  8 229936041  
1  0 111556040  
3 
3 
2  80 
3 
1  98 1244942268  
2  50 
3 
2  6 
2  14 
3 
1  45 1033253824  
4 
2  35 
1  98 819093223  
3 
4 
1  0 267969723  
2  46 
3 
2  0 
3 
3 
3 
2  0 
1  88 1376481687  
1  0 423872459  
1  5 2114402117  
2  0 
3 
4 
2  0 
3 
2  2 
3 
4 
1  0 1621859960  
2  35 
2  0 
2  0 
1  0 220721217  
2  67 
3 
2  62 
4 
1  0 355777109  
4 
4 
3 
4 
2  43 
4 
2  0 
2  0 
2  6 
2  13 
2  81 
3 
3 
4 
2  0 
4 
1  0 971144925  
2  0 
2  34 
2  83 
3 
3 
3 
1  0 1644461637  
4 
3 
4 
1  0 1801182662  
2  0 
1  0 1982141846  
3 
1  4 140634031  
4 
2  68 
1  0 1430710891  
1  28 2017135072  
2  0 
2  86 
3 
2  0 
2  0 
3 
2  16 
2  89 
4 
3 
4 
3 
4 
3 
1  80 1033784881  
3 
2  0 
2  38 
4 
1  30 1733602195  
2  0 
3 
3 
1  77 1981660566  
3 
4 
3 
3 
3 
2  18 
3 
1  50 1725352788  
1  0 671724174  
4 
1  0 393385938  
1  25 292711053  
4 
4 
3 
3 
1  8 1252840902  
1  0 1913106972  
3 
4 
1  0 371920946  
4 
2  70 
4 
2  11 
3 
3 
1  56 1151139165  
4 
3 
4 
4 
4 
2  69 
3 
1  0 400006300  
2  0 
4 
4 
4 
2  41 
3 
4 
1  89 601856987  
4 
2  0 
2  6 
3 
3 
4 
3 
2  58 
4 
1  0 1262695205  
4 
4 
1  50 1644948568  
1  48 1635110812  
4 
3 
4 
1  31 2081788429  
3 
3 
2  85 
2  52 
1  89 1912918292  
2  0 
1  49 864108851  
2  0 
2  0 
3 
3 
1  0 358177240  
4 
2  0 
3 
3 
3 
3 
3 
1  98 1879836761  
1  0 338485163  
1  90 578898457  
2  0 
3 
2  17 
4 
1  86 88130222  
3 
2  16 
1  0 1309630088  
4 
1  68 75876447  
3 
4 
3 
3 
2  0 
4 
1  0 1889312885  
1  0 1144288286  
1  49 216510478  
1  0 1172540128  
4 
1  0 1013939710  
4 
2  0 
3 
4 
1  99 1250295359  
1  67 758658676  
1  69 848116629  
2  65 
1  0 828164500  
3 
2  7 
1  0 1430382850  
3 
2  0 
4 
4 
1  0 1241502567  
3 
4 
1  22 1120875553  
1  0 535740104  
3 
3 
1  8 1007125891  
4 
4 
4 
2  0 
4 
3 
2  0 
2  32 
1  0 1492796500  
3 
4 
3 
2  21 
4 
3 
3 
1  0 1686879269  
2  0 
1  11 1407132191  
4 
3 
1  0 2094653487  
2  0 
2  65 
3 
1  0 802090826  
3 
1  0 904597112  
4 
3 
1  87 1582280651  
3 
4 
2  94 
4 
4 
4 
2  0 
3 
4 
4 
1  59 736395607  
1  75 670031756  
4 
1  0 298905854  
1  65 1094572848  
3 
3 
3 
2  56 
4 
1  0 402384869  
1  43 637391017  
2  61 
3 
4 
1  0 1673471305  
3 
3 
4 
1  0 490515091  
4 
4 
2  0 
1  0 1947021105  
3 
4 
3 
2  38 
3 
3 
1  70 1749347752  
1  0 232344328  
2  0 
3 
1  0 943825743  
1  0 1965858230  
2  68 
4 
2  82 
1  0 1404884457  
1  0 1957765454  
4 
3 
2  0 
4 
2  0 
4 
3 
4 
3 
2  0 
4 
1  39 1068669942  
2  35 
1  95 16059485  
4 
2  0 
4 
1  0 658398435  
3 
1  0 1896834442  
1  93 1446442335  
1  0 1899901002  
3 
4 
1  0 870226347  
4 
3 
1  0 1982182439  
3 
3 
2  0 
1  100 759543245  
1  6 215539199  
1  0 1521578060  
1  52 19191789  
4 
3 
2  65 
2  0 
2  0 
2  10 
2  74 
3 
3 
4 
3 
4 
2  0 
4 
2  0 
4 
1  0 162709039  
1  0 176185238  
4 
3 
3 
3 
3 
3 
1  78 923788901  
1  0 1744989690  
1  0 912580846  
3 
4 
2  80 
1  57 1593820657  
3 
1  16 2043895545  
3 
4 
3 
2  86 
4 
1  0 2007153694  
2  0 
1  0 1996205526  
3 
1  0 533802914  
1  0 1533141351  
4 
2  0 
4 
1  69 339236969  
3 
4 
1  23 333340372  
4 
1  36 1135005456  
3 
1  0 571581298  
4 
2  51 
1  26 1277166115  
2  0 
4 
2  94 
4 
2  0 
4 
3 
4 
4 
4 
1  93 953380038  
1  58 1976465755  
4 
3 
1  75 1087447921  
4 
3 
1  16 2022049980  
2  94 
1  91 1992525240  
2  0 
3 
1  84 1745846356  
3 
2  0 
4 
1  98 1771400774  
1  95 1291483927  
1  0 1498263710  
2  58 
2  0 
1  0 494143474  
4 
2  66 
1  41 1126182718  
1  0 110323308  
2  98 
1  62 709682673  
2  22 
3 
2  0 
1  4 500277130  
1  89 129515097  
1  44 872391712  
2  0 
2  42 
2  80 
1  72 676462368  
2  23 
4 
1  0 1053303998  
1  0 469897755  
1  41 1589043214  
1  35 499641007  
3 
3 
4 
4 
1  32 366309652  
3 
1  0 1448713260  
1  94 348362885  
3 
4 
3 
1  0 900112566  
3 
3 
3 
4 
3 
4 
4 
4 
2  75 
1  36 834370964  
2  59 
2  12 
1  47 687599854  
3 
1  48 1233452938  
1  0 1969376420  
1  0 1259181152  
4 
3 
3 
3 
3 
4 
4 
4 
2  54 
4 
3 
3 
4 
3 
4 
4 
4 
4 
1  0 363135406  
3 
3 
2  0 
4 
2  0 
1  0 775272810  
2  0 
1  0 1088163259  
3 
2  81 
1  0 1450583327  
1  0 649839143  
4 
4 
3 
2  0 
1  12 933204851  
2  5 
3 
2  0 
4 
1  0 1048946036  
4 
3 
1  100 273756269  
1  0 77205130  
1  51 399726098  
3 
4 
4 
1  0 767899743  
4 
2  39 
2  0 
1  0 1203387848  
3 
4 
4 
2  0 
3 
1  0 510049406  
3 
3 
2  0 
3 
1  41 1477582417  
1  81 1703664978  
3 
4 
2  42 
2  0 
2  0 
3 
2  0 
3 
2  99 
3 
2  0 
2  0 
3 
3 
2  23 
1  56 639564503  
4 
4 
2  87 
2  1 
2  55 
3 
2  44 
1  44 202490481  
3 
3 
2  0 
2  0 
3 
3 
3 
4 
3 
4 
3 
2  38 
4 
2  45 
1  0 232643699  
1  0 1692868501  
3 
1  0 672388236  
4 
3 
1  23 1821686913  
2  38 
1  3 45025860  
3 
4 
4 
3 
2  0 
4 
4 
4 
4 
2  64 
3 
2  33 
1  0 1038697888  
1  67 1122916526  
1  0 393388745  
1  0 1938810455  
4 
1  0 1957287490  
4 
3 
3 
4 
4 
3 
4 
2  96 
4 
2  25 
2  5 
4 
2  0 
1  26 1080988600  
1  0 1024779745  
4 
3 
2  0 
4 
4 
1  0 1779180262  
2  0 
1  14 192686104  
4 
4 
2  0 
2  0 
4 
1  0 1387915151  
3 
4 
3 
3 
4 
1  1 406969424  
4 
1  0 1280849364  
3 
2  0 
2  0 
3 
3 
1  83 691014831  
3 
3 
2  0 
3 
2  0 
4 
1  17 1056808567  
3 
2  0 
3 
1  91 66570567  
2  0 
2  0 
3 
2  25 
2  31 
1  75 1739960867  
4 
4 
4 
4 
1  0 1330564837  
4 
4 
3 
3 
4 
3 
4 
2  0 
3 
2  0 
3 
3 
3 
3 
4 
4 
3 
1  0 143775698  
3 
3 
2  63 
4 
4 
2  0 
3 
3 
4 
1  0 2139686965  
4 
1  0 2098464580  
4 
3 
2  38 
2  0 
3 
1  28 1347163546  
2  0 
1  0 502252724  
2  9 
2  0 
2  0 
1  34 1428563349  
1  49 903344877  
4 
2  54 
1  0 1141817227  
4 
2  6 
2  0 
2  0 
2  0 
2  89 
4 
4 
4 
1  60 1631053831  
4 
4 
3 
4 
1  39 1135988576  
2  0 
3 
3 
3 
2  0 
1  0 687202081  
2  0 
3 
2  19 
3 
4 
2  0 
2  0 
3 
4 
1  0 155958419  
3 
4 
4 
2  0 
2  0 
3 
2  26 
1  0 810191841  
3 
3 
1  26 732227941  
2  51 
4 
2  0 
4 
3 
2  0 
3 
4 
3 
1  0 1194656308  
3 
2  0 
1  0 1933108367  
4 
3 
4 
2  48 
2  0 
1  48 1125616687  
1  97 985983115  
1  0 1742912209  
2  0 
2  0 
2  0 
4 
4 
2  0 
2  0 
3 
1  0 59121639  
4 
3 
2  44 
1  0 2010762860  
3 
4 
3 
1  43 1374608823  
2  80 
2  0 
1  14 251807743  
2  0 
4 
3 
2  0 
1  0 1251194364  
4 
4 
2  61 
3 
3 
2  73 
1  0 1781578248  
2  81 
1  50 1532657107  
4 
3 
4 
1  41 1942209195  
1  0 690903167  
3 
4 
1  0 1599227675  
3 
1  0 1534686414  
2  0 
1  0 2021468004  
1  81 1743003373  
1  1 1526889731  
2  0 
3 
3 
2  0 
2  6 
4 
2  0 
3 
4 
4 
2  0 
1  67 1972448937  
1  81 942683271  
3 
1  0 2029142455  
3 
3 
4 
4 
1  0 1253528638  
3 
3 
2  0 
3 
2  0 
3 
3 
4 
2  0 
4 
1  73 1846028148  
2  1 
3 
1  0 1023476035  
4 
1  0 737098821  
2  18 
3 
3 
3 
3 
4 
4 
4 
4 
3 
3 
3 
2  0 
3 
3 
1  74 834533076  
2  4 
2  56 
4 
3 
4 
2  95 
2  0 
2  0 
2  0 
3 
2  11 
2  82 
1  50 1710678116  
2  0 
4 
1  26 893057241  
1  15 1644724918  
1  0 295422409  
3 
3 
3 
1  20 2087713549  
3 
3 
4 
1  0 1430349637  
3 
1  89 1421039096  
3 
4 
4 
1  0 926213016  
3 
2  0 
1  95 1025778199  
3 
1  0 1480160735  
4 
4 
2  0 
1  40 789492228  
2  80 
4 
1  35 252903374  
2  0 
4 
4 
2  0 
3 
2  87 
4 
2  0 
3 
1  75 1731968479  
2  76 
3 
3 
4 
1  63 2040686592  
1  0 2034481622  
1  0 1117141938  
1  78 1835412139  
4 
2  0 
4 
2  0 
3 
4 
1  17 577901142  
4 
4 
3 
4 
4 
1  87 568885965  
2  88 
2  49 
1  0 1222614905  
4 
2  80 
1  0 451885498  
1  0 164405690  
2  28 
1  0 602020989  
1  76 276850787  
4 
3 
1  0 1107088962  
3 
1  0 483679796  
1  0 1530379426  
2  87 
2  68 
1  0 805633462  
3 
2  100 
2  0 
2  53 
1  0 1507155831  
4 
3 
4 
2  0 
4 
1  0 119994599  
4 
4 
1  84 1640166539  
3 
4 
2  57 
2  0 
2  0 
3 
3 
3 
4 
4 
1  45 1070350299  
4 
2  50 
1  88 1013051840  
1  24 1137407809  
4 
2  0 
4 
3 
1  93 1365772709  
1  42 953281741  
1  59 420273798  
2  0 
4 
1  34 639328157  
2  93 
2  0 
4 
4 
2  37 
3 
1  86 1879494757  
4 
1  86 1446051997  
1  0 2119488893  
4 
4 
3 
4 
4 
4 
1  22 521503338  
4 
1  87 1698955372  
1  0 1703973724  
2  33 
4 
4 
4 
2  0 
1  0 414706282  
2  0 
4 
2  55 
2  0 
1  27 1585953346  
2  0 
3 
2  71 
4 
4 
1  0 673632014  
3 
1  0 102634774  
3 
1  0 16370840  
4 
4 
1  0 1242517980  
1  35 1325249679  
1  0 468256339  
1  0 1406923670  
1  12 1927270668  
4 
1  67 745107126  
3 
4 
3 
2  87 
3 
1  0 366528984  
1  0 263466817  
2  0 
1  0 128002904  
3 
2  0 
3 
4 
1  0 1172162447  
3 
4 
3 
3 
3 
2  99 
1  16 1770622648  
4 
4 
2  60 
1  31 247997504  
3 
1  0 664845338  
1  99 693489300  
3 
1  34 1261049344  
3 
1  32 1802253147  
3 
1  0 2059262009  
4 
1  0 66847438  
2  0 
2  0 
3 
2  14 
3 
1  0 75043297  
2  0 
3 
4 
4 
2  48 
1  40 551106518  
1  99 1946342195  
1  0 1521095295  
1  58 523111763  
3 
4 
4 
4 
1  0 320361885  
3 
1  0 1072567019  
4 
4 
1  0 79601839  
4 
4 
2  0 
4 
4 
1  0 735068168  
1  0 511036717  
1  100 753233854  
4 
3 
2  3 
1  0 837702942  
4 
4 
4 
4 
3 
1  94 527407558  
2  23 
1  0 1995751834  
3 
3 
3 
4 
3 
1  18 15468973  
4 
3 
3 
4 
1  10 995663897  
3 
4 
3 
2  0 
2  31 
3 
2  0 
2  0 
1  0 1255191856  
2  0 
1  0 1942739642  
2  50 
1  19 1740771023  
2  0 
3 
1  23 1621720841  
1  0 58722811  
2  44 
2  0 
3 
1  53 1868773928  
4 
4 
2  100 
2  0 
3 
1  0 646399640  
1  0 1829345459  
2  0 
3 
1  0 2116771432  
4 
3 
1  0 1311244978  
4 
1  98 375351111  
1  0 1230337128  
2  0 
2  0 
3 
1  21 966014477  
4 
4 
1  0 287129472  
3 
3 
1  98 1297184566  
1  58 1041057774  
2  21 
4 
2  48 
2  19 
3 
3 
4 
2  89 
3 
4 
2  0 
3 
3 
4 
3 
3 
1  0 838235991  
2  21 
1  0 1096043114  
4 
1  0 414669421  
2  0 
1  39 1361347754  
3 
1  0 1416404999  
4 
1  0 1487236440  
1  30 1440949594  
1  0 3989519  
2  0 
3 
4 
1  0 1998273158  
4 
4 
4 
3 
3 
3 
1  0 46699800  
2  0 
1  94 841692461  
4 
2  0 
2  56 
1  0 378197068  
4 
4 
3 
1  0 2042451634  
2  0 
1  0 857161435  
4 
4 
1  0 1373860965  
4 
1  0 1150159842  
1  0 652417429  
3 
1  0 967148340  
3 
3 
3 
2  0 
2  99 
3 
1  0 624397035  
4 
2  0 
4 
1  6 711140240  
3 
2  0 
3 
1  72 688438620  
1  91 1270796675  
2  0 
4 
3 
4 
4 
3 
2  0 
3 
1  0 393002051  
2  0 
2  74 
2  0 
4 
4 
4 
3 
3 
4 
2  30 
3 
1  0 657726404  
3 
1  35 434558005  
3 
2  57 
1  0 768353163  
1  0 1888063533  
3 
3 
4 
1  72 1400572482  
1  71 1055482635  
3 
4 
4 
2  0 
4 
1  0 1037764451  
1  50 294146609  
1  0 1893718626  
2  62 
4 
3 
2  35 
3 
4 
2  92 
2  0 
4 
2  49 
1  66 2133807565  
1  0 708816030  
3 
4 
3 
4 
3 
2  98 
1  98 1107582733  
4 
3 
2  63 
2  0 
2  8 
1  0 1402728917  
1  2 48568823  
3 
4 
1  0 401048679  
3 
2  0 
4 
1  46 1406718436  
1  65 2046841981  
3 
2  76 
1  0 447748479  
4 
2  34 
4 
2  91 
4 
4 
1  27 100927250  
1  0 277555401  
2  0 
2  41 
3 
4 
4 
2  0 
1  42 342716465  
2  82 
3 
2  0 
2  10 
2  25 
4 
3 
2  6 
2  0 
2  0 
4 
4 
2  74 
3 
2  85 
2  0 
4 
4 
1  72 958088685  
3 
4 
3 
1  0 1651416366  
2  36 
4 
3 
3 
2  6 
4 
2  89 
4 
2  0 
1  0 1492876307  
1  0 1610506114  
4 
3 
1  0 471081058  
2  82 
1  0 2117273343  
2  0 
3 
2  0 
3 
2  0 
4 
3 
2  0 
2  20 
4 
2  0 
1  39 174162706  
1  0 1159519679  
2  88 
1  59 1240586370  
2  0 
2  13 
1  92 567164757  
3 
3 
3 
2  9 
4 
3 
2  62 
1  63 1817246083  
4 
4 
1  0 1675144376  
3 
2  0 
2  69 
4 
1  35 1335517920  
1  0 1557825968  
2  0 
4 
3 
2  5 
4 
4 
2  52 
3 
3 
3 
2  97 
2  0 
2  48 
3 
1  0 928233210  
2  90 
3 
3 
2  0 
4 
4 
2  0 
4 
1  0 243516908  
4 
2  0 
1  32 448106772  
2  0 
2  44 
4 
4 
2  0 
4 
2  2 
1  86 1222379819  
1  100 2137235534  
3 
3 
3 
3 
1  81 434430689  
4 
2  54 
4 
3 
1  0 1931195850  
1  0 1097334619  
2  32 
1  0 1837159606  
3 
3 
1  28 1979764673  
3 
1  84 1498383298  
4 
1  84 1096394395  
4 
4 
3 
1  0 1879123006  
2  55 
1  0 1946131777  
3 
3 
4 
1  0 1197321645  
1  31 9194759  
4 
3 
4 
3 
4 
2  0 
3 
4 
2  40 
2  0 
4 
2  0 
3 
2  0 
4 
1  19 141364594  
2  0 
4 
1  55 7926682  
4 
3 
3 
1  85 1660611125  
3 
3 
4 
4 
4 
4 
3 
2  0 
2  0 
2  0 
3 
1  0 1634240902  
4 
1  4 1618432796  
4 
4 
3 
2  0 
4 
4 
4 
1  0 2131692183  
2  52 
1  45 1604030597  
3 
1  0 1792595502  
2  0 
2  25 
2  0 
2  90 
2  0 
3 
1  97 1143728214  
1  20 697133319  
3 
1  94 212276611  
4 
1  63 813490650  
1  0 224794047  
3 
4 
1  81 1547794532  
4 
1  28 223832970  
3 
3 
1  72 1153027258  
1  43 1791311440  
1  0 671939742  
4 
2  94 
3 
3 
3 
2  0 
3 
1  0 227923429  
3 
1  0 1781063326  
4 
2  0 
3 
3 
3 
2  60 
2  0 
4 
2  0 
2  12 
2  54 
2  94 
1  0 1106370432  
2  0 
4 
3 
2  15 
2  13 
2  0 
4 
3 
4 
3 
1  0 11635631  
4 
1  74 730914298  
1  74 796046390  
4 
1  0 1991400304  
3 
1  0 81813948  
4 
1  19 1892440785  
3 
1  93 1723039662  
1  82 2027945726  
4 
4 
1  0 942278782  
1  0 1732234421  
1  0 21826672  
2  0 
3 
3 
1  0 950205464  
2  0 
4 
1  50 1245361898  
4 
4 
3 
1  8 1656067574  
2  0 
4 
3 
2  17 
3 
2  0 
2  39 
1  9 421154612  
1  28 1229570434  
1  69 1112614523  
4 
4 
3 
3 
4 
2  91 
2  0 
4 
4 
2  0 
2  0 
1  0 66266466  
1  56 225815000  
4 
1  57 1809747843  
4 
1  0 278543078  
3 
4 
1  0 1039305650  
3 
2  0 
2  69 
1  0 2034541890  
3 
4 
4 
2  96 
4 
2  0 
1  0 1826337610  
2  0 
3 
4 
3 
3 
2  0 
1  0 1263138621  
2  6 
4 
4 
1  0 1040085500  
2  0 
1  0 1470165402  
4 
2  0 
1  0 1935078363  
2  83 
4 
4 
3 
3 
1  24 1268008930  
3 
4 
1  51 1103745080  
4 
3 
2  0 
2  0 
2  23 
4 
2  0 
4 
3 
2  43 
2  0 
4 
3 
2  13 
4 
4 
2  0 
4 
1  0 893965147  
1  73 1279644561  
4 
2  0 
3 
1  0 1834659378  
3 
3 
3 
4 
1  48 1690011538  
2  18 
2  76 
3 
3 
3 
2  50 
4 
4 
4 
4 
2  0 
4 
1  71 1123561218  
3 
2  0 
1  0 1916473327  
1  0 1434968675  
2  78 
2  0 
3 
2  0 
4 
3 
1  47 699117232  
2  44 
1  0 1796935405  
1  14 229763810  
3 
4 
3 
1  0 283868006  
1  85 1818762077  
1  86 1179969274  
4 
4 
3 
3 
3 
1  94 1529229904  
2  0 
3 
2  76 
4 
3 
2  0 
2  26 
2  0 
2  82 
4 
1  0 1327346004  
3 
4 
1  67 1601123887  
4 
1  0 611316690  
2  0 
1  0 292476879  
2  0 
1  0 1667390353  
2  16 
3 
2  39 
1  42 837131691  
2  0 
2  0 
4 
4 
2  0 
3 
3 
3 
3 
1  38 2102224722  
1  12 1945933431  
2  95 
1  66 1876437341  
2  0 
1  0 1989282965  
2  0 
2  71 
4 
1  0 1624787393  
1  86 992092314  
3 
1  54 881884817  
4 
3 
4 
1  29 947469147  
3 
3 
2  54 
1  0 779687030  
4 
4 
1  6 2410099  
3 
2  79 
3 
2  0 
3 
1  0 2051214228  
2  66 
1  0 1673652177  
3 
3 
1  0 1282054661  
2  0 
2  0 
3 
2  96 
3 
4 
1  0 1738389958  
1  34 1216180067  
1  93 258132231  
3 
1  93 1507379637  
1  45 503665095  
3 
3 
4 
4 
4 
4 
2  0 
2  0 
4 
3 
2  19 
4 
2  0 
1  38 957249463  
2  9 
1  14 1156831394  
3 
1  69 733428905  
4 
3 
1  0 1241117469  
4 
4 
2  78 
3 
3 
3 
2  84 
4 
1  0 828109824  
4 
4 
4 
3 
1  1 1913398179  
3 
4 
1  27 622863726  
4 
4 
2  8 
4 
1  0 7972180  
4 
1  0 1367038418  
3 
3 
3 
3 
4 
3 
2  0 
4 
1  44 1234180416  
2  0 
1  0 300449059  
1  0 886945124  
3 
4 
3 
2  0 
3 
1  28 2071312107  
4 
3 
1  30 255190134  
2  0 
3 
1  100 685394907  
3 
3 
3 
2  38 
2  29 
3 
1  69 1800265801  
3 
1  0 96989451  
3 
2  73 
4 
3 
2  0 
4 
4 
3 
1  56 162698653  
4 
4 
2  0 
4 
3 
4 
2  88 
2  0 
3 
2  0 
1  73 644874467  
2  0 
2  94 
2  0 
1  0 978874268  
3 
4 
1  78 1110167800  
4 
4 
1  0 1424561497  
4 
2  41 
4 
1  60 981284368  
3 
4 
3 
2  0 
4 
3 
3 
1  79 1013898380  
3 
2  0 
3 
3 
1  0 950730027  
2  92 
4 
2  0 
2  0 
1  0 115855381  
2  0 
3 
4 
1  0 604804691  
2  26 
2  0 
1  0 19426446  
3 
3 
2  0 
3 
4 
2  1 
4 
3 
4 
3 
3 
2  0 
4 
1  0 373987612  
2  13 
3 
3 
1  0 2112184328  
3 
2  75 
4 
2  85 
3 
1  42 523091541  
2  12 
3 
1  0 1331237075  
4 
3 
3 
2  0 
3 
1  69 1121532075  
2  62 
3 
3 
4 
1  0 1256520446  
2  0 
4 
4 
4 
1  0 424870897  
3 
4 
2  0 
3 
3 
4 
4 
4 
4 
1  14 1949641899  
1  38 1022434978  
1  90 1047734623  
2  88 
2  0 
3 
1  84 1957614079  
4 
1  0 241989748  
4 
4 
1  15 134431391  
4 
3 
4 
1  0 110579490  
4 
4 
4 
2  31 
2  0 
4 
1  52 1128934872  
1  0 58259851  
1  0 365769624  
1  62 1814329780  
3 
2  0 
4 
2  0 
4 
3 
4 
2  75 
4 
1  0 1858525652  
3 
1  0 462759075  
4 
4 
4 
4 
1  0 1977028433  
4 
1  0 355916471  
3 
2  69 
4 
4 
4 
4 
1  0 1441633344  
2  0 
3 
1  42 939712585  
2  71 
4 
3 
4 
4 
4 
3 
3 
1  0 1780477969  
3 
4 
1  0 275434064  
4 
3 
3 
3 
1  0 1953610966  
1  0 583724348  
2  9 
4 
3 
3 
4 
1  29 391289445  
1  16 410932009  
4 
4 
2  0 
2  4 
2  0 
1  0 603150794  
1  79 765277057  
1  8 375632689  
3 
4 
1  55 1126242336  
1  83 2096514132  
2  99 
4 
4 
4 
2  0 
3 
1  0 1497164764  
2  0 
3 
3 
1  79 235279134  
1  46 373901381  
1  71 1299323015  
1  0 1257714112  
1  0 1421636004  
3 
1  54 1109453446  
1  0 1499703861  
1  1 1556067396  
2  25 
4 
1  22 1220032937  
1  0 481155085  
4 
4 
1  0 1614327247  
1  80 1585802561  
1  32 148001217  
2  75 
4 
3 
1  0 1325369251  
4 
3 
3 
2  2 
2  0 
2  42 
2  85 
2  0 
2  33 
4 
2  0 
3 
4 
1  0 2048561637  
4 
3 
2  0 
4 
2  47 
3 
2  2 
2  0 
4 
1  100 2125029650  
4 
1  0 1681285722  
1  0 1342711333  
1  13 917258588  
4 
3 
4 
4 
3 
1  0 1314280043  
4 
2  40 
4 
4 
4 
2  0 
4 
2  0 
2  0 
3 
3 
4 
1  93 1618145397  
3 
2  0 
3 
1  35 723385906  
2  0 
3 
2  0 
3 
2  0 
2  0 
3 
4 
3 
3 
1  0 1898004391  
1  0 2009434842  
3 
1  0 1134317915  
4 
2  91 
3 
2  0 
3 
4 
4 
4 
1  0 353671538  
1  0 627228251  
4 
1  0 1509950604  
3 
4 
2  0 
1  0 1479913874  
3 
3 
1  0 576258735  
3 
1  48 859631721  
1  14 1715193008  
2  41 
2  0 
4 
2  0 
4 
1  39 950160117  
4 
2  0 
1  55 11471088  
2  32 
4 
3 
1  56 825423473  
2  0 
1  78 224312473  
3 
1  64 1120924535  
3 
1  41 177643686  
3 
1  0 1780379869  
4 
2  0 
1  0 193473824  
2  75 
3 
2  0 
1  0 658798771  
3 
4 
4 
4 
4 
3 
4 
1  70 1247223468  
2  0 
4 
2  0 
4 
4 
3 
1  0 1779276385  
1  51 806799989  
1  0 425109071  
2  0 
4 
3 
3 
4 
3 
2  0 
4 
4 
1  0 1680354374  
1  0 784345991  
1  11 2106394794  
1  0 875582059  
4 
1  0 1701604579  
2  0 
2  48 
3 
3 
4 
4 
4 
4 
1  87 1273191189  
2  0 
1  87 346243808  
4 
1  0 277506837  
4 
1  35 1023711933  
4 
4 
1  9 208195002  
1  0 1411824752  
4 
3 
2  0 
2  58 
4 
4 
1  13 1377383471  
2  0 
3 
3 
2  0 
4 
2  0 
4 
4 
3 
1  23 835423253  
1  10 774291709  
2  0 
3 
4 
4 
1  70 709813697  
4 
2  0 
1  0 1411681989  
4 
4 
1  0 1633923430  
1  0 277523057  
1  5 214358458  
3 
2  0 
4 
1  19 1645394518  
3 
2  36 
3 
1  30 1102946530  
4 
4 
2  0 
3 
4 
4 
1  0 438670931  
4 
1  0 618835405  
4 
4 
4 
2  0 
2  0 
1  0 1280590216  
4 
2  32 
1  0 71567153  
4 
4 
3 
4 
2  59 
2  53 
3 
2  30 
3 
3 
2  86 
3 
1  2 812309229  
3 
3 
3 
1  0 1939388988  
2  79 
3 
3 
4 
1  57 1318790621  
3 
3 
2  92 
2  0 
4 
3 
1  95 444101967  
2  89 
3 
2  29 
2  0 
1  76 598705329  
3 
4 
4 
2  0 
1  0 1743899693  
1  0 2124456341  
4 
3 
4 
2  31 
4 
3 
4 
2  0 
2  0 
2  0 
4 
1  0 1383051320  
3 
3 
3 
4 
3 
1  0 1702810839  
1  0 852554753  
4 
4 
1  35 937172252  
3 
4 
3 
1  0 828518380  
3 
4 
2  47 
3 
3 
2  4 
1  0 1198798561  
3 
3 
1  98 1214679089  
2  62 
1  88 1852230313  
3 
1  37 1406993564  
2  27 
1  0 479020194  
2  94 
2  55 
1  0 1082130136  
4 
2  83 
1  39 94933169  
4 
1  84 1253311903  
2  0 
3 
3 
1  0 1791943833  
4 
4 
2  43 
2  0 
4 
3 
1  34 1506615158  
2  48 
1  71 739751685  
4 
1  0 2069466891  
1  0 1720973616  
3 
1  0 237662555  
2  100 
4 
3 
2  76 
1  0 1024929773  
4 
3 
2  92 
3 
1  0 12160900  
4 
4 
2  0 
3 
3 
3 
1  0 856497961  
2  3 
3 
4 
1  0 158036342  
1  7 83728053  
4 
3 
2  0 
2  0 
3 
2  100 
1  0 1668807190  
1  0 2097425330  
4 
2  0 
2  14 
2  0 
2  0 
4 
1  94 1402518674  
2  0 
3 
3 
4 
1  0 2112909157  
1  79 548647011  
2  0 
1  26 998934719  
1  77 2089881851  
4 
4 
1  0 1931698331  
3 
4 
2  47 
2  0 
4 
3 
4 
1  69 554261910  
2  0 
3 
3 
2  0 
4 
1  96 794952956  
4 
3 
3 
4 
2  8 
3 
2  38 
3 
1  0 721386935  
4 
1  25 1382780291  
4 
2  0 
3 
4 
4 
1  12 1993751517  
2  0 
2  59 
3 
4 
2  0 
1  0 1936066025  
3 
1  0 1087526956  
1  70 1253261433  
1  0 267602571  
1  0 22173445  
3 
2  76 
4 
1  0 1348194603  
3 
3 
4 
4 
2  73 
4 
2  25 
4 
1  100 1520914474  
1  2 1814117278  
1  82 707326113  
1  0 113182511  
4 
1  9 1736100521  
1  0 280816082  
3 
4 
2  97 
2  55 
4 
2  78 
1  98 350845066  
1  0 613546647  
1  5 292976982  
4 
3 
3 
3 
3 
2  6 
2  89 
2  0 
3 
1  33 1207343027  
3 
4 
4 
1  0 771582989  
2  97 
1  81 376705035  
1  48 728666570  
2  60 
1  0 721524671  
2  0 
1  0 1779223709  
2  7 
1  44 694092079  
1  14 1270171682  
1  44 630674781  
4 
1  71 636490282  
4 
4 
1  7 1054386365  
1  0 1184936691  
2  60 
3 
3 
2  0 
3 
2  76 
4 
4 
3 
3 
1  0 1431443238  
4 
2  0 
2  0 
4 
3 
4 
3 
2  0 
2  96 
4 
4 
3 
3 
4 
3 
3 
4 
3 
4 
1  93 1775773301  
4 
3 
2  0 
1  55 420233334  
2  0 
1  48 1277711108  
2  70 
2  57 
1  89 1564355678  
2  15 
2  30 
1  95 1507760291  
4 
2  2 
1  40 383488893  
4 
1  0 1831958249  
1  0 1529933736  
2  0 
1  4 1731683496  
4 
3 
2  0 
3 
2  44 
3 
4 
4 
1  60 1205389075  
4 
2  100 
1  0 1196567366  
4 
2  51 
2  0 
4 
1  19 291525962  
2  14 
1  66 1318571586  
4 
4 
4 
4 
1  83 785184240  
4 
3 
3 
3 
1  0 572342044  
1  0 1669416652  
4 
1  70 1398730887  
1  98 865319026  
2  0 
2  17 
4 
4 
2  0 
4 
1  0 729276032  
3 
1  75 22830228  
2  0 
3 
4 
4 
4 
1  0 1242024061  
1  23 1457942602  
2  35 
2  93 
4 
1  0 744354899  
3 
2  0 
1  72 873764122  
3 
3 
3 
2  0 
1  76 4551033  
1  73 2014526581  
2  34 
3 
1  34 1504438903  
1  0 641041316  
1  15 921429298  
4 
1  0 541891947  
3 
1  86 2072484554  
1  11 549718951  
1  0 962125281  
1  0 1202712014  
3 
3 
4 
3 
1  30 2114074629  
4 
4 
1  0 322401924  
1  0 1586200908  
4 
3 
1  92 1798549230  
2  0 
2  0 
2  0 
2  22 
1  0 1852335660  
1  24 1170400756  
1  0 856454657  
2  89 
2  0 
2  33 
1  0 901419379  
1  31 1461926718  
3 
4 
4 
3 
1  21 27542595  
3 
4 
1  67 1686603619  
2  0 
2  45 
1  0 2034268762  
3 
1  90 1696959248  
1  0 937850858  
3 
3 
3 
2  85 
1  27 752104140  
2  79 
3 
4 
4 
4 
3 
2  43 
3 
4 
4 
3 
1  94 278751632  
1  0 960681086  
1  71 1994128201  
1  0 1736694234  
1  47 1705035985  
4 
2  48 
4 
2  18 
3 
4 
3 
2  80 
1  0 720408676  
3 
2  0 
1  50 1741245267  
2  0 
1  60 1572078918  
2  0 
1  0 77363931  
1  35 234802935  
3 
1  0 346024568  
3 
4 
3 
3 
2  11 
3 
1  72 619255878  
3 
4 
3 
2  0 
2  49 
3 
2  0 
1  0 159803842  
2  93 
4 
4 
1  0 895743520  
4 
4 
4 
2  35 
2  57 
3 
2  76 
3 
2  0 
4 
3 
1  0 1581381160  
4 
2  0 
4 
1  0 1362515856  
1  24 862334501  
1  0 1903783084  
4 
2  74 
1  0 801233116  
2  13 
2  0 
3 
4 
4 
3 
1  0 513400084  
3 
2  21 
4 
3 
4 
1  0 1608635097  
3 
2  0 
2  94 
4 
3 
1  0 1971633873  
3 
4 
4 
1  19 1369854741  
1  40 362570828  
1  96 1286076943  
1  0 1397397337  
2  0 
4 
3 
4 
1  0 2049174447  
2  70 
3 
4 
2  85 
1  5 1172862058  
1  0 946872937  
1  17 839541657  
1  60 1924966198  
1  49 1225624569  
2  75 
2  0 
1  23 1800222743  
4 
1  0 1771610752  
2  0 
4 
1  0 814835155  
3 
4 
3 
2  0 
2  53 
1  0 1357775080  
1  0 344535780  
1  0 408596774  
4 
2  0 
2  0 
3 
4 
2  0 
2  51 
2  0 
1  72 782370350  
2  78 
1  76 421899711  
2  82 
4 
2  1 
4 
4 
4 
1  0 643399710  
3 
1  73 1128394918  
2  0 
2  0 
4 
4 
4 
3 
4 
1  0 1041155590  
2  0 
4 
2  0 
3 
3 
3 
1  65 803203552  
2  0 
4 
4 
4 
3 
1  63 2024138438  
3 
3 
4 
4 
2  0 
3 
2  0 
1  0 475053102  
2  93 
1  0 18235760  
2  0 
1  0 738989292  
2  74 
3 
2  99 
4 
1  0 231352538  
3 
1  26 819468877  
3 
1  44 1252389376  
1  65 1839987635  
4 
4 
3 
1  84 643619102  
3 
1  0 474760469  
4 
4 
2  75 
3 
1  32 55074815  
3 
3 
2  0 
3 
3 
3 
1  37 1929696045  
3 
1  27 1872157806  
2  44 
2  52 
1  4 2104249262  
2  0 
1  0 955074455  
2  0 
3 
1  0 671547095  
3 
2  0 
3 
3 
4 
2  71 
4 
1  0 796307271  
3 
3 
4 
2  100 
1  0 732557006  
2  45 
1  0 1897171664  
3 
3 
4 
2  0 
2  0 
3 
3 
1  0 449046366  
3 
3 
4 
3 
1  53 356684110  
2  71 
4 
2  66 
2  80 
1  33 564523171  
3 
2  0 
3 
3 
4 
4 
3 
1  0 1806821446  
1  0 701219890  
4 
2  83 
2  0 
4 
3 
3 
3 
4 
3 
2  10 
3 
1  0 973119946  
2  79 
3 
1  14 441708148  
4 
3 
4 
4 
1  46 1123119601  
2  18 
4 
3 
2  0 
2  54 
2  68 
4 
1  0 1616519656  
2  0 
1  0 1570103067  
1  0 16791543  
2  0 
2  70 
2  0 
2  13 
2  96 
1  96 272239560  
2  94 
2  0 
3 
1  0 1446757857  
1  59 491844645  
1  0 290475320  
4 
2  0 
3 
4 
2  0 
1  18 38263501  
4 
2  67 
3 
3 
3 
4 
4 
3 
1  34 723197184  
3 
1  0 1109944197  
2  9 
2  49 
4 
3 
2  21 
3 
3 
1  88 1290652877  
2  0 
4 
3 
4 
3 
4 
3 
3 
4 
1  51 415701171  
4 
2  0 
1  0 1753563299  
2  0 
3 
3 
1  38 1765413347  
2  28 
3 
4 
2  0 
4 
1  35 470775987  
2  0 
2  57 
1  43 1535775697  
2  0 
4 
3 
2  0 
1  0 1490087505  
1  5 427541601  
3 
3 
2  0 
3 
2  0 
3 
3 
4 
4 
1  65 343366504  
1  14 14150953  
3 
2  46 
4 
2  96 
3 
2  0 
2  11 
1  62 1223848873  
4 
3 
4 
4 
1  23 1075923510  
3 
3 
4 
1  19 1911322617  
2  0 
3 
3 
2  99 
2  59 
3 
1  0 1672895239  
3 
4 
1  0 1432607620  
1  0 328362141  
2  100 
2  85 
1  64 1332233038  
1  0 2133827510  
2  0 
1  44 1301482087  
1  45 1773941186  
4 
4 
4 
4 
1  0 1109463464  
3 
3 
1  0 770518095  
1  85 1196560605  
2  55 
3 
4 
1  99 1126255007  
3 
1  0 1042757655  
4 
1  0 495834815  
1  41 1618099653  
1  0 1333232975  
4 
1  0 534098316  
3 
1  85 193813189  
3 
1  0 295693525  
4 
2  0 
2  92 
3 
2  0 
3 
3 
4 
1  73 1824751194  
2  0 
1  0 609514360  
3 
1  0 2049256824  
2  0 
2  90 
4 
3 
3 
2  80 
3 
3 
3 
4 
3 
4 
1  20 1442680893  
3 
1  0 1080290347  
4 
3 
4 
1  12 1437548873  
4 
2  0 
2  82 
2  0 
3 
1  0 785284750  
3 
4 
1  0 1507831949  
1  16 1780915378  
3 
1  52 799435703  
2  36 
1  93 584197174  
1  0 709355240  
1  51 563274673  
2  0 
3 
1  6 109608765  
2  18 
4 
4 
2  13 
4 
3 
3 
1  97 2141962861  
4 
4 
2  0 
2  0 
1  0 891636814  
4 
3 
2  6 
3 
4 
1  87 1441841803  
3 
4 
3 
3 
3 
2  64 
4 
2  0 
4 
2  44 
4 
3 
4 
1  0 2128306723  
2  43 
1  98 45635253  
3 
2  32 
1  59 1068299342  
2  0 
1  45 1090286539  
2  84 
2  0 
1  0 816153348  
4 
1  0 117376299  
3 
3 
2  19 
2  0 
1  0 69057899  
2  50 
2  64 
4 
3 
4 
4 
1  29 1858911003  
2  0 
2  29 
4 
2  32 
1  5 613211114  
3 
4 
2  0 
4 
2  90 
4 
4 
2  0 
4 
4 
1  0 1687157552  
2  72 
2  97 
2  68 
4 
4 
4 
3 
1  32 1044660330  
1  0 1147309431  
4 
1  42 1880970741  
1  0 1340353855  
2  67 
3 
4 
4 
4 
2  0 
2  79 
1  59 824576977  
3 
3 
4 
3 
4 
4 
2  91 
2  73 
4 
2  92 
1  22 343001453  
4 
2  0 
4 
3 
2  0 
3 
4 
4 
1  84 1242127032  
2  0 
4 
4 
4 
3 
3 
2  0 
1  0 119774222  
4 
2  88 
3 
1  0 1423291801  
1  28 532192257  
3 
4 
4 
3 
3 
3 
1  89 905058972  
2  93 
4 
3 
2  0 
4 
4 
4 
2  0 
2  37 
1  0 783640102  
1  6 165623987  
4 
3 
1  64 1704494676  
3 
4 
1  0 1367837276  
1  0 874979228  
3 
4 
4 
3 
1  46 120285701  
2  65 
1  63 1477446041  
1  97 869458441  
1  43 1011922515  
4 
1  39 771804197  
2  0 
4 
4 
1  62 850281516  
2  0 
2  75 
4 
1  68 1057557768  
3 
1  93 1840103539  
3 
1  68 1940568056  
4 
2  84 
3 
1  15 1873711116  
4 
4 
2  0 
1  67 1957479838  
4 
2  60 
2  0 
3 
3 
2  0 
2  0 
3 
4 
4 
4 
4 
4 
3 
2  53 
4 
1  30 2009625955  
2  0 
2  24 
3 
4 
4 
4 
3 
4 
3 
3 
2  17 
4 
2  31 
4 
2  0 
3 
1  13 1585138471  
1  0 423207305  
1  0 1549299859  
4 
1  0 482315153  
3 
4 
2  0 
3 
4 
4 
4 
4 
1  84 1570516736  
3 
1  73 1282786952  
3 
1  0 1822669009  
3 
1  89 247610065  
4 
1  85 1625788405  
1  71 917312393  
3 
1  68 367384287  
2  0 
3 
3 
4 
3 
2  0 
3 
4 
1  87 901596558  
3 
4 
4 
4 
3 
2  0 
4 
2  86 
2  0 
4 
3 
4 
4 
2  0 
3 
4 
2  13 
3 
1  0 1449504650  
1  54 1272443259  
4 
2  66 
3 
1  21 1685236660  
1  66 1615128638  
2  0 
4 
4 
4 
4 
2  86 
4 
4 
2  0 
1  0 829454287  
3 
2  45 
4 
3 
1  0 905590288  
4 
3 
1  97 342624218  
2  21 
2  13 
3 
2  0 
4 
2  32 
4 
1  55 949739988  
1  0 235552682  
1  0 1212082659  
1  47 1961662503  
1  44 1007356879  
4 
4 
1  0 2062364175  
4 
3 
4 
4 
3 
4 
4 
4 
4 
3 
3 
1  52 871736623  
3 
1  0 699976770  
3 
4 
3 
3 
3 
4 
3 
1  0 1855448583  
2  98 
1  0 597964091  
2  0 
3 
1  90 509972960  
4 
1  54 1717590890  
2  73 
2  22 
4 
4 
4 
2  36 
2  13 
3 
2  0 
4 
2  0 
2  12 
1  91 35618914  
2  0 
1  0 933180265  
2  47 
1  0 1119407101  
1  0 517934068  
3 
4 
2  35 
2  82 
2  0 
4 
2  17 
4 
1  77 356213353  
1  0 254710405  
4 
3 
1  34 193119429  
3 
1  56 603823418  
3 
3 
2  72 
4 
3 
1  0 1880498811  
4 
1  21 1110431822  
2  83 
1  2 971207705  
2  0 
1  0 634611721  
1  0 412452824  
2  0 
1  86 96167317  
1  0 172364734  
4 
4 
1  0 2027581462  
2  9 
1  0 925621604  
1  0 1077955022  
4 
1  3 222722032  
2  71 
3 
3 
1  18 1875361593  
1  90 1313507704  
2  83 
3 
3 
2  55 
4 
1  0 1434804691  
1  0 1689540448  
4 
2  20 
2  0 
4 
1  0 173380935  
2  11 
3 
3 
3 
2  0 
1  64 1349685219  
1  0 413793424  
4 
3 
1  0 873357705  
4 
3 
3 
1  0 1057650154  
1  0 1011757515  
2  0 
1  81 1383330666  
4 
4 
3 
1  25 627757397  
4 
3 
3 
4 
2  0 
1  56 1047376430  
3 
4 
4 
1  96 169027283  
2  31 
3 
4 
1  89 1747164498  
3 
2  23 
4 
4 
3 
1  0 1565310498  
1  45 525240637  
1  72 2001874904  
2  63 
4 
3 
2  70 
2  52 
2  0 
1  0 1758429927  
2  0 
2  0 
3 
3 
2  0 
2  0 
2  24 
2  91 
1  0 1129064055  
3 
1  0 1734890067  
3 
4 
4 
1  0 721378101  
1  1 2100271761  
3 
1  0 222018140  
2  0 
1  51 1133830925  
2  17 
3 
4 
1  4 48955430  
1  0 394382874  
1  30 1013928740  
4 
1  29 974577034  
3 
1  0 1472337897  
4 
2  0 
2  0 
1  57 1236650772  
4 
1  18 702454979  
1  3 638361953  
1  0 523971816  
4 
1  20 244511780  
3 
3 
2  0 
3 
1  0 811742889  
2  55 
1  0 1873657035  
4 
1  47 658305204  
3 
4 
2  64 
2  0 
2  0 
2  0 
4 
2  44 
3 
3 
1  0 1685100594  
1  0 783823541  
4 
2  29 
4 
1  99 1670062719  
1  0 920947612  
4 
2  0 
3 
1  84 1411580938  
2  0 
4 
2  0 
3 
1  21 569955501  
1  87 1089974896  
4 
4 
2  0 
3 
4 
1  43 1011261789  
4 
2  0 
1  65 2135265999  
2  11 
1  0 1615215533  
3 
2  0 
4 
1  47 865653045  
2  77 
3 
2  0 
3 
3 
2  0 
2  60 
1  75 1746212278  
4 
3 
4 
1  0 596795940  
3 
2  30 
2  78 
2  0 
2  74 
3 
2  0 
3 
4 
2  0 
1  0 453059464  
4 
3 
2  0 
1  11 320106731  
4 
1  0 549584053  
3 
3 
2  4 
4 
1  0 675077604  
1  3 1453937657  
2  51 
1  2 598539483  
3 
2  0 
2  95 
1  0 1069460479  
4 
2  17 
1  71 320382749  
2  92 
1  0 1573116518  
4 
2  7 
4 
2  98 
3 
3 
1  94 394314728  
2  0 
3 
3 
4 
3 
3 
1  0 1557033521  
4 
2  0 
4 
1  0 128087849  
3 
3 
3 
3 
4 
2  0 
3 
1  0 1032676681  
1  0 2081005337  
4 
1  0 372599629  
2  0 
4 
1  0 1844419570  
1  44 1807178724  
4 
4 
3 
4 
4 
1  0 1030904833  
1  0 1382036517  
1  28 443518618  
1  74 553483905  
2  42 
3 
2  44 
2  0 
2  72 
4 
2  14 
4 
1  33 155500481  
3 
4 
1  97 1855099556  
3 
2  62 
3 
3 
4 
2  0 
2  9 
2  0 
1  0 1123439406  
4 
4 
2  0 
4 
1  0 1245475377  
1  29 718877697  
3 
4 
3 
4 
3 
3 
4 
4 
3 
1  44 1111221758  
3 
2  32 
4 
2  0 
3 
1  0 713207262  
1  0 1584530742  
1  0 709950388  
1  0 1310003203  
4 
2  37 
3 
3 
2  0 
1  0 2037590206  
4 
3 
4 
1  0 1030057120  
4 
3 
1  0 1859587256  
3 
4 
1  28 565184163  
2  59 
3 
3 
4 
3 
1  70 336511129  
4 
1  0 310643092  
2  0 
1  0 1634644642  
4 
3 
1  0 656893878  
4 
2  76 
1  0 1883759610  
4 
1  7 2028959370  
1  37 66443751  
1  0 2011847459  
2  77 
1  0 914152403  
1  0 2147449089  
3 
4 
4 
2  0 
2  94 
1  0 236963441  
4 
2  0 
2  81 
4 
3 
1  87 611088326  
3 
3 
4 
2  0 
2  0 
4 
4 
3 
3 
4 
4 
3 
3 
4 
2  97 
1  0 1807144165  
1  31 1267868274  
2  0 
1  0 1993124843  
1  62 103179135  
4 
2  43 
3 
1  1 1821352179  
2  0 
1  0 1141676  
3 
4 
2  0 
2  99 
4 
4 
2  0 
3 
4 
3 
4 
2  76 
2  56 
3 
1  54 1958278692  
2  0 
3 
2  0 
3 
1  0 797307938  
3 
1  0 1246617054  
2  0 
4 
1  0 529672741  
3 
3 
4 
4 
2  0 
2  49 
1  100 1908529696  
4 
2  0 
3 
3 
1  0 1959824316  
4 
4 
4 
2  80 
4 
3 
4 
1  0 2114203484  
1  60 470996436  
4 
4 
1  0 1122343871  
3 
1  0 2004310042  
4 
1  97 1501053556  
3 
4 
2  0 
3 
1  0 834447480  
1  0 422010557  
2  0 
3 
3 
3 
2  20 
1  29 1837564685  
2  38 
1  36 1145090572  
2  81 
3 
4 
1  85 2056655199  
4 
1  89 346974915  
4 
3 
1  0 881366534  
2  0 
2  71 
4 
1  0 1938130921  
4 
2  95 
1  0 413418667  
2  30 
4 
3 
4 
1  0 745730345  
1  0 704799677  
2  0 
2  0 
3 
3 
4 
4 
1  50 413384108  
1  8 982693786  
3 
2  0 
4 
2  0 
1  0 1315888003  
1  0 73044625  
3 
2  16 
1  28 103078413  
1  0 1161529198  
2  64 
1  29 176223761  
2  98 
3 
3 
1  99 1924430592  
4 
2  0 
1  54 1162670874  
2  16 
3 
3 
2  0 
4 
3 
2  82 
4 
1  0 2134502453  
2  92 
2  93 
1  32 574254882  
3 
3 
3 
1  2 261804280  
3 
3 
4 
2  99 
4 
3 
2  48 
1  0 516691546  
1  0 335300930  
3 
1  0 74144949  
2  30 
4 
1  0 483411382  
3 
3 
2  0 
4 
2  0 
4 
3 
2  65 
4 
2  0 
4 
4 
4 
4 
3 
4 
3 
3 
1  45 806297367  
4 
2  0 
3 
4 
1  72 1196488820  
2  93 
3 
4 
1  0 340237777  
1  0 159867275  
2  2 
1  0 2030936300  
2  92 
2  0 
3 
3 
3 
2  75 
1  0 762248334  
2  0 
1  0 1997431961  
3 
2  19 
2  4 
1  22 1028543224  
3 
1  51 671419886  
1  0 196923228  
2  32 
3 
1  0 1909909758  
3 
3 
1  72 462067159  
4 
1  0 610341895  
1  0 508156456  
4 
3 
1  0 1166866836  
3 
2  60 
2  59 
4 
2  41 
3 
4 
4 
4 
4 
4 
4 
3 
1  0 1023726003  
3 
1  0 1490850242  
2  27 
4 
3 
4 
3 
1  0 335271191  
4 
3 
4 
1  0 1096770629  
1  0 1593928655  
4 
4 
4 
2  0 
1  0 1496800389  
4 
3 
2  0 
2  0 
2  6 
4 
4 
4 
2  0 
1  30 1272994390  
3 
2  0 
3 
1  63 1370875600  
3 
4 
1  0 511987616  
2  88 
4 
1  22 1260013195  
3 
3 
2  39 
4 
4 
1  0 1945130482  
3 
2  4 
2  0 
3 
4 
4 
3 
1  100 773791896  
4 
1  0 1776704741  
3 
3 
2  0 
4 
4 
4 
3 
3 
1  0 132947765  
1  24 847936845  
2  89 
4 
4 
3 
2  30 
3 
3 
3 
4 
2  29 
2  0 
4 
3 
1  25 112632476  
2  65 
2  0 
1  89 939245132  
3 
3 
2  0 
2  31 
1  0 2044425666  
3 
1  75 452870253  
1  50 1099112407  
2  92 
2  33 
2  84 
2  28 
3 
2  52 
4 
4 
3 
4 
4 
4 
4 
3 
3 
4 
2  0 
1  93 1927878318  
2  0 
1  91 1215118587  
4 
2  25 
1  0 949060720  
4 
2  0 
3 
3 
4 
3 
3 
1  34 808937895  
3 
3 
1  0 1886538473  
1  0 1145983949  
1  0 571364005  
3 
1  0 201121985  
2  0 
3 
2  85 
1  42 1756325844  
3 
2  0 
1  0 1079520461  
3 
4 
1  81 1367988821  
4 
4 
3 
1  8 632568200  
2  0 
1  55 422887056  
3 
3 
2  0 
3 
2  70 
1  0 1703260013  
4 
1  7 1729338829  
1  0 2016815711  
2  0 
2  61 
3 
4 
2  0 
1  0 1052576754  
2  61 
3 
4 
2  0 
3 
3 
1  0 854849571  
3 
3 
2  50 
1  22 1240207663  
2  0 
1  77 1564564370  
3 
4 
4 
2  16 
1  0 2114862766  
4 
4 
3 
3 
1  0 1037854498  
2  0 
1  0 190872619  
1  0 1744083859  
2  0 
4 
1  0 1170802263  
4 
1  10 1038809464  
4 
4 
3 
1  0 1856716335  
4 
1  0 2110047395  
4 
2  75 
2  77 
4 
4 
4 
4 
1  0 935751482  
1  0 162102940  
1  62 1061676154  
3 
2  0 
3 
1  0 716146153  
1  63 1377221528  
4 
4 
3 
1  0 2010736875  
4 
4 
3 
4 
4 
4 
4 
4 
4 
4 
4 
4 
2  70 
3 
4 
3 
2  31 
1  0 1525084048  
4 
2  59 
1  49 1116276353  
1  0 1009237176  
4 
4 
2  23 
1  77 2096448053  
1  0 1317398338  
2  0 
4 
4 
1  26 618079372  
4 
3 
3 
2  0 
2  0 
4 
3 
2  47 
2  0 
4 
1  0 1028484867  
2  21 
1  0 537903512  
1  3 1250647572  
4 
2  0 
1  79 1451371923  
1  0 93679877  
2  0 
4 
1  23 832502753  
3 
3 
4 
1  16 1320703986  
2  90 
2  0 
4 
2  32 
4 
2  0 
4 
4 
3 
2  73 
3 
1  0 1146256631  
1  25 1687352324  
2  2 
1  0 413428002  
1  81 563337354  
4 
1  68 1654731442  
3 
1  3 1451282500  
4 
4 
1  35 754209973  
3 
2  0 
2  75 
4 
1  32 1251331654  
2  86 
2  85 
3 
1  0 474601115  
3 
2  75 
1  0 1793019437  
4 
4 
2  63 
3 
1  77 960564341  
2  0 
1  25 437164862  
3 
2  0 
3 
4 
2  58 
4 
3 
1  0 581287272  
3 
1  0 1122667282  
2  54 
3 
1  0 1498841016  
2  0 
1  0 1297433425  
4 
3 
3 
4 
2  0 
3 
1  56 352405162  
3 
1  0 1362094243  
2  18 
1  0 675033825  
2  0 
4 
4 
1  7 1468681515  
1  71 223847771  
1  81 623998230  
4 
1  0 638596206  
3 
4 
1  75 841927144  
3 
4 
3 
4 
2  0 
4 
3 
2  14 
1  0 1652483097  
4 
3 
3 
2  0 
2  95 
2  73 
1  0 1176499718  
4 
4 
1  55 2092574716  
2  0 
1  5 956371372  
1  0 1270179595  
1  26 777593822  
4 
3 
1  89 129591711  
3 
3 
3 
1  0 268952578  
2  17 
3 
1  13 317462498  
4 
2  0 
4 
4 
3 
1  0 543019713  
4 
3 
1  91 832289932  
4 
4 
1  65 1972193941  
3 
4 
3 
4 
1  0 1994302213  
1  5 1586499905  
2  0 
3 
4 
1  0 1076041947  
2  0 
3 
3 
1  0 321419680  
1  0 1232035695  
2  0 
1  98 2036606288  
1  0 758584542  
4 
4 
4 
2  0 
2  83 
2  11 
4 
2  0 
1  11 1813322967  
2  98 
3 
2  54 
3 
1  76 1011789922  
2  35 
4 
1  21 109941910  
1  19 963272744  
2  0 
3 
2  0 
3 
1  71 1364195084  
3 
4 
4 
2  0 
1  0 1472036154  
3 
1  71 1638306569  
3 
1  55 685392952  
1  0 1695883925  
3 
3 
2  75 
3 
1  0 114821151  
1  46 1323989158  
4 
1  67 390327421  
4 
4 
3 
3 
2  0 
1  0 1767304249  
4 
1  0 353005228  
2  0 
3 
1  0 335418490  
4 
3 
4 
2  7 
3 
4 
2  95 
2  77 
4 
4 
1  0 576191973  
1  27 1623184823  
2  0 
3 
2  0 
4 
4 
1  33 1113012312  
2  72 
4 
2  0 
1  81 705783684  
4 
4 
4 
1  38 1892137401  
2  30 
2  73 
3 
1  58 1430474810  
1  68 1248803397  
1  18 576943686  
4 
4 
2  0 
1  78 1255185103  
3 
2  74 
3 
4 
3 
1  63 1095621962  
1  13 15959943  
2  0 
3 
1  81 183743402  
1  75 1417041642  
2  0 
3 
2  29 
1  0 1247995638  
4 
2  0 
3 
1  0 72866043  
4 
3 
3 
3 
3 
2  0 
2  0 
3 
4 
4 
3 
2  53 
2  61 
4 
1  24 28142536  
1  0 913834957  
4 
2  51 
4 
4 
2  0 
3 
1  0 1084655965  
2  4 
4 
2  0 
3 
4 
1  0 138084447  
1  0 1877107701  
4 
1  0 301367402  
3 
2  91 
3 
4 
3 
2  78 
4 
1  0 1610120601  
3 
4 
2  0 
4 
4 
4 
2  0 
1  0 1367930622  
2  0 
2  8 
2  38 
3 
2  43 
2  17 
2  20 
1  66 986760354  
1  48 1158520878  
1  0 1482751774  
1  0 163265864  
1  0 1548848300  
4 
1  0 1102572375  
2  0 
2  0 
3 
4 
1  14 516271092  
1  0 1884266790  
4 
4 
3 
1  0 1678764348  
1  86 2139455915  
1  0 849795454  
2  38 
4 
3 
2  16 
4 
4 
4 
2  18 
4 
3 
3 
1  0 237064385  
1  0 1884109668  
3 
2  98 
2  6 
3 
3 
3 
1  39 132786616  
1  0 1485867782  
1  0 313569706  
3 
4 
2  62 
4 
1  97 1387971720  
4 
1  0 434006097  
2  19 
2  0 
3 
3 
3 
1  0 329529650  
2  90 
3 
4 
3 
3 
2  28 
1  69 1571715122  
1  0 1851047739  
3 
4 
3 
3 
4 
4 
3 
4 
4 
2  45 
1  0 1577525288  
4 
2  0 
3 
1  0 1644581165  
2  85 
2  0 
4 
4 
3 
2  41 
3 
3 
3 
2  87 
4 
4 
3 
2  73 
2  45 
4 
2  4 
3 
4 
2  0 
1  18 1879190276  
3 
3 
3 
1  0 343876598  
1  0 581753483  
3 
3 
3 
2  96 
1  0 2017274723  
3 
3 
3 
1  0 73500651  
1  29 883120885  
2  0 
3 
2  11 
3 
2  17 
1  0 1479911676  
4 
3 
4 
4 
1  0 1441431274  
2  17 
4 
2  0 
1  0 1869881239  
2  39 
1  0 490948906  
1  0 776699400  
2  51 
3 
3 
1  94 2033147103  
2  0 
1  0 2039797206  
3 
3 
1  25 1879271775  
4 
1  0 401934547  
2  45 
1  36 1776580348  
2  0 
1  79 1410552475  
1  0 393906814  
1  0 478892154  
1  73 1647616860  
4 
3 
4 
2  35 
2  0 
1  0 130532834  
1  100 611678771  
4 
1  70 986000995  
2  93 
3 
3 
4 
2  88 
3 
2  5 
4 
1  58 444102541  
4 
3 
3 
3 
4 
1  0 1999650491  
3 
4 
3 
3 
1  56 1420007092  
3 
2  0 
2  2 
3 
3 
3 
1  0 773632191  
2  0 
3 
4 
2  0 
1  0 1423881965  
1  0 1123571183  
1  0 203673831  
1  0 920979483  
1  0 855277811  
3 
4 
3 
3 
2  0 
4 
2  93 
2  28 
3 
2  73 
4 
2  12 
1  23 547550429  
2  33 
2  0 
3 
2  0 
2  26 
1  7 1502732966  
3 
4 
3 
3 
3 
3 
2  0 
3 
3 
3 
3 
3 
4 
1  56 725068886  
2  94 
2  55 
4 
3 
4 
4 
1  25 621051081  
2  0 
4 
4 
4 
4 
1  0 238370203  
4 
2  61 
1  0 57496914  
3 
2  70 
1  3 2062482355  
4 
3 
3 
1  0 2108251442  
3 
4 
3 
1  0 548445821  
4 
2  48 
3 
3 
4 
2  0 
3 
1  88 691698107  
1  0 1993914897  
1  27 440759379  
4 
4 
1  0 423486234  
3 
1  0 248365796  
4 
3 
2  0 
1  0 69856080  
1  39 1834038709  
4 
1  94 642272610  
4 
1  0 548748234  
3 
2  80 
1  0 1334171922  
4 
4 
2  0 
3 
1  0 772805444  
3 
3 
4 
1  0 1160427005  
1  0 172689269  
4 
3 
3 
4 
3 
4 
2  49 
4 
1  0 1216907985  
2  0 
2  48 
1  0 1012593848  
1  41 1592696361  
3 
1  0 1990540176  
3 
1  0 288992166  
3 
4 
3 
2  0 
4 
1  88 568783896  
4 
1  0 46730360  
1  0 1209971649  
1  66 1424061708  
1  0 594280789  
4 
2  7 
1  0 565220967  
3 
3 
2  0 
3 
3 
3 
4 
3 
3 
3 
1  56 1646946  
2  0 
1  0 1215331870  
3 
1  61 803591170  
2  27 
4 
1  0 59143861  
1  0 1130330577  
4 
2  0 
4 
1  12 764358964  
1  50 607589682  
3 
3 
2  60 
1  18 1822028684  
1  0 610790213  
4 
2  0 
3 
4 
2  60 
2  32 
3 
3 
2  93 
3 
4 
1  0 1048349061  
3 
2  51 
1  0 98031270  
1  84 859156009  
4 
3 
3 
3 
3 
3 
1  37 1118205141  
4 
1  0 1932069980  
3 
2  0 
4 
3 
1  100 1501428619  
1  95 1666953376  
3 
2  0 
1  0 1118758254  
2  68 
1  62 126750415  
4 
2  0 
3 
3 
1  83 679896733  
1  0 1291447523  
2  0 
3 
4 
4 
4 
2  0 
3 
1  27 1343658401  
2  50 
3 
2  58 
1  82 1692490582  
2  0 
1  39 736660236  
1  0 1186714929  
1  0 1981482748  
2  0 
2  0 
3 
1  0 1305444132  
3 
2  0 
3 
1  85 1233445289  
3 
1  5 1043970749  
2  0 
1  5 582022192  
4 
1  98 1827726079  
4 
4 
1  16 1609191716  
3 
2  89 
4 
4 
1  38 583669139  
3 
1  0 895574301  
4 
4 
2  49 
3 
4 
1  0 265299238  
3 
1  6 642813000  
4 
4 
4 
2  0 
3 
4 
4 
4 
1  0 2025904879  
1  60 1029658202  
3 
2  67 
2  0 
2  0 
4 
2  25 
4 
1  92 1250402682  
1  0 1700449915  
2  97 
3 
1  0 1640448415  
1  73 151268095  
1  0 1798481186  
4 
1  49 352120776  
4 
4 
2  0 
3 
4 
1  10 1269473237  
3 
3 
2  0 
2  44 
1  0 1583067518  
1  13 1853549395  
3 
3 
3 
1  0 788942965  
1  85 554342124  
1  0 1980299810  
2  73 
1  0 1468839698  
2  47 
4 
2  0 
1  0 1845789647  
2  74 
3 
3 
2  0 
3 
3 
2  41 
3 
3 
1  29 1176474563  
1  5 1013846632  
1  0 434966235  
1  21 215705845  
2  74 
3 
1  67 847845732  
2  10 
